timestamp,duration_ms
1780456749,219.655350
1780456749,218.983733
1780456749,218.942159
1780456749,219.239664
1780456749,219.278560
1780456749,219.348391
1780456749,219.475085
1780456749,219.782301
1780456749,219.864097
1780456749,221.647260
1780456749,222.398717
1780456749,222.578861
1780456749,222.708402
1780456749,222.894321
1780456749,223.246873
1780456749,223.482691
1780456749,223.691545
1780456749,222.880729
1780456749,102.790158
1780456749,102.919133
1780456749,103.629305
1780456749,103.894512
1780456749,103.837286
1780456749,104.187834
1780456749,104.178227
1780456749,103.563136
1780456749,103.714164
1780456749,104.156738
1780456749,105.144576
1780456749,106.244947
1780456749,105.776380
1780456749,105.874017
1780456749,106.066296
1780456749,104.851716
1780456749,105.034064
1780456749,106.262746
1780456749,105.435813
1780456749,105.022796
1780456749,105.258515
1780456749,105.652423
1780456749,105.960905
1780456749,106.401029
1780456749,105.526192
1780456749,106.684497
1780456749,106.034606
1780456749,107.501066
1780456749,107.733308
1780456749,108.014966
1780456749,107.920234
1780456749,108.730845
1780456749,108.669582
1780456749,108.151966
1780456749,108.843980
1780456749,107.600474
1780456749,107.849731
1780456749,109.391248
1780456749,109.490871
1780456749,107.970099
1780456749,109.339930
1780456749,108.174826
1780456749,109.030542
1780456749,109.777399
1780456749,109.145799
1780456749,109.803219
1780456749,110.500476
1780456749,110.096052
1780456749,110.735829
1780456749,110.668678
1780456749,110.121527
1780456749,111.197535
1780456749,108.724041
1780456749,112.710449
1780456749,112.698638
1780456749,113.011629
1780456749,112.896659
1780456749,112.817236
1780456749,113.209830
1780456749,113.030911
1780456749,113.696058
1780456749,113.463840
1780456749,113.460760
1780456749,114.273039
1780456749,113.788615
1780456749,111.471059
1780456749,113.953998
1780456749,113.797288
1780456749,113.665339
1780456749,113.994801
1780456749,111.790442
1780456749,114.262357
1780456749,114.522556
1780456749,111.483173
1780456749,114.629151
1780456749,114.711808
1780456749,111.658022
1780456749,114.653722
1780456749,114.512500
1780456749,114.775969
1780456749,114.834004
1780456749,113.279890
1780456749,114.947505
1780456749,114.936267
1780456749,114.139903
1780456749,112.689922
1780456749,115.230293
1780456749,114.858576
1780456749,112.357837
1780456749,115.183409
1780456749,115.743610
1780456749,115.131770
1780456749,113.366032
1780456749,115.327006
1780456749,116.070538
1780456749,112.775508
1780456749,115.175231
1780456749,113.216321
1780456749,116.247599
1780456749,113.488354
1780456749,115.895422
1780456749,113.970189
1780456749,114.002070
1780456749,113.822494
1780456749,116.402817
1780456749,114.735533
1780456749,114.608813
1780456749,116.392063
1780456749,114.223691
1780456749,113.980437
1780456749,116.339424
1780456749,113.750440
1780456749,116.858213
1780456749,114.492769
1780456749,114.192789
1780456749,115.319082
1780456749,116.663347
1780456749,114.037983
1780456749,113.518197
1780456749,117.362609
1780456749,115.001944
1780456749,114.915796
1780456749,114.682767
1780456749,117.165424
1780456749,115.064271
1780456749,117.387167
1780456749,115.325976
1780456749,114.427284
1780456749,113.299622
1780456749,115.843231
1780456749,114.441115
1780456749,118.051583
1780456749,115.332430
1780456749,116.343690
1780456749,115.930943
1780456749,116.965439
1780456749,118.061557
1780456749,118.493224
1780456749,114.676198
1780456749,114.824188
1780456749,116.838291
1780456749,116.598317
1780456749,117.682969
1780456749,117.603001
1780456749,117.259565
1780456749,118.744175
1780456749,118.789859
1780456749,115.408030
1780456749,118.944349
1780456749,117.065704
1780456749,116.759015
1780456749,119.053264
1780456749,117.642831
1780456749,119.068428
1780456749,119.974495
1780456749,118.290175
1780456749,115.909987
1780456749,115.970849
1780456749,117.723249
1780456749,118.008273
1780456749,117.743468
1780456749,119.149154
1780456749,117.443823
1780456749,119.700628
1780456749,120.542488
1780456749,114.206957
1780456749,116.536835
1780456749,118.208148
1780456749,116.568070
1780456749,118.865379
1780456749,116.733226
1780456749,120.108542
1780456749,115.822117
1780456749,116.585548
1780456749,118.080368
1780456749,116.397604
1780456749,116.674922
1780456749,116.806929
1780456749,117.428520
1780456749,119.767744
1780456749,120.039489
1780456749,116.282174
1780456749,119.075669
1780456749,112.836540
1780456749,117.632248
1780456749,117.505448
1780456749,114.055651
1780456749,114.863310
1780456749,113.716387
1780456749,118.765568
1780456749,114.191103
1780456749,117.793540
1780456749,118.715962
1780456749,118.924633
1780456749,113.977093
1780456749,113.333463
1780456749,118.211330
1780456749,114.127687
1780456749,115.362425
1780456749,114.389542
1780456749,118.235739
1780456749,119.241027
1780456749,114.479615
1780456749,118.415308
1780456749,121.020745
1780456749,121.619329
1780456749,121.134511
1780456749,114.222486
1780456749,121.144103
1780456749,118.825667
1780456749,118.721616
1780456749,119.498572
1780456749,113.767792
1780456749,114.986957
1780456749,118.132128
1780456749,119.928902
1780456749,115.098568
1780456749,116.685879
1780456749,116.319505
1780456749,119.588772
1780456749,119.208500
1780456749,115.121631
1780456749,118.342084
1780456749,120.091036
1780456749,121.306850
1780456749,122.259274
1780456749,121.369098
1780456749,119.710646
1780456749,115.828108
1780456749,116.573586
1780456749,120.559831
1780456749,121.814663
1780456749,122.550833
1780456749,121.783171
1780456749,117.109656
1780456749,120.286551
1780456749,120.238132
1780456749,116.720153
1780456749,116.247576
1780456749,113.639510
1780456749,120.487472
1780456749,117.358216
1780456749,120.305449
1780456749,116.811476
1780456749,120.482048
1780456749,116.719939
1780456749,123.318009
1780456749,121.679597
1780456749,124.354115
1780456749,121.634285
1780456749,121.724978
1780456749,117.007803
1780456749,117.314591
1780456749,118.285223
1780456749,118.977447
1780456749,121.177406
1780456749,123.831162
1780456749,122.606106
1780456749,117.590211
1780456749,119.320827
1780456749,119.152986
1780456749,125.256973
1780456749,118.216993
1780456749,125.391298
1780456749,119.651110
1780456749,118.972198
1780456749,119.083760
1780456749,119.867203
1780456749,123.484854
1780456749,120.489168
1780456749,120.673482
1780456749,120.142332
1780456749,119.652811
1780456749,119.625895
1780456749,119.868843
1780456749,121.255001
1780456749,124.175181
1780456749,124.467775
1780456749,120.955323
1780456749,120.250918
1780456749,121.103400
1780456749,124.766482
1780456749,124.742895
1780456749,120.523787
1780456749,121.896310
1780456749,125.906144
1780456749,120.928376
1780456749,120.841460
1780456749,117.777639
1780456749,120.997819
1780456749,122.626921
1780456749,123.207088
1780456749,122.276483
1780456749,121.767989
1780456749,123.146783
1780456749,122.526298
1780456749,123.377866
1780456749,133.824160
1780456749,122.490729
1780456749,122.413312
1780456749,132.389816
1780456749,133.513933
1780456749,132.152826
1780456749,133.205304
1780456749,132.080715
1780456749,133.603202
1780456749,133.580392
1780456749,131.767361
1780456749,132.339835
1780456749,131.737816
1780456749,129.053707
1780456749,132.054839
1780456749,129.062800
1780456749,131.868989
1780456749,131.711426
1780456749,119.446532
1780456749,131.862579
1780456749,132.442765
1780456749,129.522230
1780456749,132.435428
1780456749,129.478599
1780456749,132.402999
1780456749,132.611146
1780456749,129.705700
1780456749,132.597827
1780456749,132.418376
1780456749,130.518105
1780456749,129.972995
1780456749,131.440742
1780456749,132.323692
1780456749,131.999539
1780456749,132.169253
1780456749,130.347314
1780456749,133.017053
1780456749,132.638695
1780456749,129.394630
1780456749,132.586983
1780456749,121.088316
1780456749,131.489124
1780456749,129.239596
1780456749,133.659762
1780456749,120.122235
1780456749,133.618313
1780456749,133.029512
1780456749,128.363017
1780456749,133.885574
1780456749,124.988430
1780456749,124.852419
1780456749,129.798970
1780456749,120.523686
1780456749,128.793277
1780456749,129.042863
1780456749,130.685887
1780456749,129.989230
1780456749,131.502278
1780456749,131.641491
1780456749,130.314628
1780456749,130.310801
1780456749,131.077733
1780456749,123.472848
1780456749,131.872568
1780456749,131.132399
1780456749,132.694429
1780456749,129.303585
1780456749,130.667445
1780456749,129.421927
1780456749,131.393482
1780456749,132.762866
1780456749,121.772183
1780456749,132.997600
1780456749,125.013024
1780456749,124.678023
1780456749,133.206395
1780456749,125.679277
1780456749,125.972291
1780456749,122.411125
1780456749,125.456027
1780456749,131.782143
1780456749,131.989911
1780456749,131.894262
1780456749,125.876564
1780456749,125.797534
1780456749,130.437124
1780456749,125.838536
1780456749,132.408517
1780456749,125.512998
1780456749,126.720706
1780456749,122.376744
1780456749,125.930887
1780456749,127.222947
1780456749,132.111711
1780456749,131.127256
1780456749,130.313936
1780456749,122.390455
1780456749,122.535556
1780456749,130.743218
1780456749,127.025821
1780456749,122.192401
1780456749,127.586381
1780456749,130.418021
1780456749,125.268592
1780456749,130.741072
1780456749,120.636394
1780456749,131.223724
1780456749,125.951974
1780456749,131.010345
1780456749,130.522817
1780456749,128.025513
1780456749,123.910782
1780456749,131.192988
1780456749,126.758897
1780456749,132.064644
1780456749,131.638216
1780456749,130.782469
1780456749,133.976820
1780456749,131.616097
1780456749,127.563720
1780456749,130.699140
1780456749,127.432586
1780456749,127.686819
1780456749,124.173646
1780456749,130.820129
1780456749,133.989709
1780456749,132.129044
1780456749,134.227199
1780456749,128.541920
1780456749,131.889755
1780456749,128.471541
1780456749,132.081963
1780456749,127.083726
1780456749,124.528539
1780456749,127.027267
1780456749,124.255528
1780456749,132.556011
1780456749,126.069119
1780456749,132.524470
1780456749,126.162848
1780456749,129.528221
1780456749,125.752300
1780456749,126.931643
1780456749,128.660336
1780456749,133.432240
1780456749,132.989500
1780456749,128.939174
1780456749,124.723870
1780456749,124.999020
1780456749,126.329010
1780456749,129.014586
1780456749,132.540731
1780456749,134.457119
1780456749,125.176005
1780456749,130.142820
1780456749,125.107907
1780456749,125.293083
1780456749,126.678474
1780456749,129.936951
1780456749,133.107310
1780456749,129.490056
1780456749,130.508057
1780456749,130.056994
1780456749,126.996170
1780456749,130.463898
1780456749,134.537523
1780456749,130.817846
1780456749,130.022268
1780456749,127.224179
1780456749,124.752552
1780456749,127.534652
1780456749,130.507953
1780456749,130.936314
1780456749,131.107636
1780456749,130.650358
1780456749,132.395558
1780456749,127.788025
1780456749,127.020045
1780456749,127.630806
1780456749,127.572837
1780456749,132.710474
1780456749,131.694064
1780456749,126.773563
1780456749,125.493749
1780456749,131.818070
1780456749,128.005723
1780456749,131.042378
1780456749,127.469560
1780456749,125.418207
1780456749,131.377229
1780456749,135.936736
1780456749,142.872055
1780456749,126.287169
1780456749,138.298554
1780456749,131.485597
1780456749,142.679137
1780456749,132.366607
1780456749,126.191996
1780456749,128.938454
1780456749,133.725697
1780456749,133.612527
1780456749,132.209349
1780456749,132.680020
1780456749,143.338781
1780456749,132.551546
1780456749,133.799896
1780456749,126.549440
1780456749,132.805132
1780456749,127.366639
1780456749,133.024244
1780456749,133.033071
1780456749,143.934554
1780456749,133.114518
1780456749,128.413637
1780456749,134.157094
1780456749,133.400576
1780456749,128.029099
1780456749,129.891364
1780456749,134.559383
1780456749,133.330668
1780456749,133.519906
1780456749,134.462264
1780456749,144.217919
1780456749,130.245210
1780456749,134.626723
1780456749,135.101382
1780456749,133.277251
1780456749,136.800656
1780456749,133.845686
1780456749,128.496496
1780456749,144.555856
1780456749,130.014011
1780456749,130.629663
1780456749,144.711103
1780456749,128.650949
1780456749,130.192766
1780456749,127.902952
1780456749,134.403033
1780456749,135.299989
1780456749,134.479499
1780456749,131.038410
1780456749,129.030058
1780456749,135.576467
1780456749,146.155393
1780456749,139.348526
1780456749,145.438459
1780456749,146.201736
1780456749,128.754825
1780456749,137.049133
1780456749,129.654245
1780456749,145.808640
1780456749,131.406134
1780456749,133.166535
1780456749,133.170493
1780456749,132.076323
1780456749,131.637681
1780456749,146.088681
1780456749,133.364220
1780456749,131.833442
1780456749,140.541631
1780456749,133.561895
1780456749,130.467274
1780456749,131.410429
1780456749,137.105516
1780456749,136.204238
1780456749,147.699793
1780456749,147.712537
1780456749,138.282940
1780456749,137.362252
1780456749,147.025390
1780456749,138.465923
1780456749,141.151430
1780456749,134.181177
1780456749,133.048660
1780456749,131.889623
1780456749,131.282752
1780456749,134.016595
1780456749,134.609795
1780456749,138.821594
1780456749,134.302562
1780456749,134.560176
1780456749,134.936237
1780456749,139.047406
1780456749,148.385207
1780456749,139.175383
1780456749,141.758478
1780456749,133.946494
1780456749,139.381314
1780456749,134.941920
1780456749,140.993256
1780456749,132.757719
1780456749,134.273982
1780456749,139.251685
1780456749,139.770231
1780456749,148.933460
1780456749,134.417762
1780456749,139.944965
1780456749,135.291579
1780456749,132.211609
1780456749,149.401918
1780456749,150.095414
1780456749,139.714745
1780456749,139.369633
1780456749,140.313864
1780456749,135.063876
1780456749,133.501223
1780456749,150.276531
1780456749,136.418046
1780456749,136.023655
1780456749,140.919647
1780456749,150.191477
1780456749,137.047087
1780456749,134.393273
1780456749,150.709126
1780456749,136.929334
1780456749,141.060951
1780456749,137.021387
1780456749,137.329778
1780456749,135.571526
1780456749,151.163160
1780456749,134.525829
1780456749,140.926606
1780456749,137.478968
1780456749,137.563456
1780456749,137.697106
1780456749,136.237031
1780456749,141.890468
1780456749,137.177886
1780456749,141.588359
1780456749,137.618721
1780456749,141.462958
1780456749,137.419176
1780456749,151.802928
1780456749,152.108773
1780456749,143.600929
1780456749,138.179325
1780456749,138.295922
1780456749,135.259404
1780456749,135.786736
1780456749,142.294670
1780456749,138.527557
1780456749,153.129339
1780456749,153.229089
1780456749,143.056813
1780456749,150.642182
1780456749,137.854538
1780456749,144.337848
1780456749,152.704947
1780456749,138.809141
1780456749,136.788052
1780456749,143.439252
1780456749,136.810958
1780456749,143.570181
1780456749,153.879981
1780456749,138.356773
1780456749,153.560879
1780456749,144.851115
1780456749,153.787022
1780456749,137.238453
1780456749,137.860104
1780456749,138.479795
1780456749,153.824083
1780456749,154.512357
1780456749,145.265600
1780456749,154.459516
1780456749,142.245741
1780456749,145.314118
1780456749,138.869651
1780456749,139.205668
1780456749,145.300303
1780456749,139.023240
1780456749,154.673283
1780456749,145.381655
1780456749,155.942563
1780456749,141.733018
1780456749,145.198826
1780456749,155.277386
1780456749,155.319483
1780456749,140.856304
1780456749,154.616666
1780456749,154.489308
1780456749,139.657309
1780456749,145.870487
1780456749,139.639310
1780456749,156.484196
1780456749,142.867677
1780456749,145.941990
1780456749,147.412885
1780456749,155.960774
1780456749,147.693064
1780456749,141.331817
1780456749,143.146137
1780456749,143.167740
1780456749,156.886826
1780456749,143.180378
1780456749,156.250216
1780456749,147.709608
1780456749,147.953513
1780456749,156.479713
1780456749,147.955376
1780456749,157.163398
1780456749,139.529629
1780456749,140.550783
1780456749,155.962246
1780456749,148.369382
1780456749,140.559778
1780456749,148.315849
1780456749,157.746046
1780456749,140.803528
1780456749,141.571972
1780456749,144.068863
1780456749,140.822432
1780456749,157.198396
1780456749,157.918864
1780456749,148.789278
1780456749,157.409402
1780456749,141.036201
1780456749,148.842611
1780456749,141.435858
1780456749,157.260037
1780456749,145.128241
1780456749,157.553833
1780456749,158.631830
1780456749,149.102804
1780456749,146.810699
1780456749,157.771146
1780456749,157.550965
1780456749,157.484853
1780456749,146.671838
1780456749,145.811814
1780456749,149.335768
1780456749,157.867098
1780456749,142.135342
1780456749,149.490277
1780456749,140.593509
1780456749,149.555388
1780456749,149.592360
1780456749,149.637179
1780456749,149.642994
1780456749,139.447628
1780456749,142.447663
1780456749,139.549517
1780456749,139.581409
1780456749,160.158459
1780456749,150.882993
1780456749,151.102843
1780456749,150.948128
1780456749,146.416662
1780456749,160.038831
1780456749,150.937705
1780456749,145.542469
1780456749,160.127659
1780456749,150.323360
1780456749,151.056965
1780456749,145.693208
1780456749,145.699470
1780456749,150.531593
1780456749,160.424455
1780456749,145.801794
1780456749,143.735534
1780456749,146.891481
1780456749,145.790069
1780456749,151.658686
1780456749,151.580557
1780456749,161.221408
1780456749,146.082556
1780456749,145.862474
1780456749,151.063889
1780456749,151.806084
1780456749,146.361783
1780456749,151.691199
1780456749,144.666864
1780456749,152.008445
1780456749,146.386260
1780456749,141.558765
1780456749,152.112445
1780456749,146.480791
1780456749,146.271662
1780456749,147.417361
1780456749,161.628904
1780456749,146.511173
1780456749,161.608032
1780456749,151.663402
1780456749,147.039019
1780456749,147.528218
1780456749,146.628582
1780456749,147.673921
1780456749,146.611893
1780456749,147.600414
1780456749,134.635549
1780456749,134.745357
1780456749,152.162326
1780456749,147.478309
1780456749,147.699456
1780456749,162.245515
1780456749,147.522139
1780456749,152.404191
1780456749,147.731844
1780456749,147.855848
1780456749,135.772455
1780456749,135.730557
1780456749,162.589048
1780456749,137.094545
1780456749,147.928827
1780456749,152.713324
1780456749,162.919379
1780456749,137.075900
1780456749,147.960516
1780456749,137.324970
1780456749,163.133460
1780456749,136.471543
1780456749,148.921650
1780456749,137.650925
1780456749,148.976630
1780456749,148.342233
1780456749,163.897839
1780456749,136.223393
1780456749,163.867384
1780456749,137.915474
1780456749,163.605707
1780456749,136.836413
1780456749,149.189832
1780456749,138.320686
1780456749,137.175111
1780456749,138.620244
1780456749,149.388213
1780456749,138.583971
1780456749,138.605698
1780456749,153.388052
1780456749,137.594587
1780456749,138.590183
1780456749,138.725541
1780456749,138.972782
1780456749,164.595536
1780456749,139.305829
1780456749,125.243355
1780456749,164.845596
1780456749,153.597878
1780456749,125.219432
1780456749,165.162603
1780456749,165.098591
1780456749,164.967229
1780456749,126.073296
1780456749,164.587275
1780456749,139.387056
1780456749,164.772018
1780456749,165.511357
1780456749,126.407116
1780456749,139.981084
1780456749,152.922812
1780456749,127.333848
1780456749,140.055206
1780456749,165.019813
1780456749,140.322645
1780456749,127.550775
1780456749,153.030218
1780456749,127.620027
1780456749,127.104282
1780456749,140.656639
1780456749,128.008139
1780456749,167.188676
1780456749,130.751524
1780456749,130.657302
1780456749,149.233950
1780456749,150.380344
1780456749,130.924976
1780456749,130.996393
1780456749,130.948395
1780456749,167.550466
1780456749,166.724374
1780456749,128.745494
1780456749,131.062868
1780456749,153.750933
1780456749,129.053421
1780456749,128.952299
1780456749,130.616910
1780456749,130.601530
1780456749,166.840539
1780456749,131.116141
1780456749,131.075118
1780456749,131.403693
1780456749,158.534501
1780456749,131.077652
1780456749,158.636415
1780456749,131.778041
1780456749,131.702703
1780456749,131.371759
1780456749,131.488188
1780456749,158.847693
1780456749,130.196257
1780456749,131.781938
1780456749,131.894960
1780456749,159.884141
1780456749,132.188101
1780456749,132.403566
1780456749,159.869193
1780456749,132.058143
1780456749,132.678783
1780456749,168.210435
1780456749,132.591285
1780456749,159.922900
1780456749,168.250044
1780456749,130.630681
1780456749,132.631628
1780456749,154.355463
1780456749,130.944733
1780456749,132.339510
1780456749,133.423088
1780456749,154.425576
1780456749,130.706765
1780456749,133.098293
1780456749,160.170710
1780456749,130.313933
1780456749,126.054668
1780456749,154.469742
1780456749,133.524326
1780456749,126.537048
1780456749,133.755469
1780456749,130.244114
1780456749,131.444900
1780456749,150.063318
1780456749,126.703821
1780456749,169.101183
1780456749,155.592842
1780456749,134.217021
1780456749,126.920266
1780456749,153.382465
1780456749,169.316622
1780456749,130.518445
1780456749,155.822738
1780456749,161.866449
1780456749,157.118549
1780456749,142.767046
1780456749,127.771611
1780456749,135.020259
1780456749,156.050161
1780456749,132.511830
1780456749,128.078270
1780456749,162.527190
1780456749,132.807164
1780456749,143.484331
1780456749,128.357081
1780456749,162.311310
1780456749,169.646637
1780456749,156.964749
1780456749,132.896067
1780456749,144.343261
1780456749,128.545252
1780456749,128.563524
1780456749,157.898551
1780456749,128.554051
1780456749,156.552529
1780456749,129.064875
1780456749,145.119768
1780456749,129.657434
1780456749,171.405756
1780456749,126.659949
1780456749,128.962581
1780456749,129.706405
1780456749,144.355685
1780456749,158.558021
1780456749,157.445010
1780456749,133.196419
1780456749,144.707075
1780456749,130.310925
1780456749,130.301683
1780456749,145.189441
1780456749,133.564015
1780456749,127.366722
1780456749,157.617522
1780456749,145.866244
1780456749,127.662555
1780456749,129.839459
1780456749,159.114506
1780456749,127.912113
1780456749,159.155545
1780456749,133.978525
1780456749,164.351208
1780456749,157.996695
1780456749,164.425726
1780456749,147.912285
1780456749,128.368944
1780456749,146.870949
1780456749,128.700937
1780456749,130.881482
1780456749,128.638369
1780456749,147.869513
1780456749,164.761864
1780456749,159.922308
1780456749,160.522201
1780456749,134.959715
1780456749,165.004501
1780456749,138.034483
1780456749,129.385470
1780456749,147.760475
1780456749,138.172155
1780456749,155.018388
1780456749,128.753202
1780456749,138.320911
1780456749,148.099966
1780456749,132.305251
1780456749,128.603206
1780456749,132.110248
1780456749,174.657689
1780456749,161.021034
1780456749,148.202348
1780456749,161.007763
1780456749,137.123819
1780456749,121.587157
1780456749,147.957379
1780456749,161.243709
1780456749,161.235178
1780456749,132.377556
1780456749,161.474996
1780456749,149.843933
1780456749,132.912314
1780456749,148.970324
1780456749,133.215669
1780456749,120.892954
1780456749,149.189751
1780456749,175.521273
1780456749,161.825482
1780456749,161.712545
1780456749,161.843268
1780456749,150.884272
1780456749,137.155061
1780456749,133.854786
1780456749,121.652317
1780456749,150.826577
1780456749,133.334211
1780456749,162.167663
1780456749,121.813292
1780456749,137.285706
1780456749,121.716217
1780456749,151.449829
1780456749,134.738988
1780456749,176.386323
1780456749,151.273733
1780456749,122.175962
1780456749,137.553159
1780456749,134.806792
1780456749,168.593974
1780456749,151.815973
1780456749,138.561277
1780456749,163.090549
1780456749,132.828184
1780456749,163.109398
1780456749,138.546193
1780456749,163.232631
1780456749,134.591766
1780456749,135.524971
1780456749,163.202924
1780456749,138.825415
1780456749,169.666949
1780456749,123.502982
1780456749,135.836388
1780456749,169.244732
1780456749,139.851698
1780456749,140.081588
1780456749,123.876748
1780456749,169.881735
1780456749,163.534347
1780456749,124.386693
1780456749,139.513954
1780456749,161.799645
1780456749,165.300699
1780456749,133.531612
1780456749,164.142764
1780456749,124.857859
1780456749,170.349908
1780456749,134.028431
1780456749,163.694575
1780456749,140.767835
1780456749,165.766081
1780456749,165.397604
1780456749,125.398641
1780456749,125.188689
1780456749,170.442813
1780456749,163.958607
1780456749,134.715371
1780456749,125.720063
1780456749,134.951902
1780456749,141.801813
1780456749,170.658817
1780456749,141.674844
1780456749,135.130056
1780456749,141.861867
1780456749,152.370537
1780456749,170.874792
1780456749,126.324619
1780456749,142.206674
1780456749,137.212721
1780456749,135.231574
1780456749,143.967946
1780456749,137.511956
1780456749,134.473739
1780456749,134.432861
1780456749,143.979111
1780456749,161.016705
1780456749,144.585263
1780456749,153.426762
1780456749,144.371018
1780456749,138.482534
1780456749,144.862315
1780456749,134.750059
1780456749,135.171853
1780456749,144.818321
1780456749,138.698879
1780456749,134.741129
1780456749,127.823322
1780456749,127.995295
1780456749,138.544483
1780456749,128.160583
1780456749,135.249774
1780456749,138.849201
1780456749,136.704527
1780456749,128.434219
1780456749,145.928760
1780456749,167.404075
1780456749,126.696588
1780456749,128.742139
1780456749,139.613035
1780456749,128.915528
1780456749,146.497728
1780456749,139.850727
1780456749,156.267151
1780456749,146.709320
1780456749,129.024086
1780456749,167.831400
1780456749,168.077737
1780456749,129.321020
1780456749,136.067325
1780456749,140.134793
1780456749,157.155562
1780456749,139.645671
1780456749,129.646923
1780456749,161.747632
1780456749,183.935395
1780456749,157.335857
1780456749,129.900527
1780456749,168.356389
1780456749,140.141763
1780456749,129.585626
1780456749,168.282863
1780456749,128.760899
1780456749,167.379522
1780456749,140.459646
1780456749,169.783354
1780456749,184.530717
1780456749,140.732950
1780456749,168.568724
1780456749,158.325768
1780456749,130.240756
1780456749,140.970115
1780456749,138.736806
1780456749,169.371097
1780456749,167.878948
1780456749,129.695327
1780456749,185.008052
1780456749,129.884528
1780456749,141.424908
1780456749,144.807221
1780456749,130.667757
1780456749,130.109591
1780456749,129.820329
1780456749,145.215735
1780456749,169.032329
1780456749,170.060259
1780456749,148.494451
1780456749,146.810539
1780456749,131.406726
1780456749,130.854514
1780456749,149.046925
1780456749,169.831262
1780456749,140.349473
1780456749,131.339679
1780456749,131.627542
1780456749,132.007662
1780456749,169.215210
1780456749,140.739608
1780456749,149.767548
1780456749,149.269480
1780456749,186.217740
1780456749,131.917986
1780456749,150.055671
1780456749,132.283619
1780456749,141.270757
1780456749,141.246096
1780456749,150.387781
1780456749,132.706552
1780456749,132.414784
1780456749,150.710400
1780456749,186.323723
1780456749,132.684200
1780456749,132.783459
1780456749,133.464678
1780456749,151.069098
1780456749,140.669700
1780456749,133.098297
1780456749,171.260596
1780456749,170.777807
1780456749,187.162684
1780456749,170.421411
1780456749,133.472008
1780456749,144.543642
1780456749,171.534628
1780456749,132.207219
1780456749,132.374392
1780456749,141.268123
1780456749,133.938935
1780456749,170.837804
1780456749,188.372717
1780456749,132.877131
1780456749,171.945843
1780456749,145.299761
1780456749,133.098379
1780456749,144.753781
1780456749,188.102554
1780456749,188.923935
1780456749,145.117557
1780456749,188.523926
1780456749,145.909115
1780456749,145.201531
1780456749,135.036183
1780456749,146.041338
1780456749,145.936478
1780456749,133.904055
1780456749,188.282454
1780456749,189.016912
1780456749,189.672778
1780456749,133.912336
1780456749,180.630217
1780456749,189.276780
1780456749,172.861843
1780456749,134.279529
1780456749,134.705337
1780456749,135.424722
1780456749,134.417827
1780456749,134.858161
1780456749,136.184628
1780456749,188.861467
1780456749,135.174202
1780456749,134.803560
1780456749,135.231765
1780456749,136.299110
1780456749,147.495508
1780456749,190.509849
1780456749,172.913703
1780456749,135.404860
1780456749,136.915776
1780456749,147.963922
1780456749,137.131484
1780456749,135.948028
1780456749,135.860833
1780456749,136.204049
1780456749,137.370168
1780456749,148.539894
1780456749,136.368010
1780456749,174.479336
1780456749,191.397955
1780456749,137.938235
1780456749,148.670856
1780456749,136.731445
1780456749,146.060341
1780456749,191.163428
1780456749,136.832473
1780456749,137.199739
1780456749,138.243084
1780456749,180.947488
1780456749,137.194484
1780456749,191.475592
1780456749,146.491867
1780456749,149.477007
1780456749,137.614978
1780456749,147.166021
1780456749,149.820858
1780456749,177.649257
1780456749,183.778702
1780456749,175.601464
1780456749,146.912112
1780456749,139.171102
1780456749,177.578712
1780456749,192.725618
1780456749,175.699878
1780456749,138.484311
1780456749,146.730689
1780456749,146.740163
1780456749,139.446881
1780456749,192.249148
1780456749,146.630955
1780456749,137.858860
1780456749,192.518280
1780456749,193.038061
1780456749,146.889903
1780456749,139.976158
1780456749,192.593960
1780456749,139.630646
1780456749,193.643031
1780456749,139.708543
1780456749,167.811964
1780456749,138.557695
1780456749,193.682725
1780456749,139.947799
1780456749,168.098073
1780456749,140.246132
1780456749,140.846116
1780456749,138.996285
1780456749,166.720119
1780456749,139.825492
1780456749,140.472305
1780456749,140.718687
1780456749,167.280129
1780456749,140.699740
1780456749,140.166384
1780456749,140.916532
1780456749,168.314340
1780456749,194.379133
1780456749,140.652696
1780456749,194.636497
1780456749,186.229944
1780456749,168.941763
1780456749,141.760115
1780456749,194.496931
1780456749,141.608280
1780456749,155.608461
1780456749,186.926354
1780456749,194.828969
1780456749,186.430853
1780456749,169.924915
1780456749,186.829239
1780456749,187.128332
1780456749,142.417678
1780456749,156.643171
1780456749,186.885819
1780456749,142.232334
1780456749,141.860987
1780456749,157.697348
1780456749,186.977554
1780456749,195.094349
1780456749,142.731562
1780456749,187.075351
1780456749,142.576919
1780456749,143.089766
1780456749,159.729472
1780456749,142.981638
1780456749,142.927825
1780456749,143.210506
1780456749,160.187649
1780456749,143.238695
1780456749,187.528641
1780456749,187.565947
1780456749,187.455920
1780456749,160.601712
1780456749,188.126985
1780456749,187.717511
1780456749,143.758844
1780456749,182.622530
1780456749,161.215463
1780456749,143.451738
1780456749,143.621325
1780456749,182.754784
1780456749,188.041466
1780456749,183.077753
1780456749,161.588662
1780456749,176.297234
1780456749,177.867981
1780456749,183.103609
1780456749,162.065616
1780456749,182.737336
1780456749,176.594367
1780456749,144.242118
1780456749,183.723236
1780456749,154.610584
1780456749,182.704404
1780456749,170.304269
1780456749,171.330972
1780456749,183.553517
1780456749,170.720795
1780456749,155.011956
1780456749,171.404375
1780456749,183.693883
1780456749,172.707728
1780456749,172.625780
1780456749,172.500860
1780456749,155.391333
1780456749,183.896529
1780456749,160.376547
1780456749,173.090149
1780456749,159.191380
1780456749,173.316745
1780456749,155.944402
1780456749,184.069738
1780456749,173.623498
1780456749,184.014172
1780456749,159.967051
1780456749,160.139068
1780456749,160.738986
1780456749,156.731273
1780456749,184.128210
1780456749,161.168837
1780456749,160.255388
1780456749,172.079097
1780456749,161.456194
1780456749,157.160858
1780456749,161.328100
1780456749,172.741581
1780456749,161.694794
1780456749,157.169585
1780456749,157.609374
1780456749,163.396631
1780456749,156.798448
1780456749,161.988767
1780456749,163.680442
1780456749,157.780831
1780456749,162.986099
1780456749,155.200172
1780456749,157.200557
1780456749,163.689975
1780456749,164.081392
1780456749,164.272076
1780456749,157.564079
1780456749,155.665558
1780456749,164.487538
1780456749,164.616550
1780456749,157.754349
1780456749,164.759502
1780456749,157.963635
1780456749,165.153943
1780456749,154.528796
1780456749,165.195392
1780456749,158.265728
1780456749,157.945100
1780456749,155.714986
1780456749,158.352168
1780456749,158.660177
1780456749,156.035292
1780456749,158.887270
1780456749,156.307276
1780456749,159.233764
1780456749,156.282269
1780456749,155.566616
1780456749,156.560675
1780456749,155.801944
1780456749,156.914989
1780456749,155.742247
1780456749,155.758821
1780456749,155.633755
1780456749,147.005577
1780456749,147.169656
1780456750,104.501713
1780456750,159.557000
1780456750,104.135795
1780456750,104.139504
1780456750,103.236715
1780456750,104.435057
1780456750,104.533267
1780456750,102.852101
1780456750,104.391274
1780456750,161.261954
1780456750,104.300969
1780456750,109.030310
1780456750,110.781223
1780456750,169.853417
1780456750,110.701299
1780456750,170.361179
1780456750,115.249510
1780456750,174.485990
1780456750,177.340678
1780456750,178.629306
1780456750,178.844642
1780456750,179.621348
1780456750,180.526492
1780456750,181.038014
1780456750,182.888850
1780456750,183.226819
1780456750,183.422009
1780456750,183.457636
1780456750,183.290959
1780456750,183.464675
1780456750,189.594502
1780456750,190.459133
1780456750,190.414272
1780456750,133.049256
1780456750,190.974281
1780456750,190.357416
1780456750,191.058507
1780456750,190.213078
1780456750,191.076139
1780456750,191.212798
1780456750,191.091880
1780456750,191.083387
1780456750,190.869143
1780456750,190.361410
1780456750,191.279942
1780456750,196.571220
1780456750,139.182904
1780456750,196.346321
1780456750,137.223505
1780456750,139.154836
1780456750,196.858830
1780456750,196.643057
1780456750,137.531657
1780456750,197.186019
1780456750,102.806778
1780456750,103.113342
1780456750,102.707766
1780456750,102.970107
1780456750,103.262272
1780456750,103.690064
1780456750,102.585868
1780456750,102.764238
1780456750,102.844984
1780456750,102.965516
1780456750,103.343501
1780456750,102.740091
1780456750,102.819857
1780456750,103.005016
1780456750,103.066948
1780456750,103.435970
1780456750,103.271748
1780456750,103.682570
1780456750,102.804562
1780456750,102.957733
1780456750,103.188204
1780456750,103.308623
1780456750,104.582734
1780456750,102.497972
1780456750,102.774067
1780456750,105.264467
1780456750,104.417593
1780456750,104.676096
1780456750,103.286307
1780456750,102.494994
1780456750,102.611381
1780456750,102.761666
1780456750,102.778927
1780456750,103.040005
1780456750,103.009126
1780456750,103.307313
1780456750,103.164004
1780456750,103.274676
1780456750,103.508543
1780456750,103.483370
1780456750,103.403704
1780456750,103.652494
1780456750,102.561684
1780456750,102.709856
1780456750,102.814665
1780456750,102.939658
1780456750,103.269995
1780456750,103.344272
1780456750,103.443949
1780456750,102.687584
1780456750,104.199082
1780456750,103.452395
1780456750,103.468791
1780456750,102.994141
1780456750,102.148027
1780456750,103.472343
1780456750,103.442002
1780456750,103.178207
1780456750,102.681365
1780456750,103.457612
1780456750,102.976331
1780456750,104.177223
1780456750,103.677949
1780456750,102.745032
1780456750,103.993061
1780456750,102.935168
1780456750,103.310431
1780456750,103.533432
1780456750,103.280193
1780456750,103.301519
1780456750,104.301156
1780456750,104.144538
1780456750,102.890195
1780456750,102.729702
1780456750,104.007960
1780456750,102.701548
1780456750,104.145297
1780456750,102.954169
1780456750,103.221976
1780456750,104.096727
1780456750,102.368077
1780456750,103.482369
1780456750,103.502404
1780456750,103.656998
1780456750,102.777883
1780456750,102.877133
1780456750,102.875901
1780456750,103.924414
1780456750,103.804603
1780456750,103.081646
1780456750,103.048997
1780456750,103.980905
1780456750,104.063907
1780456750,104.034178
1780456750,103.395973
1780456750,103.363470
1780456750,103.563159
1780456750,103.452803
1780456750,103.534008
1780456750,102.510572
1780456750,102.486134
1780456750,103.966122
1780456750,102.653839
1780456750,102.650759
1780456750,102.871559
1780456750,102.748312
1780456750,102.789346
1780456750,103.055968
1780456750,102.844566
1780456750,103.134476
1780456750,103.000116
1780456750,103.089234
1780456750,103.031913
1780456750,102.999023
1780456750,103.294939
1780456750,103.210960
1780456750,103.450019
1780456750,102.000902
1780456750,103.360473
1780456750,103.445231
1780456750,102.300766
1780456750,103.896808
1780456750,104.079526
1780456750,103.893309
1780456750,102.851290
1780456750,102.903392
1780456750,103.007760
1780456750,102.889896
1780456750,102.986415
1780456750,102.926101
1780456750,104.445951
1780456750,103.212917
1780456750,103.342243
1780456750,103.254610
1780456750,103.381238
1780456750,103.350927
1780456750,103.428811
1780456750,102.372261
1780456750,103.519932
1780456750,102.496120
1780456750,102.803491
1780456750,102.685430
1780456750,102.762447
1780456750,103.229506
1780456750,103.228756
1780456750,103.208066
1780456750,103.015452
1780456750,101.800624
1780456750,103.123728
1780456750,103.049441
1780456750,103.522678
1780456750,103.445971
1780456750,103.546057
1780456750,104.074056
1780456750,105.639703
1780456750,104.061655
1780456750,105.324062
1780456750,104.262017
1780456750,104.032093
1780456750,102.854848
1780456750,104.038420
1780456750,104.161841
1780456750,103.001602
1780456750,104.450138
1780456750,104.770354
1780456750,102.243438
1780456750,103.341218
1780456750,104.991703
1780456750,105.327982
1780456750,103.865927
1780456750,103.841447
1780456750,105.149772
1780456750,105.341248
1780456750,105.459409
1780456750,104.273054
1780456750,105.767960
1780456750,105.676725
1780456750,105.679079
1780456750,104.787493
1780456750,104.737286
1780456750,104.838685
1780456750,104.706625
1780456750,105.761948
1780456750,106.204873
1780456750,106.262562
1780456750,106.148668
1780456750,106.438703
1780456750,105.195467
1780456750,106.098607
1780456750,106.427734
1780456750,106.434751
1780456750,106.655018
1780456750,105.257176
1780456750,106.506854
1780456750,106.793958
1780456750,103.639734
1780456750,105.589170
1780456750,104.876592
1780456750,107.071555
1780456750,106.708532
1780456750,105.061918
1780456750,107.005864
1780456750,103.507173
1780456750,105.234767
1780456750,105.481267
1780456750,103.774313
1780456750,103.986956
1780456750,107.189011
1780456750,104.068293
1780456750,105.816449
1780456750,106.286791
1780456750,106.034482
1780456750,106.169743
1780456750,102.841093
1780456750,106.299448
1780456750,104.533845
1780456750,106.455985
1780456750,106.503856
1780456750,106.507004
1780456750,106.319307
1780456750,109.500100
1780456750,107.097939
1780456750,105.101825
1780456750,105.368059
1780456750,103.109438
1780456750,105.461159
1780456750,104.060255
1780456750,105.385560
1780456750,106.819398
1780456750,103.743623
1780456750,105.540248
1780456750,103.558366
1780456750,103.256525
1780456750,103.020323
1780456750,107.865999
1780456750,105.846218
1780456750,105.750879
1780456750,107.412100
1780456750,107.809151
1780456750,108.138079
1780456750,106.233543
1780456750,106.501354
1780456750,107.993326
1780456750,106.892844
1780456750,106.882343
1780456750,107.169683
1780456750,105.335758
1780456750,107.089462
1780456750,103.261697
1780456750,108.536672
1780456750,103.430617
1780456750,105.797941
1780456750,107.300337
1780456750,106.375836
1780456750,105.817148
1780456750,107.524893
1780456750,106.501566
1780456750,104.023589
1780456750,103.129024
1780456750,106.225082
1780456750,107.952639
1780456750,105.964128
1780456750,104.557898
1780456750,106.285260
1780456750,106.813758
1780456750,108.738883
1780456750,106.602082
1780456750,108.922139
1780456750,106.786772
1780456750,106.871652
1780456750,103.172786
1780456750,107.172782
1780456750,105.606611
1780456750,104.493664
1780456750,103.480003
1780456750,107.367317
1780456750,105.939169
1780456750,105.892831
1780456750,105.126473
1780456750,103.309333
1780456750,105.288957
1780456750,103.926138
1780456750,108.496617
1780456750,108.488086
1780456750,106.989598
1780456750,104.938955
1780456750,104.562242
1780456750,105.152329
1780456750,107.618317
1780456750,106.477833
1780456750,106.660713
1780456750,104.780137
1780456750,106.273354
1780456750,106.367194
1780456750,106.844854
1780456750,104.390745
1780456750,105.283891
1780456750,105.733974
1780456750,105.861102
1780456750,105.961755
1780456750,105.888685
1780456750,105.199080
1780456750,107.180447
1780456750,105.202627
1780456750,107.219051
1780456750,106.126111
1780456750,107.175375
1780456750,107.327121
1780456750,105.029748
1780456750,106.407796
1780456750,103.663972
1780456750,106.415126
1780456750,108.731712
1780456750,106.861929
1780456750,106.719795
1780456750,106.489081
1780456750,107.004313
1780456750,106.900716
1780456750,104.306432
1780456750,106.822564
1780456750,110.364467
1780456750,107.470383
1780456750,106.506228
1780456750,110.601508
1780456750,106.083578
1780456750,107.546893
1780456750,110.836759
1780456750,108.800789
1780456750,107.714502
1780456750,105.474755
1780456750,111.302264
1780456750,108.278981
1780456750,105.348354
1780456750,110.620279
1780456750,108.445742
1780456750,110.578911
1780456750,108.751100
1780456750,106.207196
1780456750,108.568485
1780456750,106.205438
1780456750,111.265594
1780456750,108.933505
1780456750,109.010737
1780456750,108.810014
1780456750,109.076129
1780456750,109.919371
1780456750,107.045241
1780456750,106.895687
1780456750,109.607165
1780456750,109.520476
1780456750,107.103549
1780456750,109.703104
1780456750,107.657942
1780456750,107.150525
1780456750,106.605002
1780456750,110.371198
1780456750,110.988887
1780456750,110.274994
1780456750,108.065909
1780456750,107.261240
1780456750,107.625075
1780456750,108.647358
1780456750,108.862363
1780456750,111.218826
1780456750,111.220506
1780456750,111.193160
1780456750,111.323162
1780456750,112.262158
1780456750,108.997321
1780456750,109.115962
1780456750,109.960670
1780456750,108.656393
1780456750,109.702738
1780456750,107.689307
1780456750,113.419864
1780456750,112.360697
1780456750,112.448849
1780456750,113.277892
1780456750,109.610465
1780456750,112.302318
1780456750,113.351527
1780456750,110.547211
1780456750,112.742921
1780456750,110.453293
1780456750,109.931896
1780456750,109.964101
1780456750,105.401503
1780456750,109.904806
1780456750,113.995620
1780456750,113.919618
1780456750,113.423407
1780456750,114.075655
1780456750,109.146939
1780456750,109.265907
1780456750,109.247937
1780456750,109.371790
1780456750,113.971709
1780456750,109.365607
1780456750,109.721062
1780456750,109.471088
1780456750,109.744818
1780456750,114.218280
1780456750,114.268075
1780456750,114.408138
1780456750,114.463039
1780456750,108.762411
1780456750,108.718694
1780456750,108.867472
1780456750,108.649428
1780456750,108.885237
1780456750,114.684920
1780456750,114.779413
1780456750,110.502089
1780456750,114.883960
1780456750,110.620483
1780456750,113.670755
1780456750,115.319986
1780456750,109.564867
1780456750,111.147216
1780456750,109.817435
1780456750,114.295522
1780456750,109.572655
1780456750,109.838117
1780456750,109.872392
1780456750,109.717712
1780456750,110.031902
1780456750,109.882113
1780456750,114.550314
1780456750,109.690592
1780456750,108.729521
1780456750,109.033439
1780456750,108.964444
1780456750,107.773974
1780456750,107.998375
1780456750,109.158191
1780456750,109.178742
1780456750,115.637703
1780456750,114.336458
1780456750,115.688483
1780456750,109.839866
1780456750,109.769082
1780456750,109.948895
1780456750,110.225527
1780456750,114.619188
1780456750,111.997881
1780456750,110.014560
1780456750,109.421611
1780456750,115.325262
1780456750,110.271077
1780456750,116.473623
1780456750,116.897849
1780456750,116.465356
1780456750,109.634808
1780456750,115.337301
1780456750,109.705958
1780456750,112.285618
1780456750,114.367268
1780456750,109.566870
1780456750,112.305530
1780456750,111.132764
1780456750,117.417452
1780456750,116.841733
1780456750,117.112303
1780456750,117.808763
1780456750,117.162376
1780456750,110.099571
1780456750,108.199094
1780456750,117.984067
1780456750,111.829267
1780456750,110.387705
1780456750,110.798093
1780456750,118.009823
1780456750,112.148446
1780456750,115.358908
1780456750,110.947969
1780456750,117.224623
1780456750,112.231520
1780456750,114.107818
1780456750,110.844007
1780456750,108.908402
1780456750,112.414547
1780456750,109.477697
1780456750,111.523770
1780456750,116.247630
1780456750,116.006088
1780456750,117.676464
1780456750,108.044384
1780456750,112.072848
1780456750,108.437094
1780456750,111.274225
1780456750,116.310850
1780456750,111.258767
1780456750,116.769362
1780456750,119.714435
1780456750,108.565848
1780456750,110.236748
1780456750,116.842722
1780456750,112.465709
1780456750,110.396250
1780456750,110.481383
1780456750,120.057154
1780456750,109.074889
1780456750,120.041917
1780456750,117.215117
1780456750,115.583148
1780456750,120.071584
1780456750,108.144686
1780456750,117.840762
1780456750,109.763072
1780456750,113.274029
1780456750,117.697909
1780456750,109.605054
1780456750,114.915129
1780456750,120.419779
1780456750,120.361134
1780456750,108.585347
1780456750,112.765527
1780456750,108.659078
1780456750,120.637308
1780456750,118.232850
1780456750,113.606549
1780456750,114.126891
1780456750,111.685531
1780456750,117.041729
1780456750,116.660342
1780456750,113.731619
1780456750,118.915311
1780456750,116.826355
1780456750,112.286719
1780456750,110.888985
1780456750,117.347204
1780456750,108.150350
1780456750,111.010563
1780456750,108.403301
1780456750,117.626392
1780456750,111.440642
1780456750,114.251528
1780456750,108.640888
1780456750,111.486851
1780456750,113.165272
1780456750,116.415242
1780456750,110.215090
1780456750,110.443427
1780456750,118.355708
1780456750,107.740419
1780456750,116.530350
1780456750,115.723010
1780456750,113.456326
1780456750,118.475478
1780456750,115.257742
1780456750,110.572208
1780456750,108.168199
1780456750,113.918770
1780456750,112.488931
1780456750,109.875049
1780456750,116.040269
1780456750,111.041711
1780456750,112.754712
1780456750,115.707665
1780456750,110.363776
1780456750,110.471284
1780456750,111.297199
1780456750,114.347109
1780456750,114.578720
1780456750,111.395174
1780456750,113.188683
1780456750,107.422199
1780456750,113.343762
1780456750,113.524374
1780456750,119.607579
1780456750,113.619981
1780456750,117.467791
1780456750,115.169015
1780456750,119.845438
1780456750,108.230854
1780456750,118.711095
1780456750,115.479973
1780456750,115.334565
1780456750,113.901397
1780456750,118.991339
1780456750,117.710384
1780456750,118.949717
1780456750,110.220572
1780456750,114.185678
1780456750,110.270552
1780456750,119.348935
1780456750,118.274714
1780456750,114.379482
1780456750,109.187413
1780456750,113.352132
1780456750,112.216873
1780456750,113.243853
1780456750,109.212186
1780456750,112.503771
1780456750,113.317451
1780456750,113.502556
1780456750,113.663491
1780456750,117.975468
1780456750,112.791680
1780456750,113.861619
1780456750,108.266704
1780456750,111.406928
1780456750,113.736857
1780456750,112.957824
1780456750,111.384057
1780456750,113.036772
1780456750,110.253433
1780456750,111.726237
1780456750,111.723049
1780456750,114.315273
1780456750,107.556308
1780456750,108.868575
1780456750,117.565244
1780456750,118.863140
1780456750,112.064711
1780456750,112.121198
1780456750,110.894925
1780456750,114.663853
1780456750,113.666972
1780456750,108.104878
1780456750,111.204400
1780456750,116.660658
1780456750,114.068884
1780456750,107.854570
1780456750,111.423058
1780456750,109.895887
1780456750,112.734313
1780456750,111.361141
1780456750,111.430358
1780456750,111.539827
1780456750,111.645043
1780456750,108.720418
1780456750,111.501913
1780456750,111.629527
1780456750,111.888527
1780456750,110.408102
1780456750,111.678708
1780456750,116.221427
1780456750,111.973215
1780456750,110.581490
1780456750,110.574869
1780456750,111.789595
1780456750,112.057818
1780456750,107.926208
1780456750,110.799465
1780456750,116.563597
1780456750,112.148119
1780456750,108.038631
1780456750,109.866093
1780456750,112.289062
1780456750,111.294765
1780456750,109.895521
1780456750,111.280734
1780456750,115.759429
1780456750,111.467140
1780456750,109.889485
1780456750,111.432914
1780456750,110.168562
1780456750,116.020925
1780456750,114.695081
1780456750,110.078377
1780456750,111.957510
1780456750,109.052957
1780456750,114.815520
1780456750,108.944109
1780456750,115.181658
1780456750,110.548893
1780456750,115.049639
1780456750,108.863112
1780456750,109.479126
1780456750,113.973123
1780456750,112.336985
1780456750,114.089546
1780456750,111.313452
1780456750,109.267493
1780456750,109.494423
1780456750,111.092774
1780456750,114.165261
1780456750,108.362551
1780456750,109.585345
1780456750,111.470301
1780456750,111.654924
1780456750,109.782271
1780456750,108.519300
1780456750,116.114173
1780456750,111.797919
1780456750,110.377507
1780456750,111.877800
1780456750,109.028111
1780456750,116.337102
1780456750,110.514522
1780456750,108.763839
1780456750,113.926753
1780456750,112.481287
1780456750,109.136105
1780456750,110.712489
1780456750,112.727140
1780456750,115.597324
1780456750,109.433269
1780456750,109.551683
1780456750,115.365547
1780456750,112.802546
1780456750,108.146405
1780456750,108.266682
1780456750,112.909699
1780456750,114.702038
1780456750,110.130890
1780456750,108.271253
1780456750,113.193392
1780456750,112.066411
1780456750,108.906260
1780456750,111.783034
1780456750,110.159770
1780456750,114.985104
1780456750,108.874662
1780456750,110.356161
1780456750,114.028810
1780456750,112.405275
1780456750,112.356038
1780456750,109.466441
1780456750,114.090504
1780456750,111.079545
1780456750,109.196673
1780456750,107.762927
1780456750,114.403802
1780456750,113.001843
1780456750,109.725201
1780456750,114.333987
1780456750,108.118525
1780456750,113.128339
1780456750,110.163839
1780456750,108.445971
1780456750,113.464158
1780456750,111.894499
1780456750,112.012498
1780456750,115.118440
1780456750,107.212524
1780456750,112.158519
1780456750,110.494041
1780456750,113.490688
1780456750,107.305100
1780456750,112.173344
1780456750,110.704563
1780456750,114.159798
1780456750,112.294513
1780456750,109.123985
1780456750,112.465588
1780456750,114.280481
1780456750,109.263061
1780456750,111.239484
1780456750,114.610476
1780456750,114.390224
1780456750,112.821278
1780456750,111.148886
1780456750,113.103786
1780456750,111.755223
1780456750,106.355883
1780456750,111.502227
1780456750,109.676650
1780456750,114.642276
1780456750,110.270990
1780456750,106.931160
1780456750,115.046130
1780456750,112.164899
1780456750,108.653601
1780456750,106.778969
1780456750,115.338300
1780456750,112.050316
1780456750,108.807303
1780456750,111.998478
1780456750,113.898635
1780456750,112.452676
1780456750,109.003571
1780456750,112.807719
1780456750,111.014543
1780456750,110.911358
1780456750,114.338573
1780456750,112.612037
1780456750,110.882996
1780456750,109.586562
1780456750,111.568840
1780456750,114.694484
1780456750,111.103701
1780456750,113.311760
1780456750,109.854273
1780456750,113.313772
1780456750,108.311315
1780456750,108.383257
1780456750,115.266182
1780456750,113.777807
1780456750,110.241784
1780456750,108.593569
1780456750,106.953030
1780456750,112.231696
1780456750,112.399884
1780456750,112.241294
1780456750,112.054145
1780456750,107.218182
1780456750,113.868818
1780456750,110.639660
1780456750,103.986155
1780456750,112.771451
1780456750,111.195729
1780456750,112.619751
1780456750,107.460675
1780456750,110.923838
1780456750,111.190412
1780456750,116.509521
1780456750,113.110301
1780456750,111.110848
1780456750,102.664274
1780456750,113.428268
1780456750,113.270089
1780456750,106.508229
1780456750,108.279765
1780456750,111.506364
1780456750,113.299711
1780456750,108.255205
1780456750,108.458958
1780456750,113.547805
1780456750,112.193859
1780456750,115.184979
1780456750,110.419464
1780456750,110.158724
1780456750,115.407363
1780456750,110.316793
1780456750,111.007028
1780456750,112.367984
1780456750,116.142665
1780456750,105.919434
1780456750,114.349965
1780456750,114.290797
1780456750,112.919507
1780456750,112.841697
1780456750,111.234120
1780456750,116.600723
1780456750,113.499364
1780456750,113.240236
1780456750,112.990330
1780456750,111.517539
1780456750,112.276050
1780456750,113.669056
1780456750,113.444885
1780456750,112.146272
1780456750,104.011948
1780456750,114.112321
1780456750,108.800975
1780456750,108.747792
1780456750,112.236339
1780456750,108.921116
1780456750,102.615265
1780456750,107.322055
1780456750,107.398899
1780456750,114.162947
1780456750,112.557828
1780456750,112.847182
1780456750,110.904524
1780456750,109.206346
1780456750,111.318844
1780456750,110.978519
1780456750,103.212091
1780456750,116.496165
1780456750,106.275671
1780456750,111.084309
1780456750,113.281263
1780456750,116.635685
1780456750,108.139503
1780456750,106.551303
1780456750,115.102940
1780456750,108.702993
1780456750,111.405475
1780456750,111.870094
1780456750,113.550241
1780456750,110.453694
1780456750,113.894628
1780456750,108.661945
1780456750,110.687445
1780456750,104.052305
1780456750,117.309110
1780456750,110.774935
1780456750,114.019561
1780456750,105.837688
1780456750,112.480703
1780456750,109.200692
1780456750,112.858247
1780456750,114.209358
1780456750,106.113936
1780456750,112.946245
1780456750,106.206309
1780456750,111.506226
1780456750,111.278076
1780456750,116.788181
1780456750,114.661706
1780456750,111.258512
1780456750,113.498579
1780456750,116.979535
1780456750,115.308116
1780456750,110.224759
1780456750,117.081228
1780456750,103.399716
1780456750,115.261581
1780456750,117.234336
1780456750,105.744750
1780456750,114.070591
1780456750,113.866030
1780456750,113.823437
1780456750,112.337498
1780456750,115.973272
1780456750,105.950039
1780456750,113.920905
1780456750,109.414876
1780456750,116.080419
1780456750,106.149823
1780456750,114.156005
1780456750,111.261377
1780456750,116.415113
1780456750,114.296160
1780456750,106.332493
1780456750,116.078430
1780456750,112.945915
1780456750,111.650766
1780456750,105.056987
1780456750,109.841436
1780456750,114.987174
1780456750,114.631576
1780456750,104.912135
1780456750,113.442021
1780456750,115.431826
1780456750,110.473302
1780456750,110.233874
1780456750,116.953535
1780456750,105.822357
1780456750,113.709489
1780456750,112.153833
1780456750,105.589544
1780456750,112.161266
1780456750,115.953342
1780456750,112.390936
1780456750,104.029136
1780456750,109.586216
1780456750,116.141364
1780456750,112.862586
1780456750,115.982941
1780456750,112.925827
1780456750,112.637857
1780456750,109.796736
1780456750,109.987751
1780456750,116.435527
1780456750,111.561350
1780456750,112.994562
1780456750,110.113861
1780456750,113.141373
1780456750,115.272876
1780456750,111.834287
1780456750,110.336789
1780456750,110.352451
1780456750,112.188134
1780456750,113.393729
1780456750,116.957173
1780456750,112.293935
1780456750,112.285390
1780456750,112.293435
1780456750,115.447165
1780456750,107.320976
1780456750,110.899099
1780456750,112.607203
1780456750,112.795196
1780456750,112.844240
1780456750,107.011655
1780456750,109.884552
1780456750,109.472858
1780456750,114.760763
1780456750,107.690574
1780456750,112.773222
1780456750,110.017538
1780456750,114.615504
1780456750,109.766126
1780456750,106.572418
1780456750,113.069703
1780456750,115.045080
1780456750,115.403362
1780456750,110.222521
1780456750,113.388503
1780456750,110.703194
1780456750,117.050978
1780456750,115.047078
1780456750,110.977712
1780456750,112.193290
1780456750,116.975743
1780456750,112.389752
1780456750,110.547575
1780456750,117.646892
1780456750,110.985737
1780456750,109.632474
1780456750,108.844647
1780456750,117.704366
1780456750,117.905361
1780456750,109.545365
1780456750,107.480806
1780456750,113.030968
1780456750,118.063329
1780456750,117.872482
1780456750,117.911599
1780456750,109.537988
1780456750,110.255008
1780456750,114.951930
1780456750,108.142149
1780456750,111.695528
1780456750,112.212453
1780456750,108.344864
1780456750,112.165421
1780456750,106.709485
1780456750,112.372120
1780456750,112.463429
1780456750,106.970060
1780456750,110.851658
1780456750,117.304123
1780456750,112.729804
1780456750,111.134585
1780456750,107.496045
1780456750,117.494564
1780456750,115.634182
1780456750,108.909862
1780456750,113.034852
1780456750,107.639136
1780456750,114.695499
1780456750,110.869109
1780456750,111.535878
1780456750,106.064872
1780456750,114.936829
1780456750,116.315078
1780456750,108.199282
1780456750,113.500197
1780456750,111.683743
1780456750,113.413126
1780456750,111.887659
1780456750,113.578701
1780456750,113.489808
1780456750,112.212347
1780456750,107.085773
1780456750,119.071376
1780456750,107.209862
1780456750,117.067870
1780456750,112.570211
1780456750,107.384997
1780456750,112.718132
1780456750,114.391383
1780456750,115.903197
1780456750,108.943039
1780456750,110.642220
1780456750,105.940069
1780456750,110.800285
1780456750,110.932212
1780456750,112.978245
1780456750,120.016897
1780456750,111.219985
1780456750,110.887996
1780456750,111.238744
1780456750,113.092617
1780456750,108.183880
1780456750,116.929512
1780456750,120.200316
1780456750,111.716147
1780456750,113.775809
1780456750,113.629563
1780456750,113.906269
1780456750,113.428156
1780456750,108.561208
1780456750,110.501795
1780456750,113.493934
1780456750,120.230115
1780456750,110.458036
1780456750,114.298309
1780456750,110.576801
1780456750,119.143485
1780456750,107.223927
1780456750,113.929783
1780456750,112.161548
1780456750,118.014470
1780456750,108.945651
1780456750,112.841239
1780456750,111.322139
1780456750,110.996634
1780456750,119.908205
1780456750,108.094381
1780456750,114.586476
1780456750,113.263330
1780456750,111.203898
1780456750,111.466430
1780456750,113.282855
1780456750,111.692526
1780456750,118.516255
1780456750,107.021747
1780456750,113.385681
1780456750,109.990292
1780456750,115.049104
1780456750,112.274711
1780456750,112.356835
1780456750,117.613174
1780456750,110.638111
1780456750,107.360426
1780456750,115.576783
1780456750,114.268761
1780456750,109.314487
1780456750,107.474752
1780456750,112.399652
1780456750,109.326094
1780456750,109.496348
1780456750,115.826815
1780456750,112.639354
1780456750,111.333130
1780456750,109.453985
1780456750,116.367036
1780456750,108.210190
1780456750,108.184817
1780456750,114.586745
1780456750,113.060217
1780456750,111.759928
1780456750,114.966320
1780456750,114.839776
1780456750,107.096656
1780456750,116.348063
1780456750,111.950759
1780456750,111.899075
1780456750,111.933079
1780456750,110.286035
1780456750,112.117237
1780456750,116.712660
1780456750,107.698164
1780456750,116.847686
1780456750,112.732597
1780456750,114.328320
1780456750,116.132819
1780456750,107.749163
1780456750,110.700961
1780456750,111.012626
1780456750,108.128110
1780456750,112.940702
1780456750,111.380212
1780456750,114.741403
1780456750,108.208138
1780456750,116.546433
1780456750,111.526355
1780456750,114.930706
1780456750,111.712626
1780456750,114.877515
1780456750,111.889065
1780456750,107.234251
1780456750,113.363471
1780456750,111.773706
1780456750,115.450580
1780456750,107.313917
1780456750,113.962014
1780456750,115.606193
1780456750,115.469229
1780456750,107.661217
1780456750,114.174803
1780456750,112.241923
1780456750,111.012501
1780456750,113.975872
1780456750,112.817204
1780456750,111.136673
1780456750,111.244609
1780456750,112.430162
1780456750,113.025813
1780456750,116.001160
1780456750,111.119960
1780456750,108.368419
1780456750,109.841465
1780456750,111.498687
1780456750,114.721170
1780456750,111.667900
1780456750,115.142671
1780456750,114.880130
1780456750,111.657907
1780456750,115.129360
1780456750,107.133433
1780456750,110.634999
1780456750,110.300687
1780456750,110.300172
1780456750,107.726114
1780456750,110.580654
1780456750,115.626258
1780456750,107.721546
1780456750,114.247334
1780456750,111.107450
1780456750,115.770068
1780456750,112.599859
1780456750,111.174020
1780456750,111.225833
1780456750,112.584651
1780456750,111.149494
1780456750,115.980906
1780456750,114.570604
1780456750,107.039644
1780456750,111.515889
1780456750,116.636061
1780456750,115.017559
1780456750,111.748571
1780456750,116.291727
1780456750,112.001360
1780456750,107.423618
1780456750,115.021234
1780456750,116.598524
1780456750,111.883549
1780456750,110.788251
1780456750,110.892444
1780456750,110.780502
1780456750,110.869097
1780456750,115.555935
1780456750,115.614558
1780456750,110.990146
1780456750,110.813132
1780456750,111.108439
1780456750,111.106633
1780456750,111.205714
1780456750,111.329909
1780456750,111.073415
1780456750,111.568763
1780456750,109.996282
1780456750,114.771086
1780456750,114.597084
1780456750,114.832210
1780456750,114.845886
1780456750,107.233451
1780456750,111.632728
1780456750,107.248159
1780456750,110.497262
1780456750,110.506456
1780456750,115.050679
1780456750,110.710269
1780456750,115.105864
1780456750,110.679968
1780456750,107.565943
1780456750,114.059895
1780456750,110.960809
1780456750,109.211315
1780456750,106.292484
1780456750,111.019422
1780456750,111.190727
1780456750,106.353530
1780456750,111.368639
1780456750,116.085545
1780456750,109.784756
1780456750,106.534601
1780456750,115.878347
1780456750,114.302839
1780456750,111.630556
1780456750,111.605915
1780456750,111.422368
1780456750,108.703319
1780456750,114.946005
1780456750,106.917906
1780456750,110.601713
1780456750,115.273677
1780456750,108.863295
1780456750,111.962123
1780456750,109.007565
1780456750,110.865645
1780456750,110.776444
1780456750,109.103423
1780456750,115.343601
1780456750,110.970457
1780456750,109.008688
1780456750,115.756621
1780456750,110.802996
1780456750,109.760197
1780456750,111.157189
1780456750,110.991538
1780456750,115.768417
1780456750,109.376073
1780456750,115.751220
1780456750,113.032153
1780456750,111.523134
1780456750,111.432481
1780456750,106.835237
1780456750,108.565757
1780456750,114.649763
1780456750,111.767735
1780456750,107.040224
1780456750,113.510755
1780456750,110.184378
1780456750,112.115141
1780456750,107.248173
1780456750,107.192690
1780456750,112.008488
1780456750,112.457631
1780456750,112.149965
1780456750,107.378013
1780456750,115.431615
1780456750,111.024442
1780456750,112.531300
1780456750,110.800896
1780456750,112.399782
1780456750,115.632321
1780456750,110.855113
1780456750,109.263733
1780456750,110.934563
1780456750,111.405420
1780456750,110.951410
1780456750,112.707458
1780456750,114.485041
1780456750,111.490173
1780456750,109.861765
1780456750,116.465225
1780456750,111.790360
1780456750,111.721885
1780456750,110.052968
1780456750,110.192187
1780456750,112.079357
1780456750,108.727280
1780456750,111.877549
1780456750,116.676566
1780456750,110.390845
1780456750,110.853678
1780456750,110.898062
1780456750,109.078676
1780456750,109.319200
1780456750,109.233227
1780456750,111.293990
1780456750,111.145359
1780456750,111.281084
1780456750,111.101343
1780456750,111.445555
1780456750,109.687631
1780456750,111.358726
1780456750,109.541399
1780456750,110.195199
1780456750,111.768733
1780456750,115.004801
1780456750,110.233435
1780456750,110.290195
1780456750,111.846519
1780456750,116.975103
1780456750,114.436080
1780456750,109.036146
1780456750,111.237681
1780456750,112.849817
1780456750,114.490750
1780456750,109.562532
1780456750,109.692584
1780456750,111.360965
1780456750,109.625380
1780456750,117.911030
1780456750,109.605385
1780456750,113.311399
1780456750,110.001305
1780456750,109.892692
1780456750,110.427996
1780456750,113.708169
1780456750,110.598915
1780456750,112.507183
1780456750,110.590246
1780456750,115.977599
1780456750,118.140631
1780456750,118.174653
1780456750,113.346307
1780456750,117.996944
1780456750,113.158166
1780456750,114.894993
1780456750,111.310459
1780456750,113.353230
1780456750,118.837462
1780456750,117.180392
1780456750,114.003053
1780456750,110.690094
1780456750,113.938102
1780456750,117.693993
1780456750,110.871533
1780456750,112.740077
1780456750,111.004498
1780456750,112.781380
1780456750,111.074680
1780456750,112.855993
1780456750,113.008345
1780456750,111.276376
1780456750,115.014057
1780456750,113.098609
1780456750,118.515786
1780456750,111.742024
1780456750,111.638845
1780456750,115.492019
1780456750,111.944225
1780456750,111.993746
1780456750,112.061032
1780456750,114.208244
1780456750,115.885294
1780456750,112.267710
1780456750,114.368515
1780456750,114.412164
1780456750,118.366970
1780456750,113.359493
1780456750,118.951070
1780456750,115.188569
1780456750,117.502159
1780456750,113.606524
1780456750,113.896822
1780456750,118.274080
1780456750,118.596691
1780456750,118.254432
1780456750,114.794247
1780456750,118.186130
1780456750,114.654979
1780456750,117.094289
1780456750,115.119489
1780456750,115.683855
1780456750,118.680863
1780456750,115.427934
1780456750,117.642402
1780456750,115.306343
1780456750,115.528014
1780456750,115.972371
1780456750,115.947695
1780456750,116.207435
1780456750,118.152642
1780456750,116.083350
1780456750,118.476417
1780456750,115.063383
1780456750,116.394233
1780456750,115.160252
1780456750,116.939536
1780456750,118.831032
1780456750,103.197290
1780456750,115.729043
1780456750,119.174455
1780456750,104.189844
1780456750,115.942704
1780456750,116.006424
1780456750,119.510437
1780456750,103.744021
1780456750,103.111103
1780456750,119.915714
1780456750,104.474567
1780456750,120.199751
1780456750,103.353306
1780456750,120.624363
1780456750,120.920205
1780456750,117.851907
1780456750,121.489963
1780456750,122.185841
1780456750,106.152592
1780456750,121.211862
1780456750,121.319579
1780456750,121.270689
1780456750,104.913536
1780456750,121.536771
1780456750,121.822923
1780456750,121.912333
1780456750,103.750462
1780456750,125.181113
1780456750,124.922579
1780456750,124.028421
1780456750,102.983108
1780456750,112.017300
1780456750,124.749673
1780456750,112.932602
1780456750,125.494605
1780456750,103.292396
1780456750,112.676845
1780456750,125.723420
1780456750,103.531126
1780456750,103.593226
1780456750,103.275542
1780456750,102.850058
1780456750,103.739706
1780456750,103.697084
1780456750,104.972464
1780456750,104.196264
1780456750,103.766515
1780456750,103.620962
1780456750,103.278387
1780456750,103.600084
1780456750,104.905813
1780456750,105.195568
1780456750,105.680417
1780456750,105.561691
1780456750,103.400512
1780456750,103.431313
1780456750,104.059612
1780456750,105.133528
1780456750,106.157888
1780456750,107.002063
1780456750,107.212119
1780456750,107.199070
1780456750,107.648717
1780456750,110.149213
1780456750,109.994166
1780456750,110.015748
1780456750,110.116037
1780456750,104.610188
1780456750,109.911758
1780456750,104.556276
1780456750,106.134105
1780456750,106.269408
1780456750,105.409222
1780456750,111.494678
1780456750,106.818540
1780456750,106.895226
1780456750,106.257370
1780456750,109.146906
1780456750,103.646988
1780456750,104.400671
1780456750,105.593759
1780456750,103.484720
1780456750,103.239130
1780456750,103.932202
1780456750,104.305449
1780456750,103.112765
1780456750,103.387168
1780456750,103.996236
1780456750,103.353122
1780456750,102.848914
1780456750,103.270285
1780456750,103.074059
1780456750,106.665836
1780456750,105.999881
1780456750,105.814463
1780456750,105.108770
1780456750,110.202579
1780456750,104.924455
1780456750,104.204751
1780456750,109.585230
1780456750,109.000786
1780456750,107.599474
1780456750,103.757777
1780456750,103.640407
1780456750,103.797850
1780456750,108.043548
1780456750,103.875259
1780456750,104.737747
1780456750,108.105851
1780456750,103.530373
1780456750,105.076623
1780456750,104.625090
1780456750,104.369937
1780456750,104.610789
1780456750,108.083555
1780456750,108.390769
1780456750,103.844347
1780456750,103.826438
1780456750,106.782737
1780456750,104.467057
1780456750,106.666091
1780456750,103.286339
1780456750,102.830883
1780456750,103.828091
1780456750,102.629848
1780456750,103.851537
1780456750,103.199862
1780456750,103.373554
1780456750,103.043281
1780456750,103.032278
1780456750,103.499540
1780456750,104.131630
1780456750,103.447015
1780456750,103.574167
1780456750,103.494124
1780456750,103.696574
1780456750,104.871335
1780456750,104.059031
1780456750,105.203963
1780456750,102.724771
1780456750,105.778636
1780456750,104.355845
1780456750,104.180060
1780456750,104.187424
1780456750,104.158157
1780456750,102.179080
1780456750,103.776920
1780456750,111.458611
1780456750,103.638340
1780456750,105.077421
1780456750,111.572215
1780456750,103.917203
1780456750,103.609993
1780456750,104.324033
1780456750,103.237709
1780456750,105.360528
1780456750,103.220151
1780456750,106.040228
1780456750,104.212629
1780456750,105.934623
1780456750,103.834717
1780456750,106.158842
1780456750,105.695344
1780456750,103.150813
1780456750,106.864909
1780456750,107.187338
1780456750,103.567950
1780456750,106.431208
1780456750,107.181965
1780456750,107.104577
1780456750,103.932638
1780456750,106.795686
1780456750,105.865150
1780456750,106.669207
1780456750,106.584098
1780456750,104.579232
1780456750,106.168414
1780456750,115.050074
1780456750,106.462495
1780456750,105.491737
1780456750,107.174262
1780456750,115.378502
1780456750,105.715931
1780456750,104.567235
1780456750,115.697241
1780456750,104.750178
1780456750,106.031151
1780456750,110.518184
1780456750,107.685146
1780456750,106.634513
1780456750,110.626274
1780456750,105.473644
1780456750,105.385677
1780456750,116.662527
1780456750,106.813007
1780456750,105.116102
1780456750,105.821096
1780456750,102.465855
1780456750,115.963117
1780456750,104.823787
1780456750,102.602886
1780456750,114.773611
1780456750,105.097725
1780456750,102.810357
1780456750,106.399803
1780456750,114.169390
1780456750,114.204801
1780456750,103.188205
1780456750,107.024621
1780456750,103.315640
1780456750,107.169851
1780456750,113.563606
1780456750,103.665650
1780456750,106.654817
1780456750,114.226836
1780456750,103.775342
1780456750,103.819860
1780456750,107.602104
1780456750,114.095997
1780456750,102.776587
1780456750,106.923438
1780456750,114.078263
1780456750,102.969645
1780456750,102.929696
1780456750,103.009460
1780456750,102.948632
1780456750,106.888319
1780456750,114.130721
1780456750,103.052473
1780456750,103.297061
1780456750,115.516262
1780456750,104.936876
1780456750,103.000112
1780456750,105.058288
1780456750,115.777506
1780456750,103.592518
1780456750,103.445187
1780456750,105.274278
1780456750,115.061683
1780456750,103.604930
1780456750,105.294456
1780456750,114.821636
1780456750,104.278480
1780456750,103.957661
1780456750,103.959509
1780456750,102.636053
1780456750,104.559766
1780456750,115.533957
1780456750,104.051663
1780456750,115.331351
1780456750,104.588795
1780456750,104.241876
1780456750,102.977990
1780456750,114.788278
1780456750,104.860161
1780456750,104.650952
1780456750,103.318046
1780456750,115.516674
1780456750,106.348769
1780456750,103.416385
1780456750,115.684602
1780456750,105.112546
1780456750,105.018570
1780456750,103.744464
1780456750,105.630685
1780456750,105.730801
1780456750,103.958476
1780456750,105.817579
1780456750,103.050760
1780456750,105.679884
1780456750,105.859294
1780456750,104.419276
1780456750,115.365445
1780456750,103.399072
1780456750,115.474100
1780456750,104.908231
1780456750,115.469308
1780456750,104.932249
1780456750,105.358985
1780456750,103.310262
1780456750,105.279655
1780456750,116.391991
1780456750,105.604627
1780456750,105.504577
1780456750,104.420420
1780456750,116.622671
1780456750,103.758967
1780456750,103.885826
1780456750,116.391853
1780456750,117.568246
1780456750,104.905182
1780456750,115.684336
1780456750,108.430039
1780456750,117.447762
1780456750,105.309093
1780456750,105.495096
1780456750,106.851316
1780456750,115.154092
1780456750,105.610405
1780456750,105.900382
1780456750,105.296156
1780456750,115.411474
1780456750,105.377732
1780456750,104.022380
1780456750,104.745038
1780456750,115.703470
1780456750,104.084558
1780456750,104.964148
1780456750,114.712093
1780456750,104.027972
1780456750,116.077395
1780456750,106.183739
1780456750,103.021663
1780456750,105.481403
1780456750,115.260261
1780456750,102.876070
1780456750,107.214663
1780456750,115.362578
1780456750,104.972691
1780456750,103.280141
1780456750,115.565240
1780456750,106.841713
1780456750,103.639009
1780456750,115.266678
1780456750,105.387680
1780456750,103.621636
1780456750,117.095622
1780456750,103.769592
1780456750,115.989255
1780456750,108.019335
1780456750,106.086919
1780456750,115.887765
1780456750,102.975734
1780456750,103.104166
1780456750,117.007686
1780456750,103.406347
1780456750,106.534937
1780456750,103.225824
1780456750,103.448095
1780456750,106.543064
1780456750,103.601440
1780456750,108.168886
1780456750,115.911742
1780456750,102.270863
1780456750,106.852172
1780456750,116.115536
1780456750,102.578784
1780456750,102.514224
1780456750,105.725257
1780456750,116.529781
1780456750,114.394230
1780456750,106.078892
1780456750,103.170719
1780456750,103.080468
1780456750,114.576496
1780456750,106.291721
1780456750,103.265986
1780456750,104.993583
1780456750,113.744595
1780456750,113.956557
1780456750,103.936074
1780456750,105.438443
1780456750,104.037075
1780456750,105.437748
1780456750,104.175788
1780456750,114.218434
1780456750,104.142894
1780456750,114.184328
1780456750,104.261837
1780456750,104.642777
1780456750,102.918766
1780456750,103.056597
1780456750,104.802999
1780456750,114.846729
1780456750,103.156867
1780456750,103.280357
1780456750,113.136324
1780456750,104.999018
1780456750,103.415469
1780456750,103.282358
1780456750,113.431904
1780456750,104.688426
1780456750,103.563997
1780456750,114.952045
1780456750,103.840970
1780456750,115.210589
1780456750,102.670060
1780456750,103.808744
1780456750,103.416610
1780456750,103.868325
1780456750,114.101954
1780456750,102.882255
1780456750,104.072552
1780456750,102.898609
1780456750,112.818919
1780456750,103.142543
1780456750,104.369199
1780456750,112.390700
1780456750,101.992216
1780456750,104.343735
1780456750,104.022500
1780456750,103.617448
1780456750,114.498522
1780456750,103.703896
1780456750,102.416718
1780456750,112.899471
1780456750,102.451939
1780456750,102.618487
1780456750,112.166729
1780456750,102.749822
1780456750,111.502299
1780456750,102.966993
1780456750,113.340528
1780456750,103.095790
1780456750,111.584185
1780456750,112.009748
1780456750,112.454232
1780456750,112.253782
1780456750,102.686589
1780456750,102.813473
1780456750,102.897235
1780456750,103.035563
1780456750,102.994674
1780456750,113.116728
1780456750,103.166991
1780456750,103.133010
1780456750,111.615584
1780456750,103.188869
1780456750,110.395686
1780456750,110.500302
1780456750,102.426536
1780456750,110.483802
1780456750,102.371072
1780456750,103.970466
1780456750,110.962786
1780456750,103.038832
1780456750,102.909301
1780456750,110.942931
1780456750,103.211728
1780456750,103.324526
1780456750,103.492162
1780456750,103.701692
1780456750,103.419206
1780456750,110.735677
1780456750,104.134624
1780456750,104.085915
1780456750,111.145498
1780456750,104.192926
1780456750,104.303091
1780456750,102.741210
1780456750,104.154090
1780456750,111.305218
1780456750,103.832592
1780456750,111.098288
1780456750,102.713691
1780456750,102.857262
1780456750,110.834193
1780456750,103.014918
1780456750,112.071449
1780456750,103.726876
1780456750,109.255081
1780456750,103.393547
1780456750,110.419596
1780456750,110.226882
1780456750,103.786148
1780456750,109.596372
1780456750,103.940995
1780456750,104.005498
1780456750,109.647689
1780456750,104.201418
1780456750,104.080012
1780456750,108.699644
1780456750,109.970647
1780456750,104.762471
1780456750,104.673236
1780456750,104.768098
1780456750,106.505334
1780456750,107.794901
1780456750,103.664825
1780456750,107.787167
1780456750,103.842873
1780456750,106.846349
1780456750,103.957417
1780456750,104.142543
1780456750,107.025750
1780456750,105.481802
1780456750,104.127434
1780456750,104.345304
1780456750,104.614259
1780456750,104.263602
1780456750,107.000891
1780456750,103.353101
1780456750,103.532566
1780456750,104.633267
1780456750,102.974661
1780456750,106.203129
1780456750,103.936578
1780456750,104.933525
1780456750,103.135319
1780456750,104.285628
1780456750,105.264851
1780456750,106.633164
1780456750,104.427515
1780456750,103.816041
1780456750,105.944778
1780456750,104.856339
1780456750,106.268861
1780456750,106.264812
1780456750,104.384769
1780456750,104.332084
1780456750,107.684975
1780456750,106.524574
1780456750,106.536874
1780456750,106.478841
1780456750,107.910783
1780456750,106.360516
1780456750,103.016785
1780456750,105.427905
1780456750,107.433395
1780456750,107.178482
1780456750,105.415790
1780456750,105.506599
1780456750,104.583040
1780456750,105.776613
1780456750,104.547504
1780456750,104.634538
1780456750,104.755982
1780456750,105.077862
1780456750,105.055575
1780456750,103.072816
1780456750,105.355081
1780456750,104.957827
1780456750,105.435423
1780456750,102.763637
1780456750,105.613355
1780456750,105.378423
1780456750,105.500726
1780456750,105.606284
1780456750,105.644396
1780456750,105.813631
1780456750,105.186132
1780456750,106.032340
1780456750,105.329759
1780456750,103.902118
1780456750,105.982640
1780456750,104.072124
1780456750,106.222372
1780456750,103.607675
1780456750,106.241188
1780456750,104.608911
1780456750,106.398395
1780456750,105.889533
1780456750,104.831318
1780456750,106.781004
1780456750,104.335061
1780456750,106.654140
1780456750,106.805532
1780456750,105.054539
1780456750,105.101200
1780456750,105.333559
1780456750,107.134290
1780456750,103.039574
1780456750,106.690853
1780456750,105.008165
1780456750,104.774220
1780456750,105.414006
1780456750,105.208395
1780456750,105.126834
1780456750,105.949139
1780456750,107.386166
1780456750,105.763684
1780456750,105.735038
1780456750,106.100854
1780456750,103.656176
1780456750,106.077926
1780456750,102.472892
1780456750,106.036492
1780456750,104.047136
1780456750,105.381360
1780456750,105.711521
1780456750,104.206640
1780456750,105.965634
1780456750,108.246160
1780456750,105.845999
1780456750,106.185439
1780456750,105.954915
1780456750,104.529535
1780456750,107.136289
1780456750,104.861299
1780456750,107.264944
1780456750,107.293087
1780456750,106.342055
1780456750,104.996482
1780456750,103.991006
1780456750,107.385409
1780456750,104.925073
1780456750,105.256783
1780456750,105.118743
1780456750,105.472441
1780456750,105.562354
1780456750,106.681727
1780456750,105.404109
1780456750,108.041994
1780456750,104.559587
1780456750,104.503889
1780456750,107.975259
1780456750,106.018752
1780456750,107.374917
1780456750,103.457330
1780456750,103.632048
1780456750,108.396090
1780456750,103.786097
1780456750,106.064298
1780456750,109.081171
1780456750,106.160760
1780456750,104.011138
1780456750,106.711642
1780456750,106.373331
1780456750,105.259180
1780456750,103.811592
1780456750,104.023419
1780456750,104.054461
1780456750,104.240244
1780456750,106.235440
1780456750,107.322675
1780456750,104.339347
1780456750,106.225629
1780456750,104.912851
1780456750,104.472549
1780456750,104.762587
1780456750,105.017933
1780456750,106.523446
1780456750,107.653895
1780456750,105.383196
1780456750,105.083337
1780456750,103.757844
1780456750,105.588250
1780456750,103.993101
1780456750,104.109429
1780456750,105.994460
1780456750,103.924014
1780456750,104.078081
1780456750,107.324186
1780456750,104.185293
1780456750,104.219983
1780456750,106.048742
1780456750,104.765295
1780456750,103.161191
1780456750,107.785371
1780456750,107.767269
1780456750,108.915399
1780456750,106.368577
1780456750,106.491883
1780456750,109.194880
1780456750,109.157837
1780456750,108.141005
1780456750,108.105648
1780456750,108.179556
1780456750,104.856467
1780456750,105.027059
1780456750,103.578365
1780456750,107.938301
1780456750,106.807792
1780456750,108.257408
1780456750,106.372123
1780456750,106.129633
1780456750,109.293301
1780456750,103.472418
1780456750,103.655797
1780456750,107.063512
1780456750,103.898711
1780456750,107.001396
1780456750,103.745122
1780456750,108.725071
1780456750,103.866910
1780456750,107.026225
1780456750,105.698549
1780456750,104.203579
1780456750,104.001565
1780456750,104.047112
1780456750,107.115175
1780456750,109.323632
1780456750,104.604871
1780456750,104.674891
1780456750,104.337176
1780456750,104.681289
1780456750,106.295285
1780456750,106.454176
1780456750,104.405171
1780456750,106.485814
1780456750,103.312159
1780456750,108.211888
1780456750,103.544346
1780456750,106.714678
1780456750,106.692227
1780456750,107.111295
1780456750,105.608285
1780456750,103.843808
1780456750,107.207563
1780456750,105.825554
1780456750,104.117653
1780456750,105.518581
1780456750,107.546415
1780456750,104.115219
1780456750,105.936820
1780456750,104.066682
1780456750,104.099115
1780456750,106.402688
1780456750,104.843004
1780456750,104.445472
1780456750,104.573112
1780456750,105.228884
1780456750,105.197468
1780456750,105.211202
1780456750,108.189889
1780456750,103.365100
1780456750,105.059836
1780456750,105.484811
1780456750,103.734452
1780456750,105.009602
1780456750,107.231616
1780456750,105.451592
1780456750,104.200293
1780456750,107.301112
1780456750,104.193329
1780456750,105.696067
1780456750,107.456737
1780456750,104.472548
1780456750,104.380290
1780456750,106.077545
1780456750,107.639252
1780456750,104.398096
1780456750,104.647759
1780456750,106.183293
1780456750,106.503093
1780456750,104.879911
1780456750,104.410030
1780456750,106.504020
1780456750,104.714200
1780456750,104.975560
1780456750,106.564604
1780456750,105.213447
1780456750,105.167094
1780456750,105.318767
1780456750,105.307775
1780456750,106.846882
1780456750,103.930886
1780456750,103.784344
1780456750,103.909037
1780456750,104.193027
1780456750,107.190311
1780456750,105.550201
1780456750,107.603211
1780456750,105.747661
1780456750,104.541451
1780456750,104.350768
1780456750,106.146367
1780456750,104.540063
1780456750,106.248011
1780456750,105.042820
1780456750,103.251092
1780456750,103.396443
1780456750,105.150912
1780456750,102.125296
1780456750,106.747180
1780456750,103.806942
1780456750,108.859545
1780456750,103.701999
1780456750,113.523281
1780456750,111.951679
1780456750,108.609677
1780456750,108.748792
1780456750,110.792096
1780456750,105.567072
1780456750,110.266465
1780456750,110.684125
1780456750,109.045129
1780456750,110.757182
1780456750,105.622852
1780456750,112.351763
1780456750,107.212810
1780456750,104.154359
1780456750,103.811049
1780456750,104.335332
1780456750,102.780865
1780456750,104.284231
1780456750,107.042238
1780456750,105.813683
1780456750,104.082813
1780456750,107.222139
1780456750,104.066558
1780456750,103.937772
1780456750,107.359549
1780456750,104.187687
1780456750,106.188933
1780456750,106.052746
1780456750,104.685848
1780456750,104.206848
1780456750,103.290217
1780456750,105.006882
1780456750,108.174842
1780456750,105.099095
1780456750,106.736764
1780456750,105.030719
1780456750,103.385656
1780456750,103.442250
1780456750,103.733504
1780456750,106.866207
1780456750,105.257766
1780456750,103.768794
1780456750,103.901179
1780456750,108.532948
1780456750,107.001361
1780456750,105.426149
1780456750,105.551082
1780456750,105.701380
1780456750,107.270809
1780456750,103.968013
1780456750,104.478587
1780456750,106.331938
1780456750,104.459919
1780456750,102.967241
1780456750,104.914723
1780456750,107.740884
1780456750,105.009509
1780456750,108.196426
1780456750,104.714695
1780456750,105.073933
1780456750,106.724912
1780456750,103.724973
1780456750,105.062523
1780456750,103.818510
1780456750,108.605139
1780456750,105.364493
1780456750,103.849441
1780456750,108.954494
1780456750,103.664844
1780456750,103.659592
1780456750,107.626874
1780456750,104.333607
1780456750,107.116313
1780456750,104.517543
1780456750,107.806228
1780456750,106.125548
1780456750,104.585449
1780456750,106.277425
1780456750,104.775278
1780456750,104.790834
1780456750,104.861073
1780456750,108.345707
1780456750,104.874766
1780456750,105.219426
1780456750,103.701885
1780456750,108.249504
1780456750,103.757968
1780456750,105.279301
1780456750,103.932849
1780456750,103.749984
1780456750,106.857272
1780456750,103.706399
1780456750,105.433175
1780456750,107.459113
1780456750,105.705816
1780456750,105.800374
1780456750,102.660868
1780456750,104.448358
1780456750,106.200525
1780456750,106.332634
1780456750,104.614878
1780456750,104.531059
1780456750,106.102221
1780456750,104.334267
1780456750,106.364788
1780456750,106.585263
1780456750,104.721933
1780456750,106.402494
1780456750,106.332163
1780456750,103.513756
1780456750,106.515290
1780456750,108.296787
1780456750,105.271102
1780456750,106.550377
1780456750,105.552519
1780456750,108.724248
1780456750,103.738324
1780456750,105.332376
1780456750,105.742280
1780456750,105.740193
1780456750,104.144802
1780456750,104.264790
1780456750,108.924839
1780456750,102.893343
1780456750,106.125622
1780456750,102.559361
1780456750,102.863485
1780456750,106.382515
1780456750,106.186275
1780456750,106.391211
1780456750,106.376368
1780456750,103.361960
1780456750,106.491597
1780456750,103.527846
1780456750,106.574335
1780456750,103.764006
1780456750,103.456687
1780456750,105.328280
1780456750,106.795952
1780456750,108.556286
1780456750,103.565654
1780456750,107.174824
1780456750,105.793603
1780456750,104.244636
1780456750,104.451002
1780456750,102.614888
1780456750,102.603313
1780456750,106.112504
1780456750,105.816250
1780456750,104.686694
1780456750,104.440147
1780456750,106.078773
1780456750,106.481422
1780456750,102.758295
1780456750,106.241651
1780456750,104.902230
1780456750,106.687020
1780456750,108.553190
1780456750,106.947454
1780456750,105.363081
1780456750,105.038700
1780456750,107.123068
1780456750,105.121457
1780456750,105.534395
1780456750,107.128346
1780456750,108.962689
1780456750,107.596606
1780456750,105.443231
1780456750,105.785322
1780456750,107.412782
1780456750,107.719838
1780456750,104.308698
1780456750,106.125469
1780456750,105.935412
1780456750,104.571365
1780456750,106.162762
1780456750,106.486834
1780456750,108.120896
1780456750,106.456746
1780456750,106.642837
1780456750,103.363837
1780456750,106.890131
1780456750,106.910961
1780456750,104.849187
1780456750,106.783863
1780456750,106.464422
1780456750,103.724418
1780456750,106.887227
1780456750,107.380103
1780456750,105.352842
1780456750,106.864451
1780456750,104.113722
1780456750,105.934699
1780456750,105.943139
1780456750,105.779122
1780456750,105.979089
1780456750,107.524576
1780456750,106.182437
1780456750,106.211523
1780456750,106.329685
1780456750,107.638284
1780456750,102.722180
1780456750,106.436377
1780456750,107.787129
1780456750,102.866193
1780456750,106.399126
1780456750,106.406464
1780456750,102.993307
1780456750,106.650719
1780456750,106.722071
1780456750,103.145354
1780456750,105.013399
1780456750,106.736543
1780456750,106.929385
1780456750,103.977142
1780456750,107.387950
1780456750,106.986896
1780456750,105.551887
1780456750,102.533835
1780456750,107.092332
1780456750,104.225832
1780456750,107.342847
1780456750,107.887227
1780456750,102.687604
1780456750,104.579403
1780456750,106.453916
1780456750,102.869840
1780456750,104.559588
1780456750,104.714031
1780456750,108.109284
1780456750,106.790249
1780456750,107.823061
1780456750,106.828726
1780456750,108.068011
1780456750,106.759194
1780456750,107.119605
1780456750,108.234348
1780456750,106.902295
1780456750,107.081249
1780456750,107.168958
1780456750,107.324903
1780456750,107.273035
1780456750,105.406857
1780456750,104.000892
1780456750,107.579564
1780456750,102.506137
1780456750,106.146124
1780456750,107.790072
1780456750,105.721251
1780456750,107.770165
1780456750,104.388244
1780456750,104.750647
1780456750,107.856954
1780456750,103.338721
1780456750,103.331562
1780456750,103.368113
1780456750,108.669897
1780456750,107.084807
1780456750,107.092081
1780456750,103.668694
1780456750,103.630052
1780456750,107.066658
1780456750,107.393431
1780456750,107.639916
1780456750,105.814814
1780456750,109.283401
1780456750,104.018154
1780456750,105.969215
1780456750,106.315292
1780456750,109.640600
1780456750,109.515143
1780456750,108.293152
1780456750,103.281161
1780456750,109.960599
1780456750,105.103032
1780456750,105.408512
1780456750,103.553443
1780456750,105.335866
1780456750,105.563237
1780456750,104.915330
1780456750,108.788956
1780456750,108.697913
1780456750,110.929882
1780456750,108.556211
1780456750,110.763839
1780456750,104.328021
1780456750,108.810149
1780456750,105.756033
1780456750,111.023434
1780456750,109.326215
1780456750,109.747309
1780456750,106.473969
1780456750,104.380052
1780456750,108.270928
1780456750,106.097560
1780456750,109.827074
1780456750,104.932158
1780456750,108.315806
1780456750,106.637801
1780456750,110.109072
1780456750,106.820043
1780456750,109.766886
1780456750,106.940669
1780456750,108.413248
1780456750,110.111577
1780456750,108.875437
1780456750,110.666526
1780456750,105.593385
1780456750,107.370809
1780456750,107.481119
1780456750,105.554572
1780456750,104.142196
1780456750,105.765126
1780456750,104.441425
1780456750,110.447546
1780456750,107.541155
1780456750,102.914946
1780456750,107.815538
1780456750,104.774754
1780456750,104.937989
1780456750,102.805248
1780456750,109.853421
1780456750,111.113989
1780456750,104.819083
1780456750,109.928156
1780456750,104.930575
1780456750,106.916926
1780456750,108.202837
1780456750,110.385534
1780456750,107.032039
1780456750,108.834354
1780456750,108.646514
1780456750,110.427273
1780456750,110.483477
1780456750,105.533144
1780456750,103.570770
1780456750,110.586209
1780456750,108.684416
1780456750,105.994510
1780456750,102.763687
1780456750,107.851796
1780456750,111.176500
1780456750,104.426057
1780456750,111.227468
1780456750,106.400587
1780456750,104.324033
1780456750,106.450637
1780456750,106.329033
1780456750,111.338445
1780456750,110.147230
1780456750,106.368298
1780456750,106.771238
1780456750,106.866248
1780456750,110.368737
1780456750,106.736051
1780456750,106.675590
1780456750,103.771395
1780456750,105.407597
1780456750,108.646554
1780456750,105.274491
1780456750,110.385885
1780456750,112.201354
1780456750,104.538900
1780456750,105.601757
1780456750,104.491854
1780456750,107.854512
1780456750,106.213870
1780456750,109.657737
1780456750,111.355044
1780456750,106.458288
1780456750,110.147896
1780456750,105.104718
1780456750,108.865640
1780456750,110.398078
1780456750,111.882440
1780456750,110.574185
1780456750,105.245212
1780456750,105.251286
1780456750,107.521854
1780456750,105.939731
1780456750,110.749972
1780456750,104.370351
1780456750,105.961812
1780456750,104.272090
1780456750,106.039746
1780456750,107.879891
1780456750,105.992504
1780456750,104.393507
1780456750,106.140430
1780456750,106.485364
1780456750,112.803191
1780456750,104.901107
1780456750,108.253687
1780456750,106.553086
1780456750,105.179420
1780456750,104.821388
1780456750,106.581788
1780456750,105.249437
1780456750,112.051599
1780456750,105.209303
1780456750,108.634398
1780456750,105.584789
1780456750,108.796184
1780456750,106.898107
1780456750,107.481112
1780456750,107.132377
1780456750,105.770781
1780456750,107.592428
1780456750,107.512106
1780456750,105.937591
1780456750,112.488286
1780456750,112.576705
1780456750,109.225391
1780456750,106.378221
1780456750,106.440281
1780456750,113.288661
1780456750,106.535993
1780456750,111.898598
1780456750,113.150006
1780456750,106.612300
1780456750,112.024355
1780456750,106.895627
1780456750,111.882157
1780456750,107.080829
1780456750,107.261664
1780456750,112.267575
1780456750,112.384786
1780456750,106.993790
1780456750,107.325777
1780456750,107.413871
1780456750,112.348522
1780456750,107.130075
1780456750,112.265113
1780456750,107.302077
1780456750,112.559252
1780456750,112.698813
1780456750,105.952273
1780456750,106.431630
1780456750,113.203871
1780456750,106.418653
1780456750,111.774873
1780456750,110.029694
1780456750,106.389806
1780456750,106.768631
1780456750,112.025587
1780456750,106.591528
1780456750,112.081305
1780456750,108.355929
1780456750,106.962643
1780456750,107.078363
1780456750,107.224804
1780456750,112.168333
1780456750,106.817341
1780456750,107.029935
1780456750,112.645577
1780456750,107.414224
1780456750,107.083484
1780456750,107.331246
1780456750,112.802751
1780456750,106.022562
1780456750,107.271561
1780456750,107.406285
1780456750,106.186083
1780456750,107.827191
1780456750,113.076960
1780456750,112.906390
1780456750,106.484470
1780456750,113.372730
1780456750,106.531295
1780456750,106.684117
1780456750,108.274653
1780456750,108.558917
1780456750,106.349410
1780456750,108.226768
1780456750,106.982185
1780456750,113.829040
1780456750,113.512741
1780456750,112.370084
1780456750,107.030272
1780456750,113.995749
1780456750,108.672845
1780456750,107.153437
1780456750,109.144805
1780456750,112.543571
1780456750,112.422682
1780456750,107.677195
1780456750,109.447289
1780456750,112.710992
1780456750,107.557265
1780456750,113.121234
1780456750,107.703644
1780456750,111.520901
1780456750,109.780055
1780456750,106.593366
1780456750,107.853117
1780456750,108.006323
1780456750,114.753473
1780456750,111.488674
1780456750,111.678597
1780456750,108.207061
1780456750,108.193694
1780456750,108.259937
1780456750,108.609092
1780456750,111.706974
1780456750,108.389829
1780456750,110.679222
1780456750,107.333865
1780456750,108.492694
1780456750,108.440164
1780456750,108.594214
1780456750,109.176097
1780456750,109.091543
1780456750,110.818658
1780456750,109.336703
1780456750,107.455030
1780456750,107.804783
1780456750,112.661918
1780456750,107.734504
1780456750,111.240861
1780456750,111.189561
1780456750,109.419138
1780456750,107.876184
1780456750,108.115753
1780456750,109.902353
1780456750,106.788307
1780456750,108.422796
1780456750,108.458194
1780456750,108.637945
1780456750,110.115815
1780456750,108.542264
1780456750,108.694748
1780456750,108.822653
1780456750,108.877231
1780456750,107.195645
1780456750,108.851407
1780456750,109.118272
1780456750,110.241600
1780456750,107.305493
1780456750,112.334190
1780456750,107.652569
1780456750,109.270957
1780456750,109.394464
1780456750,109.345468
1780456750,109.363655
1780456750,106.311257
1780456750,109.528530
1780456750,109.433473
1780456750,106.272877
1780456750,109.726398
1780456750,108.358924
1780456750,108.999883
1780456750,107.389579
1780456750,110.732780
1780456750,109.301748
1780456750,105.370558
1780456750,109.066506
1780456750,110.975510
1780456750,110.638578
1780456750,108.978556
1780456750,104.358004
1780456750,107.224383
1780456750,108.170758
1780456750,110.031890
1780456750,106.484235
1780456750,109.721662
1780456750,110.176226
1780456750,110.235719
1780456750,110.233700
1780456750,106.703309
1780456750,110.374404
1780456750,110.296625
1780456750,108.728319
1780456750,110.255949
1780456750,105.576567
1780456750,110.154441
1780456750,110.122000
1780456750,108.787690
1780456750,110.287805
1780456750,110.745775
1780456750,104.278328
1780456750,109.182861
1780456750,110.798386
1780456750,103.537766
1780456750,109.651487
1780456750,110.922211
1780456750,109.617543
1780456750,111.754523
1780456750,110.084916
1780456750,111.318785
1780456750,111.755673
1780456750,110.227627
1780456750,110.121280
1780456750,105.584695
1780456750,105.911253
1780456750,110.600112
1780456750,110.763879
1780456750,106.227073
1780456750,112.909716
1780456750,110.999008
1780456750,112.770571
1780456750,113.011787
1780456750,113.136393
1780456750,111.747129
1780456750,111.378485
1780456750,111.562650
1780456750,105.889427
1780456750,104.737462
1780456750,111.605311
1780456750,104.822054
1780456750,111.609955
1780456750,111.637947
1780456750,111.880041
1780456750,110.621051
1780456750,111.945604
1780456750,107.656803
1780456750,112.416676
1780456750,110.889013
1780456750,112.467671
1780456750,107.236328
1780456750,111.202448
1780456750,112.711039
1780456750,102.162112
1780456750,111.421230
1780456750,113.062347
1780456750,110.208751
1780456750,111.604005
1780456750,113.193932
1780456750,111.980705
1780456750,112.301635
1780456750,111.932640
1780456750,111.067837
1780456750,110.969653
1780456750,112.648304
1780456750,112.758659
1780456750,113.104589
1780456750,115.164593
1780456750,112.881835
1780456750,114.537094
1780456750,114.313953
1780456750,112.939356
1780456750,113.042113
1780456750,113.318581
1780456750,108.316667
1780456750,113.440233
1780456750,108.643870
1780456750,116.671923
1780456750,113.900646
1780456750,111.374950
1780456750,113.941511
1780456750,117.131436
1780456750,111.599458
1780456750,112.002606
1780456750,114.832334
1780456750,116.434163
1780456750,109.460534
1780456750,111.087027
1780456750,113.415355
1780456750,108.044762
1780456750,113.606161
1780456750,116.437848
1780456750,113.804603
1780456750,115.231703
1780456750,114.080659
1780456750,116.753844
1780456750,108.184663
1780456750,114.339933
1780456750,117.351183
1780456750,114.542176
1780456750,113.273399
1780456750,114.743689
1780456750,109.735476
1780456750,112.797358
1780456750,114.100954
1780456750,113.112652
1780456750,108.651722
1780456750,113.200880
1780456750,108.614945
1780456750,113.506977
1780456750,113.663817
1780456750,110.523867
1780456750,112.476923
1780456750,103.588847
1780456750,109.606886
1780456750,112.782455
1780456750,117.843816
1780456750,112.889196
1780456750,118.299918
1780456750,117.089007
1780456750,109.519104
1780456750,109.906309
1780456750,117.339486
1780456750,109.752884
1780456750,115.820945
1780456750,115.417996
1780456750,109.857922
1780456750,109.528845
1780456750,109.875026
1780456750,118.895501
1780456750,114.937385
1780456750,109.746589
1780456750,117.250025
1780456750,117.257837
1780456750,109.522709
1780456750,115.180992
1780456750,118.606894
1780456750,115.989610
1780456750,116.131987
1780456750,115.601989
1780456750,116.440855
1780456750,118.228848
1780456750,114.878453
1780456750,117.995865
1780456750,118.138374
1780456750,114.146449
1780456750,116.873967
1780456750,117.953356
1780456750,114.638433
1780456750,114.854146
1780456750,114.695008
1780456750,112.922633
1780456750,116.541120
1780456750,111.927533
1780456750,118.429366
1780456750,114.606006
1780456750,115.581109
1780456750,118.465738
1780456750,114.485451
1780456750,114.528526
1780456750,115.382041
1780456750,113.923742
1780456750,113.641031
1780456750,113.242254
1780456750,118.511727
1780456750,115.419378
1780456750,106.737844
1780456750,110.907461
1780456750,112.034599
1780456750,111.286551
1780456750,116.040042
1780456750,119.052388
1780456750,115.834588
1780456750,117.552839
1780456750,107.862507
1780456750,118.074950
1780456750,115.795346
1780456750,109.830930
1780456750,107.338968
1780456750,114.405027
1780456750,115.954412
1780456750,108.795261
1780456750,123.137356
1780456750,120.986619
1780456750,120.992389
1780456750,115.614990
1780456750,115.001885
1780456750,120.807127
1780456750,112.269176
1780456750,121.098408
1780456750,112.145141
1780456750,111.403193
1780456750,120.911443
1780456750,111.103788
1780456750,120.551842
1780456750,120.348865
1780456750,103.982853
1780456750,119.612324
1780456750,119.157127
1780456750,103.063596
1780456750,119.320297
1780456750,105.152294
1780456750,115.404892
1780456750,104.189084
1780456750,117.183672
1780456750,106.667887
1780456750,116.053058
1780456750,109.974393
1780456750,116.804491
1780456750,116.452222
1780456750,109.526597
1780456750,104.066744
1780456750,104.206696
1780456750,103.131019
1780456750,103.254433
1780456750,103.481782
1780456750,123.065309
1780456750,109.000756
1780456750,109.898474
1780456750,114.685865
1780456750,110.185597
1780456750,113.598750
1780456750,114.792914
1780456750,116.825424
1780456750,110.259467
1780456750,111.940760
1780456750,118.512571
1780456750,119.084426
1780456750,112.051821
1780456750,119.160923
1780456750,115.008049
1780456750,110.343135
1780456750,111.991531
1780456750,116.297381
1780456750,131.834012
1780456750,113.809829
1780456750,130.432412
1780456750,130.527493
1780456750,130.591547
1780456750,130.609722
1780456750,128.335690
1780456750,128.714741
1780456750,109.902991
1780456750,105.947856
1780456750,131.532240
1780456750,130.170442
1780456750,127.078162
1780456750,126.103788
1780456750,128.933591
1780456750,125.630163
1780456750,128.997824
1780456750,130.494892
1780456750,124.015396
1780456750,131.594583
1780456750,121.565318
1780456750,116.797275
1780456750,116.397712
1780456750,120.052057
1780456750,124.210493
1780456750,117.095495
1780456750,124.504917
1780456750,119.250969
1780456750,124.591912
1780456750,119.100687
1780456750,120.188452
1780456750,123.649597
1780456750,121.581827
1780456750,125.368150
1780456750,119.739373
1780456750,125.005589
1780456750,119.782404
1780456750,125.889764
1780456750,118.144608
1780456750,126.826061
1780456750,116.192006
1780456750,120.422937
1780456750,122.160542
1780456750,109.734729
1780456750,111.707905
1780456750,114.921696
1780456750,108.468026
1780456750,114.840067
1780456750,116.979121
1780456750,110.890142
1780456750,113.394133
1780456750,108.866283
1780456750,110.031851
1780456750,117.243449
1780456750,110.137333
1780456750,117.315504
1780456750,112.089697
1780456750,110.214247
1780456750,111.815251
1780456750,111.950611
1780456750,145.752997
1780456750,142.407975
1780456750,147.997631
1780456750,145.121077
1780456750,144.941201
1780456750,140.019225
1780456750,139.151201
1780456750,140.205699
1780456750,134.735676
1780456750,136.407591
1780456750,133.914680
1780456750,136.513774
1780456750,141.100502
1780456750,133.349417
1780456750,135.990680
1780456750,131.577298
1780456750,140.452893
1780456750,132.256352
1780456750,133.184693
1780456750,140.903285
1780456750,129.345409
1780456750,129.143120
1780456750,141.831695
1780456750,130.406868
1780456750,131.912415
1780456750,142.647031
1780456750,133.791080
1780456750,133.089842
1780456750,126.671617
1780456750,137.338106
1780456750,133.856638
1780456750,127.360411
1780456750,135.189631
1780456750,129.632139
1780456750,124.515240
1780456750,127.579651
1780456750,124.600736
1780456750,124.675825
1780456750,129.628234
1780456750,125.654611
1780456750,129.834538
1780456750,125.988643
1780456750,127.921483
1780456750,126.791395
1780456750,126.802681
1780456750,126.492598
1780456750,124.452287
1780456750,126.903012
1780456750,129.173852
1780456750,126.440678
1780456750,129.276577
1780456750,133.066889
1780456750,138.609142
1780456750,136.894095
1780456750,126.601310
1780456750,136.239765
1780456750,125.088379
1780456750,137.013460
1780456750,139.257862
1780456750,127.572438
1780456750,137.122724
1780456750,139.621199
1780456750,128.292605
1780456750,143.029884
1780456750,128.136860
1780456750,140.575711
1780456750,129.929023
1780456750,142.171263
1780456750,130.452319
1780456750,141.916577
1780456750,132.391111
1780456750,143.206641
1780456750,143.349502
1780456750,132.844640
1780456750,149.810289
1780456750,132.824429
1780456750,150.994642
1780456750,132.515867
1780456750,145.711015
1780456750,150.985357
1780456750,133.235127
1780456750,145.765308
1780456750,123.856514
1780456750,147.194862
1780456750,145.492272
1780456750,125.654508
1780456750,146.357140
1780456750,125.588785
1780456750,124.849150
1780456750,125.562532
1780456750,124.935606
1780456750,126.800917
1780456750,125.484609
1780456750,128.169748
1780456750,132.113993
1780456750,130.104606
1780456750,127.192821
1780456750,130.635780
1780456750,132.014763
1780456750,129.939311
1780456750,131.044218
1780456750,127.904002
1780456750,132.501993
1780456750,130.782851
1780456750,134.068846
1780456750,128.868585
1780456750,131.083637
1780456750,133.442113
1780456750,131.089522
1780456750,132.420222
1780456750,134.088721
1780456750,128.624780
1780456750,128.829610
1780456750,128.059452
1780456750,128.029062
1780456750,124.064899
1780456750,125.686368
1780456750,126.050202
1780456750,125.175765
1780456750,127.797427
1780456750,127.933758
1780456750,129.088286
1780456750,127.935502
1780456750,129.602301
1780456750,125.915147
1780456750,129.454648
1780456750,122.612875
1780456750,127.817537
1780456750,129.159590
1780456750,129.818757
1780456750,129.981703
1780456750,129.976450
1780456750,130.840432
1780456750,131.245711
1780456750,127.013629
1780456750,126.068697
1780456750,120.207879
1780456750,118.736565
1780456750,120.788301
1780456750,118.943501
1780456750,122.490504
1780456750,119.042131
1780456750,121.788130
1780456750,122.235012
1780456750,117.875173
1780456750,122.648249
1780456750,118.430661
1780456750,123.392668
1780456750,123.068107
1780456750,119.176922
1780456750,127.227156
1780456750,122.043786
1780456750,124.563533
1780456750,127.100229
1780456750,124.277308
1780456750,127.126234
1780456750,127.318789
1780456750,127.136850
1780456750,121.708398
1780456750,121.980468
1780456750,121.716659
1780456750,120.950043
1780456750,128.242335
1780456750,127.286230
1780456750,127.044031
1780456750,124.967452
1780456750,127.784875
1780456750,132.631880
1780456750,127.545824
1780456750,123.260145
1780456750,127.697669
1780456750,124.346991
1780456750,132.022085
1780456750,124.126849
1780456750,129.559786
1780456750,122.899507
1780456750,112.968080
1780456750,115.822553
1780456750,128.444187
1780456750,116.087285
1780456750,124.845417
1780456750,128.770283
1780456750,120.999678
1780456750,119.068580
1780456750,121.683515
1780456750,114.731887
1780456750,121.164129
1780456750,120.018331
1780456750,118.772352
1780456750,128.733710
1780456750,121.841847
1780456750,135.045511
1780456750,129.959125
1780456750,128.304039
1780456750,135.471857
1780456750,122.422954
1780456750,127.952322
1780456750,121.012221
1780456750,128.013984
1780456750,122.287512
1780456750,122.493880
1780456750,129.541612
1780456750,118.074801
1780456750,119.587769
1780456750,118.238388
1780456750,124.240255
1780456750,130.645614
1780456750,121.230853
1780456750,125.557671
1780456750,119.552717
1780456750,121.030015
1780456750,125.698473
1780456750,134.041883
1780456750,127.126123
1780456750,142.036415
1780456750,127.345720
1780456750,127.227310
1780456750,139.384795
1780456750,128.987021
1780456750,139.229282
1780456750,133.377651
1780456750,119.792440
1780456750,142.038732
1780456750,139.979096
1780456750,127.161582
1780456750,139.452173
1780456750,134.602221
1780456750,142.448482
1780456750,134.778475
1780456750,127.814912
1780456750,127.611533
1780456750,123.581116
1780456750,139.116216
1780456750,135.001365
1780456750,139.526899
1780456750,137.113729
1780456750,139.131867
1780456750,118.457544
1780456750,142.972759
1780456750,124.286567
1780456750,118.544801
1780456750,118.699919
1780456750,140.448969
1780456750,138.530429
1780456750,134.483350
1780456750,133.577945
1780456750,133.654338
1780456750,133.935960
1780456750,134.270455
1780456750,140.423871
1780456750,118.976397
1780456750,116.342446
1780456750,139.220543
1780456750,139.435373
1780456750,119.650379
1780456750,132.746343
1780456750,145.138163
1780456750,118.398740
1780456750,133.117358
1780456750,138.663068
1780456750,120.111201
1780456750,141.377481
1780456750,144.752591
1780456750,134.723693
1780456750,144.186567
1780456750,123.922701
1780456750,117.636436
1780456750,123.973640
1780456750,119.396174
1780456750,140.979058
1780456750,124.448991
1780456750,124.709589
1780456750,124.837856
1780456750,128.479690
1780456750,124.376317
1780456750,119.535432
1780456750,125.984796
1780456750,124.786793
1780456750,141.824362
1780456750,120.572163
1780456750,118.974103
1780456750,125.456220
1780456750,135.611144
1780456750,119.202190
1780456750,141.098199
1780456750,132.933930
1780456750,119.635411
1780456750,141.896650
1780456750,131.932078
1780456750,140.637936
1780456750,133.661745
1780456750,141.837249
1780456750,137.909131
1780456750,132.417046
1780456750,125.312620
1780456750,135.744601
1780456750,132.815197
1780456750,138.447057
1780456750,120.402270
1780456750,123.044536
1780456750,134.890706
1780456750,149.939120
1780456750,135.256669
1780456750,149.772271
1780456750,149.909596
1780456750,125.419934
1780456750,121.722381
1780456750,149.962196
1780456750,149.309743
1780456750,136.412582
1780456750,125.300789
1780456750,145.757535
1780456750,135.818471
1780456750,145.915351
1780456750,136.321948
1780456750,130.604106
1780456750,145.454381
1780456750,136.658553
1780456750,145.532827
1780456750,129.820129
1780456750,131.542783
1780456750,145.757890
1780456750,144.700182
1780456750,146.164293
1780456750,129.362284
1780456750,145.227140
1780456750,129.685756
1780456750,141.512101
1780456750,138.802617
1780456750,128.646272
1780456750,137.685635
1780456750,150.060366
1780456750,153.846793
1780456750,152.106040
1780456750,153.540849
1780456750,152.151905
1780456750,150.200087
1780456750,150.168557
1780456750,147.951076
1780456750,149.743356
1780456750,129.396472
1780456750,152.124535
1780456750,148.142294
1780456750,149.008070
1780456750,148.988795
1780456750,129.071532
1780456750,138.073523
1780456750,129.753908
1780456750,138.520625
1780456750,147.024906
1780456750,127.989369
1780456750,130.312249
1780456750,146.241951
1780456750,128.234195
1780456750,146.383520
1780456750,134.999545
1780456750,128.307262
1780456750,128.364360
1780456750,133.528312
1780456750,144.145898
1780456750,134.152570
1780456750,135.519579
1780456750,132.580888
1780456750,130.570902
1780456750,143.155757
1780456750,143.302540
1780456750,133.065356
1780456750,137.953914
1780456750,137.897283
1780456750,145.272178
1780456750,130.263809
1780456750,136.826637
1780456750,145.325049
1780456750,130.344192
1780456750,130.534485
1780456750,138.719762
1780456750,140.092049
1780456750,144.675007
1780456750,132.639830
1780456750,157.775027
1780456750,143.528593
1780456750,159.270067
1780456750,139.148416
1780456750,128.003896
1780456750,158.766899
1780456750,158.053360
1780456750,138.337976
1780456750,131.752866
1780456750,131.429541
1780456750,131.933485
1780456750,143.150845
1780456750,151.670561
1780456750,147.740305
1780456750,147.645930
1780456750,147.744788
1780456750,153.373036
1780456750,153.510517
1780456750,151.849867
1780456750,150.437869
1780456750,147.907405
1780456750,150.549668
1780456750,158.580096
1780456750,146.202325
1780456750,149.345266
1780456750,149.376262
1780456750,144.943251
1780456750,146.330665
1780456750,156.235582
1780456750,146.426886
1780456750,145.082163
1780456750,156.646891
1780456750,150.832995
1780456750,152.318857
1780456750,148.242612
1780456750,143.581507
1780456750,148.215722
1780456750,143.919138
1780456750,149.703370
1780456750,143.977738
1780456750,148.413615
1780456750,159.368370
1780456750,155.629346
1780456750,142.522880
1780456750,156.311953
1780456750,146.893201
1780456750,139.645270
1780456750,146.840003
1780456750,139.946140
1780456750,141.294442
1780456750,135.391154
1780456750,139.986191
1780456750,141.404989
1780456750,153.911658
1780456750,144.245589
1780456750,145.824861
1780456750,141.453865
1780456750,151.486617
1780456750,133.322017
1780456750,154.304527
1780456750,157.319634
1780456750,140.071973
1780456750,144.285875
1780456750,154.542146
1780456750,144.320288
1780456750,154.503613
1780456750,144.419418
1780456750,133.221316
1780456750,131.500344
1780456750,133.281302
1780456750,154.529369
1780456750,133.478623
1780456750,140.118678
1780456750,133.385105
1780456750,133.749552
1780456750,142.013825
1780456750,133.986245
1780456750,143.258933
1780456750,133.628717
1780456750,128.749487
1780456750,149.079365
1780456750,135.732682
1780456750,149.074758
1780456750,133.865572
1780456750,149.060913
1780456750,136.054415
1780456750,149.133898
1780456750,138.948814
1780456750,139.032114
1780456750,149.261746
1780456750,139.281733
1780456750,142.262097
1780456750,157.768799
1780456750,149.384520
1780456750,133.509087
1780456750,143.695367
1780456750,140.510239
1780456750,143.576226
1780456750,143.673354
1780456750,132.440437
1780456750,132.459713
1780456750,156.948790
1780456750,155.532446
1780456750,132.698496
1780456750,157.381474
1780456750,129.770106
1780456750,141.391462
1780456750,135.006920
1780456750,153.357662
1780456750,132.427751
1780456750,129.126154
1780456750,142.427198
1780456750,149.952295
1780456750,149.962927
1780456750,145.783970
1780456750,131.548170
1780456750,136.634285
1780456750,151.858921
1780456750,133.115853
1780456750,144.961451
1780456750,149.295164
1780456750,143.952779
1780456750,149.600093
1780456750,142.583401
1780456750,132.534719
1780456750,148.286087
1780456750,149.827458
1780456750,141.381186
1780456750,132.845855
1780456750,144.539396
1780456750,129.188331
1780456750,141.575337
1780456750,143.316387
1780456750,128.295412
1780456750,141.947634
1780456750,147.900146
1780456750,142.343622
1780456750,143.621744
1780456750,132.209686
1780456750,140.936917
1780456750,143.754708
1780456750,142.881293
1780456750,144.370145
1780456750,143.005478
1780456750,144.635166
1780456750,144.500357
1780456750,141.782351
1780456750,143.651060
1780456750,142.482359
1780456750,143.686569
1780456750,131.663989
1780456750,142.734666
1780456750,142.087357
1780456750,135.853450
1780456750,141.989635
1780456750,142.912432
1780456750,145.881575
1780456750,131.339418
1780456750,150.067369
1780456750,135.565487
1780456750,147.540080
1780456750,135.702877
1780456750,146.371491
1780456750,147.821828
1780456750,132.302418
1780456750,146.757031
1780456750,132.581964
1780456750,148.257265
1780456750,147.187530
1780456750,130.263234
1780456750,145.831515
1780456750,145.860010
1780456750,144.456227
1780456750,132.211737
1780456750,146.602175
1780456750,142.728538
1780456750,152.691707
1780456750,144.257906
1780456750,149.642366
1780456750,152.666625
1780456750,137.919249
1780456750,144.994706
1780456750,144.570813
1780456750,137.521057
1780456750,137.899470
1780456750,144.530930
1780456750,149.706048
1780456750,132.470999
1780456750,145.138146
1780456750,134.394833
1780456750,137.705344
1780456750,137.854357
1780456750,145.224838
1780456750,136.119542
1780456750,144.413198
1780456750,145.157969
1780456750,132.879544
1780456750,141.759828
1780456750,143.304085
1780456750,145.146467
1780456750,140.734181
1780456750,145.069986
1780456750,136.984655
1780456750,145.994061
1780456750,136.034752
1780456750,130.665196
1780456750,144.424958
1780456750,146.390803
1780456750,144.407368
1780456750,144.263709
1780456750,142.793280
1780456750,135.871304
1780456750,144.346889
1780456750,141.581817
1780456750,144.669103
1780456750,140.211630
1780456750,136.178171
1780456750,140.290179
1780456750,143.488987
1780456750,136.186575
1780456750,140.458379
1780456750,132.115733
1780456750,145.457147
1780456750,145.632008
1780456750,144.151403
1780456750,142.416138
1780456750,142.797568
1780456750,126.019383
1780456750,144.401378
1780456750,144.716484
1780456750,141.059474
1780456750,126.363686
1780456750,147.595672
1780456750,133.021771
1780456750,141.401275
1780456750,143.630125
1780456750,146.748328
1780456750,136.602255
1780456750,133.631813
1780456750,140.198171
1780456750,144.271493
1780456750,133.763043
1780456750,144.447157
1780456750,142.242058
1780456750,135.938027
1780456750,142.347414
1780456750,142.838138
1780456750,147.627259
1780456750,142.758527
1780456750,142.713952
1780456750,147.604758
1780456750,133.032232
1780456750,141.429969
1780456750,147.878397
1780456750,143.237237
1780456750,133.327293
1780456750,146.808252
1780456750,140.356104
1780456750,147.123592
1780456750,136.497895
1780456750,145.589075
1780456750,121.639576
1780456750,142.292457
1780456750,145.880409
1780456750,153.203309
1780456750,147.575990
1780456750,135.650298
1780456750,147.990486
1780456750,151.324665
1780456750,122.019082
1780456750,143.068202
1780456750,134.873322
1780456750,135.018122
1780456750,147.275465
1780456750,135.268293
1780456750,143.514636
1780456750,133.855228
1780456750,152.135665
1780456750,145.867666
1780456750,152.595059
1780456750,145.906896
1780456750,146.828395
1780456750,151.712202
1780456750,150.229978
1780456750,150.203761
1780456750,150.078402
1780456750,147.113423
1780456750,153.800101
1780456750,148.681719
1780456750,149.065756
1780456750,147.848632
1780456750,152.400478
1780456750,147.372566
1780456750,135.822946
1780456750,149.829445
1780456750,147.370079
1780456750,121.330619
1780456750,150.022634
1780456750,153.145495
1780456750,135.016208
1780456750,147.998286
1780456750,153.251745
1780456750,145.024693
1780456750,150.485714
1780456750,136.786612
1780456750,146.871740
1780456750,153.960517
1780456750,145.369504
1780456750,149.286218
1780456750,135.937259
1780456750,151.058418
1780456750,144.169339
1780456750,154.309878
1780456750,122.592008
1780456750,146.048308
1780456750,148.022508
1780456750,150.320308
1780456750,135.290916
1780456750,144.774597
1780456750,150.636043
1780456750,150.553193
1780456750,150.466375
1780456750,135.679119
1780456750,153.900180
1780456750,119.459416
1780456750,149.033536
1780456750,150.986220
1780456750,150.893082
1780456750,141.008208
1780456750,145.554998
1780456750,150.707495
1780456750,154.651980
1780456750,121.482411
1780456750,147.677773
1780456750,151.026895
1780456750,151.405549
1780456750,147.836820
1780456750,136.882719
1780456750,150.207529
1780456750,137.046091
1780456750,148.363924
1780456750,153.985838
1780456750,150.305857
1780456750,145.253137
1780456750,143.911119
1780456750,154.210005
1780456750,150.513303
1780456750,149.160864
1780456750,121.253233
1780456750,154.477820
1780456750,146.084560
1780456750,153.454967
1780456750,137.975714
1780456750,153.561072
1780456750,149.588358
1780456750,143.531955
1780456750,153.284810
1780456750,153.661904
1780456750,148.468191
1780456750,138.601598
1780456750,153.412070
1780456750,148.770201
1780456750,153.816671
1780456750,122.516590
1780456750,154.116199
1780456750,139.427079
1780456750,149.082469
1780456750,152.378450
1780456750,156.683853
1780456750,142.966683
1780456750,149.254193
1780456750,143.175129
1780456750,135.513026
1780456750,153.263908
1780456750,146.612408
1780456750,138.733310
1780456750,137.726303
1780456750,148.596530
1780456750,122.563635
1780456750,149.019735
1780456750,138.381763
1780456750,135.095594
1780456750,150.980278
1780456750,138.437793
1780456750,149.722208
1780456750,148.166163
1780456750,138.842120
1780456750,151.391367
1780456750,139.141614
1780456750,146.661273
1780456750,151.535142
1780456750,137.714748
1780456750,146.638126
1780456750,155.341652
1780456750,148.567253
1780456750,145.215688
1780456750,145.531824
1780456750,138.506387
1780456750,147.685055
1780456750,150.966944
1780456750,146.203552
1780456750,121.850814
1780456750,144.487662
1780456750,144.451579
1780456750,147.925183
1780456750,143.203949
1780456750,151.433437
1780456750,154.699201
1780456750,137.796504
1780456750,146.594759
1780456750,144.939112
1780456750,154.916073
1780456750,139.516307
1780456750,147.186248
1780456750,150.548290
1780456750,153.624874
1780456750,138.321714
1780456750,132.571227
1780456750,150.811168
1780456750,143.056465
1780456750,138.521002
1780456750,147.659675
1780456750,152.620210
1780456750,149.780350
1780456750,140.439989
1780456750,147.660426
1780456750,151.586261
1780456750,153.018575
1780456750,139.103894
1780456750,153.427772
1780456750,151.859920
1780456750,150.362233
1780456750,139.323320
1780456750,148.549241
1780456750,152.060584
1780456750,150.550436
1780456750,138.186276
1780456750,148.669922
1780456750,150.910923
1780456750,137.072433
1780456750,138.652586
1780456750,134.397077
1780456750,150.846320
1780456750,138.950173
1780456750,149.537736
1780456750,157.882419
1780456750,149.684424
1780456750,139.077577
1780456750,134.988489
1780456750,139.517434
1780456750,156.676335
1780456750,148.503681
1780456750,158.558054
1780456750,148.490933
1780456750,138.310039
1780456750,150.101387
1780456750,148.994910
1780456750,138.611524
1780456750,157.197765
1780456750,149.067638
1780456750,157.306780
1780456750,138.718108
1780456750,157.289672
1780456750,134.614370
1780456750,157.790499
1780456750,133.412125
1780456750,137.720992
1780456750,156.247059
1780456750,156.412305
1780456750,148.607463
1780456750,138.202653
1780456750,156.484504
1780456750,124.797324
1780456750,155.234329
1780456750,148.903663
1780456750,132.424422
1780456750,132.668346
1780456750,141.725287
1780456750,150.771800
1780456750,155.784193
1780456750,155.747064
1780456750,136.040090
1780456750,151.214473
1780456750,136.174412
1780456750,151.399531
1780456750,133.510994
1780456750,147.032716
1780456750,151.589754
1780456750,133.776873
1780456750,132.354988
1780456750,141.372157
1780456750,153.681323
1780456750,155.562665
1780456750,150.291989
1780456750,140.357918
1780456750,155.325227
1780456750,150.785068
1780456750,150.725449
1780456750,146.790527
1780456750,148.165760
1780456750,152.516756
1780456750,131.427229
1780456750,124.665299
1780456750,149.926915
1780456750,149.928378
1780456750,149.963328
1780456750,132.106989
1780456750,124.981059
1780456750,130.771547
1780456750,153.264255
1780456750,151.764051
1780456750,146.044142
1780456750,153.570502
1780456750,147.852799
1780456750,124.070128
1780456750,152.093538
1780456750,125.832335
1780456750,151.415103
1780456750,147.455298
1780456750,145.795061
1780456750,153.432112
1780456750,147.735096
1780456750,152.123798
1780456750,140.425235
1780456750,147.921614
1780456750,153.467632
1780456750,151.076065
1780456750,146.393938
1780456750,148.342954
1780456750,146.497356
1780456750,148.728523
1780456750,145.701301
1780456750,148.908959
1780456750,149.378372
1780456750,144.767960
1780456750,150.970643
1780456750,149.755285
1780456750,145.024609
1780456750,148.293622
1780456750,148.427402
1780456750,148.535935
1780456750,144.062237
1780456750,144.662114
1780456750,145.403679
1780456750,145.506446
1780456750,148.800432
1780456750,147.652542
1780456750,144.657970
1780456750,137.802194
1780456750,136.493853
1780456750,127.250929
1780456750,135.278589
1780456750,135.349619
1780456750,172.079238
1780456750,135.189284
1780456750,127.314105
1780456750,128.722510
1780456750,126.147779
1780456750,170.904347
1780456750,171.234320
1780456750,126.941098
1780456750,171.031406
1780456750,127.184199
1780456750,166.802549
1780456750,127.508314
1780456750,168.544592
1780456750,168.687366
1780456750,126.419507
1780456750,149.346564
1780456750,169.444157
1780456750,164.146577
1780456750,149.773399
1780456750,163.287811
1780456750,169.745753
1780456750,142.083168
1780456750,142.691568
1780456750,163.711366
1780456750,161.251730
1780456750,142.950284
1780456750,161.320810
1780456750,143.659097
1780456750,157.305285
1780456750,157.658443
1780456750,142.687467
1780456750,157.897257
1780456750,165.366681
1780456750,168.922119
1780456750,156.927727
1780456750,143.254424
1780456750,160.655685
1780456750,156.331226
1780456750,168.775753
1780456750,143.182581
1780456750,156.764825
1780456750,160.291660
1780456750,158.463881
1780456750,155.783913
1780456750,155.890620
1780456750,157.176193
1780456750,155.626639
1780456750,154.500218
1780456750,155.750776
1780456750,152.978713
1780456750,152.728575
1780456750,152.920828
1780456750,180.658988
1780456750,181.466438
1780456750,179.436550
1780456750,154.590715
1780456750,179.540842
1780456750,181.607354
1780456750,169.287605
1780456750,174.389458
1780456750,171.536697
1780456750,162.362382
1780456750,172.908022
1780456750,163.750255
1780456750,171.697124
1780456750,174.705628
1780456750,177.568189
1780456750,177.969655
1780456750,176.124820
1780456750,176.130404
1780456750,177.598693
1780456750,165.165171
1780456750,179.798573
1780456750,153.447577
1780456750,130.052560
1780456750,143.304789
1780456750,178.384325
1780456750,168.950406
1780456750,155.732852
1780456750,160.522165
1780456750,177.781152
1780456750,144.158740
1780456750,160.696419
1780456750,128.536736
1780456750,177.959829
1780456750,160.838382
1780456750,144.760373
1780456750,165.759638
1780456750,154.044981
1780456750,176.977474
1780456750,143.660345
1780456750,144.936172
1780456750,177.283127
1780456750,147.954618
1780456750,145.223404
1780456750,176.054969
1780456750,144.259868
1780456750,162.367329
1780456750,176.449551
1780456750,165.754383
1780456750,135.584943
1780456750,170.109208
1780456750,134.511952
1780456750,175.630485
1780456750,143.958715
1780456750,152.576442
1780456750,168.420357
1780456750,176.632197
1780456750,174.144295
1780456750,177.173685
1780456750,137.241054
1780456750,168.512438
1780456750,177.413209
1780456750,171.397533
1780456750,153.139867
1780456750,172.883349
1780456750,154.561421
1780456750,171.376397
1780456750,172.653329
1780456750,172.960071
1780456750,174.506339
1780456750,155.644115
1780456750,155.987499
1780456750,179.026251
1780456750,178.731990
1780456750,177.429440
1780456750,176.253812
1780456750,177.602253
1780456750,144.633943
1780456750,144.975875
1780456750,156.015490
1780456750,145.776202
1780456750,145.024120
1780456750,156.061294
1780456750,156.314549
1780456750,156.507639
1780456750,145.021223
1780456750,145.482918
1780456750,154.782130
1780456750,152.781030
1780456750,151.870640
1780456750,150.822186
1780456750,180.965446
1780456750,181.110261
1780456750,179.470978
1780456750,179.739695
1780456750,179.747285
1780456750,172.013726
1780456750,173.842753
1780456750,179.919719
1780456750,150.986820
1780456750,175.121178
1780456750,172.307534
1780456750,151.073199
1780456750,157.714977
1780456750,151.280074
1780456750,180.487021
1780456750,189.693991
1780456750,187.923237
1780456750,179.117018
1780456750,180.555469
1780456750,187.999341
1780456750,179.230986
1780456750,179.160009
1780456750,186.613166
1780456750,173.271460
1780456750,167.154158
1780456750,168.472039
1780456750,168.830255
1780456750,168.816187
1780456750,176.309960
1780456750,179.452695
1780456750,171.822622
1780456750,177.635058
1780456750,171.893003
1780456750,177.951842
1780456750,172.135200
1780456750,175.078957
1780456750,178.087896
1780456750,181.408960
1780456750,182.642678
1780456750,175.173670
1780456750,182.869891
1780456750,175.452233
1780456750,185.589180
1780456750,170.782551
1780456750,186.974263
1780456750,170.941202
1780456750,170.780723
1780456750,160.907946
1780456750,161.018996
1780456750,159.436445
1780456750,156.142467
1780456750,177.720145
1780456750,180.367079
1780456750,182.119449
1780456750,179.262881
1780456750,160.152533
1780456750,178.321555
1780456750,178.255243
1780456750,178.517691
1780456750,150.925806
1780456750,151.584244
1780456750,151.480832
1780456750,151.820423
1780456750,178.840318
1780456750,178.715600
1780456750,178.817390
1780456750,177.424524
1780456750,177.580015
1780456750,174.182341
1780456750,171.178189
1780456750,175.814800
1780456750,177.687652
1780456750,170.648412
1780456750,169.693704
1780456750,167.517900
1780456750,167.483283
1780456750,168.831882
1780456750,150.894362
1780456750,153.516140
1780456750,153.888074
1780456750,154.295243
1780456750,151.840646
1780456750,151.997871
1780456750,180.863652
1780456750,179.744124
1780456750,179.519054
1780456750,178.041543
1780456750,178.318682
1780456750,177.861169
1780456750,179.794711
1780456750,178.445480
1780456750,179.764023
1780456750,176.557048
1780456750,176.646584
1780456750,176.762414
1780456750,176.876508
1780456750,154.936898
1780456750,154.266975
1780456750,155.103255
1780456750,155.377711
1780456750,155.099113
1780456750,155.327190
1780456750,156.993789
1780456750,172.961642
1780456750,170.630359
1780456750,164.742047
1780456750,164.854139
1780456750,173.867522
1780456750,165.021501
1780456750,163.943914
1780456750,165.487208
1780456750,165.739950
1780456750,163.264502
1780456750,162.889785
1780456750,175.212217
1780456750,163.940339
1780456750,165.438831
1780456750,147.104690
1780456750,166.947400
1780456750,166.099148
1780456750,170.017412
1780456750,166.433307
1780456750,170.296161
1780456750,170.736238
1780456750,170.874079
1780456750,169.797449
1780456750,168.901322
1780456750,169.010572
1780456750,169.363007
1780456750,171.110955
1780456750,171.182081
1780456750,171.259225
1780456750,173.833028
1780456750,181.818933
1780456750,173.988395
1780456750,171.781909
1780456750,172.961754
1780456750,174.178177
1780456750,181.969403
1780456750,209.388411
1780456750,204.640470
1780456750,206.167527
1780456750,206.334894
1780456750,194.519501
1780456750,200.121475
1780456750,207.807922
1780456750,198.985056
1780456750,206.591858
1780456750,207.813150
1780456750,198.980925
1780456750,209.522908
1780456750,200.366212
1780456750,200.610624
1780456750,209.675748
1780456750,189.710654
1780456750,202.086535
1780456750,189.872704
1780456750,192.399288
1780456750,205.075962
1780456750,192.396424
1780456750,205.182510
1780456750,202.045433
1780456750,195.114894
1780456750,166.219962
1780456750,196.375525
1780456750,221.590282
1780456750,211.367032
1780456750,203.871977
1780456750,211.783242
1780456750,204.039416
1780456750,204.132490
1780456750,205.696014
1780456750,217.882477
1780456750,207.209581
1780456750,207.107784
1780456750,205.886031
1780456750,213.464625
1780456750,207.587909
1780456750,208.757236
1780456750,207.545647
1780456750,199.005100
1780456750,208.907714
1780456750,199.135553
1780456750,208.993268
1780456750,209.198878
1780456750,209.361694
1780456750,213.921162
1780456750,209.373969
1780456750,200.441196
1780456750,215.323314
1780456750,209.468724
1780456750,219.892038
1780456750,209.207163
1780456750,220.162410
1780456750,200.926250
1780456750,200.928962
1780456750,202.222822
1780456750,206.362522
1780456750,223.270706
1780456750,191.853576
1780456750,203.862914
1780456750,193.357362
1780456750,203.680508
1780456750,193.329810
1780456750,194.565627
1780456750,203.965150
1780456750,193.219109
1780456750,188.846772
1780456750,204.110270
1780456750,197.577170
1780456750,204.317901
1780456750,204.280083
1780456750,198.764065
1780456750,211.486539
1780456750,206.949736
1780456750,204.425126
1780456750,208.694591
1780456750,208.621661
1780456750,201.542179
1780456750,210.239813
1780456750,205.596004
1780456750,210.354294
1780456750,210.425206
1780456750,205.738053
1780456750,207.126406
1780456750,207.480869
1780456750,208.870481
1780456750,189.401420
1780456750,199.251609
1780456750,193.983874
1780456750,211.939551
1780456750,190.009401
1780456750,199.360283
1780456750,195.372369
1780456750,200.532225
1780456750,196.831985
1780456750,200.581172
1780456750,212.158062
1780456750,212.117567
1780456750,199.555640
1780456750,194.425309
1780456750,189.002798
1780456750,212.629916
1780456750,149.695889
1780456750,200.798175
1780456750,199.612521
1780456750,212.526585
1780456750,203.534649
1780456750,204.898704
1780456750,205.037079
1780456750,205.009224
1780456750,206.446189
1780456750,220.035794
1780456750,212.829475
1780456750,207.911563
1780456750,201.181370
1780456750,208.050758
1780456750,201.245840
1780456750,217.266171
1780456750,214.389734
1780456750,209.621641
1780456750,215.582886
1780456750,208.261925
1780456750,214.536732
1780456750,212.913726
1780456750,196.142225
1780456750,202.810132
1780456750,216.036168
1780456750,202.868479
1780456750,196.162493
1780456750,204.192265
1780456750,201.480648
1780456750,210.807944
1780456750,215.520840
1780456750,215.451820
1780456750,212.501122
1780456750,210.897299
1780456750,215.695061
1780456750,211.166599
1780456750,213.799437
1780456750,211.265466
1780456750,212.566112
1780456750,209.336339
1780456750,211.019394
1780456750,183.766434
1780456750,180.247035
1780456750,209.692498
1780456750,188.492992
1780456750,211.383212
1780456750,214.486124
1780456750,187.412796
1780456750,211.461523
1780456750,212.873542
1780456750,213.113148
1780456750,192.055554
1780456750,161.133883
1780456750,191.886525
1780456750,161.253284
1780456750,193.034710
1780456750,161.327956
1780456750,161.415587
1780456750,193.182659
1780456750,161.469413
1780456750,194.393135
1780456750,194.474091
1780456750,161.859130
1780456750,194.724015
1780456750,181.540880
1780456750,161.667540
1780456750,181.604535
1780456750,182.728504
1780456750,183.940012
1780456750,184.081072
1780456750,184.170980
1780456750,184.165474
1780456750,187.435765
1780456750,187.587482
1780456750,189.325849
1780456750,190.544244
1780456750,191.779639
1780456750,191.868012
1780456750,189.515466
1780456750,193.078983
1780456750,190.690195
1780456750,194.214845
1780456750,191.950140
1780456750,190.758108
1780456750,162.612957
1780456750,193.124039
1780456750,193.197530
1780456750,195.573131
1780456750,193.225985
1780456750,164.133142
1780456750,193.299673
1780456750,184.626756
1780456750,188.684322
1780456750,195.696464
1780456750,194.546124
1780456750,214.346189
1780456750,216.762049
1780456750,216.811711
1780456750,157.993888
1780456750,157.992485
1780456750,176.197063
1780456750,158.119133
1780456750,158.179606
1780456750,158.268527
1780456750,176.211743
1780456750,176.296416
1780456750,204.840184
1780456750,205.981573
1780456750,206.006435
1780456750,211.952070
1780456750,217.519473
1780456750,218.478916
1780456750,208.633527
1780456750,221.037458
1780456750,203.649979
1780456750,209.189750
1780456750,208.112715
1780456750,208.074829
1780456750,209.306060
1780456750,181.013200
1780456750,206.028322
1780456750,181.231042
1780456750,206.484429
1780456750,202.033030
1780456750,207.143415
1780456750,181.105952
1780456750,181.293913
1780456750,122.245148
1780456750,122.683588
1780456750,123.027975
1780456750,123.561247
1780456750,123.159898
1780456750,123.784422
1780456750,126.722179
1780456750,126.566055
1780456750,126.389243
1780456750,126.566262
1780456750,127.611435
1780456750,128.208779
1780456750,128.586405
1780456750,151.840830
1780456750,112.388235
1780456750,130.287314
1780456750,132.371668
1780456750,132.378157
1780456750,132.479638
1780456750,132.499976
1780456750,132.421607
1780456750,155.534369
1780456750,202.714481
1780456750,209.879200
1780456750,135.058682
1780456750,135.159592
1780456750,120.872268
1780456750,139.474685
1780456750,139.808954
1780456750,139.954477
1780456750,140.031227
1780456750,121.854469
1780456750,125.018945
1780456750,123.428788
1780456750,125.290776
1780456750,123.736150
1780456750,126.133774
1780456750,126.768704
1780456750,126.568917
1780456750,127.100807
1780456750,126.776739
1780456750,127.004105
1780456750,130.325148
1780456750,130.583174
1780456750,129.755457
1780456750,129.605311
1780456750,131.366328
1780456750,131.305995
1780456750,131.628294
1780456750,132.740281
1780456750,132.916035
1780456750,133.986902
1780456750,132.810906
1780456750,134.958477
1780456750,142.238705
1780456750,134.263515
1780456750,133.184209
1780456750,133.528504
1780456750,135.335523
1780456750,135.674977
1780456750,135.032893
1780456750,211.628484
1780456750,137.090087
1780456750,229.722361
1780456750,137.514483
1780456750,130.910795
1780456750,131.330352
1780456750,131.768959
1780456750,158.048866
1780456750,140.825490
1780456750,141.351804
1780456750,141.718749
1780456750,159.576009
1780456750,160.434501
1780456750,160.758151
1780456750,161.039816
1780456750,141.673870
1780456750,142.578055
1780456750,161.466912
1780456750,142.268923
1780456750,161.933209
1780456750,142.580243
1780456750,162.109644
1780456750,142.945410
1780456750,161.951807
1780456750,143.071731
1780456750,161.924373
1780456750,143.128429
1780456750,162.414969
1780456750,145.335640
1780456750,162.500430
1780456750,163.521056
1780456750,163.688924
1780456750,146.537269
1780456750,164.235228
1780456750,144.782486
1780456750,164.389695
1780456750,146.592141
1780456750,164.778038
1780456750,146.458622
1780456750,165.092377
1780456750,146.935694
1780456750,164.898144
1780456750,165.427633
1780456750,147.642993
1780456750,164.696095
1780456750,165.442886
1780456750,147.509793
1780456750,147.855471
1780456750,165.356413
1780456750,147.294809
1780456750,148.367102
1780456750,148.435036
1780456750,148.138675
1780456750,147.381167
1780456750,147.694986
1780456750,166.897187
1780456750,148.043791
1780456750,148.362419
1780456750,146.938279
1780456750,144.331412
1780456750,148.925013
1780456750,156.033357
1780456750,154.095470
1780456750,154.327751
1780456750,154.593610
1780456750,156.297097
1780456750,155.230580
1780456750,154.910961
1780456750,155.364349
1780456750,156.549267
1780456750,161.367874
1780456750,168.726088
1780456750,173.612408
1780456750,175.948380
1780456750,176.153789
1780456750,177.651262
1780456750,176.393355
1780456750,175.933641
1780456750,176.293682
1780456750,177.357745
1780456750,177.403642
1780456750,176.354807
1780456750,176.976614
1780456750,178.902977
1780456750,179.252244
1780456750,178.596335
1780456750,178.060361
1780456750,178.640727
1780456750,160.542392
1780456750,161.588381
1780456750,174.310831
1780456750,174.622005
1780456750,174.902709
1780456750,163.620331
1780456750,181.673131
1780456750,181.856271
1780456750,164.816846
1780456750,176.258433
1780456750,180.062587
1780456750,182.030703
1780456750,177.596213
1780456750,183.296398
1780456750,182.204138
1780456750,177.968609
1780456750,184.322784
1780456750,182.232118
1780456750,164.676024
1780456750,178.461596
1780456750,165.138721
1780456750,164.026404
1780456750,165.849971
1780456750,184.026167
1780456750,169.812490
1780456750,166.466214
1780456750,185.720322
1780456750,150.865890
1780456750,184.725783
1780456750,168.697445
1780456750,157.521008
1780456750,169.798692
1780456750,187.532653
1780456750,170.117388
1780456750,158.144344
1780456750,170.455039
1780456750,187.614442
1780456750,188.442597
1780456750,181.162506
1780456750,160.684797
1780456750,184.112364
1780456750,162.180266
1780456750,184.439868
1780456750,166.177971
1780456750,183.095594
1780456750,184.683248
1780456750,187.390421
1780456750,166.653516
1780456750,187.105543
1780456750,188.172913
1780456750,187.423910
1780456750,167.966086
1780456750,187.395865
1780456750,159.682628
1780456750,188.286111
1780456750,189.636571
1780456750,187.852099
1780456750,167.981120
1780456750,188.152480
1780456750,184.938771
1780456750,188.598440
1780456750,185.178126
1780456750,189.661928
1780456750,189.406821
1780456750,189.213070
1780456750,185.766694
1780456750,189.719898
1780456750,189.571223
1780456750,189.600881
1780456750,189.956237
1780456750,190.347147
1780456750,189.835962
1780456750,189.916074
1780456750,190.436734
1780456750,190.494961
1780456750,172.389611
1780456750,172.449833
1780456750,173.511396
1780456750,197.111146
1780456750,197.257352
1780456750,197.254495
1780456750,197.695411
1780456750,197.453332
1780456750,197.493671
1780456750,197.674611
1780456750,197.651253
1780456750,197.893673
1780456750,198.043598
1780456750,198.006242
1780456750,194.155047
1780456750,198.191859
1780456750,198.283484
1780456750,194.283588
1780456750,194.362766
1780456750,194.544467
1780456750,194.558939
1780456750,194.554307
1780456750,194.670608
1780456750,194.766334
1780456750,194.846067
1780456750,194.931905
1780456750,199.201000
1780456750,199.301749
1780456750,199.262191
1780456750,199.983957
1780456750,200.681360
1780456750,166.422355
1780456750,199.977657
1780456750,183.621915
1780456750,194.836831
1780456750,201.717598
1780456750,173.391020
1780456750,200.735843
1780456750,166.872730
1780456750,167.130157
1780456750,170.336526
1780456750,183.209641
1780456750,171.657530
1780456750,183.873923
1780456750,172.210240
1780456750,167.426716
1780456750,186.424755
1780456750,173.408062
1780456750,174.073059
1780456750,174.197499
1780456750,174.287757
1780456750,171.001949
1780456750,171.603476
1780456750,184.266882
1780456750,181.423880
1780456750,183.072814
1780456750,175.996403
1780456750,185.526796
1780456750,185.553705
1780456750,174.846388
1780456750,199.834067
1780456750,173.060001
1780456750,162.294736
1780456750,183.424903
1780456750,200.309903
1780456750,174.959973
1780456750,200.761408
1780456750,184.404781
1780456750,200.672857
1780456750,174.687598
1780456750,171.575205
1780456750,185.635710
1780456750,166.728223
1780456750,187.269884
1780456750,167.113110
1780456750,189.945608
1780456750,170.149547
1780456750,173.324682
1780456750,171.974404
1780456750,174.168271
1780456750,164.030019
1780456750,166.864263
1780456750,164.628433
1780456750,184.722311
1780456750,156.250719
1780456750,165.186671
1780456750,172.363201
1780456750,165.873651
1780456750,205.968043
1780456750,165.628589
1780456750,206.329137
1780456750,166.441258
1780456750,206.578444
1780456750,168.742939
1780456750,205.678479
1780456750,162.915691
1780456750,205.804787
1780456750,167.057958
1780456750,166.434775
1780456750,168.144531
1780456750,167.083441
1780456750,185.967933
1780456750,167.724324
1780456750,169.131207
1780456750,191.506429
1780456750,171.011913
1780456750,171.115166
1780456750,168.628971
1780456750,168.984364
1780456750,169.084714
1780456750,168.716157
1780456750,169.385369
1780456750,170.008503
1780456750,208.493746
1780456750,169.787526
1780456750,169.117219
1780456750,170.048003
1780456750,170.079838
1780456750,171.248053
1780456750,173.016214
1780456750,177.849030
1780456750,173.592703
1780456750,171.344120
1780456750,170.920958
1780456750,171.632654
1780456750,174.224649
1780456750,178.565434
1780456750,187.281176
1780456750,171.484197
1780456750,171.803067
1780456750,178.085955
1780456750,172.827295
1780456750,179.882204
1780456750,174.010067
1780456750,182.961438
1780456750,173.650888
1780456750,177.286216
1780456750,174.226109
1780456750,173.824606
1780456750,174.561153
1780456750,181.038545
1780456750,166.643638
1780456750,174.538705
1780456750,181.490930
1780456750,168.275007
1780456750,171.397980
1780456750,174.120256
1780456750,179.171142
1780456750,184.407201
1780456750,172.008342
1780456750,184.900267
1780456750,179.788325
1780456750,177.110721
1780456750,177.375487
1780456750,196.451028
1780456750,176.987378
1780456750,177.998898
1780456750,181.200736
1780456750,183.915274
1780456750,178.267440
1780456750,184.350713
1780456750,177.315053
1780456750,184.488431
1780456750,178.850560
1780456750,216.556446
1780456750,177.899584
1780456750,216.686668
1780456750,179.214225
1780456750,198.753518
1780456750,199.369761
1780456750,181.217554
1780456750,200.947829
1780456750,181.417025
1780456750,206.273949
1780456750,172.792149
1780456750,170.232484
1780456750,174.469486
1780456750,187.106095
1780456750,189.041251
1780456750,196.992789
1780456750,175.502552
1780456750,169.936140
1780456750,153.985243
1780456750,199.066620
1780456750,183.870512
1780456750,176.273399
1780456750,176.471024
1780456750,193.683217
1780456750,200.202992
1780456750,178.059172
1780456750,195.137317
1780456750,195.841647
1780456750,209.406786
1780456750,224.089945
1780456750,229.019090
1780456750,213.186178
1780456750,189.869768
1780456750,196.738643
1780456750,208.376675
1780456750,190.549483
1780456750,190.880635
1780456750,190.591095
1780456750,190.920004
1780456750,200.140427
1780456750,209.317243
1780456750,226.261846
1780456750,186.990246
1780456750,206.120810
1780456750,194.956092
1780456750,191.532966
1780456750,195.120385
1780456750,188.479207
1780456750,191.764575
1780456750,164.936897
1780456750,188.648438
1780456750,209.475753
1780456750,167.620873
1780456750,196.680091
1780456750,214.453051
1780456750,165.358375
1780456750,193.824715
1780456750,195.573944
1780456750,196.919624
1780456750,195.627315
1780456750,209.199008
1780456750,210.339114
1780456750,192.342334
1780456750,197.167560
1780456750,198.758427
1780456750,191.280078
1780456750,162.984869
1780456750,191.418030
1780456750,201.929476
1780456750,199.012115
1780456750,211.340715
1780456750,201.474023
1780456750,177.045884
1780456750,211.727327
1780456750,211.875287
1780456750,188.403323
1780456750,204.205376
1780456750,206.000085
1780456750,183.154050
1780456750,191.874948
1780456750,193.319776
1780456750,215.496964
1780456750,191.612894
1780456750,216.607039
1780456750,216.700308
1780456750,216.856619
1780456750,191.835812
1780456750,216.951133
1780456750,198.083195
1780456750,207.648937
1780456750,193.018700
1780456750,214.715782
1780456750,193.312895
1780456750,197.015361
1780456750,206.393416
1780456750,215.997179
1780456750,193.056345
1780456750,217.301024
1780456750,206.638446
1780456750,184.116225
1780456750,217.257476
1780456750,193.646170
1780456750,217.546159
1780456750,206.846472
1780456750,217.808888
1780456750,208.056817
1780456750,217.733427
1780456750,217.689411
1780456750,189.376504
1780456750,217.794530
1780456750,207.049688
1780456750,217.897278
1780456750,218.133289
1780456750,208.651118
1780456750,216.513766
1780456750,189.618839
1780456750,218.162561
1780456750,218.506196
1780456750,180.358618
1780456750,219.305321
1780456750,199.887296
1780456750,219.630328
1780456750,195.824305
1780456750,196.338881
1780456750,208.789124
1780456750,193.705472
1780456750,195.789480
1780456750,194.119091
1780456750,191.435647
1780456750,197.196192
1780456750,212.246927
1780456750,196.852834
1780456750,198.194378
1780456750,197.406540
1780456750,198.238399
1780456750,214.379949
1780456750,198.243459
1780456750,218.211082
1780456750,199.513919
1780456750,215.437131
1780456750,196.798737
1780456750,214.521625
1780456750,198.063831
1780456750,194.066882
1780456750,172.837988
1780456750,199.890642
1780456750,202.190927
1780456750,176.359927
1780456750,187.677103
1780456750,189.453603
1780456750,179.476664
1780456750,201.050249
1780456750,203.870200
1780456750,186.153030
1780456750,207.582672
1780456750,223.406495
1780456750,178.658118
1780456750,192.129142
1780456750,193.975946
1780456750,180.279672
1780456750,189.846633
1780456750,212.246346
1780456750,197.829842
1780456750,198.488381
1780456750,198.685333
1780456750,198.706620
1780456750,198.825759
1780456750,183.969109
1780456750,194.481395
1780456750,214.001454
1780456750,191.570717
1780456750,201.335978
1780456750,226.590073
1780456750,194.662681
1780456750,215.873001
1780456750,196.066527
1780456750,180.491490
1780456750,195.011770
1780456750,197.411607
1780456750,183.808594
1780456750,197.000226
1780456750,200.676600
1780456750,209.069155
1780456750,202.914233
1780456750,198.053191
1780456750,197.542875
1780456750,187.033527
1780456750,217.721106
1780456750,200.225746
1780456750,200.098795
1780456750,202.100433
1780456750,229.873208
1780456750,182.641626
1780456750,199.429949
1780456750,222.432494
1780456750,207.902558
1780456750,199.721703
1780456750,201.066709
1780456750,183.482718
1780456750,188.302088
1780456750,201.776288
1780456750,202.198633
1780456750,202.412107
1780456750,209.578223
1780456750,208.269224
1780456750,183.385668
1780456750,214.718512
1780456750,201.281413
1780456750,199.814516
1780456750,215.885715
1780456750,215.633728
1780456750,214.987618
1780456750,204.835296
1780456750,241.006568
1780456750,213.618501
1780456750,216.520860
1780456750,209.766490
1780456750,192.818168
1780456750,216.709081
1780456750,205.754689
1780456750,210.111493
1780456750,206.046921
1780456750,193.138664
1780456750,210.553318
1780456750,193.497416
1780456750,206.478321
1780456750,208.122589
1780456750,217.734107
1780456750,206.548113
1780456750,196.549008
1780456750,210.976718
1780456750,206.545295
1780456750,186.072621
1780456750,213.940164
1780456750,210.080885
1780456750,194.256498
1780456750,186.433022
1780456750,212.872022
1780456750,218.787102
1780456750,218.588460
1780456750,212.150734
1780456750,219.401052
1780456750,219.473636
1780456750,219.828425
1780456750,219.485950
1780456750,158.298393
1780456750,218.919088
1780456750,204.058088
1780456750,159.549494
1780456750,183.183461
1780456750,204.311510
1780456750,206.023275
1780456750,199.121954
1780456750,183.695821
1780456750,191.176535
1780456750,204.821056
1780456750,227.340628
1780456750,190.379874
1780456750,161.445188
1780456750,198.478168
1780456750,195.511724
1780456750,206.861273
1780456750,200.569921
1780456750,223.072475
1780456750,195.272424
1780456750,197.257462
1780456750,166.086444
1780456750,199.415362
1780456750,209.368954
1780456750,212.098795
1780456750,216.514220
1780456750,186.606267
1780456750,223.384133
1780456750,217.875664
1780456750,210.897040
1780456750,217.941716
1780456750,212.451134
1780456750,218.049136
1780456750,220.832827
1780456750,166.863462
1780456750,202.341707
1780456750,198.193055
1780456750,196.099694
1780456750,209.345343
1780456750,151.315572
1780456750,171.734908
1780456750,202.560172
1780456750,196.425255
1780456750,151.192939
1780456750,198.105578
1780456750,202.689526
1780456750,127.657463
1780456750,156.710427
1780456750,166.213965
1780456750,188.794908
1780456750,200.122395
1780456750,202.720088
1780456750,198.612294
1780456750,201.652695
1780456750,188.848893
1780456750,167.035686
1780456750,126.911130
1780456750,200.289820
1780456750,151.918253
1780456750,220.276737
1780456750,207.358508
1780456750,127.560191
1780456750,183.362889
1780456750,189.186932
1780456750,201.764162
1780456750,127.849099
1780456750,204.393880
1780456750,198.034330
1780456750,190.986904
1780456750,198.670798
1780456750,190.969356
1780456750,207.842499
1780456750,147.952930
1780456750,204.664937
1780456750,191.165779
1780456750,215.687232
1780456750,147.202738
1780456750,208.095740
1780456750,154.554280
1780456750,184.904979
1780456750,220.790292
1780456750,203.465570
1780456750,191.435431
1780456750,185.179379
1780456750,148.032543
1780456750,168.184817
1780456750,212.397830
1780456750,195.421165
1780456750,203.596670
1780456750,157.760189
1780456750,199.668770
1780456750,130.285253
1780456750,156.072523
1780456750,214.065945
1780456750,202.359619
1780456750,202.435933
1780456750,159.757748
1780456750,193.042831
1780456750,167.184134
1780456750,194.839124
1780456750,131.032914
1780456750,167.688551
1780456750,162.461744
1780456750,196.144190
1780456750,196.214782
1780456750,159.983781
1780456750,221.280370
1780456750,196.259712
1780456750,203.157971
1780456750,131.517780
1780456750,243.578190
1780456750,211.806834
1780456750,170.658280
1780456750,196.314407
1780456750,193.714962
1780456750,196.439814
1780456750,229.595009
1780456750,164.808230
1780456750,198.704344
1780456750,221.811726
1780456750,158.156314
1780456750,229.736772
1780456750,207.248440
1780456750,206.011524
1780456750,132.059495
1780456750,214.955252
1780456750,176.779887
1780456750,210.905236
1780456750,163.070257
1780456750,204.850171
1780456750,166.685013
1780456750,176.226008
1780456750,208.901149
1780456750,152.457103
1780456750,170.395140
1780456750,174.375372
1780456750,177.736384
1780456750,206.217824
1780456750,207.876790
1780456750,206.308600
1780456750,132.873407
1780456750,208.090906
1780456750,192.318779
1780456750,208.253610
1780456750,211.596758
1780456750,213.744227
1780456750,210.105547
1780456750,133.775090
1780456750,193.044945
1780456750,191.013495
1780456750,180.687819
1780456750,215.464217
1780456750,192.913975
1780456750,210.050050
1780456750,209.304872
1780456750,193.183945
1780456750,167.199992
1780456750,173.685750
1780456750,134.315378
1780456750,172.000256
1780456750,174.570373
1780456750,212.317479
1780456750,178.237632
1780456750,210.677415
1780456750,214.196295
1780456750,194.655098
1780456750,199.524321
1780456750,194.994385
1780456750,202.945807
1780456750,196.286317
1780456750,211.440764
1780456750,168.757240
1780456750,197.836400
1780456750,164.342995
1780456750,201.454233
1780456750,191.629073
1780456750,171.940185
1780456750,212.777917
1780456750,213.407409
1780456750,179.350736
1780456750,163.161350
1780456750,213.118644
1780456750,220.358475
1780456750,191.927845
1780456750,186.277900
1780456750,193.729999
1780456750,179.639768
1780456750,195.258292
1780456750,165.877736
1780456750,199.981579
1780456750,208.727324
1780456750,194.073370
1780456750,164.616087
1780456750,216.396064
1780456750,187.933305
1780456750,213.251884
1780456750,189.240146
1780456750,216.555393
1780456750,204.922571
1780456750,210.694146
1780456750,205.097638
1780456750,166.872615
1780456750,176.993018
1780456750,177.284110
1780456750,206.462373
1780456750,165.003474
1780456750,216.919831
1780456750,188.112808
1780456750,177.768429
1780456750,209.547800
1780456750,207.757598
1780456750,226.653306
1780456750,216.545423
1780456750,166.597256
1780456750,195.659276
1780456750,186.215987
1780456750,212.533072
1780456750,192.717173
1780456750,201.540072
1780456750,185.961564
1780456750,216.852395
1780456750,194.254567
1780456750,195.850695
1780456750,233.203808
1780456750,186.173049
1780456750,202.373075
1780456750,192.588053
1780456750,216.892132
1780456750,194.742370
1780456750,196.094133
1780456750,234.567521
1780456750,191.232336
1780456750,194.725808
1780456750,194.042759
1780456750,217.193937
1780456750,191.576893
1780456750,214.237468
1780456750,192.833220
1780456750,217.388631
1780456750,192.946877
1780456750,204.193010
1780456750,188.527201
1780456750,199.109955
1780456750,193.098724
1780456750,215.830175
1780456750,190.005149
1780456750,217.603205
1780456750,190.090721
1780456750,228.882123
1780456750,204.356614
1780456750,201.220093
1780456750,194.915254
1780456750,158.851484
1780456750,185.353377
1780456750,188.834628
1780456750,203.200261
1780456750,159.383390
1780456750,202.035225
1780456750,197.826011
1780456750,190.500471
1780456750,160.200937
1780456750,202.924538
1780456750,196.686572
1780456750,208.781039
1780456750,199.349880
1780456750,206.068290
1780456750,198.066416
1780456750,200.917447
1780456750,203.208552
1780456750,228.574504
1780456750,171.412759
1780456750,201.215059
1780456750,211.639175
1780456750,203.374113
1780456750,205.137302
1780456750,172.206321
1780456750,175.168520
1780456750,161.347145
1780456750,172.328189
1780456750,192.396237
1780456750,189.499132
1780456750,203.573277
1780456750,175.194649
1780456750,193.867498
1780456750,162.221524
1780456750,191.029479
1780456750,193.867913
1780456750,234.173589
1780456750,188.096647
1780456750,189.567078
1780456750,201.589703
1780456750,191.081321
1780456750,205.420579
1780456750,191.193950
1780456750,209.233596
1780456750,191.263709
1780456750,212.686623
1780456750,192.709188
1780456750,197.286258
1780456750,234.550783
1780456750,206.700039
1780456750,191.328380
1780456750,206.960592
1780456750,192.634890
1780456750,197.588284
1780456750,171.160597
1780456750,197.323826
1780456750,162.421260
1780456750,209.583018
1780456750,162.455039
1780456750,206.978068
1780456750,162.545078
1780456750,211.204459
1780456750,197.536820
1780456750,168.941072
1780456750,177.001338
1780456750,162.324285
1780456750,207.138333
1780456750,174.242334
1780456750,176.357257
1780456750,170.257277
1780456750,176.665100
1780456750,205.827513
1780456750,176.679395
1780456750,171.315532
1780456750,211.640343
1780456750,203.923877
1780456750,209.941177
1780456750,202.881029
1780456750,211.569298
1780456750,178.573454
1780456750,171.945121
1780456750,137.818851
1780456750,214.039724
1780456750,173.107129
1780456750,177.381816
1780456750,181.239686
1780456750,178.525064
1780456750,179.376339
1780456750,199.260774
1780456750,137.899745
1780456750,199.342649
1780456750,174.840651
1780456750,176.386965
1780456750,216.076252
1780456750,179.192543
1780456750,165.321205
1780456750,176.022591
1780456750,166.372622
1780456750,216.007626
1780456750,178.714863
1780456750,185.770042
1780456750,213.290534
1780456750,166.732232
1780456750,141.425601
1780456750,215.185891
1780456750,175.579704
1780456750,199.773680
1780456750,216.325807
1780456750,217.724998
1780456750,179.470980
1780456750,181.799621
1780456750,165.107665
1780456750,167.463608
1780456750,180.791893
1780456750,180.339604
1780456750,199.780504
1780456750,187.168382
1780456750,182.139053
1780456750,218.019061
1780456750,209.180571
1780456750,139.006612
1780456750,199.912816
1780456750,141.843070
1780456750,174.618006
1780456750,189.581635
1780456750,154.345542
1780456750,217.925497
1780456750,181.712610
1780456750,181.130185
1780456750,166.192412
1780456750,190.881607
1780456750,208.216225
1780456750,142.096341
1780456750,214.388401
1780456750,182.985167
1780456750,204.867179
1780456750,158.262173
1780456750,215.118029
1780456750,157.944949
1780456750,198.999145
1780456750,221.931381
1780456750,187.442125
1780456750,179.120518
1780456750,195.544693
1780456750,157.917184
1780456750,230.820126
1780456750,195.606462
1780456750,191.370849
1780456750,187.977144
1780456750,186.649626
1780456750,180.802406
1780456750,192.852924
1780456750,145.622322
1780456750,155.166542
1780456750,195.882911
1780456750,188.027349
1780456750,188.025468
1780456750,193.024629
1780456750,189.636055
1780456750,142.158620
1780456750,158.369760
1780456750,196.052757
1780456750,185.582118
1780456750,182.240050
1780456750,154.645641
1780456750,197.371330
1780456750,193.217093
1780456750,150.285537
1780456750,222.370403
1780456750,157.950180
1780456750,183.109316
1780456750,194.800003
1780456750,182.864407
1780456750,191.638142
1780456750,196.323676
1780456750,148.602368
1780456750,176.980776
1780456750,188.370925
1780456750,146.979070
1780456750,236.703667
1780456750,183.911646
1780456750,193.342412
1780456750,197.757953
1780456750,195.018305
1780456750,183.912597
1780456750,194.914943
1780456750,189.882135
1780456750,188.608677
1780456750,148.847095
1780456750,190.072334
1780456750,198.202420
1780456750,190.140830
1780456750,198.313628
1780456750,195.133515
1780456750,149.553480
1780456750,238.671961
1780456750,192.178552
1780456750,190.025679
1780456750,225.211314
1780456750,218.000297
1780456750,198.504007
1780456750,213.937959
1780456750,150.164900
1780456750,131.762764
1780456750,184.283003
1780456750,149.912785
1780456750,198.747205
1780456750,188.787802
1780456750,192.479672
1780456750,152.470821
1780456750,151.044661
1780456750,132.180875
1780456750,184.461130
1780456750,148.928902
1780456750,169.519606
1780456750,156.183718
1780456750,198.961671
1780456750,155.331649
1780456750,229.672000
1780456750,150.870991
1780456750,192.533222
1780456750,132.682227
1780456750,200.348740
1780456750,156.668223
1780456750,229.692388
1780456750,184.746121
1780456750,192.713522
1780456750,195.562747
1780456750,170.928011
1780456750,201.882531
1780456750,132.989581
1780456750,229.784900
1780456750,191.486758
1780456750,195.838918
1780456750,158.177058
1780456750,164.136453
1780456750,171.169249
1780456750,194.528725
1780456750,158.114352
1780456750,186.363436
1780456750,194.476621
1780456750,152.841528
1780456750,133.330587
1780456750,186.961510
1780456750,171.753579
1780456750,204.786171
1780456750,191.800268
1780456750,160.069688
1780456750,188.438606
1780456750,157.120361
1780456750,189.453734
1780456750,193.238467
1780456750,205.273021
1780456750,188.551416
1780456750,160.433920
1780456750,189.850190
1780456750,134.400759
1780456750,205.488608
1780456750,160.437192
1780456750,191.268958
1780456750,150.577447
1780456750,178.430365
1780456750,163.097097
1780456750,192.002925
1780456750,193.602226
1780456750,151.110712
1780456750,231.811042
1780456750,196.257700
1780456750,196.343267
1780456750,193.338609
1780456750,199.263754
1780456750,232.869037
1780456750,165.307630
1780456750,148.820475
1780456750,187.507755
1780456750,177.777465
1780456750,195.271351
1780456750,201.349959
1780456750,163.985814
1780456750,193.844266
1780456750,160.757748
1780456750,162.942282
1780456750,203.942349
1780456750,153.780452
1780456750,136.503208
1780456750,195.221871
1780456750,165.360469
1780456750,143.309850
1780456750,147.880279
1780456750,160.324233
1780456750,144.222883
1780456750,157.455493
1780456750,158.917798
1780456750,159.958197
1780456750,148.656726
1780456750,171.116011
1780456750,149.127459
1780456750,149.878551
1780456750,152.410641
1780456750,154.171894
1780456750,154.462959
1780456750,157.981886
1780456750,142.835949
1780456750,124.754172
1780456750,150.128039
1780456750,145.524477
1780456750,150.736405
1780456750,173.901521
1780456750,174.256650
1780456750,174.580009
1780456750,151.733455
1780456750,154.911761
1780456750,174.897790
1780456750,161.284880
1780456750,175.029154
1780456750,155.088590
1780456750,158.188515
1780456750,159.423527
1780456750,161.395584
1780456750,161.879878
1780456750,176.718450
1780456750,161.046692
1780456750,157.883159
1780456750,161.061899
1780456750,158.298096
1780456750,162.040705
1780456750,177.435157
1780456750,178.985846
1780456750,175.636624
1780456750,175.571715
1780456750,144.447925
1780456750,146.676161
1780456750,145.110693
1780456750,154.443602
1780456750,155.080959
1780456750,146.743768
1780456750,146.237495
1780456750,155.252410
1780456750,155.205450
1780456750,146.823351
1780456750,155.404283
1780456750,159.327250
1780456750,155.766792
1780456750,154.592487
1780456750,172.975200
1780456750,177.239679
1780456750,181.190717
1780456750,152.574132
1780456750,134.317390
1780456750,156.531855
1780456750,179.165877
1780456750,152.168157
1780456750,163.257121
1780456750,179.336994
1780456750,147.452477
1780456750,156.429503
1780456750,156.364109
1780456750,131.830423
1780456750,138.114103
1780456750,114.096164
1780456750,131.758271
1780456750,114.426700
1780456750,131.967776
1780456750,132.329073
1780456750,137.314459
1780456750,153.822259
1780456750,155.977391
1780456750,114.250548
1780456750,141.741888
1780456750,156.986948
1780456750,117.721200
1780456750,159.482550
1780456750,139.339346
1780456750,141.029450
1780456750,143.762994
1780456750,139.834976
1780456750,145.798640
1780456750,138.654381
1780456750,148.176197
1780456750,113.096566
1780456750,114.582827
1780456750,118.476003
1780456750,138.593013
1780456750,122.391761
1780456750,122.204794
1780456750,114.596928
1780456750,122.642203
1780456750,138.411596
1780456750,138.340238
1780456750,115.366888
1780456750,138.043252
1780456750,121.844132
1780456750,124.358953
1780456750,140.566193
1780456750,123.833998
1780456750,123.738222
1780456750,124.757439
1780456750,124.341436
1780456750,124.936146
1780456750,116.836462
1780456750,131.117974
1780456750,113.803019
1780456750,134.213493
1780456750,115.478779
1780456750,117.621354
1780456750,133.900229
1780456750,117.799804
1780456750,133.754375
1780456750,117.924799
1780456750,124.066254
1780456750,114.214196
1780456750,129.287729
1780456750,134.174400
1780456750,127.178471
1780456750,129.131933
1780456750,129.947983
1780456750,135.621851
1780456750,110.296831
1780456750,110.516133
1780456750,107.601157
1780456750,108.000563
1780456750,137.543350
1780456750,131.649485
1780456750,132.773408
1780456750,132.255856
1780456750,127.388370
1780456750,132.644442
1780456750,132.236923
1780456750,130.124169
1780456750,132.276990
1780456750,138.090103
1780456750,138.764516
1780456750,138.099842
1780456750,132.644447
1780456750,132.850035
1780456750,141.387350
1780456750,138.438202
1780456750,147.458068
1780456750,133.909627
1780456750,141.305860
1780456750,133.892787
1780456750,134.205498
1780456750,132.471187
1780456750,132.779552
1780456750,132.035814
1780456750,137.173625
1780456750,135.979282
1780456750,141.461254
1780456750,131.768443
1780456750,133.906754
1780456750,134.166197
1780456750,134.098004
1780456750,136.754069
1780456750,131.653460
1780456750,137.240815
1780456750,131.044916
1780456750,127.742413
1780456750,132.082861
1780456750,134.093071
1780456750,127.148495
1780456750,138.892838
1780456750,131.993732
1780456750,137.458453
1780456750,139.055438
1780456750,131.802578
1780456750,131.533693
1780456750,134.454786
1780456750,137.653692
1780456750,139.804876
1780456750,129.097229
1780456750,135.225556
1780456750,140.788425
1780456750,140.914143
1780456750,141.378487
1780456750,146.580765
1780456750,140.660519
1780456750,141.112312
1780456750,130.723299
1780456750,140.909868
1780456750,140.798509
1780456750,140.789690
1780456750,137.885826
1780456750,130.517518
1780456750,129.604432
1780456750,134.198284
1780456750,142.568237
1780456750,137.028436
1780456750,136.663786
1780456750,136.803025
1780456750,136.870840
1780456750,142.389732
1780456750,136.601525
1780456750,142.070475
1780456750,140.852229
1780456750,123.844879
1780456750,133.077614
1780456750,136.713717
1780456750,132.035930
1780456750,143.916199
1780456750,132.077537
1780456750,133.477527
1780456750,133.260361
1780456750,144.275701
1780456750,129.872578
1780456750,148.263641
1780456750,148.448553
1780456750,125.169993
1780456750,137.052905
1780456750,142.005801
1780456750,142.238112
1780456750,142.470555
1780456750,148.182072
1780456750,142.036256
1780456750,147.662029
1780456750,142.408461
1780456750,143.017059
1780456750,142.613606
1780456750,134.165109
1780456750,140.051796
1780456750,146.854226
1780456750,139.925074
1780456750,139.601109
1780456750,140.036592
1780456750,139.702959
1780456750,140.135443
1780456750,139.539009
1780456750,140.370942
1780456750,139.717242
1780456750,140.104050
1780456750,146.576920
1780456750,140.514125
1780456750,147.029348
1780456750,146.953347
1780456750,140.725337
1780456750,139.553129
1780456750,139.751105
1780456750,139.674416
1780456750,146.913870
1780456750,139.484559
1780456750,141.673199
1780456750,142.183796
1780456750,142.106785
1780456750,142.080244
1780456750,130.584084
1780456750,142.367958
1780456750,141.803250
1780456750,130.248414
1780456750,142.084478
1780456750,149.231742
1780456750,130.360339
1780456750,141.854873
1780456750,149.216925
1780456750,118.019779
1780456750,117.587178
1780456750,136.406477
1780456750,154.951426
1780456750,163.252077
1780456750,144.422411
1780456750,145.210037
1780456750,114.180181
1780456750,117.152003
1780456750,143.790992
1780456750,163.031919
1780456750,144.429029
1780456750,144.245899
1780456750,143.665955
1780456750,163.495510
1780456750,147.815309
1780456750,165.895874
1780456750,148.136740
1780456750,166.622820
1780456750,148.282662
1780456750,149.220367
1780456750,143.938402
1780456750,156.299322
1780456750,143.263947
1780456750,142.376973
1780456750,143.622681
1780456750,142.397509
1780456750,124.433537
1780456750,142.683045
1780456750,156.435090
1780456750,149.985570
1780456750,168.332246
1780456750,168.522450
1780456750,133.332947
1780456750,140.869986
1780456750,160.004408
1780456750,139.264133
1780456750,125.630928
1780456750,139.207918
1780456750,125.731484
1780456750,125.618347
1780456750,126.313650
1780456750,126.111258
1780456750,119.053995
1780456750,124.433076
1780456750,117.237179
1780456750,112.540419
1780456750,123.163958
1780456750,123.564161
1780456750,123.901132
1780456750,112.044355
1780456750,109.166753
1780456750,128.374681
1780456750,142.454801
1780456750,128.289847
1780456750,164.820567
1780456750,164.033105
1780456750,163.823260
1780456750,163.912224
1780456750,171.277600
1780456750,164.256584
1780456750,124.771585
1780456750,118.473893
1780456750,164.485456
1780456750,109.930517
1780456750,160.759214
1780456751,133.731899
1780456751,136.284222
1780456751,135.261053
1780456751,140.593959
1780456751,137.193733
1780456751,112.272104
1780456751,117.819442
1780456751,148.464339
1780456751,133.898517
1780456751,174.038579
1780456751,173.388726
1780456751,173.823520
1780456751,164.784881
1780456751,175.683356
1780456751,149.804134
1780456751,174.250139
1780456751,165.131085
1780456751,174.436448
1780456751,149.313953
1780456751,165.159326
1780456751,115.445151
1780456751,132.636346
1780456751,140.361323
1780456751,122.560200
1780456751,145.859515
1780456751,133.012076
1780456751,122.167214
1780456751,139.998907
1780456751,119.610721
1780456751,119.649720
1780456751,121.321113
1780456751,119.684593
1780456751,121.400425
1780456751,119.589307
1780456751,123.718880
1780456751,121.568978
1780456751,120.175227
1780456751,122.112166
1780456751,117.860754
1780456751,114.804532
1780456751,128.189065
1780456751,117.911991
1780456751,127.958488
1780456751,117.160564
1780456751,115.748998
1780456751,116.764793
1780456751,119.962366
1780456751,120.246983
1780456751,125.252944
1780456751,131.783986
1780456751,135.552214
1780456751,128.480069
1780456751,128.332239
1780456751,120.911359
1780456751,111.824111
1780456751,127.867501
1780456751,131.646569
1780456751,129.566525
1780456751,132.106805
1780456751,131.694574
1780456751,131.976105
1780456751,134.377438
1780456751,162.751779
1780456751,168.393916
1780456751,155.302410
1780456751,163.006097
1780456751,129.341779
1780456751,129.989876
1780456751,130.200219
1780456751,139.258355
1780456751,137.445906
1780456751,138.117406
1780456751,143.498652
1780456751,137.707720
1780456751,140.713047
1780456751,136.140934
1780456751,135.886992
1780456751,136.927177
1780456751,145.500336
1780456751,137.337913
1780456751,130.782632
1780456751,140.351557
1780456751,134.819356
1780456751,124.098109
1780456751,131.266699
1780456751,135.424925
1780456751,129.711078
1780456751,130.200349
1780456751,129.368060
1780456751,129.699009
1780456751,136.072674
1780456751,130.584818
1780456751,130.865835
1780456751,130.092281
1780456751,143.661601
1780456751,142.495288
1780456751,132.196372
1780456751,138.581322
1780456751,120.040090
1780456751,114.890431
1780456751,116.813686
1780456751,161.685448
1780456751,116.221533
1780456751,118.532535
1780456751,115.706829
1780456751,157.464452
1780456751,157.354247
1780456751,120.264832
1780456751,158.011239
1780456751,158.435507
1780456751,160.794479
1780456751,160.568010
1780456751,161.003724
1780456751,116.439174
1780456751,171.039648
1780456751,171.209367
1780456751,195.172893
1780456751,168.600180
1780456751,169.825199
1780456751,170.361030
1780456751,170.539935
1780456751,128.359360
1780456751,128.088948
1780456751,170.300051
1780456751,124.196715
1780456751,119.480869
1780456751,168.508836
1780456751,121.050494
1780456751,130.485580
1780456751,120.482747
1780456751,121.176142
1780456751,126.711555
1780456751,151.580474
1780456751,122.294895
1780456751,147.683661
1780456751,128.037205
1780456751,143.156926
1780456751,125.069592
1780456751,125.036156
1780456751,151.835940
1780456751,161.032770
1780456751,118.733127
1780456751,125.838494
1780456751,118.482608
1780456751,125.992421
1780456751,119.822687
1780456751,130.037813
1780456751,123.114313
1780456751,127.352809
1780456751,130.819472
1780456751,123.005499
1780456751,121.140664
1780456751,127.053410
1780456751,126.786284
1780456751,127.821168
1780456751,121.494774
1780456751,125.112521
1780456751,124.304609
1780456751,123.018337
1780456751,112.144266
1780456751,166.273481
1780456751,165.829471
1780456751,112.152651
1780456751,166.120700
1780456751,130.371124
1780456751,158.471108
1780456751,131.351135
1780456751,112.307947
1780456751,126.681024
1780456751,128.256185
1780456751,111.023361
1780456751,128.172517
1780456751,111.140027
1780456751,129.325114
1780456751,113.134242
1780456751,112.336242
1780456751,108.598931
1780456751,113.356193
1780456751,113.360630
1780456751,113.302728
1780456751,131.584619
1780456751,107.947534
1780456751,128.298285
1780456751,128.739830
1780456751,129.772788
1780456751,130.263188
1780456751,119.132217
1780456751,121.019872
1780456751,123.018912
1780456751,130.560841
1780456751,118.037297
1780456751,134.217556
1780456751,133.623363
1780456751,116.204142
1780456751,133.972672
1780456751,116.150718
1780456751,117.294671
1780456751,117.392501
1780456751,133.291889
1780456751,118.055865
1780456751,117.773756
1780456751,133.066052
1780456751,133.677484
1780456751,116.525290
1780456751,138.001729
1780456751,138.781448
1780456751,117.124886
1780456751,137.628395
1780456751,118.348087
1780456751,137.256789
1780456751,117.685157
1780456751,134.951019
1780456751,120.454699
1780456751,134.939200
1780456751,127.264742
1780456751,119.270764
1780456751,121.573548
1780456751,120.600855
1780456751,118.339349
1780456751,122.847385
1780456751,120.624706
1780456751,123.357648
1780456751,122.932858
1780456751,121.696621
1780456751,119.564122
1780456751,106.692307
1780456751,119.867711
1780456751,119.377798
1780456751,132.015909
1780456751,108.950607
1780456751,121.586299
1780456751,121.678645
1780456751,121.627578
1780456751,142.785749
1780456751,131.755672
1780456751,143.995256
1780456751,109.374968
1780456751,110.349539
1780456751,140.995273
1780456751,110.191113
1780456751,142.580492
1780456751,141.185856
1780456751,109.471421
1780456751,140.111148
1780456751,102.712458
1780456751,141.861784
1780456751,141.862387
1780456751,122.888253
1780456751,104.358597
1780456751,103.274524
1780456751,142.871534
1780456751,104.422857
1780456751,143.032035
1780456751,136.052791
1780456751,136.149407
1780456751,136.368128
1780456751,135.160694
1780456751,135.212237
1780456751,135.317399
1780456751,105.453953
1780456751,105.095311
1780456751,105.254556
1780456751,105.108205
1780456751,123.810782
1780456751,106.262422
1780456751,106.494290
1780456751,105.380988
1780456751,140.259238
1780456751,140.217187
1780456751,105.447152
1780456751,140.276882
1780456751,140.215072
1780456751,105.464928
1780456751,140.550156
1780456751,151.092745
1780456751,163.242946
1780456751,170.790107
1780456751,185.050794
1780456751,159.002597
1780456751,185.126807
1780456751,163.968380
1780456751,163.803858
1780456751,185.031714
1780456751,162.923619
1780456751,149.558456
1780456751,162.389021
1780456751,156.793989
1780456751,166.050724
1780456751,196.475741
1780456751,163.857540
1780456751,159.969744
1780456751,156.356551
1780456751,161.117795
1780456751,148.730414
1780456751,160.305255
1780456751,157.102556
1780456751,161.420107
1780456751,197.050013
1780456751,162.970026
1780456751,158.643347
1780456751,201.282364
1780456751,150.068751
1780456751,141.093182
1780456751,141.310559
1780456751,141.093430
1780456751,108.659120
1780456751,139.434939
1780456751,139.897107
1780456751,140.139941
1780456751,141.288450
1780456751,107.308608
1780456751,140.166346
1780456751,107.007856
1780456751,108.698235
1780456751,141.396718
1780456751,130.553169
1780456751,127.141984
1780456751,128.691740
1780456751,128.658315
1780456751,109.089146
1780456751,127.023197
1780456751,127.614080
1780456751,125.422862
1780456751,127.536685
1780456751,126.864396
1780456751,127.682818
1780456751,127.688383
1780456751,126.946361
1780456751,128.863342
1780456751,124.410161
1780456751,143.243737
1780456751,143.589287
1780456751,143.848989
1780456751,125.843956
1780456751,142.873191
1780456751,129.864969
1780456751,125.630593
1780456751,125.791464
1780456751,112.700597
1780456751,105.799504
1780456751,128.903927
1780456751,144.125535
1780456751,125.094869
1780456751,111.833617
1780456751,128.700662
1780456751,126.183975
1780456751,145.391785
1780456751,129.107034
1780456751,124.170522
1780456751,145.363742
1780456751,126.358971
1780456751,139.265290
1780456751,145.530402
1780456751,114.480069
1780456751,145.677134
1780456751,114.482363
1780456751,146.120918
1780456751,143.273316
1780456751,108.502024
1780456751,115.043268
1780456751,114.316310
1780456751,114.218739
1780456751,108.348416
1780456751,108.187607
1780456751,108.904066
1780456751,147.977078
1780456751,151.077215
1780456751,151.447615
1780456751,150.291436
1780456751,151.932243
1780456751,103.150592
1780456751,150.879276
1780456751,114.541484
1780456751,117.015137
1780456751,103.554630
1780456751,151.294539
1780456751,120.592703
1780456751,119.980729
1780456751,151.683025
1780456751,152.258963
1780456751,115.499029
1780456751,152.310066
1780456751,140.569792
1780456751,110.253056
1780456751,117.333360
1780456751,121.347760
1780456751,115.941498
1780456751,154.214744
1780456751,106.807904
1780456751,153.376712
1780456751,153.717680
1780456751,104.897233
1780456751,155.765398
1780456751,105.427367
1780456751,155.889837
1780456751,154.666159
1780456751,152.528304
1780456751,105.397710
1780456751,155.351757
1780456751,154.388807
1780456751,155.823278
1780456751,106.962871
1780456751,154.821730
1780456751,150.730677
1780456751,146.700069
1780456751,146.906376
1780456751,106.355001
1780456751,147.243400
1780456751,106.634894
1780456751,144.273730
1780456751,106.589753
1780456751,141.635987
1780456751,107.307079
1780456751,144.952693
1780456751,143.809694
1780456751,142.472324
1780456751,141.590290
1780456751,154.644990
1780456751,111.918650
1780456751,158.242857
1780456751,112.049916
1780456751,158.416825
1780456751,157.548051
1780456751,157.850332
1780456751,150.934004
1780456751,109.294742
1780456751,154.768355
1780456751,152.833276
1780456751,109.371851
1780456751,152.901188
1780456751,152.902845
1780456751,151.992356
1780456751,109.763187
1780456751,151.016149
1780456751,109.199196
1780456751,152.453250
1780456751,115.307883
1780456751,147.293524
1780456751,114.463798
1780456751,148.617578
1780456751,148.331269
1780456751,114.773071
1780456751,148.466728
1780456751,114.895518
1780456751,115.006371
1780456751,151.509139
1780456751,148.684849
1780456751,151.474152
1780456751,110.587149
1780456751,147.672408
1780456751,110.696402
1780456751,146.922136
1780456751,154.474861
1780456751,152.675163
1780456751,148.866431
1780456751,147.035009
1780456751,168.513204
1780456751,168.666583
1780456751,168.457498
1780456751,133.961932
1780456751,168.639343
1780456751,117.343768
1780456751,116.390906
1780456751,117.411166
1780456751,118.413708
1780456751,132.042606
1780456751,125.029678
1780456751,124.312594
1780456751,128.530503
1780456751,128.671645
1780456751,129.738072
1780456751,135.908793
1780456751,136.282455
1780456751,136.538491
1780456751,136.564744
1780456751,136.705306
1780456751,169.070493
1780456751,116.829406
1780456751,147.917963
1780456751,113.199532
1780456751,112.936017
1780456751,113.349005
1780456751,113.421447
1780456751,113.415839
1780456751,114.599891
1780456751,149.360633
1780456751,117.182998
1780456751,114.729936
1780456751,119.194928
1780456751,115.760644
1780456751,115.784283
1780456751,138.777343
1780456751,115.830237
1780456751,138.714232
1780456751,114.982195
1780456751,138.948643
1780456751,137.813084
1780456751,139.908395
1780456751,114.643770
1780456751,138.857162
1780456751,138.872575
1780456751,112.757236
1780456751,119.575762
1780456751,139.463352
1780456751,115.696512
1780456751,139.269937
1780456751,139.208164
1780456751,139.728510
1780456751,114.489432
1780456751,117.579998
1780456751,153.639502
1780456751,114.919605
1780456751,117.900458
1780456751,116.071688
1780456751,156.674822
1780456751,117.101037
1780456751,115.222562
1780456751,155.519226
1780456751,115.380326
1780456751,117.423156
1780456751,114.370959
1780456751,157.220600
1780456751,115.686188
1780456751,117.711451
1780456751,157.717055
1780456751,116.189097
1780456751,155.111426
1780456751,153.051595
1780456751,118.395554
1780456751,155.606445
1780456751,116.863084
1780456751,156.554118
1780456751,145.081538
1780456751,154.788918
1780456751,118.116271
1780456751,155.956566
1780456751,117.075048
1780456751,144.976352
1780456751,114.571164
1780456751,145.428513
1780456751,115.561283
1780456751,145.536542
1780456751,145.633251
1780456751,145.661362
1780456751,146.134092
1780456751,146.304839
1780456751,146.108013
1780456751,145.851798
1780456751,146.379215
1780456751,145.797740
1780456751,115.320396
1780456751,157.197389
1780456751,143.630095
1780456751,146.997421
1780456751,146.267039
1780456751,146.771190
1780456751,146.831670
1780456751,116.441562
1780456751,147.702702
1780456751,149.304778
1780456751,149.708224
1780456751,146.429805
1780456751,148.490389
1780456751,116.952422
1780456751,144.536203
1780456751,115.726316
1780456751,143.087078
1780456751,149.089142
1780456751,116.821619
1780456751,149.663508
1780456751,160.966854
1780456751,116.855411
1780456751,149.542976
1780456751,160.206409
1780456751,149.934475
1780456751,118.824391
1780456751,149.826434
1780456751,149.548531
1780456751,152.283707
1780456751,147.403618
1780456751,117.678781
1780456751,147.479756
1780456751,152.497107
1780456751,146.528736
1780456751,152.591711
1780456751,145.593010
1780456751,119.770149
1780456751,139.117119
1780456751,152.854695
1780456751,120.210366
1780456751,139.404513
1780456751,144.997881
1780456751,153.358332
1780456751,120.156441
1780456751,145.116989
1780456751,144.347796
1780456751,120.484040
1780456751,144.550598
1780456751,153.933154
1780456751,153.866523
1780456751,153.974810
1780456751,120.891788
1780456751,154.109453
1780456751,121.373659
1780456751,154.621213
1780456751,144.345348
1780456751,154.652308
1780456751,117.922065
1780456751,154.992872
1780456751,146.867689
1780456751,146.937395
1780456751,145.947257
1780456751,121.902390
1780456751,126.151635
1780456751,121.511755
1780456751,127.639267
1780456751,121.373168
1780456751,127.839402
1780456751,127.973243
1780456751,121.538220
1780456751,126.958387
1780456751,121.752425
1780456751,118.068001
1780456751,127.239417
1780456751,120.935399
1780456751,128.744662
1780456751,125.161300
1780456751,128.082731
1780456751,128.328076
1780456751,121.498483
1780456751,118.732810
1780456751,129.993275
1780456751,130.396440
1780456751,126.695264
1780456751,118.974648
1780456751,126.956170
1780456751,132.223225
1780456751,133.450762
1780456751,148.621169
1780456751,127.137442
1780456751,142.491124
1780456751,119.053065
1780456751,132.812559
1780456751,142.324553
1780456751,127.685163
1780456751,119.235437
1780456751,127.684552
1780456751,127.694300
1780456751,119.212831
1780456751,130.730354
1780456751,143.513883
1780456751,128.057849
1780456751,140.966487
1780456751,128.199404
1780456751,141.120449
1780456751,128.739669
1780456751,127.989553
1780456751,119.329135
1780456751,141.459950
1780456751,119.765484
1780456751,128.166394
1780456751,140.869621
1780456751,128.720819
1780456751,126.425810
1780456751,140.209977
1780456751,129.790419
1780456751,126.634914
1780456751,129.009703
1780456751,119.986712
1780456751,140.170328
1780456751,128.843341
1780456751,120.356732
1780456751,127.150607
1780456751,129.084957
1780456751,137.523924
1780456751,139.737417
1780456751,133.172948
1780456751,130.917054
1780456751,128.151870
1780456751,137.521203
1780456751,130.980466
1780456751,127.931729
1780456751,128.264595
1780456751,130.587930
1780456751,128.117583
1780456751,130.733817
1780456751,130.708493
1780456751,122.681272
1780456751,131.616293
1780456751,131.000382
1780456751,128.367054
1780456751,121.721944
1780456751,131.576958
1780456751,126.516260
1780456751,128.867518
1780456751,129.110264
1780456751,163.072682
1780456751,130.699848
1780456751,127.060247
1780456751,130.173950
1780456751,163.250869
1780456751,127.156304
1780456751,163.218460
1780456751,124.067374
1780456751,133.369774
1780456751,163.596942
1780456751,127.340249
1780456751,133.485377
1780456751,163.487967
1780456751,130.394189
1780456751,133.589055
1780456751,164.332483
1780456751,131.284858
1780456751,127.195018
1780456751,129.480160
1780456751,131.489529
1780456751,132.639101
1780456751,131.497148
1780456751,131.577242
1780456751,126.733461
1780456751,131.830754
1780456751,123.997786
1780456751,127.722667
1780456751,130.871105
1780456751,132.173698
1780456751,129.338801
1780456751,131.384015
1780456751,128.025969
1780456751,133.712992
1780456751,132.193002
1780456751,164.853469
1780456751,127.731948
1780456751,131.372034
1780456751,166.078673
1780456751,134.340442
1780456751,130.163988
1780456751,162.935386
1780456751,160.636253
1780456751,128.157080
1780456751,134.380978
1780456751,165.427437
1780456751,166.932673
1780456751,130.480263
1780456751,143.562094
1780456751,134.153879
1780456751,135.838458
1780456751,136.635382
1780456751,133.838889
1780456751,133.783282
1780456751,136.620975
1780456751,133.691708
1780456751,128.818816
1780456751,136.843819
1780456751,136.999027
1780456751,133.311110
1780456751,130.768680
1780456751,137.119247
1780456751,131.379713
1780456751,135.577853
1780456751,138.468121
1780456751,141.083737
1780456751,135.963872
1780456751,132.601478
1780456751,133.991420
1780456751,138.649042
1780456751,136.142954
1780456751,129.367280
1780456751,136.427199
1780456751,131.944548
1780456751,135.236612
1780456751,135.844238
1780456751,133.055245
1780456751,136.382599
1780456751,135.367337
1780456751,141.715387
1780456751,136.293359
1780456751,131.757609
1780456751,138.682254
1780456751,130.017430
1780456751,133.034752
1780456751,137.346948
1780456751,136.405448
1780456751,131.600365
1780456751,132.691272
1780456751,133.041236
1780456751,136.130207
1780456751,139.691326
1780456751,136.161438
1780456751,133.417395
1780456751,139.076170
1780456751,139.203480
1780456751,138.083172
1780456751,135.695802
1780456751,136.497865
1780456751,146.169634
1780456751,143.683376
1780456751,137.226769
1780456751,141.695090
1780456751,137.894719
1780456751,141.486677
1780456751,139.443117
1780456751,141.938337
1780456751,136.941295
1780456751,133.558251
1780456751,135.957299
1780456751,137.141066
1780456751,136.593919
1780456751,136.806211
1780456751,137.982891
1780456751,134.482008
1780456751,138.655033
1780456751,140.979865
1780456751,139.356048
1780456751,140.734061
1780456751,142.875544
1780456751,141.399075
1780456751,150.397711
1780456751,136.696395
1780456751,136.915278
1780456751,142.689093
1780456751,136.600195
1780456751,133.695508
1780456751,148.207238
1780456751,141.772574
1780456751,141.992712
1780456751,133.124551
1780456751,142.137382
1780456751,141.926538
1780456751,141.938380
1780456751,142.133448
1780456751,142.389078
1780456751,146.961837
1780456751,142.058884
1780456751,139.239882
1780456751,147.626037
1780456751,147.697355
1780456751,147.824138
1780456751,140.267901
1780456751,144.529918
1780456751,147.793511
1780456751,138.736034
1780456751,147.923229
1780456751,144.755107
1780456751,143.343385
1780456751,141.431877
1780456751,136.056246
1780456751,141.140489
1780456751,145.790700
1780456751,142.575557
1780456751,140.770408
1780456751,145.718265
1780456751,140.589821
1780456751,141.564327
1780456751,141.087653
1780456751,146.024453
1780456751,142.870590
1780456751,146.702767
1780456751,143.842212
1780456751,142.596599
1780456751,136.651887
1780456751,146.407837
1780456751,146.469602
1780456751,145.361387
1780456751,148.359600
1780456751,140.789390
1780456751,144.544448
1780456751,140.761525
1780456751,144.511749
1780456751,144.583750
1780456751,145.769028
1780456751,145.731574
1780456751,144.871978
1780456751,149.242494
1780456751,149.907587
1780456751,150.211896
1780456751,141.923359
1780456751,150.649564
1780456751,149.315466
1780456751,145.674024
1780456751,145.055636
1780456751,149.497389
1780456751,144.453354
1780456751,149.299479
1780456751,144.628806
1780456751,140.246940
1780456751,145.468879
1780456751,143.981738
1780456751,144.993438
1780456751,148.218129
1780456751,149.596525
1780456751,144.258230
1780456751,144.123749
1780456751,149.817466
1780456751,149.658997
1780456751,159.017676
1780456751,158.099953
1780456751,155.916470
1780456751,153.880220
1780456751,154.472681
1780456751,146.375702
1780456751,141.183510
1780456751,147.641074
1780456751,152.795842
1780456751,147.927447
1780456751,147.274805
1780456751,152.854639
1780456751,146.554834
1780456751,143.648049
1780456751,147.771003
1780456751,142.378000
1780456751,147.999283
1780456751,146.855734
1780456751,147.371453
1780456751,147.368848
1780456751,147.286065
1780456751,152.690968
1780456751,149.630932
1780456751,150.186146
1780456751,147.687926
1780456751,148.371460
1780456751,151.073339
1780456751,148.588988
1780456751,125.021887
1780456751,144.747882
1780456751,132.246186
1780456751,144.882585
1780456751,141.667592
1780456751,143.328132
1780456751,143.615743
1780456751,145.561763
1780456751,146.374573
1780456751,145.727863
1780456751,127.798523
1780456751,146.863569
1780456751,123.074569
1780456751,147.428991
1780456751,145.820248
1780456751,136.050426
1780456751,147.222751
1780456751,142.451879
1780456751,146.529548
1780456751,142.063864
1780456751,144.889415
1780456751,145.300152
1780456751,146.817151
1780456751,145.249128
1780456751,145.566941
1780456751,145.201151
1780456751,145.271159
1780456751,145.456233
1780456751,149.262633
1780456751,148.226073
1780456751,153.912706
1780456751,149.947902
1780456751,153.068732
1780456751,150.181508
1780456751,148.171286
1780456751,151.952495
1780456751,149.588550
1780456751,147.096682
1780456751,152.815174
1780456751,151.126161
1780456751,150.584434
1780456751,154.508060
1780456751,150.683572
1780456751,153.632883
1780456751,152.942174
1780456751,147.334414
1780456751,153.901770
1780456751,154.253404
1780456751,148.971419
1780456751,154.341281
1780456751,154.431591
1780456751,151.624883
1780456751,148.558366
1780456751,148.830836
1780456751,152.371877
1780456751,155.479552
1780456751,157.167964
1780456751,154.945788
1780456751,158.828682
1780456751,156.406055
1780456751,159.752058
1780456751,152.696083
1780456751,159.372951
1780456751,152.628833
1780456751,127.470463
1780456751,152.714828
1780456751,127.521427
1780456751,157.107285
1780456751,156.793376
1780456751,152.815817
1780456751,149.758982
1780456751,159.669507
1780456751,149.542989
1780456751,156.821760
1780456751,155.597161
1780456751,155.496081
1780456751,158.617027
1780456751,159.589034
1780456751,156.466245
1780456751,156.918573
1780456751,159.445835
1780456751,152.673189
1780456751,159.159022
1780456751,156.687718
1780456751,152.619940
1780456751,152.544259
1780456751,158.941740
1780456751,156.136043
1780456751,155.246889
1780456751,154.771931
1780456751,153.720655
1780456751,154.305754
1780456751,153.369108
1780456751,153.957702
1780456751,161.078495
1780456751,158.004439
1780456751,155.698731
1780456751,155.204852
1780456751,155.171408
1780456751,160.453472
1780456751,156.392890
1780456751,158.737149
1780456751,158.955950
1780456751,160.188156
1780456751,161.963907
1780456751,157.430571
1780456751,160.389538
1780456751,157.006316
1780456751,157.390032
1780456751,159.486076
1780456751,158.852951
1780456751,160.469496
1780456751,163.352335
1780456751,158.012703
1780456751,157.635591
1780456751,157.495168
1780456751,161.781059
1780456751,163.406671
1780456751,157.708783
1780456751,163.187710
1780456751,159.453363
1780456751,163.687793
1780456751,159.023107
1780456751,157.781077
1780456751,163.856911
1780456751,159.160232
1780456751,156.919115
1780456751,159.088735
1780456751,156.464361
1780456751,164.737866
1780456751,164.840647
1780456751,158.564220
1780456751,154.490265
1780456751,159.848773
1780456751,162.474312
1780456751,166.895620
1780456751,166.601211
1780456751,162.761436
1780456751,166.746015
1780456751,163.603833
1780456751,163.979583
1780456751,166.836578
1780456751,166.534168
1780456751,166.631684
1780456751,166.955040
1780456751,166.733701
1780456751,158.816616
1780456751,166.042979
1780456751,165.923640
1780456751,166.903353
1780456751,166.129515
1780456751,165.013751
1780456751,163.387229
1780456751,164.451750
1780456751,157.155353
1780456751,165.217025
1780456751,164.081883
1780456751,162.590204
1780456751,166.817733
1780456751,167.139130
1780456751,167.195476
1780456751,167.342495
1780456751,161.990798
1780456751,162.391360
1780456751,161.960523
1780456751,162.624907
1780456751,162.259975
1780456751,165.613920
1780456751,167.767485
1780456751,138.926329
1780456751,163.123561
1780456751,139.100776
1780456751,139.194873
1780456751,163.545131
1780456751,142.870917
1780456751,142.820833
1780456751,147.607128
1780456751,164.162608
1780456751,165.472787
1780456751,147.653329
1780456751,151.177641
1780456751,150.113249
1780456751,146.557134
1780456751,152.347774
1780456751,160.642517
1780456751,167.680909
1780456751,157.665403
1780456751,160.811986
1780456751,158.647536
1780456751,160.334979
1780456751,162.113087
1780456751,160.965119
1780456751,166.293355
1780456751,161.051869
1780456751,165.052051
1780456751,165.828100
1780456751,166.065827
1780456751,131.464262
1780456751,168.911008
1780456751,137.820390
1780456751,167.578703
1780456751,168.420788
1780456751,167.117363
1780456751,147.360259
1780456751,167.972643
1780456751,161.551003
1780456751,168.319474
1780456751,167.853878
1780456751,154.569239
1780456751,168.639606
1780456751,168.706454
1780456751,168.885269
1780456751,159.557822
1780456751,167.346481
1780456751,168.274485
1780456751,169.879896
1780456751,161.108612
1780456751,170.316092
1780456751,166.473310
1780456751,168.657782
1780456751,164.216979
1780456751,170.411896
1780456751,170.502180
1780456751,168.927202
1780456751,126.975026
1780456751,167.576674
1780456751,167.708043
1780456751,162.131285
1780456751,168.041006
1780456751,168.421251
1780456751,162.438552
1780456751,168.580711
1780456751,168.695578
1780456751,171.276538
1780456751,168.923996
1780456751,168.985157
1780456751,169.287394
1780456751,169.449478
1780456751,168.170997
1780456751,167.161201
1780456751,168.249571
1780456751,168.479430
1780456751,169.300329
1780456751,171.008059
1780456751,126.974225
1780456751,127.003588
1780456751,172.241690
1780456751,172.663658
1780456751,171.584541
1780456751,161.802688
1780456751,169.189459
1780456751,172.924123
1780456751,173.081075
1780456751,167.075631
1780456751,165.940309
1780456751,167.174600
1780456751,173.381716
1780456751,165.274700
1780456751,167.330287
1780456751,172.689435
1780456751,172.093804
1780456751,172.969561
1780456751,164.316209
1780456751,169.296676
1780456751,164.601546
1780456751,163.838262
1780456751,165.311174
1780456751,165.842427
1780456751,169.070528
1780456751,169.461002
1780456751,167.414862
1780456751,167.485095
1780456751,167.561367
1780456751,170.443988
1780456751,169.442508
1780456751,169.848488
1780456751,171.122421
1780456751,171.277492
1780456751,165.992771
1780456751,172.944342
1780456751,172.513269
1780456751,173.760942
1780456751,174.468937
1780456751,173.688871
1780456751,175.342119
1780456751,139.017108
1780456751,148.219482
1780456751,151.941163
1780456751,168.164718
1780456751,175.541404
1780456751,172.631093
1780456751,174.665771
1780456751,173.415142
1780456751,173.546244
1780456751,174.532783
1780456751,172.722154
1780456751,173.275971
1780456751,172.915587
1780456751,177.556036
1780456751,172.457120
1780456751,171.906329
1780456751,172.272374
1780456751,169.210155
1780456751,171.759671
1780456751,170.579448
1780456751,170.297515
1780456751,168.722430
1780456751,124.312571
1780456751,124.390709
1780456751,124.783008
1780456751,124.456468
1780456751,169.358591
1780456751,159.669159
1780456751,164.798866
1780456751,132.612841
1780456751,132.696364
1780456751,132.767760
1780456751,132.646642
1780456751,122.918048
1780456751,120.607418
1780456751,181.659139
1780456751,182.071015
1780456751,182.014862
1780456751,180.351675
1780456751,172.139265
1780456751,180.377491
1780456751,180.631866
1780456751,180.755462
1780456751,178.656910
1780456751,177.199597
1780456751,176.760114
1780456751,131.936558
1780456751,131.946161
1780456751,132.114032
1780456751,176.809013
1780456751,125.671305
1780456751,125.765708
1780456751,125.691206
1780456751,125.834857
1780456751,131.810924
1780456751,131.894717
1780456751,131.854482
1780456751,125.812742
1780456751,125.396461
1780456751,125.963347
1780456751,181.101518
1780456751,126.062470
1780456751,176.483426
1780456751,173.167520
1780456751,180.768754
1780456751,175.170992
1780456751,176.978217
1780456751,166.947695
1780456751,175.680749
1780456751,175.826506
1780456751,167.352974
1780456751,114.877814
1780456751,106.852321
1780456751,167.577146
1780456751,166.879163
1780456751,163.749163
1780456751,166.440644
1780456751,117.965537
1780456751,118.077342
1780456751,164.359258
1780456751,187.077107
1780456751,164.265222
1780456751,144.365417
1780456751,144.409989
1780456751,144.454526
1780456751,144.541927
1780456751,144.397517
1780456751,144.486264
1780456751,173.148090
1780456751,144.680292
1780456751,144.725335
1780456751,173.386533
1780456751,163.976043
1780456751,134.792264
1780456751,175.701042
1780456751,134.794218
1780456751,129.929257
1780456751,134.758407
1780456751,133.687824
1780456751,141.193822
1780456751,134.890902
1780456751,142.269096
1780456751,135.016044
1780456751,135.236540
1780456751,142.625113
1780456751,142.559170
1780456751,140.421112
1780456751,140.454937
1780456751,143.023657
1780456751,142.760096
1780456751,145.419698
1780456751,142.967088
1780456751,145.507480
1780456751,145.597180
1780456751,143.101076
1780456751,143.020204
1780456751,143.007818
1780456751,143.177075
1780456751,146.048290
1780456751,134.636378
1780456751,143.558007
1780456751,146.197953
1780456751,155.328447
1780456751,145.882442
1780456751,161.548434
1780456751,134.766182
1780456751,171.245455
1780456751,146.208224
1780456751,133.828701
1780456751,143.649623
1780456751,165.602757
1780456751,191.569272
1780456751,166.762056
1780456751,118.205627
1780456751,191.863807
1780456751,166.924098
1780456751,178.700238
1780456751,192.599982
1780456751,184.845433
1780456751,116.587324
1780456751,165.887337
1780456751,104.791359
1780456751,104.153060
1780456751,116.946551
1780456751,186.154356
1780456751,186.221435
1780456751,186.352390
1780456751,186.320897
1780456751,190.196447
1780456751,116.903728
1780456751,178.169945
1780456751,192.485227
1780456751,192.148035
1780456751,192.313813
1780456751,192.249051
1780456751,178.444050
1780456751,186.883947
1780456751,192.316874
1780456751,102.378215
1780456751,174.466113
1780456751,166.007523
1780456751,174.660422
1780456751,163.975798
1780456751,174.859067
1780456751,164.154101
1780456751,187.061444
1780456751,173.848522
1780456751,186.485533
1780456751,186.382935
1780456751,164.351791
1780456751,175.287385
1780456751,193.228093
1780456751,193.172575
1780456751,175.519986
1780456751,187.487288
1780456751,173.533999
1780456751,181.711944
1780456751,191.690281
1780456751,193.702626
1780456751,115.261543
1780456751,111.344058
1780456751,111.613420
1780456751,178.845196
1780456751,102.657489
1780456751,192.577946
1780456751,160.114510
1780456751,156.303226
1780456751,171.894498
1780456751,112.664565
1780456751,177.942450
1780456751,178.015775
1780456751,178.056760
1780456751,173.363778
1780456751,108.946071
1780456751,173.375656
1780456751,194.799818
1780456751,171.002246
1780456751,194.288402
1780456751,194.391383
1780456751,173.584087
1780456751,170.160316
1780456751,170.486284
1780456751,190.889706
1780456751,193.510699
1780456751,191.273207
1780456751,198.127243
1780456751,189.823915
1780456751,195.401429
1780456751,191.895205
1780456751,197.362957
1780456751,108.624273
1780456751,145.064768
1780456751,146.433776
1780456751,153.834544
1780456751,165.997762
1780456751,181.720470
1780456751,148.979133
1780456751,202.354706
1780456751,149.064438
1780456751,202.634771
1780456751,202.667632
1780456751,203.076206
1780456751,198.554688
1780456751,109.187659
1780456751,166.390455
1780456751,147.390875
1780456751,146.130916
1780456751,145.077808
1780456751,146.244427
1780456751,142.750408
1780456751,142.757339
1780456751,204.190039
1780456751,169.147330
1780456751,150.346018
1780456751,197.722774
1780456751,173.172141
1780456751,148.478547
1780456751,202.706304
1780456751,169.422430
1780456751,203.165968
1780456751,173.554836
1780456751,203.166290
1780456751,198.471740
1780456751,176.060232
1780456751,205.278416
1780456751,205.453117
1780456751,202.855122
1780456751,151.087906
1780456751,199.124284
1780456751,149.304502
1780456751,201.050778
1780456751,151.260031
1780456751,202.127500
1780456751,125.195205
1780456751,198.309132
1780456751,136.364040
1780456751,199.196660
1780456751,149.614834
1780456751,136.350514
1780456751,125.498696
1780456751,198.948580
1780456751,125.462012
1780456751,125.449872
1780456751,136.540956
1780456751,198.362780
1780456751,119.069532
1780456751,118.255012
1780456751,106.804114
1780456751,106.276640
1780456751,106.477204
1780456751,107.471638
1780456751,106.964801
1780456751,104.731435
1780456751,107.981522
1780456751,131.741492
1780456751,196.241569
1780456751,195.016439
1780456751,195.380794
1780456751,112.031174
1780456751,134.417848
1780456751,112.103557
1780456751,110.988673
1780456751,135.690147
1780456751,136.040854
1780456751,197.345325
1780456751,195.238482
1780456751,196.688261
1780456751,195.783236
1780456751,195.887331
1780456751,113.990318
1780456751,113.407849
1780456751,194.503947
1780456751,113.988788
1780456751,194.913371
1780456751,194.882726
1780456751,114.089957
1780456751,194.972189
1780456751,114.348702
1780456751,195.358237
1780456751,195.382839
1780456751,195.689935
1780456751,195.956825
1780456751,196.326583
1780456751,155.713014
1780456751,156.555653
1780456751,169.741119
1780456751,145.758845
1780456751,145.819606
1780456751,145.882176
1780456751,146.061025
1780456751,146.317235
1780456751,120.862522
1780456751,146.503962
1780456751,144.955664
1780456751,139.765262
1780456751,140.390845
1780456751,139.766264
1780456751,139.828003
1780456751,122.737607
1780456751,122.429175
1780456751,122.686750
1780456751,122.751141
1780456751,216.507237
1780456751,119.841158
1780456751,218.428597
1780456751,123.650222
1780456751,124.368989
1780456751,123.784397
1780456751,217.556598
1780456751,125.271698
1780456751,125.104945
1780456751,125.271523
1780456751,122.974679
1780456751,218.235585
1780456751,220.583183
1780456751,219.444437
1780456751,157.377390
1780456751,125.195210
1780456751,158.582713
1780456751,155.297336
1780456751,151.938576
1780456751,152.500602
1780456751,125.612911
1780456751,128.227057
1780456751,129.205581
1780456751,128.673101
1780456751,128.800502
1780456751,128.900024
1780456751,129.020569
1780456751,129.013535
1780456751,202.990000
1780456751,129.240125
1780456751,129.204361
1780456751,206.999347
1780456751,129.405553
1780456751,215.475525
1780456751,216.714348
1780456751,215.568281
1780456751,217.846328
1780456751,224.802999
1780456751,185.568486
1780456751,227.259913
1780456751,215.617521
1780456751,207.299231
1780456751,128.927241
1780456751,207.439347
1780456751,162.935894
1780456751,203.899526
1780456751,204.473294
1780456751,146.118980
1780456751,146.142774
1780456751,204.799055
1780456751,203.564903
1780456751,188.564490
1780456751,185.554491
1780456751,186.856638
1780456751,149.566830
1780456751,172.660880
1780456751,108.344959
1780456751,108.224575
1780456751,108.569762
1780456751,108.401722
1780456751,149.887557
1780456751,108.623480
1780456751,149.890685
1780456751,149.902703
1780456751,150.192104
1780456751,136.908750
1780456751,173.967351
1780456751,109.084732
1780456751,109.245970
1780456751,109.841588
1780456751,110.022406
1780456751,163.336351
1780456751,137.865488
1780456751,107.526445
1780456751,137.954575
1780456751,137.221378
1780456751,107.744475
1780456751,137.338932
1780456751,108.641621
1780456751,138.550968
1780456751,108.175187
1780456751,108.610715
1780456751,108.798718
1780456751,139.136395
1780456751,109.411088
1780456751,117.494682
1780456751,118.668239
1780456751,111.789052
1780456751,111.863881
1780456751,111.809658
1780456751,111.726730
1780456751,116.983320
1780456751,119.039390
1780456751,118.955302
1780456751,117.684358
1780456751,117.606685
1780456751,117.904394
1780456751,117.743882
1780456751,119.343185
1780456751,121.069784
1780456751,120.985912
1780456751,121.643841
1780456751,121.987109
1780456751,121.804405
1780456751,122.295371
1780456751,125.065757
1780456751,122.479861
1780456751,121.810381
1780456751,122.064771
1780456751,117.476696
1780456751,124.944040
1780456751,118.079479
1780456751,117.851338
1780456751,114.201470
1780456751,128.223537
1780456751,121.457228
1780456751,127.123886
1780456751,128.373368
1780456751,128.447033
1780456751,122.118158
1780456751,121.752129
1780456751,112.837766
1780456751,127.329382
1780456751,121.760722
1780456751,127.443477
1780456751,121.858466
1780456751,121.956122
1780456751,127.570430
1780456751,127.699632
1780456751,128.545536
1780456751,125.503519
1780456751,115.681111
1780456751,123.959752
1780456751,129.937801
1780456751,130.308474
1780456751,130.460559
1780456751,130.511520
1780456751,130.749825
1780456751,110.204924
1780456751,113.127482
1780456751,113.583590
1780456751,125.511156
1780456751,125.328838
1780456751,125.407761
1780456751,116.719185
1780456751,122.155953
1780456751,122.899506
1780456751,123.536634
1780456751,127.733336
1780456751,126.489974
1780456751,126.229609
1780456751,126.177675
1780456751,132.014222
1780456751,111.335065
1780456751,111.332948
1780456751,112.041396
1780456751,108.550968
1780456751,127.206616
1780456751,123.893431
1780456751,109.909159
1780456751,111.137936
1780456751,111.248493
1780456751,116.744185
1780456751,115.512922
1780456751,110.570004
1780456751,130.186543
1780456751,127.522748
1780456751,120.206652
1780456751,120.746057
1780456751,120.788869
1780456751,119.186457
1780456751,130.134525
1780456751,119.330480
1780456751,112.880243
1780456751,118.557982
1780456751,119.163177
1780456751,129.013014
1780456751,109.519270
1780456751,119.326817
1780456751,119.466531
1780456751,131.946054
1780456751,113.106916
1780456751,121.154804
1780456751,112.811025
1780456751,113.023368
1780456751,112.284016
1780456751,113.028774
1780456751,112.614170
1780456751,112.784387
1780456751,112.182441
1780456751,113.419214
1780456751,113.305899
1780456751,112.983974
1780456751,113.963820
1780456751,114.050341
1780456751,114.221721
1780456751,137.635220
1780456751,115.205536
1780456751,115.540157
1780456751,115.485680
1780456751,115.340548
1780456751,115.750553
1780456751,115.814187
1780456751,108.813597
1780456751,110.384771
1780456751,110.514095
1780456751,111.060478
1780456751,114.858438
1780456751,114.889391
1780456751,118.623959
1780456751,115.066651
1780456751,115.203263
1780456751,114.964324
1780456751,118.988518
1780456751,127.356382
1780456751,118.777948
1780456751,127.355334
1780456751,127.478794
1780456751,127.748586
1780456751,129.757889
1780456751,129.988144
1780456751,133.249517
1780456751,133.216379
1780456751,133.283388
1780456751,139.793600
1780456751,133.518674
1780456751,133.598994
1780456751,133.712443
1780456751,141.259426
1780456751,143.436363
1780456751,133.669505
1780456751,134.121083
1780456751,111.624905
1780456751,112.290535
1780456751,116.085589
1780456751,116.075015
1780456751,116.762522
1780456751,117.038095
1780456751,117.248494
1780456751,118.652281
1780456751,117.403123
1780456751,118.475653
1780456751,120.224026
1780456751,118.631945
1780456751,120.347369
1780456751,114.610602
1780456751,120.299457
1780456751,122.655979
1780456751,122.975473
1780456751,122.973930
1780456751,125.226774
1780456751,124.628687
1780456751,117.718613
1780456751,117.053872
1780456751,111.046825
1780456751,117.300209
1780456751,118.359437
1780456751,117.621133
1780456751,118.010276
1780456751,118.247324
1780456751,138.351651
1780456751,119.721187
1780456751,106.932540
1780456751,128.070454
1780456751,125.334973
1780456751,131.095045
1780456751,117.250034
1780456751,114.998579
1780456751,125.698167
1780456751,134.915863
1780456751,129.214456
1780456751,117.948507
1780456751,136.420526
1780456751,108.584886
1780456751,136.932117
1780456751,117.951538
1780456751,130.942023
1780456751,109.739702
1780456751,118.315782
1780456751,127.175772
1780456751,111.430841
1780456751,121.697698
1780456751,110.044536
1780456751,110.123780
1780456751,112.628724
1780456751,124.362928
1780456751,121.611392
1780456751,124.476337
1780456751,132.702432
1780456751,135.251276
1780456751,120.260212
1780456751,108.815609
1780456751,131.827370
1780456751,111.007562
1780456751,111.853804
1780456751,118.228885
1780456751,115.486068
1780456751,107.209438
1780456751,120.106957
1780456751,120.079643
1780456751,120.235030
1780456751,120.428037
1780456751,120.409909
1780456751,121.240277
1780456751,128.622614
1780456751,121.356308
1780456751,109.060459
1780456751,109.501899
1780456751,122.002430
1780456751,121.508504
1780456751,122.852375
1780456751,122.153474
1780456751,112.937126
1780456751,113.779136
1780456751,113.773709
1780456751,113.877456
1780456751,114.167010
1780456751,114.090236
1780456751,114.706280
1780456751,115.014475
1780456751,115.912999
1780456751,115.342992
1780456751,120.713753
1780456751,139.267506
1780456751,130.582062
1780456751,140.373703
1780456751,140.541886
1780456751,141.830963
1780456751,141.994128
1780456751,141.992300
1780456751,142.447822
1780456751,144.789561
1780456751,135.482660
1780456751,143.622625
1780456751,142.725591
1780456751,135.077541
1780456751,132.473712
1780456751,113.487589
1780456751,114.030791
1780456751,107.415188
1780456751,108.855256
1780456751,110.099492
1780456751,128.878415
1780456751,128.879639
1780456751,126.284922
1780456751,126.292101
1780456751,126.402295
1780456751,126.552265
1780456751,129.334916
1780456751,126.392798
1780456751,129.038378
1780456751,129.151300
1780456751,129.141362
1780456751,106.550016
1780456751,107.127316
1780456751,101.943516
1780456751,105.662799
1780456751,104.036222
1780456751,103.377436
1780456751,103.991702
1780456751,105.161635
1780456751,131.802560
1780456751,116.475466
1780456751,126.606139
1780456751,117.981637
1780456751,118.739084
1780456751,104.903676
1780456751,121.857420
1780456751,128.062380
1780456751,132.071478
1780456751,132.251406
1780456751,132.246126
1780456751,132.200978
1780456751,134.497681
1780456751,132.618294
1780456751,134.625747
1780456751,108.947890
1780456751,111.509767
1780456751,111.840864
1780456751,108.945687
1780456751,114.234780
1780456751,111.901102
1780456751,112.067485
1780456751,119.382079
1780456751,115.965434
1780456751,121.194685
1780456751,119.796474
1780456751,123.303363
1780456751,126.292336
1780456751,103.271312
1780456751,106.139937
1780456751,107.421438
1780456751,106.070099
1780456751,108.005525
1780456751,107.767156
1780456751,104.250966
1780456751,103.723395
1780456751,105.211938
1780456751,108.374485
1780456751,120.394761
1780456751,115.630478
1780456751,108.756172
1780456751,105.179039
1780456751,122.070122
1780456751,108.848723
1780456751,105.921284
1780456751,122.101265
1780456751,120.699599
1780456751,107.228771
1780456751,105.378082
1780456751,124.040560
1780456751,110.211471
1780456751,108.346659
1780456751,108.345836
1780456751,107.177491
1780456751,105.381328
1780456751,120.687640
1780456751,122.510480
1780456751,112.638140
1780456751,108.630898
1780456751,125.268595
1780456751,108.746211
1780456751,127.810618
1780456751,124.191446
1780456751,109.075340
1780456751,127.685282
1780456751,122.967212
1780456751,122.527346
1780456751,125.674023
1780456751,121.807031
1780456751,108.170005
1780456751,131.367943
1780456751,121.072684
1780456751,109.080529
1780456751,108.779036
1780456751,102.493650
1780456751,121.199642
1780456751,103.189855
1780456751,116.319061
1780456751,121.615547
1780456751,116.924702
1780456751,102.910796
1780456751,121.496761
1780456751,103.772306
1780456751,120.473620
1780456751,120.476434
1780456751,107.523628
1780456751,104.122105
1780456751,102.789535
1780456751,104.083939
1780456751,120.267485
1780456751,104.196370
1780456751,111.931175
1780456751,116.028940
1780456751,111.807430
1780456751,115.404418
1780456751,115.492863
1780456751,115.478705
1780456751,105.128686
1780456751,104.837037
1780456751,105.250540
1780456751,105.165223
1780456751,106.540613
1780456751,105.432306
1780456751,112.006282
1780456751,116.514089
1780456751,115.889686
1780456751,122.039463
1780456751,105.409144
1780456751,121.331021
1780456751,120.690167
1780456751,121.234346
1780456751,121.679738
1780456751,105.023835
1780456751,104.432832
1780456751,103.380987
1780456751,105.526744
1780456751,102.687864
1780456751,119.978996
1780456751,120.006642
1780456751,104.055903
1780456751,120.127952
1780456751,105.450209
1780456751,104.167955
1780456751,105.324247
1780456751,103.712345
1780456751,120.700338
1780456751,104.546432
1780456751,106.500328
1780456751,106.371799
1780456751,106.631324
1780456751,120.430276
1780456751,120.417755
1780456751,106.549095
1780456751,103.544334
1780456751,118.395469
1780456751,103.720645
1780456751,104.234563
1780456751,120.383851
1780456751,103.843246
1780456751,120.424694
1780456751,119.826082
1780456751,102.834308
1780456751,107.478402
1780456751,106.173869
1780456751,120.134996
1780456751,103.236422
1780456751,106.439799
1780456751,103.348840
1780456751,104.602141
1780456751,102.950043
1780456751,105.109490
1780456751,106.343178
1780456751,103.552665
1780456751,120.144588
1780456751,106.508166
1780456751,103.410683
1780456751,103.766002
1780456751,103.516177
1780456751,107.074982
1780456751,103.392789
1780456751,102.159598
1780456751,119.954614
1780456751,120.156944
1780456751,103.884885
1780456751,106.321103
1780456751,104.256936
1780456751,103.930683
1780456751,120.264317
1780456751,106.674257
1780456751,120.054281
1780456751,102.656835
1780456751,106.901796
1780456751,115.838090
1780456751,104.835434
1780456751,104.764890
1780456751,102.798319
1780456751,103.117655
1780456751,103.426486
1780456751,121.450513
1780456751,103.900574
1780456751,103.528757
1780456751,121.318368
1780456751,120.820455
1780456751,120.605611
1780456751,121.097611
1780456751,121.171226
1780456751,105.459041
1780456751,103.709398
1780456751,121.916361
1780456751,122.082964
1780456751,104.021815
1780456751,104.553092
1780456751,104.457551
1780456751,102.730589
1780456751,104.584993
1780456751,103.012560
1780456751,104.268996
1780456751,103.225442
1780456751,103.328266
1780456751,103.620575
1780456751,103.403781
1780456751,104.256214
1780456751,123.555909
1780456751,103.612663
1780456751,123.852190
1780456751,124.033397
1780456751,104.897911
1780456751,123.583148
1780456751,102.840296
1780456751,124.335465
1780456751,124.474143
1780456751,103.375820
1780456751,102.997468
1780456751,124.454312
1780456751,125.414934
1780456751,103.388549
1780456751,104.210386
1780456751,124.209402
1780456751,103.653197
1780456751,125.886142
1780456751,104.393495
1780456751,102.683982
1780456751,103.314306
1780456751,103.125185
1780456751,125.448127
1780456751,104.315946
1780456751,125.297831
1780456751,107.236669
1780456751,105.403253
1780456751,102.632232
1780456751,123.869320
1780456751,104.512325
1780456751,126.232493
1780456751,123.177543
1780456751,103.183077
1780456751,105.649145
1780456751,122.880928
1780456751,105.538375
1780456751,104.015331
1780456751,103.188649
1780456751,123.675269
1780456751,123.762277
1780456751,104.974018
1780456751,103.883267
1780456751,105.222643
1780456751,103.601610
1780456751,123.737303
1780456751,122.908181
1780456751,103.565233
1780456751,121.134896
1780456751,103.196048
1780456751,104.294587
1780456751,124.039548
1780456751,123.982245
1780456751,103.878889
1780456751,124.499140
1780456751,123.876950
1780456751,103.021531
1780456751,116.103372
1780456751,102.751936
1780456751,102.575037
1780456751,114.077149
1780456751,113.024931
1780456751,113.047513
1780456751,112.871710
1780456751,103.557742
1780456751,113.048726
1780456751,102.499295
1780456751,114.074651
1780456751,102.961492
1780456751,112.616220
1780456751,103.330133
1780456751,112.443018
1780456751,103.408105
1780456751,103.709571
1780456751,103.929782
1780456751,112.191584
1780456751,103.536388
1780456751,104.658593
1780456751,113.080008
1780456751,112.946509
1780456751,103.472009
1780456751,103.756721
1780456751,113.221712
1780456751,105.005126
1780456751,113.364749
1780456751,104.284480
1780456751,113.345945
1780456751,104.587063
1780456751,112.472625
1780456751,102.980742
1780456751,112.473809
1780456751,103.475687
1780456751,113.794902
1780456751,112.220341
1780456751,113.120580
1780456751,113.449493
1780456751,112.790959
1780456751,113.083662
1780456751,113.267865
1780456751,113.235440
1780456751,112.842549
1780456751,112.262301
1780456751,112.130860
1780456751,113.097658
1780456751,113.084909
1780456751,113.076397
1780456751,112.193818
1780456751,113.496723
1780456751,112.812813
1780456751,112.337138
1780456751,112.343138
1780456751,111.932043
1780456751,111.922112
1780456751,111.869887
1780456751,112.146612
1780456751,112.892240
1780456751,112.401984
1780456751,111.847730
1780456751,105.867905
1780456751,112.497119
1780456751,112.954393
1780456751,112.415896
1780456751,106.158390
1780456751,112.808531
1780456751,105.984452
1780456751,112.746257
1780456751,107.336647
1780456751,106.827516
1780456751,112.768723
1780456751,107.346184
1780456751,107.108979
1780456751,113.066456
1780456751,106.843452
1780456751,112.767971
1780456751,106.588564
1780456751,106.733280
1780456751,105.518816
1780456751,113.457591
1780456751,106.747801
1780456751,113.390307
1780456751,109.166848
1780456751,108.158085
1780456751,113.917699
1780456751,112.940759
1780456751,108.116482
1780456751,109.426583
1780456751,113.309772
1780456751,104.184077
1780456751,113.437136
1780456751,104.300526
1780456751,113.520119
1780456751,113.765011
1780456751,114.231494
1780456751,104.663148
1780456751,110.743561
1780456751,108.892164
1780456751,105.216589
1780456751,107.639467
1780456751,110.089834
1780456751,109.454525
1780456751,105.017412
1780456751,114.222878
1780456751,104.930757
1780456751,114.675007
1780456751,113.529330
1780456751,114.678842
1780456751,114.548301
1780456751,106.246599
1780456751,113.775153
1780456751,104.199600
1780456751,114.153413
1780456751,114.152463
1780456751,110.110885
1780456751,105.133360
1780456751,115.060531
1780456751,111.952786
1780456751,110.938013
1780456751,114.533010
1780456751,111.331019
1780456751,106.035756
1780456751,112.657049
1780456751,117.821547
1780456751,108.930999
1780456751,106.578102
1780456751,106.186362
1780456751,111.550582
1780456751,115.328722
1780456751,107.728776
1780456751,116.125522
1780456751,115.611146
1780456751,106.851167
1780456751,106.950235
1780456751,104.671154
1780456751,107.463950
1780456751,106.575605
1780456751,117.089535
1780456751,111.202884
1780456751,116.174994
1780456751,117.392213
1780456751,105.089883
1780456751,116.703200
1780456751,117.600987
1780456751,106.330963
1780456751,107.093858
1780456751,116.652791
1780456751,116.407108
1780456751,116.730950
1780456751,114.738453
1780456751,107.371017
1780456751,116.339196
1780456751,117.507487
1780456751,106.492934
1780456751,116.663994
1780456751,107.075829
1780456751,114.503937
1780456751,117.289936
1780456751,106.854310
1780456751,116.615490
1780456751,102.617431
1780456751,114.685060
1780456751,116.636345
1780456751,107.376554
1780456751,115.492580
1780456751,108.113575
1780456751,116.788310
1780456751,116.776059
1780456751,107.343280
1780456751,101.661993
1780456751,117.559121
1780456751,108.150249
1780456751,116.117260
1780456751,112.995939
1780456751,107.721680
1780456751,117.409704
1780456751,108.276538
1780456751,107.448390
1780456751,106.903568
1780456751,116.231647
1780456751,106.650866
1780456751,110.356608
1780456751,108.434850
1780456751,107.279612
1780456751,108.377695
1780456751,116.413248
1780456751,102.612344
1780456751,111.343763
1780456751,107.228763
1780456751,108.405785
1780456751,116.894852
1780456751,105.814854
1780456751,107.958763
1780456751,120.518202
1780456751,107.852006
1780456751,118.971094
1780456751,106.244274
1780456751,107.845539
1780456751,117.282649
1780456751,104.850927
1780456751,119.741149
1780456751,108.021078
1780456751,119.370843
1780456751,107.901981
1780456751,104.104414
1780456751,103.601847
1780456751,103.139123
1780456751,108.031196
1780456751,103.306484
1780456751,107.244984
1780456751,104.358438
1780456751,104.656678
1780456751,117.489374
1780456751,107.414902
1780456751,117.603985
1780456751,116.195344
1780456751,106.201256
1780456751,103.554244
1780456751,106.306036
1780456751,115.807543
1780456751,102.521541
1780456751,106.454457
1780456751,115.417878
1780456751,106.597197
1780456751,116.190842
1780456751,102.738239
1780456751,105.753602
1780456751,114.992137
1780456751,106.187236
1780456751,117.214564
1780456751,105.708247
1780456751,106.137320
1780456751,105.848641
1780456751,106.088340
1780456751,106.178512
1780456751,115.291381
1780456751,106.103369
1780456751,105.997986
1780456751,115.347653
1780456751,115.642557
1780456751,106.317426
1780456751,106.230365
1780456751,115.386279
1780456751,106.037637
1780456751,107.746179
1780456751,105.561767
1780456751,119.002879
1780456751,105.783793
1780456751,115.778889
1780456751,106.693289
1780456751,116.348086
1780456751,106.514514
1780456751,117.542336
1780456751,106.821275
1780456751,106.810876
1780456751,117.689918
1780456751,106.976015
1780456751,117.881385
1780456751,116.507778
1780456751,107.854885
1780456751,108.278042
1780456751,106.441184
1780456751,107.986644
1780456751,106.460030
1780456751,107.623132
1780456751,107.604005
1780456751,115.925219
1780456751,107.575239
1780456751,107.692508
1780456751,109.483674
1780456751,117.395147
1780456751,109.346226
1780456751,107.975892
1780456751,116.281512
1780456751,109.617654
1780456751,109.859687
1780456751,116.676555
1780456751,104.434033
1780456751,117.190697
1780456751,108.624871
1780456751,110.173014
1780456751,106.649676
1780456751,117.065980
1780456751,104.916373
1780456751,117.047069
1780456751,105.438062
1780456751,109.718642
1780456751,117.574696
1780456751,109.947623
1780456751,105.723780
1780456751,105.757773
1780456751,117.698043
1780456751,110.167028
1780456751,116.751809
1780456751,110.300052
1780456751,106.587787
1780456751,116.887028
1780456751,116.997606
1780456751,111.177464
1780456751,110.770728
1780456751,111.294683
1780456751,118.510323
1780456751,112.508852
1780456751,105.043647
1780456751,111.129626
1780456751,104.207642
1780456751,111.411679
1780456751,118.615358
1780456751,118.430465
1780456751,119.213259
1780456751,113.388683
1780456751,107.326405
1780456751,107.645107
1780456751,113.424011
1780456751,118.653475
1780456751,113.350914
1780456751,106.304789
1780456751,111.688683
1780456751,113.423829
1780456751,118.814884
1780456751,111.912712
1780456751,106.050904
1780456751,106.178039
1780456751,118.885129
1780456751,106.733916
1780456751,106.986022
1780456751,118.956698
1780456751,114.099685
1780456751,113.993890
1780456751,106.804498
1780456751,119.319877
1780456751,112.683052
1780456751,114.109429
1780456751,114.694314
1780456751,110.042336
1780456751,114.918131
1780456751,115.875593
1780456751,110.062366
1780456751,114.797476
1780456751,109.679544
1780456751,108.241429
1780456751,114.332892
1780456751,109.998768
1780456751,114.863103
1780456751,114.117894
1780456751,115.013806
1780456751,108.662855
1780456751,110.223440
1780456751,108.046409
1780456751,106.351362
1780456751,108.906427
1780456751,106.816681
1780456751,110.819049
1780456751,105.461688
1780456751,109.572245
1780456751,106.168316
1780456751,117.568590
1780456751,109.145760
1780456751,113.819672
1780456751,110.317678
1780456751,106.259357
1780456751,112.680200
1780456751,106.701958
1780456751,106.779920
1780456751,106.437805
1780456751,117.874867
1780456751,112.909119
1780456751,109.930672
1780456751,107.145578
1780456751,118.218452
1780456751,105.993370
1780456751,112.879697
1780456751,105.922727
1780456751,112.285132
1780456751,104.590209
1780456751,106.676968
1780456751,119.133341
1780456751,119.030020
1780456751,108.099643
1780456751,112.827043
1780456751,119.186929
1780456751,106.640597
1780456751,105.469368
1780456751,105.197108
1780456751,104.844855
1780456751,119.448398
1780456751,107.068903
1780456751,107.233752
1780456751,103.047372
1780456751,112.364036
1780456751,115.663699
1780456751,127.449877
1780456751,123.461365
1780456751,125.794170
1780456751,115.351065
1780456751,121.595842
1780456751,115.701946
1780456751,128.239482
1780456751,117.284912
1780456751,122.270413
1780456751,117.121475
1780456751,114.396677
1780456751,121.989545
1780456751,114.594451
1780456751,122.339131
1780456751,116.139133
1780456751,116.022049
1780456751,117.505305
1780456751,119.425869
1780456751,118.441400
1780456751,115.541525
1780456751,118.527669
1780456751,120.188314
1780456751,124.370864
1780456751,121.217647
1780456751,113.211810
1780456751,120.731999
1780456751,124.373818
1780456751,111.566798
1780456751,123.050083
1780456751,112.631658
1780456751,123.432880
1780456751,112.037335
1780456751,112.880107
1780456751,121.153416
1780456751,113.669862
1780456751,125.725554
1780456751,125.834086
1780456751,117.567204
1780456751,117.439764
1780456751,113.639664
1780456751,125.821477
1780456751,125.211095
1780456751,120.058035
1780456751,125.614159
1780456751,125.480376
1780456751,125.754593
1780456751,123.286764
1780456751,121.447761
1780456751,124.020062
1780456751,126.374632
1780456751,122.955739
1780456751,123.416642
1780456751,124.527255
1780456751,124.356093
1780456751,124.456974
1780456751,124.620196
1780456751,124.609191
1780456751,123.338737
1780456751,122.127741
1780456751,123.038471
1780456751,123.309679
1780456751,117.734362
1780456751,118.143916
1780456751,122.699878
1780456751,115.923212
1780456751,123.284307
1780456751,117.823244
1780456751,114.956382
1780456751,118.712652
1780456751,125.193683
1780456751,119.069628
1780456751,114.833765
1780456751,126.384898
1780456751,126.371886
1780456751,128.457929
1780456751,128.708752
1780456751,128.083688
1780456751,128.581646
1780456751,128.453056
1780456751,128.553377
1780456751,127.984366
1780456751,117.585113
1780456751,126.219226
1780456751,128.903186
1780456751,126.244996
1780456751,128.677433
1780456751,128.103707
1780456751,115.491331
1780456751,128.671991
1780456751,117.695285
1780456751,126.358576
1780456751,123.585333
1780456751,128.386812
1780456751,127.039581
1780456751,117.827633
1780456751,115.342254
1780456751,127.148816
1780456751,126.590199
1780456751,117.677127
1780456751,126.605421
1780456751,117.737567
1780456751,117.894944
1780456751,127.131242
1780456751,115.779671
1780456751,117.963803
1780456751,126.673628
1780456751,116.656926
1780456751,129.345673
1780456751,128.485493
1780456751,129.823815
1780456751,128.839942
1780456751,117.292409
1780456751,128.122220
1780456751,128.237972
1780456751,128.317002
1780456751,117.975164
1780456751,128.574377
1780456751,128.190598
1780456751,124.215129
1780456751,124.024395
1780456751,124.664504
1780456751,119.938111
1780456751,116.808504
1780456751,124.452659
1780456751,115.851693
1780456751,114.079045
1780456751,114.300457
1780456751,114.716951
1780456751,126.405400
1780456751,114.028524
1780456751,114.125993
1780456751,126.767187
1780456751,114.245952
1780456751,134.427441
1780456751,131.675949
1780456751,114.553144
1780456751,126.103882
1780456751,113.839533
1780456751,115.301597
1780456751,134.240908
1780456751,134.316400
1780456751,134.161660
1780456751,127.897292
1780456751,131.852884
1780456751,127.598781
1780456751,127.919350
1780456751,128.322531
1780456751,127.945485
1780456751,127.920572
1780456751,127.638769
1780456751,132.901129
1780456751,131.774566
1780456751,127.732877
1780456751,132.325547
1780456751,132.829953
1780456751,124.450451
1780456751,124.598065
1780456751,124.471429
1780456751,132.268422
1780456751,125.157330
1780456751,125.061998
1780456751,124.758299
1780456751,129.763691
1780456751,124.949644
1780456751,132.620662
1780456751,124.735011
1780456751,117.571484
1780456751,132.557387
1780456751,128.011613
1780456751,116.897992
1780456751,125.112504
1780456751,125.162040
1780456751,129.280085
1780456751,129.270685
1780456751,129.348305
1780456751,124.693125
1780456751,134.022632
1780456751,112.459566
1780456751,111.862131
1780456751,130.116542
1780456751,111.333833
1780456751,135.546404
1780456751,109.766201
1780456751,135.054912
1780456751,134.600568
1780456751,131.350773
1780456751,134.925117
1780456751,131.695058
1780456751,134.951506
1780456751,131.765713
1780456751,114.502029
1780456751,135.239596
1780456751,114.894486
1780456751,111.601568
1780456751,115.030802
1780456751,115.333447
1780456751,115.375399
1780456751,122.633874
1780456751,115.585853
1780456751,122.227613
1780456751,125.455336
1780456751,124.961062
1780456751,103.784731
1780456751,125.184082
1780456751,125.197708
1780456751,125.154644
1780456751,117.513743
1780456751,116.274180
1780456751,114.154281
1780456751,125.302447
1780456751,143.002738
1780456751,124.525884
1780456751,144.318239
1780456751,124.480947
1780456751,143.063796
1780456751,142.738226
1780456751,128.975753
1780456751,115.874941
1780456751,115.954428
1780456751,143.041087
1780456751,143.291585
1780456751,143.659129
1780456751,124.625241
1780456751,124.602524
1780456751,137.778053
1780456751,125.790842
1780456751,124.860276
1780456751,105.535683
1780456751,124.297691
1780456751,124.976198
1780456751,105.773984
1780456751,138.418948
1780456751,124.622566
1780456751,126.431808
1780456751,125.477268
1780456751,110.512899
1780456751,138.219501
1780456751,126.680086
1780456751,109.341141
1780456751,119.393556
1780456751,138.790237
1780456751,138.509132
1780456751,120.766304
1780456751,127.109186
1780456751,139.219091
1780456751,127.363078
1780456751,139.013000
1780456751,122.486460
1780456751,127.568087
1780456751,138.870992
1780456751,137.605409
1780456751,126.000276
1780456751,111.406665
1780456751,137.996769
1780456751,126.675222
1780456751,123.837364
1780456751,121.744264
1780456751,139.436449
1780456751,147.044913
1780456751,122.117202
1780456751,125.552614
1780456751,147.132954
1780456751,122.070717
1780456751,121.928220
1780456751,126.244029
1780456751,122.096360
1780456751,121.160918
1780456751,147.457002
1780456751,147.548907
1780456751,123.275472
1780456751,122.425528
1780456751,123.229074
1780456751,123.376361
1780456751,123.369959
1780456751,118.576296
1780456751,126.800098
1780456751,126.996233
1780456751,124.983922
1780456751,126.685958
1780456751,126.644165
1780456751,127.112907
1780456751,127.470750
1780456751,125.918117
1780456751,126.758545
1780456751,127.464052
1780456751,126.398225
1780456751,128.178957
1780456751,123.707632
1780456751,123.164168
1780456751,128.112665
1780456751,128.479176
1780456751,126.934343
1780456751,128.490679
1780456751,128.701172
1780456751,128.416319
1780456751,126.067725
1780456751,119.898089
1780456751,129.587400
1780456751,120.911476
1780456751,123.675759
1780456751,129.945288
1780456751,129.547295
1780456751,129.624313
1780456751,129.970709
1780456751,123.995087
1780456751,131.173727
1780456751,131.379249
1780456751,129.649918
1780456751,131.051576
1780456751,130.957949
1780456751,146.759094
1780456751,135.729628
1780456751,128.187526
1780456751,133.378465
1780456751,136.041809
1780456751,135.056823
1780456751,136.340116
1780456751,134.528200
1780456751,134.545002
1780456751,134.841492
1780456751,135.686660
1780456751,120.645332
1780456751,120.809889
1780456751,145.223125
1780456751,120.934743
1780456751,151.165499
1780456751,126.249664
1780456751,121.559704
1780456751,126.245917
1780456751,139.399469
1780456751,125.851272
1780456751,122.828657
1780456751,131.452264
1780456751,142.239431
1780456751,140.551806
1780456751,125.910492
1780456751,123.399692
1780456751,129.047271
1780456751,133.804242
1780456751,123.500159
1780456751,129.429565
1780456751,123.401355
1780456751,127.871105
1780456751,124.760411
1780456751,137.680235
1780456751,138.002869
1780456751,107.267778
1780456751,107.314725
1780456751,124.341560
1780456751,138.585453
1780456751,124.899480
1780456751,129.321950
1780456751,129.516381
1780456751,131.147690
1780456751,124.082829
1780456751,124.494276
1780456751,124.370848
1780456751,125.023946
1780456751,124.796410
1780456751,124.724277
1780456751,130.154591
1780456751,124.888782
1780456751,113.143266
1780456751,145.319642
1780456751,141.224856
1780456751,132.688867
1780456751,133.527061
1780456751,119.803405
1780456751,136.187260
1780456751,136.502942
1780456751,119.281886
1780456751,114.034021
1780456751,138.359239
1780456751,137.869859
1780456751,130.720095
1780456751,138.155031
1780456751,133.907053
1780456751,131.132627
1780456751,119.096648
1780456751,131.101187
1780456751,148.684970
1780456751,121.010414
1780456751,147.183040
1780456751,131.533603
1780456751,156.482767
1780456751,156.538808
1780456751,134.447240
1780456751,156.684667
1780456751,103.136937
1780456751,109.159892
1780456751,107.707147
1780456751,110.948789
1780456751,125.758847
1780456751,109.611110
1780456751,116.717624
1780456751,108.320520
1780456751,111.681295
1780456751,109.326338
1780456751,104.628240
1780456751,112.283169
1780456751,112.312218
1780456751,153.877502
1780456751,153.347306
1780456751,153.742505
1780456751,153.826300
1780456751,151.888336
1780456751,144.453197
1780456751,144.730116
1780456751,142.343517
1780456751,152.329273
1780456751,123.142547
1780456751,148.248775
1780456751,150.373628
1780456751,151.108067
1780456751,155.627181
1780456751,152.654943
1780456751,142.598797
1780456751,148.470064
1780456751,144.830513
1780456751,123.112673
1780456751,146.068478
1780456751,151.383970
1780456751,150.767844
1780456751,145.215381
1780456751,151.146971
1780456751,153.218143
1780456751,153.211887
1780456751,154.846598
1780456751,154.228192
1780456751,155.305722
1780456751,116.891429
1780456751,154.798268
1780456751,111.057985
1780456751,143.158388
1780456751,154.529436
1780456751,143.071400
1780456751,143.779184
1780456751,154.332251
1780456751,143.982497
1780456751,123.766815
1780456751,156.329108
1780456751,149.280078
1780456751,143.210409
1780456751,143.404005
1780456751,143.285621
1780456751,120.911899
1780456751,143.032809
1780456751,119.918581
1780456751,121.637772
1780456751,122.363432
1780456751,125.183817
1780456751,125.240501
1780456751,141.825636
1780456751,141.787525
1780456751,125.108759
1780456751,143.135190
1780456751,124.805688
1780456751,141.710974
1780456751,141.841723
1780456751,124.481444
1780456751,141.335124
1780456751,123.992967
1780456751,124.579697
1780456751,141.818463
1780456751,129.289609
1780456751,116.098583
1780456751,134.964180
1780456751,141.452896
1780456751,124.082144
1780456751,127.484047
1780456751,122.562657
1780456751,122.553871
1780456751,121.787383
1780456751,121.689975
1780456751,121.948414
1780456751,113.541093
1780456751,113.863515
1780456751,107.355183
1780456751,107.233238
1780456751,107.470188
1780456751,113.369806
1780456751,109.087729
1780456751,122.648352
1780456751,122.042989
1780456751,122.129353
1780456751,122.838211
1780456751,126.668690
1780456751,121.423494
1780456751,127.487285
1780456751,126.159591
1780456751,121.669323
1780456751,119.325132
1780456751,126.637758
1780456751,119.397020
1780456751,113.633197
1780456751,126.046782
1780456751,125.414752
1780456751,113.802652
1780456751,113.822782
1780456751,119.493160
1780456751,113.839720
1780456751,126.261083
1780456751,110.137154
1780456751,111.195963
1780456751,113.672597
1780456751,110.663359
1780456751,113.860014
1780456751,113.968707
1780456751,114.053685
1780456751,108.963501
1780456751,113.758986
1780456751,110.631382
1780456751,113.956909
1780456751,113.991185
1780456751,110.268070
1780456751,109.871099
1780456751,117.112316
1780456751,117.082511
1780456751,116.938369
1780456751,116.969966
1780456751,112.026121
1780456751,117.230477
1780456751,149.560065
1780456751,117.220113
1780456751,117.155792
1780456751,116.095137
1780456751,156.108222
1780456751,155.572771
1780456751,120.735925
1780456751,119.397010
1780456751,120.909848
1780456751,137.958205
1780456751,153.081929
1780456751,140.081622
1780456751,118.419511
1780456751,121.767382
1780456751,138.269480
1780456751,136.123516
1780456751,138.069350
1780456751,152.844948
1780456751,137.068539
1780456751,118.738810
1780456751,152.855622
1780456751,106.941675
1780456751,138.001359
1780456751,146.647890
1780456751,127.766916
1780456751,127.876163
1780456751,116.540399
1780456751,130.197260
1780456751,118.027976
1780456751,106.992161
1780456751,116.430995
1780456751,116.477124
1780456751,116.550874
1780456751,116.621814
1780456751,116.750476
1780456751,118.081206
1780456751,122.968293
1780456751,123.020049
1780456751,121.467859
1780456751,106.197280
1780456751,119.125270
1780456751,105.910439
1780456751,121.278846
1780456751,110.502992
1780456751,121.344995
1780456751,121.468329
1780456751,120.354697
1780456751,120.372331
1780456751,120.419981
1780456751,120.300365
1780456751,120.495379
1780456751,124.733161
1780456751,124.810388
1780456751,124.424705
1780456751,107.792026
1780456751,123.240696
1780456751,121.704227
1780456751,124.436554
1780456751,110.010727
1780456751,115.295649
1780456751,115.315234
1780456751,112.512658
1780456751,115.243065
1780456751,113.301076
1780456751,111.846175
1780456751,111.305538
1780456751,115.376397
1780456751,109.688880
1780456751,112.728560
1780456751,112.683402
1780456751,115.433047
1780456751,109.613142
1780456751,115.502578
1780456751,107.474891
1780456751,107.500353
1780456751,107.627221
1780456751,107.461959
1780456751,117.760681
1780456751,116.616799
1780456751,112.679026
1780456751,110.610425
1780456751,112.843084
1780456751,112.227235
1780456751,112.595507
1780456751,123.529297
1780456751,122.246839
1780456751,122.217866
1780456751,112.314742
1780456751,113.007568
1780456751,112.981759
1780456751,112.921728
1780456751,122.399062
1780456751,110.628181
1780456751,113.005411
1780456751,110.735461
1780456751,108.794827
1780456751,110.343306
1780456751,107.852857
1780456751,111.553845
1780456751,109.789759
1780456751,113.427695
1780456751,115.735425
1780456751,120.123405
1780456751,118.138172
1780456751,118.140465
1780456751,117.904305
1780456751,118.180834
1780456751,117.855491
1780456751,117.511937
1780456751,119.501609
1780456751,116.202535
1780456751,120.411169
1780456751,118.813085
1780456751,118.735909
1780456751,109.756856
1780456751,119.001773
1780456751,115.032010
1780456751,115.079082
1780456751,107.047790
1780456751,117.598289
1780456751,111.565214
1780456751,107.060215
1780456751,109.574936
1780456751,107.903166
1780456751,107.082640
1780456751,107.882968
1780456751,120.169936
1780456751,120.842554
1780456751,120.809196
1780456751,107.410411
1780456751,107.539000
1780456751,107.677681
1780456751,107.681506
1780456751,108.219266
1780456751,121.538777
1780456751,105.307667
1780456751,105.250881
1780456751,109.421931
1780456751,117.631428
1780456751,119.834565
1780456751,109.091487
1780456751,113.207116
1780456751,110.699186
1780456751,108.959612
1780456751,111.378246
1780456751,107.828527
1780456751,111.901595
1780456751,113.188188
1780456751,123.117058
1780456751,126.012272
1780456751,110.324788
1780456751,118.313240
1780456751,114.256842
1780456751,127.610390
1780456751,127.622119
1780456751,114.760389
1780456751,128.206836
1780456751,126.722191
1780456751,112.753671
1780456751,116.602371
1780456751,112.634995
1780456751,118.539182
1780456751,116.847644
1780456751,117.148986
1780456751,114.991301
1780456751,113.052552
1780456751,113.246510
1780456751,113.138630
1780456751,111.802491
1780456751,117.334397
1780456751,113.380430
1780456751,115.394930
1780456751,118.710462
1780456751,118.798115
1780456751,115.591913
1780456751,115.307599
1780456751,115.673059
1780456751,115.394055
1780456751,113.587717
1780456751,116.486816
1780456751,115.274639
1780456751,114.957301
1780456751,115.215814
1780456751,115.366216
1780456751,108.719050
1780456751,109.338686
1780456751,109.345523
1780456751,116.368655
1780456751,110.050924
1780456751,110.798716
1780456751,119.104416
1780456751,118.365471
1780456751,119.693331
1780456751,120.689289
1780456751,120.365675
1780456751,120.505318
1780456751,120.694346
1780456751,120.774065
1780456751,120.653497
1780456751,121.927432
1780456751,115.373549
1780456751,121.880582
1780456751,112.457165
1780456751,122.395148
1780456751,115.448078
1780456751,121.916939
1780456751,112.462980
1780456751,113.082804
1780456751,123.247400
1780456751,123.345375
1780456751,113.309217
1780456751,123.586256
1780456751,116.798184
1780456751,124.694303
1780456751,124.874550
1780456751,113.125709
1780456751,124.403090
1780456751,118.183452
1780456751,124.350719
1780456751,124.444537
1780456751,124.412621
1780456751,109.002166
1780456751,113.568149
1780456751,118.232612
1780456751,117.766911
1780456751,113.312508
1780456751,113.274130
1780456751,127.053492
1780456751,108.724501
1780456751,108.869781
1780456751,108.705710
1780456751,108.816060
1780456751,108.902294
1780456751,128.345774
1780456751,108.928819
1780456751,109.299884
1780456751,109.120760
1780456751,127.343379
1780456751,109.111225
1780456751,109.484222
1780456751,128.188511
1780456751,127.778961
1780456751,128.584048
1780456751,127.869195
1780456751,109.038842
1780456751,109.266896
1780456751,109.008340
1780456751,109.461516
1780456751,121.357961
1780456751,118.136430
1780456751,121.367917
1780456751,121.573916
1780456751,108.554646
1780456751,118.431252
1780456751,118.545083
1780456751,111.449542
1780456751,109.436490
1780456751,112.772745
1780456751,126.919747
1780456751,134.805716
1780456751,134.700082
1780456751,126.660793
1780456751,134.997675
1780456751,134.726614
1780456751,127.444184
1780456751,127.709469
1780456751,126.858349
1780456751,127.581703
1780456751,127.724715
1780456751,135.101905
1780456751,128.531868
1780456751,135.349236
1780456751,128.577149
1780456751,127.721260
1780456751,124.693475
1780456751,135.480307
1780456751,135.129816
1780456751,124.773406
1780456751,124.962869
1780456751,127.902165
1780456751,124.941172
1780456751,125.022454
1780456751,127.988673
1780456751,125.345318
1780456751,135.300272
1780456751,125.313962
1780456751,135.732662
1780456751,125.464513
1780456751,130.446995
1780456751,127.728623
1780456751,137.243424
1780456751,125.427962
1780456751,124.071880
1780456751,124.344135
1780456751,124.173614
1780456751,124.081864
1780456751,124.236009
1780456751,124.352289
1780456751,118.043665
1780456751,118.098601
1780456751,126.657501
1780456751,126.507286
1780456751,126.503130
1780456751,118.620303
1780456751,126.775592
1780456751,124.576506
1780456751,126.973330
1780456751,126.492092
1780456751,126.588616
1780456751,126.797622
1780456751,119.108478
1780456751,138.793917
1780456751,126.982534
1780456751,130.174975
1780456751,127.107399
1780456751,117.865945
1780456751,119.566041
1780456751,128.891353
1780456751,127.947868
1780456751,126.547013
1780456751,128.005041
1780456751,126.641010
1780456751,120.377308
1780456751,126.899685
1780456751,118.552807
1780456751,120.624140
1780456751,117.677948
1780456751,132.265723
1780456751,139.092524
1780456751,132.237762
1780456751,115.486903
1780456751,114.110490
1780456751,129.037480
1780456751,116.179423
1780456751,126.145957
1780456751,128.816352
1780456751,128.829270
1780456751,120.477778
1780456751,128.767046
1780456751,115.973129
1780456751,122.472260
1780456751,122.616726
1780456751,116.555843
1780456751,129.492434
1780456751,121.298646
1780456751,124.090068
1780456751,116.509491
1780456751,130.039525
1780456751,129.053664
1780456751,130.526767
1780456751,129.541115
1780456751,130.598847
1780456751,129.105940
1780456751,131.390481
1780456751,116.607597
1780456751,110.940497
1780456751,125.289447
1780456751,117.582419
1780456751,112.950899
1780456751,118.045341
1780456751,118.275906
1780456751,118.507417
1780456751,118.056050
1780456751,118.004407
1780456751,123.251535
1780456751,118.545618
1780456751,121.796498
1780456751,118.445630
1780456751,118.375052
1780456751,118.126279
1780456751,133.467380
1780456751,125.648901
1780456751,118.696572
1780456751,133.855615
1780456751,118.431163
1780456751,118.596514
1780456751,118.822716
1780456751,118.540029
1780456751,111.362271
1780456751,132.292658
1780456751,118.723364
1780456751,134.082926
1780456751,118.787923
1780456751,118.799079
1780456751,133.659777
1780456751,119.103669
1780456751,133.816647
1780456751,133.912577
1780456751,134.129080
1780456751,128.304829
1780456751,134.280615
1780456751,119.411053
1780456751,119.577645
1780456751,119.296810
1780456751,118.607138
1780456751,127.836565
1780456751,118.960635
1780456751,126.226490
1780456751,113.780401
1780456751,119.570035
1780456751,117.296918
1780456751,127.215833
1780456751,119.331751
1780456751,116.302313
1780456751,115.997674
1780456751,112.786721
1780456751,114.818707
1780456751,119.723138
1780456751,119.955755
1780456751,120.296565
1780456751,120.240140
1780456751,120.544943
1780456751,121.132906
1780456751,118.769931
1780456751,118.312916
1780456751,120.611552
1780456751,118.898401
1780456751,118.763569
1780456751,118.864653
1780456751,122.542873
1780456751,116.993178
1780456751,117.217302
1780456751,111.614589
1780456751,117.259996
1780456751,113.117093
1780456751,114.262910
1780456751,117.267394
1780456751,114.433118
1780456751,121.085096
1780456751,122.721119
1780456751,117.455688
1780456751,117.588766
1780456751,122.767216
1780456751,121.641789
1780456751,119.791953
1780456751,119.973801
1780456751,112.363225
1780456751,121.693528
1780456751,119.782214
1780456751,121.626203
1780456751,108.877425
1780456751,121.982916
1780456751,122.009325
1780456751,123.832476
1780456751,120.358647
1780456751,121.693363
1780456751,120.594959
1780456751,120.646409
1780456751,120.123564
1780456751,120.845491
1780456751,114.601723
1780456751,118.162197
1780456751,120.336801
1780456751,122.821719
1780456751,114.494606
1780456751,123.691869
1780456751,115.964199
1780456751,110.701198
1780456751,119.015430
1780456751,113.522418
1780456751,113.474719
1780456751,114.759354
1780456751,119.366469
1780456751,119.335493
1780456751,119.377581
1780456751,126.483090
1780456751,123.651116
1780456751,119.814464
1780456751,125.003084
1780456751,119.623906
1780456751,119.578496
1780456751,119.465450
1780456751,122.306202
1780456751,122.503624
1780456751,121.887714
1780456751,117.662865
1780456751,118.947548
1780456751,120.928298
1780456751,119.193422
1780456751,116.609814
1780456751,118.075889
1780456751,115.343384
1780456751,118.274881
1780456751,118.381754
1780456751,129.288843
1780456751,116.238784
1780456751,118.758030
1780456751,115.350907
1780456751,117.750531
1780456751,109.243677
1780456751,117.847605
1780456751,111.282681
1780456751,109.167500
1780456751,117.885374
1780456751,113.911860
1780456751,117.867056
1780456751,115.946349
1780456751,112.793844
1780456751,109.231164
1780456751,117.889649
1780456751,106.997355
1780456751,112.723520
1780456751,118.385209
1780456751,118.367922
1780456751,116.988267
1780456751,125.518671
1780456751,115.567110
1780456751,107.581791
1780456751,125.225707
1780456751,125.966573
1780456751,127.729183
1780456751,127.559507
1780456751,111.370727
1780456751,108.861296
1780456751,111.611376
1780456751,108.201600
1780456751,119.903283
1780456751,119.957425
1780456751,113.377791
1780456751,108.312210
1780456751,118.645031
1780456751,133.709592
1780456751,128.811034
1780456751,112.718504
1780456751,104.990084
1780456751,112.606854
1780456751,108.599296
1780456751,107.606918
1780456751,115.387823
1780456751,136.108187
1780456751,121.056129
1780456751,107.170020
1780456751,111.959652
1780456751,118.291784
1780456751,110.143066
1780456751,118.815406
1780456751,111.657196
1780456751,107.760169
1780456751,121.183056
1780456751,137.483503
1780456751,122.752708
1780456751,132.144952
1780456751,122.502940
1780456751,120.208419
1780456751,112.239814
1780456751,105.039630
1780456751,135.268163
1780456751,112.736257
1780456751,134.464569
1780456751,133.650157
1780456751,133.728121
1780456751,112.695340
1780456751,134.547071
1780456751,112.953211
1780456751,138.986786
1780456751,133.011961
1780456751,134.864476
1780456751,132.946967
1780456751,132.654809
1780456751,136.811055
1780456751,136.588271
1780456751,136.788863
1780456751,113.419719
1780456751,136.793457
1780456751,131.379507
1780456751,135.220210
1780456751,138.230459
1780456751,128.558018
1780456751,133.062051
1780456751,135.368041
1780456751,133.497373
1780456751,131.295736
1780456751,121.995031
1780456751,135.569816
1780456751,133.546901
1780456751,131.331733
1780456751,133.443537
1780456751,135.678917
1780456751,124.538447
1780456751,123.381034
1780456751,125.089955
1780456751,122.218932
1780456751,133.889009
1780456751,112.958698
1780456751,114.397714
1780456751,134.296829
1780456751,123.357708
1780456751,116.652709
1780456751,116.453385
1780456751,120.047596
1780456751,120.030979
1780456751,139.638395
1780456751,140.250746
1780456751,115.019552
1780456751,139.862162
1780456751,115.024787
1780456751,118.848111
1780456751,120.260111
1780456751,118.997779
1780456751,127.392780
1780456751,118.843641
1780456751,113.628444
1780456751,127.328341
1780456751,127.208029
1780456751,131.461334
1780456751,134.994863
1780456751,133.097519
1780456751,127.416864
1780456751,113.199322
1780456751,115.880481
1780456751,121.129110
1780456751,116.246970
1780456751,119.099148
1780456751,119.505561
1780456751,117.331082
1780456751,121.137608
1780456751,118.744062
1780456751,116.391295
1780456751,131.327891
1780456751,139.509300
1780456751,129.727360
1780456751,136.432778
1780456751,134.565407
1780456751,141.796829
1780456751,142.424215
1780456751,139.352525
1780456751,140.490652
1780456751,141.224504
1780456751,136.981416
1780456751,122.242970
1780456751,122.531616
1780456751,126.059779
1780456751,119.823018
1780456751,123.715563
1780456751,142.485011
1780456751,122.242394
1780456751,126.780351
1780456751,118.111690
1780456751,148.281969
1780456751,119.134553
1780456751,116.855016
1780456751,121.276404
1780456751,123.368598
1780456751,124.403523
1780456751,120.582521
1780456751,120.164236
1780456751,120.903605
1780456751,127.500508
1780456751,123.982369
1780456751,129.364224
1780456751,123.991964
1780456751,159.604452
1780456751,142.928403
1780456751,159.773419
1780456751,160.828829
1780456751,160.794150
1780456751,134.782088
1780456751,140.614579
1780456751,161.187676
1780456751,141.044776
1780456751,162.035380
1780456751,162.188984
1780456751,163.059797
1780456751,143.641393
1780456751,163.264215
1780456751,145.664622
1780456751,144.431243
1780456751,164.094897
1780456751,164.396591
1780456751,130.014149
1780456751,146.625146
1780456751,148.148407
1780456751,165.151014
1780456751,150.251656
1780456751,131.198604
1780456751,137.318000
1780456751,131.419166
1780456751,132.712372
1780456751,133.236768
1780456751,139.569694
1780456751,134.169419
1780456751,167.405296
1780456751,167.487178
1780456751,131.466673
1780456751,139.270281
1780456751,135.059671
1780456751,135.207089
1780456751,137.471465
1780456751,141.696539
1780456751,117.283883
1780456751,137.832463
1780456751,150.649311
1780456751,147.145604
1780456751,151.219066
1780456751,167.425411
1780456751,155.467203
1780456751,138.940611
1780456751,139.284222
1780456751,128.875071
1780456751,138.062995
1780456751,122.877321
1780456751,134.067574
1780456751,124.408578
1780456751,125.662575
1780456751,138.491288
1780456751,134.472988
1780456751,134.573594
1780456751,140.979197
1780456751,138.802628
1780456751,124.880342
1780456751,134.706635
1780456751,138.991375
1780456751,137.430538
1780456751,136.189318
1780456751,140.564991
1780456751,145.678232
1780456751,139.139362
1780456751,152.232813
1780456751,141.446773
1780456751,143.282510
1780456751,143.936344
1780456751,142.352849
1780456751,144.605043
1780456751,154.874249
1780456751,155.016494
1780456751,146.148720
1780456751,155.900138
1780456751,148.862727
1780456751,147.830577
1780456751,149.194232
1780456751,137.522904
1780456751,141.101140
1780456751,138.712413
1780456751,151.569746
1780456751,152.005601
1780456751,153.281474
1780456751,154.649430
1780456751,140.462200
1780456751,141.788415
1780456751,138.909308
1780456751,154.002004
1780456751,135.148267
1780456751,139.762710
1780456751,140.735342
1780456751,151.293877
1780456751,140.427607
1780456751,146.479714
1780456751,147.496804
1780456751,153.016494
1780456751,156.285840
1780456751,151.834947
1780456751,140.798960
1780456751,156.453628
1780456751,153.575934
1780456751,148.459535
1780456751,155.432383
1780456751,148.703102
1780456751,157.429919
1780456751,156.831164
1780456751,152.322250
1780456751,154.208571
1780456751,158.952197
1780456751,159.738667
1780456751,154.848334
1780456751,161.272145
1780456751,161.435443
1780456751,162.896350
1780456751,161.609495
1780456751,163.569015
1780456751,163.891954
1780456751,159.908830
1780456751,171.365369
1780456751,167.591897
1780456751,169.140044
1780456751,176.119562
1780456751,164.768527
1780456751,177.543961
1780456751,173.258634
1780456751,169.982620
1780456751,168.033340
1780456751,170.630661
1780456751,158.341548
1780456751,168.320362
1780456751,175.165693
1780456751,175.582203
1780456751,174.845609
1780456751,166.807304
1780456751,177.027518
1780456751,151.413349
1780456751,161.424312
1780456751,163.138648
1780456751,174.070997
1780456751,167.270745
1780456751,178.486419
1780456751,174.652381
1780456751,174.778105
1780456751,183.181503
1780456751,176.187904
1780456751,172.621294
1780456751,182.468208
1780456751,174.149965
1780456751,165.607549
1780456751,180.974583
1780456751,179.884966
1780456751,189.081994
1780456751,192.756975
1780456751,197.843182
1780456751,185.057139
1780456751,183.305104
1780456751,190.924131
1780456751,196.944114
1780456751,201.043289
1780456751,180.563100
1780456751,187.444735
1780456751,201.251863
1780456751,199.012338
1780456751,171.184453
1780456751,181.192567
1780456751,187.209191
1780456751,185.972534
1780456751,188.392920
1780456751,188.455644
1780456751,175.252288
1780456751,180.094201
1780456751,180.240219
1780456751,181.664427
1780456751,180.519826
1780456751,192.949977
1780456751,181.837962
1780456751,174.612217
1780456751,173.396854
1780456751,151.370538
1780456751,175.995894
1780456751,176.268227
1780456751,175.830078
1780456751,152.846228
1780456751,166.968365
1780456751,173.507683
1780456751,153.056533
1780456751,175.867139
1780456751,167.226975
1780456751,173.870787
1780456751,181.337489
1780456751,168.711896
1780456751,153.407355
1780456751,167.472892
1780456751,153.486130
1780456751,153.606158
1780456751,185.711812
1780456751,185.923657
1780456751,153.633479
1780456751,187.671886
1780456751,168.917488
1780456751,173.167462
1780456751,154.374447
1780456751,176.483469
1780456751,173.906587
1780456751,180.308816
1780456751,179.081262
1780456751,179.329452
1780456751,187.739796
1780456751,189.147435
1780456751,184.064721
1780456751,190.820808
1780456751,164.844671
1780456751,191.655651
1780456751,195.332207
1780456751,189.207056
1780456751,186.372113
1780456751,196.861871
1780456751,185.110468
1780456751,190.333940
1780456751,194.658105
1780456751,182.071954
1780456751,182.462231
1780456751,196.815883
1780456751,197.530530
1780456751,190.927465
1780456751,196.956014
1780456751,198.034260
1780456751,198.224090
1780456751,203.057078
1780456751,203.059744
1780456751,204.536698
1780456751,199.055859
1780456751,209.064710
1780456751,204.641470
1780456751,193.790193
1780456751,199.199438
1780456751,194.632597
1780456751,209.588950
1780456751,200.877447
1780456751,189.426406
1780456751,189.446330
1780456751,196.264967
1780456751,196.250875
1780456751,205.275053
1780456751,189.751936
1780456751,202.154552
1780456751,196.546146
1780456751,203.464826
1780456751,200.074618
1780456751,189.965087
1780456751,191.460322
1780456751,201.475628
1780456751,204.197366
1780456751,194.427711
1780456751,204.251484
1780456751,204.275335
1780456751,208.432423
1780456751,204.680802
1780456751,189.507111
1780456751,200.215888
1780456751,196.058579
1780456751,202.231123
1780456751,209.542720
1780456751,222.784590
1780456751,225.631610
1780456751,222.675426
1780456751,224.548209
1780456751,238.470070
1780456751,197.871507
1780456751,207.451423
1780456751,216.756517
1780456751,222.215462
1780456751,216.974954
1780456751,217.308366
1780456751,214.629289
1780456751,228.304576
1780456751,224.357049
1780456751,220.582319
1780456751,219.146220
1780456751,226.223833
1780456751,230.052073
1780456751,227.023818
1780456751,228.669169
1780456751,229.939740
1780456751,226.569958
1780456751,239.691019
1780456751,245.708384
1780456751,257.834390
1780456751,257.840465
1780456751,210.556871
1780456751,210.319352
1780456751,241.096011
1780456751,210.828971
1780456751,211.840563
1780456751,214.125852
1780456751,211.542076
1780456751,204.367142
1780456751,213.266261
1780456751,249.358918
1780456751,219.363992
1780456751,214.150291
1780456751,205.635725
1780456751,218.947062
1780456751,205.851071
1780456751,218.314428
1780456751,219.328502
1780456751,208.289870
1780456751,191.129704
1780456751,209.523719
1780456751,219.140565
1780456751,209.774754
1780456751,217.948546
1780456751,211.015611
1780456751,211.708776
1780456751,212.543353
1780456751,222.651452
1780456751,212.402631
1780456751,222.921491
1780456751,213.360880
1780456751,218.738611
1780456751,214.504682
1780456751,216.571866
1780456751,214.278457
1780456751,217.120337
1780456751,216.666266
1780456751,216.392858
1780456751,220.841721
1780456751,220.380148
1780456751,222.487577
1780456751,220.676924
1780456751,214.404189
1780456751,222.799516
1780456751,218.479980
1780456751,229.898485
1780456751,231.346408
1780456751,231.318645
1780456751,231.513809
1780456751,225.245678
1780456751,231.698771
1780456751,225.373018
1780456751,232.102768
1780456751,232.210761
1780456751,227.017399
1780456751,232.577321
1780456751,227.845751
1780456751,232.537257
1780456751,228.086676
1780456751,233.090665
1780456751,233.183768
1780456751,229.277358
1780456751,228.496085
1780456751,245.880276
1780456751,229.247758
1780456751,246.471146
1780456751,249.053800
1780456751,249.203238
1780456751,230.174105
1780456751,252.037461
1780456751,230.389256
1780456751,252.207837
1780456751,249.759275
1780456751,232.150311
1780456751,251.444433
1780456751,231.999716
1780456751,203.794708
1780456751,232.860534
1780456751,227.478695
1780456751,233.318345
1780456751,228.062702
1780456751,228.882278
1780456751,233.203455
1780456751,228.221511
1780456751,230.946492
1780456751,229.753504
1780456751,231.014611
1780456751,230.628066
1780456751,233.565582
1780456751,233.665545
1780456751,231.063295
1780456751,233.951393
1780456751,231.782839
1780456751,233.885735
1780456751,233.760145
1780456751,234.265234
1780456751,233.896437
1780456751,234.149629
1780456751,230.239636
1780456751,234.207308
1780456751,235.216783
1780456751,233.232572
1780456751,234.761060
1780456751,234.322964
1780456751,234.614062
1780456751,234.426396
1780456751,231.529043
1780456751,236.159698
1780456751,234.688806
1780456751,231.886884
1780456751,236.655980
1780456751,237.122917
1780456751,232.173601
1780456751,235.149649
1780456751,235.126890
1780456751,218.651159
1780456751,206.422232
1780456751,220.038748
1780456751,216.927457
1780456751,218.622151
1780456751,217.250139
1780456751,217.496115
1780456751,220.275125
1780456751,221.324413
1780456751,219.060344
1780456751,223.913663
1780456751,221.505073
1780456751,221.540936
1780456751,224.134342
1780456751,218.816667
1780456751,219.430674
1780456751,224.517771
1780456751,219.487649
1780456751,227.234497
1780456751,219.620375
1780456751,224.645652
1780456751,227.458332
1780456751,227.566384
1780456751,227.545052
1780456751,224.812306
1780456751,224.866762
1780456751,224.987103
1780456751,227.468515
1780456751,227.851586
1780456751,228.301368
1780456751,228.035370
1780456751,228.067191
1780456751,227.916631
1780456751,227.946845
1780456751,228.162485
1780456751,228.350357
1780456751,228.145079
1780456751,228.481566
1780456751,225.588132
1780456751,228.328201
1780456751,228.792259
1780456751,224.910727
1780456751,259.938747
1780456751,228.546601
1780456751,263.878535
1780456751,228.653656
1780456751,265.226862
1780456751,225.173771
1780456751,227.381504
1780456751,228.905463
1780456751,228.564014
1780456751,227.472979
1780456751,265.120846
1780456751,225.355783
1780456751,268.015815
1780456751,225.440383
1780456751,262.911972
1780456751,227.688138
1780456751,268.321615
1780456751,229.296330
1780456751,266.026624
1780456751,212.295757
1780456751,266.281151
1780456751,216.692841
1780456751,261.071045
1780456751,209.832992
1780456751,266.790212
1780456751,217.221908
1780456751,246.489826
1780456751,209.849508
1780456751,217.767039
1780456751,267.393053
1780456751,212.533598
1780456751,267.766243
1780456751,245.653261
1780456751,214.241259
1780456751,262.779926
1780456751,218.344733
1780456751,213.168243
1780456751,268.519553
1780456751,218.825878
1780456751,246.196200
1780456751,232.125371
1780456751,270.639520
1780456751,232.700454
1780456751,270.731090
1780456751,234.305095
1780456751,270.696775
1780456751,270.888716
1780456751,269.488855
1780456751,269.549840
1780456751,271.118224
1780456751,265.663119
1780456751,248.328747
1780456751,248.367577
1780456751,248.148745
1780456751,269.005432
1780456751,263.595553
1780456751,248.632235
1780456751,241.313421
1780456751,225.761975
1780456751,263.714082
1780456751,229.330409
1780456751,271.487097
1780456751,212.867120
1780456751,247.098779
1780456751,216.636521
1780456751,272.869373
1780456751,263.904153
1780456751,219.956690
1780456751,248.764725
1780456751,266.320574
1780456751,216.872013
1780456751,270.347322
1780456751,216.936332
1780456751,249.845932
1780456751,216.993753
1780456751,249.049825
1780456751,217.098679
1780456751,265.253384
1780456751,232.909844
1780456751,224.989273
1780456751,232.984121
1780456751,217.194636
1780456751,228.544190
1780456751,233.071846
1780456751,233.250505
1780456751,233.291076
1780456751,224.927327
1780456751,233.297620
1780456751,214.608835
1780456751,232.710594
1780456751,220.351592
1780456751,233.274322
1780456751,214.713210
1780456751,214.664181
1780456751,233.387829
1780456751,220.484678
1780456751,233.493046
1780456751,231.160020
1780456751,233.790188
1780456751,220.800319
1780456751,196.323825
1780456751,225.368306
1780456751,233.352981
1780456751,232.046871
1780456751,220.543124
1780456751,220.614857
1780456751,242.277020
1780456751,213.316496
1780456751,225.464878
1780456751,241.875351
1780456751,243.234817
1780456751,248.359639
1780456751,243.357863
1780456751,242.902008
1780456751,242.821242
1780456751,243.541366
1780456751,224.261579
1780456751,242.369422
1780456751,226.046756
1780456751,246.129098
1780456751,249.592065
1780456751,252.688971
1780456751,245.922883
1780456751,246.143893
1780456751,244.648878
1780456751,243.340431
1780456751,250.572866
1780456751,265.663265
1780456751,269.434442
1780456751,198.272695
1780456751,226.176659
1780456751,226.096808
1780456751,218.432988
1780456751,224.655401
1780456751,219.612692
1780456751,222.973950
1780456751,272.220815
1780456751,106.672497
1780456751,222.513289
1780456751,224.279599
1780456751,106.899830
1780456751,224.960769
1780456751,107.624879
1780456751,217.299965
1780456751,107.217339
1780456751,222.813187
1780456751,206.095924
1780456751,226.712406
1780456751,138.307685
1780456751,226.421941
1780456751,107.522083
1780456751,220.096581
1780456751,139.100163
1780456751,226.513085
1780456751,226.620279
1780456751,110.204505
1780456751,226.726052
1780456751,108.216280
1780456751,220.265761
1780456751,109.362372
1780456751,141.617119
1780456751,108.536032
1780456751,226.756035
1780456751,111.181693
1780456751,225.440328
1780456751,141.529932
1780456751,225.418413
1780456751,109.877546
1780456751,227.070340
1780456751,111.504199
1780456751,223.613363
1780456751,110.768184
1780456751,228.051332
1780456751,111.948377
1780456751,110.980919
1780456751,112.438590
1780456751,220.749546
1780456751,236.463427
1780456751,220.701732
1780456751,230.969281
1780456751,227.166514
1780456751,138.792834
1780456751,224.049091
1780456751,206.902058
1780456751,229.795992
1780456751,205.063995
1780456751,228.620975
1780456751,205.322048
1780456751,205.178858
1780456751,230.109076
1780456751,205.317265
1780456751,230.032685
1780456751,230.170669
1780456751,206.842720
1780456751,207.204781
1780456751,229.061154
1780456751,205.536663
1780456751,206.997175
1780456751,205.814483
1780456751,205.469619
1780456751,210.794308
1780456751,207.434110
1780456751,210.253720
1780456751,205.683793
1780456751,209.999720
1780456751,210.630423
1780456751,210.360196
1780456751,207.221393
1780456751,205.923424
1780456751,210.835051
1780456751,210.839020
1780456751,205.756983
1780456751,205.997192
1780456751,207.597995
1780456751,210.862063
1780456751,207.407380
1780456751,206.116725
1780456751,211.143364
1780456751,210.922470
1780456751,210.512803
1780456751,206.219933
1780456751,210.938803
1780456751,206.145723
1780456751,210.705653
1780456751,205.903260
1780456751,210.785315
1780456751,211.084221
1780456751,211.155128
1780456751,210.887260
1780456751,207.531177
1780456751,211.345739
1780456751,207.631923
1780456751,211.298283
1780456751,206.412142
1780456751,207.805702
1780456751,211.051666
1780456751,211.400840
1780456751,211.096514
1780456751,208.081507
1780456751,211.522511
1780456751,206.450560
1780456751,211.469129
1780456751,208.171572
1780456751,190.218428
1780456751,206.665339
1780456751,211.327573
1780456751,206.528540
1780456751,211.311353
1780456751,210.879406
1780456751,211.379110
1780456751,217.748216
1780456751,208.101132
1780456751,220.794341
1780456751,205.002328
1780456751,218.400697
1780456751,210.953288
1780456751,220.857429
1780456751,206.557406
1780456751,218.159292
1780456751,190.930533
1780456751,224.762560
1780456751,211.195281
1780456751,220.889050
1780456751,206.975320
1780456751,218.602191
1780456751,194.106161
1780456751,195.070074
1780456751,194.455251
1780456751,196.248128
1780456751,194.301516
1780456751,196.302761
1780456751,194.173972
1780456751,197.175380
1780456751,194.348360
1780456751,195.155378
1780456751,194.496474
1780456751,196.434793
1780456751,201.469865
1780456751,194.451640
1780456751,207.629713
1780456751,194.564750
1780456751,207.653255
1780456751,194.637538
1780456751,207.744619
1780456751,195.280242
1780456751,206.812318
1780456751,208.784046
1780456751,195.194031
1780456751,198.978393
1780456751,194.542065
1780456751,206.992759
1780456751,194.637019
1780456751,195.219881
1780456751,207.011224
1780456751,195.220348
1780456751,201.586405
1780456751,194.697204
1780456751,201.806134
1780456751,195.157575
1780456751,207.255256
1780456751,195.471506
1780456751,201.777314
1780456751,195.034809
1780456751,201.762142
1780456751,195.726721
1780456751,208.991600
1780456751,195.680101
1780456751,225.591405
1780456751,226.341877
1780456751,195.215084
1780456751,226.266939
1780456751,194.841312
1780456751,219.387311
1780456751,195.885589
1780456751,231.114529
1780456751,195.626789
1780456751,195.499230
1780456751,231.057595
1780456751,221.957567
1780456751,195.723972
1780456751,195.830914
1780456751,228.245337
1780456751,222.074623
1780456751,195.850861
1780456751,195.959386
1780456751,225.892107
1780456751,196.091414
1780456751,195.934183
1780456751,229.892500
1780456751,195.856226
1780456751,226.602799
1780456751,196.147552
1780456751,191.866833
1780456751,188.701905
1780456751,183.648785
1780456751,228.554407
1780456751,228.610958
1780456751,185.365850
1780456751,229.973354
1780456751,188.787651
1780456751,188.864135
1780456751,188.948653
1780456751,230.362353
1780456751,180.688939
1780456751,232.862427
1780456751,189.260884
1780456751,189.290095
1780456751,213.411373
1780456751,189.452016
1780456751,192.287948
1780456751,189.261272
1780456751,192.297830
1780456751,189.370687
1780456751,192.485501
1780456751,189.418188
1780456751,192.508140
1780456751,189.786593
1780456751,192.624814
1780456751,189.892631
1780456751,189.016849
1780456751,189.830957
1780456751,192.759130
1780456751,189.932366
1780456751,192.187798
1780456751,189.782263
1780456751,190.443255
1780456751,190.128642
1780456751,193.035923
1780456751,189.779793
1780456751,193.031118
1780456751,190.086162
1780456751,193.024644
1780456751,192.787836
1780456751,196.196238
1780456751,156.563840
1780456751,196.169976
1780456751,192.446253
1780456751,192.967397
1780456751,189.816966
1780456751,192.559706
1780456751,189.986193
1780456751,196.371833
1780456751,196.473540
1780456751,190.350752
1780456751,183.684099
1780456751,192.685331
1780456751,192.601024
1780456751,183.324717
1780456751,192.539874
1780456751,192.789286
1780456751,196.837039
1780456751,192.580350
1780456751,190.140572
1780456751,193.445895
1780456751,196.456859
1780456751,190.260678
1780456751,192.807712
1780456751,190.588104
1780456751,193.015653
1780456751,189.634545
1780456751,173.276809
1780456751,192.859108
1780456751,174.660502
1780456751,193.472683
1780456751,193.463592
1780456751,171.534602
1780456751,190.188745
1780456751,171.075190
1780456751,193.441208
1780456751,171.848033
1780456751,193.075037
1780456751,172.016299
1780456751,190.925543
1780456751,172.173097
1780456751,193.024570
1780456751,193.294357
1780456751,173.966149
1780456751,193.368784
1780456751,175.373462
1780456751,178.401369
1780456751,193.277989
1780456751,174.325259
1780456751,193.576675
1780456751,177.514054
1780456751,191.099728
1780456751,177.139216
1780456751,193.429701
1780456751,193.649547
1780456751,182.639474
1780456751,193.724422
1780456751,179.801846
1780456751,214.252597
1780456751,184.696277
1780456751,191.153908
1780456751,187.010675
1780456751,158.761349
1780456751,181.400871
1780456751,158.919403
1780456751,181.601453
1780456751,185.525716
1780456751,159.027981
1780456751,186.966190
1780456751,159.131723
1780456751,184.778970
1780456751,132.318568
1780456751,177.891493
1780456751,159.071968
1780456751,178.048033
1780456751,159.369916
1780456751,186.963007
1780456751,158.627244
1780456751,177.912961
1780456751,158.717514
1780456751,185.383040
1780456751,158.823554
1780456751,158.713390
1780456751,190.992398
1780456751,158.539400
1780456751,191.086301
1780456751,154.182339
1780456751,182.540028
1780456751,154.315813
1780456751,191.049542
1780456751,155.346885
1780456751,191.222834
1780456751,157.828260
1780456751,157.660180
1780456751,156.117107
1780456751,157.284897
1780456751,158.493747
1780456751,138.766595
1780456751,137.054683
1780456751,164.654405
1780456751,137.258118
1780456751,167.686880
1780456751,139.528848
1780456751,163.143358
1780456751,139.740337
1780456751,164.341291
1780456751,139.502946
1780456751,168.024480
1780456751,139.298667
1780456751,164.642508
1780456751,140.023394
1780456751,168.229981
1780456751,138.280539
1780456751,170.435966
1780456751,154.998913
1780456751,183.313831
1780456751,175.449657
1780456751,154.883749
1780456751,174.153322
1780456751,140.643089
1780456751,175.792430
1780456751,177.268589
1780456751,134.613867
1780456751,170.973347
1780456751,141.424642
1780456751,177.111978
1780456751,144.514200
1780456751,163.295213
1780456751,146.344738
1780456751,177.259417
1780456751,145.263109
1780456751,178.009409
1780456751,145.135075
1780456751,183.731950
1780456751,148.759687
1780456751,178.447324
1780456751,144.393935
1780456751,164.520821
1780456751,147.218713
1780456751,176.807929
1780456751,151.093026
1780456751,164.212859
1780456751,150.755694
1780456751,179.602890
1780456751,150.678083
1780456751,172.290475
1780456751,154.097287
1780456751,178.413027
1780456751,147.844701
1780456751,179.040107
1780456751,150.315298
1780456751,173.302147
1780456751,173.776159
1780456751,146.789602
1780456751,184.191130
1780456751,152.617218
1780456751,173.084754
1780456751,158.494404
1780456751,170.667728
1780456751,128.050000
1780456751,184.603173
1780456751,128.004882
1780456751,171.922546
1780456751,127.662145
1780456751,184.887819
1780456751,181.519715
1780456751,131.388470
1780456751,184.512884
1780456751,134.811725
1780456751,178.330782
1780456751,136.306274
1780456751,179.531102
1780456751,132.953055
1780456751,167.752238
1780456751,136.522163
1780456751,184.958717
1780456751,133.469769
1780456751,178.184090
1780456751,139.587318
1780456751,178.583486
1780456751,134.503571
1780456751,181.327245
1780456751,169.034294
1780456751,175.690040
1780456751,167.090482
1780456751,136.484496
1780456751,171.057261
1780456751,136.534779
1780456751,174.245584
1780456751,140.556515
1780456751,169.872551
1780456751,135.598333
1780456751,171.684118
1780456751,134.217403
1780456751,172.040347
1780456751,135.113320
1780456751,171.365501
1780456751,169.092002
1780456751,174.411508
1780456751,169.734636
1780456751,178.500446
1780456751,155.943847
1780456751,142.414291
1780456751,158.734152
1780456751,152.674206
1780456751,153.326207
1780456751,136.521108
1780456751,157.986636
1780456751,146.825959
1780456751,158.247691
1780456751,137.808138
1780456751,160.037456
1780456751,138.883427
1780456751,155.779575
1780456751,152.331819
1780456751,139.595586
1780456751,159.307209
1780456751,140.027248
1780456751,161.567194
1780456751,140.776616
1780456751,186.937784
1780456751,140.365432
1780456751,170.864800
1780456751,120.569972
1780456751,126.674568
1780456751,127.809679
1780456751,127.728430
1780456751,120.182984
1780456751,127.955852
1780456751,156.134607
1780456751,128.088855
1780456751,121.216774
1780456751,128.505642
1780456751,128.861304
1780456751,121.944711
1780456751,128.134001
1780456751,123.094799
1780456751,128.642313
1780456751,122.554770
1780456751,128.842226
1780456751,135.905848
1780456751,128.758614
1780456751,123.544454
1780456751,128.355467
1780456751,136.124724
1780456751,129.397847
1780456751,127.811467
1780456751,129.023028
1780456751,129.523561
1780456751,129.625667
1780456751,128.586407
1780456751,128.760953
1780456751,129.236229
1780456751,128.316526
1780456751,129.337183
1780456751,122.607596
1780456751,129.066923
1780456751,121.755095
1780456751,128.653072
1780456751,157.567122
1780456751,128.796598
1780456751,123.943261
1780456751,128.885141
1780456751,156.771600
1780456751,128.254520
1780456751,128.336969
1780456751,129.702643
1780456751,128.255993
1780456751,232.405064
1780456751,111.132151
1780456751,109.981005
1780456751,111.996216
1780456751,111.721827
1780456751,102.135405
1780456751,103.715036
1780456751,105.474101
1780456751,105.065488
1780456751,105.123015
1780456751,106.023677
1780456751,106.053801
1780456751,106.826451
1780456751,107.285585
1780456751,107.939824
1780456751,141.079167
1780456751,109.461266
1780456751,138.837088
1780456751,108.153101
1780456751,110.538696
1780456751,110.429418
1780456751,109.350661
1780456751,110.690972
1780456751,109.984251
1780456751,110.287008
1780456751,110.920071
1780456751,104.515697
1780456751,106.088448
1780456751,103.891596
1780456751,101.692674
1780456751,105.152519
1780456751,103.195871
1780456751,137.913376
1780456751,136.980972
1780456751,135.500006
1780456751,104.476336
1780456751,102.979172
1780456751,102.667849
1780456751,102.524890
1780456751,104.090411
1780456751,137.828899
1780456751,103.532675
1780456751,102.919099
1780456751,104.280598
1780456751,136.628610
1780456751,136.663187
1780456751,102.835588
1780456751,102.670530
1780456751,102.558827
1780456751,102.483347
1780456751,102.423421
1780456751,102.595657
1780456751,102.462783
1780456751,102.330489
1780456751,102.428493
1780456751,131.065475
1780456751,102.313283
1780456751,102.402276
1780456751,102.275335
1780456751,102.316099
1780456751,102.245503
1780456751,102.345523
1780456751,102.848815
1780456751,102.272604
1780456751,132.824462
1780456751,102.668772
1780456751,103.627601
1780456751,133.967251
1780456751,102.976606
1780456751,102.702060
1780456751,103.131997
1780456751,104.598844
1780456751,103.602669
1780456751,143.262546
1780456751,103.331666
1780456751,143.787950
1780456751,105.461144
1780456751,105.417954
1780456751,140.727740
1780456751,104.923662
1780456751,106.053840
1780456751,144.080512
1780456751,106.140244
1780456751,106.029635
1780456751,140.955371
1780456751,142.178400
1780456751,140.106952
1780456751,142.694238
1780456751,139.965232
1780456751,144.581246
1780456751,104.922176
1780456751,106.598228
1780456751,141.835448
1780456751,105.279207
1780456751,140.344250
1780456751,104.440236
1780456751,105.196893
1780456751,143.093118
1780456751,105.149383
1780456751,139.290015
1780456751,102.646096
1780456751,141.289687
1780456751,104.558338
1780456751,104.276141
1780456751,139.600125
1780456751,105.322030
1780456751,108.147497
1780456751,141.829329
1780456751,105.033665
1780456751,104.997614
1780456751,108.642303
1780456751,104.424864
1780456751,103.998452
1780456751,147.315291
1780456751,109.138287
1780456751,147.428953
1780456751,109.556115
1780456751,109.582972
1780456751,147.891352
1780456751,104.278555
1780456751,103.748850
1780456751,110.202801
1780456751,110.297960
1780456751,105.181108
1780456751,110.557714
1780456751,148.892255
1780456751,110.723664
1780456751,105.124742
1780456751,104.676481
1780456751,111.113190
1780456751,104.621978
1780456751,111.151521
1780456751,111.243869
1780456751,147.647205
1780456751,103.135904
1780456751,147.309141
1780456751,103.036338
1780456751,104.885836
1780456751,108.139586
1780456751,108.029476
1780456751,148.385752
1780456751,110.967990
1780456751,142.128048
1780456751,104.227229
1780456751,102.935760
1780456751,112.152745
1780456751,110.276980
1780456751,142.406978
1780456751,110.070734
1780456751,142.469135
1780456751,103.753489
1780456751,105.727321
1780456751,103.906752
1780456751,105.259020
1780456751,144.584800
1780456751,147.440141
1780456751,103.860907
1780456751,148.505633
1780456751,109.429189
1780456751,103.612056
1780456751,109.324038
1780456751,104.021481
1780456751,109.199558
1780456751,145.267678
1780456751,103.936204
1780456751,108.582831
1780456751,103.864211
1780456751,103.727814
1780456751,108.519868
1780456751,107.912037
1780456751,107.746061
1780456751,104.144464
1780456751,106.393213
1780456751,107.236864
1780456751,144.379295
1780456751,103.444315
1780456751,102.927450
1780456751,107.604461
1780456751,103.847056
1780456751,107.050530
1780456751,104.495293
1780456751,107.713362
1780456751,103.204319
1780456751,103.021398
1780456751,107.414027
1780456751,103.793525
1780456751,106.807653
1780456751,107.235359
1780456751,103.014072
1780456751,105.873974
1780456751,106.656853
1780456751,105.622099
1780456751,105.301672
1780456751,102.723916
1780456751,105.760168
1780456751,105.428912
1780456751,105.495265
1780456751,102.630542
1780456751,105.495832
1780456751,102.395702
1780456751,105.309998
1780456751,104.934616
1780456751,139.128491
1780456751,103.810256
1780456751,102.882471
1780456751,139.742032
1780456751,104.983163
1780456751,103.883699
1780456751,105.072541
1780456751,106.628216
1780456751,105.122531
1780456751,105.190661
1780456751,104.091339
1780456751,103.134302
1780456751,106.521245
1780456751,104.379174
1780456751,103.161934
1780456751,105.262366
1780456751,106.513789
1780456751,106.360977
1780456751,104.657120
1780456751,139.965407
1780456751,140.589834
1780456751,141.463386
1780456751,104.530299
1780456751,106.183220
1780456751,145.509734
1780456751,103.375409
1780456751,140.800763
1780456751,103.971630
1780456751,103.399801
1780456751,104.984075
1780456751,102.520160
1780456751,104.328460
1780456751,102.467143
1780456751,146.384783
1780456751,140.556325
1780456751,141.355443
1780456751,141.535096
1780456751,141.021777
1780456751,104.210665
1780456751,102.803424
1780456751,103.723135
1780456751,103.169979
1780456751,140.600750
1780456751,105.084668
1780456751,139.813439
1780456751,143.227584
1780456751,141.912760
1780456751,140.389694
1780456751,102.679430
1780456751,101.729956
1780456751,104.951114
1780456751,104.915016
1780456751,102.523837
1780456751,104.788900
1780456751,142.104813
1780456751,133.826964
1780456751,141.040190
1780456751,103.406655
1780456751,140.186709
1780456751,137.827319
1780456751,136.430767
1780456751,102.864655
1780456751,103.306042
1780456751,103.085458
1780456751,104.751396
1780456751,107.477437
1780456751,105.957040
1780456751,107.472163
1780456751,141.959625
1780456751,142.246088
1780456751,105.747935
1780456751,105.509007
1780456751,104.586550
1780456751,105.080108
1780456751,104.974687
1780456751,136.634609
1780456751,104.879805
1780456751,149.031903
1780456751,102.494048
1780456751,102.740640
1780456751,102.916692
1780456751,102.967123
1780456751,150.540879
1780456751,151.074820
1780456751,150.893736
1780456751,147.891033
1780456751,103.691852
1780456751,103.931715
1780456751,103.912796
1780456751,103.886982
1780456751,150.007041
1780456751,102.627881
1780456751,149.968105
1780456751,149.604577
1780456751,104.019565
1780456751,150.109825
1780456751,149.375151
1780456751,102.563227
1780456751,104.318465
1780456751,143.360123
1780456751,102.572228
1780456751,102.755826
1780456751,104.183430
1780456751,103.626757
1780456751,105.054357
1780456751,143.728363
1780456751,104.795267
1780456751,150.943106
1780456751,148.361164
1780456751,105.013782
1780456751,105.000793
1780456751,104.908296
1780456751,105.157192
1780456751,104.936512
1780456751,104.782006
1780456751,150.046937
1780456751,105.022928
1780456751,102.946576
1780456751,104.156549
1780456751,105.547102
1780456751,104.068031
1780456751,103.684948
1780456751,148.851388
1780456751,103.518696
1780456751,104.932516
1780456751,103.646339
1780456751,104.683590
1780456751,104.673277
1780456751,103.556707
1780456751,104.619040
1780456751,105.078666
1780456751,105.868107
1780456751,105.583739
1780456751,145.697057
1780456751,103.382231
1780456751,105.714871
1780456751,106.089300
1780456751,106.266719
1780456751,104.973127
1780456751,143.046677
1780456751,104.210017
1780456751,104.341873
1780456751,104.452841
1780456751,105.318827
1780456751,146.047565
1780456751,104.763964
1780456751,105.850591
1780456751,104.105204
1780456751,143.408041
1780456751,105.532108
1780456751,105.476948
1780456751,106.609897
1780456751,105.556592
1780456751,104.021668
1780456751,105.810208
1780456751,103.803364
1780456751,105.854995
1780456751,103.156448
1780456751,103.356791
1780456751,145.715897
1780456751,105.694294
1780456751,107.219620
1780456751,104.812499
1780456751,144.784625
1780456751,105.048196
1780456751,104.434212
1780456751,106.935756
1780456751,146.043496
1780456751,104.916431
1780456751,148.058605
1780456751,105.113717
1780456751,102.766825
1780456751,107.644881
1780456751,107.793037
1780456751,102.844037
1780456751,107.853828
1780456751,105.047733
1780456751,105.008321
1780456751,104.884164
1780456751,105.639921
1780456751,104.384159
1780456751,102.680400
1780456751,147.878170
1780456751,147.295929
1780456751,107.827641
1780456751,105.119185
1780456751,104.093224
1780456751,147.718799
1780456751,103.617974
1780456751,104.903729
1780456751,104.409075
1780456751,107.537027
1780456751,106.479774
1780456751,104.103749
1780456751,106.460399
1780456751,106.281026
1780456751,104.633803
1780456751,104.291474
1780456751,104.083405
1780456751,104.133780
1780456751,103.370896
1780456751,105.967637
1780456751,120.472689
1780456751,104.197451
1780456751,135.801965
1780456751,139.512774
1780456751,139.684579
1780456751,139.782746
1780456751,102.567427
1780456751,138.414369
1780456751,104.781863
1780456751,123.688987
1780456751,137.520617
1780456751,103.882579
1780456751,105.500321
1780456751,128.414060
1780456751,106.663944
1780456751,105.071413
1780456751,105.267664
1780456751,102.576917
1780456751,131.638398
1780456751,104.719424
1780456751,105.953167
1780456751,108.399851
1780456751,103.626092
1780456751,123.457568
1780456751,106.156491
1780456751,103.630059
1780456751,105.011394
1780456751,127.396565
1780456751,103.602596
1780456751,127.444739
1780456751,105.447770
1780456751,135.071547
1780456751,142.359051
1780456751,135.886267
1780456751,103.853973
1780456751,103.696952
1780456751,130.728210
1780456751,105.515944
1780456751,105.308778
1780456751,142.375532
1780456751,105.589984
1780456751,104.986824
1780456751,104.886371
1780456751,104.165666
1780456751,106.304193
1780456751,104.640954
1780456751,104.614365
1780456751,103.592047
1780456751,106.859877
1780456751,105.997599
1780456751,132.293225
1780456751,103.161987
1780456751,106.366417
1780456751,115.028016
1780456751,112.468958
1780456751,106.847930
1780456751,105.799997
1780456751,130.079727
1780456751,104.774656
1780456751,104.770848
1780456751,103.406583
1780456751,106.989186
1780456751,130.498463
1780456751,105.478879
1780456751,106.031051
1780456751,107.797136
1780456751,103.384143
1780456751,105.428795
1780456751,103.292182
1780456751,119.864556
1780456751,106.396731
1780456751,115.356978
1780456751,116.400175
1780456751,106.547288
1780456751,112.797910
1780456751,103.475005
1780456751,107.506905
1780456751,110.404739
1780456751,103.723781
1780456751,114.876602
1780456751,117.836833
1780456751,117.034021
1780456751,116.781890
1780456751,116.745908
1780456751,108.726465
1780456751,107.658578
1780456751,115.034068
1780456751,107.242672
1780456751,107.153087
1780456751,117.843524
1780456751,106.760274
1780456751,117.440405
1780456751,103.285962
1780456751,104.277738
1780456751,103.407016
1780456751,109.815813
1780456751,108.364971
1780456751,103.634389
1780456751,108.479614
1780456751,103.349180
1780456751,104.489739
1780456751,102.575921
1780456751,109.087820
1780456751,104.477903
1780456751,106.020621
1780456751,109.555676
1780456751,105.598199
1780456751,105.331038
1780456751,109.819666
1780456751,105.184572
1780456751,105.491009
1780456751,105.352286
1780456751,105.250532
1780456751,110.932079
1780456751,110.996378
1780456751,105.113307
1780456751,103.537066
1780456751,104.942517
1780456751,102.884708
1780456751,104.995032
1780456751,104.596470
1780456751,102.850824
1780456751,103.217755
1780456751,103.200961
1780456751,103.144111
1780456751,103.415837
1780456751,102.804604
1780456751,104.070494
1780456751,102.709952
1780456751,103.073553
1780456751,103.315308
1780456751,104.709505
1780456751,103.451633
1780456751,103.280084
1780456751,104.644812
1780456751,112.965066
1780456751,113.493700
1780456751,113.539643
1780456751,113.006896
1780456751,114.012842
1780456751,113.571818
1780456751,113.818979
1780456751,120.046530
1780456751,113.787794
1780456751,113.984238
1780456751,116.680414
1780456751,115.776297
1780456751,116.867201
1780456751,117.032247
1780456751,117.214351
1780456751,117.205810
1780456751,117.203219
1780456751,117.431276
1780456751,117.563757
1780456751,117.643686
1780456751,117.613521
1780456751,117.813634
1780456751,114.892719
1780456751,115.150580
1780456751,112.901566
1780456751,115.111624
1780456751,115.553541
1780456751,114.276174
1780456751,114.481158
1780456751,114.438065
1780456751,115.461536
1780456751,114.721214
1780456751,114.796265
1780456751,115.637709
1780456751,114.956002
1780456751,115.304186
1780456751,115.548544
1780456751,115.504367
1780456751,115.761229
1780456751,114.956487
1780456751,116.737850
1780456751,116.921543
1780456751,118.233104
1780456751,116.068819
1780456751,115.892307
1780456751,116.190645
1780456751,121.857375
1780456751,121.775898
1780456751,122.153583
1780456751,119.995706
1780456751,120.303381
1780456751,110.794699
1780456751,120.887194
1780456751,111.391774
1780456751,110.129506
1780456751,122.475795
1780456751,110.197442
1780456751,121.950990
1780456751,116.676112
1780456751,115.307843
1780456751,112.986197
1780456751,113.225451
1780456751,123.386790
1780456751,123.418469
1780456751,109.147357
1780456751,122.922226
1780456751,123.502891
1780456751,112.910717
1780456751,127.065512
1780456751,126.805696
1780456751,127.361361
1780456751,127.332732
1780456751,125.156522
1780456751,126.477032
1780456751,127.353296
1780456751,126.217018
1780456751,127.301769
1780456751,125.827875
1780456751,126.817722
1780456751,126.235340
1780456751,126.188423
1780456751,127.041421
1780456751,127.159155
1780456751,127.326732
1780456751,126.505807
1780456751,127.413410
1780456751,129.132598
1780456751,121.532835
1780456751,111.273528
1780456751,112.107924
1780456751,132.543118
1780456751,111.608910
1780456751,111.201979
1780456751,111.488582
1780456751,111.940476
1780456751,123.030642
1780456751,106.941295
1780456751,108.055538
1780456751,121.744224
1780456751,112.178629
1780456751,111.876728
1780456751,111.669958
1780456751,134.568321
1780456751,121.271011
1780456751,134.081121
1780456751,121.385990
1780456751,112.558100
1780456751,112.379899
1780456751,113.154160
1780456751,107.793050
1780456751,115.798781
1780456751,111.654516
1780456751,112.785916
1780456751,117.929470
1780456751,117.871474
1780456751,121.413129
1780456751,120.706098
1780456751,121.211434
1780456751,121.729501
1780456751,132.919529
1780456751,143.993083
1780456751,144.189627
1780456751,143.469220
1780456751,132.414805
1780456751,121.831035
1780456751,121.009304
1780456751,120.925759
1780456751,120.870460
1780456751,121.304982
1780456751,121.622338
1780456751,119.705171
1780456751,103.945935
1780456751,119.791640
1780456751,119.659176
1780456751,121.349105
1780456751,105.927467
1780456751,121.338408
1780456751,119.953065
1780456751,122.256758
1780456751,107.191219
1780456751,126.866541
1780456751,126.534215
1780456751,126.975453
1780456751,124.626316
1780456751,119.718563
1780456751,109.208510
1780456751,106.007947
1780456751,124.717860
1780456751,128.808964
1780456751,128.728396
1780456751,103.269533
1780456751,103.184442
1780456751,104.630115
1780456751,103.845810
1780456751,108.000252
1780456751,105.290596
1780456751,108.209770
1780456751,106.532555
1780456751,108.228209
1780456751,107.822239
1780456751,103.458329
1780456751,103.066649
1780456751,104.098233
1780456751,103.308308
1780456751,104.779175
1780456751,103.264253
1780456751,103.635346
1780456751,103.514369
1780456751,103.562768
1780456751,103.924634
1780456751,103.083156
1780456751,105.201383
1780456751,104.606883
1780456751,104.705492
1780456751,102.932781
1780456751,107.144544
1780456751,104.295466
1780456751,109.361453
1780456751,103.611594
1780456751,102.715486
1780456751,102.942630
1780456751,104.390428
1780456751,103.774495
1780456751,102.379198
1780456751,105.224855
1780456751,107.321163
1780456751,107.836164
1780456751,104.627792
1780456751,106.214296
1780456751,106.174790
1780456751,107.398835
1780456751,105.106012
1780456751,106.533143
1780456751,104.231986
1780456751,107.184345
1780456751,105.358740
1780456751,105.310490
1780456751,102.339747
1780456751,101.966307
1780456751,104.581614
1780456751,103.081917
1780456751,102.729515
1780456751,103.769752
1780456751,104.103261
1780456751,103.082669
1780456751,104.196243
1780456751,105.473750
1780456751,104.687935
1780456751,105.445769
1780456751,107.230849
1780456751,105.825696
1780456751,103.922163
1780456751,103.249938
1780456751,107.896997
1780456751,104.731240
1780456751,103.938855
1780456751,103.769921
1780456751,104.577595
1780456751,104.099654
1780456751,106.102586
1780456751,103.456322
1780456751,103.790219
1780456751,105.837076
1780456751,103.507644
1780456751,102.573252
1780456751,104.995399
1780456751,102.585446
1780456751,102.550627
1780456751,102.726946
1780456751,104.579898
1780456751,102.733449
1780456751,102.796586
1780456751,102.820158
1780456751,102.803857
1780456751,104.831243
1780456751,103.121842
1780456751,102.943652
1780456751,103.188356
1780456751,102.319480
1780456751,102.459792
1780456751,102.824124
1780456751,102.710732
1780456751,102.926826
1780456751,102.554846
1780456751,102.861937
1780456751,102.887534
1780456751,103.173181
1780456751,103.086835
1780456751,103.189173
1780456751,103.386631
1780456751,103.365281
1780456751,103.626892
1780456751,103.917988
1780456751,104.037968
1780456751,103.949993
1780456751,103.913597
1780456751,103.589044
1780456751,103.498559
1780456751,103.888216
1780456751,102.374223
1780456751,102.606162
1780456751,103.933790
1780456751,104.424249
1780456751,102.700213
1780456751,104.707910
1780456751,104.986090
1780456751,104.650993
1780456751,103.388119
1780456751,103.396885
1780456751,102.732788
1780456751,103.591720
1780456751,102.372580
1780456751,104.232178
1780456751,102.860516
1780456751,104.372318
1780456751,104.073933
1780456751,104.379252
1780456751,106.349631
1780456751,106.004899
1780456751,103.593656
1780456751,104.838079
1780456751,106.668233
1780456751,104.443890
1780456751,106.910770
1780456751,106.902109
1780456751,106.948612
1780456751,104.319757
1780456751,105.342779
1780456751,105.961474
1780456751,105.579700
1780456751,105.661411
1780456751,105.552488
1780456751,105.376732
1780456751,107.719696
1780456751,105.423555
1780456751,106.006158
1780456751,103.218197
1780456751,103.338351
1780456751,106.698833
1780456751,108.005150
1780456751,105.831959
1780456751,105.918739
1780456751,108.198349
1780456751,103.675838
1780456751,106.605933
1780456751,103.769893
1780456751,106.925828
1780456751,103.986000
1780456751,108.547541
1780456751,104.056605
1780456751,103.287731
1780456751,107.481814
1780456751,106.567196
1780456751,106.626017
1780456751,105.833735
1780456751,105.955369
1780456751,104.906286
1780456751,107.243150
1780456751,107.260526
1780456751,107.279324
1780456751,107.452451
1780456751,107.610891
1780456751,104.438557
1780456751,107.798197
1780456751,104.854444
1780456751,109.108394
1780456751,107.952040
1780456751,109.230669
1780456751,103.631567
1780456751,109.435713
1780456751,111.467555
1780456751,104.804204
1780456751,105.195631
1780456751,108.406160
1780456751,105.650216
1780456751,108.428044
1780456751,111.352117
1780456751,104.804433
1780456751,108.954266
1780456751,111.793020
1780456751,108.517334
1780456751,105.623353
1780456751,110.465094
1780456751,106.238903
1780456751,106.023978
1780456751,110.302433
1780456751,105.146052
1780456751,110.399015
1780456751,105.838315
1780456751,105.722245
1780456751,105.673103
1780456751,110.866218
1780456751,105.401194
1780456751,106.465512
1780456751,106.042243
1780456751,106.759663
1780456751,111.038908
1780456751,109.940616
1780456751,105.564000
1780456751,106.632611
1780456751,107.246734
1780456751,106.350071
1780456751,109.956349
1780456751,107.303409
1780456751,106.687970
1780456751,105.916373
1780456751,106.335279
1780456751,106.322130
1780456751,104.685049
1780456751,107.697377
1780456751,107.762281
1780456751,107.058188
1780456751,104.751055
1780456751,107.090916
1780456751,104.854193
1780456751,107.845471
1780456751,108.196391
1780456751,108.085329
1780456751,107.909112
1780456751,109.353814
1780456751,106.996655
1780456751,107.496570
1780456751,107.484633
1780456751,107.122014
1780456751,107.367885
1780456751,108.991745
1780456751,115.570986
1780456751,113.248292
1780456751,109.987821
1780456751,108.751127
1780456751,109.887096
1780456751,109.872267
1780456751,114.723657
1780456751,109.944163
1780456751,113.380074
1780456751,113.486900
1780456751,107.726112
1780456751,110.410080
1780456751,107.879526
1780456751,110.264179
1780456751,110.089502
1780456751,115.404510
1780456751,106.701775
1780456751,106.645488
1780456751,114.116116
1780456751,113.894539
1780456751,106.673096
1780456751,113.958509
1780456751,106.380938
1780456751,110.688810
1780456751,112.952418
1780456751,110.359805
1780456751,109.144070
1780456751,113.101062
1780456751,110.647331
1780456751,111.354831
1780456751,105.915527
1780456751,109.299294
1780456751,105.517209
1780456751,111.940563
1780456751,109.674886
1780456751,111.025920
1780456751,108.089893
1780456751,112.954667
1780456751,108.212857
1780456751,112.036511
1780456751,112.273303
1780456751,111.403215
1780456751,113.154780
1780456751,112.069198
1780456751,111.856910
1780456751,112.445720
1780456751,107.888035
1780456751,112.472633
1780456751,112.470315
1780456751,113.930387
1780456751,111.286177
1780456751,107.141663
1780456751,111.443758
1780456751,113.503375
1780456751,109.637776
1780456751,114.372686
1780456751,109.537651
1780456751,113.439963
1780456751,114.507324
1780456751,109.937422
1780456751,113.712376
1780456751,114.287716
1780456751,111.883913
1780456751,113.742175
1780456751,111.951221
1780456751,115.180482
1780456751,110.282170
1780456751,112.111061
1780456751,112.455497
1780456751,110.358925
1780456751,110.942037
1780456751,112.466649
1780456751,112.450851
1780456751,109.131020
1780456751,114.781320
1780456751,108.966224
1780456751,111.339497
1780456751,111.464782
1780456751,106.408770
1780456751,114.773603
1780456751,115.052344
1780456751,109.070567
1780456751,114.997845
1780456751,110.355141
1780456751,106.518105
1780456751,104.807785
1780456751,110.538444
1780456751,113.940007
1780456751,111.982412
1780456751,112.568610
1780456751,110.106406
1780456751,109.818655
1780456751,108.694134
1780456751,108.963517
1780456751,112.535639
1780456751,112.493114
1780456751,111.486353
1780456751,112.638559
1780456751,113.175838
1780456751,112.324370
1780456751,115.949283
1780456751,114.274587
1780456751,112.634429
1780456751,112.738980
1780456751,114.659276
1780456751,109.656753
1780456751,109.631343
1780456751,106.890975
1780456751,107.228159
1780456751,110.255991
1780456751,110.164195
1780456751,114.658994
1780456751,113.222236
1780456751,116.730875
1780456751,115.440000
1780456751,114.558041
1780456751,114.464547
1780456751,114.714019
1780456751,114.603844
1780456751,114.698679
1780456751,114.442412
1780456751,116.889217
1780456751,111.887114
1780456751,117.688449
1780456751,114.919798
1780456751,118.700106
1780456751,115.862161
1780456751,118.017871
1780456751,113.333545
1780456751,118.159236
1780456751,118.177359
1780456751,115.446535
1780456751,115.263050
1780456751,118.458195
1780456751,114.730756
1780456751,117.854206
1780456751,115.081467
1780456751,116.913894
1780456751,112.863430
1780456751,116.926629
1780456751,118.158421
1780456751,120.635026
1780456751,117.394141
1780456751,119.618750
1780456751,120.977581
1780456751,114.716639
1780456751,120.142092
1780456751,119.884566
1780456751,115.563450
1780456751,114.140032
1780456751,120.025164
1780456751,118.229920
1780456751,115.281688
1780456751,118.692297
1780456751,121.869177
1780456751,118.625616
1780456751,119.164860
1780456751,115.881199
1780456751,118.796428
1780456751,119.202205
1780456751,119.764145
1780456751,119.557609
1780456751,118.717568
1780456751,123.936815
1780456751,116.971356
1780456751,118.403970
1780456751,118.804781
1780456751,118.766672
1780456751,121.104299
1780456751,122.258734
1780456751,122.126557
1780456751,123.991877
1780456751,115.763507
1780456751,118.260403
1780456751,123.842200
1780456751,116.353068
1780456751,117.166599
1780456751,119.524305
1780456751,120.920314
1780456751,119.957930
1780456751,123.342112
1780456751,118.922651
1780456751,116.566245
1780456751,125.171368
1780456751,125.440895
1780456751,119.497426
1780456751,119.193477
1780456751,120.140049
1780456751,121.157903
1780456751,118.656583
1780456751,118.268989
1780456751,126.252240
1780456751,126.165197
1780456751,115.678237
1780456751,123.962899
1780456751,122.345592
1780456751,124.261724
1780456751,125.728359
1780456751,126.333759
1780456751,126.522011
1780456751,126.579170
1780456751,122.661432
1780456751,122.595723
1780456751,126.682904
1780456751,126.506258
1780456751,119.682940
1780456751,119.926346
1780456751,126.733429
1780456751,120.272296
1780456751,127.590976
1780456751,122.289160
1780456751,127.513575
1780456751,127.444792
1780456751,124.569848
1780456751,122.108586
1780456751,124.698468
1780456751,127.233543
1780456751,125.825972
1780456751,119.977860
1780456751,126.296691
1780456751,126.415994
1780456751,128.137459
1780456751,126.212056
1780456751,128.427761
1780456751,123.445650
1780456751,128.611308
1780456751,125.648102
1780456751,118.701184
1780456751,123.483006
1780456751,123.138392
1780456751,123.451364
1780456751,124.937574
1780456751,118.652397
1780456751,118.922416
1780456751,119.578990
1780456751,125.339177
1780456751,126.418476
1780456751,127.460193
1780456751,128.693616
1780456751,125.000616
1780456751,122.486403
1780456751,128.718121
1780456751,127.271827
1780456751,125.180131
1780456751,127.410079
1780456751,128.618662
1780456751,127.550732
1780456751,125.438729
1780456751,127.589443
1780456751,128.101431
1780456751,129.570085
1780456751,127.876781
1780456751,127.964669
1780456751,129.185492
1780456751,129.518566
1780456751,129.513123
1780456751,128.497002
1780456751,128.088003
1780456751,125.751262
1780456751,128.156172
1780456751,126.357311
1780456751,125.752615
1780456751,122.973561
1780456751,120.377803
1780456751,126.154447
1780456751,128.745407
1780456751,128.528467
1780456751,128.482678
1780456751,129.180186
1780456751,126.426939
1780456751,127.773769
1780456751,130.704151
1780456751,130.715797
1780456751,126.388113
1780456751,128.748445
1780456751,129.073353
1780456751,131.927561
1780456751,130.110205
1780456751,131.651086
1780456751,130.088158
1780456751,131.151410
1780456751,125.611850
1780456751,128.607225
1780456751,130.498252
1780456751,126.944395
1780456751,132.441007
1780456751,124.273985
1780456751,130.771523
1780456751,131.612700
1780456751,132.798918
1780456751,127.149534
1780456751,122.829237
1780456751,133.463702
1780456751,133.820686
1780456751,133.316558
1780456751,133.760348
1780456751,133.867445
1780456751,131.963918
1780456751,133.135867
1780456751,129.642161
1780456752,131.792218
1780456752,123.801797
1780456752,131.864847
1780456752,132.811290
1780456752,132.123005
1780456752,132.893507
1780456752,132.568702
1780456752,134.218571
1780456752,133.812306
1780456752,129.820828
1780456752,129.893177
1780456752,131.599596
1780456752,129.490407
1780456752,134.103757
1780456752,130.279139
1780456752,136.168016
1780456752,130.060404
1780456752,130.060634
1780456752,134.300473
1780456752,133.519384
1780456752,132.630317
1780456752,133.501822
1780456752,128.875050
1780456752,132.457817
1780456752,135.790810
1780456752,123.421931
1780456752,133.724340
1780456752,133.001940
1780456752,122.744734
1780456752,133.549249
1780456752,135.596282
1780456752,122.975319
1780456752,129.669217
1780456752,133.349638
1780456752,128.491117
1780456752,130.275879
1780456752,136.000392
1780456752,123.716673
1780456752,132.529701
1780456752,122.862616
1780456752,132.290917
1780456752,131.548958
1780456752,132.130304
1780456752,134.233830
1780456752,137.672769
1780456752,122.146737
1780456752,139.218726
1780456752,136.872115
1780456752,139.201716
1780456752,132.755196
1780456752,133.095628
1780456752,132.681263
1780456752,135.224809
1780456752,139.335930
1780456752,136.647604
1780456752,128.374889
1780456752,138.341156
1780456752,137.366798
1780456752,129.057351
1780456752,138.961925
1780456752,139.233007
1780456752,136.349007
1780456752,135.902063
1780456752,138.378098
1780456752,132.063979
1780456752,134.465976
1780456752,136.985073
1780456752,134.987572
1780456752,137.207164
1780456752,111.658552
1780456752,137.129134
1780456752,111.691798
1780456752,109.727484
1780456752,137.284968
1780456752,111.849520
1780456752,136.710402
1780456752,137.402898
1780456752,135.796133
1780456752,142.315615
1780456752,136.835532
1780456752,135.972128
1780456752,136.818421
1780456752,136.426518
1780456752,136.891786
1780456752,111.106966
1780456752,139.882713
1780456752,135.415135
1780456752,140.730381
1780456752,144.157678
1780456752,131.119879
1780456752,147.230755
1780456752,143.162905
1780456752,113.037153
1780456752,144.061714
1780456752,139.172703
1780456752,133.609624
1780456752,145.143432
1780456752,140.135088
1780456752,144.490022
1780456752,120.769095
1780456752,147.211029
1780456752,140.235938
1780456752,114.713877
1780456752,143.206110
1780456752,140.396739
1780456752,140.592946
1780456752,147.581905
1780456752,140.179175
1780456752,141.124480
1780456752,145.014228
1780456752,141.213993
1780456752,142.557426
1780456752,141.752129
1780456752,147.814818
1780456752,117.283681
1780456752,147.957499
1780456752,145.232219
1780456752,145.301112
1780456752,141.108274
1780456752,142.488354
1780456752,143.152870
1780456752,148.751279
1780456752,148.530943
1780456752,148.239442
1780456752,148.497281
1780456752,145.627654
1780456752,120.218295
1780456752,138.861486
1780456752,141.431234
1780456752,146.218983
1780456752,141.385280
1780456752,148.350105
1780456752,143.329592
1780456752,145.798511
1780456752,147.696304
1780456752,145.939582
1780456752,147.778117
1780456752,138.810534
1780456752,144.955542
1780456752,145.321293
1780456752,121.787112
1780456752,148.363554
1780456752,119.144819
1780456752,140.084014
1780456752,141.805375
1780456752,117.607287
1780456752,146.323364
1780456752,117.797343
1780456752,140.825736
1780456752,149.296054
1780456752,149.271794
1780456752,116.719157
1780456752,143.151491
1780456752,148.502469
1780456752,149.333874
1780456752,147.729641
1780456752,146.824684
1780456752,147.693722
1780456752,147.680657
1780456752,117.031344
1780456752,141.499981
1780456752,146.954918
1780456752,148.117943
1780456752,143.376457
1780456752,148.242438
1780456752,148.285051
1780456752,116.581455
1780456752,146.131557
1780456752,146.498162
1780456752,145.746195
1780456752,116.910462
1780456752,147.427960
1780456752,146.500563
1780456752,151.616003
1780456752,147.623193
1780456752,116.960196
1780456752,117.369705
1780456752,151.751592
1780456752,147.607795
1780456752,150.413829
1780456752,146.475638
1780456752,146.670807
1780456752,145.349834
1780456752,146.890083
1780456752,146.644453
1780456752,146.985887
1780456752,150.292039
1780456752,152.579186
1780456752,147.029213
1780456752,145.843990
1780456752,152.865593
1780456752,151.389243
1780456752,118.464765
1780456752,145.781811
1780456752,153.392944
1780456752,118.231037
1780456752,149.845188
1780456752,153.357998
1780456752,145.846128
1780456752,146.451828
1780456752,143.730006
1780456752,118.680195
1780456752,151.289125
1780456752,141.688699
1780456752,145.570015
1780456752,150.779313
1780456752,151.044305
1780456752,150.993800
1780456752,119.168346
1780456752,146.877883
1780456752,146.783454
1780456752,150.627162
1780456752,152.193556
1780456752,151.713329
1780456752,146.924728
1780456752,147.014214
1780456752,145.772937
1780456752,152.346782
1780456752,142.987585
1780456752,151.707983
1780456752,145.874819
1780456752,150.955404
1780456752,150.484694
1780456752,127.847092
1780456752,153.049833
1780456752,153.049790
1780456752,126.690234
1780456752,150.792610
1780456752,119.183021
1780456752,153.115976
1780456752,121.825961
1780456752,118.109369
1780456752,153.262677
1780456752,141.616861
1780456752,116.993461
1780456752,153.406492
1780456752,150.251067
1780456752,141.792829
1780456752,118.494190
1780456752,140.923118
1780456752,117.422719
1780456752,152.024128
1780456752,150.172271
1780456752,118.902378
1780456752,122.261646
1780456752,118.131948
1780456752,141.781824
1780456752,140.740152
1780456752,150.337965
1780456752,150.352127
1780456752,151.218796
1780456752,130.491829
1780456752,154.226852
1780456752,130.802701
1780456752,154.543304
1780456752,132.278012
1780456752,132.361543
1780456752,157.527349
1780456752,146.543752
1780456752,158.117747
1780456752,146.912006
1780456752,151.560338
1780456752,131.291175
1780456752,123.032440
1780456752,118.970315
1780456752,148.808805
1780456752,121.090767
1780456752,159.215255
1780456752,119.949924
1780456752,122.614138
1780456752,149.256274
1780456752,119.266645
1780456752,152.643109
1780456752,123.259609
1780456752,123.533358
1780456752,153.722674
1780456752,147.515623
1780456752,125.719279
1780456752,123.651219
1780456752,153.018097
1780456752,137.131805
1780456752,156.295182
1780456752,153.341499
1780456752,153.530549
1780456752,159.708725
1780456752,156.363232
1780456752,126.179471
1780456752,154.670113
1780456752,155.060105
1780456752,158.077416
1780456752,157.923158
1780456752,159.832331
1780456752,124.318771
1780456752,124.246082
1780456752,126.592276
1780456752,158.166325
1780456752,132.943399
1780456752,126.639716
1780456752,159.321098
1780456752,126.807381
1780456752,161.249124
1780456752,128.184151
1780456752,130.446560
1780456752,127.220175
1780456752,138.055484
1780456752,154.571532
1780456752,134.740601
1780456752,130.790275
1780456752,154.823744
1780456752,132.252119
1780456752,128.838556
1780456752,128.951152
1780456752,135.028954
1780456752,133.703335
1780456752,125.220209
1780456752,155.609140
1780456752,129.181011
1780456752,117.664093
1780456752,118.233385
1780456752,119.806779
1780456752,159.568256
1780456752,125.719070
1780456752,150.133678
1780456752,157.319714
1780456752,121.724407
1780456752,125.898050
1780456752,133.045377
1780456752,134.431785
1780456752,111.155280
1780456752,155.951783
1780456752,126.164295
1780456752,150.802984
1780456752,158.911780
1780456752,110.315574
1780456752,155.896147
1780456752,125.712231
1780456752,128.861977
1780456752,159.457867
1780456752,126.323923
1780456752,111.658235
1780456752,159.191290
1780456752,110.451975
1780456752,124.646827
1780456752,159.171839
1780456752,123.469686
1780456752,110.584081
1780456752,135.370127
1780456752,124.113448
1780456752,160.582984
1780456752,158.440014
1780456752,155.597723
1780456752,154.150763
1780456752,158.545846
1780456752,158.647812
1780456752,156.516802
1780456752,118.698432
1780456752,158.953689
1780456752,160.240746
1780456752,156.765783
1780456752,157.071523
1780456752,159.817461
1780456752,159.595902
1780456752,157.132679
1780456752,158.138201
1780456752,158.799788
1780456752,157.428650
1780456752,162.181236
1780456752,160.199889
1780456752,157.637699
1780456752,157.805463
1780456752,162.409059
1780456752,119.302286
1780456752,159.824724
1780456752,159.359483
1780456752,130.456756
1780456752,158.433288
1780456752,158.515349
1780456752,158.580008
1780456752,125.353908
1780456752,162.067863
1780456752,137.062081
1780456752,128.635872
1780456752,158.068894
1780456752,121.438190
1780456752,135.866335
1780456752,159.093171
1780456752,111.422927
1780456752,143.683283
1780456752,125.579799
1780456752,121.680733
1780456752,160.703010
1780456752,160.059203
1780456752,161.214352
1780456752,160.831859
1780456752,161.309610
1780456752,130.348735
1780456752,161.138983
1780456752,123.183128
1780456752,157.229322
1780456752,130.653514
1780456752,135.150466
1780456752,131.647066
1780456752,155.363215
1780456752,136.397206
1780456752,158.699727
1780456752,160.537997
1780456752,129.435256
1780456752,120.604255
1780456752,136.651407
1780456752,129.795590
1780456752,159.999916
1780456752,159.353791
1780456752,131.153865
1780456752,131.708154
1780456752,160.645486
1780456752,160.890363
1780456752,161.984184
1780456752,163.774788
1780456752,162.323026
1780456752,161.726502
1780456752,138.736250
1780456752,109.739177
1780456752,122.859057
1780456752,165.025028
1780456752,128.504945
1780456752,123.182903
1780456752,163.571732
1780456752,114.606217
1780456752,123.363209
1780456752,129.973127
1780456752,163.793774
1780456752,124.809802
1780456752,129.982780
1780456752,126.829848
1780456752,163.889597
1780456752,115.988889
1780456752,130.659960
1780456752,125.009067
1780456752,123.595219
1780456752,111.297375
1780456752,138.047376
1780456752,123.710709
1780456752,162.737327
1780456752,126.550852
1780456752,126.676582
1780456752,120.330367
1780456752,161.261918
1780456752,125.258317
1780456752,120.402064
1780456752,113.366020
1780456752,115.259318
1780456752,128.130584
1780456752,110.340070
1780456752,158.626864
1780456752,114.036675
1780456752,122.447891
1780456752,163.573324
1780456752,161.859975
1780456752,110.950070
1780456752,123.725465
1780456752,123.661125
1780456752,163.692367
1780456752,160.502082
1780456752,120.677005
1780456752,116.776791
1780456752,160.160407
1780456752,113.803818
1780456752,125.763273
1780456752,160.457390
1780456752,128.048814
1780456752,164.260662
1780456752,126.016197
1780456752,129.007531
1780456752,115.339740
1780456752,121.719346
1780456752,166.842276
1780456752,121.850900
1780456752,160.200046
1780456752,129.092264
1780456752,115.665756
1780456752,115.917106
1780456752,165.204847
1780456752,113.876928
1780456752,113.878181
1780456752,110.280863
1780456752,128.838994
1780456752,122.587522
1780456752,167.516611
1780456752,122.524400
1780456752,127.531435
1780456752,156.311420
1780456752,113.121021
1780456752,137.592395
1780456752,115.929908
1780456752,129.631709
1780456752,156.725153
1780456752,118.284049
1780456752,114.932082
1780456752,128.306036
1780456752,166.006954
1780456752,144.398074
1780456752,113.964179
1780456752,128.740647
1780456752,127.731659
1780456752,110.767648
1780456752,144.876507
1780456752,110.813297
1780456752,130.707571
1780456752,115.020683
1780456752,145.342524
1780456752,128.406755
1780456752,115.384783
1780456752,130.268212
1780456752,130.385612
1780456752,144.863717
1780456752,110.761769
1780456752,119.208832
1780456752,136.388173
1780456752,131.874101
1780456752,116.934722
1780456752,132.134029
1780456752,117.027304
1780456752,116.931758
1780456752,115.986838
1780456752,171.504956
1780456752,172.801455
1780456752,130.795375
1780456752,119.264427
1780456752,116.001916
1780456752,116.349836
1780456752,127.851283
1780456752,115.932354
1780456752,127.882082
1780456752,113.892972
1780456752,173.041636
1780456752,116.661491
1780456752,120.915165
1780456752,116.105534
1780456752,166.668210
1780456752,145.353023
1780456752,116.665370
1780456752,167.327938
1780456752,116.741642
1780456752,167.703800
1780456752,166.481644
1780456752,130.004510
1780456752,111.658651
1780456752,116.188540
1780456752,127.587752
1780456752,162.436102
1780456752,172.464042
1780456752,116.722681
1780456752,116.299305
1780456752,167.272303
1780456752,126.452025
1780456752,111.271070
1780456752,110.053225
1780456752,120.169682
1780456752,114.508367
1780456752,167.449476
1780456752,116.902253
1780456752,120.245397
1780456752,120.449043
1780456752,114.736034
1780456752,120.004588
1780456752,109.181421
1780456752,118.718260
1780456752,109.398939
1780456752,143.971225
1780456752,117.648252
1780456752,132.403621
1780456752,108.407399
1780456752,143.537727
1780456752,127.809544
1780456752,108.608010
1780456752,108.726017
1780456752,117.988052
1780456752,108.789087
1780456752,133.027234
1780456752,116.021762
1780456752,121.685508
1780456752,107.860930
1780456752,116.151457
1780456752,143.081282
1780456752,133.263518
1780456752,116.468653
1780456752,132.122698
1780456752,131.057472
1780456752,122.735296
1780456752,118.375850
1780456752,118.334581
1780456752,108.604353
1780456752,120.785041
1780456752,143.917265
1780456752,120.908555
1780456752,117.428190
1780456752,116.423906
1780456752,108.467126
1780456752,130.228119
1780456752,116.534425
1780456752,120.394045
1780456752,144.769386
1780456752,120.441329
1780456752,143.725689
1780456752,120.764009
1780456752,143.904082
1780456752,116.168051
1780456752,152.070948
1780456752,144.615417
1780456752,116.899755
1780456752,151.426795
1780456752,151.469579
1780456752,110.584117
1780456752,109.366231
1780456752,117.650492
1780456752,151.559793
1780456752,132.416541
1780456752,117.721412
1780456752,117.749926
1780456752,173.848223
1780456752,111.923751
1780456752,123.508151
1780456752,150.828712
1780456752,121.955628
1780456752,127.859995
1780456752,109.947912
1780456752,116.555016
1780456752,149.286753
1780456752,123.870149
1780456752,149.578458
1780456752,111.896890
1780456752,116.910860
1780456752,124.101747
1780456752,116.178675
1780456752,117.362713
1780456752,116.431325
1780456752,149.303936
1780456752,169.492684
1780456752,116.868661
1780456752,149.229109
1780456752,148.037345
1780456752,147.943169
1780456752,118.175139
1780456752,117.022765
1780456752,147.690515
1780456752,122.708896
1780456752,176.660171
1780456752,171.994086
1780456752,176.732015
1780456752,147.594234
1780456752,123.184379
1780456752,126.080456
1780456752,116.691860
1780456752,129.123617
1780456752,118.140238
1780456752,180.345265
1780456752,180.197203
1780456752,126.613666
1780456752,154.121197
1780456752,117.120144
1780456752,115.941028
1780456752,139.939911
1780456752,121.024301
1780456752,126.311208
1780456752,115.951635
1780456752,154.496204
1780456752,113.572058
1780456752,125.685302
1780456752,116.096070
1780456752,154.710635
1780456752,112.852641
1780456752,147.798721
1780456752,129.927876
1780456752,116.241600
1780456752,122.548818
1780456752,147.372063
1780456752,123.796561
1780456752,146.462374
1780456752,114.544765
1780456752,125.198263
1780456752,145.428251
1780456752,114.741328
1780456752,146.797876
1780456752,117.166085
1780456752,126.942540
1780456752,124.631954
1780456752,147.042854
1780456752,110.040153
1780456752,121.479213
1780456752,119.104800
1780456752,147.376150
1780456752,123.571073
1780456752,116.702058
1780456752,126.377233
1780456752,114.662960
1780456752,110.576609
1780456752,115.762915
1780456752,129.368601
1780456752,112.789792
1780456752,129.405985
1780456752,109.227356
1780456752,113.050783
1780456752,123.971896
1780456752,129.466029
1780456752,129.955733
1780456752,118.059204
1780456752,123.133005
1780456752,123.188801
1780456752,127.755457
1780456752,114.923881
1780456752,122.231292
1780456752,118.637867
1780456752,114.354715
1780456752,148.570262
1780456752,112.808419
1780456752,118.193575
1780456752,147.912366
1780456752,127.707143
1780456752,122.010157
1780456752,120.759450
1780456752,147.856948
1780456752,121.065546
1780456752,120.683009
1780456752,135.377449
1780456752,121.264411
1780456752,128.449076
1780456752,131.924972
1780456752,121.594740
1780456752,121.669256
1780456752,121.723228
1780456752,135.298085
1780456752,127.857089
1780456752,118.484779
1780456752,119.600377
1780456752,132.807519
1780456752,123.354678
1780456752,114.093297
1780456752,118.816229
1780456752,128.300276
1780456752,118.847627
1780456752,116.677897
1780456752,117.883145
1780456752,118.485026
1780456752,133.217560
1780456752,115.907963
1780456752,117.213894
1780456752,117.005442
1780456752,120.266353
1780456752,128.050501
1780456752,117.299259
1780456752,115.126002
1780456752,115.691200
1780456752,128.967792
1780456752,128.643306
1780456752,115.036682
1780456752,127.812332
1780456752,127.944224
1780456752,129.418830
1780456752,118.722125
1780456752,120.393943
1780456752,134.289028
1780456752,127.765173
1780456752,127.774367
1780456752,127.948181
1780456752,128.280218
1780456752,116.557726
1780456752,128.340631
1780456752,103.112939
1780456752,127.663903
1780456752,127.803511
1780456752,127.798777
1780456752,103.600277
1780456752,102.846394
1780456752,102.533003
1780456752,133.862852
1780456752,127.018004
1780456752,134.580554
1780456752,127.766550
1780456752,127.944854
1780456752,128.031545
1780456752,128.091721
1780456752,127.473614
1780456752,127.674400
1780456752,103.013578
1780456752,127.261891
1780456752,103.322297
1780456752,136.310621
1780456752,128.431933
1780456752,134.798805
1780456752,128.491087
1780456752,128.392178
1780456752,127.368269
1780456752,128.398018
1780456752,134.997497
1780456752,132.845352
1780456752,129.066612
1780456752,129.250360
1780456752,126.341613
1780456752,131.144534
1780456752,132.327220
1780456752,131.305758
1780456752,129.116474
1780456752,132.616354
1780456752,128.767034
1780456752,133.925285
1780456752,129.505167
1780456752,133.816569
1780456752,129.604575
1780456752,133.708210
1780456752,133.574059
1780456752,132.571013
1780456752,129.475428
1780456752,117.046684
1780456752,102.754231
1780456752,103.324990
1780456752,104.234211
1780456752,104.176500
1780456752,104.155520
1780456752,104.532793
1780456752,104.822785
1780456752,104.934425
1780456752,104.714229
1780456752,105.220907
1780456752,104.421508
1780456752,104.448541
1780456752,105.087765
1780456752,105.443153
1780456752,103.727124
1780456752,105.506484
1780456752,104.645420
1780456752,105.482937
1780456752,106.716577
1780456752,106.942758
1780456752,106.820430
1780456752,107.269862
1780456752,106.710306
1780456752,105.820626
1780456752,105.831208
1780456752,106.589927
1780456752,105.878284
1780456752,105.848475
1780456752,106.748114
1780456752,105.774218
1780456752,105.647654
1780456752,105.919783
1780456752,105.987630
1780456752,108.060278
1780456752,107.215066
1780456752,107.090378
1780456752,108.039184
1780456752,107.240767
1780456752,109.712811
1780456752,109.140126
1780456752,109.392793
1780456752,109.364480
1780456752,109.289191
1780456752,107.867760
1780456752,108.168562
1780456752,108.266034
1780456752,102.942198
1780456752,103.471892
1780456752,111.239539
1780456752,103.825376
1780456752,103.129370
1780456752,103.350922
1780456752,108.480429
1780456752,109.029633
1780456752,105.118252
1780456752,107.921979
1780456752,107.951170
1780456752,106.193456
1780456752,106.442525
1780456752,106.549816
1780456752,106.509489
1780456752,106.543259
1780456752,110.856185
1780456752,110.901929
1780456752,110.908799
1780456752,110.905882
1780456752,106.922967
1780456752,110.076428
1780456752,110.117326
1780456752,112.260455
1780456752,112.370583
1780456752,112.566850
1780456752,108.925584
1780456752,109.867971
1780456752,110.083472
1780456752,110.349994
1780456752,110.351630
1780456752,113.961563
1780456752,114.020579
1780456752,114.112338
1780456752,114.190121
1780456752,114.038758
1780456752,114.014412
1780456752,111.579299
1780456752,111.556546
1780456752,111.411261
1780456752,111.527336
1780456752,104.915652
1780456752,105.517138
1780456752,105.385312
1780456752,105.464834
1780456752,106.072876
1780456752,106.140797
1780456752,105.866110
1780456752,106.647393
1780456752,106.755776
1780456752,106.721286
1780456752,106.617268
1780456752,106.490568
1780456752,106.564575
1780456752,106.816761
1780456752,107.573625
1780456752,107.665711
1780456752,107.647019
1780456752,107.956694
1780456752,107.805937
1780456752,108.187412
1780456752,108.768349
1780456752,108.881202
1780456752,103.207511
1780456752,103.267061
1780456752,105.894615
1780456752,106.580608
1780456752,103.404263
1780456752,107.642046
1780456752,107.893784
1780456752,109.718171
1780456752,104.560888
1780456752,104.972845
1780456752,105.199326
1780456752,105.167899
1780456752,105.289776
1780456752,105.252848
1780456752,107.456785
1780456752,107.691670
1780456752,107.648647
1780456752,107.580869
1780456752,111.574752
1780456752,115.477620
1780456752,115.414748
1780456752,115.642148
1780456752,128.742407
1780456752,128.925875
1780456752,129.154560
1780456752,129.303729
1780456752,129.221265
1780456752,129.347766
1780456752,129.476573
1780456752,112.497746
1780456752,129.153559
1780456752,129.303633
1780456752,112.958654
1780456752,117.976768
1780456752,120.522971
1780456752,120.588524
1780456752,118.337045
1780456752,116.149525
1780456752,121.117355
1780456752,134.300642
1780456752,134.472408
1780456752,134.471276
1780456752,135.081267
1780456752,118.251907
1780456752,135.010243
1780456752,130.313445
1780456752,107.184775
1780456752,104.483951
1780456752,108.275275
1780456752,111.884722
1780456752,105.469139
1780456752,114.173281
1780456752,113.526623
1780456752,119.039660
1780456752,122.682721
1780456752,123.495416
1780456752,110.149794
1780456752,113.166979
1780456752,118.287273
1780456752,113.787078
1780456752,113.633285
1780456752,113.905447
1780456752,115.873310
1780456752,115.625412
1780456752,126.798381
1780456752,116.727936
1780456752,120.023107
1780456752,122.447618
1780456752,126.733167
1780456752,131.237416
1780456752,116.883852
1780456752,120.536224
1780456752,116.181963
1780456752,114.246308
1780456752,114.314366
1780456752,113.827231
1780456752,113.843454
1780456752,114.065180
1780456752,123.593334
1780456752,124.861680
1780456752,131.844657
1780456752,134.154722
1780456752,154.251832
1780456752,154.321857
1780456752,154.293821
1780456752,141.654879
1780456752,114.608811
1780456752,114.096528
1780456752,114.182894
1780456752,115.146077
1780456752,114.203710
1780456752,114.858614
1780456752,114.436346
1780456752,114.601316
1780456752,115.121434
1780456752,114.333117
1780456752,114.673708
1780456752,105.764115
1780456752,102.920045
1780456752,103.758056
1780456752,106.098275
1780456752,104.145432
1780456752,117.646790
1780456752,120.940364
1780456752,121.144207
1780456752,126.809821
1780456752,121.021571
1780456752,120.993513
1780456752,120.805570
1780456752,121.293287
1780456752,118.020530
1780456752,121.559538
1780456752,121.374390
1780456752,118.098793
1780456752,121.758895
1780456752,106.990618
1780456752,108.180643
1780456752,106.930464
1780456752,107.008519
1780456752,107.815327
1780456752,106.510469
1780456752,117.101712
1780456752,117.799620
1780456752,123.495928
1780456752,119.136785
1780456752,119.182205
1780456752,121.250728
1780456752,125.734022
1780456752,119.276739
1780456752,107.504055
1780456752,108.803185
1780456752,120.573711
1780456752,120.927830
1780456752,120.966357
1780456752,118.708274
1780456752,122.073920
1780456752,118.805409
1780456752,119.457611
1780456752,119.069109
1780456752,118.931290
1780456752,119.448107
1780456752,131.580301
1780456752,122.316932
1780456752,122.393137
1780456752,119.471369
1780456752,105.955100
1780456752,105.403221
1780456752,108.116400
1780456752,107.901674
1780456752,106.822799
1780456752,108.854862
1780456752,106.769648
1780456752,104.520295
1780456752,105.491749
1780456752,105.558669
1780456752,108.619867
1780456752,106.295668
1780456752,106.144155
1780456752,106.414629
1780456752,106.069075
1780456752,104.345232
1780456752,106.768878
1780456752,103.317698
1780456752,106.515605
1780456752,106.335553
1780456752,105.089916
1780456752,108.688216
1780456752,104.730274
1780456752,106.372836
1780456752,107.606157
1780456752,105.547916
1780456752,107.825826
1780456752,107.619860
1780456752,108.427907
1780456752,103.807688
1780456752,104.896705
1780456752,105.038008
1780456752,105.490895
1780456752,105.892072
1780456752,106.119421
1780456752,103.286006
1780456752,106.588709
1780456752,104.734947
1780456752,103.404238
1780456752,107.131170
1780456752,105.128873
1780456752,105.175773
1780456752,103.819812
1780456752,108.372536
1780456752,105.586970
1780456752,107.458499
1780456752,105.888458
1780456752,107.193054
1780456752,105.945467
1780456752,105.817444
1780456752,108.038591
1780456752,108.043256
1780456752,106.178336
1780456752,108.442858
1780456752,105.200350
1780456752,102.739192
1780456752,105.476397
1780456752,108.520670
1780456752,117.755805
1780456752,105.331321
1780456752,117.396535
1780456752,108.388717
1780456752,105.642647
1780456752,101.758379
1780456752,118.154054
1780456752,117.998969
1780456752,109.317851
1780456752,108.864559
1780456752,104.795710
1780456752,118.225476
1780456752,107.810336
1780456752,104.416742
1780456752,117.877933
1780456752,108.061549
1780456752,103.995015
1780456752,103.770337
1780456752,117.699710
1780456752,103.946352
1780456752,113.727665
1780456752,103.772086
1780456752,108.566254
1780456752,104.214681
1780456752,103.970504
1780456752,108.623900
1780456752,103.813623
1780456752,117.526755
1780456752,118.385783
1780456752,104.815365
1780456752,103.711218
1780456752,109.268838
1780456752,118.591932
1780456752,109.297344
1780456752,118.363386
1780456752,118.742987
1780456752,117.886016
1780456752,108.074132
1780456752,104.416791
1780456752,102.924404
1780456752,103.078651
1780456752,104.219651
1780456752,103.159444
1780456752,108.207726
1780456752,103.030469
1780456752,118.243842
1780456752,118.007144
1780456752,104.670168
1780456752,107.516222
1780456752,118.199649
1780456752,106.763598
1780456752,117.616867
1780456752,102.493870
1780456752,118.043317
1780456752,106.445344
1780456752,106.179455
1780456752,117.931713
1780456752,103.066963
1780456752,101.589656
1780456752,118.127982
1780456752,106.315182
1780456752,118.377914
1780456752,106.857465
1780456752,107.165635
1780456752,117.613259
1780456752,103.201174
1780456752,107.023686
1780456752,103.658623
1780456752,103.580584
1780456752,107.099382
1780456752,103.889391
1780456752,117.927264
1780456752,118.096358
1780456752,105.309203
1780456752,103.976477
1780456752,117.979801
1780456752,104.146064
1780456752,117.959244
1780456752,104.427078
1780456752,117.533055
1780456752,118.797987
1780456752,106.036068
1780456752,107.572466
1780456752,118.339688
1780456752,104.573656
1780456752,103.380679
1780456752,102.475529
1780456752,106.730449
1780456752,106.851139
1780456752,118.346746
1780456752,117.884997
1780456752,103.829366
1780456752,117.817293
1780456752,105.453509
1780456752,117.932684
1780456752,107.200225
1780456752,104.257521
1780456752,105.897438
1780456752,118.240044
1780456752,118.275259
1780456752,105.649895
1780456752,104.627872
1780456752,102.094689
1780456752,104.793677
1780456752,102.603422
1780456752,106.710465
1780456752,106.541430
1780456752,106.482862
1780456752,103.975286
1780456752,106.791391
1780456752,107.055200
1780456752,103.077838
1780456752,105.397797
1780456752,103.518693
1780456752,104.857901
1780456752,103.761242
1780456752,107.624748
1780456752,103.838620
1780456752,104.316399
1780456752,104.251039
1780456752,103.813482
1780456752,121.143408
1780456752,103.872677
1780456752,120.670402
1780456752,105.382118
1780456752,105.260865
1780456752,105.377017
1780456752,120.675406
1780456752,107.816578
1780456752,105.446769
1780456752,108.143990
1780456752,103.530010
1780456752,103.808398
1780456752,103.380582
1780456752,103.254833
1780456752,103.757863
1780456752,103.959075
1780456752,103.956156
1780456752,121.967446
1780456752,104.041964
1780456752,104.221206
1780456752,103.490443
1780456752,104.857048
1780456752,122.664630
1780456752,123.082748
1780456752,102.895749
1780456752,123.090632
1780456752,123.443245
1780456752,123.706038
1780456752,104.869076
1780456752,121.191276
1780456752,104.560231
1780456752,123.966027
1780456752,104.226783
1780456752,123.529898
1780456752,105.644338
1780456752,121.832212
1780456752,104.822877
1780456752,104.900486
1780456752,121.888512
1780456752,104.690739
1780456752,105.352107
1780456752,105.434978
1780456752,105.367445
1780456752,104.685286
1780456752,105.203894
1780456752,104.000913
1780456752,104.016770
1780456752,104.146949
1780456752,106.026365
1780456752,104.143912
1780456752,122.921454
1780456752,103.486353
1780456752,104.359133
1780456752,106.195489
1780456752,103.759700
1780456752,103.883138
1780456752,123.277021
1780456752,102.094225
1780456752,104.025270
1780456752,106.061379
1780456752,123.227852
1780456752,103.693842
1780456752,105.889121
1780456752,123.404998
1780456752,102.547357
1780456752,105.305557
1780456752,123.726187
1780456752,106.413147
1780456752,124.161960
1780456752,105.796506
1780456752,123.983953
1780456752,106.833429
1780456752,123.231310
1780456752,103.435401
1780456752,123.338221
1780456752,103.406464
1780456752,108.025231
1780456752,123.670762
1780456752,105.742035
1780456752,123.823155
1780456752,123.777692
1780456752,104.969721
1780456752,102.974752
1780456752,123.224602
1780456752,106.650245
1780456752,123.143161
1780456752,123.411775
1780456752,102.428465
1780456752,105.025122
1780456752,104.933386
1780456752,122.872157
1780456752,105.407985
1780456752,123.181480
1780456752,103.129264
1780456752,105.615414
1780456752,123.707206
1780456752,104.604316
1780456752,103.221803
1780456752,106.122990
1780456752,123.817073
1780456752,103.456883
1780456752,123.806368
1780456752,103.723439
1780456752,106.681463
1780456752,107.030615
1780456752,104.417219
1780456752,107.236076
1780456752,104.804618
1780456752,126.011217
1780456752,103.630739
1780456752,127.076856
1780456752,127.053870
1780456752,106.732209
1780456752,107.184016
1780456752,107.480601
1780456752,126.559048
1780456752,107.512584
1780456752,126.240976
1780456752,107.731678
1780456752,126.539102
1780456752,108.076041
1780456752,124.099630
1780456752,125.469519
1780456752,108.059064
1780456752,108.210821
1780456752,105.783879
1780456752,128.291409
1780456752,125.643022
1780456752,106.368136
1780456752,124.825482
1780456752,109.469244
1780456752,106.920571
1780456752,105.220485
1780456752,107.065127
1780456752,107.033067
1780456752,105.172143
1780456752,107.296972
1780456752,105.749555
1780456752,125.365660
1780456752,125.384385
1780456752,107.595198
1780456752,107.517235
1780456752,107.589926
1780456752,105.807624
1780456752,125.826534
1780456752,106.288240
1780456752,107.648191
1780456752,123.352583
1780456752,124.589963
1780456752,106.316951
1780456752,108.517212
1780456752,104.459735
1780456752,108.401170
1780456752,108.455552
1780456752,110.920009
1780456752,109.038982
1780456752,108.823752
1780456752,108.870083
1780456752,103.957585
1780456752,108.713740
1780456752,109.087414
1780456752,117.764314
1780456752,117.885701
1780456752,108.506958
1780456752,108.700136
1780456752,116.684604
1780456752,110.453944
1780456752,109.293398
1780456752,126.570160
1780456752,110.596014
1780456752,111.204494
1780456752,109.440790
1780456752,109.563555
1780456752,116.413099
1780456752,125.646574
1780456752,109.574353
1780456752,111.235714
1780456752,125.883880
1780456752,109.028402
1780456752,110.709829
1780456752,110.639098
1780456752,110.788872
1780456752,106.143112
1780456752,106.216050
1780456752,110.135912
1780456752,114.419683
1780456752,112.474187
1780456752,114.115755
1780456752,108.686291
1780456752,114.653747
1780456752,110.407943
1780456752,114.151245
1780456752,114.356222
1780456752,114.443179
1780456752,110.866859
1780456752,131.297780
1780456752,109.145694
1780456752,131.502715
1780456752,131.379742
1780456752,131.529516
1780456752,133.043599
1780456752,132.732407
1780456752,136.436388
1780456752,114.608640
1780456752,114.401376
1780456752,114.570857
1780456752,114.645135
1780456752,114.595309
1780456752,114.583328
1780456752,112.955459
1780456752,106.157785
1780456752,114.704691
1780456752,109.874276
1780456752,109.914827
1780456752,111.459969
1780456752,106.319677
1780456752,111.580870
1780456752,111.732834
1780456752,108.866316
1780456752,111.835313
1780456752,106.865056
1780456752,108.517371
1780456752,120.651993
1780456752,107.039807
1780456752,110.163045
1780456752,113.007942
1780456752,113.138089
1780456752,108.824090
1780456752,104.436195
1780456752,112.073480
1780456752,110.410682
1780456752,112.010636
1780456752,105.879332
1780456752,112.242599
1780456752,106.322118
1780456752,105.154775
1780456752,114.448991
1780456752,113.449149
1780456752,112.366621
1780456752,104.711442
1780456752,112.622065
1780456752,114.626783
1780456752,104.906167
1780456752,114.730276
1780456752,104.493548
1780456752,110.255966
1780456752,111.856730
1780456752,105.171538
1780456752,115.743426
1780456752,105.277986
1780456752,105.348323
1780456752,102.434806
1780456752,122.560196
1780456752,122.673018
1780456752,122.087212
1780456752,111.801960
1780456752,121.127006
1780456752,121.600853
1780456752,111.392186
1780456752,111.610503
1780456752,110.025093
1780456752,108.720282
1780456752,111.648616
1780456752,116.409167
1780456752,116.407865
1780456752,116.673310
1780456752,123.095134
1780456752,105.266606
1780456752,109.681137
1780456752,123.247862
1780456752,123.236703
1780456752,115.055052
1780456752,111.467090
1780456752,109.808931
1780456752,111.764594
1780456752,126.137137
1780456752,112.425619
1780456752,109.628183
1780456752,112.044255
1780456752,106.013003
1780456752,109.037315
1780456752,106.039767
1780456752,112.165602
1780456752,108.756237
1780456752,124.154703
1780456752,112.301627
1780456752,109.491991
1780456752,124.071066
1780456752,112.355249
1780456752,102.852897
1780456752,112.232411
1780456752,124.633580
1780456752,108.374811
1780456752,124.782376
1780456752,112.127696
1780456752,107.420583
1780456752,107.353745
1780456752,112.619483
1780456752,125.097695
1780456752,107.443328
1780456752,102.617994
1780456752,107.576650
1780456752,123.236117
1780456752,102.663198
1780456752,112.640032
1780456752,103.097196
1780456752,102.567131
1780456752,103.249273
1780456752,103.241453
1780456752,113.298480
1780456752,124.492561
1780456752,113.603747
1780456752,103.448385
1780456752,124.819869
1780456752,104.047891
1780456752,124.914357
1780456752,113.427114
1780456752,124.782807
1780456752,113.821640
1780456752,124.626796
1780456752,103.970843
1780456752,118.966338
1780456752,104.414613
1780456752,104.722242
1780456752,119.294699
1780456752,113.706850
1780456752,120.374515
1780456752,105.233787
1780456752,105.688077
1780456752,118.157467
1780456752,105.417911
1780456752,105.765986
1780456752,117.411961
1780456752,114.300193
1780456752,116.846637
1780456752,106.677610
1780456752,105.614491
1780456752,115.950823
1780456752,114.965185
1780456752,115.394610
1780456752,107.109390
1780456752,107.116838
1780456752,107.326919
1780456752,115.301330
1780456752,106.948952
1780456752,115.769505
1780456752,107.098442
1780456752,107.666399
1780456752,115.594183
1780456752,114.621259
1780456752,107.064021
1780456752,105.733550
1780456752,114.904240
1780456752,108.494656
1780456752,113.854823
1780456752,108.450319
1780456752,107.261938
1780456752,117.167905
1780456752,114.411392
1780456752,114.403464
1780456752,109.179432
1780456752,109.198086
1780456752,108.778321
1780456752,117.129759
1780456752,109.555886
1780456752,109.214944
1780456752,116.285360
1780456752,109.530572
1780456752,108.483440
1780456752,116.589874
1780456752,108.825116
1780456752,115.812863
1780456752,109.760543
1780456752,107.996698
1780456752,109.866275
1780456752,116.055807
1780456752,110.532817
1780456752,108.300854
1780456752,110.281103
1780456752,108.386286
1780456752,110.938799
1780456752,108.687934
1780456752,111.081875
1780456752,116.782707
1780456752,107.700134
1780456752,111.978830
1780456752,112.079748
1780456752,117.306077
1780456752,108.107396
1780456752,111.069373
1780456752,117.478819
1780456752,108.423679
1780456752,111.630672
1780456752,117.653389
1780456752,111.593486
1780456752,108.623686
1780456752,117.999825
1780456752,112.890258
1780456752,108.776508
1780456752,113.220152
1780456752,113.180977
1780456752,109.123417
1780456752,113.356245
1780456752,111.952691
1780456752,112.232393
1780456752,108.154608
1780456752,113.386235
1780456752,113.536229
1780456752,113.480775
1780456752,113.808183
1780456752,113.114986
1780456752,108.568368
1780456752,112.818788
1780456752,113.876631
1780456752,112.971585
1780456752,104.292436
1780456752,111.882658
1780456752,113.667911
1780456752,104.303954
1780456752,111.878699
1780456752,108.527321
1780456752,112.377139
1780456752,104.496208
1780456752,112.461703
1780456752,108.958518
1780456752,104.899518
1780456752,111.532927
1780456752,111.653748
1780456752,111.631825
1780456752,104.935687
1780456752,115.343060
1780456752,111.976631
1780456752,108.158279
1780456752,115.694671
1780456752,112.199126
1780456752,104.954514
1780456752,112.259303
1780456752,105.593398
1780456752,116.067687
1780456752,111.382023
1780456752,106.515506
1780456752,108.985062
1780456752,116.405160
1780456752,111.469443
1780456752,109.483183
1780456752,117.164100
1780456752,111.059316
1780456752,105.839190
1780456752,111.179368
1780456752,116.958498
1780456752,112.195980
1780456752,105.820886
1780456752,111.529697
1780456752,105.970812
1780456752,117.192109
1780456752,112.682972
1780456752,106.000348
1780456752,118.244557
1780456752,110.046450
1780456752,107.295847
1780456752,108.345074
1780456752,117.231061
1780456752,115.787727
1780456752,118.444400
1780456752,107.185864
1780456752,117.114928
1780456752,105.816101
1780456752,118.483921
1780456752,117.371975
1780456752,107.312614
1780456752,108.791473
1780456752,117.320339
1780456752,109.982072
1780456752,107.588443
1780456752,110.102114
1780456752,112.898028
1780456752,115.512264
1780456752,115.700667
1780456752,113.334245
1780456752,113.504275
1780456752,110.690977
1780456752,110.646136
1780456752,110.518265
1780456752,110.378775
1780456752,108.744011
1780456752,116.301343
1780456752,119.235927
1780456752,117.890306
1780456752,108.960757
1780456752,110.449064
1780456752,104.625975
1780456752,116.719068
1780456752,105.017553
1780456752,104.907908
1780456752,105.686338
1780456752,114.555249
1780456752,116.790417
1780456752,114.563332
1780456752,118.143458
1780456752,116.971859
1780456752,116.890777
1780456752,112.297313
1780456752,111.364830
1780456752,117.460886
1780456752,112.009653
1780456752,112.286585
1780456752,109.968555
1780456752,110.993586
1780456752,110.983918
1780456752,110.852614
1780456752,111.852363
1780456752,113.446290
1780456752,111.006091
1780456752,111.007199
1780456752,112.172372
1780456752,116.903450
1780456752,112.545927
1780456752,113.127325
1780456752,111.633377
1780456752,112.896279
1780456752,116.142197
1780456752,111.107848
1780456752,111.551230
1780456752,110.290485
1780456752,119.439208
1780456752,110.295471
1780456752,117.713159
1780456752,113.870007
1780456752,112.834785
1780456752,114.825400
1780456752,118.050001
1780456752,118.039386
1780456752,113.797902
1780456752,114.678431
1780456752,114.750680
1780456752,114.275065
1780456752,109.937357
1780456752,112.485494
1780456752,114.286427
1780456752,112.526275
1780456752,112.975787
1780456752,115.266930
1780456752,113.031999
1780456752,115.709711
1780456752,115.516581
1780456752,112.981095
1780456752,115.686661
1780456752,115.221148
1780456752,117.091288
1780456752,117.365157
1780456752,111.606898
1780456752,116.122545
1780456752,116.301725
1780456752,110.965171
1780456752,109.749831
1780456752,112.248007
1780456752,109.866513
1780456752,110.600865
1780456752,114.661420
1780456752,109.092715
1780456752,109.252823
1780456752,116.753196
1780456752,116.659255
1780456752,116.828627
1780456752,117.175258
1780456752,112.894423
1780456752,113.419938
1780456752,122.744968
1780456752,115.879782
1780456752,122.800022
1780456752,124.153363
1780456752,122.597681
1780456752,122.984830
1780456752,123.044805
1780456752,116.263731
1780456752,117.815716
1780456752,113.600031
1780456752,108.137073
1780456752,118.312441
1780456752,108.077565
1780456752,112.108502
1780456752,112.067428
1780456752,117.881528
1780456752,107.993687
1780456752,110.170121
1780456752,112.860510
1780456752,123.890297
1780456752,108.035021
1780456752,108.151813
1780456752,109.896847
1780456752,108.600277
1780456752,107.317532
1780456752,110.021951
1780456752,124.790999
1780456752,103.521830
1780456752,103.753641
1780456752,108.857094
1780456752,107.458431
1780456752,107.455364
1780456752,120.842240
1780456752,120.787689
1780456752,109.048310
1780456752,108.855250
1780456752,122.256841
1780456752,118.957209
1780456752,120.969374
1780456752,105.714296
1780456752,127.581048
1780456752,116.027911
1780456752,127.782721
1780456752,128.052453
1780456752,126.182915
1780456752,118.689923
1780456752,117.831532
1780456752,128.396483
1780456752,126.848077
1780456752,118.344206
1780456752,123.457910
1780456752,120.188112
1780456752,123.906288
1780456752,123.772875
1780456752,123.880555
1780456752,127.136630
1780456752,123.021614
1780456752,127.250575
1780456752,119.016607
1780456752,124.418066
1780456752,123.376384
1780456752,119.832295
1780456752,119.350065
1780456752,126.510139
1780456752,119.071658
1780456752,119.364378
1780456752,125.292613
1780456752,119.355430
1780456752,120.728188
1780456752,124.687551
1780456752,125.998950
1780456752,124.746661
1780456752,117.969322
1780456752,126.092492
1780456752,117.955552
1780456752,120.206261
1780456752,118.273654
1780456752,126.514912
1780456752,117.866096
1780456752,123.962212
1780456752,129.590733
1780456752,124.228885
1780456752,120.660956
1780456752,116.474028
1780456752,116.862168
1780456752,116.840906
1780456752,127.012350
1780456752,116.929175
1780456752,127.244351
1780456752,117.292183
1780456752,122.382190
1780456752,123.051463
1780456752,117.051542
1780456752,120.990311
1780456752,127.120771
1780456752,117.501121
1780456752,116.951404
1780456752,127.471049
1780456752,118.038599
1780456752,128.143157
1780456752,117.181790
1780456752,118.442699
1780456752,126.642659
1780456752,122.291414
1780456752,117.200667
1780456752,122.080439
1780456752,126.226123
1780456752,128.942423
1780456752,121.886064
1780456752,129.078082
1780456752,117.525542
1780456752,129.297855
1780456752,125.868704
1780456752,124.569551
1780456752,119.380453
1780456752,119.809778
1780456752,122.001935
1780456752,126.274067
1780456752,117.437159
1780456752,121.992499
1780456752,126.298760
1780456752,117.520302
1780456752,122.854316
1780456752,121.680941
1780456752,117.673009
1780456752,118.926587
1780456752,122.890036
1780456752,126.642569
1780456752,131.352369
1780456752,120.156250
1780456752,113.107352
1780456752,121.871180
1780456752,111.786116
1780456752,128.075293
1780456752,112.036767
1780456752,122.633205
1780456752,112.812097
1780456752,112.934256
1780456752,117.969235
1780456752,124.626363
1780456752,121.259959
1780456752,128.398834
1780456752,121.454545
1780456752,123.286199
1780456752,127.278037
1780456752,121.727684
1780456752,117.127265
1780456752,114.570736
1780456752,122.076190
1780456752,112.596291
1780456752,124.389695
1780456752,114.569024
1780456752,124.517570
1780456752,119.900029
1780456752,128.529808
1780456752,130.972753
1780456752,132.717508
1780456752,135.037853
1780456752,135.682915
1780456752,135.339484
1780456752,136.400393
1780456752,136.086160
1780456752,134.884964
1780456752,135.085736
1780456752,136.206879
1780456752,136.567885
1780456752,129.572063
1780456752,136.859228
1780456752,135.696291
1780456752,133.481946
1780456752,135.816473
1780456752,135.207114
1780456752,136.084398
1780456752,135.256492
1780456752,135.439024
1780456752,136.594112
1780456752,129.052572
1780456752,129.956260
1780456752,130.451348
1780456752,130.666131
1780456752,130.834894
1780456752,136.610612
1780456752,134.563475
1780456752,134.525194
1780456752,136.738020
1780456752,136.714310
1780456752,127.609512
1780456752,135.749437
1780456752,135.750271
1780456752,129.758472
1780456752,137.515527
1780456752,136.207952
1780456752,131.183801
1780456752,134.089792
1780456752,134.569674
1780456752,136.374385
1780456752,137.876781
1780456752,130.605350
1780456752,136.725974
1780456752,136.573250
1780456752,136.673889
1780456752,136.853463
1780456752,137.142411
1780456752,137.234718
1780456752,136.442327
1780456752,135.442741
1780456752,136.610226
1780456752,136.239560
1780456752,137.706447
1780456752,136.433755
1780456752,137.742309
1780456752,136.803459
1780456752,117.399985
1780456752,117.016332
1780456752,117.582523
1780456752,117.324058
1780456752,121.769216
1780456752,123.672709
1780456752,123.776187
1780456752,125.631433
1780456752,128.137231
1780456752,129.419679
1780456752,133.682108
1780456752,132.595905
1780456752,131.840675
1780456752,132.799832
1780456752,130.619236
1780456752,129.510205
1780456752,129.098301
1780456752,121.738419
1780456752,121.191586
1780456752,126.482727
1780456752,127.269393
1780456752,129.497065
1780456752,130.012235
1780456752,131.610588
1780456752,133.169642
1780456752,132.576438
1780456752,133.518313
1780456752,133.406552
1780456752,133.903673
1780456752,121.157546
1780456752,121.722731
1780456752,121.564145
1780456752,125.061986
1780456752,126.917492
1780456752,125.434331
1780456752,125.508522
1780456752,122.445113
1780456752,135.310420
1780456752,116.404122
1780456752,135.187361
1780456752,135.175537
1780456752,116.473145
1780456752,116.403078
1780456752,127.658394
1780456752,118.691238
1780456752,116.576646
1780456752,117.406274
1780456752,136.714013
1780456752,129.843969
1780456752,135.053168
1780456752,133.255054
1780456752,133.470995
1780456752,116.679931
1780456752,130.120518
1780456752,133.945743
1780456752,134.486888
1780456752,134.478053
1780456752,131.889553
1780456752,135.552031
1780456752,133.220772
1780456752,135.582648
1780456752,133.955643
1780456752,134.932148
1780456752,135.654556
1780456752,139.095334
1780456752,139.567883
1780456752,140.536041
1780456752,140.324359
1780456752,140.678921
1780456752,118.527058
1780456752,130.148616
1780456752,135.227050
1780456752,135.516475
1780456752,135.397568
1780456752,139.869938
1780456752,139.448473
1780456752,137.112273
1780456752,144.106094
1780456752,144.892124
1780456752,145.470627
1780456752,139.830907
1780456752,154.096320
1780456752,140.360102
1780456752,154.363702
1780456752,140.811183
1780456752,144.691688
1780456752,149.707627
1780456752,149.789131
1780456752,152.005583
1780456752,150.983278
1780456752,152.127943
1780456752,153.710463
1780456752,126.009639
1780456752,128.316786
1780456752,130.279530
1780456752,104.705400
1780456752,132.472028
1780456752,151.845576
1780456752,151.054488
1780456752,139.799148
1780456752,159.407348
1780456752,135.687124
1780456752,161.396290
1780456752,140.657408
1780456752,136.243480
1780456752,158.475392
1780456752,136.612875
1780456752,141.813634
1780456752,141.883220
1780456752,141.959436
1780456752,154.856117
1780456752,159.047308
1780456752,155.522239
1780456752,154.857081
1780456752,108.139816
1780456752,155.698965
1780456752,158.324079
1780456752,142.313237
1780456752,159.436472
1780456752,138.783503
1780456752,143.723126
1780456752,108.236800
1780456752,144.449655
1780456752,160.380455
1780456752,160.102092
1780456752,160.272353
1780456752,159.988870
1780456752,142.434662
1780456752,160.470092
1780456752,120.743157
1780456752,110.841069
1780456752,120.906605
1780456752,142.549105
1780456752,142.368027
1780456752,123.016101
1780456752,144.842602
1780456752,151.206669
1780456752,135.161965
1780456752,144.898517
1780456752,137.317981
1780456752,146.218115
1780456752,147.795696
1780456752,125.789171
1780456752,137.754666
1780456752,140.854014
1780456752,147.989374
1780456752,121.035023
1780456752,148.093763
1780456752,150.164002
1780456752,122.976881
1780456752,122.724938
1780456752,123.474629
1780456752,127.542860
1780456752,133.924033
1780456752,136.722961
1780456752,141.945706
1780456752,132.612749
1780456752,138.135866
1780456752,138.370192
1780456752,137.577405
1780456752,134.534968
1780456752,134.753976
1780456752,142.362728
1780456752,137.365231
1780456752,140.301471
1780456752,136.154641
1780456752,137.379691
1780456752,145.421026
1780456752,160.794784
1780456752,160.168037
1780456752,160.173337
1780456752,160.334314
1780456752,160.938170
1780456752,109.160405
1780456752,141.755021
1780456752,141.814509
1780456752,143.921141
1780456752,157.354320
1780456752,157.797187
1780456752,145.726317
1780456752,113.176559
1780456752,161.152874
1780456752,141.857290
1780456752,160.654004
1780456752,142.062767
1780456752,156.481058
1780456752,134.302885
1780456752,136.916013
1780456752,134.629727
1780456752,139.388800
1780456752,154.789817
1780456752,168.188527
1780456752,136.385646
1780456752,168.285809
1780456752,168.356624
1780456752,120.888413
1780456752,121.933751
1780456752,164.419157
1780456752,164.523173
1780456752,145.430129
1780456752,164.855847
1780456752,147.079850
1780456752,147.203703
1780456752,147.829956
1780456752,149.637973
1780456752,118.596740
1780456752,119.586956
1780456752,151.577871
1780456752,122.880580
1780456752,152.606773
1780456752,122.735000
1780456752,123.140965
1780456752,152.829056
1780456752,122.702984
1780456752,153.508744
1780456752,108.715144
1780456752,155.299036
1780456752,155.188847
1780456752,112.216026
1780456752,123.034767
1780456752,117.766376
1780456752,117.588731
1780456752,117.920607
1780456752,118.088960
1780456752,139.100842
1780456752,119.956468
1780456752,165.919137
1780456752,139.592791
1780456752,165.965345
1780456752,140.942281
1780456752,143.040467
1780456752,118.790108
1780456752,166.252177
1780456752,123.004993
1780456752,166.150660
1780456752,112.303853
1780456752,162.839869
1780456752,163.085418
1780456752,163.165259
1780456752,163.280238
1780456752,119.104922
1780456752,111.116820
1780456752,162.997629
1780456752,124.474856
1780456752,128.072821
1780456752,124.230691
1780456752,131.816694
1780456752,128.401237
1780456752,128.152695
1780456752,188.365113
1780456752,190.457459
1780456752,185.191632
1780456752,189.059430
1780456752,126.990319
1780456752,188.475922
1780456752,188.920967
1780456752,188.878236
1780456752,124.900337
1780456752,140.209542
1780456752,135.756579
1780456752,130.785791
1780456752,134.424856
1780456752,109.786245
1780456752,109.756034
1780456752,109.670048
1780456752,151.226789
1780456752,122.942047
1780456752,123.140535
1780456752,123.083216
1780456752,149.682360
1780456752,150.558196
1780456752,124.199722
1780456752,192.909806
1780456752,134.870745
1780456752,138.413915
1780456752,151.888504
1780456752,138.522307
1780456752,193.604863
1780456752,149.124264
1780456752,194.027097
1780456752,141.111512
1780456752,169.422968
1780456752,149.410926
1780456752,152.070893
1780456752,149.546396
1780456752,202.580299
1780456752,111.529556
1780456752,111.612266
1780456752,202.285015
1780456752,139.527369
1780456752,193.083818
1780456752,139.027601
1780456752,111.741540
1780456752,142.276866
1780456752,141.132445
1780456752,202.265678
1780456752,139.126346
1780456752,191.785588
1780456752,189.544035
1780456752,120.052442
1780456752,192.697278
1780456752,148.835667
1780456752,142.214410
1780456752,147.289165
1780456752,147.244300
1780456752,193.845303
1780456752,140.084495
1780456752,138.787032
1780456752,141.207745
1780456752,149.436278
1780456752,141.496431
1780456752,147.926474
1780456752,149.509937
1780456752,134.578115
1780456752,189.363272
1780456752,123.127629
1780456752,189.242124
1780456752,191.483729
1780456752,191.343321
1780456752,141.768467
1780456752,141.286379
1780456752,140.609224
1780456752,139.894316
1780456752,140.746103
1780456752,200.823678
1780456752,202.253128
1780456752,204.485957
1780456752,202.825591
1780456752,140.037125
1780456752,205.544442
1780456752,205.686392
1780456752,189.940859
1780456752,135.521151
1780456752,190.920718
1780456752,184.691180
1780456752,136.573662
1780456752,190.728121
1780456752,184.823105
1780456752,140.305076
1780456752,141.128775
1780456752,193.810607
1780456752,185.739794
1780456752,200.891666
1780456752,184.699257
1780456752,142.464017
1780456752,201.154514
1780456752,201.422587
1780456752,112.269889
1780456752,151.140707
1780456752,204.551898
1780456752,150.812034
1780456752,200.785270
1780456752,200.855046
1780456752,150.756897
1780456752,110.197817
1780456752,192.335979
1780456752,193.647883
1780456752,195.090721
1780456752,195.983977
1780456752,195.741075
1780456752,197.867931
1780456752,197.986181
1780456752,200.265290
1780456752,110.428449
1780456752,200.462171
1780456752,116.442803
1780456752,115.400949
1780456752,110.484496
1780456752,115.394769
1780456752,110.817301
1780456752,115.302472
1780456752,116.362001
1780456752,110.734047
1780456752,115.406179
1780456752,115.646278
1780456752,115.638893
1780456752,192.789297
1780456752,189.397979
1780456752,123.372714
1780456752,201.034946
1780456752,198.330983
1780456752,197.664850
1780456752,185.661043
1780456752,196.914765
1780456752,110.373763
1780456752,117.785935
1780456752,117.717156
1780456752,117.699841
1780456752,127.517202
1780456752,117.843087
1780456752,127.609923
1780456752,127.691723
1780456752,117.741072
1780456752,127.864536
1780456752,118.288904
1780456752,128.112512
1780456752,118.075952
1780456752,118.062531
1780456752,183.271401
1780456752,198.798351
1780456752,184.786100
1780456752,201.208443
1780456752,185.487620
1780456752,118.040514
1780456752,198.980299
1780456752,200.395292
1780456752,215.951406
1780456752,214.044081
1780456752,212.036475
1780456752,212.256036
1780456752,213.630809
1780456752,197.986740
1780456752,210.250834
1780456752,213.790897
1780456752,213.465687
1780456752,118.483832
1780456752,110.892709
1780456752,110.512017
1780456752,110.740687
1780456752,110.369895
1780456752,124.434508
1780456752,124.843532
1780456752,110.388658
1780456752,110.867099
1780456752,189.052186
1780456752,112.574358
1780456752,112.198275
1780456752,112.455494
1780456752,112.220820
1780456752,113.404284
1780456752,112.334319
1780456752,115.534554
1780456752,115.954514
1780456752,116.413330
1780456752,118.377892
1780456752,118.279576
1780456752,119.846361
1780456752,120.023067
1780456752,120.067492
1780456752,119.093545
1780456752,119.882834
1780456752,120.005504
1780456752,119.793889
1780456752,120.102201
1780456752,119.881253
1780456752,118.623216
1780456752,118.867752
1780456752,119.064975
1780456752,119.876783
1780456752,120.341919
1780456752,119.784374
1780456752,202.479658
1780456752,200.718410
1780456752,195.751152
1780456752,194.371942
1780456752,189.490346
1780456752,188.077315
1780456752,187.010912
1780456752,133.474923
1780456752,133.486569
1780456752,133.352228
1780456752,124.628181
1780456752,130.281273
1780456752,130.362014
1780456752,133.265170
1780456752,133.461716
1780456752,133.425446
1780456752,133.627855
1780456752,133.755485
1780456752,183.426848
1780456752,117.405567
1780456752,116.107616
1780456752,118.119315
1780456752,191.844150
1780456752,120.293762
1780456752,118.543374
1780456752,207.989535
1780456752,192.548331
1780456752,118.477270
1780456752,210.275310
1780456752,188.458753
1780456752,119.997431
1780456752,121.653917
1780456752,122.517859
1780456752,189.905451
1780456752,120.227324
1780456752,210.649413
1780456752,125.264764
1780456752,191.028261
1780456752,125.345742
1780456752,120.427620
1780456752,131.008564
1780456752,191.162042
1780456752,125.445658
1780456752,191.336056
1780456752,129.914422
1780456752,129.814700
1780456752,131.083710
1780456752,129.809935
1780456752,129.795198
1780456752,131.322434
1780456752,130.672954
1780456752,131.434738
1780456752,132.722321
1780456752,125.093132
1780456752,135.095126
1780456752,135.372888
1780456752,136.530254
1780456752,136.193558
1780456752,130.077785
1780456752,139.077646
1780456752,139.440257
1780456752,138.914241
1780456752,139.612147
1780456752,139.300087
1780456752,139.405141
1780456752,139.527239
1780456752,139.606201
1780456752,138.996656
1780456752,139.701462
1780456752,144.268644
1780456752,144.213764
1780456752,132.818210
1780456752,144.640639
1780456752,144.343572
1780456752,144.494431
1780456752,144.483144
1780456752,144.809445
1780456752,136.282664
1780456752,144.811679
1780456752,144.925014
1780456752,144.329550
1780456752,144.995340
1780456752,145.141538
1780456752,144.317981
1780456752,145.136061
1780456752,144.501961
1780456752,145.285278
1780456752,196.576057
1780456752,223.945766
1780456752,205.749564
1780456752,136.727383
1780456752,137.234787
1780456752,212.029310
1780456752,136.473151
1780456752,205.962532
1780456752,165.368479
1780456752,219.665260
1780456752,171.011748
1780456752,165.416414
1780456752,195.492947
1780456752,194.843199
1780456752,132.651549
1780456752,135.521354
1780456752,134.760367
1780456752,136.878299
1780456752,136.985484
1780456752,221.177841
1780456752,137.570951
1780456752,221.141331
1780456752,137.170836
1780456752,137.708813
1780456752,221.847057
1780456752,137.574891
1780456752,221.937185
1780456752,137.731386
1780456752,222.751933
1780456752,132.996648
1780456752,222.918151
1780456752,134.778252
1780456752,145.167325
1780456752,137.222618
1780456752,222.907939
1780456752,137.806105
1780456752,145.335209
1780456752,137.362490
1780456752,145.560089
1780456752,140.748419
1780456752,149.075684
1780456752,144.473620
1780456752,142.889692
1780456752,148.765945
1780456752,142.901969
1780456752,142.744957
1780456752,140.129510
1780456752,142.239313
1780456752,137.565004
1780456752,142.949166
1780456752,142.814160
1780456752,143.098324
1780456752,142.153889
1780456752,132.747369
1780456752,142.702265
1780456752,127.620505
1780456752,134.268833
1780456752,142.996221
1780456752,140.000585
1780456752,138.489648
1780456752,140.674834
1780456752,128.422751
1780456752,137.904106
1780456752,120.886642
1780456752,126.947278
1780456752,125.141078
1780456752,125.369933
1780456752,140.584638
1780456752,131.346748
1780456752,131.722597
1780456752,138.526192
1780456752,121.375520
1780456752,139.592452
1780456752,141.416436
1780456752,121.500858
1780456752,138.147199
1780456752,130.370658
1780456752,139.020766
1780456752,143.031348
1780456752,140.463126
1780456752,122.306298
1780456752,142.526150
1780456752,130.889168
1780456752,139.834413
1780456752,131.145022
1780456752,122.621671
1780456752,139.056042
1780456752,131.349069
1780456752,129.642863
1780456752,139.676841
1780456752,144.417316
1780456752,141.714290
1780456752,122.938621
1780456752,128.569192
1780456752,148.942535
1780456752,146.758958
1780456752,146.709184
1780456752,145.410693
1780456752,142.075170
1780456752,142.205118
1780456752,142.163486
1780456752,123.604765
1780456752,141.809560
1780456752,145.576140
1780456752,147.502531
1780456752,145.309162
1780456752,147.717219
1780456752,141.848504
1780456752,144.973781
1780456752,141.792360
1780456752,145.449421
1780456752,145.385619
1780456752,145.540870
1780456752,145.798350
1780456752,141.808446
1780456752,141.982959
1780456752,142.107164
1780456752,140.635257
1780456752,142.191906
1780456752,150.447584
1780456752,142.273929
1780456752,135.256100
1780456752,142.560185
1780456752,139.810001
1780456752,142.645177
1780456752,138.602571
1780456752,144.643450
1780456752,149.919422
1780456752,146.023721
1780456752,132.567360
1780456752,144.810364
1780456752,135.336865
1780456752,140.439878
1780456752,132.434660
1780456752,144.953477
1780456752,148.501821
1780456752,132.699190
1780456752,141.445569
1780456752,146.547582
1780456752,147.444520
1780456752,147.114345
1780456752,147.395396
1780456752,147.239278
1780456752,147.976535
1780456752,145.222499
1780456752,147.216768
1780456752,147.330437
1780456752,146.352848
1780456752,146.588121
1780456752,144.359972
1780456752,144.594059
1780456752,144.955041
1780456752,146.157328
1780456752,137.589244
1780456752,127.002441
1780456752,139.701156
1780456752,133.699398
1780456752,133.446383
1780456752,132.515970
1780456752,133.582857
1780456752,133.652750
1780456752,130.619654
1780456752,134.425503
1780456752,142.538462
1780456752,142.750633
1780456752,131.628032
1780456752,143.474274
1780456752,148.566186
1780456752,148.602497
1780456752,136.208245
1780456752,130.819879
1780456752,135.152055
1780456752,135.903715
1780456752,135.898660
1780456752,130.888658
1780456752,136.160901
1780456752,131.116945
1780456752,131.245210
1780456752,144.445698
1780456752,141.230208
1780456752,136.570779
1780456752,142.327823
1780456752,136.869603
1780456752,136.863971
1780456752,138.524786
1780456752,139.251103
1780456752,152.035535
1780456752,139.429962
1780456752,139.225377
1780456752,149.239912
1780456752,137.957015
1780456752,137.874685
1780456752,152.223912
1780456752,139.838806
1780456752,152.541949
1780456752,152.756794
1780456752,150.353791
1780456752,151.096069
1780456752,142.035666
1780456752,141.767857
1780456752,141.558515
1780456752,128.440268
1780456752,128.694075
1780456752,143.721943
1780456752,151.337079
1780456752,123.894209
1780456752,143.353417
1780456752,143.944728
1780456752,143.347958
1780456752,123.289250
1780456752,152.145690
1780456752,121.676179
1780456752,143.182332
1780456752,142.721870
1780456752,121.147499
1780456752,142.767101
1780456752,139.227645
1780456752,152.618590
1780456752,139.462886
1780456752,152.928591
1780456752,139.686217
1780456752,153.735932
1780456752,139.305143
1780456752,152.682926
1780456752,157.451228
1780456752,157.104701
1780456752,156.766500
1780456752,139.277200
1780456752,160.515131
1780456752,142.707416
1780456752,142.886938
1780456752,157.950230
1780456752,136.412338
1780456752,128.366884
1780456752,136.394839
1780456752,131.602361
1780456752,132.898081
1780456752,136.997524
1780456752,139.764815
1780456752,137.863289
1780456752,135.800663
1780456752,140.832683
1780456752,154.226174
1780456752,123.768065
1780456752,131.421614
1780456752,131.893373
1780456752,122.809594
1780456752,144.102665
1780456752,134.960175
1780456752,144.300477
1780456752,135.184850
1780456752,125.289429
1780456752,137.163660
1780456752,137.867545
1780456752,149.980484
1780456752,140.827357
1780456752,132.518440
1780456752,132.634541
1780456752,141.179245
1780456752,132.122672
1780456752,134.809254
1780456752,143.515730
1780456752,133.872083
1780456752,134.073587
1780456752,140.010945
1780456752,148.585869
1780456752,148.629983
1780456752,149.215123
1780456752,149.218967
1780456752,148.554857
1780456752,150.076631
1780456752,148.899754
1780456752,149.959043
1780456752,155.674715
1780456752,152.037792
1780456752,156.067262
1780456752,156.792166
1780456752,157.879845
1780456752,157.314609
1780456752,156.758145
1780456752,156.877528
1780456752,158.013530
1780456752,138.348405
1780456752,161.864324
1780456752,133.573168
1780456752,152.835265
1780456752,140.966259
1780456752,160.406116
1780456752,160.428099
1780456752,159.551116
1780456752,136.914879
1780456752,155.416493
1780456752,136.774642
1780456752,163.217115
1780456752,164.280268
1780456752,170.850956
1780456752,176.488338
1780456752,172.582524
1780456752,176.954204
1780456752,180.696787
1780456752,154.973090
1780456752,171.380589
1780456752,153.815619
1780456752,178.712742
1780456752,176.642206
1780456752,147.545067
1780456752,184.902806
1780456752,140.218913
1780456752,180.966128
1780456752,165.981064
1780456752,185.051464
1780456752,167.416027
1780456752,185.530225
1780456752,147.874549
1780456752,149.914574
1780456752,168.217598
1780456752,168.599877
1780456752,170.335812
1780456752,143.442776
1780456752,168.665330
1780456752,149.147928
1780456752,168.879542
1780456752,160.357684
1780456752,154.274403
1780456752,147.759458
1780456752,176.640628
1780456752,152.380027
1780456752,154.114497
1780456752,156.501847
1780456752,144.779341
1780456752,180.691171
1780456752,162.451964
1780456752,181.487560
1780456752,145.952320
1780456752,159.349604
1780456752,165.680140
1780456752,166.066293
1780456752,156.038330
1780456752,168.224211
1780456752,152.611318
1780456752,168.964586
1780456752,152.965623
1780456752,169.344879
1780456752,183.037199
1780456752,174.018782
1780456752,157.073462
1780456752,170.910517
1780456752,183.986482
1780456752,170.995231
1780456752,158.043413
1780456752,171.282204
1780456752,175.172339
1780456752,173.311043
1780456752,154.648577
1780456752,177.031528
1780456752,155.719233
1780456752,179.003648
1780456752,179.513477
1780456752,179.623182
1780456752,172.700698
1780456752,172.445878
1780456752,149.328836
1780456752,160.440358
1780456752,179.034992
1780456752,171.945086
1780456752,149.748693
1780456752,151.358001
1780456752,169.422413
1780456752,186.630739
1780456752,154.291308
1780456752,179.464987
1780456752,175.946864
1780456752,176.009854
1780456752,161.640272
1780456752,155.032829
1780456752,155.253437
1780456752,170.722035
1780456752,211.785517
1780456752,171.760746
1780456752,212.309653
1780456752,176.791523
1780456752,169.327032
1780456752,159.552574
1780456752,141.840196
1780456752,147.435730
1780456752,170.253683
1780456752,147.785885
1780456752,214.768119
1780456752,151.034002
1780456752,173.081417
1780456752,166.215752
1780456752,167.773577
1780456752,168.083296
1780456752,160.834318
1780456752,168.235590
1780456752,171.397846
1780456752,168.505850
1780456752,167.279273
1780456752,161.588225
1780456752,169.136080
1780456752,149.020221
1780456752,170.756771
1780456752,169.889925
1780456752,177.821539
1780456752,150.734341
1780456752,150.239492
1780456752,180.093344
1780456752,156.210641
1780456752,156.849295
1780456752,156.597501
1780456752,190.507135
1780456752,182.333608
1780456752,157.493607
1780456752,159.275070
1780456752,147.406583
1780456752,219.422674
1780456752,220.342973
1780456752,220.662570
1780456752,178.304373
1780456752,166.305853
1780456752,187.870840
1780456752,188.654834
1780456752,190.221610
1780456752,190.306272
1780456752,158.994161
1780456752,190.463275
1780456752,159.113393
1780456752,170.251494
1780456752,225.348582
1780456752,170.266353
1780456752,215.099757
1780456752,192.002687
1780456752,154.022039
1780456752,160.662835
1780456752,215.460931
1780456752,171.794023
1780456752,165.489419
1780456752,192.155206
1780456752,216.872464
1780456752,171.928691
1780456752,182.737108
1780456752,160.704233
1780456752,217.104147
1780456752,213.464593
1780456752,183.012089
1780456752,187.842684
1780456752,184.262413
1780456752,160.837185
1780456752,219.115730
1780456752,215.442048
1780456752,189.421770
1780456752,161.484526
1780456752,166.836693
1780456752,183.415198
1780456752,220.088544
1780456752,159.375834
1780456752,162.405849
1780456752,220.899707
1780456752,161.483096
1780456752,143.745194
1780456752,184.856343
1780456752,190.171755
1780456752,163.530202
1780456752,170.081445
1780456752,145.769979
1780456752,218.697654
1780456752,147.275007
1780456752,223.364851
1780456752,146.412708
1780456752,166.727103
1780456752,219.176182
1780456752,224.445986
1780456752,151.003918
1780456752,192.534200
1780456752,229.914714
1780456752,221.251925
1780456752,157.001779
1780456752,167.980798
1780456752,168.469190
1780456752,170.157344
1780456752,216.879280
1780456752,203.885970
1780456752,180.575226
1780456752,172.901800
1780456752,222.643816
1780456752,182.485190
1780456752,224.104879
1780456752,229.808685
1780456752,162.612461
1780456752,235.579704
1780456752,238.315528
1780456752,198.233328
1780456752,236.797914
1780456752,230.903257
1780456752,237.004086
1780456752,165.435607
1780456752,231.292380
1780456752,232.562647
1780456752,232.699305
1780456752,235.980795
1780456752,210.331318
1780456752,199.789431
1780456752,237.863406
1780456752,229.893693
1780456752,183.701734
1780456752,203.546648
1780456752,184.365779
1780456752,206.187916
1780456752,207.021267
1780456752,209.128493
1780456752,247.750704
1780456752,202.413731
1780456752,197.272653
1780456752,197.995458
1780456752,179.743744
1780456752,192.878182
1780456752,180.180524
1780456752,203.582016
1780456752,250.608437
1780456752,205.709051
1780456752,188.460752
1780456752,202.875711
1780456752,211.117193
1780456752,211.676113
1780456752,211.353943
1780456752,211.628881
1780456752,211.849550
1780456752,216.942578
1780456752,208.369652
1780456752,226.001597
1780456752,232.379421
1780456752,226.521572
1780456752,232.603202
1780456752,232.690310
1780456752,218.610798
1780456752,193.739309
1780456752,204.162799
1780456752,212.582750
1780456752,216.026667
1780456752,214.233379
1780456752,214.111676
1780456752,239.239997
1780456752,245.062580
1780456752,221.170984
1780456752,246.672637
1780456752,221.806829
1780456752,253.734072
1780456752,219.567153
1780456752,213.814275
1780456752,252.581285
1780456752,253.410931
1780456752,225.573657
1780456752,254.095998
1780456752,229.316829
1780456752,254.566819
1780456752,232.731741
1780456752,256.165521
1780456752,256.639022
1780456752,202.304563
1780456752,250.739915
1780456752,233.740855
1780456752,203.968106
1780456752,258.819863
1780456752,229.479475
1780456752,206.231023
1780456752,207.261391
1780456752,231.578707
1780456752,207.650527
1780456752,208.145126
1780456752,208.559445
1780456752,211.371935
1780456752,270.181647
1780456752,225.903047
1780456752,271.456464
1780456752,230.001853
1780456752,273.847741
1780456752,274.417519
1780456752,274.550160
1780456752,275.411223
1780456752,225.046837
1780456752,245.236627
1780456752,284.886683
1780456752,247.451357
1780456752,247.806477
1780456752,233.852995
1780456752,233.935869
1780456752,228.377227
1780456752,233.973553
1780456752,216.039710
1780456752,245.508725
1780456752,249.146200
1780456752,257.624324
1780456752,242.364256
1780456752,259.104835
1780456752,259.646883
1780456752,235.943834
1780456752,264.625445
1780456752,242.007543
1780456752,274.851606
1780456752,228.801885
1780456752,205.922174
1780456752,256.419232
1780456752,226.623426
1780456752,220.994831
1780456752,221.379779
1780456752,227.076889
1780456752,229.957989
1780456752,234.915570
1780456752,222.247393
1780456752,199.719796
1780456752,218.749408
1780456752,219.112028
1780456752,221.072551
1780456752,244.740405
1780456752,220.103160
1780456752,246.212473
1780456752,206.418073
1780456752,247.663314
1780456752,221.872681
1780456752,247.404193
1780456752,209.842998
1780456752,219.771152
1780456752,275.707168
1780456752,225.464418
1780456752,276.489788
1780456752,211.905914
1780456752,231.577256
1780456752,226.819643
1780456752,277.322404
1780456752,227.020181
1780456752,272.242397
1780456752,227.141303
1780456752,227.564991
1780456752,282.142549
1780456752,213.079251
1780456752,199.199924
1780456752,217.188883
1780456752,227.305318
1780456752,214.906093
1780456752,214.999325
1780456752,215.208307
1780456752,216.499752
1780456752,209.985681
1780456752,243.993411
1780456752,197.668241
1780456752,214.306476
1780456752,210.607085
1780456752,253.071676
1780456752,210.881621
1780456752,200.633144
1780456752,216.808010
1780456752,232.437333
1780456752,216.960828
1780456752,265.882219
1780456752,245.787107
1780456752,218.901071
1780456752,212.166643
1780456752,267.412266
1780456752,267.740098
1780456752,269.003617
1780456752,224.127557
1780456752,226.349057
1780456752,266.224447
1780456752,221.169301
1780456752,221.484885
1780456752,207.756912
1780456752,254.392003
1780456752,243.933427
1780456752,223.416168
1780456752,183.183667
1780456752,220.572973
1780456752,184.602706
1780456752,255.412139
1780456752,222.787813
1780456752,224.016373
1780456752,208.833280
1780456752,254.282547
1780456752,214.595692
1780456752,256.355958
1780456752,279.088653
1780456752,222.333863
1780456752,244.612785
1780456752,253.786641
1780456752,282.571827
1780456752,178.558711
1780456752,223.272183
1780456752,283.004521
1780456752,192.838191
1780456752,283.979735
1780456752,193.404450
1780456752,257.735352
1780456752,237.286520
1780456752,237.115002
1780456752,238.602172
1780456752,259.371566
1780456752,259.487515
1780456752,240.097040
1780456752,270.493442
1780456752,240.161560
1780456752,238.877259
1780456752,269.209355
1780456752,260.883092
1780456752,240.432217
1780456752,259.583146
1780456752,240.308444
1780456752,262.101507
1780456752,241.850173
1780456752,260.047080
1780456752,279.699161
1780456752,295.248818
1780456752,296.613259
1780456752,298.124490
1780456752,190.991468
1780456752,257.019283
1780456752,257.725298
1780456752,192.452503
1780456752,192.448811
1780456752,232.661385
1780456752,193.210000
1780456752,232.795637
1780456752,232.932011
1780456752,193.301261
1780456752,235.538867
1780456752,241.709800
1780456752,236.089734
1780456752,194.041866
1780456752,299.299916
1780456752,243.183262
1780456752,236.594855
1780456752,299.662779
1780456752,243.309605
1780456752,193.595555
1780456752,204.332516
1780456752,244.499556
1780456752,194.266318
1780456752,205.345154
1780456752,246.147474
1780456752,205.416090
1780456752,245.907677
1780456752,203.657392
1780456752,204.893743
1780456752,205.793948
1780456752,194.687562
1780456752,246.820570
1780456752,248.068104
1780456752,243.540479
1780456752,194.685980
1780456752,242.319899
1780456752,248.208418
1780456752,205.234939
1780456752,250.589752
1780456752,246.589035
1780456752,246.279397
1780456752,250.770408
1780456752,256.751887
1780456752,205.423949
1780456752,252.148395
1780456752,205.581691
1780456752,254.843519
1780456752,244.126738
1780456752,205.409115
1780456752,205.848045
1780456752,240.162082
1780456752,192.885446
1780456752,192.987983
1780456752,247.042218
1780456752,206.625514
1780456752,247.299347
1780456752,206.034167
1780456752,240.403253
1780456752,262.422178
1780456752,205.987860
1780456752,206.485339
1780456752,271.969949
1780456752,247.423024
1780456752,263.763672
1780456752,208.059553
1780456752,207.958948
1780456752,264.492503
1780456752,272.392704
1780456752,206.465397
1780456752,244.633865
1780456752,208.219850
1780456752,256.044215
1780456752,206.719947
1780456752,244.710659
1780456752,267.376311
1780456752,230.209489
1780456752,230.539594
1780456752,236.424847
1780456752,237.793369
1780456752,233.155856
1780456752,267.255420
1780456752,242.676932
1780456752,242.818113
1780456752,271.189886
1780456752,257.363478
1780456752,258.146491
1780456752,307.310989
1780456752,216.873343
1780456752,260.924475
1780456752,262.364366
1780456752,307.835097
1780456752,262.433431
1780456752,262.865814
1780456752,243.462403
1780456752,251.336458
1780456752,274.665899
1780456752,268.308630
1780456752,206.064698
1780456752,231.177136
1780456752,206.139473
1780456752,206.263793
1780456752,255.329705
1780456752,231.503297
1780456752,275.272531
1780456752,259.466918
1780456752,260.321152
1780456752,207.998878
1780456752,266.461800
1780456752,277.110517
1780456752,303.027427
1780456752,242.242432
1780456752,286.239830
1780456752,291.184602
1780456752,305.071396
1780456752,260.690581
1780456752,277.837107
1780456752,277.809989
1780456752,278.000703
1780456752,291.818723
1780456752,247.073332
1780456752,270.533760
1780456752,268.854362
1780456752,282.847148
1780456752,280.953152
1780456752,252.018854
1780456752,207.814049
1780456752,205.645609
1780456752,280.120961
1780456752,247.450232
1780456752,286.376815
1780456752,242.599629
1780456752,247.866622
1780456752,264.227783
1780456752,281.909618
1780456752,248.178269
1780456752,297.598951
1780456752,248.633329
1780456752,284.274371
1780456752,284.685578
1780456752,220.690834
1780456752,219.125547
1780456752,260.270509
1780456752,270.640380
1780456752,282.374172
1780456752,260.587268
1780456752,282.325141
1780456752,286.741948
1780456752,260.901377
1780456752,220.338653
1780456752,282.761260
1780456752,287.291168
1780456752,221.244911
1780456752,282.930488
1780456752,220.838109
1780456752,262.619862
1780456752,221.421086
1780456752,263.151111
1780456752,271.373079
1780456752,305.852892
1780456752,247.759820
1780456752,247.791540
1780456752,306.240368
1780456752,238.077244
1780456752,306.274906
1780456752,240.636023
1780456752,238.110945
1780456752,284.708592
1780456752,220.565648
1780456752,306.480670
1780456752,238.305916
1780456752,306.771730
1780456752,235.091772
1780456752,221.319578
1780456752,306.682893
1780456752,112.628578
1780456752,238.496062
1780456752,107.576811
1780456752,305.294482
1780456752,107.213458
1780456752,246.428827
1780456752,248.202283
1780456752,247.087335
1780456752,113.090487
1780456752,130.942446
1780456752,305.776061
1780456752,241.153451
1780456752,131.061659
1780456752,246.735834
1780456752,307.086676
1780456752,131.116559
1780456752,228.726325
1780456752,126.179735
1780456752,241.687591
1780456752,119.138092
1780456752,228.876159
1780456752,288.406325
1780456752,305.890815
1780456752,123.792700
1780456752,247.167016
1780456752,241.562314
1780456752,248.756227
1780456752,229.076068
1780456752,223.241001
1780456752,229.144988
1780456752,248.820796
1780456752,230.427815
1780456752,248.895136
1780456752,229.247844
1780456752,222.549618
1780456752,247.467744
1780456752,223.419389
1780456752,247.687377
1780456752,249.042323
1780456752,247.739857
1780456752,276.822002
1780456752,242.256638
1780456752,268.211247
1780456752,241.995859
1780456752,266.046695
1780456752,242.044519
1780456752,264.520166
1780456752,247.421169
1780456752,265.753878
1780456752,223.768915
1780456752,242.212898
1780456752,266.219649
1780456752,223.828609
1780456752,266.095975
1780456752,224.011504
1780456752,271.012639
1780456752,223.984118
1780456752,187.500834
1780456752,224.061428
1780456752,247.350249
1780456752,187.789474
1780456752,307.932551
1780456752,209.752552
1780456752,247.774172
1780456752,209.711193
1780456752,308.460074
1780456752,308.530616
1780456752,209.712477
1780456752,247.477289
1780456752,209.666086
1780456752,312.330081
1780456752,209.758045
1780456752,231.193683
1780456752,209.896541
1780456752,242.621856
1780456752,209.375391
1780456752,242.810108
1780456752,210.211931
1780456752,242.769096
1780456752,270.892696
1780456752,242.778021
1780456752,272.014596
1780456752,210.865742
1780456752,211.192211
1780456752,243.011127
1780456752,242.978833
1780456752,212.371444
1780456752,252.643566
1780456752,212.770436
1780456752,273.251799
1780456752,253.014342
1780456752,212.545553
1780456752,243.196600
1780456752,257.121333
1780456752,273.894916
1780456752,273.909618
1780456752,243.238082
1780456752,213.055354
1780456752,278.002656
1780456752,277.964945
1780456752,274.194816
1780456752,218.295492
1780456752,213.758859
1780456752,218.330372
1780456752,274.337364
1780456752,278.247230
1780456752,275.648429
1780456752,280.953233
1780456752,215.288364
1780456752,218.229946
1780456752,219.683678
1780456752,219.727676
1780456752,218.396465
1780456752,281.100947
1780456752,218.400125
1780456752,218.685198
1780456752,282.915012
1780456752,218.743309
1780456752,284.348986
1780456752,284.408570
1780456752,275.863960
1780456752,283.083209
1780456752,276.091367
1780456752,220.057731
1780456752,283.220332
1780456752,218.542586
1780456752,242.274034
1780456752,286.091541
1780456752,224.754096
1780456752,286.323251
1780456752,278.258126
1780456752,231.060355
1780456752,218.896062
1780456752,286.070372
1780456752,212.286477
1780456752,212.276606
1780456752,286.208740
1780456752,213.540512
1780456752,231.207193
1780456752,286.656106
1780456752,213.510052
1780456752,231.425545
1780456752,213.612283
1780456752,301.064461
1780456752,189.598046
1780456752,287.882316
1780456752,276.626093
1780456752,231.563824
1780456752,276.563630
1780456752,231.675735
1780456752,189.679722
1780456752,232.851072
1780456752,277.871247
1780456752,303.690695
1780456752,278.619296
1780456752,232.954866
1780456752,278.356785
1780456752,303.199885
1780456752,239.567472
1780456752,224.817007
1780456752,279.101425
1780456752,249.737428
1780456752,239.635249
1780456752,239.707158
1780456752,275.461503
1780456752,239.737114
1780456752,224.887952
1780456752,249.986079
1780456752,298.923751
1780456752,225.266516
1780456752,183.350088
1780456752,250.093031
1780456752,183.536539
1780456752,250.163571
1780456752,183.440385
1780456752,225.524560
1780456752,183.719250
1780456752,183.779682
1780456752,250.184277
1780456752,183.628766
1780456752,225.743630
1780456752,225.884380
1780456752,183.781847
1780456752,250.362358
1780456752,260.417114
1780456752,226.068091
1780456752,170.680042
1780456752,226.051540
1780456752,190.005773
1780456752,309.022598
1780456752,172.112645
1780456752,250.733859
1780456752,190.152571
1780456752,309.218681
1780456752,258.977232
1780456752,225.637136
1780456752,172.415702
1780456752,226.426010
1780456752,261.908639
1780456752,190.241645
1780456752,172.492958
1780456752,311.161865
1780456752,260.549829
1780456752,286.006570
1780456752,184.033524
1780456752,171.111572
1780456752,250.719174
1780456752,190.761977
1780456752,226.566074
1780456752,263.485060
1780456752,226.636938
1780456752,183.923202
1780456752,250.384926
1780456752,171.005919
1780456752,271.588602
1780456752,262.223056
1780456752,250.814197
1780456752,184.223939
1780456752,251.030260
1780456752,171.504089
1780456752,273.552669
1780456752,263.498261
1780456752,226.095793
1780456752,251.155726
1780456752,274.765169
1780456752,262.413018
1780456752,227.272421
1780456752,184.453002
1780456752,225.461769
1780456752,262.461005
1780456752,225.544528
1780456752,172.503258
1780456752,263.745277
1780456752,274.618687
1780456752,172.457078
1780456752,225.725493
1780456752,172.921616
1780456752,225.864518
1780456752,184.529457
1780456752,225.873428
1780456752,265.253495
1780456752,276.687089
1780456752,172.886504
1780456752,227.075020
1780456752,195.907668
1780456752,184.894152
1780456752,251.679551
1780456752,173.182359
1780456752,250.977774
1780456752,173.268688
1780456752,184.988177
1780456752,226.298244
1780456752,185.108696
1780456752,274.710768
1780456752,251.580773
1780456752,226.437549
1780456752,225.732420
1780456752,251.472894
1780456752,185.016761
1780456752,251.340315
1780456752,185.328948
1780456752,226.821814
1780456752,226.466627
1780456752,268.991697
1780456752,185.336717
1780456752,268.744595
1780456752,185.944330
1780456752,226.611028
1780456752,227.101073
1780456752,222.715594
1780456752,226.959095
1780456752,252.353221
1780456752,227.607371
1780456752,281.129376
1780456752,251.465624
1780456752,173.239317
1780456752,169.055953
1780456752,264.708487
1780456752,267.413715
1780456752,167.709384
1780456752,185.468512
1780456752,196.662523
1780456752,196.742669
1780456752,167.809291
1780456752,196.812828
1780456752,251.740619
1780456752,196.843992
1780456752,251.846217
1780456752,197.208101
1780456752,167.610817
1780456752,251.986214
1780456752,227.139522
1780456752,171.748492
1780456752,226.843819
1780456752,252.042684
1780456752,227.028221
1780456752,197.384912
1780456752,252.169231
1780456752,172.664610
1780456752,252.271318
1780456752,173.079105
1780456752,252.316307
1780456752,173.193265
1780456752,230.134516
1780456752,173.006917
1780456752,266.635719
1780456752,252.441883
1780456752,219.173475
1780456752,173.407286
1780456752,230.494780
1780456752,234.495305
1780456752,265.396845
1780456752,252.696082
1780456752,266.812357
1780456752,174.336133
1780456752,281.071326
1780456752,234.629060
1780456752,173.175152
1780456752,174.914704
1780456752,234.615342
1780456752,234.724150
1780456752,174.280659
1780456752,174.528358
1780456752,174.810016
1780456752,234.790341
1780456752,163.764737
1780456752,236.191220
1780456752,174.492882
1780456752,174.741538
1780456752,174.968532
1780456752,234.919543
1780456752,170.653185
1780456752,174.748300
1780456752,171.355663
1780456752,235.016298
1780456752,171.470053
1780456752,164.310310
1780456752,253.349565
1780456752,171.566303
1780456752,174.736441
1780456752,171.672580
1780456752,164.758712
1780456752,144.651201
1780456752,146.845060
1780456752,253.518921
1780456752,149.640201
1780456752,174.952659
1780456752,145.374047
1780456752,145.702377
1780456752,165.235907
1780456752,145.951819
1780456752,253.659401
1780456752,147.361155
1780456752,170.324273
1780456752,147.446424
1780456752,253.760840
1780456752,230.935142
1780456752,165.453113
1780456752,147.664332
1780456752,175.441660
1780456752,150.261878
1780456752,229.990475
1780456752,147.895629
1780456752,171.508395
1780456752,150.865238
1780456752,181.421002
1780456752,150.613732
1780456752,181.623847
1780456752,151.795634
1780456752,181.617001
1780456752,216.430040
1780456752,181.715257
1780456752,157.459128
1780456752,181.815805
1780456752,229.853741
1780456752,182.448140
1780456752,254.213593
1780456752,157.438978
1780456752,182.467483
1780456752,216.646186
1780456752,254.334920
1780456752,217.899500
1780456752,254.378069
1780456752,159.487666
1780456752,254.436862
1780456752,231.697858
1780456752,191.759835
1780456752,255.544565
1780456752,216.813155
1780456752,255.603843
1780456752,176.114089
1780456752,258.458760
1780456752,253.704367
1780456752,255.740355
1780456752,168.897867
1780456752,191.972048
1780456752,218.333161
1780456752,192.060405
1780456752,218.356027
1780456752,191.877033
1780456752,176.317848
1780456752,182.162079
1780456752,219.091769
1780456752,192.895088
1780456752,218.624540
1780456752,255.900478
1780456752,161.102761
1780456752,182.997431
1780456752,169.805741
1780456752,171.583099
1780456752,219.307938
1780456752,183.101537
1780456752,161.403583
1780456752,182.415508
1780456752,169.947945
1780456752,182.287786
1780456752,176.627969
1780456752,263.305263
1780456752,161.371584
1780456752,264.542894
1780456752,219.662928
1780456752,182.417185
1780456752,167.898484
1780456752,182.445121
1780456752,161.913715
1780456752,168.742214
1780456752,254.237861
1780456752,192.292121
1780456752,229.884796
1780456752,219.199045
1780456752,237.877626
1780456752,230.071095
1780456752,254.716120
1780456752,229.924631
1780456752,230.684012
1780456752,221.987146
1780456752,230.829165
1780456752,219.055348
1780456752,230.904123
1780456752,230.495123
1780456752,231.268560
1780456752,231.126498
1780456752,232.292417
1780456752,230.785944
1780456752,232.364210
1780456752,230.283363
1780456752,232.722023
1780456752,231.350950
1780456752,149.057587
1780456752,230.540454
1780456752,254.838556
1780456752,230.652487
1780456752,220.273942
1780456752,199.635106
1780456752,162.497925
1780456752,230.749996
1780456752,224.617763
1780456752,230.127488
1780456752,164.011156
1780456752,164.174982
1780456752,164.450591
1780456752,255.574743
1780456752,224.745039
1780456752,165.504391
1780456752,224.964693
1780456752,165.210945
1780456752,254.895669
1780456752,164.867762
1780456752,175.308993
1780456752,153.892354
1780456752,183.329379
1780456752,166.034335
1780456752,222.077870
1780456752,172.275999
1780456752,153.833234
1780456752,169.277205
1780456752,140.118147
1780456752,146.412525
1780456752,140.034818
1780456752,146.810653
1780456752,140.128364
1780456752,143.078110
1780456752,147.418043
1780456752,127.360176
1780456752,143.709127
1780456752,153.658131
1780456752,139.972240
1780456752,147.706533
1780456752,148.048330
1780456752,154.071261
1780456752,153.085200
1780456752,155.680197
1780456752,150.086326
1780456752,148.996311
1780456752,150.031188
1780456752,149.723509
1780456752,150.219918
1780456752,156.021422
1780456752,159.894781
1780456752,149.982196
1780456752,156.333518
1780456752,150.429733
1780456752,172.616498
1780456752,150.519924
1780456752,172.672363
1780456752,152.625310
1780456752,310.087273
1780456752,140.365154
1780456752,231.080362
1780456752,140.485013
1780456752,140.374814
1780456752,155.019360
1780456752,139.344984
1780456752,160.066980
1780456752,140.644108
1780456752,133.454879
1780456752,149.093846
1780456752,140.840214
1780456752,128.278224
1780456752,225.927730
1780456752,154.137121
1780456752,140.790036
1780456752,160.493890
1780456752,155.625970
1780456752,133.033660
1780456752,155.247854
1780456752,140.766924
1780456752,154.372644
1780456752,155.857895
1780456752,160.646313
1780456752,155.080846
1780456752,153.706753
1780456752,162.199005
1780456752,162.364460
1780456752,154.833147
1780456752,111.678600
1780456752,111.898190
1780456752,112.171032
1780456752,123.138990
1780456752,122.641683
1780456752,122.918844
1780456752,123.740177
1780456752,126.207900
1780456752,126.583550
1780456752,111.636295
1780456752,111.856509
1780456752,111.943574
1780456752,111.772383
1780456752,109.681473
1780456752,109.641179
1780456752,108.918611
1780456752,120.241735
1780456752,120.305057
1780456752,113.415340
1780456752,113.364527
1780456752,113.389382
1780456752,113.370987
1780456752,120.070610
1780456752,113.696650
1780456752,113.712419
1780456752,110.371996
1780456752,127.779551
1780456752,130.761142
1780456752,131.296552
1780456752,130.907004
1780456752,129.995544
1780456752,129.666922
1780456752,127.635975
1780456752,131.005892
1780456752,117.306732
1780456752,131.869807
1780456752,116.885860
1780456752,131.906047
1780456752,111.713542
1780456752,113.866836
1780456752,113.219284
1780456752,112.347781
1780456752,113.228033
1780456752,112.227635
1780456752,110.828469
1780456752,104.154840
1780456752,114.608480
1780456752,131.823823
1780456752,110.587438
1780456752,118.718156
1780456752,112.077307
1780456752,104.468252
1780456752,132.296173
1780456752,118.803312
1780456752,104.527579
1780456752,104.560567
1780456752,133.741101
1780456752,133.899871
1780456752,134.055145
1780456752,131.106508
1780456752,134.079793
1780456752,133.547673
1780456752,134.034842
1780456752,135.200475
1780456752,133.286800
1780456752,133.768529
1780456752,131.740038
1780456752,131.319143
1780456752,136.597550
1780456752,136.509494
1780456752,136.737591
1780456752,143.831281
1780456752,136.692988
1780456752,143.114801
1780456752,143.846448
1780456752,123.710371
1780456752,136.935767
1780456752,136.931212
1780456752,136.838049
1780456752,136.725014
1780456752,136.363937
1780456752,135.872698
1780456752,133.352900
1780456752,132.839601
1780456752,132.595823
1780456752,131.147657
1780456752,128.258346
1780456752,127.622148
1780456752,127.385783
1780456752,129.583078
1780456752,126.061752
1780456752,146.523116
1780456752,126.043658
1780456752,146.270298
1780456752,127.971893
1780456752,127.100123
1780456752,117.874157
1780456752,138.947911
1780456752,130.661335
1780456752,119.411815
1780456752,147.339237
1780456752,119.171784
1780456752,119.033243
1780456752,119.214661
1780456752,147.274522
1780456752,120.152482
1780456752,140.627422
1780456752,119.162867
1780456752,118.023854
1780456752,114.576236
1780456752,119.474268
1780456752,119.335798
1780456752,135.934784
1780456752,134.732875
1780456752,148.736234
1780456752,119.271906
1780456752,118.333717
1780456752,120.873637
1780456752,118.179948
1780456752,117.856445
1780456752,122.375692
1780456752,117.705754
1780456752,120.944312
1780456752,117.253451
1780456752,121.561112
1780456752,117.010639
1780456752,134.604431
1780456752,115.896945
1780456752,121.055887
1780456752,122.379059
1780456752,139.058095
1780456752,119.891842
1780456752,114.041615
1780456752,122.563041
1780456752,122.822411
1780456752,135.000079
1780456752,119.800319
1780456752,113.664613
1780456752,150.682311
1780456752,106.179193
1780456752,113.543501
1780456752,119.583843
1780456752,105.205721
1780456752,140.538095
1780456752,113.556769
1780456752,119.090688
1780456752,106.187136
1780456752,118.915219
1780456752,107.408807
1780456752,118.681026
1780456752,105.558735
1780456752,118.271148
1780456752,135.885426
1780456752,118.261596
1780456752,142.877363
1780456752,144.618493
1780456752,143.749836
1780456752,143.443770
1780456752,136.928359
1780456752,136.351787
1780456752,114.604720
1780456752,114.044149
1780456752,113.787311
1780456752,114.109530
1780456752,147.319557
1780456752,147.332944
1780456752,113.425197
1780456752,113.113921
1780456752,113.423388
1780456752,147.459709
1780456752,119.703178
1780456752,112.178097
1780456752,119.014902
1780456752,122.293845
1780456752,147.568782
1780456752,145.197146
1780456752,121.526714
1780456752,115.797054
1780456752,172.690485
1780456752,117.742620
1780456752,111.365762
1780456752,179.712738
1780456752,151.633711
1780456752,111.965903
1780456752,130.523391
1780456752,175.150723
1780456752,174.569572
1780456752,116.742022
1780456752,175.396477
1780456752,129.112994
1780456752,175.273052
1780456752,127.625131
1780456752,161.752590
1780456752,162.505375
1780456752,132.040905
1780456752,162.490843
1780456752,105.537015
1780456752,122.400663
1780456752,105.685373
1780456752,162.466097
1780456752,162.241987
1780456752,118.611050
1780456752,163.323279
1780456752,128.068038
1780456752,161.243232
1780456752,160.784838
1780456752,155.162848
1780456752,154.914778
1780456752,155.145689
1780456752,154.939864
1780456752,154.878634
1780456752,150.379049
1780456752,155.926282
1780456752,153.287852
1780456752,153.061438
1780456752,135.611614
1780456752,135.545325
1780456752,149.419607
1780456752,155.606629
1780456752,146.933992
1780456752,135.541294
1780456752,135.401130
1780456752,135.419704
1780456752,135.365254
1780456752,135.446082
1780456752,156.079730
1780456752,156.077645
1780456752,163.576448
1780456752,156.586990
1780456752,135.743719
1780456752,157.538565
1780456752,108.692048
1780456752,136.494020
1780456752,135.404922
1780456752,135.878495
1780456752,130.212161
1780456752,136.117897
1780456752,155.911475
1780456752,158.001106
1780456752,105.628432
1780456752,108.955822
1780456752,154.213761
1780456752,133.834034
1780456752,111.911391
1780456752,136.124905
1780456752,129.041606
1780456752,111.309986
1780456752,112.506963
1780456752,129.362290
1780456752,111.190110
1780456752,151.651105
1780456752,111.323529
1780456752,125.976342
1780456752,112.168947
1780456752,112.247178
1780456752,130.073618
1780456752,129.717980
1780456752,126.770821
1780456752,149.724154
1780456752,113.748273
1780456752,160.454705
1780456752,148.764617
1780456752,114.615263
1780456752,114.543434
1780456752,128.841263
1780456752,122.937160
1780456752,128.313935
1780456752,137.520863
1780456752,115.116791
1780456752,127.452266
1780456752,129.511869
1780456752,115.265817
1780456752,115.070962
1780456752,115.165259
1780456752,127.762052
1780456752,115.251266
1780456752,113.904509
1780456752,114.762233
1780456752,115.556288
1780456752,114.452999
1780456752,129.036059
1780456752,128.911883
1780456752,128.945058
1780456752,161.241375
1780456752,114.326227
1780456752,128.489881
1780456752,160.131029
1780456752,128.777524
1780456752,126.639096
1780456752,139.858406
1780456752,115.434359
1780456752,118.040039
1780456752,118.169065
1780456752,111.838334
1780456752,139.746440
1780456752,116.170215
1780456752,116.317354
1780456752,117.771682
1780456752,115.561457
1780456752,117.718809
1780456752,128.932515
1780456752,117.687792
1780456752,157.456657
1780456752,113.207672
1780456752,129.036077
1780456752,111.398438
1780456752,118.377831
1780456752,128.758945
1780456752,118.367848
1780456752,127.693229
1780456752,118.377820
1780456752,128.956376
1780456752,119.701885
1780456752,129.524610
1780456752,112.608582
1780456752,118.442200
1780456752,112.384634
1780456752,118.375629
1780456752,142.794067
1780456752,118.147705
1780456752,118.014731
1780456752,118.250996
1780456752,117.944004
1780456752,118.400346
1780456752,118.104581
1780456752,118.269477
1780456752,121.339324
1780456752,121.276757
1780456752,104.256556
1780456752,103.582082
1780456752,115.123032
1780456752,102.704566
1780456752,104.236596
1780456752,104.545076
1780456752,108.242883
1780456752,104.444841
1780456752,120.942093
1780456752,106.453150
1780456752,121.028472
1780456752,103.953997
1780456752,108.916434
1780456752,108.453648
1780456752,104.627278
1780456752,105.188400
1780456752,121.606710
1780456752,121.728506
1780456752,123.421763
1780456752,135.256163
1780456752,136.103224
1780456752,125.546000
1780456752,122.467543
1780456752,109.047088
1780456752,135.981452
1780456752,109.267689
1780456752,102.996906
1780456752,119.997978
1780456752,135.969547
1780456752,108.706385
1780456752,123.188945
1780456752,108.983687
1780456752,123.209674
1780456752,126.635327
1780456752,135.989279
1780456752,118.832409
1780456752,147.374308
1780456752,103.504534
1780456752,120.237316
1780456752,108.840415
1780456752,103.646859
1780456752,169.687981
1780456752,107.220895
1780456752,110.002354
1780456752,136.211548
1780456752,103.336562
1780456752,135.874930
1780456752,103.884971
1780456752,121.099129
1780456752,103.127568
1780456752,120.103386
1780456752,103.622978
1780456752,121.216258
1780456752,142.086460
1780456752,140.946767
1780456752,127.340799
1780456752,127.421851
1780456752,127.413244
1780456752,138.186171
1780456752,139.274326
1780456752,127.560294
1780456752,127.524467
1780456752,127.554538
1780456752,127.602024
1780456752,127.566319
1780456752,127.612763
1780456752,127.585764
1780456752,127.615862
1780456752,162.561194
1780456752,127.791934
1780456752,127.816120
1780456752,115.997609
1780456752,127.958322
1780456752,127.997553
1780456752,127.885975
1780456752,128.098036
1780456752,128.028696
1780456752,115.887044
1780456752,127.999169
1780456752,128.024223
1780456752,128.241176
1780456752,128.238549
1780456752,128.181276
1780456752,128.146083
1780456752,115.375876
1780456752,128.061110
1780456752,131.434994
1780456752,115.200180
1780456752,114.985086
1780456752,128.218983
1780456752,114.639501
1780456752,115.017651
1780456752,114.686589
1780456752,129.024216
1780456752,113.687096
1780456752,114.044496
1780456752,123.915390
1780456752,123.762452
1780456752,118.523074
1780456752,113.493057
1780456752,113.604518
1780456752,114.781363
1780456752,113.471383
1780456752,103.762688
1780456752,106.746007
1780456752,106.694974
1780456752,106.854263
1780456752,107.398292
1780456752,105.522919
1780456752,107.607641
1780456752,107.108993
1780456752,105.007114
1780456752,104.304815
1780456752,104.322479
1780456752,103.873052
1780456752,103.701546
1780456752,103.218081
1780456752,108.163028
1780456752,103.353633
1780456752,103.424564
1780456752,107.268295
1780456752,109.264900
1780456752,108.812851
1780456752,109.067501
1780456752,107.639764
1780456752,109.189576
1780456752,110.246863
1780456752,108.354419
1780456752,103.535216
1780456752,110.269709
1780456752,104.332298
1780456752,110.163135
1780456752,110.586196
1780456752,107.767592
1780456752,109.987221
1780456752,110.226810
1780456752,107.515216
1780456752,107.273614
1780456752,103.139824
1780456752,110.829242
1780456752,109.313143
1780456752,110.273467
1780456752,107.134435
1780456752,141.246705
1780456752,141.471603
1780456752,106.310730
1780456752,141.463118
1780456752,141.452320
1780456752,106.974108
1780456752,107.170272
1780456752,142.158044
1780456752,106.969912
1780456752,107.048434
1780456752,105.923807
1780456752,142.645851
1780456752,108.853864
1780456752,108.409773
1780456752,106.456162
1780456752,105.326830
1780456752,105.703710
1780456752,141.419141
1780456752,143.687560
1780456752,105.554057
1780456752,105.410744
1780456752,126.629207
1780456752,105.571531
1780456752,144.439417
1780456752,104.953135
1780456752,104.451363
1780456752,105.120640
1780456752,104.567382
1780456752,105.172303
1780456752,127.822782
1780456752,127.920827
1780456752,145.367685
1780456752,127.764736
1780456752,106.090036
1780456752,129.438708
1780456752,104.578196
1780456752,103.664201
1780456752,104.293298
1780456752,103.839280
1780456752,104.185407
1780456752,104.104913
1780456752,107.712890
1780456752,107.566016
1780456752,129.742552
1780456752,106.031739
1780456752,106.387202
1780456752,130.418785
1780456752,136.800912
1780456752,130.751124
1780456752,105.969297
1780456752,117.762331
1780456752,117.765163
1780456752,104.948467
1780456752,107.986502
1780456752,114.367861
1780456752,116.550557
1780456752,131.917499
1780456752,117.246406
1780456752,117.576609
1780456752,131.777973
1780456752,118.762177
1780456752,118.566460
1780456752,115.634326
1780456752,119.328050
1780456752,115.915398
1780456752,119.880785
1780456752,119.099472
1780456752,120.000393
1780456752,114.098107
1780456752,120.383520
1780456752,119.446743
1780456752,118.702309
1780456752,119.808309
1780456752,114.664034
1780456752,114.298539
1780456752,120.808629
1780456752,116.168955
1780456752,121.042142
1780456752,116.167198
1780456752,132.034491
1780456752,116.284039
1780456752,120.792002
1780456752,127.642500
1780456752,132.320055
1780456752,132.306939
1780456752,118.473931
1780456752,131.934376
1780456752,132.260772
1780456752,132.007665
1780456752,132.513872
1780456752,132.126722
1780456752,132.633563
1780456752,132.506358
1780456752,118.771127
1780456752,132.145737
1780456752,118.365896
1780456752,132.270630
1780456752,132.441465
1780456752,104.958678
1780456752,104.335993
1780456752,124.484548
1780456752,124.206867
1780456752,123.976218
1780456752,122.572030
1780456752,121.141868
1780456752,108.165217
1780456752,119.981218
1780456752,113.162332
1780456752,117.345181
1780456752,109.260758
1780456752,112.559148
1780456752,135.810948
1780456752,114.226734
1780456752,113.771197
1780456752,113.278186
1780456752,115.912348
1780456752,109.518606
1780456752,118.149061
1780456752,110.701608
1780456752,110.939184
1780456752,111.831244
1780456752,112.568671
1780456752,115.654243
1780456752,108.217559
1780456752,114.324758
1780456752,114.674983
1780456752,113.339952
1780456752,114.492414
1780456752,114.805346
1780456752,114.580502
1780456752,113.386712
1780456752,114.501301
1780456752,114.699155
1780456752,113.510915
1780456752,107.788464
1780456752,103.086242
1780456752,108.980854
1780456752,116.220115
1780456752,116.036036
1780456752,116.226400
1780456752,116.027705
1780456752,116.136290
1780456752,116.435884
1780456752,116.494401
1780456752,116.136747
1780456752,116.421067
1780456752,106.134063
1780456752,110.236093
1780456752,108.817598
1780456752,108.867238
1780456752,109.190016
1780456752,109.307707
1780456752,109.448426
1780456752,108.854497
1780456752,114.596407
1780456752,122.047288
1780456752,121.958077
1780456752,120.833377
1780456752,114.801495
1780456752,113.652968
1780456752,115.919971
1780456752,113.688164
1780456752,110.374679
1780456752,110.062998
1780456752,137.529789
1780456752,116.335815
1780456752,139.867022
1780456752,136.626946
1780456752,116.395288
1780456752,116.485344
1780456752,110.341349
1780456752,115.245514
1780456752,115.366839
1780456752,114.141646
1780456752,116.561813
1780456752,115.360674
1780456752,116.662450
1780456752,117.848047
1780456752,115.477867
1780456752,114.065101
1780456752,102.646111
1780456752,102.549231
1780456752,102.811773
1780456752,102.965783
1780456752,102.957188
1780456752,103.144135
1780456752,102.829429
1780456752,103.493428
1780456752,104.132917
1780456752,102.724842
1780456752,104.624636
1780456752,104.602973
1780456752,105.333797
1780456752,105.478752
1780456752,104.908926
1780456752,105.070240
1780456752,104.436453
1780456752,105.089106
1780456752,104.531181
1780456752,104.072257
1780456752,120.855481
1780456752,119.783130
1780456752,118.342014
1780456752,119.336299
1780456752,108.439220
1780456752,108.446437
1780456752,118.258045
1780456752,117.854098
1780456752,104.568567
1780456752,105.941639
1780456752,107.285294
1780456752,108.215172
1780456752,104.325870
1780456752,118.179116
1780456752,105.450078
1780456752,104.503256
1780456752,103.365661
1780456752,105.427226
1780456752,103.649393
1780456752,105.182996
1780456752,104.622885
1780456752,103.366195
1780456752,104.547990
1780456752,108.751655
1780456752,102.641751
1780456752,105.021596
1780456752,109.246083
1780456752,101.949573
1780456752,105.131142
1780456752,105.233864
1780456752,103.892441
1780456752,105.459821
1780456752,103.560794
1780456752,105.739821
1780456752,103.846439
1780456752,104.772973
1780456752,103.433838
1780456752,104.204363
1780456752,107.982267
1780456752,107.950298
1780456752,108.273009
1780456752,108.546676
1780456752,104.343606
1780456752,104.939322
1780456752,108.288079
1780456752,107.418649
1780456752,105.245119
1780456752,103.314058
1780456752,108.853151
1780456752,107.215659
1780456752,105.794602
1780456752,108.890027
1780456752,108.627510
1780456752,107.305961
1780456752,106.700139
1780456752,108.758527
1780456752,105.773645
1780456752,110.741173
1780456752,110.505029
1780456752,109.522387
1780456752,110.158388
1780456752,108.578058
1780456752,109.189441
1780456752,106.334444
1780456752,102.853764
1780456752,105.711146
1780456752,108.612569
1780456752,108.971600
1780456752,109.109389
1780456752,108.045711
1780456752,104.524396
1780456752,102.978314
1780456752,103.250976
1780456752,103.389782
1780456752,104.931220
1780456752,104.509348
1780456752,103.302497
1780456752,103.356057
1780456752,105.026593
1780456752,103.023641
1780456752,105.576101
1780456752,113.882994
1780456752,105.352367
1780456752,104.947953
1780456752,104.727445
1780456752,104.670881
1780456752,104.774733
1780456752,105.710319
1780456752,105.807000
1780456752,105.536307
1780456752,106.680758
1780456752,104.620363
1780456752,105.439355
1780456752,104.918806
1780456752,105.618167
1780456752,107.093737
1780456752,105.992293
1780456752,105.498140
1780456752,102.576357
1780456752,102.676930
1780456752,102.879684
1780456752,102.888637
1780456752,102.960984
1780456752,103.126088
1780456752,103.209212
1780456752,103.236419
1780456752,103.240321
1780456752,103.376745
1780456752,103.526949
1780456752,103.543659
1780456752,103.672767
1780456752,102.503587
1780456752,104.344499
1780456752,103.300650
1780456752,103.377600
1780456752,104.706517
1780456752,103.415929
1780456752,103.689389
1780456752,103.979394
1780456752,103.716932
1780456752,104.112762
1780456752,103.160762
1780456752,104.184377
1780456752,103.121939
1780456752,104.605524
1780456752,104.547839
1780456752,103.304288
1780456752,104.549316
1780456752,104.416795
1780456752,105.058772
1780456752,105.057259
1780456752,105.182314
1780456752,104.782280
1780456752,104.170063
1780456752,104.879816
1780456752,104.341408
1780456752,105.778630
1780456752,104.448788
1780456752,105.173580
1780456752,105.897921
1780456752,105.286047
1780456752,105.987528
1780456752,106.110012
1780456752,104.856767
1780456752,105.650657
1780456752,106.512562
1780456752,105.672076
1780456752,106.532453
1780456752,106.465205
1780456752,106.663847
1780456752,106.910416
1780456752,106.796565
1780456752,106.144956
1780456752,106.599797
1780456752,107.672593
1780456752,107.807234
1780456752,107.885761
1780456752,108.014958
1780456752,106.133589
1780456752,107.498186
1780456752,107.990228
1780456752,104.058482
1780456752,107.679557
1780456752,108.096297
1780456752,107.893952
1780456752,107.585972
1780456752,108.773661
1780456752,107.852929
1780456752,107.774608
1780456752,109.080820
1780456752,106.414965
1780456752,104.486838
1780456752,109.734334
1780456752,108.717229
1780456752,109.814753
1780456752,105.349642
1780456752,103.735893
1780456752,109.915376
1780456752,110.256309
1780456752,110.175268
1780456752,110.227178
1780456752,109.905785
1780456752,109.576969
1780456752,109.931882
1780456752,102.520556
1780456752,110.723648
1780456752,105.155647
1780456752,104.441056
1780456752,111.362143
1780456752,106.820224
1780456752,104.753103
1780456752,112.536256
1780456752,108.542302
1780456752,107.684521
1780456752,106.822537
1780456752,105.858638
1780456752,105.563843
1780456752,105.960998
1780456752,105.200241
1780456752,106.964490
1780456752,106.076969
1780456752,105.259163
1780456752,107.971529
1780456752,105.799861
1780456752,105.245259
1780456752,114.779426
1780456752,114.216224
1780456752,114.328836
1780456752,114.521687
1780456752,109.608800
1780456752,114.658459
1780456752,104.620168
1780456752,114.886199
1780456752,115.164461
1780456752,106.913573
1780456752,115.133208
1780456752,108.121677
1780456752,110.108367
1780456752,107.025924
1780456752,106.168393
1780456752,111.450880
1780456752,117.282870
1780456752,111.449304
1780456752,117.661312
1780456752,113.288685
1780456752,117.471502
1780456752,115.058537
1780456752,105.878147
1780456752,117.645654
1780456752,106.918331
1780456752,117.542597
1780456752,114.072793
1780456752,117.784941
1780456752,104.560638
1780456752,113.439034
1780456752,104.982124
1780456752,104.712838
1780456752,104.973511
1780456752,104.978544
1780456752,105.435848
1780456752,112.757139
1780456752,111.506312
1780456752,111.537110
1780456752,105.698281
1780456752,111.486930
1780456752,105.751279
1780456752,112.881102
1780456752,111.825947
1780456752,111.880550
1780456752,104.597757
1780456752,105.514161
1780456752,105.625219
1780456752,105.476895
1780456752,111.883116
1780456752,104.497386
1780456752,104.679243
1780456752,104.522286
1780456752,111.402585
1780456752,103.326650
1780456752,111.403375
1780456752,104.617040
1780456752,111.583225
1780456752,104.656835
1780456752,104.817058
1780456752,105.060072
1780456752,103.565257
1780456752,104.356860
1780456752,104.814993
1780456752,105.234988
1780456752,104.935391
1780456752,105.093018
1780456752,105.190694
1780456752,105.008419
1780456752,104.474567
1780456752,104.755955
1780456752,105.479451
1780456752,108.587571
1780456752,105.002171
1780456752,104.756348
1780456752,105.117854
1780456752,104.913338
1780456752,104.826484
1780456752,104.412624
1780456752,104.964296
1780456752,105.827354
1780456752,105.142105
1780456752,104.988484
1780456752,105.756461
1780456752,104.084812
1780456752,105.756878
1780456752,104.872490
1780456752,107.144194
1780456752,106.745393
1780456752,107.544612
1780456752,106.099405
1780456752,104.926960
1780456752,106.768430
1780456752,107.337454
1780456752,104.978091
1780456752,106.695753
1780456752,106.430910
1780456752,106.364144
1780456752,104.316912
1780456752,106.250915
1780456752,106.519374
1780456752,107.468022
1780456752,105.707794
1780456752,107.042852
1780456752,108.341344
1780456752,107.819318
1780456752,108.556485
1780456752,107.518995
1780456752,104.177310
1780456752,107.499942
1780456752,109.653203
1780456752,108.447855
1780456752,110.988386
1780456752,110.920761
1780456752,108.651253
1780456752,108.274268
1780456752,111.169120
1780456752,103.897203
1780456752,108.756410
1780456752,108.812456
1780456752,110.890323
1780456752,110.685557
1780456752,112.178734
1780456752,103.372987
1780456752,110.272907
1780456752,110.460798
1780456752,109.716049
1780456752,108.828753
1780456752,111.797902
1780456752,111.372191
1780456752,108.603207
1780456752,108.240983
1780456752,110.056174
1780456752,105.201780
1780456752,111.170790
1780456752,109.561840
1780456752,110.761413
1780456752,104.545798
1780456752,112.376329
1780456752,112.884029
1780456752,105.027981
1780456752,104.220393
1780456752,105.223922
1780456752,113.767512
1780456752,113.655831
1780456752,107.401570
1780456752,107.292169
1780456752,115.374066
1780456752,113.957990
1780456752,107.153712
1780456752,107.948461
1780456752,114.408811
1780456752,112.603626
1780456752,111.222701
1780456752,114.927468
1780456752,113.005039
1780456752,107.819337
1780456752,115.596319
1780456752,109.640479
1780456752,111.489695
1780456752,115.776923
1780456752,111.633257
1780456752,118.872119
1780456752,112.987825
1780456752,112.923962
1780456752,112.872725
1780456752,112.236053
1780456752,113.007970
1780456752,110.939374
1780456752,114.726231
1780456752,119.458504
1780456752,113.740487
1780456752,113.098202
1780456752,113.017428
1780456752,119.882085
1780456752,114.168818
1780456752,114.045916
1780456752,121.241936
1780456752,118.798506
1780456752,112.496660
1780456752,121.257085
1780456752,114.502274
1780456752,120.762996
1780456752,112.761574
1780456752,114.510717
1780456752,112.784104
1780456752,121.644632
1780456752,116.996733
1780456752,121.748895
1780456752,122.286451
1780456752,122.463082
1780456752,121.914612
1780456752,115.050441
1780456752,115.265802
1780456752,115.048134
1780456752,123.663965
1780456752,122.592483
1780456752,115.452206
1780456752,121.510898
1780456752,122.339675
1780456752,122.667710
1780456752,115.747162
1780456752,113.154137
1780456752,122.860589
1780456752,121.146340
1780456752,123.381021
1780456752,124.995204
1780456752,122.959870
1780456752,124.827793
1780456752,122.032692
1780456752,119.676255
1780456752,117.525290
1780456752,126.024934
1780456752,118.137389
1780456752,126.133190
1780456752,122.974505
1780456752,123.551070
1780456752,123.017444
1780456752,126.265591
1780456752,116.955067
1780456752,123.761081
1780456752,117.731602
1780456752,117.835092
1780456752,117.069160
1780456752,117.769541
1780456752,126.062252
1780456752,124.258556
1780456752,126.667680
1780456752,125.306593
1780456752,124.582638
1780456752,124.583790
1780456752,125.474066
1780456752,127.884626
1780456752,127.230403
1780456752,126.461077
1780456752,127.198037
1780456752,126.770463
1780456752,126.221564
1780456752,127.243149
1780456752,125.422026
1780456752,123.098595
1780456752,128.006629
1780456752,122.835373
1780456752,128.769137
1780456752,127.931650
1780456752,126.716580
1780456752,125.873194
1780456752,129.021459
1780456752,126.869518
1780456752,129.762607
1780456752,126.237233
1780456752,128.540898
1780456752,126.935985
1780456752,122.979240
1780456752,123.778003
1780456752,122.792063
1780456752,122.606535
1780456752,127.452610
1780456752,124.254157
1780456752,128.380072
1780456752,129.267847
1780456752,130.051761
1780456752,121.198081
1780456752,130.392579
1780456752,130.088040
1780456752,125.544561
1780456752,125.388941
1780456752,128.983654
1780456752,122.950394
1780456752,129.245312
1780456752,127.725395
1780456752,129.207222
1780456752,122.941891
1780456752,123.620128
1780456752,130.817988
1780456752,122.060372
1780456752,127.104887
1780456752,127.838242
1780456752,130.981777
1780456752,128.254191
1780456752,129.696768
1780456752,123.704098
1780456752,128.359336
1780456752,128.058559
1780456752,123.042238
1780456752,128.674531
1780456752,127.468811
1780456752,121.264699
1780456752,125.240677
1780456752,124.061960
1780456752,131.126662
1780456752,129.737003
1780456752,128.373755
1780456752,122.717377
1780456752,123.392661
1780456752,124.239057
1780456752,124.303849
1780456752,131.575128
1780456752,129.375461
1780456752,129.319750
1780456752,130.116448
1780456752,130.392773
1780456752,124.649400
1780456752,129.713825
1780456752,130.088834
1780456752,132.045256
1780456752,130.145300
1780456752,130.338902
1780456752,128.771221
1780456752,129.842988
1780456752,130.840426
1780456752,125.388237
1780456752,129.111304
1780456752,124.212263
1780456752,131.092470
1780456752,125.702399
1780456752,131.668034
1780456752,127.330198
1780456752,134.688883
1780456752,131.239747
1780456752,126.565450
1780456752,126.238966
1780456752,133.345874
1780456752,126.532340
1780456752,133.333262
1780456752,131.263750
1780456752,131.432559
1780456752,131.129161
1780456752,134.885974
1780456752,134.932787
1780456752,129.415952
1780456752,133.977772
1780456752,133.771205
1780456752,133.761924
1780456752,134.226451
1780456752,134.010278
1780456752,130.034501
1780456752,134.489934
1780456752,134.590189
1780456752,134.420221
1780456752,134.149959
1780456752,134.059030
1780456752,133.240341
1780456752,134.727074
1780456752,128.927798
1780456752,134.153234
1780456752,132.976369
1780456752,133.643193
1780456752,133.951997
1780456752,134.004230
1780456752,133.127262
1780456752,133.485866
1780456752,134.396838
1780456752,134.748006
1780456752,134.114072
1780456752,134.185893
1780456752,134.154193
1780456752,134.029485
1780456752,134.284119
1780456752,133.190092
1780456752,133.356908
1780456752,136.142149
1780456752,134.986844
1780456752,136.867111
1780456752,135.781966
1780456752,130.697635
1780456752,128.804403
1780456752,138.992145
1780456752,121.360200
1780456752,137.697346
1780456752,132.228659
1780456752,139.379827
1780456752,137.573246
1780456752,133.717793
1780456752,133.393314
1780456752,134.938816
1780456752,128.956262
1780456752,132.660719
1780456752,131.046197
1780456752,135.131097
1780456752,137.822482
1780456752,134.599800
1780456752,131.005383
1780456752,139.430938
1780456752,131.414452
1780456752,135.278955
1780456752,135.358955
1780456752,139.564774
1780456752,139.620764
1780456752,130.576473
1780456752,120.743242
1780456752,139.705883
1780456752,135.030449
1780456752,139.055647
1780456752,135.067865
1780456752,130.588372
1780456752,139.370268
1780456752,129.680526
1780456752,131.304036
1780456752,129.473237
1780456752,138.987573
1780456752,138.180012
1780456752,138.689200
1780456752,138.843474
1780456752,131.631875
1780456752,135.269311
1780456752,138.319052
1780456752,139.198128
1780456752,137.449960
1780456752,130.910909
1780456752,138.788609
1780456752,138.098112
1780456752,136.870806
1780456752,138.084238
1780456752,130.779186
1780456752,134.648418
1780456752,137.639706
1780456752,137.989496
1780456752,138.809773
1780456752,131.130809
1780456752,134.261710
1780456752,135.046841
1780456752,134.612015
1780456752,134.475107
1780456752,135.040163
1780456752,134.536077
1780456752,134.895883
1780456752,134.633013
1780456752,134.755658
1780456752,134.890455
1780456752,139.074324
1780456752,137.528998
1780456752,131.394104
1780456752,139.147510
1780456752,136.530702
1780456752,137.828739
1780456752,136.999216
1780456752,139.734922
1780456752,135.745914
1780456752,138.724340
1780456752,133.196013
1780456752,136.848030
1780456752,135.773667
1780456752,136.858306
1780456752,140.395305
1780456752,138.729459
1780456752,141.192851
1780456752,138.996147
1780456752,137.162322
1780456752,135.022313
1780456752,139.073536
1780456752,137.162167
1780456752,139.495423
1780456752,136.038190
1780456752,135.306104
1780456752,134.649792
1780456752,134.572770
1780456752,141.504944
1780456752,137.686499
1780456752,136.491389
1780456752,135.645837
1780456752,141.787625
1780456752,135.189907
1780456752,135.799321
1780456752,134.845621
1780456752,135.613222
1780456752,138.003044
1780456752,142.007636
1780456752,135.249836
1780456752,136.893624
1780456752,135.609192
1780456752,142.327634
1780456752,135.747157
1780456752,136.211929
1780456752,135.618644
1780456752,135.156470
1780456752,137.257218
1780456752,142.454528
1780456752,144.709362
1780456752,144.564886
1780456752,144.560096
1780456752,142.419906
1780456752,142.273357
1780456752,134.989283
1780456752,142.420690
1780456752,137.357146
1780456752,138.484999
1780456752,137.513259
1780456752,137.084985
1780456752,142.076069
1780456752,141.667055
1780456752,135.398582
1780456752,140.749861
1780456752,137.276157
1780456752,136.938758
1780456752,142.320733
1780456752,142.660016
1780456752,142.704171
1780456752,142.621019
1780456752,138.792877
1780456752,129.334484
1780456752,138.952547
1780456752,128.628291
1780456752,138.979875
1780456752,143.862022
1780456752,144.266822
1780456752,143.878263
1780456752,137.574830
1780456752,137.352017
1780456752,138.394312
1780456752,137.152719
1780456752,144.604130
1780456752,145.435735
1780456752,142.179248
1780456752,141.902758
1780456752,138.323873
1780456752,139.146135
1780456752,139.329049
1780456752,127.901811
1780456752,139.316853
1780456752,146.020760
1780456752,145.128304
1780456752,146.087926
1780456752,145.302649
1780456752,139.669018
1780456752,138.754001
1780456752,131.500202
1780456752,142.924493
1780456752,146.156877
1780456752,138.730875
1780456752,143.195492
1780456752,143.583644
1780456752,130.796230
1780456752,147.452901
1780456752,131.049625
1780456752,140.604086
1780456752,128.206359
1780456752,147.842325
1780456752,139.303000
1780456752,139.279736
1780456752,143.929641
1780456752,144.654760
1780456752,148.148238
1780456752,146.841272
1780456752,144.203248
1780456752,141.309056
1780456752,140.782953
1780456752,144.242466
1780456752,145.197630
1780456752,141.096286
1780456752,144.301202
1780456752,144.601325
1780456752,141.247145
1780456752,141.034016
1780456752,141.208764
1780456752,121.148245
1780456752,143.986844
1780456752,145.917010
1780456752,149.404893
1780456752,130.142511
1780456752,119.522135
1780456752,145.303872
1780456752,146.632275
1780456752,145.431790
1780456752,119.691775
1780456752,119.825891
1780456752,146.781183
1780456752,148.742340
1780456752,147.512002
1780456752,142.294820
1780456752,116.756920
1780456752,147.755122
1780456752,151.606310
1780456752,147.874834
1780456752,142.381376
1780456752,147.270559
1780456752,148.012029
1780456752,115.475588
1780456752,121.360512
1780456752,116.379775
1780456752,149.376327
1780456752,117.860942
1780456752,116.298928
1780456752,119.144491
1780456752,116.968438
1780456752,150.592853
1780456752,150.472229
1780456752,146.694860
1780456752,149.663495
1780456752,150.624019
1780456752,149.838622
1780456752,149.897108
1780456752,116.247199
1780456752,117.377942
1780456752,148.796607
1780456752,149.764739
1780456752,145.430192
1780456752,149.204138
1780456752,138.136880
1780456752,149.410717
1780456752,147.840829
1780456752,135.895356
1780456752,147.145572
1780456752,137.172526
1780456752,123.333954
1780456752,121.140050
1780456752,136.067129
1780456752,122.676981
1780456752,127.168435
1780456752,138.965798
1780456752,136.100550
1780456752,121.412748
1780456752,137.417053
1780456752,150.447476
1780456752,136.385390
1780456752,136.341744
1780456752,123.284173
1780456752,136.399377
1780456752,117.328677
1780456752,119.022205
1780456752,118.007497
1780456752,123.418347
1780456752,136.536955
1780456752,122.563755
1780456752,122.601660
1780456752,118.221144
1780456752,121.707170
1780456752,119.094387
1780456752,118.183116
1780456752,122.742925
1780456752,119.378367
1780456752,123.619290
1780456752,157.399426
1780456752,118.268673
1780456752,151.226815
1780456752,157.166892
1780456752,119.478448
1780456752,151.328181
1780456752,148.628930
1780456752,126.795758
1780456752,118.455554
1780456752,159.144449
1780456752,150.883722
1780456752,123.492090
1780456752,151.024140
1780456752,107.407106
1780456752,119.686271
1780456752,158.100519
1780456752,157.478897
1780456752,123.823315
1780456752,107.172419
1780456752,118.094204
1780456752,117.147432
1780456752,117.545870
1780456752,117.545407
1780456752,107.184518
1780456752,118.936872
1780456752,118.948227
1780456752,152.531605
1780456752,152.821052
1780456752,120.879072
1780456752,152.534665
1780456752,128.271206
1780456752,122.591980
1780456752,106.979465
1780456752,121.702241
1780456752,149.415713
1780456752,139.608968
1780456752,157.801121
1780456752,127.484211
1780456752,125.052829
1780456752,153.034011
1780456752,122.486794
1780456752,105.788809
1780456752,153.004362
1780456752,151.416635
1780456752,151.779130
1780456752,108.112954
1780456752,154.632167
1780456752,122.376313
1780456752,103.106085
1780456752,154.726356
1780456752,116.781525
1780456752,105.847823
1780456752,160.293293
1780456752,116.979976
1780456752,154.639830
1780456752,155.523146
1780456752,106.081075
1780456752,128.701110
1780456752,160.178583
1780456752,160.493438
1780456752,117.283991
1780456752,106.277883
1780456752,152.863134
1780456752,105.959781
1780456752,116.586540
1780456752,123.418838
1780456752,106.049614
1780456752,105.782587
1780456752,117.053882
1780456752,122.927496
1780456752,123.751906
1780456752,104.949869
1780456752,117.175817
1780456752,105.042252
1780456752,156.864701
1780456752,161.411525
1780456752,129.931409
1780456752,123.601633
1780456752,161.412928
1780456752,104.689119
1780456752,122.727178
1780456752,157.457092
1780456752,105.907523
1780456752,146.088996
1780456752,130.851824
1780456752,157.692623
1780456752,131.112136
1780456752,123.412279
1780456752,123.450277
1780456752,131.579038
1780456752,116.828108
1780456752,121.933477
1780456752,121.991111
1780456752,117.022452
1780456752,104.668074
1780456752,104.616820
1780456752,104.787719
1780456752,131.187602
1780456752,130.644629
1780456752,129.820516
1780456752,105.469421
1780456752,105.799606
1780456752,119.269920
1780456752,118.958326
1780456752,118.027482
1780456752,117.291378
1780456752,164.006515
1780456752,129.822930
1780456752,145.872056
1780456752,165.284862
1780456752,129.967098
1780456752,164.814731
1780456752,124.053791
1780456752,164.824872
1780456752,121.983755
1780456752,135.639572
1780456752,130.217425
1780456752,120.827872
1780456752,161.523691
1780456752,118.088994
1780456752,120.990690
1780456752,165.039125
1780456752,107.072629
1780456752,166.779828
1780456752,129.409162
1780456752,129.913564
1780456752,128.667657
1780456752,162.258445
1780456752,165.711460
1780456752,128.724561
1780456752,166.092584
1780456752,166.054011
1780456752,170.582987
1780456752,109.150969
1780456752,166.225355
1780456752,137.590772
1780456752,119.197622
1780456752,166.501545
1780456752,168.037087
1780456752,122.845584
1780456752,119.379860
1780456752,109.502260
1780456752,166.765377
1780456752,121.763998
1780456752,118.894645
1780456752,109.745023
1780456752,170.506354
1780456752,134.859421
1780456752,121.348657
1780456752,163.619071
1780456752,163.675755
1780456752,109.998550
1780456752,170.861878
1780456752,127.729025
1780456752,110.265326
1780456752,119.207350
1780456752,120.939465
1780456752,167.603541
1780456752,110.106128
1780456752,167.794822
1780456752,120.431883
1780456752,110.377007
1780456752,109.660834
1780456752,126.283402
1780456752,171.794956
1780456752,120.417169
1780456752,168.332688
1780456752,123.218689
1780456752,125.522584
1780456752,125.637670
1780456752,110.329201
1780456752,122.310327
1780456752,168.629494
1780456752,119.223706
1780456752,171.980402
1780456752,110.539696
1780456752,169.008570
1780456752,121.868682
1780456752,124.032912
1780456752,110.795994
1780456752,168.312534
1780456752,119.722344
1780456752,121.615495
1780456752,111.072246
1780456752,166.051991
1780456752,119.347481
1780456752,121.457741
1780456752,111.321116
1780456752,168.619246
1780456752,122.439544
1780456752,105.847120
1780456752,120.388504
1780456752,172.657710
1780456752,119.766231
1780456752,104.810661
1780456752,119.991242
1780456752,120.079506
1780456752,172.906617
1780456752,102.442882
1780456752,120.170485
1780456752,119.682215
1780456752,168.360666
1780456752,103.499947
1780456752,119.874302
1780456752,119.881928
1780456752,172.439889
1780456752,119.971458
1780456752,102.950417
1780456752,172.401410
1780456752,119.662056
1780456752,120.083539
1780456752,172.971099
1780456752,103.176489
1780456752,120.196365
1780456752,119.080350
1780456752,170.306825
1780456752,119.030765
1780456752,166.992089
1780456752,141.888388
1780456752,102.587785
1780456752,119.280191
1780456752,170.862248
1780456752,118.820302
1780456752,102.839978
1780456752,119.183825
1780456752,170.939407
1780456752,104.379807
1780456752,147.378766
1780456752,119.383907
1780456752,118.634901
1780456752,147.578529
1780456752,103.553183
1780456752,120.676496
1780456752,119.665088
1780456752,171.597778
1780456752,147.068663
1780456752,117.157061
1780456752,120.016122
1780456752,116.875434
1780456752,141.022307
1780456752,120.594593
1780456752,104.084607
1780456752,120.456185
1780456752,117.556823
1780456752,147.516585
1780456752,104.586828
1780456752,141.285560
1780456752,119.731037
1780456752,116.722809
1780456752,119.848317
1780456752,103.326609
1780456752,140.935101
1780456752,103.542065
1780456752,118.024897
1780456752,140.077854
1780456752,120.810392
1780456752,116.336692
1780456752,120.261701
1780456752,138.693302
1780456752,121.034724
1780456752,139.124207
1780456752,116.236596
1780456752,120.501008
1780456752,121.005999
1780456752,139.269207
1780456752,118.347491
1780456752,119.727528
1780456752,139.437088
1780456752,119.782528
1780456752,116.686955
1780456752,119.912684
1780456752,160.053217
1780456752,119.202646
1780456752,119.296002
1780456752,160.249382
1780456752,118.398633
1780456752,117.479463
1780456752,114.623476
1780456752,138.395691
1780456752,115.032721
1780456752,115.184601
1780456752,115.286804
1780456752,114.169096
1780456752,114.906360
1780456752,114.959303
1780456752,113.756868
1780456752,113.527742
1780456752,115.258778
1780456752,140.187091
1780456752,112.698149
1780456752,119.734811
1780456752,119.708677
1780456752,118.473285
1780456752,119.566575
1780456752,119.691513
1780456752,115.814904
1780456752,119.335475
1780456752,112.810003
1780456752,111.700171
1780456752,113.055276
1780456752,140.665074
1780456752,111.855411
1780456752,102.458429
1780456752,112.063422
1780456752,112.205250
1780456752,163.760099
1780456752,164.187393
1780456752,116.901192
1780456752,111.955439
1780456752,120.520155
1780456752,164.735998
1780456752,111.997890
1780456752,163.642859
1780456752,119.984005
1780456752,112.192990
1780456752,116.627466
1780456752,112.485326
1780456752,141.998429
1780456752,142.054107
1780456752,113.061280
1780456752,118.097069
1780456752,142.225885
1780456752,116.187555
1780456752,119.164232
1780456752,110.861199
1780456752,154.227369
1780456752,112.329058
1780456752,142.743901
1780456752,118.112348
1780456752,154.412156
1780456752,143.091455
1780456752,116.846631
1780456752,154.749249
1780456752,113.421242
1780456752,117.541124
1780456752,142.471276
1780456752,140.471295
1780456752,117.905987
1780456752,141.978193
1780456752,117.971273
1780456752,118.063114
1780456752,117.074228
1780456752,152.498892
1780456752,152.584176
1780456752,117.046479
1780456752,115.008721
1780456752,139.545515
1780456752,116.647378
1780456752,150.461606
1780456752,115.500380
1780456752,115.348234
1780456752,115.571133
1780456752,146.215433
1780456752,115.934012
1780456752,139.280667
1780456752,115.900759
1780456752,140.529566
1780456752,142.740948
1780456752,142.401970
1780456752,141.313685
1780456752,146.377682
1780456752,118.763304
1780456752,120.087573
1780456752,151.215871
1780456752,120.069959
1780456752,120.319301
1780456752,114.882803
1780456752,139.649591
1780456752,115.252870
1780456752,138.530335
1780456752,145.971557
1780456752,145.304995
1780456752,143.157901
1780456752,116.755037
1780456752,116.838096
1780456752,118.269883
1780456752,105.575740
1780456752,142.775650
1780456752,140.526787
1780456752,116.921288
1780456752,106.320991
1780456752,106.612943
1780456752,103.447326
1780456752,142.591831
1780456752,107.081691
1780456752,104.348512
1780456752,108.228249
1780456752,108.572356
1780456752,107.658773
1780456752,103.812023
1780456752,105.195014
1780456752,105.096886
1780456752,105.485245
1780456752,105.757081
1780456752,106.587824
1780456752,107.912272
1780456752,107.969325
1780456752,109.952663
1780456752,109.218584
1780456752,106.918628
1780456752,109.326476
1780456752,106.707666
1780456752,145.468766
1780456752,106.825507
1780456752,145.133651
1780456752,106.916785
1780456752,106.156743
1780456752,145.827292
1780456752,105.320356
1780456752,108.766256
1780456752,137.499580
1780456752,107.399009
1780456752,106.369415
1780456752,104.582451
1780456752,108.807700
1780456752,109.143080
1780456752,136.424993
1780456752,113.332680
1780456752,105.041606
1780456752,145.115021
1780456752,108.194954
1780456752,138.533137
1780456752,104.432201
1780456752,104.435138
1780456752,106.000175
1780456752,113.620200
1780456752,105.445007
1780456752,108.602971
1780456752,111.076097
1780456752,109.745991
1780456752,111.782612
1780456752,107.850525
1780456752,108.615577
1780456752,108.579027
1780456752,105.251357
1780456752,108.653440
1780456752,108.057344
1780456752,105.571415
1780456752,112.854648
1780456752,108.233270
1780456752,109.585236
1780456752,108.687228
1780456752,140.131993
1780456752,107.971982
1780456752,110.379322
1780456752,139.157248
1780456752,139.441823
1780456752,141.276123
1780456752,141.177004
1780456752,141.294726
1780456752,141.543596
1780456752,141.333510
1780456752,139.787282
1780456752,137.211458
1780456752,136.513028
1780456752,138.621554
1780456752,116.388300
1780456752,137.743841
1780456752,138.089970
1780456752,111.751539
1780456752,114.085121
1780456752,114.020435
1780456752,114.273393
1780456752,139.256766
1780456752,114.830377
1780456752,113.597958
1780456752,139.203403
1780456752,137.301701
1780456752,137.496574
1780456752,111.494318
1780456752,111.620085
1780456752,138.055656
1780456752,112.574769
1780456752,111.448559
1780456752,138.650757
1780456752,113.681103
1780456752,113.667573
1780456752,111.605790
1780456752,138.793364
1780456752,111.985334
1780456752,139.541647
1780456752,138.725281
1780456752,140.083854
1780456752,138.952896
1780456752,139.300249
1780456752,139.664658
1780456752,140.094849
1780456752,102.596622
1780456752,140.154976
1780456752,140.417434
1780456752,138.018029
1780456752,138.151374
1780456752,103.359493
1780456752,103.435496
1780456752,103.368220
1780456752,138.324896
1780456752,103.548909
1780456752,103.657776
1780456752,103.391948
1780456752,141.001221
1780456752,103.722114
1780456752,138.227902
1780456752,142.111185
1780456752,139.677147
1780456752,142.254007
1780456752,126.044410
1780456752,125.109601
1780456752,104.176688
1780456752,126.403227
1780456752,103.734293
1780456752,125.631006
1780456752,125.374140
1780456752,104.397661
1780456752,105.926892
1780456752,124.980640
1780456752,106.137546
1780456752,105.993450
1780456752,106.299219
1780456752,106.862654
1780456752,106.976141
1780456752,104.675926
1780456752,104.878220
1780456752,105.183569
1780456752,105.563802
1780456752,105.601545
1780456752,105.489413
1780456752,131.411200
1780456752,109.461063
1780456752,109.656486
1780456752,109.367149
1780456752,109.619570
1780456752,131.383070
1780456752,131.661837
1780456752,130.549595
1780456752,109.980291
1780456752,109.538773
1780456752,110.066546
1780456752,109.467002
1780456752,131.843189
1780456752,109.878449
1780456752,109.790302
1780456752,110.251187
1780456752,109.597899
1780456752,110.026057
1780456752,106.413495
1780456752,109.787061
1780456752,110.090735
1780456752,110.323672
1780456752,110.406790
1780456752,109.622974
1780456752,110.362809
1780456752,110.313899
1780456752,109.594477
1780456752,109.748298
1780456752,110.403078
1780456752,106.532435
1780456752,109.874781
1780456752,110.405285
1780456752,132.115462
1780456752,110.123706
1780456752,110.190796
1780456752,110.428110
1780456752,106.557150
1780456752,106.724586
1780456752,107.756614
1780456752,126.982263
1780456752,108.079263
1780456752,127.996412
1780456752,108.263122
1780456752,128.316438
1780456752,109.060152
1780456752,109.042726
1780456752,106.245846
1780456752,126.996168
1780456752,114.215379
1780456752,136.781353
1780456752,129.010675
1780456752,105.909777
1780456752,105.952031
1780456752,106.002328
1780456752,129.037951
1780456752,106.040781
1780456752,130.359642
1780456752,130.228806
1780456752,105.986028
1780456752,106.033641
1780456752,104.347904
1780456752,107.130808
1780456752,104.642904
1780456752,116.331347
1780456752,115.066140
1780456752,116.549510
1780456752,115.213987
1780456752,116.683783
1780456752,114.176527
1780456752,116.776562
1780456752,115.403437
1780456752,111.016460
1780456752,116.795892
1780456752,116.780966
1780456752,116.819369
1780456752,111.186890
1780456752,116.955404
1780456752,116.867644
1780456752,108.331134
1780456752,108.472794
1780456752,108.262938
1780456752,108.322272
1780456752,108.190401
1780456752,108.285437
1780456752,108.200052
1780456752,117.053049
1780456752,112.863336
1780456752,119.961248
1780456752,115.714636
1780456752,119.068578
1780456752,119.310925
1780456752,113.281923
1780456752,119.382625
1780456752,114.725911
1780456752,110.457081
1780456752,110.771521
1780456752,110.817858
1780456752,120.544777
1780456752,104.024501
1780456752,121.038986
1780456752,122.307375
1780456752,122.487658
1780456752,117.394784
1780456752,117.429455
1780456752,122.526638
1780456752,117.489776
1780456752,106.784703
1780456752,104.457601
1780456752,103.834683
1780456752,107.270369
1780456752,118.095887
1780456752,118.079001
1780456752,118.142650
1780456752,104.635532
1780456752,124.947350
1780456752,120.401272
1780456752,119.950796
1780456752,106.247165
1780456752,125.642437
1780456752,108.692583
1780456752,121.335296
1780456752,108.909114
1780456752,105.549176
1780456752,118.706154
1780456752,109.051707
1780456752,104.017785
1780456752,110.616282
1780456752,110.717756
1780456752,110.817822
1780456752,110.756900
1780456752,117.768890
1780456752,112.435044
1780456752,108.311995
1780456752,109.014630
1780456752,109.419881
1780456752,117.126810
1780456752,110.751995
1780456752,115.980529
1780456752,115.944481
1780456752,123.746171
1780456752,117.008927
1780456752,121.960617
1780456752,120.854157
1780456752,118.581818
1780456752,126.175290
1780456752,116.866055
1780456752,126.236692
1780456752,112.263892
1780456752,126.405283
1780456752,116.884740
1780456752,113.183740
1780456752,114.265081
1780456752,112.819010
1780456752,116.975276
1780456752,106.498002
1780456752,108.076011
1780456752,117.042783
1780456752,116.815877
1780456752,117.542636
1780456752,117.430822
1780456752,125.513417
1780456752,106.343973
1780456752,106.758352
1780456752,108.058764
1780456752,124.426197
1780456752,108.555138
1780456752,124.628913
1780456752,117.139682
1780456752,121.143108
1780456752,114.055050
1780456752,115.074608
1780456752,115.575213
1780456752,115.842692
1780456752,114.536455
1780456752,114.201285
1780456752,103.864181
1780456752,114.131734
1780456752,118.937359
1780456752,113.646219
1780456752,116.363315
1780456752,114.049756
1780456752,125.561693
1780456752,107.143014
1780456752,120.273661
1780456752,107.217935
1780456752,114.454319
1780456752,115.553265
1780456752,116.853970
1780456752,115.545703
1780456752,116.307227
1780456753,117.399202
1780456753,115.224592
1780456753,115.303058
1780456753,116.397082
1780456753,116.437513
1780456753,115.782220
1780456753,115.382926
1780456753,115.381710
1780456753,113.754265
1780456753,113.830762
1780456753,117.225410
1780456753,117.299448
1780456753,117.198097
1780456753,115.963672
1780456753,113.441660
1780456753,112.117264
1780456753,116.791382
1780456753,112.124639
1780456753,114.066775
1780456753,114.767644
1780456753,114.681466
1780456753,118.141438
1780456753,114.721465
1780456753,104.002595
1780456753,108.976315
1780456753,108.154702
1780456753,109.157283
1780456753,109.212170
1780456753,109.684229
1780456753,108.358097
1780456753,110.073417
1780456753,108.703198
1780456753,109.278186
1780456753,109.101555
1780456753,112.677501
1780456753,112.187081
1780456753,112.490116
1780456753,110.002751
1780456753,112.371459
1780456753,109.677389
1780456753,110.570680
1780456753,109.453750
1780456753,110.617115
1780456753,139.025308
1780456753,110.079582
1780456753,110.704701
1780456753,112.100066
1780456753,113.855491
1780456753,132.981794
1780456753,109.385242
1780456753,113.952332
1780456753,139.432860
1780456753,109.672447
1780456753,138.550114
1780456753,139.264532
1780456753,137.406779
1780456753,106.136249
1780456753,136.211544
1780456753,134.606758
1780456753,113.339194
1780456753,130.722236
1780456753,105.014457
1780456753,113.868418
1780456753,128.158560
1780456753,109.556022
1780456753,107.527524
1780456753,115.311254
1780456753,109.462474
1780456753,109.614089
1780456753,109.700592
1780456753,130.719550
1780456753,107.930088
1780456753,109.805581
1780456753,117.356171
1780456753,114.991884
1780456753,135.023548
1780456753,113.491247
1780456753,119.218766
1780456753,114.798813
1780456753,129.449793
1780456753,130.919653
1780456753,113.286685
1780456753,114.152040
1780456753,113.368281
1780456753,117.292747
1780456753,134.105659
1780456753,107.831985
1780456753,119.556627
1780456753,107.985266
1780456753,107.870084
1780456753,107.916356
1780456753,116.473437
1780456753,107.939572
1780456753,132.766253
1780456753,118.284639
1780456753,108.047795
1780456753,116.864822
1780456753,133.423448
1780456753,113.436666
1780456753,133.354095
1780456753,134.451152
1780456753,108.075245
1780456753,132.865328
1780456753,108.219807
1780456753,108.216649
1780456753,108.298771
1780456753,130.450904
1780456753,108.632440
1780456753,106.953723
1780456753,114.148413
1780456753,119.247899
1780456753,108.700040
1780456753,129.646529
1780456753,104.420315
1780456753,116.850621
1780456753,106.252515
1780456753,116.390575
1780456753,105.997853
1780456753,117.562380
1780456753,106.130242
1780456753,116.492239
1780456753,108.673656
1780456753,116.301179
1780456753,111.330350
1780456753,118.634367
1780456753,120.940411
1780456753,116.024474
1780456753,106.459840
1780456753,104.299715
1780456753,119.619425
1780456753,105.471720
1780456753,107.416724
1780456753,107.334403
1780456753,107.615848
1780456753,107.868274
1780456753,107.707189
1780456753,107.672598
1780456753,107.604426
1780456753,108.054389
1780456753,108.520167
1780456753,119.684463
1780456753,114.959955
1780456753,108.931697
1780456753,109.015162
1780456753,109.693925
1780456753,108.649028
1780456753,109.031105
1780456753,109.072335
1780456753,108.581970
1780456753,108.647805
1780456753,104.291688
1780456753,124.138917
1780456753,124.495595
1780456753,138.832902
1780456753,119.754379
1780456753,108.455215
1780456753,105.794837
1780456753,123.630404
1780456753,106.999629
1780456753,105.806147
1780456753,119.968705
1780456753,122.002614
1780456753,121.026335
1780456753,107.349834
1780456753,107.244556
1780456753,117.882537
1780456753,113.976661
1780456753,115.153315
1780456753,111.015050
1780456753,121.161640
1780456753,123.893866
1780456753,109.907889
1780456753,111.072562
1780456753,115.230280
1780456753,115.167617
1780456753,122.227380
1780456753,113.741452
1780456753,123.753825
1780456753,114.166358
1780456753,124.521811
1780456753,115.409357
1780456753,124.688863
1780456753,114.644974
1780456753,115.455550
1780456753,122.312472
1780456753,120.605236
1780456753,108.280328
1780456753,108.416737
1780456753,120.638491
1780456753,120.363993
1780456753,120.566775
1780456753,120.657731
1780456753,108.374479
1780456753,113.559307
1780456753,113.575058
1780456753,112.313183
1780456753,112.350507
1780456753,112.431174
1780456753,111.529274
1780456753,113.668344
1780456753,123.856579
1780456753,123.826098
1780456753,112.585541
1780456753,112.567946
1780456753,112.542231
1780456753,109.938435
1780456753,110.129696
1780456753,110.081209
1780456753,110.901033
1780456753,103.338156
1780456753,122.731919
1780456753,110.027467
1780456753,123.915852
1780456753,102.620936
1780456753,123.914295
1780456753,111.348248
1780456753,124.100409
1780456753,124.167577
1780456753,110.074550
1780456753,108.591961
1780456753,105.149801
1780456753,107.248982
1780456753,107.242381
1780456753,108.359261
1780456753,104.175144
1780456753,106.478675
1780456753,107.163477
1780456753,104.109515
1780456753,106.957004
1780456753,104.180490
1780456753,106.560967
1780456753,103.526279
1780456753,107.411493
1780456753,106.604250
1780456753,106.819329
1780456753,106.522503
1780456753,107.398859
1780456753,107.193184
1780456753,103.005551
1780456753,107.456497
1780456753,107.745798
1780456753,106.891753
1780456753,106.546540
1780456753,107.281373
1780456753,103.529134
1780456753,104.187817
1780456753,103.183191
1780456753,103.053693
1780456753,122.320396
1780456753,122.577375
1780456753,120.281838
1780456753,119.427722
1780456753,119.282613
1780456753,124.730537
1780456753,124.794831
1780456753,124.725547
1780456753,118.036612
1780456753,119.864922
1780456753,120.033342
1780456753,119.525187
1780456753,121.795493
1780456753,119.262838
1780456753,103.766420
1780456753,119.966865
1780456753,105.635444
1780456753,104.509608
1780456753,119.701011
1780456753,104.976782
1780456753,105.061765
1780456753,120.698378
1780456753,106.309696
1780456753,104.550073
1780456753,104.452604
1780456753,106.329648
1780456753,103.871797
1780456753,120.285272
1780456753,119.712627
1780456753,108.264494
1780456753,109.261775
1780456753,122.670992
1780456753,106.621158
1780456753,107.214698
1780456753,121.758702
1780456753,122.463180
1780456753,121.691724
1780456753,122.289000
1780456753,121.979243
1780456753,122.213636
1780456753,121.884022
1780456753,121.421492
1780456753,121.501001
1780456753,106.091252
1780456753,121.513184
1780456753,120.920791
1780456753,108.046987
1780456753,108.862290
1780456753,120.656370
1780456753,121.661711
1780456753,120.201656
1780456753,120.014508
1780456753,109.506642
1780456753,107.658731
1780456753,108.897660
1780456753,109.652648
1780456753,109.017683
1780456753,109.635449
1780456753,106.739709
1780456753,119.537935
1780456753,106.003579
1780456753,119.092058
1780456753,108.339482
1780456753,107.804360
1780456753,119.024095
1780456753,107.014206
1780456753,109.114985
1780456753,107.933990
1780456753,107.553407
1780456753,107.321630
1780456753,110.356617
1780456753,110.358618
1780456753,106.733325
1780456753,110.247503
1780456753,109.789265
1780456753,106.960107
1780456753,107.073354
1780456753,105.698019
1780456753,109.348461
1780456753,121.743047
1780456753,122.501763
1780456753,107.231157
1780456753,110.007864
1780456753,109.980930
1780456753,125.881432
1780456753,109.656391
1780456753,123.612266
1780456753,109.715434
1780456753,110.812342
1780456753,116.518270
1780456753,122.793889
1780456753,109.109114
1780456753,109.193261
1780456753,109.838599
1780456753,107.680302
1780456753,107.522698
1780456753,121.557593
1780456753,107.838942
1780456753,111.113218
1780456753,107.835554
1780456753,121.801106
1780456753,107.659647
1780456753,121.877365
1780456753,107.676738
1780456753,111.256576
1780456753,106.813177
1780456753,120.524506
1780456753,106.013059
1780456753,120.105308
1780456753,106.093458
1780456753,103.859800
1780456753,106.479776
1780456753,104.029392
1780456753,106.415651
1780456753,122.588595
1780456753,105.682402
1780456753,105.787827
1780456753,104.186996
1780456753,109.255013
1780456753,105.798319
1780456753,105.766370
1780456753,105.917034
1780456753,104.249908
1780456753,106.786724
1780456753,121.523486
1780456753,121.585688
1780456753,104.258840
1780456753,104.473194
1780456753,106.649738
1780456753,120.323789
1780456753,105.735725
1780456753,104.458656
1780456753,118.683974
1780456753,103.419713
1780456753,103.705543
1780456753,119.157683
1780456753,103.611865
1780456753,103.748454
1780456753,103.748819
1780456753,103.937146
1780456753,114.065724
1780456753,106.878003
1780456753,105.648436
1780456753,104.325371
1780456753,113.454156
1780456753,103.393470
1780456753,105.107036
1780456753,103.507171
1780456753,114.912683
1780456753,120.804276
1780456753,105.265394
1780456753,105.376398
1780456753,105.319261
1780456753,103.610793
1780456753,106.618464
1780456753,103.907823
1780456753,115.196763
1780456753,105.223905
1780456753,105.274931
1780456753,105.535789
1780456753,103.659505
1780456753,104.017388
1780456753,113.922160
1780456753,103.773521
1780456753,103.775532
1780456753,103.994865
1780456753,104.061296
1780456753,112.070988
1780456753,105.343352
1780456753,104.098693
1780456753,113.810431
1780456753,105.750684
1780456753,114.023977
1780456753,105.944128
1780456753,106.173179
1780456753,112.629967
1780456753,104.961668
1780456753,112.819658
1780456753,113.120012
1780456753,104.989332
1780456753,105.294458
1780456753,113.185797
1780456753,105.500215
1780456753,113.560210
1780456753,105.492857
1780456753,113.487634
1780456753,114.035213
1780456753,114.080472
1780456753,111.309289
1780456753,111.603897
1780456753,113.568469
1780456753,111.911780
1780456753,112.017445
1780456753,113.451872
1780456753,112.174170
1780456753,112.282954
1780456753,102.432335
1780456753,113.930203
1780456753,102.700923
1780456753,111.909684
1780456753,111.457552
1780456753,102.782261
1780456753,102.731946
1780456753,102.757041
1780456753,113.150626
1780456753,102.975703
1780456753,102.975522
1780456753,113.252261
1780456753,102.885122
1780456753,103.083451
1780456753,112.485339
1780456753,111.182294
1780456753,103.304056
1780456753,103.215723
1780456753,103.304879
1780456753,111.388755
1780456753,103.642293
1780456753,103.579208
1780456753,103.677015
1780456753,111.557820
1780456753,103.588309
1780456753,103.743113
1780456753,113.304025
1780456753,104.439842
1780456753,104.387879
1780456753,111.892176
1780456753,112.139849
1780456753,104.661976
1780456753,104.075097
1780456753,111.007874
1780456753,104.317756
1780456753,104.849915
1780456753,111.192437
1780456753,104.543594
1780456753,111.332004
1780456753,105.171134
1780456753,111.248136
1780456753,104.718767
1780456753,111.275833
1780456753,111.340514
1780456753,102.425051
1780456753,110.498511
1780456753,110.461391
1780456753,110.437236
1780456753,110.785638
1780456753,103.083475
1780456753,103.146426
1780456753,110.933242
1780456753,110.927931
1780456753,103.261956
1780456753,111.138505
1780456753,102.975177
1780456753,106.564250
1780456753,106.618329
1780456753,106.564103
1780456753,106.604315
1780456753,106.888821
1780456753,106.703170
1780456753,106.975650
1780456753,103.701139
1780456753,104.112185
1780456753,103.510898
1780456753,104.002200
1780456753,107.101999
1780456753,107.889035
1780456753,104.123729
1780456753,104.569189
1780456753,104.198589
1780456753,105.112095
1780456753,104.279197
1780456753,104.340287
1780456753,108.498616
1780456753,104.422942
1780456753,108.300307
1780456753,104.638465
1780456753,108.137243
1780456753,105.304267
1780456753,105.300888
1780456753,105.842998
1780456753,105.893611
1780456753,109.409218
1780456753,106.670011
1780456753,105.877709
1780456753,106.797248
1780456753,104.371096
1780456753,109.419222
1780456753,106.952589
1780456753,105.919621
1780456753,107.083729
1780456753,104.729863
1780456753,107.028161
1780456753,107.142577
1780456753,104.994421
1780456753,107.018356
1780456753,107.090892
1780456753,105.154827
1780456753,106.932522
1780456753,107.493413
1780456753,107.366434
1780456753,104.154683
1780456753,107.714644
1780456753,104.089804
1780456753,107.707123
1780456753,107.420208
1780456753,111.272282
1780456753,107.624175
1780456753,104.538098
1780456753,107.464256
1780456753,103.153707
1780456753,108.223191
1780456753,109.707755
1780456753,108.074318
1780456753,103.461415
1780456753,107.505690
1780456753,107.925653
1780456753,108.223208
1780456753,104.984492
1780456753,109.040512
1780456753,108.200783
1780456753,111.384188
1780456753,110.350814
1780456753,108.285099
1780456753,108.350802
1780456753,108.326375
1780456753,104.236886
1780456753,109.175522
1780456753,108.660206
1780456753,104.404920
1780456753,109.637695
1780456753,107.425938
1780456753,103.408519
1780456753,113.015583
1780456753,109.912506
1780456753,107.591972
1780456753,109.462943
1780456753,110.059010
1780456753,107.664523
1780456753,107.735126
1780456753,109.619064
1780456753,110.381956
1780456753,106.664454
1780456753,106.693957
1780456753,106.794424
1780456753,113.180702
1780456753,110.416907
1780456753,107.003546
1780456753,109.845201
1780456753,111.196500
1780456753,107.437070
1780456753,111.135560
1780456753,106.329513
1780456753,111.223761
1780456753,107.668935
1780456753,111.193882
1780456753,113.252706
1780456753,109.832794
1780456753,108.497783
1780456753,111.737477
1780456753,106.182791
1780456753,112.307701
1780456753,110.275635
1780456753,112.252544
1780456753,111.989543
1780456753,107.733210
1780456753,112.917294
1780456753,112.987587
1780456753,111.678050
1780456753,110.796274
1780456753,110.675703
1780456753,111.054352
1780456753,111.298088
1780456753,108.231982
1780456753,111.095891
1780456753,106.871216
1780456753,110.915029
1780456753,111.242717
1780456753,112.450361
1780456753,108.446821
1780456753,108.473303
1780456753,108.696432
1780456753,108.767528
1780456753,108.835143
1780456753,107.493205
1780456753,110.282970
1780456753,108.057421
1780456753,112.264710
1780456753,108.075041
1780456753,108.269658
1780456753,109.624504
1780456753,111.577951
1780456753,110.110992
1780456753,108.664417
1780456753,110.630766
1780456753,108.894267
1780456753,111.910518
1780456753,116.055395
1780456753,107.367632
1780456753,104.830615
1780456753,113.465301
1780456753,111.081624
1780456753,107.264071
1780456753,112.652476
1780456753,111.343033
1780456753,105.503022
1780456753,107.144641
1780456753,103.980319
1780456753,111.686815
1780456753,110.092211
1780456753,106.796161
1780456753,105.938519
1780456753,107.055926
1780456753,114.893813
1780456753,110.940366
1780456753,108.969317
1780456753,107.571960
1780456753,105.716392
1780456753,105.909525
1780456753,109.480722
1780456753,114.385186
1780456753,113.575764
1780456753,109.420522
1780456753,107.724402
1780456753,113.892866
1780456753,111.724259
1780456753,112.668764
1780456753,114.369509
1780456753,114.391142
1780456753,114.477361
1780456753,108.814963
1780456753,113.335015
1780456753,111.420020
1780456753,111.515830
1780456753,114.781965
1780456753,108.998196
1780456753,109.018210
1780456753,109.172966
1780456753,111.745245
1780456753,113.818475
1780456753,104.656419
1780456753,108.310359
1780456753,111.896556
1780456753,113.973974
1780456753,112.250107
1780456753,114.338269
1780456753,111.733290
1780456753,104.011436
1780456753,104.186922
1780456753,112.563006
1780456753,116.027969
1780456753,105.202419
1780456753,116.094994
1780456753,104.101530
1780456753,114.780126
1780456753,112.620424
1780456753,107.492825
1780456753,114.909151
1780456753,112.449875
1780456753,103.995789
1780456753,103.277966
1780456753,114.698200
1780456753,113.429798
1780456753,107.420563
1780456753,106.278063
1780456753,115.180490
1780456753,113.234763
1780456753,106.088307
1780456753,106.750326
1780456753,112.533282
1780456753,114.072718
1780456753,107.041468
1780456753,106.328094
1780456753,114.409952
1780456753,104.319295
1780456753,107.080197
1780456753,116.679345
1780456753,107.520997
1780456753,113.266216
1780456753,114.479065
1780456753,107.179863
1780456753,113.505324
1780456753,113.530009
1780456753,107.061750
1780456753,107.952216
1780456753,116.648003
1780456753,111.206494
1780456753,107.757239
1780456753,102.675706
1780456753,113.274232
1780456753,108.079898
1780456753,102.902852
1780456753,108.634248
1780456753,116.133525
1780456753,108.051709
1780456753,116.444539
1780456753,116.333087
1780456753,107.431945
1780456753,118.059043
1780456753,113.233755
1780456753,109.620526
1780456753,117.152270
1780456753,113.499337
1780456753,104.257123
1780456753,114.801062
1780456753,108.565362
1780456753,115.044502
1780456753,116.889747
1780456753,109.854162
1780456753,114.109035
1780456753,104.966992
1780456753,114.190196
1780456753,110.872220
1780456753,110.224517
1780456753,110.649787
1780456753,108.272312
1780456753,110.824027
1780456753,110.789002
1780456753,109.972274
1780456753,114.891707
1780456753,110.736944
1780456753,110.928668
1780456753,110.011807
1780456753,108.809989
1780456753,114.689703
1780456753,111.569994
1780456753,115.562078
1780456753,110.955554
1780456753,109.065066
1780456753,113.351889
1780456753,109.181623
1780456753,106.598220
1780456753,114.485766
1780456753,111.864178
1780456753,106.656635
1780456753,104.662613
1780456753,109.203968
1780456753,111.634848
1780456753,107.011223
1780456753,110.012650
1780456753,114.285038
1780456753,105.294841
1780456753,112.297504
1780456753,114.468755
1780456753,113.417095
1780456753,112.608932
1780456753,115.014810
1780456753,108.105165
1780456753,109.300712
1780456753,113.602726
1780456753,113.586333
1780456753,107.380641
1780456753,106.234971
1780456753,106.197363
1780456753,109.983971
1780456753,112.280049
1780456753,115.585728
1780456753,114.729195
1780456753,113.843282
1780456753,114.987774
1780456753,115.616376
1780456753,109.804882
1780456753,110.723872
1780456753,115.921283
1780456753,108.833535
1780456753,113.846293
1780456753,107.810239
1780456753,116.562187
1780456753,109.674322
1780456753,113.434699
1780456753,112.614073
1780456753,117.485788
1780456753,117.364021
1780456753,116.891023
1780456753,115.577394
1780456753,117.049011
1780456753,112.993958
1780456753,112.063169
1780456753,115.674665
1780456753,117.705240
1780456753,110.653479
1780456753,112.921271
1780456753,113.023167
1780456753,114.367810
1780456753,109.501892
1780456753,106.485464
1780456753,113.188546
1780456753,117.947983
1780456753,118.186654
1780456753,118.182986
1780456753,106.504626
1780456753,104.549243
1780456753,113.506918
1780456753,106.979135
1780456753,111.727473
1780456753,118.799530
1780456753,106.857978
1780456753,113.348943
1780456753,114.418212
1780456753,112.281010
1780456753,107.376086
1780456753,118.854337
1780456753,115.703253
1780456753,119.063866
1780456753,114.714290
1780456753,112.390754
1780456753,114.610980
1780456753,119.607686
1780456753,114.979617
1780456753,111.414396
1780456753,104.612026
1780456753,112.980855
1780456753,119.775952
1780456753,107.097469
1780456753,112.011792
1780456753,113.561883
1780456753,107.716219
1780456753,108.917164
1780456753,115.773327
1780456753,109.290930
1780456753,115.816570
1780456753,120.491849
1780456753,109.103416
1780456753,112.800351
1780456753,107.424057
1780456753,109.538591
1780456753,114.582760
1780456753,109.761552
1780456753,109.213494
1780456753,114.895862
1780456753,106.334313
1780456753,109.024768
1780456753,121.290495
1780456753,116.379266
1780456753,118.543786
1780456753,105.930022
1780456753,106.102210
1780456753,115.280368
1780456753,115.355428
1780456753,111.879128
1780456753,109.761554
1780456753,122.121078
1780456753,115.834139
1780456753,107.442452
1780456753,108.055181
1780456753,122.659041
1780456753,122.906926
1780456753,107.843666
1780456753,112.148630
1780456753,115.862529
1780456753,105.060599
1780456753,112.245360
1780456753,107.208036
1780456753,116.192227
1780456753,115.507887
1780456753,107.697269
1780456753,114.415473
1780456753,115.718420
1780456753,107.590167
1780456753,112.537314
1780456753,113.348713
1780456753,115.810428
1780456753,111.183609
1780456753,113.321044
1780456753,112.289901
1780456753,107.077847
1780456753,115.076753
1780456753,110.391951
1780456753,110.283897
1780456753,121.120265
1780456753,121.214400
1780456753,125.108132
1780456753,118.925616
1780456753,119.065481
1780456753,125.107019
1780456753,123.154289
1780456753,120.243366
1780456753,107.652374
1780456753,110.586572
1780456753,107.250415
1780456753,117.968217
1780456753,114.555195
1780456753,113.748643
1780456753,108.671255
1780456753,111.452022
1780456753,116.711483
1780456753,115.583234
1780456753,113.487807
1780456753,109.044284
1780456753,114.126775
1780456753,110.335889
1780456753,113.688600
1780456753,108.621435
1780456753,109.632026
1780456753,116.157993
1780456753,110.752377
1780456753,112.447574
1780456753,109.055255
1780456753,112.399864
1780456753,117.714301
1780456753,116.834738
1780456753,116.679317
1780456753,109.325040
1780456753,113.397932
1780456753,112.510625
1780456753,109.629783
1780456753,113.568359
1780456753,111.773639
1780456753,110.841919
1780456753,112.091874
1780456753,109.717702
1780456753,111.114701
1780456753,110.381617
1780456753,115.638509
1780456753,108.896168
1780456753,115.723454
1780456753,110.637787
1780456753,109.360635
1780456753,109.303959
1780456753,114.600520
1780456753,111.979098
1780456753,112.233612
1780456753,109.762887
1780456753,115.262772
1780456753,112.376303
1780456753,112.490516
1780456753,115.377991
1780456753,108.980260
1780456753,108.924230
1780456753,112.846988
1780456753,108.462282
1780456753,104.299652
1780456753,116.062406
1780456753,109.342513
1780456753,113.685208
1780456753,105.819160
1780456753,109.263946
1780456753,107.710789
1780456753,112.875640
1780456753,104.639254
1780456753,115.793815
1780456753,105.042428
1780456753,113.206499
1780456753,115.214239
1780456753,108.931845
1780456753,118.358397
1780456753,104.845111
1780456753,115.423931
1780456753,108.138122
1780456753,109.374946
1780456753,105.458932
1780456753,115.574850
1780456753,116.478281
1780456753,113.364751
1780456753,108.564211
1780456753,104.899715
1780456753,113.600595
1780456753,105.939498
1780456753,117.987785
1780456753,108.776394
1780456753,112.549383
1780456753,109.142909
1780456753,116.468821
1780456753,112.967588
1780456753,116.677582
1780456753,111.866378
1780456753,105.858036
1780456753,115.914992
1780456753,106.883638
1780456753,112.016360
1780456753,113.597669
1780456753,107.141444
1780456753,119.222037
1780456753,112.722646
1780456753,112.705808
1780456753,105.903461
1780456753,107.484863
1780456753,106.256950
1780456753,106.333129
1780456753,115.986837
1780456753,114.303815
1780456753,107.884964
1780456753,106.492279
1780456753,114.421687
1780456753,105.298335
1780456753,106.853385
1780456753,108.312366
1780456753,117.572514
1780456753,113.984249
1780456753,106.141976
1780456753,106.101674
1780456753,118.806332
1780456753,106.365591
1780456753,117.158509
1780456753,106.519700
1780456753,106.522971
1780456753,114.476377
1780456753,106.641473
1780456753,117.267575
1780456753,107.821734
1780456753,106.307540
1780456753,116.017456
1780456753,117.597769
1780456753,114.559398
1780456753,105.432528
1780456753,115.152601
1780456753,105.469539
1780456753,116.255372
1780456753,116.627105
1780456753,106.878822
1780456753,105.951754
1780456753,107.856619
1780456753,118.381403
1780456753,108.121298
1780456753,117.259658
1780456753,117.380101
1780456753,108.404392
1780456753,118.857091
1780456753,104.612186
1780456753,117.875052
1780456753,117.065070
1780456753,116.743467
1780456753,107.578611
1780456753,107.439638
1780456753,107.571760
1780456753,108.884208
1780456753,107.854673
1780456753,107.861637
1780456753,107.099952
1780456753,119.068020
1780456753,105.803148
1780456753,118.402782
1780456753,107.217218
1780456753,117.928165
1780456753,118.692227
1780456753,118.680807
1780456753,107.382389
1780456753,108.025624
1780456753,118.878629
1780456753,107.871565
1780456753,118.559648
1780456753,118.697859
1780456753,108.096127
1780456753,119.084284
1780456753,107.550713
1780456753,119.580984
1780456753,105.526201
1780456753,107.809506
1780456753,118.617900
1780456753,105.472804
1780456753,118.793363
1780456753,103.579017
1780456753,108.333088
1780456753,114.969199
1780456753,119.084845
1780456753,105.910457
1780456753,108.609650
1780456753,113.980792
1780456753,120.707890
1780456753,108.561201
1780456753,112.680545
1780456753,113.318766
1780456753,119.007927
1780456753,121.600084
1780456753,120.941928
1780456753,121.067550
1780456753,121.359376
1780456753,110.927885
1780456753,110.837213
1780456753,122.007906
1780456753,122.709779
1780456753,121.076940
1780456753,121.254292
1780456753,109.418637
1780456753,122.914107
1780456753,119.902281
1780456753,123.927385
1780456753,117.020945
1780456753,112.501337
1780456753,109.043986
1780456753,121.288287
1780456753,122.732149
1780456753,121.426142
1780456753,123.525359
1780456753,123.486629
1780456753,123.581801
1780456753,124.569667
1780456753,125.510829
1780456753,121.613038
1780456753,121.659567
1780456753,121.770410
1780456753,123.436492
1780456753,123.577935
1780456753,123.738457
1780456753,112.866876
1780456753,113.040095
1780456753,124.782963
1780456753,113.008493
1780456753,124.878168
1780456753,125.029097
1780456753,113.174123
1780456753,125.958440
1780456753,109.745847
1780456753,117.821059
1780456753,115.463837
1780456753,109.741365
1780456753,115.465313
1780456753,111.513606
1780456753,109.827630
1780456753,111.968376
1780456753,116.435409
1780456753,116.866570
1780456753,109.980752
1780456753,113.017195
1780456753,117.022692
1780456753,122.254757
1780456753,113.821313
1780456753,118.373082
1780456753,110.351525
1780456753,109.811914
1780456753,115.969796
1780456753,110.620156
1780456753,116.095427
1780456753,108.968782
1780456753,113.122134
1780456753,116.082328
1780456753,107.567143
1780456753,116.772065
1780456753,110.243380
1780456753,108.336730
1780456753,116.912815
1780456753,116.373356
1780456753,114.668637
1780456753,110.083468
1780456753,109.270034
1780456753,107.214879
1780456753,115.178504
1780456753,109.401994
1780456753,107.432729
1780456753,109.352923
1780456753,113.647935
1780456753,113.806852
1780456753,110.775911
1780456753,106.471857
1780456753,111.698961
1780456753,111.638277
1780456753,108.334563
1780456753,106.679468
1780456753,122.789375
1780456753,122.342496
1780456753,110.631379
1780456753,121.235981
1780456753,109.159882
1780456753,105.743100
1780456753,112.680667
1780456753,123.126138
1780456753,123.280865
1780456753,114.555250
1780456753,104.990181
1780456753,114.571058
1780456753,114.331020
1780456753,108.026702
1780456753,106.669326
1780456753,106.745411
1780456753,106.666213
1780456753,106.245234
1780456753,107.142821
1780456753,107.535529
1780456753,124.595301
1780456753,112.706314
1780456753,112.759631
1780456753,116.031720
1780456753,121.277525
1780456753,108.098366
1780456753,111.224718
1780456753,124.331872
1780456753,112.939606
1780456753,111.485427
1780456753,124.879050
1780456753,112.701007
1780456753,120.341881
1780456753,120.377727
1780456753,119.374830
1780456753,117.809022
1780456753,109.823609
1780456753,120.788575
1780456753,121.296096
1780456753,107.104932
1780456753,120.829542
1780456753,119.630188
1780456753,107.409622
1780456753,107.486255
1780456753,105.988032
1780456753,115.321153
1780456753,117.106903
1780456753,116.937437
1780456753,120.288720
1780456753,103.897995
1780456753,122.452953
1780456753,104.062652
1780456753,122.480439
1780456753,119.565466
1780456753,107.485351
1780456753,112.256167
1780456753,116.937989
1780456753,111.255122
1780456753,114.433753
1780456753,116.217620
1780456753,124.755533
1780456753,116.497926
1780456753,126.376017
1780456753,124.917778
1780456753,109.650689
1780456753,110.414789
1780456753,110.502732
1780456753,110.473118
1780456753,114.517890
1780456753,120.034251
1780456753,123.190533
1780456753,120.457249
1780456753,115.397119
1780456753,120.573528
1780456753,123.116630
1780456753,110.921124
1780456753,110.770609
1780456753,110.838340
1780456753,110.862613
1780456753,111.003173
1780456753,110.949450
1780456753,110.226507
1780456753,117.399271
1780456753,113.143218
1780456753,110.924618
1780456753,117.508824
1780456753,118.950452
1780456753,113.199644
1780456753,113.249494
1780456753,119.089390
1780456753,114.587057
1780456753,113.450366
1780456753,114.815776
1780456753,111.547782
1780456753,117.831790
1780456753,109.875075
1780456753,111.578559
1780456753,110.687721
1780456753,105.943484
1780456753,105.642886
1780456753,105.346665
1780456753,124.832784
1780456753,107.702561
1780456753,107.706472
1780456753,108.296648
1780456753,108.387720
1780456753,108.421894
1780456753,118.240299
1780456753,120.652889
1780456753,117.148534
1780456753,121.520463
1780456753,114.692135
1780456753,109.540438
1780456753,108.927259
1780456753,109.925714
1780456753,109.650564
1780456753,116.140736
1780456753,109.985455
1780456753,110.724364
1780456753,110.743794
1780456753,111.309604
1780456753,114.249838
1780456753,113.671454
1780456753,114.372066
1780456753,112.409597
1780456753,114.190645
1780456753,114.572279
1780456753,114.472760
1780456753,108.651991
1780456753,114.188430
1780456753,114.362100
1780456753,114.358930
1780456753,114.296775
1780456753,114.199142
1780456753,114.634405
1780456753,114.379834
1780456753,114.414650
1780456753,114.559401
1780456753,109.282014
1780456753,114.935438
1780456753,109.778739
1780456753,116.352713
1780456753,111.184971
1780456753,117.329265
1780456753,117.218342
1780456753,117.430695
1780456753,117.306179
1780456753,117.750516
1780456753,117.698022
1780456753,117.780055
1780456753,117.902458
1780456753,117.351858
1780456753,118.071840
1780456753,117.570760
1780456753,117.578236
1780456753,112.171451
1780456753,115.263353
1780456753,115.201133
1780456753,112.331529
1780456753,116.184820
1780456753,117.662767
1780456753,117.912768
1780456753,117.873892
1780456753,118.110221
1780456753,113.550086
1780456753,113.828196
1780456753,107.623891
1780456753,115.621659
1780456753,116.515605
1780456753,114.947076
1780456753,115.529246
1780456753,120.821280
1780456753,119.977330
1780456753,120.063104
1780456753,117.749163
1780456753,122.184071
1780456753,122.246391
1780456753,117.290527
1780456753,104.245607
1780456753,104.034708
1780456753,104.035291
1780456753,104.473987
1780456753,104.473347
1780456753,104.780630
1780456753,105.144045
1780456753,107.659125
1780456753,107.780738
1780456753,107.856982
1780456753,105.774810
1780456753,105.735624
1780456753,105.810251
1780456753,104.023089
1780456753,104.509901
1780456753,104.707858
1780456753,103.084842
1780456753,103.981675
1780456753,102.917222
1780456753,104.549816
1780456753,104.122359
1780456753,110.045966
1780456753,105.347108
1780456753,103.228587
1780456753,103.174893
1780456753,105.938197
1780456753,111.509106
1780456753,111.499148
1780456753,105.734995
1780456753,105.196273
1780456753,112.327535
1780456753,105.309066
1780456753,112.312560
1780456753,112.770723
1780456753,105.529327
1780456753,105.671255
1780456753,105.283102
1780456753,105.405473
1780456753,112.068707
1780456753,107.011533
1780456753,104.186527
1780456753,112.006071
1780456753,106.676960
1780456753,107.835927
1780456753,104.813625
1780456753,107.371779
1780456753,111.134441
1780456753,115.133210
1780456753,114.392076
1780456753,117.363794
1780456753,114.100032
1780456753,104.943639
1780456753,112.816700
1780456753,105.851475
1780456753,105.949024
1780456753,106.752298
1780456753,104.647089
1780456753,113.287059
1780456753,110.798915
1780456753,109.630692
1780456753,112.025649
1780456753,111.498531
1780456753,105.072994
1780456753,111.076291
1780456753,107.302712
1780456753,112.829497
1780456753,111.934068
1780456753,108.159421
1780456753,106.168168
1780456753,108.312439
1780456753,103.842515
1780456753,107.361177
1780456753,105.024691
1780456753,104.985155
1780456753,107.621799
1780456753,105.036962
1780456753,105.088829
1780456753,104.773576
1780456753,105.555288
1780456753,104.082502
1780456753,105.718201
1780456753,105.717970
1780456753,104.401531
1780456753,104.816679
1780456753,106.377216
1780456753,110.706952
1780456753,111.170946
1780456753,111.742162
1780456753,111.098476
1780456753,111.052221
1780456753,110.381565
1780456753,109.607786
1780456753,111.459781
1780456753,111.457551
1780456753,112.727995
1780456753,110.162730
1780456753,113.480078
1780456753,110.433800
1780456753,112.333410
1780456753,112.282219
1780456753,110.494492
1780456753,112.459404
1780456753,113.502285
1780456753,109.158295
1780456753,110.254495
1780456753,108.398032
1780456753,112.921813
1780456753,108.749103
1780456753,108.744155
1780456753,114.065050
1780456753,113.771347
1780456753,105.512802
1780456753,113.917903
1780456753,113.983813
1780456753,107.657260
1780456753,107.627707
1780456753,107.786030
1780456753,107.818132
1780456753,107.822033
1780456753,107.833483
1780456753,107.879873
1780456753,105.397181
1780456753,106.627173
1780456753,106.714475
1780456753,106.733485
1780456753,106.981299
1780456753,106.721978
1780456753,112.017580
1780456753,106.161855
1780456753,125.381557
1780456753,120.734691
1780456753,119.100544
1780456753,121.106877
1780456753,126.507547
1780456753,118.274822
1780456753,122.191687
1780456753,123.802599
1780456753,132.524717
1780456753,134.218663
1780456753,127.908885
1780456753,119.876281
1780456753,120.612553
1780456753,132.964151
1780456753,127.198602
1780456753,118.757043
1780456753,123.189036
1780456753,123.208999
1780456753,124.362740
1780456753,126.574180
1780456753,126.077946
1780456753,127.437720
1780456753,118.994268
1780456753,117.690464
1780456753,127.018377
1780456753,127.024494
1780456753,133.444932
1780456753,127.047932
1780456753,127.255607
1780456753,127.288736
1780456753,127.216681
1780456753,127.523155
1780456753,127.687931
1780456753,133.239346
1780456753,130.573698
1780456753,133.683965
1780456753,135.006558
1780456753,137.432059
1780456753,142.559478
1780456753,143.033102
1780456753,133.800092
1780456753,119.050995
1780456753,136.517856
1780456753,134.003415
1780456753,144.964357
1780456753,143.238941
1780456753,135.992333
1780456753,119.086056
1780456753,130.704698
1780456753,119.855975
1780456753,125.271484
1780456753,123.458683
1780456753,128.865946
1780456753,119.759575
1780456753,119.883190
1780456753,119.961592
1780456753,132.957718
1780456753,132.997589
1780456753,158.431240
1780456753,154.810666
1780456753,154.910055
1780456753,158.243547
1780456753,158.392471
1780456753,145.558085
1780456753,147.107325
1780456753,140.213069
1780456753,147.714046
1780456753,142.063589
1780456753,150.928433
1780456753,142.104871
1780456753,142.112311
1780456753,155.213875
1780456753,155.367402
1780456753,128.896426
1780456753,135.451977
1780456753,135.633084
1780456753,129.039915
1780456753,135.673410
1780456753,135.411925
1780456753,128.468544
1780456753,140.265416
1780456753,129.490016
1780456753,129.363708
1780456753,146.987800
1780456753,136.120894
1780456753,135.936794
1780456753,136.014065
1780456753,136.021960
1780456753,136.347523
1780456753,136.423054
1780456753,134.904487
1780456753,136.248920
1780456753,145.391222
1780456753,129.855652
1780456753,118.943943
1780456753,125.249240
1780456753,133.445653
1780456753,122.777403
1780456753,136.774472
1780456753,129.166069
1780456753,136.633232
1780456753,129.369538
1780456753,119.402897
1780456753,118.264094
1780456753,132.193832
1780456753,126.603839
1780456753,126.859692
1780456753,124.681948
1780456753,138.582113
1780456753,138.757213
1780456753,138.410910
1780456753,132.181090
1780456753,132.178771
1780456753,131.115219
1780456753,131.458814
1780456753,115.434873
1780456753,121.291931
1780456753,117.547618
1780456753,119.861881
1780456753,121.643923
1780456753,139.078570
1780456753,114.951328
1780456753,152.195131
1780456753,149.668903
1780456753,150.545127
1780456753,146.353117
1780456753,146.461057
1780456753,135.356839
1780456753,136.417608
1780456753,136.834447
1780456753,136.318905
1780456753,135.619828
1780456753,135.492742
1780456753,135.591016
1780456753,135.452619
1780456753,132.733571
1780456753,135.996298
1780456753,136.010113
1780456753,132.956537
1780456753,133.767762
1780456753,133.904709
1780456753,134.022777
1780456753,136.602538
1780456753,135.573881
1780456753,137.611010
1780456753,137.291762
1780456753,136.537830
1780456753,127.576267
1780456753,136.614733
1780456753,136.712841
1780456753,137.384999
1780456753,137.467312
1780456753,137.614631
1780456753,137.410340
1780456753,137.752091
1780456753,136.936520
1780456753,137.017963
1780456753,137.139216
1780456753,137.594096
1780456753,137.236345
1780456753,137.890208
1780456753,138.032027
1780456753,119.743143
1780456753,121.994400
1780456753,137.718895
1780456753,137.983574
1780456753,121.206975
1780456753,138.180635
1780456753,123.234408
1780456753,121.949232
1780456753,125.800412
1780456753,135.018797
1780456753,134.142470
1780456753,136.570446
1780456753,138.342182
1780456753,133.687678
1780456753,138.242278
1780456753,138.359141
1780456753,120.649516
1780456753,137.821503
1780456753,115.377655
1780456753,114.442136
1780456753,138.549091
1780456753,138.122164
1780456753,120.105834
1780456753,137.784697
1780456753,135.737894
1780456753,126.125469
1780456753,118.638381
1780456753,158.162917
1780456753,158.062280
1780456753,158.250604
1780456753,153.980999
1780456753,154.098162
1780456753,154.239862
1780456753,149.083752
1780456753,149.112806
1780456753,147.813509
1780456753,149.285787
1780456753,152.461086
1780456753,141.871181
1780456753,145.784323
1780456753,149.554187
1780456753,154.563739
1780456753,141.838933
1780456753,148.022480
1780456753,141.894882
1780456753,142.225552
1780456753,149.759712
1780456753,146.531674
1780456753,159.603326
1780456753,158.620461
1780456753,160.326424
1780456753,146.762050
1780456753,154.168635
1780456753,147.018736
1780456753,154.988364
1780456753,148.551589
1780456753,155.101095
1780456753,155.073859
1780456753,155.107116
1780456753,118.794230
1780456753,155.208791
1780456753,134.379132
1780456753,134.640359
1780456753,137.308434
1780456753,121.108748
1780456753,142.822097
1780456753,142.911944
1780456753,142.908284
1780456753,143.115599
1780456753,123.911560
1780456753,143.203576
1780456753,143.116221
1780456753,142.969599
1780456753,143.033164
1780456753,142.189585
1780456753,142.861713
1780456753,143.327527
1780456753,127.795864
1780456753,127.735641
1780456753,143.501669
1780456753,128.100334
1780456753,130.102870
1780456753,130.165415
1780456753,130.115295
1780456753,130.257667
1780456753,129.872789
1780456753,147.323047
1780456753,133.622628
1780456753,133.549016
1780456753,149.028825
1780456753,136.413756
1780456753,136.915027
1780456753,138.734365
1780456753,144.204774
1780456753,149.626347
1780456753,144.206526
1780456753,144.331367
1780456753,144.402200
1780456753,156.236063
1780456753,156.243785
1780456753,157.303180
1780456753,149.595417
1780456753,145.847915
1780456753,149.976769
1780456753,146.023613
1780456753,145.989360
1780456753,146.055291
1780456753,150.211085
1780456753,149.655579
1780456753,150.234619
1780456753,156.527962
1780456753,119.805202
1780456753,119.984750
1780456753,120.704735
1780456753,121.831985
1780456753,123.710727
1780456753,126.004959
1780456753,120.035068
1780456753,120.501472
1780456753,135.463629
1780456753,133.882500
1780456753,135.494820
1780456753,136.266715
1780456753,140.654021
1780456753,140.804184
1780456753,135.585392
1780456753,122.103448
1780456753,141.522427
1780456753,136.655354
1780456753,135.900631
1780456753,122.623933
1780456753,136.389411
1780456753,137.112980
1780456753,145.681356
1780456753,144.745710
1780456753,145.845159
1780456753,146.118053
1780456753,126.799722
1780456753,147.808211
1780456753,147.881886
1780456753,129.609502
1780456753,151.644008
1780456753,151.715593
1780456753,151.829875
1780456753,148.070956
1780456753,153.470242
1780456753,154.441271
1780456753,127.445366
1780456753,130.922793
1780456753,130.859665
1780456753,131.381214
1780456753,130.949629
1780456753,141.093666
1780456753,145.393466
1780456753,141.226558
1780456753,145.524388
1780456753,145.653215
1780456753,133.407789
1780456753,145.680458
1780456753,146.043104
1780456753,146.047104
1780456753,146.184796
1780456753,133.926760
1780456753,136.474956
1780456753,156.602150
1780456753,155.135963
1780456753,157.093068
1780456753,157.167358
1780456753,157.501736
1780456753,150.163513
1780456753,128.464688
1780456753,128.329385
1780456753,150.503246
1780456753,128.626211
1780456753,128.687571
1780456753,129.163747
1780456753,137.180407
1780456753,136.244567
1780456753,138.477493
1780456753,138.145470
1780456753,138.377277
1780456753,137.367481
1780456753,136.600706
1780456753,136.560834
1780456753,138.533780
1780456753,132.472668
1780456753,131.860325
1780456753,138.737078
1780456753,139.709062
1780456753,138.059026
1780456753,137.449892
1780456753,135.840992
1780456753,135.219700
1780456753,137.208539
1780456753,136.942575
1780456753,126.685169
1780456753,145.994622
1780456753,126.883790
1780456753,146.393134
1780456753,126.397153
1780456753,127.276130
1780456753,137.994771
1780456753,128.661463
1780456753,138.255403
1780456753,137.046608
1780456753,129.326369
1780456753,138.803469
1780456753,138.795693
1780456753,130.494126
1780456753,140.425533
1780456753,125.967085
1780456753,146.293797
1780456753,126.080487
1780456753,146.878947
1780456753,147.554173
1780456753,147.264336
1780456753,147.507875
1780456753,138.802708
1780456753,139.796068
1780456753,139.078017
1780456753,140.067679
1780456753,158.719567
1780456753,140.412248
1780456753,142.123975
1780456753,159.073733
1780456753,142.396118
1780456753,159.456675
1780456753,142.815945
1780456753,159.632009
1780456753,144.204207
1780456753,165.175480
1780456753,162.822343
1780456753,144.932453
1780456753,126.045445
1780456753,147.743267
1780456753,149.238161
1780456753,126.308287
1780456753,126.646619
1780456753,127.169415
1780456753,174.434641
1780456753,151.057978
1780456753,161.939806
1780456753,160.342846
1780456753,162.401396
1780456753,153.793147
1780456753,127.554007
1780456753,127.672742
1780456753,128.132204
1780456753,151.819316
1780456753,127.841164
1780456753,151.954552
1780456753,127.134465
1780456753,152.977263
1780456753,128.306601
1780456753,127.355835
1780456753,129.676554
1780456753,156.717575
1780456753,154.204155
1780456753,129.691733
1780456753,129.585577
1780456753,154.266232
1780456753,153.995393
1780456753,131.721810
1780456753,131.672076
1780456753,156.744862
1780456753,135.191562
1780456753,157.544893
1780456753,135.394684
1780456753,157.745326
1780456753,157.814153
1780456753,156.969824
1780456753,156.525645
1780456753,157.162010
1780456753,161.051729
1780456753,156.064317
1780456753,158.082748
1780456753,158.746111
1780456753,160.232547
1780456753,126.554595
1780456753,158.124565
1780456753,127.324087
1780456753,159.776518
1780456753,159.430246
1780456753,160.302360
1780456753,160.039895
1780456753,156.438542
1780456753,141.234708
1780456753,162.730592
1780456753,141.536582
1780456753,143.203833
1780456753,163.272530
1780456753,154.473066
1780456753,144.030806
1780456753,156.225759
1780456753,144.174624
1780456753,157.176475
1780456753,162.851782
1780456753,163.339067
1780456753,159.084579
1780456753,163.469777
1780456753,158.684073
1780456753,145.387380
1780456753,163.743231
1780456753,148.535781
1780456753,167.585102
1780456753,157.249637
1780456753,170.273027
1780456753,150.772119
1780456753,163.332811
1780456753,128.431894
1780456753,161.964609
1780456753,127.836478
1780456753,161.802832
1780456753,161.874634
1780456753,130.410773
1780456753,128.594667
1780456753,128.940206
1780456753,130.622004
1780456753,130.781448
1780456753,132.166307
1780456753,134.983816
1780456753,142.321566
1780456753,142.822988
1780456753,138.270208
1780456753,155.439143
1780456753,154.329455
1780456753,155.863340
1780456753,154.573243
1780456753,157.671459
1780456753,161.700387
1780456753,161.224834
1780456753,154.338661
1780456753,158.884290
1780456753,161.288272
1780456753,154.442148
1780456753,155.608793
1780456753,154.343684
1780456753,154.343991
1780456753,154.304748
1780456753,159.825411
1780456753,154.468212
1780456753,159.716107
1780456753,155.287625
1780456753,156.349506
1780456753,154.333528
1780456753,155.534025
1780456753,155.907931
1780456753,155.931115
1780456753,130.423678
1780456753,159.090656
1780456753,129.115470
1780456753,156.887676
1780456753,157.402432
1780456753,128.930864
1780456753,154.563149
1780456753,154.353178
1780456753,154.492489
1780456753,156.184189
1780456753,130.907373
1780456753,155.098353
1780456753,156.899865
1780456753,131.386116
1780456753,156.577322
1780456753,129.138232
1780456753,155.493261
1780456753,155.669531
1780456753,166.647702
1780456753,165.601265
1780456753,164.091603
1780456753,164.047330
1780456753,165.370243
1780456753,130.887640
1780456753,129.877614
1780456753,161.304884
1780456753,130.195122
1780456753,162.117997
1780456753,164.076481
1780456753,164.242392
1780456753,162.843754
1780456753,164.248418
1780456753,130.052865
1780456753,155.984534
1780456753,157.727133
1780456753,156.232445
1780456753,156.724097
1780456753,131.148962
1780456753,155.780226
1780456753,156.588552
1780456753,131.389681
1780456753,156.961018
1780456753,156.718216
1780456753,155.221297
1780456753,129.748951
1780456753,155.262734
1780456753,155.371493
1780456753,155.319845
1780456753,130.364852
1780456753,152.880781
1780456753,130.198144
1780456753,129.540608
1780456753,124.504136
1780456753,124.318155
1780456753,168.448224
1780456753,122.906489
1780456753,123.033895
1780456753,165.132984
1780456753,156.824562
1780456753,123.436825
1780456753,156.916031
1780456753,171.681762
1780456753,123.328507
1780456753,170.741488
1780456753,123.974485
1780456753,170.161905
1780456753,123.944685
1780456753,165.393929
1780456753,124.179678
1780456753,170.303758
1780456753,124.481530
1780456753,156.933514
1780456753,164.031034
1780456753,124.383224
1780456753,168.735449
1780456753,164.686136
1780456753,158.045971
1780456753,124.726035
1780456753,126.253718
1780456753,126.127613
1780456753,126.788522
1780456753,169.093334
1780456753,158.209805
1780456753,126.808883
1780456753,169.180747
1780456753,169.623637
1780456753,164.549044
1780456753,158.748697
1780456753,160.924116
1780456753,159.184899
1780456753,128.872684
1780456753,171.308126
1780456753,163.322012
1780456753,163.590876
1780456753,166.028028
1780456753,160.732002
1780456753,124.817742
1780456753,160.964778
1780456753,123.987327
1780456753,124.187898
1780456753,158.781808
1780456753,161.091414
1780456753,161.237429
1780456753,159.925640
1780456753,160.021404
1780456753,124.845634
1780456753,160.414189
1780456753,127.333233
1780456753,158.945070
1780456753,159.100511
1780456753,160.467539
1780456753,160.712469
1780456753,167.474475
1780456753,160.336585
1780456753,159.844657
1780456753,166.969320
1780456753,160.804653
1780456753,160.071789
1780456753,166.699727
1780456753,165.606841
1780456753,160.523200
1780456753,165.670481
1780456753,160.938139
1780456753,159.167033
1780456753,161.096765
1780456753,159.208527
1780456753,161.580084
1780456753,159.200547
1780456753,159.248448
1780456753,165.987488
1780456753,166.062877
1780456753,157.949047
1780456753,161.843511
1780456753,165.091338
1780456753,160.356771
1780456753,164.870469
1780456753,160.151210
1780456753,160.591832
1780456753,162.141613
1780456753,162.491020
1780456753,169.700395
1780456753,162.680854
1780456753,162.424582
1780456753,163.587219
1780456753,162.794482
1780456753,161.013464
1780456753,163.804148
1780456753,160.999420
1780456753,120.473365
1780456753,118.937338
1780456753,163.382874
1780456753,161.324517
1780456753,123.405252
1780456753,161.292493
1780456753,163.965880
1780456753,162.477480
1780456753,122.043002
1780456753,161.568013
1780456753,122.165758
1780456753,162.018816
1780456753,162.662213
1780456753,122.289988
1780456753,122.640003
1780456753,163.191554
1780456753,161.186502
1780456753,162.682739
1780456753,122.643245
1780456753,161.334121
1780456753,163.239666
1780456753,161.869350
1780456753,122.716966
1780456753,161.363106
1780456753,121.373895
1780456753,161.776231
1780456753,161.628922
1780456753,123.080530
1780456753,159.978759
1780456753,161.984432
1780456753,120.317445
1780456753,162.436877
1780456753,116.649557
1780456753,162.622571
1780456753,115.418978
1780456753,162.025648
1780456753,119.145706
1780456753,160.855498
1780456753,161.225344
1780456753,160.973534
1780456753,165.001098
1780456753,161.393265
1780456753,161.465165
1780456753,165.736339
1780456753,161.590424
1780456753,164.092519
1780456753,161.638233
1780456753,160.555551
1780456753,164.093110
1780456753,160.680168
1780456753,164.879669
1780456753,164.823150
1780456753,161.058877
1780456753,162.906753
1780456753,163.801332
1780456753,160.511183
1780456753,161.554832
1780456753,160.610490
1780456753,161.730403
1780456753,163.935866
1780456753,161.774827
1780456753,161.924557
1780456753,160.880938
1780456753,162.056520
1780456753,161.188343
1780456753,161.473340
1780456753,161.345549
1780456753,161.072765
1780456753,161.422515
1780456753,118.664622
1780456753,161.483400
1780456753,161.658306
1780456753,130.010753
1780456753,161.738395
1780456753,160.778446
1780456753,161.182200
1780456753,159.897926
1780456753,161.303833
1780456753,161.939966
1780456753,161.377717
1780456753,159.870934
1780456753,160.047124
1780456753,160.350031
1780456753,119.603064
1780456753,158.774177
1780456753,160.402657
1780456753,117.532682
1780456753,160.471788
1780456753,158.566390
1780456753,160.674303
1780456753,117.653505
1780456753,159.611331
1780456753,129.619660
1780456753,159.964696
1780456753,158.074195
1780456753,162.807134
1780456753,160.075766
1780456753,163.010559
1780456753,160.217695
1780456753,158.533511
1780456753,158.932995
1780456753,163.138935
1780456753,160.208452
1780456753,163.183924
1780456753,158.898524
1780456753,158.394857
1780456753,158.446599
1780456753,157.909959
1780456753,161.796226
1780456753,159.502625
1780456753,115.264976
1780456753,155.742462
1780456753,157.508831
1780456753,159.243028
1780456753,161.892795
1780456753,158.438181
1780456753,156.139088
1780456753,156.528026
1780456753,162.090530
1780456753,156.413210
1780456753,160.530772
1780456753,156.867479
1780456753,155.058066
1780456753,158.586413
1780456753,118.277061
1780456753,157.333637
1780456753,153.417678
1780456753,130.512732
1780456753,153.349882
1780456753,157.106520
1780456753,153.323288
1780456753,158.179376
1780456753,154.950150
1780456753,158.405550
1780456753,130.516577
1780456753,156.325576
1780456753,153.574755
1780456753,130.635917
1780456753,118.055768
1780456753,162.621301
1780456753,153.699720
1780456753,153.725695
1780456753,153.661400
1780456753,130.410242
1780456753,162.305121
1780456753,153.476208
1780456753,153.609029
1780456753,160.233690
1780456753,169.519947
1780456753,155.613461
1780456753,169.808546
1780456753,157.075223
1780456753,158.013726
1780456753,134.740126
1780456753,158.332612
1780456753,133.417199
1780456753,166.675550
1780456753,133.273183
1780456753,155.923254
1780456753,160.195035
1780456753,171.249721
1780456753,156.400955
1780456753,142.995388
1780456753,157.730673
1780456753,158.164343
1780456753,158.085726
1780456753,159.631181
1780456753,172.774136
1780456753,170.369773
1780456753,163.386867
1780456753,137.167214
1780456753,163.126248
1780456753,137.244244
1780456753,138.568009
1780456753,166.463920
1780456753,165.296991
1780456753,161.206475
1780456753,165.402401
1780456753,169.635362
1780456753,165.554680
1780456753,169.608863
1780456753,165.666516
1780456753,124.515048
1780456753,165.773756
1780456753,124.284286
1780456753,167.608742
1780456753,169.169532
1780456753,161.440345
1780456753,163.686880
1780456753,159.941974
1780456753,162.027538
1780456753,162.064367
1780456753,161.741170
1780456753,163.033149
1780456753,162.625358
1780456753,158.032616
1780456753,157.667899
1780456753,158.160346
1780456753,158.336344
1780456753,157.910072
1780456753,158.465597
1780456753,147.341504
1780456753,158.122262
1780456753,147.571934
1780456753,158.533705
1780456753,156.997657
1780456753,146.157024
1780456753,145.687328
1780456753,156.764477
1780456753,157.332028
1780456753,146.418737
1780456753,146.179779
1780456753,157.510319
1780456753,146.262146
1780456753,155.867652
1780456753,145.098030
1780456753,155.055065
1780456753,145.393681
1780456753,158.115420
1780456753,154.396927
1780456753,145.500862
1780456753,145.668537
1780456753,145.942233
1780456753,151.713517
1780456753,146.086329
1780456753,151.796178
1780456753,146.676581
1780456753,151.768778
1780456753,145.203481
1780456753,145.383578
1780456753,145.355042
1780456753,155.136024
1780456753,153.269747
1780456753,144.050384
1780456753,143.169778
1780456753,153.805040
1780456753,142.159591
1780456753,151.952714
1780456753,152.168797
1780456753,151.979722
1780456753,152.115925
1780456753,137.150362
1780456753,137.869871
1780456753,141.672890
1780456753,141.793907
1780456753,142.101244
1780456753,147.252116
1780456753,181.338391
1780456753,181.537451
1780456753,131.581569
1780456753,131.571748
1780456753,156.671926
1780456753,126.075553
1780456753,154.571476
1780456753,153.122803
1780456753,154.501585
1780456753,155.675188
1780456753,181.782254
1780456753,146.219289
1780456753,153.096959
1780456753,151.345896
1780456753,153.024532
1780456753,149.645708
1780456753,183.972494
1780456753,146.140522
1780456753,184.162369
1780456753,184.363427
1780456753,143.985921
1780456753,140.223253
1780456753,184.760365
1780456753,183.240921
1780456753,185.239692
1780456753,185.857794
1780456753,184.742247
1780456753,155.199313
1780456753,184.741647
1780456753,156.870208
1780456753,184.831829
1780456753,184.519268
1780456753,183.303584
1780456753,171.911476
1780456753,172.479789
1780456753,173.033793
1780456753,171.280777
1780456753,185.874502
1780456753,187.141124
1780456753,181.613225
1780456753,185.709223
1780456753,185.536162
1780456753,182.012367
1780456753,173.504355
1780456753,130.329267
1780456753,171.563574
1780456753,172.006145
1780456753,175.423615
1780456753,183.283382
1780456753,131.661253
1780456753,173.983569
1780456753,173.874246
1780456753,190.798259
1780456753,183.281778
1780456753,175.496659
1780456753,176.446774
1780456753,184.008918
1780456753,177.071785
1780456753,193.786054
1780456753,193.948253
1780456753,177.526545
1780456753,189.920572
1780456753,190.068679
1780456753,185.754485
1780456753,179.434174
1780456753,186.180363
1780456753,193.151714
1780456753,192.851534
1780456753,166.968369
1780456753,173.887663
1780456753,141.241921
1780456753,147.023180
1780456753,153.072904
1780456753,149.443820
1780456753,176.902311
1780456753,177.069137
1780456753,157.006556
1780456753,158.310134
1780456753,164.947034
1780456753,179.553345
1780456753,149.746785
1780456753,180.293967
1780456753,180.928447
1780456753,169.862523
1780456753,172.827425
1780456753,192.496583
1780456753,180.336029
1780456753,193.016272
1780456753,193.047729
1780456753,197.823342
1780456753,180.131554
1780456753,181.025959
1780456753,174.276516
1780456753,152.105914
1780456753,176.260503
1780456753,182.434513
1780456753,182.901907
1780456753,131.754126
1780456753,184.623896
1780456753,182.535061
1780456753,163.242225
1780456753,187.105343
1780456753,187.192446
1780456753,187.445893
1780456753,146.842494
1780456753,186.111081
1780456753,186.001767
1780456753,176.496046
1780456753,178.487034
1780456753,191.039043
1780456753,191.197273
1780456753,178.160291
1780456753,187.634863
1780456753,192.153152
1780456753,148.424634
1780456753,151.495519
1780456753,169.906212
1780456753,195.007083
1780456753,182.090286
1780456753,153.039811
1780456753,184.999463
1780456753,161.489920
1780456753,200.027257
1780456753,172.663924
1780456753,199.972211
1780456753,173.281011
1780456753,186.634772
1780456753,173.429194
1780456753,200.926161
1780456753,173.901941
1780456753,179.113819
1780456753,190.157365
1780456753,214.456635
1780456753,203.839316
1780456753,204.532439
1780456753,205.056915
1780456753,206.416678
1780456753,182.359923
1780456753,205.082261
1780456753,205.563795
1780456753,206.288006
1780456753,161.483357
1780456753,206.965408
1780456753,207.214465
1780456753,208.559998
1780456753,209.420008
1780456753,209.739171
1780456753,178.024247
1780456753,172.632007
1780456753,174.388361
1780456753,214.932975
1780456753,215.245236
1780456753,244.749712
1780456753,264.889160
1780456753,288.908374
1780456753,290.431383
1780456753,257.330792
1780456753,276.175519
1780456753,300.129833
1780456753,277.408876
1780456753,300.828413
1780456753,278.063084
1780456753,278.372269
1780456753,278.648425
1780456753,235.215955
1780456753,249.929139
1780456753,250.249550
1780456753,250.552747
1780456753,241.523025
1780456753,299.956914
1780456753,271.653064
1780456753,277.652228
1780456753,301.828259
1780456753,300.522584
1780456753,278.112080
1780456753,280.009149
1780456753,280.214277
1780456753,302.601406
1780456753,279.987952
1780456753,280.513558
1780456753,251.008570
1780456753,269.674890
1780456753,298.809522
1780456753,299.939053
1780456753,291.226984
1780456753,293.131043
1780456753,251.531740
1780456753,262.718616
1780456753,295.412689
1780456753,228.202892
1780456753,228.673871
1780456753,295.682105
1780456753,297.706824
1780456753,297.523864
1780456753,263.112777
1780456753,228.968035
1780456753,293.862863
1780456753,229.270170
1780456753,298.344404
1780456753,262.124201
1780456753,262.232201
1780456753,298.635520
1780456753,281.769958
1780456753,262.426159
1780456753,282.347549
1780456753,300.789431
1780456753,262.615221
1780456753,301.854424
1780456753,262.759433
1780456753,285.744326
1780456753,263.368195
1780456753,262.942395
1780456753,263.566780
1780456753,253.118431
1780456753,303.877213
1780456753,271.212408
1780456753,302.491588
1780456753,235.457043
1780456753,304.198240
1780456753,271.372072
1780456753,271.691890
1780456753,271.432187
1780456753,304.584852
1780456753,229.645107
1780456753,305.157700
1780456753,278.348700
1780456753,281.222820
1780456753,305.367028
1780456753,249.976030
1780456753,307.544085
1780456753,232.473472
1780456753,254.528868
1780456753,308.386407
1780456753,285.947313
1780456753,256.136718
1780456753,309.576648
1780456753,287.345245
1780456753,287.501619
1780456753,308.961701
1780456753,310.696469
1780456753,303.289084
1780456753,311.313691
1780456753,272.574102
1780456753,292.211680
1780456753,311.316576
1780456753,292.921456
1780456753,305.248859
1780456753,303.231755
1780456753,313.372548
1780456753,289.910102
1780456753,295.496243
1780456753,314.343906
1780456753,289.433268
1780456753,313.967516
1780456753,298.335705
1780456753,314.982749
1780456753,317.152121
1780456753,302.571812
1780456753,319.752301
1780456753,308.178200
1780456753,321.736344
1780456753,263.770322
1780456753,322.268365
1780456753,322.724167
1780456753,317.082146
1780456753,310.333500
1780456753,325.040797
1780456753,325.696768
1780456753,294.252177
1780456753,301.833872
1780456753,318.835387
1780456753,301.957795
1780456753,319.185250
1780456753,266.582246
1780456753,304.772050
1780456753,320.110744
1780456753,315.758409
1780456753,321.051785
1780456753,281.953098
1780456753,256.722802
1780456753,273.612002
1780456753,261.748745
1780456753,312.047001
1780456753,277.717160
1780456753,280.667413
1780456753,278.021894
1780456753,261.221022
1780456753,282.630384
1780456753,312.777078
1780456753,278.629100
1780456753,282.937257
1780456753,283.524223
1780456753,315.322576
1780456753,269.363608
1780456753,287.920089
1780456753,269.751543
1780456753,283.627853
1780456753,315.874593
1780456753,317.834827
1780456753,281.157930
1780456753,322.867756
1780456753,305.371063
1780456753,322.907203
1780456753,280.746184
1780456753,271.216549
1780456753,318.718769
1780456753,300.306698
1780456753,289.599216
1780456753,300.443144
1780456753,287.126562
1780456753,310.137762
1780456753,281.212820
1780456753,289.859236
1780456753,301.049833
1780456753,312.358501
1780456753,301.589019
1780456753,301.927558
1780456753,300.150648
1780456753,303.232843
1780456753,304.042870
1780456753,309.031620
1780456753,310.765351
1780456753,233.186784
1780456753,293.118940
1780456753,241.024932
1780456753,296.622607
1780456753,184.780900
1780456753,297.322164
1780456753,325.358687
1780456753,297.858927
1780456753,310.423817
1780456753,279.952015
1780456753,306.217894
1780456753,244.149292
1780456753,326.152170
1780456753,243.962143
1780456753,311.414331
1780456753,303.253950
1780456753,319.479119
1780456753,307.289707
1780456753,316.240634
1780456753,317.169775
1780456753,307.807142
1780456753,317.187574
1780456753,318.854043
1780456753,326.860769
1780456753,256.831442
1780456753,323.104605
1780456753,287.086053
1780456753,320.147187
1780456753,295.112958
1780456753,320.485564
1780456753,288.028782
1780456753,297.818651
1780456753,279.817332
1780456753,295.321799
1780456753,320.502001
1780456753,300.106264
1780456753,287.243186
1780456753,320.996246
1780456753,301.465895
1780456753,279.973200
1780456753,301.617404
1780456753,287.134822
1780456753,301.589507
1780456753,301.795143
1780456753,320.970053
1780456753,301.946025
1780456753,257.866106
1780456753,301.933533
1780456753,287.555295
1780456753,302.097940
1780456753,287.820749
1780456753,302.261559
1780456753,287.270409
1780456753,302.155479
1780456753,321.414577
1780456753,302.079598
1780456753,316.704839
1780456753,302.180148
1780456753,287.636884
1780456753,321.117416
1780456753,287.722461
1780456753,313.847572
1780456753,287.667587
1780456753,312.578498
1780456753,250.582372
1780456753,312.667158
1780456753,237.776520
1780456753,321.758288
1780456753,296.102411
1780456753,250.306542
1780456753,237.904970
1780456753,315.745830
1780456753,296.297220
1780456753,250.426151
1780456753,250.656893
1780456753,250.916853
1780456753,257.227709
1780456753,315.910791
1780456753,257.342530
1780456753,250.784820
1780456753,287.347634
1780456753,322.153573
1780456753,251.036403
1780456753,317.351989
1780456753,328.864359
1780456753,251.645169
1780456753,240.721584
1780456753,257.772419
1780456753,257.456316
1780456753,258.944452
1780456753,315.013504
1780456753,321.173795
1780456753,288.191507
1780456753,258.104265
1780456753,241.332684
1780456753,321.793170
1780456753,330.476644
1780456753,251.882692
1780456753,257.743715
1780456753,258.317848
1780456753,334.456422
1780456753,252.139634
1780456753,319.105021
1780456753,319.331184
1780456753,292.178126
1780456753,335.732386
1780456753,322.576428
1780456753,262.167325
1780456753,255.696161
1780456753,262.964755
1780456753,323.517362
1780456753,219.194906
1780456753,273.849790
1780456753,273.914889
1780456753,273.978861
1780456753,279.287732
1780456753,279.391704
1780456753,279.467620
1780456753,210.500168
1780456753,289.680804
1780456753,287.505584
1780456753,297.220332
1780456753,297.425452
1780456753,273.370356
1780456753,274.246808
1780456753,281.253549
1780456753,274.453835
1780456753,287.730452
1780456753,219.851483
1780456753,221.575889
1780456753,290.127204
1780456753,308.531054
1780456753,308.708042
1780456753,307.499866
1780456753,307.737196
1780456753,307.806382
1780456753,326.608325
1780456753,308.140344
1780456753,308.256350
1780456753,327.406754
1780456753,315.951683
1780456753,308.620551
1780456753,321.995911
1780456753,312.078238
1780456753,322.180949
1780456753,312.258489
1780456753,298.642985
1780456753,298.570420
1780456753,303.971143
1780456753,310.538279
1780456753,312.686181
1780456753,312.842850
1780456753,312.867869
1780456753,312.508297
1780456753,314.083986
1780456753,229.590299
1780456753,229.671306
1780456753,231.016567
1780456753,244.388784
1780456753,316.861732
1780456753,244.578845
1780456753,244.339241
1780456753,265.496666
1780456753,245.378158
1780456753,275.299854
1780456753,308.628046
1780456753,275.463374
1780456753,275.952182
1780456753,258.188111
1780456753,258.934458
1780456753,309.515784
1780456753,259.060783
1780456753,309.784150
1780456753,310.350628
1780456753,310.186057
1780456753,208.207969
1780456753,320.516644
1780456753,213.099045
1780456753,208.393659
1780456753,186.776295
1780456753,266.242942
1780456753,266.314482
1780456753,266.995635
1780456753,266.901135
1780456753,246.944472
1780456753,267.401831
1780456753,267.590584
1780456753,259.349571
1780456753,267.720150
1780456753,249.550964
1780456753,249.630868
1780456753,246.422224
1780456753,247.045931
1780456753,247.287937
1780456753,247.374050
1780456753,204.201138
1780456753,204.295624
1780456753,249.084501
1780456753,246.581663
1780456753,249.227789
1780456753,200.770792
1780456753,214.760974
1780456753,204.627992
1780456753,215.298632
1780456753,215.020263
1780456753,214.849923
1780456753,215.040833
1780456753,215.184029
1780456753,215.161997
1780456753,228.136218
1780456753,250.398294
1780456753,250.535870
1780456753,200.453226
1780456753,228.297767
1780456753,250.726256
1780456753,248.054268
1780456753,248.204787
1780456753,268.027072
1780456753,260.775699
1780456753,267.822084
1780456753,268.309469
1780456753,268.428335
1780456753,200.821424
1780456753,200.822717
1780456753,200.825228
1780456753,200.846590
1780456753,205.616363
1780456753,210.763374
1780456753,230.584028
1780456753,247.838560
1780456753,230.644147
1780456753,248.532955
1780456753,248.920357
1780456753,249.095556
1780456753,250.666319
1780456753,250.617007
1780456753,250.720312
1780456753,261.496631
1780456753,268.335304
1780456753,268.832466
1780456753,192.495919
1780456753,269.585929
1780456753,269.663745
1780456753,269.774198
1780456753,248.829047
1780456753,248.758833
1780456753,248.840534
1780456753,223.723205
1780456753,248.958871
1780456753,201.764957
1780456753,212.186491
1780456753,212.194900
1780456753,201.942348
1780456753,224.033024
1780456753,229.967073
1780456753,202.124304
1780456753,224.180106
1780456753,202.326960
1780456753,249.645182
1780456753,251.135365
1780456753,202.367486
1780456753,252.020762
1780456753,202.587235
1780456753,251.776922
1780456753,202.646067
1780456753,269.789934
1780456753,203.521917
1780456753,270.178988
1780456753,204.127119
1780456753,204.511780
1780456753,270.078730
1780456753,202.583518
1780456753,207.437641
1780456753,212.768681
1780456753,212.854087
1780456753,270.520216
1780456753,212.967531
1780456753,202.613046
1780456753,202.758430
1780456753,202.829809
1780456753,202.982390
1780456753,184.890876
1780456753,183.959255
1780456753,192.493143
1780456753,199.332901
1780456753,192.590605
1780456753,199.421672
1780456753,191.932481
1780456753,192.047757
1780456753,192.378353
1780456753,194.118769
1780456753,202.458779
1780456753,202.128995
1780456753,192.315214
1780456753,199.860098
1780456753,194.618487
1780456753,202.600221
1780456753,202.285199
1780456753,202.723148
1780456753,202.970751
1780456753,203.041978
1780456753,192.801526
1780456753,202.879642
1780456753,202.859265
1780456753,203.203060
1780456753,203.276978
1780456753,203.481355
1780456753,194.916980
1780456753,194.952552
1780456753,214.046784
1780456753,214.378702
1780456753,195.037581
1780456753,214.303332
1780456753,180.515950
1780456753,203.829672
1780456753,203.910105
1780456753,204.066625
1780456753,203.964392
1780456753,204.154270
1780456753,187.220370
1780456753,187.591489
1780456753,200.647069
1780456753,200.566810
1780456753,200.827231
1780456753,200.882998
1780456753,203.944431
1780456753,204.053491
1780456753,204.140951
1780456753,204.207952
1780456753,200.986190
1780456753,188.650059
1780456753,183.373435
1780456753,192.018581
1780456753,191.383146
1780456753,194.190160
1780456753,209.918172
1780456753,209.989907
1780456753,210.110449
1780456753,214.974390
1780456753,194.416166
1780456753,209.596139
1780456753,163.336617
1780456753,166.238660
1780456753,186.521090
1780456753,163.232569
1780456753,163.562122
1780456753,186.892556
1780456753,163.825200
1780456753,166.511321
1780456753,168.934626
1780456753,166.666707
1780456753,187.213703
1780456753,187.364393
1780456753,167.377985
1780456753,170.612296
1780456753,187.500677
1780456753,179.162688
1780456753,180.052963
1780456753,167.954112
1780456753,180.057276
1780456753,167.226250
1780456753,181.607970
1780456753,149.911376
1780456753,188.698669
1780456753,189.213978
1780456753,183.529642
1780456753,148.386122
1780456753,148.612627
1780456753,155.518155
1780456753,176.372428
1780456753,205.337225
1780456753,204.019803
1780456753,210.724174
1780456753,210.800585
1780456753,211.313734
1780456753,210.701117
1780456753,210.669571
1780456753,195.552835
1780456753,195.742151
1780456753,196.973484
1780456753,197.228117
1780456753,210.970916
1780456753,211.359602
1780456753,211.434505
1780456753,211.320771
1780456753,159.208872
1780456753,159.596198
1780456753,160.244723
1780456753,161.093300
1780456753,179.099110
1780456753,139.680565
1780456753,175.545138
1780456753,140.967144
1780456753,179.633321
1780456753,179.931849
1780456753,180.248160
1780456753,189.858973
1780456753,180.661602
1780456753,181.338392
1780456753,157.238117
1780456753,190.189008
1780456753,144.566236
1780456753,181.811697
1780456753,144.926760
1780456753,181.934048
1780456753,145.345465
1780456753,183.181035
1780456753,143.828238
1780456753,183.484285
1780456753,157.366566
1780456753,145.973119
1780456753,191.170827
1780456753,146.114976
1780456753,177.158012
1780456753,195.575957
1780456753,146.261233
1780456753,104.381913
1780456753,105.184039
1780456753,177.813288
1780456753,195.900584
1780456753,152.002644
1780456753,151.435278
1780456753,196.837980
1780456753,178.419931
1780456753,178.586832
1780456753,204.600766
1780456753,152.556470
1780456753,155.733782
1780456753,173.637795
1780456753,157.703043
1780456753,157.439751
1780456753,151.792983
1780456753,197.917068
1780456753,161.161920
1780456753,178.810687
1780456753,155.500735
1780456753,179.161932
1780456753,156.328485
1780456753,156.525048
1780456753,156.875983
1780456753,158.202109
1780456753,122.285500
1780456753,153.435913
1780456753,205.237447
1780456753,197.626896
1780456753,197.711400
1780456753,157.399431
1780456753,197.903844
1780456753,158.658730
1780456753,157.082062
1780456753,198.123708
1780456753,192.698394
1780456753,191.906544
1780456753,198.305459
1780456753,159.041702
1780456753,159.012249
1780456753,114.501641
1780456753,146.735040
1780456753,114.797061
1780456753,114.904911
1780456753,194.706587
1780456753,159.220671
1780456753,205.853757
1780456753,198.978911
1780456753,198.832499
1780456753,206.318769
1780456753,198.963074
1780456753,199.053307
1780456753,199.188802
1780456753,188.854286
1780456753,206.227261
1780456753,206.232438
1780456753,199.412434
1780456753,199.492555
1780456753,206.399428
1780456753,206.446874
1780456753,206.446257
1780456753,199.688978
1780456753,209.271850
1780456753,198.132178
1780456753,201.168576
1780456753,209.442836
1780456753,199.950757
1780456753,198.444521
1780456753,206.994648
1780456753,209.669712
1780456753,201.430554
1780456753,209.773637
1780456753,209.746581
1780456753,199.774743
1780456753,209.787336
1780456753,134.421179
1780456753,199.646191
1780456753,201.772423
1780456753,199.822090
1780456753,202.039623
1780456753,153.931937
1780456753,199.959563
1780456753,154.676992
1780456753,202.213830
1780456753,200.243032
1780456753,200.236641
1780456753,155.173020
1780456753,200.507473
1780456753,200.551723
1780456753,157.434181
1780456753,202.598380
1780456753,200.697019
1780456753,202.580158
1780456753,181.477811
1780456753,202.751869
1780456753,202.359121
1780456753,165.466157
1780456753,166.497762
1780456753,191.118072
1780456753,168.283628
1780456753,167.928151
1780456753,176.685629
1780456753,176.776163
1780456753,176.922448
1780456753,179.494154
1780456753,179.941808
1780456753,195.490585
1780456753,166.969581
1780456753,195.435466
1780456753,135.295117
1780456753,136.184636
1780456753,136.140377
1780456753,136.319202
1780456753,140.883254
1780456753,141.095971
1780456753,141.546309
1780456753,161.687471
1780456753,161.539138
1780456753,142.880174
1780456753,145.540398
1780456753,150.610741
1780456753,150.715183
1780456753,149.339204
1780456753,162.440994
1780456753,149.691674
1780456753,151.118528
1780456753,184.522699
1780456753,151.310191
1780456753,181.743118
1780456753,162.575862
1780456753,161.304840
1780456753,144.048112
1780456753,162.754798
1780456753,151.630932
1780456753,162.435969
1780456753,162.930087
1780456753,151.336319
1780456753,161.850745
1780456753,142.521823
1780456753,148.781446
1780456753,144.492366
1780456753,143.207923
1780456753,151.988299
1780456753,143.533484
1780456753,146.304883
1780456753,163.319391
1780456753,182.587074
1780456753,162.921393
1780456753,183.632841
1780456753,127.445620
1780456753,183.745713
1780456753,183.900853
1780456753,158.684307
1780456753,163.219227
1780456753,114.046367
1780456753,163.289060
1780456753,192.772042
1780456753,119.118815
1780456753,151.334875
1780456753,167.165483
1780456753,152.479576
1780456753,159.654076
1780456753,168.213599
1780456753,147.868843
1780456753,156.176063
1780456753,118.687278
1780456753,117.984069
1780456753,168.518178
1780456753,193.211755
1780456753,118.807186
1780456753,168.803603
1780456753,118.900916
1780456753,169.250590
1780456753,150.041275
1780456753,169.590329
1780456753,152.003351
1780456753,169.960908
1780456753,113.781854
1780456753,170.984705
1780456753,116.648595
1780456753,195.380023
1780456753,116.970580
1780456753,171.946450
1780456753,117.793743
1780456753,171.633302
1780456753,159.929165
1780456753,172.456998
1780456753,117.943158
1780456753,126.323499
1780456753,118.207266
1780456753,172.602876
1780456753,126.367128
1780456753,172.773731
1780456753,118.335050
1780456753,173.072783
1780456753,126.763603
1780456753,196.449644
1780456753,118.452030
1780456753,177.612469
1780456753,150.662488
1780456753,196.649131
1780456753,175.300485
1780456753,163.199391
1780456753,150.105761
1780456753,178.691099
1780456753,128.528957
1780456753,147.069953
1780456753,152.044293
1780456753,163.497626
1780456753,175.562598
1780456753,147.933173
1780456753,129.068012
1780456753,163.730041
1780456753,160.703901
1780456753,179.160312
1780456753,148.594995
1780456753,126.617958
1780456753,179.608976
1780456753,129.644833
1780456753,148.928708
1780456753,129.112673
1780456753,179.959950
1780456753,126.429414
1780456753,138.277659
1780456753,153.167845
1780456753,151.445355
1780456753,136.581328
1780456753,176.031019
1780456753,153.430780
1780456753,132.648525
1780456753,138.662515
1780456753,132.998969
1780456753,133.171943
1780456753,153.728312
1780456753,163.224214
1780456753,128.353432
1780456753,153.358066
1780456753,128.329973
1780456753,160.689074
1780456753,176.064939
1780456753,130.398284
1780456753,131.017434
1780456753,153.447317
1780456753,131.444200
1780456753,139.159031
1780456753,139.132564
1780456753,138.507949
1780456753,133.897032
1780456753,153.880836
1780456753,139.347257
1780456753,174.065524
1780456753,154.277041
1780456753,138.954225
1780456753,139.565218
1780456753,136.530236
1780456753,139.531838
1780456753,136.871514
1780456753,185.189795
1780456753,129.160087
1780456753,139.710855
1780456753,130.135546
1780456753,161.491849
1780456753,176.644050
1780456753,139.669946
1780456753,138.769945
1780456753,165.129469
1780456753,132.023245
1780456753,162.470232
1780456753,162.013555
1780456753,154.365173
1780456753,183.224329
1780456753,131.302127
1780456753,132.726684
1780456753,135.915746
1780456753,162.765818
1780456753,137.775986
1780456753,135.480703
1780456753,139.130729
1780456753,145.466311
1780456753,132.456448
1780456753,131.818741
1780456753,139.607238
1780456753,146.617149
1780456753,139.752766
1780456753,138.155949
1780456753,162.801253
1780456753,183.263939
1780456753,151.189889
1780456753,164.456423
1780456753,139.374684
1780456753,135.767569
1780456753,135.132152
1780456753,140.127954
1780456753,136.159671
1780456753,139.253869
1780456753,139.508223
1780456753,139.738523
1780456753,185.358858
1780456753,185.212550
1780456753,163.044370
1780456753,183.561855
1780456753,137.697154
1780456753,166.640512
1780456753,166.516132
1780456753,314.866225
1780456753,294.598114
1780456753,146.654098
1780456753,140.133109
1780456753,295.380212
1780456753,294.763364
1780456753,314.638779
1780456753,316.491501
1780456753,131.820926
1780456753,148.132746
1780456753,148.637815
1780456753,164.649075
1780456753,149.018080
1780456753,150.074511
1780456753,149.520742
1780456753,141.029984
1780456753,135.734094
1780456753,150.888758
1780456753,141.010073
1780456753,136.093803
1780456753,151.203900
1780456753,322.210207
1780456753,128.840870
1780456753,324.909103
1780456753,152.058625
1780456753,319.087081
1780456753,164.010681
1780456753,178.408439
1780456753,319.239773
1780456753,132.808371
1780456753,319.313142
1780456753,138.028373
1780456753,285.596643
1780456753,346.488153
1780456753,141.735326
1780456753,346.559422
1780456753,153.215237
1780456753,360.926959
1780456753,313.374785
1780456753,265.708497
1780456753,319.698633
1780456753,333.533579
1780456753,296.022386
1780456753,315.643774
1780456753,296.049398
1780456753,316.132068
1780456753,316.361261
1780456753,315.975477
1780456753,316.116844
1780456753,316.293345
1780456753,168.074099
1780456753,140.664173
1780456753,139.862686
1780456753,265.884438
1780456753,316.701337
1780456753,317.681307
1780456753,325.846210
1780456753,330.421329
1780456753,325.950220
1780456753,330.618475
1780456753,334.408949
1780456753,320.524863
1780456753,334.500805
1780456753,265.854354
1780456753,338.305803
1780456753,265.974634
1780456753,314.204541
1780456753,266.371084
1780456753,341.321034
1780456753,341.591602
1780456753,279.698257
1780456753,279.595597
1780456753,279.670697
1780456753,279.811441
1780456753,266.866210
1780456753,266.817970
1780456753,339.153818
1780456753,153.969635
1780456753,139.979764
1780456753,364.902934
1780456753,180.500816
1780456753,112.505622
1780456753,112.737295
1780456753,149.648666
1780456753,110.187347
1780456753,109.421980
1780456753,151.208415
1780456753,111.072151
1780456753,112.346192
1780456753,116.417689
1780456753,151.198995
1780456753,165.175638
1780456753,123.122147
1780456753,123.460435
1780456753,123.700655
1780456753,121.721237
1780456753,163.005814
1780456753,113.458221
1780456753,118.863908
1780456753,111.979099
1780456753,109.536486
1780456753,123.859312
1780456753,150.767279
1780456753,113.697380
1780456753,124.133510
1780456753,124.247928
1780456753,124.736138
1780456753,115.715108
1780456753,115.282036
1780456753,116.049327
1780456753,117.520957
1780456753,117.133419
1780456753,165.734710
1780456753,117.930628
1780456753,118.345831
1780456753,125.619147
1780456753,114.425264
1780456753,152.637152
1780456753,114.730336
1780456753,119.109898
1780456753,152.420198
1780456753,119.413015
1780456753,165.757549
1780456753,116.469399
1780456753,119.874483
1780456753,121.842908
1780456753,126.086883
1780456753,115.228220
1780456753,120.321826
1780456753,115.639906
1780456753,121.555999
1780456753,121.741358
1780456753,123.161160
1780456753,122.187526
1780456753,122.546753
1780456753,158.902409
1780456753,166.723835
1780456753,117.160917
1780456753,123.145475
1780456753,124.362079
1780456753,123.541780
1780456753,124.903731
1780456753,123.913870
1780456753,153.806665
1780456753,125.115724
1780456753,125.364943
1780456753,125.233573
1780456753,125.333876
1780456753,117.569075
1780456753,156.289918
1780456753,156.487982
1780456753,157.335397
1780456753,165.379152
1780456753,157.536665
1780456753,166.857744
1780456753,107.788035
1780456753,108.499075
1780456753,108.659372
1780456753,108.799086
1780456753,108.354004
1780456753,108.497973
1780456753,152.276232
1780456753,109.240868
1780456753,151.191852
1780456753,109.013282
1780456753,109.969953
1780456753,146.671609
1780456753,109.785611
1780456753,109.108196
1780456753,111.621016
1780456753,111.748749
1780456753,111.122011
1780456753,154.236818
1780456753,111.433023
1780456753,149.580597
1780456753,175.435931
1780456753,110.391676
1780456753,124.693608
1780456753,151.021888
1780456753,125.349749
1780456753,111.534235
1780456753,131.677805
1780456753,121.940142
1780456753,108.412879
1780456753,127.636949
1780456753,131.406200
1780456753,136.304077
1780456753,132.083008
1780456753,150.934320
1780456753,167.413252
1780456753,110.296176
1780456753,109.905169
1780456753,111.079184
1780456753,127.644464
1780456753,111.937942
1780456753,112.178794
1780456753,112.104554
1780456753,110.738113
1780456753,162.545752
1780456753,109.725282
1780456753,109.185210
1780456753,151.872457
1780456753,149.160548
1780456753,112.072162
1780456753,177.588492
1780456753,149.883129
1780456753,108.224873
1780456753,122.296137
1780456753,114.548609
1780456753,161.877195
1780456753,110.710972
1780456753,114.513129
1780456753,136.213604
1780456753,114.903909
1780456753,114.338296
1780456753,114.880068
1780456753,139.169776
1780456753,115.206788
1780456753,132.446502
1780456753,132.537563
1780456753,179.535315
1780456753,114.951509
1780456753,131.398392
1780456753,132.429774
1780456753,115.493841
1780456753,166.779366
1780456753,115.409699
1780456753,111.766235
1780456753,131.404507
1780456753,112.182778
1780456753,124.278791
1780456753,174.113694
1780456753,127.131161
1780456753,151.464900
1780456753,167.873368
1780456753,111.319719
1780456753,108.312938
1780456753,137.552885
1780456753,110.747088
1780456753,148.777010
1780456753,131.071020
1780456753,110.796015
1780456753,165.680537
1780456753,131.634801
1780456753,118.099805
1780456753,137.307222
1780456753,118.445804
1780456753,130.336737
1780456753,118.442651
1780456753,110.764171
1780456753,130.050719
1780456753,129.545991
1780456753,119.114830
1780456753,127.150655
1780456753,118.956092
1780456753,129.076384
1780456753,143.176845
1780456753,177.719832
1780456753,139.584827
1780456753,120.033817
1780456753,119.227361
1780456753,141.876485
1780456753,163.184239
1780456753,120.084946
1780456753,119.740058
1780456753,119.948039
1780456753,119.722157
1780456753,120.870915
1780456753,161.963946
1780456753,112.272021
1780456753,113.454494
1780456753,112.474035
1780456753,164.093332
1780456753,118.485276
1780456753,132.911875
1780456753,118.451488
1780456753,184.294612
1780456753,183.915549
1780456753,183.802032
1780456753,132.645685
1780456753,118.204910
1780456753,132.308937
1780456753,180.432315
1780456753,132.245062
1780456753,117.773803
1780456753,172.896802
1780456753,184.461945
1780456753,117.653468
1780456753,117.483784
1780456753,171.863748
1780456753,146.822482
1780456753,172.426263
1780456753,124.045614
1780456753,147.209291
1780456753,124.237749
1780456753,147.314286
1780456753,115.698501
1780456753,124.794126
1780456753,148.070448
1780456753,125.278494
1780456753,109.649834
1780456753,110.474506
1780456753,166.676285
1780456753,125.232498
1780456753,109.898148
1780456753,163.823446
1780456753,115.698541
1780456753,112.703386
1780456753,114.058530
1780456753,136.863096
1780456753,113.156287
1780456753,113.659678
1780456753,125.819069
1780456753,106.565395
1780456753,105.196793
1780456753,112.954694
1780456753,125.987878
1780456753,112.911020
1780456753,137.237535
1780456753,112.800173
1780456753,112.226346
1780456753,126.368111
1780456753,144.345934
1780456753,141.778612
1780456753,106.970064
1780456753,126.697812
1780456753,109.736779
1780456753,113.333691
1780456753,127.630095
1780456753,111.078599
1780456753,126.633126
1780456753,127.384657
1780456753,128.211092
1780456753,152.235894
1780456753,128.403087
1780456753,152.563604
1780456753,128.613746
1780456753,121.374111
1780456753,129.100651
1780456753,128.706757
1780456753,123.722007
1780456753,171.926669
1780456753,153.901032
1780456753,172.690802
1780456753,179.515317
1780456753,132.000777
1780456753,175.896792
1780456753,131.800716
1780456753,173.440919
1780456753,171.978729
1780456753,132.263515
1780456753,132.557157
1780456753,128.261117
1780456753,128.154703
1780456753,127.094176
1780456753,126.388351
1780456753,160.626013
1780456753,157.014372
1780456753,123.631458
1780456753,103.849727
1780456753,128.942619
1780456753,169.458273
1780456753,134.172128
1780456753,134.555908
1780456753,127.123446
1780456753,127.933312
1780456753,123.547002
1780456753,128.850301
1780456753,148.038033
1780456753,148.259509
1780456753,170.141649
1780456753,168.410733
1780456753,125.839706
1780456753,138.418095
1780456753,138.418113
1780456753,169.956346
1780456753,108.435501
1780456753,108.888596
1780456753,197.324747
1780456753,171.330946
1780456753,164.631409
1780456753,159.557281
1780456753,129.291559
1780456753,129.989671
1780456753,129.658476
1780456753,128.996011
1780456753,160.911474
1780456753,154.003877
1780456753,139.098553
1780456753,129.229020
1780456753,138.944223
1780456753,157.740423
1780456753,124.093274
1780456753,131.216762
1780456753,183.717982
1780456753,126.013825
1780456753,183.424641
1780456753,175.666373
1780456753,136.075748
1780456753,190.534983
1780456753,110.048374
1780456753,109.994370
1780456753,109.915662
1780456753,175.542168
1780456753,123.664974
1780456753,125.980600
1780456753,165.322365
1780456753,109.774451
1780456753,171.439794
1780456753,172.803455
1780456753,134.305056
1780456753,164.769536
1780456753,134.129930
1780456753,190.641665
1780456753,135.123802
1780456753,133.090074
1780456753,111.754005
1780456753,129.778199
1780456753,110.707493
1780456753,126.469569
1780456753,167.122371
1780456753,182.967378
1780456753,154.816419
1780456753,175.072052
1780456753,111.645392
1780456753,108.284911
1780456753,159.972156
1780456753,153.732703
1780456753,185.596023
1780456753,127.946702
1780456753,130.784483
1780456753,127.938438
1780456753,127.681172
1780456753,127.744431
1780456753,127.907363
1780456753,125.890916
1780456753,127.640534
1780456753,183.578513
1780456753,105.629778
1780456753,104.829261
1780456753,135.932124
1780456753,182.373525
1780456753,141.918920
1780456753,141.974651
1780456753,181.548841
1780456753,169.959801
1780456753,193.402988
1780456753,194.461013
1780456753,110.392103
1780456753,145.080433
1780456753,169.209419
1780456753,185.358432
1780456753,111.217617
1780456753,111.455693
1780456753,145.937872
1780456753,182.806201
1780456753,127.406510
1780456753,186.706452
1780456753,125.434879
1780456753,184.371719
1780456753,182.897951
1780456753,127.074129
1780456753,130.327327
1780456753,130.049027
1780456753,185.241144
1780456753,147.094652
1780456753,106.318350
1780456753,187.175791
1780456753,187.008177
1780456753,129.278025
1780456753,130.722129
1780456753,141.757827
1780456753,135.757168
1780456753,148.346398
1780456753,113.257510
1780456753,148.725028
1780456753,185.897999
1780456753,133.417777
1780456753,129.270249
1780456753,193.566851
1780456753,191.986253
1780456753,191.841590
1780456753,150.175769
1780456753,189.292041
1780456753,188.107868
1780456753,150.164429
1780456753,121.632260
1780456753,137.351107
1780456753,162.940891
1780456753,184.629537
1780456753,148.060952
1780456753,145.596443
1780456753,172.471935
1780456753,172.233093
1780456753,121.964273
1780456753,177.632086
1780456753,171.093373
1780456753,141.739081
1780456753,138.592920
1780456753,178.434665
1780456753,178.136585
1780456753,178.907058
1780456753,175.642823
1780456753,195.702952
1780456753,137.935366
1780456753,140.751792
1780456753,198.029938
1780456753,137.207130
1780456753,193.684506
1780456753,135.151393
1780456753,142.987004
1780456753,184.716241
1780456753,130.661693
1780456753,184.181538
1780456753,129.987730
1780456753,128.558585
1780456753,196.845666
1780456753,184.456599
1780456753,183.948291
1780456753,128.923932
1780456753,184.196510
1780456753,184.725929
1780456753,143.321894
1780456753,192.891602
1780456753,184.155982
1780456753,184.157158
1780456753,196.913660
1780456753,179.219410
1780456753,145.839895
1780456753,130.660976
1780456753,116.823987
1780456753,116.405466
1780456753,185.192890
1780456753,130.827109
1780456753,178.098480
1780456753,119.979826
1780456753,197.939354
1780456753,117.330026
1780456753,185.218029
1780456753,197.484239
1780456753,130.769572
1780456753,196.323815
1780456753,182.881888
1780456753,112.703798
1780456753,185.498846
1780456753,116.319073
1780456753,176.098226
1780456753,186.386696
1780456753,128.286295
1780456753,154.466630
1780456753,130.009413
1780456753,186.188480
1780456753,128.347395
1780456753,126.240111
1780456753,126.065795
1780456753,130.008650
1780456753,163.148183
1780456753,174.255113
1780456753,187.390429
1780456753,131.907622
1780456753,171.204126
1780456753,129.604611
1780456753,171.293241
1780456753,153.062319
1780456753,187.006510
1780456753,125.143231
1780456753,163.116428
1780456753,122.479260
1780456753,121.834694
1780456753,162.495511
1780456753,122.465173
1780456753,172.559590
1780456753,161.108127
1780456753,154.356330
1780456753,125.730319
1780456753,128.236293
1780456753,176.327141
1780456753,128.589858
1780456753,154.532000
1780456753,153.971371
1780456753,158.742819
1780456753,154.136354
1780456753,124.171817
1780456753,130.554815
1780456753,166.677372
1780456753,162.058029
1780456753,154.146987
1780456753,150.760830
1780456753,148.018576
1780456753,147.142901
1780456753,156.494821
1780456753,123.670198
1780456753,123.402472
1780456753,124.791357
1780456753,122.788838
1780456753,123.351679
1780456753,124.517056
1780456753,124.035539
1780456753,126.915842
1780456753,151.802072
1780456753,110.194455
1780456753,122.850476
1780456753,122.793633
1780456753,122.605405
1780456753,124.996816
1780456753,122.421473
1780456753,125.067788
1780456753,124.284898
1780456753,124.930114
1780456753,104.950108
1780456753,135.990672
1780456753,110.985825
1780456753,108.597788
1780456753,103.108410
1780456753,109.840789
1780456753,116.125176
1780456753,107.796551
1780456753,107.152309
1780456753,106.661649
1780456753,112.251348
1780456753,111.760637
1780456753,112.048551
1780456753,112.618150
1780456753,102.875396
1780456753,107.626815
1780456753,106.000539
1780456753,106.176406
1780456753,106.400580
1780456753,111.247649
1780456753,109.728271
1780456753,110.008530
1780456753,109.530340
1780456753,122.925029
1780456753,122.250790
1780456753,112.358132
1780456753,122.343894
1780456753,112.451222
1780456753,122.355286
1780456753,112.209396
1780456753,112.425117
1780456753,112.534535
1780456753,112.520878
1780456753,112.421141
1780456753,112.406816
1780456753,112.414266
1780456753,114.164075
1780456753,112.705451
1780456753,114.920725
1780456753,114.597208
1780456753,114.936854
1780456753,117.567472
1780456753,115.674736
1780456753,122.056889
1780456753,122.478647
1780456753,120.452546
1780456753,121.165331
1780456753,121.624483
1780456753,116.718840
1780456753,125.644964
1780456753,119.892257
1780456753,123.870387
1780456753,123.964612
1780456753,124.109686
1780456753,124.317651
1780456753,124.003155
1780456753,119.783127
1780456753,128.940846
1780456753,128.314574
1780456753,128.502966
1780456753,128.812455
1780456753,128.909283
1780456753,130.742498
1780456753,128.765421
1780456753,134.206193
1780456753,132.706586
1780456753,134.108439
1780456753,134.685092
1780456753,130.581645
1780456753,134.539108
1780456753,127.539700
1780456753,134.890567
1780456753,136.385013
1780456753,130.081714
1780456753,139.023961
1780456753,137.549048
1780456753,139.776103
1780456753,137.953134
1780456753,132.182001
1780456753,139.729911
1780456753,137.390629
1780456753,127.047612
1780456753,137.381583
1780456753,126.629006
1780456753,138.089681
1780456753,127.890302
1780456753,139.551129
1780456753,129.802117
1780456753,129.229313
1780456753,115.408441
1780456753,139.998098
1780456753,127.936696
1780456753,130.085683
1780456753,128.003810
1780456753,128.070182
1780456753,128.128703
1780456753,133.538464
1780456753,127.454145
1780456753,132.612900
1780456753,124.950609
1780456753,132.470484
1780456753,131.221687
1780456753,122.781918
1780456753,130.306601
1780456753,130.309776
1780456753,129.845091
1780456753,141.182988
1780456753,133.979805
1780456753,130.006342
1780456753,139.430601
1780456753,138.581352
1780456753,145.939983
1780456753,108.673010
1780456753,124.357423
1780456753,123.260571
1780456753,109.891861
1780456753,133.605174
1780456753,133.642039
1780456753,132.153032
1780456753,131.715360
1780456753,133.824554
1780456753,132.132828
1780456753,134.995853
1780456753,133.353864
1780456753,148.269075
1780456753,150.231316
1780456753,132.198759
1780456753,143.201847
1780456753,143.211136
1780456753,133.867264
1780456753,148.425481
1780456753,133.542086
1780456753,132.275923
1780456753,146.295128
1780456753,137.338288
1780456753,132.880495
1780456753,138.247384
1780456753,138.482311
1780456753,137.389008
1780456753,132.273172
1780456753,139.135260
1780456753,139.376597
1780456753,126.395816
1780456753,134.280295
1780456753,112.931480
1780456753,107.950224
1780456753,132.379358
1780456753,132.954790
1780456753,114.600706
1780456753,111.041332
1780456753,142.262466
1780456753,140.840662
1780456753,140.059704
1780456753,110.135952
1780456753,134.083603
1780456753,111.048978
1780456753,111.045964
1780456753,136.757812
1780456753,134.569879
1780456753,136.974333
1780456753,138.617423
1780456753,136.542510
1780456753,134.735484
1780456753,137.630785
1780456753,133.084674
1780456753,132.101708
1780456753,136.954338
1780456753,133.533317
1780456753,132.467472
1780456753,132.554728
1780456753,120.666142
1780456753,134.681144
1780456753,120.801825
1780456753,120.885271
1780456753,120.818433
1780456753,121.266287
1780456753,121.872295
1780456753,122.460054
1780456753,122.697064
1780456753,116.736379
1780456753,116.842976
1780456753,123.215114
1780456753,137.630374
1780456753,122.837157
1780456753,122.479568
1780456753,122.862372
1780456753,117.147093
1780456753,122.798062
1780456753,122.699893
1780456753,122.974513
1780456753,122.754986
1780456753,122.927799
1780456753,122.845608
1780456753,123.059759
1780456753,115.578466
1780456753,122.954390
1780456753,123.067269
1780456753,116.782865
1780456753,116.901941
1780456753,117.569945
1780456753,123.976216
1780456753,117.731267
1780456753,124.573426
1780456753,152.681539
1780456753,148.633162
1780456753,152.416120
1780456753,148.548032
1780456753,148.484404
1780456753,137.723777
1780456753,138.939733
1780456753,148.112223
1780456753,139.009959
1780456753,152.052248
1780456753,116.631740
1780456753,147.392716
1780456753,146.991604
1780456753,147.015040
1780456753,118.361081
1780456753,147.492033
1780456753,147.604025
1780456753,139.339166
1780456753,138.254176
1780456753,124.874013
1780456753,144.637635
1780456753,125.361499
1780456753,118.484514
1780456753,140.846776
1780456753,125.545463
1780456753,139.613076
1780456753,141.262497
1780456753,117.219224
1780456753,142.577865
1780456753,124.746779
1780456753,143.991655
1780456753,125.550351
1780456753,149.178207
1780456753,125.966969
1780456753,144.795933
1780456753,125.996759
1780456753,124.963484
1780456753,125.754749
1780456753,149.422148
1780456753,146.365078
1780456753,118.731453
1780456753,119.682163
1780456753,124.464429
1780456753,146.489550
1780456753,125.320853
1780456753,146.566501
1780456753,125.937465
1780456753,119.006577
1780456753,125.742164
1780456753,146.724841
1780456753,126.165296
1780456753,119.264251
1780456753,125.571012
1780456753,138.869216
1780456753,125.094185
1780456753,117.662592
1780456753,125.081466
1780456753,117.814169
1780456753,125.228086
1780456753,126.622157
1780456753,126.544035
1780456753,118.107976
1780456753,126.010727
1780456753,118.113634
1780456753,124.899220
1780456753,127.014841
1780456753,125.965511
1780456753,126.792061
1780456753,126.081196
1780456753,126.931401
1780456753,126.737168
1780456753,127.665062
1780456753,126.269523
1780456753,127.976444
1780456753,128.036282
1780456753,127.961668
1780456753,129.296049
1780456753,128.602243
1780456753,128.040137
1780456753,128.067132
1780456753,128.227796
1780456753,128.347953
1780456753,128.298830
1780456753,129.794842
1780456753,128.394357
1780456753,123.637309
1780456753,125.177529
1780456753,129.730444
1780456753,128.845380
1780456753,121.655842
1780456753,129.089847
1780456753,129.243189
1780456753,122.230814
1780456753,130.213328
1780456753,131.012632
1780456753,130.921785
1780456753,130.685119
1780456753,121.123963
1780456753,130.883552
1780456753,129.760154
1780456753,121.399312
1780456753,130.988115
1780456753,130.382896
1780456753,125.643393
1780456753,121.827479
1780456753,131.742028
1780456753,125.216366
1780456753,121.610455
1780456753,126.149193
1780456753,125.602985
1780456753,126.281352
1780456753,122.193908
1780456753,132.528311
1780456753,122.402416
1780456753,126.805101
1780456753,123.214604
1780456753,127.032902
1780456753,127.535396
1780456753,128.099576
1780456753,127.223940
1780456753,127.370459
1780456753,128.239109
1780456753,128.355942
1780456753,128.206694
1780456753,128.705954
1780456753,126.671204
1780456753,128.890258
1780456753,128.518956
1780456753,128.798905
1780456753,124.480878
1780456753,128.258255
1780456753,128.942100
1780456753,122.932552
1780456753,128.817017
1780456753,129.289506
1780456753,127.385806
1780456753,123.164252
1780456753,128.895746
1780456753,129.311149
1780456753,135.974843
1780456753,129.289061
1780456753,129.726937
1780456753,123.677361
1780456753,129.321550
1780456753,130.033992
1780456753,123.798052
1780456753,127.984359
1780456753,127.916472
1780456753,126.264294
1780456753,128.139440
1780456753,129.826042
1780456753,124.798056
1780456753,124.148518
1780456753,128.425925
1780456753,130.442109
1780456753,130.431954
1780456753,124.815868
1780456753,128.547395
1780456753,124.173463
1780456753,129.977115
1780456753,127.010114
1780456753,129.022701
1780456753,124.289240
1780456753,125.486836
1780456753,127.682776
1780456753,129.051585
1780456753,130.981440
1780456753,128.973862
1780456753,127.358226
1780456753,129.090744
1780456753,127.468107
1780456753,128.146769
1780456753,131.482579
1780456753,123.554689
1780456753,126.022358
1780456753,128.225999
1780456753,125.007703
1780456753,127.788403
1780456753,128.408753
1780456753,126.092030
1780456753,128.459813
1780456753,123.693799
1780456753,128.062682
1780456753,126.477372
1780456753,128.290252
1780456753,128.708699
1780456753,123.620487
1780456753,128.806537
1780456753,128.716401
1780456753,124.156575
1780456753,128.135385
1780456753,126.938630
1780456753,128.490035
1780456753,127.191700
1780456753,124.328884
1780456753,128.981001
1780456753,126.520293
1780456753,129.211295
1780456753,127.430867
1780456753,128.858988
1780456753,127.118841
1780456753,126.657841
1780456753,129.410580
1780456753,129.446825
1780456753,129.076751
1780456753,127.629459
1780456753,127.792248
1780456753,127.521184
1780456753,133.214310
1780456753,127.425782
1780456753,129.769482
1780456753,129.882063
1780456753,127.810458
1780456753,129.879196
1780456753,133.535471
1780456753,126.172722
1780456753,125.539814
1780456753,125.570818
1780456753,128.150155
1780456753,126.283715
1780456753,134.254686
1780456753,130.154144
1780456753,125.034068
1780456753,125.799635
1780456753,125.822695
1780456753,130.483261
1780456753,128.855170
1780456753,130.639218
1780456753,128.190126
1780456753,128.112750
1780456753,125.878638
1780456753,131.041610
1780456753,125.829683
1780456753,126.389113
1780456753,126.624460
1780456753,126.822576
1780456753,134.690269
1780456753,131.309823
1780456753,126.858967
1780456753,128.392436
1780456753,126.044043
1780456753,128.517939
1780456753,131.581831
1780456753,126.602386
1780456753,127.095822
1780456753,128.738387
1780456753,129.665270
1780456753,129.557852
1780456753,132.253151
1780456753,126.762808
1780456753,127.293352
1780456753,130.170831
1780456753,125.136453
1780456753,127.047590
1780456753,130.181656
1780456753,127.347557
1780456753,132.565035
1780456753,127.127795
1780456753,127.711521
1780456753,132.666766
1780456753,127.876955
1780456753,127.790809
1780456753,122.926696
1780456753,127.288788
1780456753,121.006139
1780456753,133.093359
1780456753,128.807681
1780456753,123.828122
1780456753,125.882607
1780456753,130.813832
1780456753,127.857624
1780456753,121.243922
1780456753,127.898018
1780456753,132.642332
1780456753,121.216700
1780456753,133.482775
1780456753,121.810102
1780456753,128.913066
1780456753,127.759186
1780456753,122.095317
1780456753,127.950384
1780456753,128.630731
1780456753,131.877688
1780456753,126.617871
1780456753,122.191469
1780456753,128.151957
1780456753,126.973846
1780456753,120.398728
1780456753,133.936349
1780456753,128.228211
1780456753,122.676617
1780456753,122.875976
1780456753,129.580393
1780456753,132.508974
1780456753,128.676816
1780456753,122.829524
1780456753,125.298361
1780456753,129.610864
1780456753,126.894615
1780456753,127.431602
1780456753,132.295528
1780456753,130.195023
1780456753,127.588170
1780456753,129.009567
1780456753,121.358227
1780456753,128.165927
1780456753,127.384843
1780456753,128.084475
1780456753,128.312904
1780456753,121.325114
1780456753,123.474902
1780456753,130.812096
1780456753,128.174737
1780456753,129.849294
1780456753,128.724225
1780456753,130.401465
1780456753,126.789262
1780456753,128.934273
1780456753,128.470835
1780456753,130.525358
1780456753,128.918708
1780456753,127.169352
1780456753,128.915648
1780456753,130.899198
1780456753,128.895335
1780456753,124.664917
1780456753,127.512557
1780456753,131.106883
1780456753,131.449922
1780456753,128.015505
1780456753,129.425686
1780456753,128.404644
1780456753,128.296986
1780456753,130.795968
1780456753,131.908811
1780456753,126.386785
1780456753,132.563838
1780456753,131.231666
1780456753,124.125948
1780456753,127.237636
1780456753,132.534147
1780456753,131.122709
1780456753,131.336322
1780456753,126.899777
1780456753,131.611743
1780456753,131.606211
1780456753,127.205360
1780456753,131.460274
1780456753,131.756169
1780456753,127.780760
1780456753,131.953161
1780456753,130.404974
1780456753,132.095400
1780456753,132.274541
1780456753,132.693257
1780456753,127.589393
1780456753,130.348880
1780456753,130.876390
1780456753,132.975891
1780456753,130.746786
1780456753,133.264310
1780456753,132.863460
1780456753,128.551996
1780456753,133.038810
1780456753,128.454641
1780456753,133.682300
1780456753,126.985653
1780456753,131.401524
1780456753,133.963976
1780456753,127.576543
1780456753,126.184168
1780456753,132.056447
1780456753,131.947214
1780456753,127.745238
1780456753,127.706291
1780456753,138.953402
1780456753,131.889306
1780456753,127.710843
1780456753,127.553523
1780456753,134.442059
1780456753,128.347407
1780456753,132.436726
1780456753,128.492627
1780456753,133.085780
1780456753,133.423626
1780456753,139.664168
1780456753,128.029743
1780456753,135.615302
1780456753,127.073867
1780456753,127.917660
1780456753,127.326493
1780456753,138.280004
1780456753,129.354139
1780456753,128.229264
1780456753,139.443125
1780456753,134.489020
1780456753,128.785989
1780456753,136.556028
1780456753,128.952516
1780456753,127.957061
1780456753,130.717225
1780456753,129.106762
1780456753,128.545219
1780456753,130.790016
1780456753,128.604234
1780456753,130.575489
1780456753,129.908228
1780456753,128.681676
1780456753,131.112165
1780456753,131.340069
1780456753,141.116759
1780456753,136.402133
1780456753,130.886763
1780456753,130.521525
1780456753,130.961468
1780456753,131.498332
1780456753,141.789933
1780456753,131.924865
1780456753,132.178768
1780456753,131.566910
1780456753,131.273860
1780456753,132.514491
1780456753,142.486764
1780456753,137.590190
1780456753,132.076053
1780456753,138.151180
1780456753,132.130970
1780456753,143.090626
1780456753,137.745667
1780456753,137.637523
1780456753,132.097705
1780456753,132.789203
1780456753,133.743921
1780456753,138.195460
1780456753,131.868232
1780456753,133.185615
1780456753,138.363402
1780456753,138.398654
1780456753,134.161083
1780456753,134.943957
1780456753,144.322027
1780456753,138.939940
1780456753,135.211144
1780456753,146.451073
1780456753,134.587417
1780456753,144.762002
1780456753,146.684242
1780456753,144.904131
1780456753,135.098481
1780456753,146.931866
1780456753,140.351592
1780456753,147.179215
1780456753,147.888633
1780456753,136.327336
1780456753,140.930031
1780456753,133.235728
1780456753,135.858175
1780456753,140.601698
1780456753,133.520597
1780456753,132.417234
1780456753,148.604272
1780456753,141.702532
1780456753,146.718693
1780456753,132.064147
1780456753,140.081246
1780456753,137.120157
1780456753,149.237035
1780456753,142.286244
1780456753,147.251825
1780456753,141.822079
1780456753,132.892643
1780456753,136.989193
1780456753,133.099295
1780456753,141.110491
1780456753,131.920261
1780456753,148.206666
1780456753,131.657811
1780456753,139.145475
1780456753,131.817600
1780456753,138.294498
1780456753,150.414111
1780456753,135.518489
1780456753,149.173553
1780456753,150.704457
1780456753,131.967554
1780456753,138.188655
1780456753,144.580366
1780456753,150.988398
1780456753,132.447257
1780456753,138.749941
1780456753,139.663842
1780456753,132.527450
1780456753,138.619747
1780456753,152.225150
1780456753,145.368483
1780456753,139.696294
1780456753,140.214159
1780456753,138.079397
1780456753,150.348371
1780456753,134.257359
1780456753,134.390656
1780456753,143.882766
1780456753,133.461107
1780456753,140.064692
1780456753,145.936808
1780456753,150.915273
1780456753,144.220498
1780456753,150.797124
1780456753,145.984989
1780456753,135.008214
1780456753,139.316558
1780456753,141.410334
1780456753,135.295579
1780456753,139.460275
1780456753,138.660104
1780456753,135.737068
1780456753,144.971374
1780456753,141.907211
1780456753,146.411947
1780456753,142.153910
1780456753,142.775569
1780456753,152.765265
1780456753,142.636454
1780456753,143.304294
1780456753,154.877852
1780456753,141.571643
1780456753,143.947798
1780456753,143.910593
1780456753,153.551531
1780456753,144.176413
1780456753,156.797598
1780456753,156.787806
1780456753,144.613284
1780456753,144.405935
1780456753,142.857491
1780456753,144.618931
1780456753,144.582997
1780456753,146.047575
1780456753,144.788880
1780456753,146.201447
1780456753,148.745167
1780456753,144.817387
1780456753,157.902170
1780456753,148.429652
1780456753,157.393798
1780456753,144.006921
1780456753,148.843822
1780456753,148.393515
1780456753,142.288138
1780456753,146.459698
1780456753,142.863609
1780456753,147.605019
1780456753,150.052185
1780456753,152.153714
1780456753,150.300664
1780456753,144.021868
1780456753,141.133568
1780456753,153.208449
1780456753,146.269922
1780456753,146.259539
1780456753,146.416097
1780456753,152.842759
1780456753,161.954583
1780456753,154.586027
1780456753,162.390559
1780456753,151.001507
1780456753,145.569096
1780456753,160.739884
1780456753,151.248589
1780456753,148.970246
1780456753,132.515788
1780456753,149.417855
1780456753,143.995244
1780456753,149.505459
1780456753,136.107855
1780456753,148.220111
1780456753,149.862626
1780456753,151.998436
1780456753,146.608974
1780456753,152.275276
1780456753,156.785581
1780456753,162.205945
1780456753,157.347850
1780456753,162.894997
1780456753,157.631639
1780456753,146.663347
1780456753,145.675652
1780456753,152.018716
1780456753,151.876122
1780456753,152.115496
1780456753,132.615756
1780456753,150.348008
1780456753,158.222400
1780456753,158.217608
1780456753,132.904279
1780456753,150.612408
1780456753,158.409455
1780456753,147.496249
1780456753,152.791383
1780456753,133.121533
1780456753,157.409925
1780456753,149.562653
1780456753,148.137386
1780456753,148.088669
1780456753,149.868176
1780456753,153.151530
1780456753,129.175220
1780456753,158.560839
1780456753,154.193892
1780456753,158.487077
1780456753,153.903345
1780456753,154.246009
1780456753,149.457542
1780456753,153.331197
1780456753,165.952611
1780456753,151.744784
1780456753,153.767185
1780456753,152.754554
1780456753,165.638152
1780456753,151.893430
1780456753,138.477763
1780456753,154.054021
1780456753,149.784220
1780456753,139.227570
1780456753,150.512466
1780456753,155.570362
1780456753,152.736096
1780456753,154.853694
1780456753,153.039697
1780456753,140.064140
1780456753,140.873649
1780456753,157.454752
1780456753,157.995806
1780456753,140.639160
1780456753,157.729568
1780456753,155.530789
1780456753,158.203755
1780456753,141.555210
1780456753,141.916599
1780456753,156.351289
1780456753,156.595594
1780456753,141.825348
1780456753,139.161315
1780456753,142.005319
1780456753,139.196805
1780456753,139.307531
1780456753,139.386903
1780456753,139.462010
1780456753,141.916535
1780456753,155.459548
1780456753,139.461347
1780456753,155.463440
1780456753,138.168194
1780456753,158.426742
1780456753,134.462797
1780456753,133.405642
1780456753,154.242768
1780456753,156.828048
1780456753,130.913762
1780456753,158.997581
1780456753,163.502189
1780456753,134.028642
1780456753,163.293041
1780456753,171.454766
1780456753,160.551646
1780456753,172.940288
1780456753,172.917791
1780456753,145.350497
1780456753,148.093544
1780456753,159.673879
1780456753,160.919745
1780456753,160.822778
1780456753,156.524994
1780456753,159.569352
1780456753,156.697964
1780456753,137.177735
1780456753,162.833763
1780456753,137.570672
1780456753,135.483972
1780456753,160.070431
1780456753,135.689352
1780456753,150.749910
1780456753,146.540074
1780456753,146.352940
1780456753,142.391885
1780456753,159.692976
1780456753,174.615548
1780456753,136.127055
1780456753,136.195517
1780456753,136.358084
1780456753,147.160266
1780456753,149.890402
1780456753,135.014109
1780456753,135.092233
1780456753,147.823265
1780456753,149.334461
1780456753,146.705004
1780456753,136.546230
1780456753,145.315942
1780456753,149.335422
1780456753,166.065576
1780456753,145.368049
1780456753,136.908297
1780456753,136.711718
1780456753,167.742644
1780456753,168.028955
1780456753,167.772668
1780456753,166.957280
1780456753,167.732180
1780456753,167.418861
1780456753,138.054378
1780456753,148.386906
1780456753,166.848708
1780456753,138.073998
1780456753,165.228882
1780456753,136.069157
1780456753,142.095162
1780456753,135.097504
1780456753,164.724329
1780456753,141.374171
1780456753,177.907432
1780456753,134.470385
1780456753,149.120797
1780456753,164.824278
1780456753,140.397688
1780456753,149.571344
1780456753,148.308774
1780456753,178.037485
1780456753,168.692816
1780456753,135.308801
1780456753,142.399440
1780456753,166.022676
1780456753,135.673082
1780456753,147.670626
1780456753,168.933263
1780456753,135.683234
1780456753,166.644229
1780456753,177.927917
1780456753,135.001399
1780456753,176.275066
1780456753,132.941786
1780456753,142.532393
1780456753,142.683912
1780456753,133.181249
1780456753,167.418292
1780456753,142.845658
1780456753,133.426154
1780456753,170.470085
1780456753,147.918676
1780456753,133.767610
1780456753,147.042321
1780456753,144.743287
1780456753,131.262349
1780456753,168.297202
1780456753,143.431768
1780456753,177.678302
1780456753,142.634190
1780456753,178.156775
1780456753,143.229089
1780456753,170.133077
1780456753,169.964000
1780456753,145.369270
1780456753,145.380834
1780456753,144.281629
1780456753,134.570738
1780456753,132.445529
1780456753,171.178845
1780456753,171.316009
1780456753,145.725414
1780456753,170.603660
1780456753,132.640961
1780456753,176.844081
1780456753,176.986146
1780456753,176.861761
1780456753,179.567405
1780456753,177.002960
1780456753,172.445823
1780456753,172.383496
1780456753,178.551307
1780456753,178.615437
1780456753,132.598717
1780456753,180.920675
1780456753,181.463720
1780456753,181.961419
1780456753,182.226610
1780456753,132.347528
1780456753,182.723556
1780456753,183.655251
1780456753,173.884333
1780456753,184.477205
1780456753,184.771353
1780456753,137.466625
1780456753,185.199582
1780456753,177.437525
1780456753,130.306926
1780456753,177.598720
1780456753,179.805978
1780456753,179.933577
1780456753,127.995346
1780456753,130.363363
1780456753,179.822739
1780456753,134.887492
1780456753,129.603825
1780456753,176.571731
1780456753,134.773237
1780456753,134.847680
1780456753,134.941404
1780456753,135.351593
1780456753,123.508970
1780456753,174.102835
1780456753,173.997060
1780456753,128.228726
1780456753,163.307007
1780456753,174.842961
1780456753,127.284435
1780456753,180.253205
1780456753,123.136917
1780456753,138.674663
1780456753,127.761359
1780456753,184.995548
1780456753,174.793104
1780456753,126.035627
1780456753,185.219774
1780456753,139.552818
1780456753,185.357894
1780456753,137.154236
1780456753,176.264772
1780456753,185.493058
1780456753,137.535430
1780456753,137.606606
1780456753,177.499511
1780456753,182.203321
1780456753,184.866902
1780456753,166.461098
1780456753,181.140713
1780456753,181.135986
1780456753,179.829095
1780456753,180.120858
1780456753,184.746627
1780456753,180.380019
1780456753,181.163118
1780456753,169.720129
1780456753,182.399257
1780456753,179.880833
1780456753,178.121986
1780456753,184.913217
1780456753,178.771579
1780456753,154.399375
1780456753,184.748235
1780456753,183.244659
1780456753,179.185617
1780456753,185.064348
1780456753,178.711044
1780456753,178.781263
1780456753,136.786600
1780456753,188.721938
1780456753,183.601081
1780456753,179.247298
1780456753,162.746475
1780456753,137.313816
1780456753,171.717752
1780456753,172.499218
1780456753,185.731986
1780456753,187.409308
1780456753,164.089488
1780456753,155.584886
1780456753,186.088534
1780456753,187.762995
1780456753,182.013022
1780456753,139.873682
1780456753,185.015034
1780456753,185.006182
1780456753,189.126537
1780456753,183.318531
1780456753,193.073559
1780456753,192.991971
1780456753,192.371510
1780456753,192.707456
1780456753,190.736881
1780456753,191.250283
1780456753,183.169373
1780456753,141.653962
1780456753,186.200956
1780456753,189.429013
1780456753,190.494133
1780456753,176.335238
1780456753,142.291031
1780456753,190.350009
1780456753,190.265812
1780456753,160.997009
1780456753,142.577812
1780456753,142.845327
1780456753,191.448878
1780456753,191.721234
1780456753,162.775054
1780456753,163.106712
1780456753,163.671873
1780456753,192.866308
1780456753,162.700213
1780456753,162.741592
1780456753,163.044978
1780456753,162.085159
1780456753,198.315793
1780456753,146.107926
1780456753,153.277967
1780456753,150.151185
1780456753,150.107554
1780456753,146.985197
1780456753,195.799459
1780456753,195.815443
1780456753,194.968756
1780456753,195.609986
1780456753,195.505514
1780456753,195.724061
1780456753,195.390749
1780456753,194.328587
1780456753,196.573248
1780456753,196.505426
1780456753,196.412772
1780456753,198.288279
1780456753,196.455805
1780456753,194.708101
1780456753,196.412865
1780456753,197.431372
1780456753,196.732753
1780456753,148.208655
1780456753,196.351817
1780456753,181.016752
1780456753,196.627319
1780456753,196.496339
1780456753,147.724471
1780456753,195.130624
1780456753,181.787831
1780456753,149.390755
1780456753,196.346748
1780456753,149.387470
1780456753,195.435587
1780456753,193.761718
1780456753,150.272276
1780456753,186.033226
1780456753,151.453141
1780456753,145.871117
1780456753,145.810764
1780456753,188.366556
1780456753,151.667580
1780456753,146.118631
1780456753,161.518638
1780456753,161.617534
1780456753,158.912289
1780456753,153.206742
1780456753,148.146668
1780456753,153.202272
1780456753,154.523035
1780456753,191.034833
1780456753,193.903144
1780456753,201.521022
1780456753,202.288885
1780456753,201.635810
1780456753,191.057682
1780456753,201.725039
1780456753,191.189868
1780456753,151.513930
1780456753,191.813618
1780456753,191.755478
1780456753,207.901755
1780456753,163.348425
1780456753,143.365219
1780456753,164.784411
1780456753,165.077086
1780456753,165.031802
1780456753,210.615034
1780456753,164.980032
1780456753,143.606325
1780456753,168.541823
1780456753,161.209856
1780456753,208.762557
1780456753,191.215008
1780456753,192.671911
1780456753,191.224019
1780456753,145.424720
1780456753,189.481381
1780456753,188.385540
1780456753,188.128065
1780456753,187.003101
1780456753,187.933975
1780456753,184.948852
1780456753,149.488764
1780456753,165.997586
1780456753,166.771089
1780456753,166.760091
1780456753,200.300018
1780456753,167.119848
1780456753,151.769664
1780456753,199.234580
1780456753,159.058979
1780456753,200.901224
1780456753,161.411882
1780456753,158.619721
1780456753,167.610611
1780456753,166.475001
1780456753,168.377704
1780456753,202.799213
1780456753,166.890001
1780456753,197.032157
1780456753,220.751124
1780456753,211.761673
1780456753,219.995336
1780456753,220.488027
1780456753,206.520739
1780456753,220.384665
1780456753,220.836635
1780456753,221.130451
1780456753,223.602791
1780456753,196.467150
1780456753,206.612054
1780456753,223.239304
1780456753,208.010886
1780456753,184.464725
1780456753,209.615035
1780456753,181.778988
1780456753,184.577694
1780456753,184.607055
1780456753,209.882234
1780456753,226.366909
1780456753,162.176670
1780456753,214.175755
1780456753,162.345578
1780456753,169.461551
1780456753,179.150702
1780456753,220.961838
1780456753,180.831373
1780456753,221.515492
1780456753,179.239113
1780456753,220.825974
1780456753,180.865510
1780456753,182.247849
1780456753,182.139479
1780456753,220.898738
1780456753,207.577552
1780456753,207.722645
1780456753,227.907283
1780456753,229.659471
1780456753,229.908211
1780456753,228.500518
1780456753,228.519399
1780456753,228.648425
1780456753,227.200770
1780456753,227.397081
1780456753,189.457758
1780456753,180.412919
1780456753,181.687175
1780456753,209.934429
1780456753,174.141638
1780456753,211.173095
1780456753,210.049454
1780456753,212.517094
1780456753,214.111338
1780456753,169.456764
1780456753,217.027974
1780456753,228.506275
1780456753,167.809367
1780456753,228.420713
1780456753,228.359363
1780456753,228.146778
1780456753,228.685974
1780456753,220.302727
1780456753,228.834664
1780456753,227.818478
1780456753,230.008151
1780456753,174.618197
1780456753,181.127353
1780456753,167.910607
1780456753,228.484727
1780456753,228.903264
1780456753,222.329980
1780456753,220.447265
1780456753,172.683290
1780456753,221.798853
1780456753,173.015124
1780456753,221.971758
1780456753,174.548751
1780456753,174.887649
1780456753,174.816805
1780456753,174.698859
1780456753,174.879892
1780456753,174.923562
1780456753,215.006936
1780456753,168.215403
1780456753,168.168927
1780456753,168.404859
1780456753,168.383759
1780456753,168.531874
1780456753,172.864107
1780456753,172.843390
1780456753,174.440982
1780456753,174.369651
1780456753,215.328183
1780456753,173.111048
1780456753,215.442878
1780456753,214.406809
1780456753,174.402286
1780456753,215.612030
1780456753,175.620562
1780456753,188.788575
1780456753,186.884477
1780456753,186.514213
1780456753,186.493147
1780456753,186.184318
1780456753,175.674708
1780456753,174.530768
1780456753,174.563295
1780456753,169.956329
1780456753,171.420164
1780456753,216.593510
1780456753,228.776426
1780456753,192.509337
1780456753,196.244432
1780456753,203.739473
1780456753,197.696576
1780456753,220.748627
1780456753,220.741062
1780456753,222.047035
1780456753,202.209125
1780456753,223.269625
1780456753,223.305257
1780456753,224.590830
1780456753,204.016785
1780456753,225.931329
1780456753,211.268798
1780456753,213.709958
1780456753,214.876092
1780456753,228.557603
1780456753,202.576017
1780456753,202.618389
1780456753,229.427975
1780456753,204.188942
1780456753,202.986133
1780456753,221.384860
1780456753,217.736359
1780456753,217.968464
1780456753,179.002137
1780456753,180.310556
1780456753,218.125632
1780456753,218.152021
1780456753,180.404077
1780456753,221.637560
1780456753,220.467933
1780456753,218.027344
1780456753,227.973295
1780456753,217.042336
1780456753,228.006072
1780456753,214.572894
1780456753,216.050651
1780456753,179.974877
1780456753,180.163195
1780456753,181.157665
1780456753,209.510155
1780456753,214.406383
1780456753,213.129818
1780456753,185.175116
1780456753,213.477256
1780456753,189.061877
1780456753,186.756616
1780456753,187.968676
1780456753,189.206047
1780456753,210.958211
1780456753,183.581352
1780456753,184.078285
1780456753,184.142076
1780456753,213.536520
1780456753,208.955522
1780456753,260.502564
1780456753,209.080549
1780456753,209.270888
1780456753,192.650866
1780456753,209.430889
1780456753,198.464737
1780456753,213.764467
1780456753,198.704497
1780456753,207.906169
1780456753,198.670994
1780456753,222.730347
1780456753,260.832640
1780456753,260.714187
1780456753,261.648608
1780456753,231.363927
1780456753,208.141222
1780456753,215.625401
1780456753,232.495434
1780456753,260.863500
1780456753,227.585463
1780456753,260.532137
1780456753,193.203929
1780456753,253.535155
1780456753,209.734708
1780456753,191.592534
1780456753,260.647521
1780456753,198.075146
1780456753,209.836798
1780456753,260.862522
1780456753,259.433657
1780456753,209.744067
1780456753,259.263126
1780456753,208.813858
1780456753,199.660923
1780456753,199.957922
1780456753,200.208844
1780456753,258.722347
1780456753,194.767390
1780456753,195.069905
1780456753,256.041555
1780456753,194.017873
1780456753,195.067990
1780456753,196.463204
1780456753,231.470637
1780456753,194.848403
1780456753,230.364132
1780456753,195.294188
1780456753,204.011242
1780456753,192.564192
1780456753,192.466618
1780456753,192.581942
1780456753,234.100684
1780456753,192.661868
1780456753,216.263784
1780456753,204.129149
1780456753,216.337389
1780456753,228.049143
1780456753,216.534092
1780456753,189.498207
1780456753,216.940951
1780456753,189.479520
1780456753,189.566783
1780456753,189.769081
1780456753,211.104779
1780456753,192.825130
1780456753,213.636089
1780456753,211.114400
1780456753,259.103372
1780456753,256.327673
1780456753,195.806322
1780456753,196.171126
1780456753,197.890144
1780456753,196.457190
1780456753,259.271789
1780456753,195.965809
1780456753,192.460704
1780456753,195.225703
1780456753,192.425749
1780456753,257.735792
1780456753,257.776521
1780456753,129.361321
1780456753,169.169261
1780456753,199.050024
1780456753,222.009288
1780456753,221.864201
1780456753,221.730505
1780456753,222.179232
1780456753,222.252808
1780456753,222.425324
1780456753,145.447983
1780456753,222.364122
1780456753,215.368734
1780456753,222.371036
1780456753,250.696247
1780456753,214.198439
1780456753,145.825870
1780456753,219.770894
1780456753,251.059606
1780456753,140.931452
1780456753,122.130835
1780456753,202.821907
1780456753,210.227401
1780456753,212.438112
1780456753,141.261446
1780456753,122.483386
1780456753,235.474499
1780456753,203.280348
1780456753,227.669068
1780456753,224.062697
1780456753,224.407549
1780456753,224.592151
1780456753,141.687588
1780456753,130.559878
1780456753,130.567565
1780456753,224.857655
1780456753,222.900011
1780456753,209.366019
1780456753,205.153343
1780456753,217.838432
1780456753,207.603288
1780456753,207.825293
1780456753,201.991285
1780456753,131.944101
1780456753,127.564755
1780456753,132.016301
1780456753,203.624456
1780456753,140.964448
1780456753,202.282901
1780456753,127.669622
1780456753,127.923328
1780456753,119.147830
1780456753,206.975830
1780456753,208.578287
1780456753,119.369785
1780456753,119.277005
1780456753,204.076676
1780456753,115.913249
1780456753,207.343907
1780456753,115.867905
1780456753,116.021581
1780456753,115.930028
1780456753,204.121286
1780456753,110.458974
1780456753,110.642285
1780456753,214.791761
1780456753,147.694367
1780456753,212.554042
1780456753,113.183445
1780456753,214.994686
1780456753,114.173053
1780456753,226.450054
1780456753,114.301882
1780456753,111.586831
1780456753,216.456840
1780456753,214.058462
1780456753,216.335207
1780456753,112.974525
1780456753,113.021012
1780456753,216.140882
1780456753,172.515034
1780456753,113.297031
1780456753,159.956243
1780456753,113.464812
1780456753,157.695180
1780456753,113.679101
1780456753,113.752299
1780456753,114.096173
1780456753,141.498680
1780456753,114.289094
1780456753,114.768650
1780456753,114.712654
1780456753,114.743415
1780456753,135.063286
1780456753,159.411745
1780456753,155.039965
1780456753,151.131103
1780456753,144.295136
1780456753,144.610980
1780456753,144.878418
1780456753,136.807906
1780456753,126.138779
1780456753,133.235986
1780456753,144.823174
1780456753,145.079415
1780456753,145.261095
1780456753,145.528258
1780456753,130.334006
1780456753,147.046302
1780456753,128.303045
1780456753,108.687639
1780456753,147.196642
1780456753,147.789899
1780456753,143.670332
1780456753,130.169570
1780456753,144.533283
1780456753,144.249438
1780456753,144.540046
1780456753,130.658166
1780456753,115.406584
1780456753,110.904141
1780456753,131.424174
1780456753,109.880270
1780456753,111.953441
1780456753,109.959202
1780456753,110.697784
1780456753,116.836619
1780456753,108.820552
1780456753,109.435639
1780456753,111.279118
1780456753,177.226729
1780456753,153.238155
1780456753,164.571190
1780456753,164.276483
1780456753,173.730957
1780456753,164.662527
1780456753,164.892269
1780456753,164.960889
1780456753,154.532662
1780456753,157.719347
1780456753,154.971718
1780456753,154.894880
1780456753,158.270530
1780456753,151.982534
1780456753,155.342626
1780456753,152.495034
1780456753,152.227965
1780456753,152.660038
1780456753,152.644575
1780456754,153.771710
1780456754,154.107243
1780456754,153.727442
1780456754,153.786926
1780456754,154.030769
1780456754,153.854919
1780456754,156.505414
1780456754,156.283023
1780456754,156.888937
1780456754,156.560978
1780456754,156.685523
1780456754,146.031791
1780456754,145.402065
1780456754,145.271708
1780456754,145.517330
1780456754,145.402512
1780456754,144.759374
1780456754,145.620371
1780456754,145.377135
1780456754,145.769912
1780456754,143.770117
1780456754,143.972608
1780456754,146.229241
1780456754,158.311068
1780456754,144.268146
1780456754,158.407683
1780456754,144.971856
1780456754,143.171529
1780456754,158.539066
1780456754,145.337230
1780456754,152.964436
1780456754,144.180909
1780456754,158.874818
1780456754,147.018861
1780456754,134.977906
1780456754,144.419443
1780456754,133.984396
1780456754,141.075051
1780456754,134.083079
1780456754,131.695807
1780456754,133.543895
1780456754,136.406267
1780456754,134.463461
1780456754,134.803063
1780456754,136.340639
1780456754,134.197495
1780456754,143.229420
1780456754,136.591957
1780456754,134.453673
1780456754,136.124748
1780456754,135.133538
1780456754,135.448723
1780456754,135.089189
1780456754,135.055286
1780456754,133.423502
1780456754,135.103946
1780456754,135.201456
1780456754,134.990956
1780456754,135.395747
1780456754,131.301086
1780456754,135.404671
1780456754,133.838110
1780456754,131.517829
1780456754,131.431325
1780456754,136.009228
1780456754,135.842434
1780456754,136.179847
1780456754,130.496886
1780456754,136.223245
1780456754,132.091439
1780456754,130.750491
1780456754,132.463553
1780456754,129.676816
1780456754,131.260623
1780456754,136.989164
1780456754,128.943377
1780456754,129.062761
1780456754,130.277361
1780456754,137.632157
1780456754,127.233831
1780456754,137.799753
1780456754,126.298201
1780456754,137.681519
1780456754,126.935136
1780456754,122.248151
1780456754,133.441504
1780456754,122.353635
1780456754,133.942126
1780456754,122.254125
1780456754,133.804754
1780456754,123.428177
1780456754,132.804468
1780456754,120.842850
1780456754,132.809709
1780456754,129.442948
1780456754,132.937555
1780456754,133.048801
1780456754,134.711356
1780456754,133.213340
1780456754,137.631008
1780456754,137.733661
1780456754,134.414346
1780456754,127.991049
1780456754,133.620525
1780456754,133.776523
1780456754,134.970699
1780456754,135.275832
1780456754,135.213340
1780456754,135.314710
1780456754,135.425369
1780456754,134.513175
1780456754,134.813409
1780456754,133.975224
1780456754,133.740433
1780456754,132.794076
1780456754,151.996490
1780456754,152.240459
1780456754,133.594947
1780456754,134.771804
1780456754,150.198088
1780456754,151.678465
1780456754,150.011328
1780456754,152.489116
1780456754,134.092842
1780456754,133.891599
1780456754,133.075982
1780456754,134.040957
1780456754,152.176613
1780456754,133.392091
1780456754,134.387332
1780456754,133.634368
1780456754,152.432094
1780456754,152.909162
1780456754,144.678720
1780456754,152.068966
1780456754,134.327718
1780456754,150.897653
1780456754,130.945490
1780456754,151.951601
1780456754,132.978245
1780456754,151.187186
1780456754,133.075323
1780456754,150.948109
1780456754,149.273034
1780456754,133.598745
1780456754,148.289434
1780456754,136.339980
1780456754,148.411049
1780456754,148.715036
1780456754,133.908227
1780456754,148.777901
1780456754,149.023719
1780456754,148.525226
1780456754,150.779648
1780456754,151.153766
1780456754,151.435893
1780456754,134.812647
1780456754,132.896037
1780456754,150.694404
1780456754,135.684402
1780456754,133.016495
1780456754,135.669546
1780456754,135.672157
1780456754,150.275962
1780456754,133.333243
1780456754,150.642610
1780456754,133.670665
1780456754,134.068856
1780456754,152.401918
1780456754,152.361205
1780456754,152.160417
1780456754,152.459338
1780456754,152.532385
1780456754,134.676061
1780456754,151.219087
1780456754,134.707790
1780456754,150.375681
1780456754,152.341150
1780456754,134.157485
1780456754,143.278080
1780456754,132.953231
1780456754,152.277566
1780456754,151.759944
1780456754,134.869429
1780456754,151.091500
1780456754,131.523465
1780456754,131.522949
1780456754,155.405923
1780456754,151.111307
1780456754,140.323909
1780456754,130.856933
1780456754,152.909352
1780456754,153.414602
1780456754,131.059517
1780456754,152.950922
1780456754,131.047691
1780456754,142.971340
1780456754,130.047939
1780456754,149.183995
1780456754,130.233859
1780456754,149.211639
1780456754,153.797727
1780456754,128.200639
1780456754,153.617448
1780456754,142.854633
1780456754,153.967802
1780456754,128.448527
1780456754,153.891267
1780456754,128.508405
1780456754,154.114187
1780456754,141.586300
1780456754,153.772608
1780456754,148.572326
1780456754,141.694632
1780456754,133.527921
1780456754,145.584450
1780456754,135.225058
1780456754,145.533834
1780456754,145.643178
1780456754,128.832138
1780456754,144.207310
1780456754,127.932604
1780456754,144.088594
1780456754,131.356427
1780456754,137.255484
1780456754,137.470206
1780456754,129.655522
1780456754,136.324808
1780456754,124.917229
1780456754,145.180551
1780456754,129.256131
1780456754,136.711421
1780456754,136.639882
1780456754,145.135647
1780456754,119.938656
1780456754,119.041299
1780456754,144.044479
1780456754,124.873208
1780456754,142.525267
1780456754,124.418800
1780456754,125.061797
1780456754,142.794423
1780456754,141.710455
1780456754,142.493871
1780456754,142.735854
1780456754,144.884866
1780456754,134.638370
1780456754,142.439804
1780456754,142.317818
1780456754,141.477710
1780456754,142.438169
1780456754,141.229536
1780456754,141.100074
1780456754,139.831011
1780456754,180.836970
1780456754,176.745592
1780456754,165.962304
1780456754,142.560407
1780456754,142.707474
1780456754,142.906013
1780456754,143.484224
1780456754,142.410714
1780456754,139.991583
1780456754,142.408362
1780456754,142.523770
1780456754,172.327669
1780456754,142.562704
1780456754,142.650927
1780456754,150.698442
1780456754,149.569597
1780456754,184.529514
1780456754,178.370983
1780456754,149.834291
1780456754,172.224193
1780456754,174.173408
1780456754,178.611921
1780456754,178.042073
1780456754,178.837422
1780456754,154.594060
1780456754,178.942935
1780456754,175.486907
1780456754,179.079313
1780456754,178.819223
1780456754,141.154486
1780456754,140.121819
1780456754,171.665925
1780456754,177.794668
1780456754,135.454395
1780456754,170.424088
1780456754,174.231601
1780456754,170.117753
1780456754,155.146371
1780456754,174.798486
1780456754,140.456469
1780456754,133.163775
1780456754,172.874537
1780456754,119.541421
1780456754,149.500784
1780456754,149.736795
1780456754,149.817794
1780456754,168.058757
1780456754,135.988206
1780456754,169.891337
1780456754,139.285302
1780456754,127.300965
1780456754,169.458855
1780456754,148.923239
1780456754,167.956422
1780456754,146.952457
1780456754,168.734253
1780456754,134.231944
1780456754,168.429452
1780456754,138.537675
1780456754,129.232656
1780456754,168.634224
1780456754,140.127726
1780456754,169.449805
1780456754,148.017544
1780456754,152.733772
1780456754,139.289153
1780456754,135.317393
1780456754,135.338839
1780456754,169.980615
1780456754,153.474241
1780456754,126.852770
1780456754,170.174517
1780456754,170.505197
1780456754,127.076958
1780456754,125.480418
1780456754,151.521821
1780456754,140.244453
1780456754,169.709108
1780456754,128.987283
1780456754,135.557254
1780456754,140.716068
1780456754,126.532004
1780456754,135.664248
1780456754,166.271666
1780456754,171.639068
1780456754,171.426249
1780456754,171.599444
1780456754,171.591746
1780456754,171.760608
1780456754,170.371840
1780456754,148.946488
1780456754,147.470649
1780456754,151.521508
1780456754,141.526614
1780456754,140.506350
1780456754,140.644287
1780456754,167.414336
1780456754,141.270622
1780456754,173.698283
1780456754,145.573468
1780456754,127.285904
1780456754,170.638370
1780456754,147.068037
1780456754,147.762406
1780456754,153.099689
1780456754,171.126270
1780456754,171.076311
1780456754,140.485660
1780456754,146.528858
1780456754,174.445704
1780456754,148.040231
1780456754,139.506121
1780456754,171.348705
1780456754,149.433302
1780456754,149.573232
1780456754,139.653617
1780456754,168.532211
1780456754,150.916881
1780456754,123.309562
1780456754,124.522659
1780456754,123.447169
1780456754,150.887436
1780456754,144.575885
1780456754,144.998680
1780456754,140.090197
1780456754,144.670731
1780456754,144.984157
1780456754,145.107664
1780456754,173.740391
1780456754,173.128942
1780456754,173.721955
1780456754,173.813418
1780456754,172.784796
1780456754,173.251029
1780456754,173.855094
1780456754,141.310724
1780456754,167.125658
1780456754,141.146190
1780456754,141.546726
1780456754,139.949177
1780456754,138.875863
1780456754,140.111839
1780456754,167.971082
1780456754,125.382452
1780456754,125.369964
1780456754,139.134515
1780456754,170.817386
1780456754,168.313261
1780456754,170.791460
1780456754,141.689045
1780456754,170.996697
1780456754,124.923812
1780456754,142.006399
1780456754,167.672261
1780456754,166.849037
1780456754,146.243282
1780456754,146.390508
1780456754,167.082683
1780456754,141.409729
1780456754,150.687150
1780456754,140.267254
1780456754,167.519713
1780456754,153.508901
1780456754,139.803373
1780456754,142.285121
1780456754,125.064670
1780456754,125.331564
1780456754,141.210058
1780456754,118.132776
1780456754,148.948592
1780456754,128.139379
1780456754,127.909506
1780456754,140.320174
1780456754,154.045484
1780456754,163.346113
1780456754,124.253595
1780456754,164.418782
1780456754,166.117798
1780456754,142.968057
1780456754,164.753986
1780456754,140.623307
1780456754,140.691996
1780456754,124.661429
1780456754,169.240148
1780456754,141.118849
1780456754,144.581488
1780456754,169.517780
1780456754,169.583574
1780456754,144.792794
1780456754,126.443860
1780456754,127.641261
1780456754,120.615432
1780456754,149.057641
1780456754,168.431943
1780456754,140.269023
1780456754,124.448229
1780456754,154.428336
1780456754,126.755676
1780456754,126.907417
1780456754,154.640215
1780456754,163.432910
1780456754,163.197614
1780456754,170.429145
1780456754,121.866853
1780456754,162.961312
1780456754,120.388735
1780456754,155.011201
1780456754,170.998548
1780456754,162.339547
1780456754,120.125438
1780456754,162.737246
1780456754,138.080800
1780456754,162.674693
1780456754,135.148581
1780456754,171.955930
1780456754,142.489034
1780456754,161.600475
1780456754,161.768985
1780456754,143.139976
1780456754,160.822686
1780456754,172.372924
1780456754,159.806451
1780456754,142.011716
1780456754,141.253623
1780456754,159.986794
1780456754,115.341535
1780456754,139.777638
1780456754,159.052575
1780456754,114.736762
1780456754,113.626285
1780456754,140.127541
1780456754,172.702495
1780456754,159.246759
1780456754,172.650172
1780456754,159.312485
1780456754,137.153853
1780456754,158.183641
1780456754,134.639490
1780456754,111.296018
1780456754,173.191354
1780456754,158.301594
1780456754,126.744406
1780456754,155.056563
1780456754,112.565652
1780456754,112.270283
1780456754,112.362016
1780456754,173.620617
1780456754,172.102258
1780456754,172.181695
1780456754,119.884256
1780456754,172.345327
1780456754,123.794823
1780456754,173.871585
1780456754,161.558286
1780456754,168.087059
1780456754,117.042533
1780456754,168.240046
1780456754,163.939853
1780456754,174.277793
1780456754,166.345237
1780456754,172.822229
1780456754,164.068774
1780456754,174.420328
1780456754,168.280592
1780456754,168.017129
1780456754,174.770752
1780456754,174.756612
1780456754,174.613383
1780456754,168.518177
1780456754,125.718170
1780456754,168.247246
1780456754,168.362686
1780456754,168.463341
1780456754,126.014516
1780456754,128.683737
1780456754,126.064085
1780456754,175.291351
1780456754,175.295785
1780456754,174.749787
1780456754,168.743405
1780456754,117.554258
1780456754,128.760449
1780456754,159.767347
1780456754,125.437384
1780456754,124.735064
1780456754,117.776303
1780456754,132.269737
1780456754,175.344634
1780456754,170.620564
1780456754,121.690483
1780456754,133.245751
1780456754,119.044993
1780456754,177.940201
1780456754,160.185468
1780456754,131.630713
1780456754,116.548367
1780456754,115.469571
1780456754,113.171672
1780456754,155.379925
1780456754,157.649561
1780456754,116.802094
1780456754,117.220518
1780456754,129.748368
1780456754,129.428379
1780456754,120.332989
1780456754,174.486096
1780456754,118.443153
1780456754,130.081949
1780456754,130.768795
1780456754,131.595114
1780456754,128.799538
1780456754,154.509720
1780456754,160.960833
1780456754,128.832207
1780456754,127.976239
1780456754,174.799910
1780456754,149.907973
1780456754,127.988989
1780456754,128.179422
1780456754,128.293642
1780456754,160.888740
1780456754,155.747429
1780456754,158.539847
1780456754,176.403143
1780456754,176.283715
1780456754,113.068824
1780456754,127.802486
1780456754,153.432682
1780456754,151.407197
1780456754,176.540974
1780456754,126.531588
1780456754,174.681555
1780456754,177.017400
1780456754,176.832546
1780456754,177.384165
1780456754,110.028438
1780456754,176.544482
1780456754,177.928376
1780456754,176.763436
1780456754,119.857501
1780456754,176.858295
1780456754,177.348158
1780456754,177.417430
1780456754,120.290497
1780456754,177.463114
1780456754,177.592335
1780456754,149.645714
1780456754,127.507048
1780456754,149.721235
1780456754,177.655377
1780456754,120.698449
1780456754,127.268187
1780456754,176.911327
1780456754,149.059476
1780456754,121.091930
1780456754,149.167602
1780456754,176.803636
1780456754,176.844470
1780456754,127.443598
1780456754,120.266264
1780456754,177.761567
1780456754,177.777011
1780456754,177.389344
1780456754,120.878367
1780456754,127.608380
1780456754,155.619501
1780456754,128.998092
1780456754,132.356107
1780456754,129.027606
1780456754,155.754430
1780456754,150.115574
1780456754,150.706630
1780456754,150.690964
1780456754,117.807004
1780456754,150.839786
1780456754,119.003734
1780456754,127.555872
1780456754,129.357385
1780456754,129.301804
1780456754,122.952591
1780456754,148.766690
1780456754,129.495653
1780456754,178.673789
1780456754,127.538981
1780456754,125.414781
1780456754,166.904351
1780456754,179.126946
1780456754,123.534839
1780456754,121.318171
1780456754,166.814214
1780456754,149.408835
1780456754,126.388664
1780456754,148.224399
1780456754,179.168468
1780456754,126.459049
1780456754,179.573112
1780456754,126.484851
1780456754,163.257781
1780456754,159.584291
1780456754,160.797822
1780456754,117.127267
1780456754,153.371015
1780456754,166.495803
1780456754,152.773802
1780456754,152.518106
1780456754,124.028128
1780456754,117.215586
1780456754,117.495214
1780456754,165.579225
1780456754,127.515109
1780456754,117.878367
1780456754,125.263071
1780456754,117.614510
1780456754,163.177213
1780456754,120.356175
1780456754,121.486499
1780456754,125.469209
1780456754,117.779077
1780456754,147.742317
1780456754,125.437386
1780456754,180.894388
1780456754,118.328590
1780456754,147.723447
1780456754,146.714345
1780456754,118.099950
1780456754,146.869401
1780456754,118.405334
1780456754,181.729682
1780456754,116.007541
1780456754,161.738755
1780456754,180.197977
1780456754,116.330305
1780456754,146.178610
1780456754,162.166272
1780456754,116.475476
1780456754,179.906836
1780456754,115.608419
1780456754,145.477880
1780456754,120.015095
1780456754,175.223493
1780456754,116.915182
1780456754,145.687548
1780456754,120.134828
1780456754,115.882169
1780456754,179.294502
1780456754,116.076343
1780456754,118.642194
1780456754,145.832094
1780456754,187.985484
1780456754,120.473885
1780456754,116.380897
1780456754,146.223672
1780456754,188.236952
1780456754,120.662542
1780456754,114.855838
1780456754,161.608328
1780456754,114.484222
1780456754,146.582486
1780456754,188.357705
1780456754,121.250170
1780456754,155.458867
1780456754,115.281480
1780456754,120.984396
1780456754,192.343678
1780456754,162.134809
1780456754,115.148056
1780456754,121.570274
1780456754,178.488644
1780456754,153.075520
1780456754,114.547651
1780456754,192.669628
1780456754,121.797916
1780456754,114.704925
1780456754,147.182592
1780456754,122.112810
1780456754,189.116163
1780456754,113.393550
1780456754,147.360852
1780456754,119.231069
1780456754,189.368917
1780456754,113.542270
1780456754,147.139522
1780456754,118.379651
1780456754,179.272440
1780456754,146.291521
1780456754,113.772064
1780456754,113.440299
1780456754,118.478881
1780456754,146.490334
1780456754,188.532044
1780456754,112.097685
1780456754,118.685452
1780456754,161.902425
1780456754,113.259922
1780456754,179.872223
1780456754,146.158449
1780456754,111.270054
1780456754,187.807993
1780456754,162.321539
1780456754,107.223507
1780456754,179.099540
1780456754,108.930519
1780456754,162.465806
1780456754,107.010295
1780456754,179.294283
1780456754,108.530697
1780456754,106.004368
1780456754,161.494450
1780456754,111.045558
1780456754,179.498923
1780456754,105.048291
1780456754,111.250891
1780456754,162.177032
1780456754,188.611248
1780456754,105.297338
1780456754,111.465601
1780456754,160.804859
1780456754,187.765897
1780456754,111.542548
1780456754,103.136393
1780456754,160.959934
1780456754,193.494962
1780456754,146.050928
1780456754,111.278374
1780456754,111.388748
1780456754,161.203859
1780456754,188.160070
1780456754,160.046961
1780456754,112.192807
1780456754,146.381594
1780456754,188.136257
1780456754,111.751958
1780456754,158.571180
1780456754,111.959471
1780456754,179.511766
1780456754,146.748903
1780456754,146.820756
1780456754,111.242899
1780456754,156.657228
1780456754,156.723834
1780456754,111.499942
1780456754,156.696561
1780456754,147.870902
1780456754,111.667942
1780456754,157.063660
1780456754,111.646765
1780456754,154.888998
1780456754,112.090022
1780456754,154.931228
1780456754,155.194833
1780456754,111.777814
1780456754,153.998724
1780456754,102.314365
1780456754,154.116883
1780456754,111.775353
1780456754,154.315589
1780456754,194.811718
1780456754,111.401812
1780456754,153.217436
1780456754,153.108890
1780456754,195.183706
1780456754,111.613802
1780456754,149.449980
1780456754,145.807289
1780456754,111.792682
1780456754,195.199358
1780456754,149.675248
1780456754,145.328868
1780456754,194.169720
1780456754,111.550868
1780456754,149.877501
1780456754,111.986066
1780456754,148.357639
1780456754,181.890873
1780456754,145.865186
1780456754,189.522189
1780456754,110.858868
1780456754,147.489861
1780456754,181.131407
1780456754,109.948846
1780456754,146.187826
1780456754,145.661984
1780456754,190.456605
1780456754,147.951353
1780456754,110.129785
1780456754,143.550908
1780456754,106.948306
1780456754,189.959694
1780456754,146.743462
1780456754,186.558989
1780456754,105.015433
1780456754,144.039094
1780456754,143.651333
1780456754,182.120859
1780456754,144.013405
1780456754,180.488592
1780456754,143.274185
1780456754,184.579795
1780456754,144.431927
1780456754,184.233429
1780456754,142.597668
1780456754,180.932178
1780456754,102.633492
1780456754,142.694013
1780456754,191.671487
1780456754,144.719468
1780456754,174.951917
1780456754,142.781311
1780456754,178.448563
1780456754,103.112320
1780456754,174.126263
1780456754,145.282442
1780456754,174.145440
1780456754,145.369781
1780456754,145.459043
1780456754,169.627472
1780456754,145.334647
1780456754,172.548544
1780456754,102.573130
1780456754,103.675828
1780456754,145.803921
1780456754,172.446595
1780456754,145.909512
1780456754,172.686973
1780456754,146.456268
1780456754,171.311913
1780456754,103.064751
1780456754,145.913121
1780456754,172.629252
1780456754,103.149440
1780456754,174.557993
1780456754,145.829068
1780456754,174.532395
1780456754,171.757158
1780456754,102.428713
1780456754,146.097966
1780456754,102.661078
1780456754,146.021067
1780456754,172.225661
1780456754,145.329711
1780456754,174.011803
1780456754,145.437048
1780456754,172.352842
1780456754,145.618418
1780456754,181.744898
1780456754,145.713326
1780456754,180.443592
1780456754,143.621421
1780456754,102.283847
1780456754,173.019139
1780456754,141.488241
1780456754,102.474191
1780456754,182.169564
1780456754,141.750101
1780456754,174.715698
1780456754,178.445531
1780456754,145.584984
1780456754,181.691621
1780456754,144.696616
1780456754,178.830900
1780456754,144.673871
1780456754,175.545843
1780456754,185.395298
1780456754,165.766922
1780456754,184.593142
1780456754,184.825498
1780456754,101.491515
1780456754,166.135945
1780456754,144.617292
1780456754,166.217929
1780456754,182.988581
1780456754,142.478774
1780456754,166.679546
1780456754,180.107846
1780456754,147.202692
1780456754,146.189187
1780456754,165.834945
1780456754,146.277041
1780456754,179.262460
1780456754,140.013238
1780456754,165.877598
1780456754,164.897372
1780456754,146.456139
1780456754,140.226012
1780456754,167.391783
1780456754,144.299652
1780456754,165.066797
1780456754,138.294428
1780456754,164.049703
1780456754,143.281436
1780456754,164.171403
1780456754,137.122507
1780456754,164.267953
1780456754,137.237094
1780456754,102.498814
1780456754,180.242105
1780456754,137.756122
1780456754,163.258912
1780456754,137.859127
1780456754,180.493119
1780456754,137.588918
1780456754,137.540138
1780456754,180.676231
1780456754,137.987688
1780456754,179.964432
1780456754,138.049029
1780456754,137.944404
1780456754,163.739018
1780456754,138.011431
1780456754,180.271090
1780456754,164.159962
1780456754,135.801444
1780456754,102.573615
1780456754,135.754850
1780456754,163.679692
1780456754,135.824990
1780456754,136.180849
1780456754,164.501472
1780456754,136.063728
1780456754,164.644770
1780456754,134.919254
1780456754,163.783999
1780456754,135.257333
1780456754,164.780872
1780456754,131.397124
1780456754,163.414340
1780456754,131.655076
1780456754,102.591821
1780456754,179.937208
1780456754,131.484696
1780456754,178.912611
1780456754,131.277916
1780456754,178.118613
1780456754,130.496342
1780456754,131.078184
1780456754,161.373271
1780456754,131.549406
1780456754,163.010925
1780456754,130.864120
1780456754,175.496226
1780456754,130.814987
1780456754,161.928678
1780456754,102.461769
1780456754,102.523019
1780456754,130.757582
1780456754,130.165592
1780456754,159.621256
1780456754,130.954247
1780456754,126.548762
1780456754,163.887875
1780456754,159.908360
1780456754,124.965805
1780456754,163.708635
1780456754,125.111526
1780456754,159.378086
1780456754,124.785282
1780456754,123.778541
1780456754,163.268849
1780456754,122.704304
1780456754,122.719464
1780456754,163.963993
1780456754,121.726309
1780456754,163.524260
1780456754,120.725436
1780456754,118.647219
1780456754,164.173140
1780456754,118.685702
1780456754,164.025214
1780456754,115.563269
1780456754,114.673287
1780456754,161.305616
1780456754,114.650285
1780456754,159.598829
1780456754,113.505774
1780456754,158.323231
1780456754,114.961820
1780456754,158.410405
1780456754,114.930534
1780456754,113.813508
1780456754,158.619695
1780456754,113.885535
1780456754,160.363250
1780456754,143.166144
1780456754,112.994642
1780456754,113.047619
1780456754,143.694723
1780456754,112.222412
1780456754,111.137287
1780456754,144.153541
1780456754,144.212161
1780456754,108.217892
1780456754,107.509902
1780456754,143.006656
1780456754,142.992437
1780456754,107.489992
1780456754,143.217391
1780456754,106.567550
1780456754,142.441883
1780456754,104.863566
1780456754,142.548505
1780456754,144.218554
1780456754,103.395894
1780456754,143.248090
1780456754,143.394177
1780456754,143.675317
1780456754,142.500665
1780456754,142.239339
1780456754,143.860743
1780456754,142.483775
1780456754,143.119220
1780456754,141.455844
1780456754,143.172922
1780456754,143.166794
1780456754,142.471348
1780456754,142.147888
1780456754,142.230354
1780456754,140.120819
1780456754,139.259615
1780456754,139.276462
1780456754,139.763494
1780456754,138.715698
1780456754,137.622290
1780456754,133.898979
1780456754,132.496570
1780456754,132.436370
1780456754,131.109130
1780456754,131.266398
1780456754,130.113548
1780456754,130.325921
1780456754,129.134324
1780456754,128.122431
1780456754,126.001365
1780456754,126.166932
1780456754,104.921581
1780456754,104.539889
1780456754,104.372705
1780456754,104.461273
1780456754,105.108994
1780456754,105.589524
1780456754,123.182665
1780456754,105.950298
1780456754,105.276473
1780456754,123.531502
1780456754,123.553039
1780456754,106.312953
1780456754,123.942134
1780456754,105.927044
1780456754,106.938221
1780456754,123.829466
1780456754,107.253666
1780456754,107.361602
1780456754,123.962800
1780456754,107.479334
1780456754,124.053406
1780456754,107.754479
1780456754,108.189501
1780456754,107.875063
1780456754,107.757853
1780456754,107.681533
1780456754,123.409649
1780456754,107.920677
1780456754,123.818060
1780456754,121.696219
1780456754,121.998235
1780456754,119.962079
1780456754,108.723011
1780456754,108.814429
1780456754,117.991697
1780456754,109.041217
1780456754,118.258985
1780456754,109.893321
1780456754,117.740526
1780456754,109.147015
1780456754,110.516986
1780456754,118.386200
1780456754,110.767169
1780456754,111.184007
1780456754,110.737431
1780456754,110.935853
1780456754,111.137938
1780456754,112.088623
1780456754,112.162440
1780456754,112.172213
1780456754,112.110129
1780456754,110.279437
1780456754,106.344249
1780456754,106.619214
1780456754,106.905029
1780456754,113.974277
1780456754,106.977549
1780456754,114.264546
1780456754,107.788137
1780456754,108.303224
1780456754,112.010820
1780456754,108.314738
1780456754,112.097524
1780456754,112.103607
1780456754,112.179141
1780456754,109.409146
1780456754,112.968818
1780456754,104.541833
1780456754,112.947856
1780456754,104.685693
1780456754,113.038208
1780456754,112.109582
1780456754,112.481927
1780456754,110.511070
1780456754,110.473397
1780456754,110.378565
1780456754,110.408683
1780456754,111.269008
1780456754,104.250353
1780456754,111.264873
1780456754,104.974163
1780456754,111.948786
1780456754,103.674580
1780456754,113.237486
1780456754,113.424221
1780456754,106.512858
1780456754,106.776167
1780456754,113.506200
1780456754,113.651153
1780456754,113.716342
1780456754,113.545337
1780456754,113.387940
1780456754,106.769538
1780456754,113.559152
1780456754,113.642823
1780456754,103.129761
1780456754,114.925305
1780456754,108.429392
1780456754,107.363065
1780456754,106.662682
1780456754,104.867042
1780456754,110.944510
1780456754,112.488195
1780456754,112.448075
1780456754,112.562409
1780456754,112.578565
1780456754,106.244308
1780456754,112.881959
1780456754,108.846685
1780456754,113.069436
1780456754,111.452624
1780456754,113.064322
1780456754,113.065256
1780456754,113.168326
1780456754,106.710450
1780456754,111.765314
1780456754,111.860013
1780456754,106.775484
1780456754,106.675376
1780456754,106.909843
1780456754,112.067865
1780456754,109.659789
1780456754,113.499016
1780456754,112.138554
1780456754,107.228931
1780456754,102.705292
1780456754,111.163772
1780456754,112.120835
1780456754,109.740354
1780456754,112.252865
1780456754,112.525811
1780456754,112.452379
1780456754,109.937135
1780456754,111.240916
1780456754,109.299682
1780456754,111.924621
1780456754,111.747659
1780456754,109.317305
1780456754,110.388278
1780456754,110.512837
1780456754,110.249304
1780456754,113.602569
1780456754,112.043179
1780456754,112.005805
1780456754,111.185205
1780456754,111.280523
1780456754,114.623294
1780456754,113.083952
1780456754,105.934142
1780456754,113.224416
1780456754,106.289289
1780456754,106.054854
1780456754,115.891494
1780456754,115.796928
1780456754,115.886133
1780456754,114.099078
1780456754,114.195645
1780456754,116.371720
1780456754,106.849021
1780456754,116.875516
1780456754,105.149211
1780456754,114.870844
1780456754,107.597288
1780456754,117.057362
1780456754,107.408776
1780456754,115.047135
1780456754,107.525149
1780456754,106.084669
1780456754,115.251151
1780456754,106.194217
1780456754,106.437275
1780456754,114.466252
1780456754,117.706231
1780456754,106.113069
1780456754,115.768598
1780456754,106.490593
1780456754,114.871734
1780456754,106.632238
1780456754,114.948968
1780456754,106.369081
1780456754,107.008571
1780456754,106.975399
1780456754,119.720000
1780456754,114.355880
1780456754,104.265828
1780456754,104.350053
1780456754,104.437324
1780456754,114.540819
1780456754,119.386749
1780456754,115.698762
1780456754,108.423807
1780456754,117.817893
1780456754,108.801873
1780456754,108.654925
1780456754,108.538147
1780456754,114.795813
1780456754,111.165941
1780456754,111.910697
1780456754,111.210134
1780456754,112.019206
1780456754,112.624719
1780456754,112.647107
1780456754,110.385682
1780456754,110.835493
1780456754,109.139146
1780456754,112.737062
1780456754,112.728752
1780456754,107.439755
1780456754,113.083580
1780456754,113.176959
1780456754,109.753983
1780456754,109.954133
1780456754,109.895065
1780456754,109.913918
1780456754,109.522821
1780456754,109.136144
1780456754,110.111076
1780456754,109.471804
1780456754,109.705166
1780456754,109.613068
1780456754,109.610704
1780456754,106.109970
1780456754,115.018480
1780456754,115.393697
1780456754,115.215651
1780456754,115.195595
1780456754,109.842600
1780456754,109.121634
1780456754,110.156537
1780456754,110.227686
1780456754,116.330754
1780456754,116.375758
1780456754,111.771998
1780456754,109.451554
1780456754,116.344306
1780456754,116.486994
1780456754,118.538710
1780456754,118.507405
1780456754,118.735133
1780456754,109.664528
1780456754,110.205269
1780456754,108.718124
1780456754,109.521204
1780456754,109.428859
1780456754,105.416487
1780456754,110.586880
1780456754,110.650863
1780456754,112.144628
1780456754,112.501117
1780456754,107.467383
1780456754,107.920652
1780456754,111.591617
1780456754,113.247482
1780456754,108.692601
1780456754,108.348658
1780456754,109.865057
1780456754,109.138733
1780456754,113.740342
1780456754,111.401464
1780456754,112.206840
1780456754,113.902597
1780456754,108.468407
1780456754,105.221303
1780456754,108.508233
1780456754,105.321216
1780456754,114.152207
1780456754,108.426804
1780456754,105.588514
1780456754,114.565016
1780456754,113.440835
1780456754,123.860580
1780456754,108.055354
1780456754,124.395014
1780456754,124.878028
1780456754,124.947161
1780456754,107.291008
1780456754,107.361559
1780456754,124.917493
1780456754,124.688179
1780456754,124.825910
1780456754,124.534227
1780456754,122.658151
1780456754,123.639238
1780456754,123.919005
1780456754,123.596535
1780456754,124.066331
1780456754,110.780867
1780456754,124.710310
1780456754,109.862936
1780456754,109.836080
1780456754,109.987774
1780456754,123.535947
1780456754,123.426033
1780456754,123.302799
1780456754,123.378240
1780456754,123.448945
1780456754,112.243510
1780456754,110.437798
1780456754,112.028869
1780456754,124.513906
1780456754,125.708905
1780456754,122.026694
1780456754,124.840037
1780456754,122.835486
1780456754,127.090425
1780456754,126.946632
1780456754,127.112262
1780456754,127.250266
1780456754,127.393477
1780456754,127.379619
1780456754,122.576850
1780456754,123.804542
1780456754,123.218688
1780456754,122.761244
1780456754,110.478335
1780456754,110.693136
1780456754,110.762828
1780456754,108.060381
1780456754,118.134916
1780456754,111.185198
1780456754,105.221683
1780456754,118.314626
1780456754,118.165916
1780456754,111.007585
1780456754,107.444745
1780456754,118.348010
1780456754,125.677189
1780456754,107.088307
1780456754,106.010848
1780456754,107.380670
1780456754,108.857099
1780456754,106.548455
1780456754,108.609524
1780456754,119.827126
1780456754,118.898959
1780456754,111.130472
1780456754,119.109447
1780456754,118.992264
1780456754,109.127975
1780456754,109.384605
1780456754,105.769769
1780456754,110.406987
1780456754,105.771562
1780456754,117.439556
1780456754,114.955239
1780456754,113.801797
1780456754,116.154351
1780456754,116.685923
1780456754,112.762599
1780456754,111.105661
1780456754,114.755797
1780456754,110.019975
1780456754,111.764845
1780456754,111.986207
1780456754,110.893493
1780456754,112.074754
1780456754,111.641359
1780456754,110.822229
1780456754,112.314342
1780456754,135.300159
1780456754,135.387742
1780456754,112.704665
1780456754,119.880770
1780456754,114.138659
1780456754,114.039243
1780456754,120.711482
1780456754,120.786808
1780456754,141.630476
1780456754,138.980896
1780456754,136.147015
1780456754,139.019339
1780456754,139.310087
1780456754,140.017624
1780456754,139.909239
1780456754,152.847128
1780456754,133.528558
1780456754,133.606869
1780456754,139.935602
1780456754,135.414037
1780456754,135.918274
1780456754,138.403854
1780456754,109.201688
1780456754,143.890802
1780456754,144.448179
1780456754,108.638484
1780456754,108.651752
1780456754,109.046005
1780456754,160.977281
1780456754,110.089533
1780456754,141.263890
1780456754,139.847562
1780456754,140.689656
1780456754,145.270674
1780456754,146.274245
1780456754,145.614152
1780456754,142.165212
1780456754,110.740543
1780456754,110.556021
1780456754,112.138260
1780456754,111.640496
1780456754,110.280213
1780456754,143.649314
1780456754,110.810640
1780456754,110.982259
1780456754,107.734706
1780456754,147.972201
1780456754,114.886309
1780456754,112.741941
1780456754,112.731893
1780456754,111.697897
1780456754,111.673449
1780456754,111.746321
1780456754,111.695086
1780456754,141.833690
1780456754,115.524966
1780456754,114.494333
1780456754,115.082524
1780456754,114.644369
1780456754,107.106100
1780456754,108.187097
1780456754,107.523567
1780456754,115.204713
1780456754,114.222209
1780456754,113.365460
1780456754,113.516483
1780456754,111.798972
1780456754,106.417616
1780456754,115.921460
1780456754,116.006610
1780456754,113.176437
1780456754,114.936359
1780456754,114.341826
1780456754,114.414241
1780456754,113.168028
1780456754,114.903533
1780456754,103.791054
1780456754,107.530109
1780456754,115.119734
1780456754,115.250113
1780456754,107.892767
1780456754,115.393581
1780456754,110.457749
1780456754,115.255955
1780456754,114.702925
1780456754,104.808645
1780456754,115.407606
1780456754,104.812169
1780456754,104.053544
1780456754,107.745147
1780456754,107.743581
1780456754,107.500274
1780456754,113.410433
1780456754,107.665981
1780456754,104.691405
1780456754,115.030419
1780456754,116.682746
1780456754,116.652406
1780456754,122.896389
1780456754,117.516389
1780456754,115.794732
1780456754,121.592105
1780456754,116.851215
1780456754,117.094404
1780456754,122.711881
1780456754,117.229745
1780456754,106.984424
1780456754,106.842660
1780456754,114.779368
1780456754,108.348055
1780456754,114.835013
1780456754,104.822218
1780456754,114.950434
1780456754,115.826809
1780456754,116.268267
1780456754,115.758127
1780456754,103.385283
1780456754,121.302931
1780456754,121.918724
1780456754,122.136878
1780456754,102.846335
1780456754,105.501240
1780456754,103.312490
1780456754,126.448421
1780456754,107.634547
1780456754,107.710100
1780456754,105.724986
1780456754,107.553916
1780456754,107.668943
1780456754,123.916121
1780456754,124.269534
1780456754,124.111865
1780456754,124.115687
1780456754,125.757255
1780456754,126.030716
1780456754,128.969135
1780456754,120.000363
1780456754,129.782161
1780456754,129.994379
1780456754,122.512884
1780456754,122.488697
1780456754,130.152017
1780456754,126.902655
1780456754,102.962065
1780456754,108.276264
1780456754,107.886908
1780456754,126.378472
1780456754,126.588174
1780456754,126.906324
1780456754,108.657370
1780456754,108.976252
1780456754,109.153158
1780456754,126.772592
1780456754,108.990420
1780456754,107.987450
1780456754,127.275923
1780456754,109.898349
1780456754,109.749648
1780456754,110.189486
1780456754,110.651344
1780456754,110.034043
1780456754,125.398429
1780456754,128.917464
1780456754,110.867264
1780456754,110.453847
1780456754,108.826346
1780456754,130.392405
1780456754,109.570559
1780456754,130.382281
1780456754,110.354345
1780456754,112.775570
1780456754,112.859384
1780456754,130.593637
1780456754,114.706514
1780456754,114.394510
1780456754,130.834635
1780456754,132.653918
1780456754,132.699438
1780456754,127.210728
1780456754,129.205616
1780456754,110.936449
1780456754,130.435229
1780456754,110.147209
1780456754,131.182974
1780456754,133.028513
1780456754,110.942539
1780456754,127.635016
1780456754,128.214133
1780456754,128.297417
1780456754,125.644730
1780456754,125.638140
1780456754,105.645194
1780456754,124.165539
1780456754,125.872526
1780456754,111.343420
1780456754,127.403689
1780456754,127.839870
1780456754,125.412970
1780456754,111.932824
1780456754,128.087681
1780456754,111.439033
1780456754,111.684740
1780456754,128.505196
1780456754,110.713176
1780456754,128.544738
1780456754,128.609069
1780456754,127.449447
1780456754,120.599297
1780456754,126.532130
1780456754,131.478580
1780456754,132.318923
1780456754,113.455553
1780456754,113.968516
1780456754,114.260152
1780456754,126.863717
1780456754,107.471582
1780456754,126.880688
1780456754,126.227706
1780456754,112.744142
1780456754,125.400249
1780456754,110.246714
1780456754,127.771927
1780456754,117.853173
1780456754,118.923396
1780456754,119.366442
1780456754,130.049457
1780456754,130.060751
1780456754,128.549998
1780456754,130.895051
1780456754,131.419796
1780456754,107.442787
1780456754,108.753884
1780456754,128.580422
1780456754,118.547118
1780456754,118.351976
1780456754,107.568986
1780456754,107.647679
1780456754,107.723457
1780456754,136.983876
1780456754,136.936787
1780456754,134.510809
1780456754,136.969744
1780456754,117.585488
1780456754,131.292887
1780456754,117.661773
1780456754,117.783755
1780456754,128.920501
1780456754,117.937148
1780456754,128.728814
1780456754,128.897236
1780456754,130.282780
1780456754,130.198062
1780456754,109.760484
1780456754,109.387016
1780456754,120.784361
1780456754,110.119010
1780456754,130.511558
1780456754,116.994920
1780456754,130.509484
1780456754,109.345379
1780456754,129.437575
1780456754,129.493485
1780456754,107.842995
1780456754,119.499150
1780456754,103.799822
1780456754,108.664593
1780456754,122.284533
1780456754,108.745217
1780456754,121.870776
1780456754,130.683217
1780456754,112.816114
1780456754,112.963958
1780456754,122.694136
1780456754,113.137494
1780456754,116.255619
1780456754,108.318873
1780456754,111.326179
1780456754,109.377734
1780456754,131.303775
1780456754,131.460897
1780456754,111.413425
1780456754,111.991230
1780456754,111.937378
1780456754,112.132731
1780456754,112.318877
1780456754,112.076810
1780456754,113.426262
1780456754,122.129975
1780456754,112.373190
1780456754,113.512350
1780456754,113.758163
1780456754,113.645063
1780456754,121.045083
1780456754,113.979354
1780456754,113.523111
1780456754,113.818736
1780456754,114.114827
1780456754,123.822291
1780456754,132.118923
1780456754,131.952721
1780456754,119.881723
1780456754,109.348325
1780456754,110.346279
1780456754,114.735207
1780456754,135.839601
1780456754,107.052308
1780456754,108.269672
1780456754,108.425907
1780456754,108.554827
1780456754,114.003475
1780456754,108.262812
1780456754,109.906813
1780456754,110.506723
1780456754,124.001104
1780456754,111.513027
1780456754,111.585752
1780456754,111.698578
1780456754,111.928474
1780456754,114.239241
1780456754,113.862633
1780456754,114.217616
1780456754,115.354656
1780456754,125.937654
1780456754,114.424836
1780456754,126.041012
1780456754,114.534311
1780456754,114.795520
1780456754,116.457753
1780456754,126.262828
1780456754,126.245963
1780456754,116.327412
1780456754,116.631562
1780456754,117.585324
1780456754,117.674839
1780456754,117.753749
1780456754,116.951043
1780456754,127.875500
1780456754,117.897392
1780456754,118.233655
1780456754,116.845449
1780456754,136.522567
1780456754,119.624854
1780456754,119.578690
1780456754,118.331767
1780456754,123.125581
1780456754,119.830112
1780456754,138.355730
1780456754,108.001226
1780456754,120.902310
1780456754,115.528436
1780456754,108.197788
1780456754,114.496070
1780456754,107.205293
1780456754,116.234048
1780456754,127.910190
1780456754,112.764011
1780456754,127.513292
1780456754,103.772546
1780456754,114.103052
1780456754,128.714704
1780456754,129.777634
1780456754,115.121233
1780456754,116.499247
1780456754,117.036005
1780456754,130.335076
1780456754,128.111566
1780456754,130.249064
1780456754,129.595863
1780456754,130.400247
1780456754,131.671975
1780456754,119.618000
1780456754,120.083111
1780456754,136.529982
1780456754,137.236994
1780456754,137.252458
1780456754,129.852829
1780456754,124.827660
1780456754,111.627120
1780456754,137.430133
1780456754,126.389476
1780456754,111.781669
1780456754,109.743091
1780456754,112.546454
1780456754,111.415518
1780456754,111.589770
1780456754,114.784749
1780456754,108.580790
1780456754,112.807690
1780456754,112.609435
1780456754,108.477178
1780456754,111.273758
1780456754,105.193633
1780456754,105.899046
1780456754,113.337082
1780456754,105.516160
1780456754,113.515973
1780456754,111.971266
1780456754,111.838280
1780456754,110.218605
1780456754,110.189087
1780456754,110.386746
1780456754,106.911286
1780456754,110.236946
1780456754,112.875685
1780456754,108.036503
1780456754,115.075066
1780456754,109.984547
1780456754,110.144432
1780456754,131.254956
1780456754,113.174876
1780456754,107.195311
1780456754,107.192205
1780456754,113.657298
1780456754,131.331300
1780456754,113.741640
1780456754,131.531417
1780456754,114.047668
1780456754,106.186595
1780456754,132.498533
1780456754,133.031769
1780456754,132.457435
1780456754,108.654262
1780456754,108.313249
1780456754,114.756268
1780456754,133.538849
1780456754,133.961216
1780456754,107.125296
1780456754,114.566255
1780456754,106.687204
1780456754,132.034357
1780456754,106.206886
1780456754,115.491931
1780456754,108.304607
1780456754,115.604109
1780456754,106.565376
1780456754,108.099746
1780456754,115.580381
1780456754,105.603657
1780456754,134.114632
1780456754,115.885373
1780456754,105.828327
1780456754,134.260576
1780456754,134.459970
1780456754,106.102638
1780456754,133.313241
1780456754,105.903297
1780456754,106.685644
1780456754,112.758862
1780456754,134.523099
1780456754,110.458101
1780456754,110.697937
1780456754,119.203879
1780456754,112.699808
1780456754,119.259130
1780456754,111.178629
1780456754,111.533371
1780456754,110.920411
1780456754,111.193638
1780456754,105.209288
1780456754,108.335587
1780456754,134.126711
1780456754,110.862453
1780456754,108.795055
1780456754,105.521752
1780456754,111.907982
1780456754,111.345015
1780456754,110.209339
1780456754,118.629409
1780456754,119.087499
1780456754,119.284010
1780456754,119.239449
1780456754,118.780633
1780456754,106.253156
1780456754,118.375125
1780456754,105.857977
1780456754,105.280429
1780456754,119.367984
1780456754,118.867228
1780456754,106.801083
1780456754,107.203461
1780456754,109.472223
1780456754,107.167093
1780456754,122.565158
1780456754,136.797456
1780456754,109.374573
1780456754,120.472131
1780456754,124.408146
1780456754,119.984659
1780456754,123.671480
1780456754,111.872413
1780456754,124.651233
1780456754,120.151270
1780456754,123.815559
1780456754,111.571499
1780456754,119.838703
1780456754,122.121387
1780456754,123.838539
1780456754,104.545643
1780456754,110.232324
1780456754,119.764384
1780456754,123.413030
1780456754,118.070693
1780456754,125.435755
1780456754,121.445300
1780456754,125.481454
1780456754,112.579972
1780456754,110.943224
1780456754,121.572178
1780456754,125.561357
1780456754,121.554043
1780456754,112.593467
1780456754,112.716179
1780456754,118.353728
1780456754,124.401373
1780456754,126.194986
1780456754,118.347928
1780456754,112.369842
1780456754,126.279612
1780456754,118.303133
1780456754,124.024001
1780456754,117.335012
1780456754,111.141336
1780456754,126.514743
1780456754,108.015256
1780456754,119.004416
1780456754,125.369064
1780456754,113.759902
1780456754,110.742529
1780456754,111.532233
1780456754,117.640489
1780456754,125.413154
1780456754,109.151178
1780456754,120.172515
1780456754,125.266311
1780456754,120.139167
1780456754,126.947338
1780456754,108.611207
1780456754,117.638883
1780456754,109.094251
1780456754,112.316256
1780456754,125.392175
1780456754,117.750257
1780456754,112.076860
1780456754,114.857577
1780456754,106.812338
1780456754,112.528740
1780456754,117.334427
1780456754,112.159716
1780456754,124.883993
1780456754,118.925838
1780456754,108.983440
1780456754,118.127314
1780456754,125.172699
1780456754,111.210778
1780456754,112.292050
1780456754,117.759260
1780456754,116.675400
1780456754,125.213923
1780456754,124.034484
1780456754,116.077632
1780456754,121.633132
1780456754,115.147585
1780456754,121.415167
1780456754,111.926295
1780456754,117.123890
1780456754,122.341303
1780456754,109.604998
1780456754,122.567556
1780456754,117.292581
1780456754,112.429435
1780456754,108.480803
1780456754,121.698178
1780456754,114.904148
1780456754,114.968756
1780456754,112.372377
1780456754,122.488486
1780456754,115.720210
1780456754,112.310407
1780456754,120.934895
1780456754,114.429606
1780456754,107.989754
1780456754,123.387202
1780456754,111.980872
1780456754,123.352026
1780456754,113.815084
1780456754,107.285788
1780456754,122.165132
1780456754,112.224200
1780456754,121.513458
1780456754,112.621524
1780456754,106.898802
1780456754,106.596926
1780456754,115.178257
1780456754,124.229516
1780456754,106.581632
1780456754,122.761535
1780456754,114.813259
1780456754,110.489105
1780456754,113.610672
1780456754,119.411785
1780456754,116.098361
1780456754,111.065140
1780456754,116.318991
1780456754,120.575708
1780456754,111.907649
1780456754,106.903591
1780456754,119.789642
1780456754,111.535333
1780456754,116.492066
1780456754,114.648895
1780456754,115.453943
1780456754,118.952475
1780456754,114.669620
1780456754,111.793856
1780456754,114.649373
1780456754,119.214215
1780456754,108.406369
1780456754,112.135183
1780456754,108.307011
1780456754,112.245709
1780456754,116.532698
1780456754,111.907817
1780456754,112.507711
1780456754,109.951441
1780456754,119.473351
1780456754,116.650017
1780456754,116.656160
1780456754,110.834198
1780456754,118.921074
1780456754,119.562876
1780456754,111.277944
1780456754,120.134905
1780456754,111.307978
1780456754,111.699739
1780456754,117.270778
1780456754,111.730603
1780456754,117.671251
1780456754,120.807466
1780456754,121.023312
1780456754,120.855764
1780456754,120.863512
1780456754,116.444426
1780456754,119.452286
1780456754,116.662512
1780456754,111.119143
1780456754,120.126969
1780456754,111.324942
1780456754,112.262446
1780456754,117.806614
1780456754,112.380071
1780456754,112.458486
1780456754,119.698487
1780456754,110.800042
1780456754,120.811528
1780456754,113.230787
1780456754,121.493088
1780456754,115.458783
1780456754,112.551211
1780456754,112.643574
1780456754,110.059423
1780456754,123.401278
1780456754,109.798153
1780456754,115.071483
1780456754,123.554167
1780456754,115.632500
1780456754,111.717797
1780456754,123.455061
1780456754,123.744813
1780456754,112.269167
1780456754,113.317273
1780456754,123.888205
1780456754,115.667331
1780456754,114.919880
1780456754,124.152504
1780456754,116.024954
1780456754,117.244666
1780456754,119.332382
1780456754,115.150759
1780456754,116.476906
1780456754,115.311644
1780456754,117.968453
1780456754,112.974852
1780456754,112.396976
1780456754,121.757176
1780456754,112.975273
1780456754,124.585971
1780456754,122.265749
1780456754,123.083877
1780456754,113.207806
1780456754,114.379768
1780456754,118.425254
1780456754,109.715799
1780456754,105.284673
1780456754,105.353477
1780456754,107.602537
1780456754,124.928310
1780456754,112.818193
1780456754,123.897721
1780456754,104.619896
1780456754,109.784149
1780456754,111.496189
1780456754,119.525463
1780456754,115.061926
1780456754,105.974071
1780456754,124.231857
1780456754,115.309651
1780456754,117.138121
1780456754,127.582269
1780456754,127.321113
1780456754,116.466052
1780456754,127.530244
1780456754,117.033898
1780456754,127.735179
1780456754,119.223359
1780456754,128.019440
1780456754,117.257641
1780456754,119.613401
1780456754,120.770241
1780456754,128.897605
1780456754,124.996198
1780456754,111.987573
1780456754,119.600020
1780456754,121.315674
1780456754,129.466366
1780456754,120.076778
1780456754,119.869031
1780456754,121.872774
1780456754,116.057983
1780456754,121.232911
1780456754,121.693413
1780456754,121.691544
1780456754,112.708931
1780456754,125.592142
1780456754,121.480307
1780456754,112.732003
1780456754,121.306276
1780456754,116.926459
1780456754,107.888886
1780456754,117.318509
1780456754,120.708804
1780456754,108.197934
1780456754,113.425893
1780456754,118.115006
1780456754,114.028392
1780456754,122.075575
1780456754,114.255128
1780456754,110.182796
1780456754,127.427614
1780456754,113.065104
1780456754,118.642332
1780456754,114.022218
1780456754,109.578629
1780456754,123.242556
1780456754,123.353765
1780456754,125.423837
1780456754,125.491750
1780456754,121.672432
1780456754,125.815010
1780456754,114.032455
1780456754,113.397607
1780456754,125.985847
1780456754,121.589937
1780456754,115.173816
1780456754,126.134034
1780456754,116.273881
1780456754,121.780444
1780456754,114.405770
1780456754,113.164028
1780456754,113.924601
1780456754,115.061678
1780456754,115.141006
1780456754,123.669857
1780456754,113.534899
1780456754,129.229234
1780456754,116.962366
1780456754,115.491408
1780456754,123.830865
1780456754,114.505979
1780456754,114.907471
1780456754,115.364299
1780456754,115.719355
1780456754,117.064877
1780456754,114.649195
1780456754,114.542431
1780456754,117.245730
1780456754,114.919314
1780456754,115.490111
1780456754,126.028638
1780456754,125.954014
1780456754,118.264315
1780456754,129.947925
1780456754,119.625887
1780456754,118.780888
1780456754,118.475630
1780456754,118.083755
1780456754,117.661394
1780456754,118.383693
1780456754,118.927951
1780456754,119.346115
1780456754,119.691426
1780456754,122.710868
1780456754,120.076382
1780456754,120.825523
1780456754,119.231628
1780456754,119.907695
1780456754,120.503660
1780456754,120.018977
1780456754,124.691741
1780456754,124.440795
1780456754,120.584807
1780456754,120.380400
1780456754,123.690734
1780456754,123.082705
1780456754,125.062641
1780456754,124.114685
1780456754,123.402678
1780456754,124.254003
1780456754,116.983664
1780456754,118.303771
1780456754,121.643394
1780456754,121.312148
1780456754,119.202736
1780456754,122.197894
1780456754,112.598020
1780456754,117.907391
1780456754,118.411491
1780456754,118.654222
1780456754,117.370989
1780456754,113.384012
1780456754,113.548496
1780456754,118.079652
1780456754,113.934347
1780456754,118.547852
1780456754,123.314747
1780456754,112.907639
1780456754,118.449901
1780456754,122.641783
1780456754,127.234899
1780456754,122.118030
1780456754,128.345164
1780456754,114.139950
1780456754,123.216633
1780456754,117.805290
1780456754,117.551913
1780456754,123.926769
1780456754,129.287622
1780456754,120.052416
1780456754,118.115896
1780456754,114.630010
1780456754,120.035456
1780456754,121.920401
1780456754,121.441038
1780456754,124.277969
1780456754,118.104367
1780456754,121.340448
1780456754,113.323680
1780456754,118.674901
1780456754,128.610975
1780456754,121.498602
1780456754,124.049607
1780456754,115.615649
1780456754,118.638466
1780456754,121.256259
1780456754,119.666382
1780456754,119.706087
1780456754,112.213107
1780456754,119.293472
1780456754,119.886283
1780456754,121.903769
1780456754,123.010679
1780456754,124.366759
1780456754,113.819908
1780456754,131.010327
1780456754,131.114478
1780456754,120.319205
1780456754,119.698928
1780456754,130.592418
1780456754,119.152514
1780456754,123.641066
1780456754,131.229955
1780456754,119.423772
1780456754,118.166009
1780456754,119.965443
1780456754,131.332176
1780456754,114.507039
1780456754,122.553364
1780456754,123.288782
1780456754,116.061621
1780456754,112.220673
1780456754,119.875687
1780456754,114.674215
1780456754,115.944629
1780456754,112.863203
1780456754,118.497915
1780456754,116.185715
1780456754,131.620471
1780456754,116.011597
1780456754,115.781010
1780456754,131.655905
1780456754,118.583378
1780456754,115.916893
1780456754,131.744805
1780456754,116.027678
1780456754,111.702140
1780456754,112.866601
1780456754,130.661570
1780456754,117.978298
1780456754,118.184304
1780456754,108.559835
1780456754,108.850757
1780456754,117.012945
1780456754,130.547933
1780456754,113.716689
1780456754,116.255022
1780456754,118.623863
1780456754,105.797734
1780456754,110.936997
1780456754,114.127684
1780456754,115.843501
1780456754,117.013005
1780456754,116.048010
1780456754,115.842917
1780456754,116.491516
1780456754,113.687409
1780456754,117.036631
1780456754,131.945405
1780456754,109.248485
1780456754,114.734842
1780456754,109.705679
1780456754,119.937954
1780456754,116.362352
1780456754,131.395366
1780456754,118.336805
1780456754,126.082716
1780456754,129.804461
1780456754,108.341862
1780456754,130.576114
1780456754,126.612180
1780456754,122.722673
1780456754,118.135469
1780456754,122.933272
1780456754,124.270644
1780456754,127.398141
1780456754,131.509083
1780456754,139.041086
1780456754,130.821534
1780456754,116.566644
1780456754,134.834832
1780456754,134.620678
1780456754,138.725795
1780456754,110.317903
1780456754,139.014480
1780456754,134.132439
1780456754,140.323585
1780456754,132.126203
1780456754,132.129533
1780456754,111.873425
1780456754,132.490228
1780456754,113.675450
1780456754,141.679923
1780456754,123.135423
1780456754,123.482450
1780456754,108.258469
1780456754,118.152470
1780456754,108.943947
1780456754,123.178058
1780456754,125.433851
1780456754,135.316179
1780456754,127.579764
1780456754,119.916287
1780456754,120.001663
1780456754,115.000404
1780456754,125.265667
1780456754,141.253190
1780456754,122.867161
1780456754,139.347438
1780456754,120.631517
1780456754,123.376423
1780456754,115.549476
1780456754,126.090964
1780456754,118.557473
1780456754,126.193621
1780456754,112.166408
1780456754,126.408372
1780456754,112.390309
1780456754,136.002244
1780456754,120.172500
1780456754,120.432159
1780456754,120.747806
1780456754,113.900903
1780456754,115.506273
1780456754,135.198561
1780456754,138.160779
1780456754,135.678216
1780456754,123.374414
1780456754,126.297996
1780456754,108.078750
1780456754,119.369536
1780456754,124.479084
1780456754,119.527059
1780456754,119.417319
1780456754,114.648984
1780456754,131.519761
1780456754,124.825168
1780456754,135.365614
1780456754,123.637622
1780456754,134.168409
1780456754,113.815392
1780456754,123.241250
1780456754,110.504473
1780456754,123.915204
1780456754,115.360525
1780456754,134.981052
1780456754,125.667047
1780456754,112.031367
1780456754,125.939365
1780456754,140.321855
1780456754,140.915303
1780456754,136.834413
1780456754,132.279725
1780456754,138.080835
1780456754,134.174824
1780456754,129.355528
1780456754,139.025395
1780456754,134.514461
1780456754,129.655526
1780456754,122.421953
1780456754,129.771990
1780456754,106.637578
1780456754,121.049041
1780456754,109.200763
1780456754,134.341882
1780456754,129.808020
1780456754,111.831939
1780456754,119.838879
1780456754,120.461718
1780456754,140.183410
1780456754,140.040246
1780456754,134.084600
1780456754,128.986198
1780456754,134.048367
1780456754,134.161645
1780456754,112.867964
1780456754,113.030904
1780456754,112.864112
1780456754,140.567899
1780456754,140.734492
1780456754,129.743579
1780456754,108.064823
1780456754,140.652943
1780456754,135.246878
1780456754,122.143842
1780456754,135.646037
1780456754,148.733798
1780456754,140.871402
1780456754,113.553895
1780456754,113.515856
1780456754,113.590312
1780456754,112.181620
1780456754,136.857606
1780456754,136.915193
1780456754,143.137890
1780456754,140.792538
1780456754,134.108884
1780456754,132.368469
1780456754,106.425953
1780456754,123.698306
1780456754,143.158968
1780456754,109.805544
1780456754,110.121066
1780456754,110.947188
1780456754,112.435656
1780456754,143.749001
1780456754,133.218494
1780456754,143.612029
1780456754,146.089328
1780456754,125.555780
1780456754,109.830460
1780456754,126.543200
1780456754,132.686120
1780456754,137.282682
1780456754,134.061323
1780456754,147.061833
1780456754,129.811726
1780456754,112.294695
1780456754,130.522482
1780456754,120.566878
1780456754,137.191198
1780456754,149.189387
1780456754,115.007567
1780456754,141.593181
1780456754,131.299000
1780456754,115.738504
1780456754,125.415812
1780456754,145.632417
1780456754,142.972574
1780456754,124.747718
1780456754,132.028701
1780456754,153.423459
1780456754,131.560347
1780456754,147.527828
1780456754,147.733004
1780456754,121.845679
1780456754,149.449402
1780456754,152.047058
1780456754,152.699372
1780456754,148.294209
1780456754,131.849872
1780456754,134.052558
1780456754,110.018442
1780456754,110.350444
1780456754,155.079889
1780456754,155.366829
1780456754,119.116321
1780456754,152.392949
1780456754,136.575457
1780456754,125.524658
1780456754,142.213711
1780456754,142.435742
1780456754,160.887295
1780456754,161.605632
1780456754,162.451979
1780456754,154.572088
1780456754,180.701345
1780456754,189.548694
1780456754,197.008776
1780456754,176.185818
1780456754,156.940228
1780456754,170.809188
1780456754,177.699695
1780456754,176.948646
1780456754,185.427894
1780456754,178.929712
1780456754,188.384579
1780456754,179.096022
1780456754,181.369697
1780456754,209.964128
1780456754,189.991536
1780456754,210.356202
1780456754,189.528987
1780456754,180.685102
1780456754,182.873647
1780456754,183.182782
1780456754,190.085148
1780456754,188.454027
1780456754,191.107104
1780456754,191.651440
1780456754,193.086426
1780456754,193.611622
1780456754,194.560924
1780456754,194.219228
1780456754,195.005309
1780456754,195.753128
1780456754,186.134941
1780456754,196.279537
1780456754,216.171484
1780456754,198.074114
1780456754,196.875717
1780456754,219.053972
1780456754,219.664639
1780456754,205.731105
1780456754,222.641379
1780456754,207.039388
1780456754,224.349885
1780456754,204.060815
1780456754,193.561302
1780456754,207.621664
1780456754,225.051285
1780456754,194.033547
1780456754,208.000524
1780456754,208.437337
1780456754,225.605721
1780456754,196.288729
1780456754,215.027211
1780456754,229.341971
1780456754,196.912459
1780456754,244.464788
1780456754,253.140483
1780456754,234.194215
1780456754,224.942689
1780456754,224.898033
1780456754,232.909753
1780456754,225.488768
1780456754,214.244873
1780456754,206.606111
1780456754,241.840953
1780456754,227.501597
1780456754,217.366652
1780456754,217.967937
1780456754,218.614315
1780456754,218.490605
1780456754,218.655102
1780456754,209.188293
1780456754,235.157535
1780456754,220.892329
1780456754,219.697940
1780456754,231.105553
1780456754,211.904030
1780456754,221.068817
1780456754,248.239257
1780456754,258.770804
1780456754,224.427078
1780456754,250.611219
1780456754,263.154746
1780456754,217.842826
1780456754,264.036693
1780456754,247.735702
1780456754,259.395857
1780456754,252.736222
1780456754,221.438493
1780456754,252.929123
1780456754,218.582117
1780456754,252.616557
1780456754,260.659773
1780456754,267.271160
1780456754,247.824805
1780456754,267.941090
1780456754,219.344276
1780456754,253.571118
1780456754,222.885099
1780456754,254.384121
1780456754,246.475805
1780456754,269.005836
1780456754,223.145601
1780456754,251.774411
1780456754,262.213134
1780456754,253.664737
1780456754,221.439153
1780456754,253.577256
1780456754,242.214383
1780456754,263.176381
1780456754,249.212352
1780456754,270.905959
1780456754,243.328612
1780456754,256.388850
1780456754,235.405983
1780456754,264.245892
1780456754,243.769100
1780456754,230.028947
1780456754,264.313598
1780456754,225.446588
1780456754,265.019183
1780456754,247.314607
1780456754,249.134280
1780456754,234.727771
1780456754,230.718085
1780456754,272.993950
1780456754,249.888118
1780456754,251.257770
1780456754,252.367320
1780456754,260.281272
1780456754,260.598112
1780456754,260.092012
1780456754,227.114943
1780456754,227.743006
1780456754,261.463418
1780456754,269.964930
1780456754,267.060527
1780456754,228.589322
1780456754,270.543839
1780456754,253.033208
1780456754,232.591714
1780456754,228.353030
1780456754,232.029913
1780456754,228.304016
1780456754,249.777961
1780456754,238.755597
1780456754,264.226630
1780456754,264.416417
1780456754,231.802877
1780456754,229.129343
1780456754,237.667066
1780456754,265.798199
1780456754,229.660164
1780456754,263.135451
1780456754,219.088256
1780456754,199.746997
1780456754,265.391587
1780456754,257.818958
1780456754,251.679939
1780456754,256.382400
1780456754,253.612224
1780456754,264.156205
1780456754,217.621961
1780456754,257.351288
1780456754,247.706151
1780456754,221.552672
1780456754,267.634491
1780456754,235.217269
1780456754,236.027050
1780456754,275.479141
1780456754,270.801115
1780456754,260.759790
1780456754,259.121579
1780456754,268.954519
1780456754,261.266699
1780456754,277.160570
1780456754,263.817476
1780456754,270.572508
1780456754,262.765502
1780456754,251.707125
1780456754,244.989631
1780456754,238.412635
1780456754,265.070953
1780456754,238.461762
1780456754,207.109342
1780456754,206.067297
1780456754,223.185169
1780456754,218.299308
1780456754,228.217151
1780456754,234.075274
1780456754,236.522758
1780456754,208.549354
1780456754,237.314731
1780456754,237.907816
1780456754,208.890764
1780456754,238.623264
1780456754,246.281564
1780456754,198.701967
1780456754,211.070047
1780456754,198.556515
1780456754,198.820827
1780456754,198.722013
1780456754,225.614026
1780456754,225.705627
1780456754,202.117346
1780456754,199.653955
1780456754,210.094423
1780456754,220.965835
1780456754,221.186115
1780456754,258.360209
1780456754,221.162193
1780456754,240.402942
1780456754,241.104533
1780456754,239.072806
1780456754,221.290865
1780456754,239.890639
1780456754,221.229922
1780456754,222.031374
1780456754,241.567557
1780456754,221.767974
1780456754,241.346332
1780456754,222.104203
1780456754,214.159846
1780456754,222.318521
1780456754,216.986890
1780456754,217.448167
1780456754,216.974598
1780456754,217.475361
1780456754,218.063005
1780456754,217.620824
1780456754,216.951238
1780456754,220.095378
1780456754,218.227631
1780456754,218.457141
1780456754,217.465862
1780456754,208.654272
1780456754,201.375766
1780456754,208.809040
1780456754,209.407042
1780456754,198.075894
1780456754,198.804179
1780456754,205.553420
1780456754,198.148254
1780456754,206.544142
1780456754,206.554754
1780456754,207.291890
1780456754,209.178171
1780456754,209.947837
1780456754,211.949705
1780456754,201.955061
1780456754,212.000829
1780456754,210.338328
1780456754,212.220488
1780456754,211.042794
1780456754,212.088080
1780456754,212.434020
1780456754,215.332949
1780456754,210.586043
1780456754,213.098096
1780456754,211.199113
1780456754,216.239631
1780456754,216.450306
1780456754,215.144779
1780456754,216.836598
1780456754,217.960233
1780456754,217.639355
1780456754,217.663878
1780456754,216.503641
1780456754,218.431019
1780456754,221.539491
1780456754,221.940935
1780456754,222.335023
1780456754,222.602644
1780456754,228.004242
1780456754,228.638582
1780456754,229.253535
1780456754,230.729820
1780456754,230.705182
1780456754,238.275610
1780456754,238.630188
1780456754,239.461445
1780456754,239.808141
1780456754,234.747094
1780456754,235.338370
1780456754,224.008726
1780456754,235.948118
1780456754,228.210396
1780456754,228.518335
1780456754,228.789640
1780456754,219.712897
1780456754,229.345600
1780456754,228.268084
1780456754,242.207422
1780456754,251.142125
1780456754,220.515524
1780456754,252.820719
1780456754,242.253555
1780456754,242.585670
1780456754,284.395737
1780456754,227.106245
1780456754,253.478848
1780456754,238.005144
1780456754,247.045074
1780456754,212.712768
1780456754,216.571870
1780456754,225.226436
1780456754,213.686551
1780456754,192.701462
1780456754,193.035088
1780456754,193.414385
1780456754,193.479849
1780456754,194.041213
1780456754,194.316713
1780456754,194.411281
1780456754,194.861540
1780456754,194.947734
1780456754,195.282939
1780456754,195.751713
1780456754,147.802068
1780456754,195.631917
1780456754,210.566272
1780456754,184.690213
1780456754,186.553894
1780456754,189.807405
1780456754,149.374040
1780456754,191.211301
1780456754,190.557518
1780456754,191.672704
1780456754,192.693340
1780456754,197.959029
1780456754,198.202719
1780456754,178.005627
1780456754,181.347869
1780456754,187.283208
1780456754,187.221082
1780456754,186.775772
1780456754,187.249321
1780456754,188.278258
1780456754,187.202843
1780456754,187.780194
1780456754,186.570637
1780456754,183.073039
1780456754,187.099361
1780456754,188.566881
1780456754,188.085270
1780456754,187.436032
1780456754,187.868308
1780456754,187.640911
1780456754,187.474566
1780456754,188.190862
1780456754,188.339012
1780456754,187.132636
1780456754,187.351678
1780456754,187.436272
1780456754,188.201473
1780456754,188.005709
1780456754,187.955735
1780456754,188.199471
1780456754,189.030105
1780456754,187.782095
1780456754,188.777411
1780456754,187.915540
1780456754,189.255881
1780456754,187.660836
1780456754,188.846685
1780456754,188.739391
1780456754,170.438809
1780456754,171.739308
1780456754,167.835424
1780456754,152.807287
1780456754,169.716747
1780456754,176.316340
1780456754,177.383702
1780456754,177.775592
1780456754,172.860239
1780456754,177.646700
1780456754,178.031223
1780456754,176.535538
1780456754,178.041170
1780456754,180.268370
1780456754,178.269336
1780456754,215.832940
1780456754,153.777702
1780456754,216.023275
1780456754,177.803181
1780456754,215.819325
1780456754,181.270313
1780456754,215.894663
1780456754,183.634933
1780456754,216.085682
1780456754,183.730436
1780456754,219.459234
1780456754,177.054812
1780456754,219.714204
1780456754,178.107678
1780456754,221.744668
1780456754,178.275228
1780456754,220.206869
1780456754,178.232564
1780456754,222.353888
1780456754,178.437139
1780456754,222.494493
1780456754,178.648672
1780456754,222.601670
1780456754,178.476266
1780456754,222.482848
1780456754,178.599486
1780456754,160.256689
1780456754,159.457950
1780456754,160.968761
1780456754,221.413930
1780456754,160.056945
1780456754,221.955804
1780456754,161.385105
1780456754,161.817499
1780456754,160.657260
1780456754,181.157717
1780456754,107.010830
1780456754,162.165054
1780456754,163.607664
1780456754,107.440184
1780456754,163.897494
1780456754,107.194657
1780456754,164.047788
1780456754,164.269599
1780456754,164.486859
1780456754,107.617977
1780456754,167.283640
1780456754,115.952466
1780456754,167.128525
1780456754,107.548802
1780456754,107.671577
1780456754,165.746509
1780456754,167.655091
1780456754,107.880596
1780456754,107.962250
1780456754,169.913500
1780456754,108.115627
1780456754,170.330942
1780456754,169.364150
1780456754,107.934429
1780456754,107.982638
1780456754,175.944459
1780456754,108.306198
1780456754,172.033687
1780456754,107.859942
1780456754,171.798801
1780456754,108.258028
1780456754,170.028168
1780456754,173.417040
1780456754,155.393803
1780456754,155.569440
1780456754,151.670871
1780456754,149.378311
1780456754,155.965781
1780456754,156.362004
1780456754,171.055443
1780456754,173.335161
1780456754,150.031286
1780456754,156.839601
1780456754,153.393323
1780456754,156.763678
1780456754,157.106670
1780456754,151.032741
1780456754,168.275888
1780456754,160.261047
1780456754,151.751966
1780456754,173.737842
1780456754,152.795565
1780456754,161.025540
1780456754,168.648769
1780456754,196.257940
1780456754,161.366768
1780456754,182.569722
1780456754,155.070739
1780456754,161.729498
1780456754,162.240580
1780456754,169.060861
1780456754,155.911728
1780456754,169.288653
1780456754,169.577781
1780456754,157.239564
1780456754,156.648172
1780456754,157.114113
1780456754,156.243054
1780456754,175.325943
1780456754,175.473852
1780456754,176.275415
1780456754,161.367667
1780456754,161.851727
1780456754,249.020601
1780456754,248.901219
1780456754,250.000386
1780456754,251.012865
1780456754,251.081359
1780456754,251.247811
1780456754,251.594481
1780456754,251.357721
1780456754,250.208456
1780456754,252.721760
1780456754,252.889315
1780456754,260.121545
1780456754,254.634275
1780456754,260.605348
1780456754,260.700913
1780456754,265.583044
1780456754,260.822201
1780456754,267.115632
1780456754,260.114885
1780456754,262.079395
1780456754,262.215857
1780456754,262.333199
1780456754,260.925875
1780456754,262.613256
1780456754,262.695586
1780456754,260.785334
1780456754,281.107580
1780456754,255.263742
1780456754,257.525974
1780456754,281.608705
1780456754,260.345278
1780456754,267.883337
1780456754,266.313206
1780456754,268.106145
1780456754,257.707483
1780456754,268.068802
1780456754,258.101186
1780456754,282.312464
1780456754,260.781853
1780456754,271.048456
1780456754,269.684379
1780456754,271.345620
1780456754,266.832634
1780456754,260.462622
1780456754,271.376838
1780456754,282.527495
1780456754,287.391644
1780456754,260.738720
1780456754,270.013263
1780456754,270.393228
1780456754,290.314951
1780456754,267.197584
1780456754,290.701578
1780456754,271.023306
1780456754,271.151983
1780456754,261.219311
1780456754,251.368000
1780456754,249.817985
1780456754,251.408800
1780456754,240.670270
1780456754,252.673429
1780456754,313.174899
1780456754,321.048679
1780456754,282.313431
1780456754,159.771728
1780456754,162.527996
1780456754,147.037393
1780456754,147.341783
1780456754,147.440813
1780456754,147.939462
1780456754,148.136330
1780456754,173.091900
1780456754,148.703528
1780456754,148.885804
1780456754,149.209384
1780456754,149.640236
1780456754,149.910220
1780456754,150.159895
1780456754,150.445208
1780456754,151.517716
1780456754,150.687985
1780456754,151.937599
1780456754,152.361159
1780456754,151.687909
1780456754,152.689675
1780456754,173.856498
1780456754,152.442327
1780456754,153.493352
1780456754,152.825468
1780456754,155.889717
1780456754,153.252879
1780456754,129.506135
1780456754,154.003617
1780456754,154.207756
1780456754,156.128859
1780456754,155.815089
1780456754,130.283939
1780456754,155.729528
1780456754,157.216842
1780456754,156.624689
1780456754,158.143324
1780456754,156.903099
1780456754,157.611982
1780456754,158.395921
1780456754,157.838336
1780456754,160.260982
1780456754,175.974381
1780456754,158.994325
1780456754,159.790771
1780456754,176.256011
1780456754,159.507061
1780456754,159.379943
1780456754,161.040409
1780456754,158.302981
1780456754,162.430814
1780456754,163.393043
1780456754,143.015241
1780456754,162.406086
1780456754,141.950950
1780456754,144.872152
1780456754,162.704433
1780456754,144.468541
1780456754,145.993984
1780456754,143.512400
1780456754,164.044655
1780456754,145.409951
1780456754,144.940127
1780456754,163.998227
1780456754,146.036666
1780456754,163.972591
1780456754,143.125650
1780456754,147.147399
1780456754,145.950973
1780456754,146.725335
1780456754,146.999726
1780456754,147.749581
1780456754,147.963572
1780456754,164.817932
1780456754,148.548099
1780456754,165.146887
1780456754,147.773214
1780456754,148.326616
1780456754,149.142618
1780456754,149.017781
1780456754,149.301534
1780456754,149.507800
1780456754,148.744375
1780456754,149.700035
1780456754,131.052268
1780456754,167.709156
1780456754,133.347554
1780456754,129.976621
1780456754,153.976390
1780456754,130.392370
1780456754,174.657916
1780456754,162.515086
1780456754,130.821605
1780456754,132.847530
1780456754,174.948479
1780456754,133.240939
1780456754,126.367743
1780456754,132.449721
1780456754,131.804464
1780456754,134.635923
1780456754,176.203139
1780456754,133.567521
1780456754,131.601871
1780456754,134.460257
1780456754,131.380961
1780456754,133.204719
1780456754,176.384485
1780456754,135.295219
1780456754,133.479385
1780456754,159.614844
1780456754,176.522895
1780456754,131.435794
1780456754,135.173729
1780456754,152.993494
1780456754,136.272937
1780456754,152.686206
1780456754,136.085549
1780456754,152.766255
1780456754,162.828660
1780456754,152.954100
1780456754,135.798621
1780456754,152.194734
1780456754,134.462143
1780456754,127.551162
1780456754,137.204555
1780456754,153.099197
1780456754,136.082286
1780456754,129.003402
1780456754,137.047980
1780456754,152.469646
1780456754,129.393500
1780456754,163.675514
1780456754,138.199173
1780456754,153.373503
1780456754,136.993367
1780456754,152.514603
1780456754,138.454100
1780456754,128.851697
1780456754,154.587973
1780456754,164.029242
1780456754,138.814615
1780456754,130.688171
1780456754,130.437485
1780456754,137.852494
1780456754,129.589742
1780456754,136.945765
1780456754,163.708231
1780456754,129.880638
1780456754,137.797961
1780456754,130.666448
1780456754,130.072060
1780456754,138.212950
1780456754,131.123858
1780456754,139.231605
1780456754,154.912781
1780456754,139.496537
1780456754,139.771159
1780456754,131.102794
1780456754,140.254895
1780456754,194.129273
1780456754,164.584472
1780456754,202.741096
1780456754,142.064868
1780456754,202.982705
1780456754,164.946160
1780456754,112.408407
1780456754,147.237145
1780456754,116.531741
1780456754,141.730974
1780456754,113.286941
1780456754,143.278505
1780456754,113.626764
1780456754,141.322981
1780456754,114.323557
1780456754,127.162748
1780456754,115.976258
1780456754,126.871843
1780456754,151.949856
1780456754,117.655102
1780456754,126.874087
1780456754,116.446515
1780456754,126.485713
1780456754,118.508641
1780456754,152.873223
1780456754,119.454440
1780456754,151.943523
1780456754,118.958698
1780456754,126.138076
1780456754,118.339713
1780456754,127.362674
1780456754,118.589793
1780456754,152.787615
1780456754,118.338666
1780456754,119.590213
1780456754,128.129353
1780456754,153.415324
1780456754,117.056883
1780456754,154.773278
1780456754,147.480647
1780456754,119.980921
1780456754,121.007022
1780456754,117.773796
1780456754,155.067892
1780456754,120.523010
1780456754,127.980308
1780456754,120.613687
1780456754,155.386441
1780456754,120.382155
1780456754,128.078231
1780456754,120.164451
1780456754,131.497974
1780456754,120.765718
1780456754,121.303357
1780456754,120.856151
1780456754,121.043924
1780456754,120.611367
1780456754,121.016051
1780456754,108.716320
1780456754,108.472866
1780456754,145.327556
1780456754,146.235299
1780456754,146.415940
1780456754,107.848053
1780456754,147.039675
1780456754,116.495057
1780456754,115.874430
1780456754,116.816266
1780456754,129.205424
1780456754,114.254268
1780456754,146.824576
1780456754,114.082511
1780456754,147.565699
1780456754,129.557538
1780456754,115.415005
1780456754,118.539048
1780456754,116.597601
1780456754,116.519529
1780456754,129.386104
1780456754,148.194039
1780456754,117.249089
1780456754,117.575522
1780456754,149.847097
1780456754,120.636240
1780456754,130.192278
1780456754,149.774931
1780456754,121.831475
1780456754,121.745311
1780456754,130.512787
1780456754,121.874747
1780456754,122.239622
1780456754,122.208609
1780456754,122.198326
1780456754,145.847258
1780456754,111.694301
1780456754,145.780007
1780456754,110.728215
1780456754,111.037212
1780456754,112.858459
1780456754,113.627916
1780456754,113.260338
1780456754,114.107265
1780456754,150.151514
1780456754,119.056506
1780456754,149.156814
1780456754,116.836009
1780456754,117.266446
1780456754,118.164413
1780456754,103.503166
1780456754,103.752578
1780456754,110.068040
1780456754,113.326110
1780456754,113.082882
1780456754,112.736318
1780456754,147.758782
1780456754,113.785167
1780456754,148.318937
1780456754,115.417699
1780456754,150.007379
1780456754,116.469264
1780456754,124.195314
1780456754,151.409705
1780456754,121.044566
1780456754,120.269132
1780456754,120.860484
1780456754,153.202857
1780456754,124.355573
1780456754,134.039849
1780456754,122.200354
1780456754,153.092973
1780456754,108.511908
1780456754,108.806298
1780456754,109.850987
1780456754,116.404840
1780456754,108.551114
1780456754,108.682722
1780456754,109.312885
1780456754,109.573610
1780456754,108.863109
1780456754,110.000453
1780456754,110.210473
1780456754,110.027442
1780456754,109.895495
1780456754,109.886210
1780456754,110.332156
1780456754,110.468337
1780456754,110.058838
1780456754,110.187863
1780456754,109.714483
1780456754,116.475671
1780456754,109.726009
1780456754,150.072968
1780456754,155.003236
1780456754,145.962047
1780456754,153.028864
1780456754,119.187686
1780456754,154.672854
1780456754,120.442803
1780456754,151.654003
1780456754,153.706841
1780456754,110.104740
1780456754,110.742119
1780456754,110.903518
1780456754,111.256683
1780456754,111.248483
1780456754,151.859514
1780456754,110.943600
1780456754,111.667560
1780456754,111.578190
1780456754,111.777259
1780456754,151.722555
1780456754,153.783244
1780456754,111.821877
1780456754,111.693729
1780456754,148.089198
1780456754,148.599899
1780456754,120.691731
1780456754,119.532108
1780456754,156.634703
1780456754,112.301153
1780456754,155.424534
1780456754,155.137489
1780456754,148.475953
1780456754,155.351810
1780456754,112.599550
1780456754,112.889791
1780456754,112.963537
1780456754,113.354103
1780456754,155.857638
1780456754,154.074678
1780456754,153.971514
1780456754,135.039658
1780456754,135.127854
1780456754,135.618505
1780456754,136.212505
1780456754,136.549429
1780456754,136.791271
1780456754,137.104774
1780456754,137.034581
1780456754,136.996089
1780456754,137.029807
1780456754,137.193878
1780456754,151.456903
1780456754,151.402840
1780456754,137.115417
1780456754,128.897334
1780456754,137.229835
1780456754,142.641160
1780456754,137.576270
1780456754,137.800140
1780456754,137.407241
1780456754,138.003554
1780456754,137.975957
1780456754,138.012367
1780456754,138.059276
1780456754,136.124857
1780456754,138.161346
1780456754,137.295856
1780456754,138.560158
1780456754,138.723203
1780456754,136.773854
1780456754,136.950269
1780456754,139.090455
1780456754,138.926553
1780456754,145.598293
1780456754,135.107247
1780456754,136.616859
1780456754,138.849601
1780456754,138.521663
1780456754,135.468971
1780456754,138.756476
1780456754,142.065694
1780456754,129.497420
1780456754,139.276000
1780456754,136.596081
1780456754,129.463580
1780456754,138.865399
1780456754,137.167959
1780456754,129.474021
1780456754,129.598081
1780456754,136.786615
1780456754,139.020976
1780456754,137.159594
1780456754,136.590856
1780456754,130.079721
1780456754,129.602744
1780456754,129.696259
1780456754,130.059937
1780456754,129.982102
1780456754,130.342159
1780456754,130.295786
1780456754,138.094117
1780456754,130.430565
1780456754,130.582491
1780456754,130.454986
1780456754,130.388793
1780456754,131.064532
1780456754,130.678155
1780456754,130.776909
1780456754,138.183516
1780456754,137.698123
1780456754,131.465617
1780456754,215.571579
1780456754,216.659536
1780456754,217.424732
1780456754,102.724058
1780456754,103.110294
1780456754,103.421320
1780456754,103.571480
1780456754,103.247804
1780456754,102.589102
1780456754,102.282380
1780456754,103.771044
1780456754,103.883106
1780456754,102.619616
1780456754,103.967614
1780456754,103.801039
1780456754,104.207048
1780456754,102.617593
1780456754,103.848493
1780456754,103.045801
1780456754,104.462366
1780456754,103.605299
1780456754,104.340388
1780456754,103.820009
1780456754,104.655681
1780456754,103.267676
1780456754,103.563763
1780456754,104.001993
1780456754,103.543015
1780456754,104.798360
1780456754,101.624150
1780456754,103.080435
1780456754,103.068098
1780456754,103.011695
1780456754,103.196438
1780456754,103.009432
1780456754,102.165769
1780456754,103.998460
1780456754,104.532980
1780456754,105.240256
1780456754,104.802501
1780456754,105.458506
1780456754,106.056449
1780456754,106.271161
1780456754,107.246988
1780456754,105.471067
1780456754,107.498135
1780456754,105.807301
1780456754,105.924637
1780456754,107.139529
1780456754,105.983671
1780456754,108.867016
1780456754,107.381500
1780456754,109.167415
1780456754,110.061297
1780456754,111.160585
1780456754,110.527296
1780456754,108.186211
1780456754,109.373026
1780456754,109.020651
1780456754,108.143531
1780456754,109.980719
1780456754,106.812877
1780456754,109.724636
1780456754,107.605277
1780456754,110.159711
1780456754,109.697873
1780456754,106.733147
1780456754,108.695583
1780456754,108.572025
1780456754,111.221692
1780456754,111.773353
1780456754,112.006293
1780456754,107.356553
1780456754,110.968380
1780456754,108.504441
1780456754,108.659307
1780456754,111.348314
1780456754,111.664002
1780456754,110.399952
1780456754,111.400681
1780456754,107.932174
1780456754,107.813176
1780456754,111.560133
1780456754,108.574221
1780456754,111.769296
1780456754,111.316465
1780456754,112.471944
1780456754,112.787669
1780456754,111.944466
1780456754,115.369065
1780456754,104.751952
1780456754,101.925989
1780456754,236.076638
1780456754,115.050833
1780456754,103.883112
1780456754,112.311973
1780456754,112.561979
1780456754,112.388409
1780456754,112.520274
1780456754,117.546863
1780456754,117.530796
1780456754,119.874795
1780456754,116.358547
1780456754,116.580977
1780456754,117.575600
1780456754,117.553399
1780456754,116.510143
1780456754,118.590472
1780456754,115.093365
1780456754,116.676642
1780456754,116.215715
1780456754,118.026901
1780456754,118.445191
1780456754,115.850258
1780456754,117.636264
1780456754,116.017101
1780456754,115.661940
1780456754,114.302657
1780456754,116.609645
1780456754,116.514070
1780456754,103.760927
1780456754,114.625151
1780456754,116.411377
1780456754,110.238792
1780456754,112.189718
1780456754,111.993651
1780456754,113.614149
1780456754,113.574451
1780456754,103.879732
1780456754,113.905130
1780456754,239.369088
1780456754,109.227702
1780456754,112.610381
1780456754,109.866843
1780456754,104.706266
1780456754,111.775144
1780456754,104.572911
1780456754,108.920682
1780456754,118.080057
1780456754,111.899414
1780456754,112.642240
1780456754,111.770293
1780456754,118.932122
1780456754,114.436382
1780456754,110.194407
1780456754,105.267377
1780456754,112.443233
1780456754,111.581140
1780456754,112.326829
1780456754,109.300007
1780456754,104.877977
1780456754,107.882468
1780456754,241.616075
1780456754,107.058632
1780456754,104.585165
1780456754,112.436075
1780456754,112.457919
1780456754,103.573287
1780456754,112.518979
1780456754,103.072661
1780456754,109.886389
1780456754,109.637866
1780456754,108.363644
1780456754,108.798352
1780456754,102.756261
1780456754,241.729247
1780456754,110.230480
1780456754,108.426044
1780456754,103.665090
1780456754,107.603489
1780456754,110.127588
1780456754,108.891450
1780456754,243.692179
1780456754,242.885156
1780456754,110.039489
1780456754,107.274240
1780456754,108.634488
1780456754,109.674497
1780456754,108.755622
1780456754,243.758482
1780456754,108.107884
1780456754,107.457348
1780456754,243.533142
1780456754,106.593548
1780456754,107.325921
1780456754,244.148182
1780456754,243.959176
1780456754,243.924594
1780456754,244.211716
1780456754,106.008615
1780456754,106.902845
1780456754,244.374625
1780456754,244.262753
1780456754,104.603813
1780456754,244.978337
1780456754,247.223110
1780456754,107.319102
1780456754,107.665534
1780456754,106.991701
1780456754,247.283728
1780456754,247.472716
1780456754,247.707870
1780456754,108.289373
1780456754,106.823824
1780456754,106.461170
1780456754,106.095679
1780456754,107.188622
1780456754,109.213514
1780456754,251.408319
1780456754,253.527427
1780456754,225.322771
1780456754,111.792542
1780456754,253.415056
1780456754,111.646059
1780456754,111.791000
1780456754,112.730597
1780456754,254.389011
1780456754,113.188871
1780456754,125.536293
1780456754,124.371145
1780456754,124.375406
1780456754,124.605503
1780456754,283.321795
1780456754,125.214328
1780456754,120.634764
1780456754,272.229961
1780456754,121.217270
1780456754,121.045499
1780456754,121.322542
1780456754,121.445200
1780456754,120.532417
1780456754,123.951281
1780456754,122.498000
1780456754,124.899181
1780456754,121.708114
1780456754,283.432864
1780456754,123.300456
1780456754,124.130720
1780456754,125.236912
1780456754,247.977201
1780456754,130.815217
1780456754,132.065693
1780456754,121.252912
1780456754,124.832094
1780456754,121.299171
1780456754,124.988485
1780456754,121.481748
1780456754,128.890865
1780456754,125.243126
1780456754,125.176152
1780456754,131.675863
1780456754,129.362385
1780456754,134.458777
1780456754,129.242527
1780456754,125.539097
1780456754,129.909195
1780456754,125.921987
1780456754,125.659169
1780456754,124.178779
1780456754,129.060937
1780456754,126.141531
1780456754,244.115344
1780456754,125.176970
1780456754,129.950985
1780456754,128.994660
1780456754,124.376722
1780456754,126.283329
1780456754,250.029773
1780456754,130.248137
1780456754,130.297096
1780456754,279.006128
1780456754,130.831727
1780456754,131.941496
1780456754,129.441130
1780456754,129.227297
1780456754,132.084690
1780456754,130.212356
1780456754,135.027190
1780456754,130.380698
1780456754,128.087789
1780456754,130.597742
1780456754,140.819905
1780456754,130.911052
1780456754,129.336457
1780456754,131.353607
1780456754,129.404996
1780456754,127.283130
1780456754,132.122835
1780456754,128.011973
1780456754,128.993073
1780456754,128.763479
1780456754,129.586775
1780456754,132.299019
1780456754,129.226413
1780456754,131.168386
1780456754,126.934954
1780456754,132.402045
1780456754,127.656851
1780456754,131.649132
1780456754,127.776395
1780456754,132.592547
1780456754,131.725139
1780456754,134.949410
1780456754,129.571134
1780456754,285.671131
1780456754,135.024206
1780456754,138.808946
1780456754,136.153118
1780456754,138.478937
1780456754,139.984139
1780456754,140.847913
1780456754,140.267222
1780456754,132.903912
1780456754,131.477591
1780456754,138.968429
1780456754,132.378842
1780456754,139.960945
1780456754,131.713634
1780456754,140.827108
1780456754,263.171686
1780456754,132.036312
1780456754,145.306711
1780456754,135.325116
1780456754,144.759686
1780456754,138.224861
1780456754,136.306110
1780456754,285.471218
1780456754,138.334470
1780456754,264.055844
1780456754,137.020781
1780456754,138.489107
1780456754,136.913174
1780456754,139.682542
1780456754,139.921364
1780456754,139.299037
1780456754,140.165471
1780456754,137.328717
1780456754,137.721081
1780456754,138.143815
1780456754,147.416779
1780456754,146.508588
1780456754,143.992179
1780456754,261.478773
1780456754,141.502896
1780456754,141.871276
1780456754,143.588770
1780456754,142.673758
1780456754,141.777021
1780456754,142.170501
1780456754,142.452375
1780456754,142.292239
1780456754,139.422899
1780456754,139.749175
1780456754,141.525784
1780456754,140.295868
1780456754,142.087884
1780456754,139.979795
1780456754,140.593169
1780456754,142.946680
1780456754,138.825788
1780456754,141.395098
1780456754,137.672247
1780456754,137.279726
1780456754,138.949475
1780456754,141.159561
1780456754,142.067839
1780456754,137.860010
1780456754,142.776026
1780456754,138.415514
1780456754,144.620251
1780456754,138.340320
1780456754,147.451238
1780456754,138.666689
1780456754,147.572280
1780456754,138.925627
1780456754,148.016851
1780456754,138.695319
1780456754,266.829612
1780456754,139.154786
1780456754,147.806730
1780456754,138.952614
1780456754,135.455043
1780456754,139.399191
1780456754,138.293327
1780456754,139.513656
1780456754,136.528653
1780456754,144.625435
1780456754,148.651776
1780456754,138.554297
1780456754,135.903723
1780456754,267.386735
1780456754,136.018828
1780456754,148.880800
1780456754,149.468529
1780456754,138.577583
1780456754,142.745458
1780456754,142.095919
1780456754,145.746409
1780456754,144.291847
1780456754,143.753881
1780456754,142.012956
1780456754,141.770304
1780456754,141.940439
1780456754,142.653213
1780456754,146.856027
1780456754,143.415276
1780456754,141.193033
1780456754,141.838216
1780456754,141.452936
1780456754,146.938848
1780456754,141.499940
1780456754,141.819063
1780456754,141.431811
1780456754,305.607210
1780456754,305.751355
1780456754,143.294426
1780456754,142.435613
1780456754,144.388966
1780456754,144.026185
1780456754,138.134754
1780456754,138.625109
1780456754,145.821228
1780456754,143.339390
1780456754,138.515839
1780456754,145.307773
1780456754,138.864097
1780456754,139.223717
1780456754,143.800098
1780456754,144.964439
1780456754,139.703050
1780456754,142.008878
1780456754,140.396356
1780456754,141.631349
1780456754,138.919606
1780456754,142.396686
1780456754,140.627266
1780456754,139.266103
1780456754,141.758509
1780456754,146.319500
1780456754,141.697934
1780456754,139.374172
1780456754,147.052563
1780456754,140.013804
1780456754,141.849497
1780456754,140.839133
1780456754,144.955275
1780456754,143.898203
1780456754,144.806049
1780456754,143.941512
1780456754,144.618298
1780456754,144.856546
1780456754,144.959548
1780456754,144.804841
1780456754,144.083307
1780456754,144.166947
1780456754,143.300677
1780456754,143.572262
1780456754,144.305956
1780456754,143.906889
1780456754,144.519907
1780456754,144.612511
1780456754,144.049636
1780456754,144.290204
1780456754,144.188169
1780456754,145.076823
1780456754,144.262835
1780456754,145.175779
1780456754,141.680037
1780456754,143.996978
1780456754,142.071663
1780456754,142.570995
1780456754,143.520994
1780456754,141.948479
1780456754,143.853389
1780456754,143.372466
1780456754,143.849270
1780456754,144.546153
1780456754,143.410378
1780456754,144.619195
1780456754,143.723168
1780456754,144.885545
1780456754,143.967399
1780456754,145.209090
1780456754,143.702342
1780456754,144.106743
1780456754,144.256981
1780456754,144.038306
1780456754,144.346134
1780456754,144.128038
1780456754,143.593609
1780456754,144.732921
1780456754,143.689760
1780456754,144.974579
1780456754,145.314730
1780456754,144.229977
1780456754,145.656915
1780456754,144.467464
1780456754,156.535276
1780456754,145.006559
1780456754,150.086871
1780456754,150.609771
1780456754,150.545377
1780456754,150.760493
1780456754,151.045078
1780456754,151.124427
1780456754,151.327696
1780456754,151.456080
1780456754,151.397134
1780456754,151.479338
1780456754,102.484735
1780456754,103.079636
1780456754,156.536746
1780456754,103.140029
1780456754,156.618854
1780456754,156.194345
1780456754,156.289775
1780456754,102.625361
1780456754,102.680611
1780456754,102.809780
1780456754,102.862669
1780456754,151.873603
1780456754,103.056731
1780456754,150.267681
1780456754,149.648129
1780456754,151.000636
1780456754,102.871217
1780456754,150.327276
1780456754,150.259941
1780456754,103.230415
1780456754,150.928167
1780456754,102.976819
1780456754,150.641943
1780456754,103.119828
1780456754,150.251933
1780456754,150.521985
1780456754,150.780703
1780456754,151.958249
1780456754,103.275810
1780456754,150.526059
1780456754,151.697334
1780456754,103.285537
1780456754,151.692028
1780456754,102.267224
1780456754,103.280124
1780456754,104.834421
1780456754,103.621610
1780456754,103.629071
1780456754,105.905714
1780456754,105.667376
1780456754,103.528274
1780456754,152.914254
1780456754,152.486748
1780456754,103.045293
1780456754,152.984477
1780456754,152.701222
1780456754,106.049955
1780456754,105.625769
1780456754,103.360304
1780456754,104.326652
1780456754,104.129933
1780456754,104.738043
1780456754,104.491516
1780456754,103.212196
1780456754,104.906419
1780456754,103.161903
1780456754,103.295265
1780456754,103.397106
1780456754,103.378643
1780456754,103.594438
1780456754,103.605210
1780456754,102.776017
1780456754,102.884367
1780456754,103.077270
1780456754,103.104694
1780456754,103.180240
1780456754,103.586227
1780456754,103.793062
1780456754,102.437984
1780456754,102.663708
1780456754,102.579797
1780456754,102.540318
1780456754,102.795165
1780456754,103.142363
1780456754,103.118710
1780456754,103.100056
1780456754,103.133556
1780456754,102.555419
1780456754,102.535232
1780456754,102.547600
1780456754,103.369775
1780456754,104.467138
1780456754,104.769948
1780456754,104.303120
1780456754,104.808175
1780456754,104.270646
1780456754,104.859330
1780456754,104.981311
1780456754,104.703083
1780456754,104.725817
1780456754,104.102797
1780456754,105.967453
1780456754,105.188256
1780456754,106.207773
1780456754,105.029603
1780456754,106.071695
1780456754,105.542424
1780456754,104.721227
1780456754,104.776764
1780456754,105.099663
1780456754,105.033432
1780456754,105.209872
1780456754,105.406791
1780456754,105.485392
1780456754,106.220761
1780456754,106.278685
1780456754,106.352647
1780456754,106.934488
1780456754,105.043729
1780456754,107.155394
1780456754,107.059880
1780456754,104.397706
1780456754,107.344386
1780456754,106.515780
1780456754,105.953865
1780456754,104.762603
1780456754,109.517533
1780456754,106.590755
1780456754,111.899612
1780456754,112.198994
1780456754,107.211798
1780456754,111.790895
1780456754,111.658558
1780456754,111.183016
1780456754,107.980180
1780456754,108.085751
1780456754,112.765771
1780456754,109.535083
1780456754,104.968097
1780456754,113.825078
1780456754,108.209837
1780456754,108.649272
1780456754,113.275645
1780456754,108.587190
1780456754,108.899017
1780456754,113.718289
1780456754,113.522527
1780456754,113.466811
1780456754,111.415551
1780456754,109.094621
1780456754,107.233711
1780456754,113.804849
1780456754,107.324986
1780456754,111.254084
1780456754,107.636777
1780456754,113.479588
1780456754,110.095582
1780456754,107.517771
1780456754,110.234151
1780456754,113.989095
1780456754,110.204886
1780456754,114.092193
1780456754,111.911096
1780456754,115.688738
1780456754,107.632522
1780456754,112.057343
1780456754,110.810713
1780456754,108.369998
1780456754,110.806768
1780456754,110.817965
1780456754,116.073548
1780456754,109.938599
1780456754,112.425026
1780456754,108.735568
1780456754,112.770457
1780456754,112.356236
1780456754,109.809493
1780456754,112.568847
1780456754,112.628510
1780456754,109.749495
1780456754,108.550691
1780456754,110.996060
1780456754,110.982672
1780456754,111.025232
1780456754,111.829552
1780456754,110.040207
1780456754,111.776545
1780456754,117.822226
1780456754,111.987058
1780456754,115.684756
1780456754,112.372024
1780456754,114.066873
1780456754,117.684261
1780456754,117.802770
1780456754,113.729762
1780456754,112.753787
1780456754,110.656951
1780456754,119.428457
1780456754,116.912776
1780456754,119.262562
1780456754,118.455257
1780456754,114.799558
1780456754,116.734521
1780456754,116.567541
1780456754,114.455200
1780456754,108.846135
1780456754,114.533668
1780456754,115.192874
1780456754,114.419327
1780456754,115.294327
1780456754,114.526332
1780456754,110.272839
1780456754,109.147570
1780456754,102.047453
1780456754,118.543151
1780456754,115.364558
1780456754,116.195365
1780456754,116.554300
1780456754,118.430312
1780456754,114.412109
1780456754,113.324165
1780456754,118.603779
1780456754,106.276993
1780456754,118.890513
1780456754,106.746572
1780456754,108.268959
1780456754,120.597979
1780456754,105.710097
1780456754,118.420905
1780456754,115.849872
1780456754,114.453775
1780456754,119.439367
1780456754,104.415479
1780456754,119.311833
1780456754,119.054906
1780456754,106.042161
1780456754,119.751947
1780456754,119.663552
1780456754,116.777237
1780456754,118.978734
1780456754,115.279240
1780456754,116.855271
1780456754,119.859081
1780456754,119.816280
1780456754,119.759859
1780456754,120.094478
1780456754,122.565987
1780456754,122.131653
1780456754,122.651983
1780456754,120.562203
1780456754,120.517535
1780456754,117.208760
1780456754,119.763313
1780456754,120.853685
1780456754,120.944861
1780456754,120.078628
1780456754,103.278754
1780456754,120.803586
1780456754,111.679316
1780456754,120.989815
1780456754,103.824581
1780456754,111.167135
1780456754,121.081261
1780456754,103.707848
1780456754,121.243561
1780456754,118.007311
1780456754,118.133439
1780456754,121.300153
1780456754,102.748897
1780456754,118.408395
1780456754,121.529221
1780456754,104.229579
1780456754,121.848613
1780456754,119.098109
1780456754,111.606182
1780456754,118.215237
1780456754,117.544459
1780456754,122.692131
1780456754,104.223253
1780456754,123.180144
1780456754,122.829350
1780456754,123.402665
1780456754,112.177683
1780456754,110.917033
1780456754,111.864551
1780456754,123.159173
1780456754,111.244362
1780456754,110.677010
1780456754,123.619084
1780456754,110.797744
1780456754,117.777535
1780456754,120.519046
1780456754,108.642675
1780456754,119.530003
1780456754,108.837539
1780456754,123.291423
1780456754,108.257307
1780456754,104.607138
1780456754,108.680443
1780456754,114.901337
1780456754,121.607409
1780456754,104.583761
1780456754,119.578074
1780456754,107.659498
1780456754,107.923520
1780456754,115.066757
1780456754,119.657673
1780456754,108.177277
1780456754,115.649057
1780456754,108.101163
1780456754,107.589050
1780456754,113.197137
1780456754,107.686983
1780456754,115.997518
1780456754,104.312602
1780456754,108.442530
1780456754,112.306111
1780456754,113.736818
1780456754,102.229083
1780456754,112.191975
1780456754,108.625477
1780456754,105.002965
1780456754,108.627466
1780456754,103.167669
1780456754,108.993958
1780456754,106.834329
1780456754,109.462880
1780456754,106.433901
1780456754,108.568744
1780456754,103.798366
1780456754,108.659771
1780456754,103.621878
1780456754,108.933846
1780456754,109.659686
1780456754,104.104370
1780456754,110.144959
1780456754,110.266453
1780456754,107.484166
1780456754,109.302226
1780456754,103.692189
1780456754,109.872687
1780456754,109.573012
1780456754,110.335397
1780456754,108.853059
1780456754,109.030936
1780456754,109.155150
1780456754,108.125714
1780456754,108.318749
1780456754,108.434657
1780456754,110.005071
1780456754,108.595326
1780456754,108.563152
1780456754,107.868024
1780456754,106.827108
1780456754,110.346966
1780456754,110.627405
1780456754,109.355162
1780456754,103.135385
1780456754,102.027220
1780456754,108.017802
1780456754,113.563811
1780456754,107.972996
1780456754,107.794160
1780456754,111.745450
1780456754,103.247490
1780456754,113.054311
1780456754,108.206161
1780456754,113.326607
1780456754,108.038567
1780456754,111.925517
1780456754,113.275890
1780456754,103.861554
1780456754,112.921589
1780456754,108.163091
1780456754,109.226000
1780456754,111.817406
1780456754,113.035741
1780456754,112.390059
1780456754,112.393821
1780456754,110.968691
1780456754,112.332968
1780456754,113.840832
1780456754,107.549679
1780456754,103.636477
1780456754,109.784796
1780456754,112.474513
1780456754,111.489116
1780456754,112.156832
1780456754,112.231689
1780456754,109.788970
1780456754,113.713840
1780456754,110.189362
1780456754,110.384057
1780456754,109.996584
1780456754,105.015563
1780456754,110.206993
1780456754,110.266563
1780456754,105.381405
1780456754,110.243149
1780456754,110.673304
1780456754,105.630774
1780456754,110.615951
1780456754,114.501398
1780456754,114.472624
1780456754,104.906015
1780456754,114.316523
1780456754,110.700013
1780456754,114.440916
1780456754,113.914215
1780456754,110.911562
1780456754,109.575946
1780456754,109.587144
1780456754,109.644124
1780456754,120.715469
1780456754,106.779967
1780456754,120.834336
1780456754,114.483979
1780456754,119.963447
1780456754,113.922174
1780456754,105.299824
1780456754,119.655826
1780456754,114.884845
1780456754,119.420558
1780456754,112.807970
1780456754,119.449831
1780456754,115.106549
1780456754,110.982496
1780456754,119.422347
1780456754,112.702417
1780456754,118.969327
1780456754,112.999713
1780456754,119.291154
1780456754,115.144846
1780456754,106.825266
1780456754,118.856542
1780456754,115.203203
1780456754,119.049614
1780456754,108.859605
1780456754,118.574971
1780456754,113.827400
1780456754,119.332389
1780456754,112.184968
1780456754,112.149096
1780456754,118.784325
1780456754,110.268252
1780456754,120.079009
1780456754,111.688593
1780456754,119.821335
1780456754,119.332564
1780456754,111.823249
1780456754,114.818525
1780456754,120.785214
1780456754,110.159924
1780456754,119.658207
1780456754,111.101579
1780456754,108.298451
1780456754,120.746992
1780456754,111.110446
1780456754,108.476802
1780456754,111.330578
1780456754,120.905143
1780456754,106.539878
1780456754,110.857090
1780456754,119.748634
1780456754,108.411595
1780456754,115.228836
1780456754,119.828140
1780456754,111.682139
1780456754,110.963369
1780456754,110.855148
1780456754,120.009289
1780456754,106.933364
1780456754,120.802415
1780456754,111.016104
1780456754,111.268713
1780456754,112.459967
1780456754,121.213091
1780456754,110.220994
1780456754,121.205641
1780456754,108.110298
1780456754,111.319470
1780456754,111.695965
1780456754,111.164089
1780456754,120.224102
1780456754,111.495751
1780456754,121.588420
1780456754,120.360082
1780456754,112.496278
1780456754,111.333308
1780456754,120.311241
1780456754,120.119591
1780456754,121.729076
1780456754,120.201873
1780456754,121.959725
1780456754,121.029605
1780456754,122.145871
1780456754,121.711282
1780456754,121.816284
1780456754,122.237272
1780456754,121.550732
1780456754,122.021513
1780456754,122.549850
1780456754,122.539505
1780456754,122.621927
1780456754,122.328002
1780456754,123.155370
1780456754,123.046612
1780456754,122.779239
1780456754,122.527755
1780456754,123.203603
1780456754,121.695809
1780456754,123.293070
1780456754,123.191043
1780456754,122.656340
1780456754,123.532774
1780456754,123.124139
1780456754,115.157296
1780456754,123.509332
1780456754,123.590352
1780456754,123.104317
1780456754,110.446141
1780456754,123.916011
1780456754,115.129177
1780456754,123.919826
1780456754,110.735970
1780456754,124.150339
1780456754,122.883569
1780456754,114.842817
1780456754,123.595364
1780456754,125.335680
1780456754,115.545540
1780456754,123.856669
1780456754,123.350410
1780456754,111.174759
1780456754,117.427878
1780456754,115.389719
1780456754,121.728171
1780456754,116.987874
1780456754,115.475662
1780456754,121.358417
1780456754,115.938343
1780456754,116.699770
1780456754,116.551526
1780456754,116.048123
1780456754,117.191491
1780456754,110.169054
1780456754,122.007497
1780456754,116.003959
1780456754,110.337609
1780456754,116.400721
1780456754,110.376260
1780456754,115.998089
1780456754,116.386646
1780456754,116.562025
1780456754,113.859065
1780456754,122.463941
1780456754,113.816637
1780456754,117.893983
1780456754,117.588778
1780456754,113.086638
1780456754,116.853225
1780456754,117.359046
1780456754,113.066618
1780456754,116.818274
1780456754,123.039331
1780456754,126.331865
1780456754,123.079337
1780456754,124.920472
1780456754,120.949566
1780456754,121.969507
1780456754,120.562935
1780456754,119.027006
1780456754,128.192947
1780456754,122.025872
1780456754,127.929540
1780456754,131.015845
1780456754,132.256040
1780456754,118.515540
1780456754,130.442758
1780456754,118.011372
1780456754,118.332777
1780456754,128.708625
1780456754,116.521586
1780456754,122.517098
1780456754,132.207951
1780456754,128.600517
1780456754,127.772734
1780456754,128.129931
1780456754,118.453841
1780456754,131.879824
1780456754,118.436930
1780456754,117.890574
1780456754,132.235964
1780456754,119.331505
1780456754,119.693426
1780456754,120.039517
1780456754,119.776943
1780456754,132.417893
1780456754,120.174381
1780456754,118.416644
1780456754,120.062510
1780456754,131.334400
1780456754,122.694856
1780456754,131.521021
1780456754,131.574998
1780456754,120.069484
1780456754,119.761011
1780456754,131.087420
1780456754,120.246987
1780456754,129.788266
1780456754,120.387523
1780456754,127.807068
1780456754,134.389424
1780456754,132.741722
1780456754,130.727315
1780456754,123.841813
1780456754,133.124570
1780456754,123.953202
1780456754,124.172725
1780456754,123.839313
1780456754,123.575589
1780456754,121.140466
1780456754,123.782189
1780456754,124.472501
1780456754,126.035823
1780456754,125.652638
1780456754,124.562382
1780456754,126.167481
1780456754,125.634552
1780456754,130.376664
1780456754,125.256660
1780456754,133.630464
1780456754,133.953546
1780456754,131.105854
1780456754,123.742675
1780456754,121.220628
1780456754,123.969191
1780456754,126.551846
1780456754,127.339000
1780456754,123.768046
1780456754,121.389450
1780456754,126.799230
1780456754,131.641630
1780456754,131.588857
1780456754,126.926937
1780456754,127.776201
1780456754,126.111686
1780456754,127.730383
1780456754,126.231980
1780456754,131.603665
1780456754,126.794809
1780456754,124.876161
1780456754,123.888881
1780456754,125.567170
1780456754,123.871230
1780456754,124.588363
1780456754,124.231733
1780456754,125.428435
1780456754,130.361591
1780456754,125.356075
1780456754,127.945871
1780456754,130.132465
1780456754,128.054793
1780456754,125.004756
1780456754,123.894295
1780456754,127.671367
1780456754,127.696844
1780456754,127.843190
1780456754,130.764806
1780456754,131.022234
1780456754,131.307127
1780456754,128.145322
1780456754,128.544716
1780456754,130.791427
1780456754,131.218614
1780456754,128.630270
1780456754,128.979801
1780456754,128.628000
1780456754,128.575935
1780456754,127.385991
1780456754,128.926657
1780456754,126.153502
1780456754,128.203737
1780456754,135.989143
1780456754,127.793803
1780456754,129.489151
1780456754,138.030117
1780456754,123.540729
1780456754,127.793961
1780456754,129.892303
1780456754,137.905644
1780456754,138.013112
1780456754,133.567046
1780456754,127.837385
1780456754,133.086387
1780456754,130.449433
1780456754,135.978020
1780456754,131.738388
1780456754,136.761400
1780456754,136.721465
1780456754,130.033604
1780456754,131.158056
1780456754,133.549902
1780456754,131.700500
1780456754,134.147930
1780456754,132.205797
1780456754,124.143944
1780456754,124.449124
1780456754,138.413311
1780456754,138.471791
1780456754,134.066288
1780456754,134.662157
1780456754,125.780357
1780456754,137.806688
1780456754,133.089078
1780456754,133.001315
1780456754,136.553891
1780456754,133.034304
1780456754,133.257776
1780456754,133.205760
1780456754,132.918654
1780456754,136.358915
1780456754,137.019737
1780456754,137.581316
1780456754,137.676415
1780456754,139.379257
1780456754,139.184297
1780456754,136.605933
1780456754,134.840776
1780456754,135.514959
1780456754,136.384988
1780456754,136.183790
1780456754,140.199344
1780456754,140.171581
1780456754,140.138237
1780456754,142.204738
1780456754,142.351967
1780456754,132.287764
1780456754,142.561458
1780456754,142.340656
1780456754,142.472423
1780456754,144.662092
1780456754,134.133000
1780456754,136.766084
1780456754,134.056577
1780456754,136.693805
1780456754,128.656453
1780456754,133.942575
1780456754,130.789008
1780456754,133.838420
1780456754,131.133702
1780456754,129.852447
1780456754,135.076628
1780456754,148.271017
1780456754,149.246468
1780456754,148.805696
1780456754,152.123065
1780456754,148.598143
1780456754,148.287768
1780456754,147.907060
1780456754,150.625181
1780456754,149.339239
1780456754,148.926863
1780456754,141.071426
1780456754,149.346317
1780456754,148.638388
1780456754,148.847168
1780456754,147.903726
1780456754,150.847948
1780456754,148.487151
1780456754,150.270909
1780456754,136.683992
1780456754,148.997208
1780456754,149.949801
1780456754,151.351286
1780456754,149.457890
1780456754,149.074329
1780456754,141.448683
1780456754,149.232597
1780456754,139.677843
1780456754,140.277330
1780456754,121.478991
1780456754,122.194587
1780456754,141.704796
1780456754,149.803607
1780456754,149.904661
1780456754,151.035308
1780456754,141.700469
1780456754,149.813723
1780456754,149.405667
1780456754,141.660955
1780456754,151.221129
1780456754,150.205157
1780456754,122.616027
1780456754,151.461399
1780456754,149.949310
1780456754,122.707694
1780456754,135.154687
1780456754,149.481124
1780456754,151.640686
1780456754,151.614272
1780456754,122.971044
1780456754,123.018736
1780456754,133.933888
1780456754,148.308627
1780456754,151.895572
1780456754,148.755577
1780456754,139.175273
1780456754,140.714133
1780456754,148.624925
1780456754,140.620260
1780456754,139.252069
1780456754,148.014475
1780456754,139.413740
1780456754,141.002171
1780456754,139.404861
1780456754,148.727887
1780456754,140.702093
1780456754,152.349349
1780456754,141.162969
1780456754,148.982492
1780456754,152.181628
1780456754,152.059398
1780456754,152.589513
1780456754,141.142011
1780456754,149.237179
1780456754,141.116412
1780456754,148.974044
1780456754,141.278057
1780456754,142.550314
1780456754,142.416398
1780456754,141.150968
1780456754,138.652620
1780456754,157.190580
1780456754,140.278096
1780456754,149.730746
1780456754,149.811920
1780456754,147.041917
1780456754,155.315504
1780456754,149.791633
1780456754,157.383680
1780456754,145.637785
1780456754,143.645164
1780456754,128.792186
1780456754,144.574581
1780456754,147.005964
1780456754,128.573275
1780456754,129.584440
1780456754,128.470901
1780456754,145.857862
1780456754,147.546700
1780456754,140.734898
1780456754,155.259616
1780456754,157.186944
1780456754,140.734902
1780456754,157.091136
1780456754,146.073429
1780456754,157.197627
1780456754,147.393332
1780456754,147.555478
1780456754,148.976816
1780456754,157.380059
1780456754,157.471764
1780456754,142.324771
1780456754,147.547021
1780456754,165.949298
1780456754,164.842155
1780456754,168.732217
1780456754,168.792842
1780456754,164.293846
1780456754,166.873403
1780456754,164.373686
1780456754,168.771798
1780456754,166.739853
1780456754,166.115173
1780456754,169.013900
1780456754,161.209013
1780456754,166.213836
1780456754,160.677576
1780456754,164.632045
1780456754,165.464151
1780456754,169.017955
1780456754,114.452625
1780456754,161.519642
1780456754,161.698981
1780456754,132.332613
1780456754,159.715352
1780456754,159.625688
1780456754,161.539715
1780456754,145.631693
1780456754,163.841769
1780456754,148.105252
1780456754,159.678427
1780456754,162.124998
1780456754,162.858341
1780456754,148.351011
1780456754,165.302248
1780456754,160.586672
1780456754,166.132712
1780456754,161.060796
1780456754,165.588631
1780456754,160.015732
1780456754,166.664922
1780456754,165.321156
1780456754,160.172554
1780456754,161.029405
1780456754,164.158143
1780456754,162.440774
1780456754,159.588566
1780456754,163.321571
1780456754,102.273817
1780456754,162.258112
1780456754,161.179266
1780456754,112.444132
1780456754,161.386525
1780456754,149.072827
1780456754,113.642131
1780456754,162.414570
1780456754,113.164997
1780456754,113.685802
1780456754,115.037989
1780456754,114.827444
1780456754,114.001315
1780456754,149.447952
1780456754,160.432483
1780456754,160.526195
1780456754,160.732741
1780456754,163.011539
1780456754,160.879871
1780456754,162.986892
1780456754,145.826035
1780456754,160.359208
1780456754,154.081726
1780456754,147.406940
1780456754,135.396407
1780456754,135.307114
1780456754,160.861775
1780456754,147.531354
1780456754,134.859684
1780456754,135.418557
1780456754,152.764392
1780456754,150.355835
1780456754,150.491768
1780456754,160.512289
1780456754,150.273917
1780456754,163.928052
1780456754,150.246944
1780456754,163.926279
1780456754,145.634860
1780456754,150.075185
1780456754,150.617849
1780456754,136.640978
1780456754,151.210360
1780456754,136.649527
1780456754,136.913257
1780456754,135.269813
1780456754,149.584436
1780456754,137.590254
1780456754,152.100671
1780456754,137.800219
1780456754,116.038718
1780456754,137.313483
1780456754,152.096553
1780456754,104.747634
1780456754,148.655555
1780456754,119.789583
1780456754,147.594524
1780456754,152.172673
1780456754,148.867537
1780456754,149.019868
1780456754,147.685190
1780456754,106.324144
1780456754,150.125526
1780456754,138.123436
1780456754,138.128010
1780456754,165.695892
1780456754,165.653151
1780456754,150.765282
1780456754,165.640041
1780456754,149.804232
1780456754,165.796907
1780456754,138.933230
1780456754,138.535345
1780456754,148.626612
1780456754,167.267178
1780456754,149.976594
1780456754,158.167373
1780456754,158.159714
1780456754,151.186571
1780456754,165.534167
1780456754,158.057032
1780456754,139.365540
1780456754,158.176713
1780456754,167.418793
1780456754,158.259846
1780456754,139.189321
1780456754,138.936989
1780456754,104.947660
1780456754,103.879113
1780456754,165.743141
1780456754,121.149499
1780456754,122.605425
1780456754,165.903674
1780456754,156.983135
1780456754,154.395933
1780456754,106.684759
1780456754,166.028352
1780456754,139.454254
1780456754,140.477363
1780456754,103.644101
1780456754,140.630588
1780456754,139.478686
1780456754,140.164231
1780456754,141.106301
1780456754,139.275823
1780456754,121.747964
1780456754,141.111068
1780456754,151.964420
1780456754,140.072488
1780456754,140.307169
1780456754,139.416034
1780456754,128.369049
1780456754,127.236720
1780456754,120.114311
1780456754,126.361888
1780456754,120.503861
1780456754,120.676559
1780456754,124.443673
1780456754,124.458188
1780456754,121.563704
1780456754,124.200412
1780456754,120.366606
1780456754,124.433651
1780456754,123.520894
1780456754,105.327099
1780456754,105.385286
1780456754,105.388174
1780456754,105.457482
1780456754,124.615981
1780456754,123.611435
1780456754,124.321755
1780456754,103.371414
1780456754,110.552202
1780456754,109.421902
1780456754,103.929490
1780456754,109.655651
1780456754,104.218779
1780456754,103.990324
1780456754,103.948009
1780456754,107.784098
1780456754,108.239144
1780456754,105.808673
1780456754,106.381645
1780456754,106.801879
1780456754,114.974496
1780456754,106.908852
1780456754,106.844488
1780456754,106.836735
1780456754,106.292786
1780456754,106.022552
1780456754,106.184072
1780456754,106.868950
1780456754,116.305497
1780456754,107.360713
1780456754,109.710394
1780456754,107.288364
1780456754,106.800781
1780456754,107.283820
1780456754,107.651166
1780456754,107.554921
1780456754,105.735163
1780456754,108.102162
1780456754,108.250634
1780456754,107.885878
1780456754,107.879303
1780456754,107.991487
1780456754,108.552789
1780456754,103.092921
1780456754,108.568047
1780456754,109.037987
1780456754,117.808696
1780456754,108.748327
1780456754,117.830440
1780456754,107.537511
1780456754,104.739901
1780456754,106.102708
1780456754,105.832766
1780456754,106.180431
1780456754,106.116636
1780456754,104.564562
1780456754,105.126193
1780456754,106.104971
1780456754,106.794911
1780456754,105.124110
1780456754,104.829048
1780456754,104.792562
1780456754,103.448080
1780456754,101.895679
1780456754,105.985281
1780456754,107.392307
1780456754,106.248679
1780456754,105.900720
1780456754,108.099073
1780456754,108.304584
1780456754,108.039504
1780456754,108.096539
1780456754,108.495289
1780456754,107.667500
1780456754,104.894798
1780456754,108.510728
1780456754,108.550082
1780456754,104.969951
1780456754,108.420276
1780456754,104.969637
1780456754,110.126730
1780456754,109.551882
1780456754,109.131114
1780456754,105.759499
1780456754,105.804249
1780456754,109.244860
1780456754,105.672264
1780456754,109.449720
1780456754,109.522822
1780456754,105.739706
1780456754,105.974766
1780456754,110.778512
1780456754,103.978794
1780456754,110.845904
1780456754,111.066839
1780456754,111.203760
1780456754,110.945345
1780456754,108.421243
1780456754,109.799476
1780456754,109.965926
1780456754,106.442520
1780456754,113.977728
1780456754,107.533473
1780456754,110.750639
1780456754,109.971503
1780456754,108.381183
1780456754,109.898577
1780456754,110.767718
1780456754,114.078865
1780456754,108.473523
1780456754,114.210592
1780456754,105.405084
1780456754,108.816275
1780456754,111.012646
1780456754,107.698809
1780456754,106.356548
1780456754,107.841682
1780456754,112.854182
1780456754,108.687051
1780456754,108.500506
1780456754,108.137833
1780456754,108.475561
1780456754,105.865516
1780456754,109.608523
1780456754,108.428944
1780456754,109.640593
1780456754,110.033265
1780456754,107.349306
1780456754,110.028115
1780456754,117.550425
1780456754,109.478580
1780456754,109.596317
1780456754,109.521490
1780456754,108.486563
1780456754,110.776585
1780456754,113.184647
1780456754,115.384924
1780456754,116.419470
1780456754,116.353675
1780456754,109.037628
1780456754,113.800051
1780456754,117.399852
1780456754,113.758512
1780456754,113.567219
1780456754,113.828940
1780456754,117.072376
1780456754,111.727596
1780456754,103.739149
1780456754,114.016057
1780456754,114.141111
1780456754,110.999214
1780456754,111.828008
1780456754,106.119977
1780456754,107.204817
1780456754,108.319401
1780456754,108.464831
1780456754,108.258811
1780456754,108.545242
1780456754,108.371035
1780456754,107.225512
1780456754,106.179749
1780456754,114.546974
1780456754,115.286784
1780456754,113.168710
1780456754,113.271301
1780456754,113.039630
1780456754,109.554398
1780456754,113.255272
1780456754,113.185288
1780456754,113.267044
1780456754,113.334606
1780456754,108.274630
1780456754,103.398159
1780456754,105.325640
1780456754,112.593825
1780456754,113.582351
1780456754,105.193480
1780456754,110.655564
1780456754,108.284006
1780456754,108.278263
1780456754,108.717818
1780456754,108.976517
1780456754,109.073439
1780456754,109.114318
1780456754,108.039275
1780456754,103.446913
1780456754,103.579287
1780456754,104.446074
1780456754,106.238723
1780456754,107.999502
1780456754,108.040247
1780456754,108.617329
1780456754,110.055061
1780456754,110.926941
1780456754,110.944042
1780456754,111.756763
1780456754,111.743827
1780456754,111.588157
1780456754,110.547677
1780456754,112.495149
1780456754,111.571975
1780456754,111.496038
1780456754,111.537469
1780456754,112.875533
1780456754,112.306681
1780456754,114.616515
1780456754,113.680866
1780456754,112.435749
1780456754,112.487263
1780456754,114.947773
1780456754,112.973155
1780456754,113.016965
1780456754,113.098110
1780456754,108.931700
1780456754,116.005416
1780456754,116.135694
1780456754,115.942597
1780456754,113.729380
1780456754,113.751673
1780456754,116.641384
1780456754,116.723221
1780456754,116.334196
1780456754,116.659351
1780456754,117.066641
1780456754,111.105382
1780456754,117.829102
1780456754,116.492698
1780456754,117.963296
1780456754,111.085987
1780456754,102.805913
1780456754,111.622735
1780456754,111.682796
1780456754,111.971405
1780456754,112.478704
1780456754,118.799008
1780456754,104.020787
1780456754,112.655187
1780456754,112.738078
1780456754,112.999802
1780456754,104.404599
1780456754,113.132520
1780456754,104.445502
1780456754,113.163100
1780456754,118.755148
1780456754,118.655805
1780456754,118.631209
1780456754,118.748653
1780456754,104.701659
1780456754,105.763209
1780456754,120.748794
1780456754,119.569912
1780456754,119.708889
1780456754,106.080466
1780456754,106.072394
1780456754,106.116712
1780456754,119.715013
1780456754,119.955731
1780456754,106.200895
1780456754,120.099411
1780456754,106.797512
1780456754,107.585479
1780456754,107.759000
1780456754,107.382815
1780456754,107.570381
1780456754,108.098742
1780456754,117.791915
1780456754,117.751901
1780456754,117.905509
1780456754,117.968018
1780456754,117.718487
1780456754,117.713860
1780456754,117.323788
1780456754,117.822330
1780456754,117.897737
1780456754,117.891007
1780456754,117.697067
1780456754,117.625339
1780456754,117.775496
1780456754,117.338703
1780456754,117.599675
1780456754,117.778482
1780456754,117.752139
1780456754,117.557093
1780456754,117.635825
1780456754,118.274894
1780456754,118.242520
1780456754,118.584448
1780456754,107.188902
1780456754,106.811172
1780456754,107.467704
1780456754,107.263979
1780456754,107.549576
1780456754,109.763625
1780456754,107.625907
1780456754,110.053149
1780456754,105.266758
1780456754,109.757137
1780456754,110.218721
1780456754,110.439980
1780456754,110.184759
1780456754,110.034301
1780456754,110.387093
1780456754,110.372044
1780456754,105.435577
1780456754,110.406013
1780456754,107.841684
1780456754,110.324342
1780456754,107.942547
1780456754,107.947341
1780456754,110.595898
1780456754,108.210260
1780456754,108.257409
1780456754,108.544431
1780456754,105.546447
1780456754,111.650550
1780456754,111.121642
1780456754,111.226140
1780456754,111.375227
1780456754,109.141421
1780456754,108.508558
1780456754,104.290276
1780456754,103.575787
1780456754,109.215286
1780456754,109.139953
1780456754,104.400202
1780456754,109.233451
1780456754,104.534930
1780456754,111.798340
1780456754,112.018153
1780456754,103.918533
1780456754,104.069147
1780456754,109.315557
1780456754,109.695787
1780456754,109.771633
1780456754,112.814530
1780456754,110.318175
1780456754,110.848337
1780456754,110.955116
1780456754,111.024946
1780456754,110.828605
1780456754,111.191602
1780456754,106.274121
1780456754,111.041567
1780456754,111.393258
1780456754,111.326761
1780456754,109.226042
1780456754,111.858639
1780456754,112.228630
1780456754,109.618487
1780456754,107.604155
1780456754,108.729960
1780456754,108.447328
1780456754,108.886806
1780456754,108.962634
1780456754,108.734343
1780456754,108.501323
1780456754,108.985162
1780456754,108.861264
1780456754,107.405829
1780456754,108.363253
1780456754,109.681890
1780456754,105.060999
1780456754,105.236752
1780456754,103.962797
1780456754,112.786881
1780456754,114.550186
1780456754,114.560955
1780456754,114.666697
1780456754,114.564385
1780456754,114.604663
1780456754,115.196804
1780456754,115.117044
1780456754,115.268542
1780456754,114.861907
1780456754,114.856193
1780456754,114.263444
1780456754,119.246571
1780456754,119.233174
1780456754,113.008448
1780456754,119.145311
1780456754,119.121360
1780456754,119.347555
1780456754,116.945526
1780456754,114.957924
1780456754,116.926549
1780456754,120.470025
1780456754,112.854754
1780456754,112.771448
1780456754,122.054669
1780456754,121.757950
1780456754,123.785355
1780456754,111.369414
1780456754,110.140914
1780456754,113.592960
1780456754,113.189531
1780456754,127.525311
1780456754,113.627018
1780456754,111.752852
1780456754,115.261320
1780456754,127.639645
1780456754,117.910761
1780456754,125.639520
1780456754,116.757336
1780456754,112.199329
1780456754,118.002487
1780456754,113.377337
1780456754,115.381138
1780456754,127.877902
1780456754,115.447963
1780456754,128.308368
1780456754,112.337173
1780456754,119.153133
1780456754,119.893179
1780456754,126.019242
1780456754,125.987889
1780456754,127.897103
1780456754,115.754180
1780456754,112.936403
1780456754,115.761373
1780456754,117.160251
1780456754,114.188182
1780456754,118.576079
1780456754,117.231771
1780456754,129.470960
1780456754,129.159885
1780456754,129.463531
1780456754,133.767909
1780456754,119.527285
1780456754,133.440925
1780456754,133.445616
1780456754,119.804734
1780456754,133.561565
1780456754,119.731183
1780456754,117.365328
1780456754,133.725493
1780456754,119.953226
1780456754,117.477177
1780456754,122.673860
1780456754,123.262098
1780456754,134.444156
1780456754,123.589515
1780456754,126.296918
1780456754,125.154128
1780456754,119.446190
1780456754,131.377774
1780456754,117.296074
1780456754,126.401496
1780456754,125.052537
1780456754,127.531845
1780456754,127.609913
1780456754,127.629471
1780456754,134.771597
1780456754,135.046151
1780456754,134.693640
1780456754,134.841508
1780456754,131.178542
1780456754,135.046007
1780456754,135.019104
1780456754,131.632254
1780456754,134.663205
1780456754,135.108053
1780456754,125.482938
1780456754,134.607170
1780456754,122.291140
1780456754,135.127569
1780456754,134.878645
1780456754,134.931154
1780456754,135.008305
1780456754,135.237118
1780456754,121.296996
1780456754,135.150010
1780456754,130.652177
1780456754,135.207509
1780456754,135.147345
1780456754,122.658337
1780456754,135.017778
1780456754,135.693408
1780456754,122.094733
1780456754,118.634361
1780456754,117.562588
1780456754,119.512345
1780456754,120.224645
1780456754,124.907089
1780456754,132.778603
1780456754,123.676406
1780456754,119.688768
1780456754,112.007971
1780456754,112.646359
1780456754,113.632535
1780456754,139.206052
1780456754,139.500075
1780456754,139.426000
1780456754,139.197908
1780456754,139.734387
1780456754,126.383503
1780456754,139.940917
1780456754,139.893065
1780456754,126.330879
1780456754,139.711907
1780456754,126.413196
1780456754,139.651244
1780456754,139.657060
1780456754,139.817730
1780456754,139.937001
1780456754,140.066107
1780456754,140.133276
1780456754,140.208414
1780456754,139.671439
1780456754,125.732748
1780456754,140.410923
1780456754,125.804533
1780456754,140.292639
1780456754,126.691965
1780456754,140.719440
1780456754,126.650783
1780456754,126.785933
1780456754,140.220011
1780456754,110.513414
1780456754,140.269159
1780456754,140.158963
1780456754,140.981373
1780456754,128.123364
1780456754,124.038734
1780456754,108.388206
1780456754,124.110621
1780456754,124.159154
1780456754,109.524075
1780456754,114.924484
1780456754,112.467835
1780456754,132.372808
1780456754,116.572847
1780456754,116.641376
1780456754,115.393511
1780456754,118.591959
1780456754,116.103680
1780456754,117.310481
1780456754,108.691465
1780456754,117.545038
1780456754,108.691175
1780456754,108.605441
1780456754,120.364681
1780456754,115.571782
1780456754,118.566363
1780456754,117.341241
1780456754,116.636120
1780456754,105.676992
1780456754,105.118090
1780456754,103.728467
1780456754,109.597260
1780456754,119.168252
1780456754,109.378680
1780456754,107.426607
1780456754,119.494315
1780456754,123.794927
1780456754,150.207778
1780456754,120.870621
1780456754,150.273710
1780456754,123.922590
1780456754,150.046030
1780456754,108.143954
1780456754,124.055039
1780456754,110.377016
1780456754,150.213023
1780456754,119.042212
1780456754,150.309056
1780456754,123.412156
1780456754,135.434724
1780456754,111.044559
1780456754,108.334003
1780456754,111.370527
1780456754,135.637197
1780456754,149.588592
1780456754,150.331359
1780456754,149.776583
1780456754,114.484558
1780456754,150.099104
1780456754,149.960831
1780456754,149.930733
1780456754,104.586067
1780456754,104.609056
1780456754,109.884800
1780456754,110.001035
1780456754,110.209746
1780456754,110.155470
1780456754,110.355457
1780456754,107.567422
1780456754,105.062044
1780456754,105.139969
1780456754,117.657409
1780456754,107.923489
1780456754,107.984242
1780456754,125.467784
1780456754,125.036227
1780456754,106.455458
1780456754,117.815746
1780456754,125.790734
1780456754,117.643398
1780456754,117.639563
1780456754,126.516587
1780456754,126.523091
1780456754,126.186412
1780456754,126.773267
1780456754,126.836965
1780456754,122.435473
1780456754,122.884149
1780456754,122.018458
1780456754,126.948158
1780456754,124.401073
1780456754,128.248520
1780456754,108.257866
1780456754,125.077888
1780456754,118.031775
1780456754,126.462202
1780456754,109.121094
1780456754,122.163881
1780456754,121.249165
1780456754,110.451953
1780456754,121.314016
1780456754,117.382351
1780456754,118.626420
1780456754,109.239426
1780456754,127.107502
1780456754,109.377154
1780456754,127.364413
1780456754,121.377840
1780456754,109.472072
1780456754,119.592180
1780456754,122.272641
1780456754,122.518956
1780456754,125.018757
1780456754,119.486306
1780456754,119.707778
1780456754,125.749517
1780456754,126.136690
1780456754,122.771638
1780456754,119.652381
1780456754,109.871191
1780456754,115.675162
1780456754,124.263206
1780456754,115.768770
1780456754,123.954938
1780456754,115.856734
1780456754,115.884878
1780456754,113.106410
1780456754,119.897080
1780456754,113.197993
1780456754,119.781842
1780456754,115.806085
1780456754,113.226700
1780456754,119.829477
1780456754,125.321248
1780456754,119.945604
1780456754,113.266483
1780456754,125.595726
1780456754,113.235006
1780456754,115.954645
1780456754,124.071104
1780456754,124.179192
1780456754,124.501807
1780456754,123.969288
1780456754,111.902649
1780456754,112.105350
1780456754,111.745642
1780456754,112.227746
1780456754,112.195393
1780456754,111.570272
1780456754,112.087195
1780456754,117.823652
1780456754,120.659102
1780456754,109.196237
1780456754,117.996169
1780456754,111.845288
1780456754,111.008229
1780456754,117.895739
1780456754,109.166345
1780456754,117.476940
1780456754,110.085084
1780456754,112.219480
1780456754,112.448391
1780456754,119.281382
1780456754,119.298098
1780456754,110.673571
1780456754,109.191211
1780456754,112.537992
1780456754,116.813296
1780456754,109.562337
1780456754,119.403945
1780456754,109.513926
1780456754,114.148296
1780456754,117.192788
1780456754,110.851685
1780456754,112.707148
1780456754,111.091875
1780456754,117.542978
1780456754,112.868304
1780456754,112.781818
1780456754,111.484767
1780456754,111.679585
1780456754,117.714865
1780456754,113.203916
1780456754,110.913597
1780456754,110.946664
1780456754,114.009119
1780456754,114.478201
1780456754,111.596299
1780456754,114.562695
1780456754,115.033558
1780456754,115.227037
1780456754,111.677454
1780456754,112.261468
1780456754,119.206048
1780456754,131.165119
1780456754,120.315655
1780456754,120.313508
1780456754,133.873311
1780456754,134.227849
1780456754,120.322694
1780456754,140.604384
1780456754,124.519249
1780456754,128.653113
1780456754,112.866303
1780456754,140.640272
1780456754,135.446452
1780456754,128.760158
1780456754,131.857552
1780456754,113.856551
1780456754,141.688488
1780456754,141.740620
1780456754,141.729384
1780456754,143.518685
1780456754,142.732754
1780456754,145.314035
1780456754,144.361327
1780456754,142.890096
1780456754,145.740161
1780456754,133.109869
1780456754,142.960435
1780456754,134.564503
1780456754,156.041874
1780456754,157.147036
1780456754,145.245483
1780456754,143.988431
1780456754,109.583902
1780456754,113.550853
1780456754,114.519407
1780456754,129.472201
1780456754,117.289064
1780456754,129.571053
1780456754,115.869716
1780456754,117.379556
1780456754,113.555103
1780456754,133.492156
1780456754,109.910120
1780456754,133.409331
1780456754,113.801882
1780456754,120.243698
1780456754,112.177447
1780456754,135.719723
1780456754,113.396651
1780456754,121.612237
1780456754,113.828615
1780456754,129.625312
1780456754,125.684459
1780456754,129.813775
1780456754,112.345649
1780456754,125.012289
1780456754,107.114754
1780456754,110.978015
1780456754,110.807747
1780456754,112.305691
1780456754,106.981828
1780456754,114.935822
1780456754,117.276849
1780456754,116.329579
1780456754,113.688346
1780456754,116.209108
1780456754,115.163947
1780456754,113.925851
1780456754,115.316548
1780456754,113.865781
1780456754,117.583168
1780456754,106.054159
1780456754,113.961987
1780456754,121.190730
1780456754,117.999917
1780456754,122.376595
1780456754,122.314661
1780456754,106.107468
1780456754,109.568717
1780456754,117.966033
1780456754,122.486006
1780456754,118.207106
1780456754,109.564273
1780456754,122.199707
1780456754,122.586243
1780456754,108.874250
1780456754,122.565111
1780456754,118.254862
1780456754,122.682447
1780456754,122.374843
1780456754,116.073485
1780456754,122.497350
1780456754,115.835918
1780456754,116.729774
1780456754,112.104506
1780456754,114.347887
1780456754,109.133709
1780456754,113.423697
1780456754,122.399984
1780456754,122.636525
1780456754,113.653971
1780456754,113.792928
1780456754,109.341387
1780456754,106.270161
1780456754,123.524704
1780456754,114.204069
1780456754,107.529628
1780456754,104.592425
1780456754,104.144892
1780456754,115.441942
1780456754,111.202285
1780456754,104.827755
1780456754,108.316107
1780456754,104.854955
1780456754,115.229527
1780456754,104.447911
1780456754,109.930583
1780456754,116.655170
1780456754,108.929674
1780456754,109.329778
1780456754,120.813362
1780456754,120.815996
1780456754,106.659367
1780456754,106.629190
1780456754,119.507194
1780456754,109.236146
1780456754,108.621155
1780456754,114.008264
1780456754,106.675278
1780456754,105.288977
1780456754,105.256828
1780456754,105.898985
1780456754,105.448630
1780456754,108.653618
1780456754,108.541019
1780456754,108.730596
1780456754,109.516032
1780456754,114.158273
1780456754,111.160692
1780456754,104.719940
1780456754,109.918017
1780456754,115.448464
1780456754,104.800789
1780456754,109.429536
1780456754,110.553301
1780456754,103.698001
1780456754,112.166808
1780456754,105.403118
1780456754,110.230972
1780456754,109.910052
1780456754,115.508545
1780456754,105.630100
1780456754,104.370955
1780456754,112.507603
1780456754,126.903449
1780456754,112.522526
1780456754,107.283915
1780456754,105.954829
1780456754,107.976626
1780456754,107.472438
1780456754,124.515940
1780456754,110.667261
1780456754,116.034530
1780456754,124.764670
1780456754,106.036911
1780456754,124.700216
1780456754,117.292169
1780456754,125.030162
1780456754,105.127968
1780456754,125.010721
1780456754,117.188813
1780456754,112.409619
1780456754,105.231775
1780456754,115.450542
1780456754,125.211507
1780456754,111.041861
1780456754,116.970618
1780456754,105.670662
1780456754,124.257012
1780456754,111.412430
1780456754,118.265836
1780456754,124.107368
1780456754,106.021858
1780456754,111.486212
1780456754,120.786032
1780456754,117.368149
1780456754,113.095137
1780456754,117.567675
1780456754,106.218134
1780456754,123.562571
1780456754,113.427347
1780456754,116.589702
1780456754,124.987077
1780456754,113.732376
1780456754,124.142631
1780456754,117.105703
1780456754,118.189306
1780456754,117.022046
1780456754,114.338930
1780456754,105.979415
1780456754,117.306126
1780456754,106.190259
1780456754,111.898224
1780456754,117.813414
1780456754,125.129312
1780456754,114.108614
1780456754,106.706764
1780456754,112.386913
1780456754,118.272415
1780456754,106.849375
1780456754,112.565652
1780456754,124.382468
1780456754,117.802130
1780456754,112.933532
1780456754,107.209348
1780456754,120.252331
1780456754,112.918762
1780456754,118.174366
1780456754,107.196413
1780456754,113.097748
1780456754,107.594729
1780456754,119.089835
1780456754,120.513507
1780456754,113.298843
1780456754,107.859254
1780456754,120.627895
1780456754,117.588706
1780456754,112.849199
1780456754,121.614796
1780456754,118.882472
1780456754,108.212593
1780456754,113.039939
1780456754,117.925202
1780456754,113.153848
1780456754,108.615125
1780456754,121.111824
1780456754,116.799085
1780456754,113.252110
1780456754,108.600752
1780456754,117.263395
1780456754,120.162772
1780456754,113.081668
1780456754,108.762969
1780456754,113.300216
1780456754,117.481346
1780456754,120.503576
1780456754,121.975626
1780456754,113.438153
1780456754,107.923966
1780456754,120.897847
1780456754,109.175768
1780456754,113.662950
1780456754,108.079242
1780456754,121.225781
1780456754,109.571771
1780456754,113.802018
1780456754,108.313555
1780456754,120.333784
1780456754,108.397804
1780456754,113.962209
1780456754,121.449399
1780456754,109.952076
1780456754,113.186953
1780456754,121.826972
1780456754,113.222757
1780456754,109.051856
1780456754,108.775779
1780456754,108.950335
1780456754,113.655654
1780456754,122.618676
1780456754,113.891050
1780456754,121.746032
1780456754,113.995979
1780456754,120.738465
1780456754,121.759813
1780456754,110.932938
1780456754,109.614845
1780456754,109.755371
1780456754,112.898099
1780456754,121.896422
1780456754,109.967728
1780456754,119.995643
1780456754,113.082020
1780456754,108.866934
1780456754,121.328561
1780456754,110.251614
1780456754,113.243764
1780456754,110.568378
1780456754,121.599534
1780456754,109.475164
1780456754,109.471703
1780456754,119.812869
1780456754,117.910305
1780456754,113.928312
1780456754,107.734269
1780456754,113.673121
1780456754,119.376606
1780456754,107.879128
1780456754,118.251812
1780456754,114.064227
1780456754,108.060387
1780456754,117.501721
1780456754,105.994418
1780456754,111.345452
1780456754,106.377046
1780456754,108.995705
1780456754,109.061271
1780456754,106.503330
1780456754,115.226598
1780456754,107.008197
1780456754,107.409848
1780456754,114.672832
1780456754,107.302049
1780456754,114.705945
1780456754,107.313232
1780456754,109.878985
1780456754,107.397721
1780456754,105.858312
1780456754,110.236906
1780456754,107.939132
1780456754,119.856711
1780456754,108.655081
1780456754,121.479445
1780456754,120.368942
1780456754,109.296856
1780456754,120.401058
1780456754,109.200349
1780456754,121.111668
1780456754,108.383045
1780456754,121.204433
1780456754,110.145447
1780456754,110.060399
1780456754,108.783377
1780456754,110.399485
1780456754,109.828793
1780456754,109.517875
1780456754,109.504408
1780456754,121.432639
1780456754,111.662855
1780456754,109.734240
1780456754,112.506640
1780456754,112.686127
1780456754,110.805230
1780456754,107.739638
1780456754,121.836105
1780456754,108.041890
1780456754,120.794020
1780456754,121.199766
1780456754,114.605471
1780456754,114.500997
1780456754,114.308526
1780456754,123.177757
1780456754,114.099892
1780456754,114.590716
1780456754,114.156264
1780456754,112.899507
1780456754,122.348705
1780456754,115.529852
1780456754,107.726275
1780456754,122.605589
1780456754,107.935894
1780456754,107.365226
1780456754,123.277224
1780456754,121.783856
1780456754,122.559419
1780456754,122.742957
1780456754,115.356632
1780456754,113.833148
1780456754,114.738088
1780456754,115.333911
1780456754,116.136693
1780456754,108.041875
1780456754,123.282296
1780456754,110.453276
1780456754,115.912741
1780456754,110.980782
1780456754,123.517036
1780456754,116.022852
1780456754,113.486392
1780456754,117.201591
1780456754,121.696058
1780456754,115.502110
1780456754,109.764857
1780456754,109.464218
1780456754,116.488609
1780456754,109.982638
1780456754,110.808804
1780456754,117.401324
1780456754,109.664440
1780456754,125.055805
1780456754,118.053071
1780456754,109.978646
1780456754,109.469516
1780456754,113.295187
1780456754,119.827712
1780456754,119.643830
1780456754,117.445502
1780456754,108.648485
1780456754,109.708945
1780456754,109.066312
1780456754,109.403060
1780456754,109.896999
1780456754,119.158112
1780456754,109.121377
1780456754,116.426255
1780456754,110.409586
1780456754,117.035207
1780456754,111.102340
1780456754,120.854448
1780456754,117.023680
1780456754,117.493794
1780456754,119.258369
1780456754,118.490944
1780456754,119.383807
1780456754,108.604653
1780456754,110.907468
1780456754,123.355696
1780456754,123.521303
1780456754,121.350979
1780456754,123.689771
1780456754,123.601517
1780456754,114.255042
1780456754,119.378924
1780456754,120.361577
1780456754,123.609879
1780456754,123.525470
1780456754,122.178981
1780456754,118.098505
1780456754,113.361509
1780456754,118.606374
1780456754,117.348056
1780456754,113.560887
1780456754,123.692232
1780456754,110.027076
1780456754,109.900262
1780456754,109.908976
1780456754,117.625741
1780456754,117.150347
1780456754,109.996659
1780456754,109.943735
1780456754,115.652858
1780456754,108.854531
1780456754,116.101403
1780456754,109.262546
1780456754,113.043967
1780456754,118.295504
1780456754,116.119009
1780456754,119.036122
1780456754,119.217064
1780456754,109.781026
1780456754,109.404172
1780456754,108.214755
1780456754,103.454792
1780456754,129.970040
1780456754,117.667407
1780456754,117.741551
1780456754,103.373853
1780456754,118.758820
1780456754,129.161560
1780456754,118.282691
1780456754,118.497176
1780456754,130.710060
1780456754,126.116371
1780456754,131.527138
1780456754,131.510357
1780456754,131.569301
1780456754,131.221524
1780456754,131.509956
1780456754,131.576320
1780456754,125.645599
1780456754,133.547869
1780456754,101.751414
1780456754,113.364046
1780456754,127.088521
1780456754,120.511918
1780456754,135.327883
1780456754,111.692942
1780456754,122.869703
1780456754,111.762261
1780456754,111.902645
1780456754,111.853103
1780456754,135.150166
1780456754,135.743228
1780456754,122.417815
1780456754,110.285919
1780456754,111.946050
1780456754,110.091786
1780456754,108.633001
1780456754,112.052288
1780456754,121.164411
1780456754,110.086754
1780456754,121.240654
1780456754,110.099021
1780456754,123.382436
1780456754,110.293397
1780456754,110.305024
1780456754,108.880845
1780456754,110.366911
1780456754,110.288218
1780456754,121.802104
1780456754,125.101723
1780456754,118.461407
1780456754,118.638185
1780456754,122.316582
1780456754,105.785679
1780456754,105.881154
1780456754,106.007477
1780456754,106.087435
1780456754,105.901791
1780456754,106.068439
1780456754,118.982319
1780456754,106.289193
1780456754,106.131869
1780456754,119.067707
1780456754,105.074247
1780456754,119.275749
1780456754,107.046156
1780456754,117.652266
1780456754,105.606366
1780456754,117.619076
1780456754,106.113053
1780456754,117.675949
1780456754,107.842505
1780456754,107.986300
1780456754,108.391875
1780456754,108.460348
1780456754,107.371979
1780456754,107.558627
1780456754,108.823876
1780456754,109.148322
1780456754,108.910840
1780456754,109.427908
1780456754,109.962528
1780456754,109.218629
1780456754,109.276186
1780456754,109.533749
1780456754,109.733549
1780456754,109.497982
1780456754,109.317739
1780456754,109.276869
1780456754,109.277077
1780456754,109.233116
1780456754,109.572984
1780456754,109.609723
1780456754,109.529848
1780456754,109.270473
1780456754,109.862288
1780456754,110.340086
1780456754,110.283236
1780456754,110.370232
1780456754,110.655098
1780456754,111.001809
1780456754,111.124443
1780456754,112.164379
1780456754,111.070709
1780456754,112.855892
1780456754,111.769869
1780456754,113.175500
1780456754,112.248783
1780456754,113.711877
1780456754,112.767811
1780456754,113.709682
1780456754,112.894431
1780456754,110.426641
1780456754,113.884989
1780456754,109.057263
1780456754,112.838413
1780456754,109.206899
1780456754,110.335804
1780456754,111.035903
1780456754,110.665846
1780456754,110.747976
1780456754,111.282951
1780456754,111.218988
1780456754,111.109204
1780456754,111.399452
1780456754,111.380723
1780456754,111.263375
1780456754,111.335317
1780456754,111.562379
1780456754,109.559493
1780456754,109.595910
1780456754,109.471616
1780456754,109.538365
1780456754,109.589944
1780456754,109.584775
1780456754,109.479041
1780456754,109.326456
1780456754,109.571095
1780456754,109.584027
1780456754,109.555728
1780456754,109.977994
1780456754,109.789604
1780456754,109.867327
1780456754,109.407032
1780456754,110.038923
1780456754,110.253481
1780456754,110.441757
1780456754,110.659391
1780456754,111.630414
1780456754,113.095865
1780456754,113.882951
1780456754,113.359881
1780456754,113.289029
1780456754,113.447058
1780456754,113.455707
1780456754,114.063707
1780456754,115.233233
1780456754,129.166914
1780456754,129.204491
1780456754,129.276167
1780456754,129.147108
1780456754,129.250329
1780456754,129.270755
1780456754,122.103159
1780456754,122.320521
1780456754,122.256415
1780456754,129.325582
1780456754,129.585104
1780456754,122.247739
1780456754,113.650969
1780456754,129.495260
1780456754,129.803719
1780456754,129.675917
1780456754,122.524372
1780456754,129.500640
1780456754,122.533606
1780456754,129.962594
1780456754,113.653150
1780456754,129.563743
1780456754,125.334362
1780456754,129.173241
1780456754,129.840101
1780456754,113.744638
1780456754,113.884516
1780456754,113.588143
1780456754,119.349168
1780456754,118.395863
1780456754,118.532312
1780456754,119.193030
1780456754,118.525534
1780456754,119.082836
1780456754,119.074657
1780456754,118.858213
1780456754,123.551039
1780456754,118.971881
1780456754,118.140372
1780456754,123.493721
1780456754,119.561922
1780456754,123.588348
1780456754,124.072014
1780456754,114.921175
1780456754,115.059634
1780456754,114.869374
1780456754,115.319831
1780456754,120.629454
1780456754,120.809116
1780456754,120.622986
1780456755,120.811503
1780456755,117.041533
1780456755,118.255459
1780456755,118.416065
1780456755,118.396640
1780456755,126.788545
1780456755,126.905862
1780456755,118.694443
1780456755,118.651774
1780456755,127.095277
1780456755,126.684684
1780456755,118.596967
1780456755,126.922409
1780456755,118.754942
1780456755,126.621213
1780456755,127.173400
1780456755,121.453144
1780456755,121.672174
1780456755,137.117585
1780456755,117.555506
1780456755,116.124231
1780456755,116.303662
1780456755,136.853569
1780456755,116.231377
1780456755,136.914240
1780456755,124.960487
1780456755,124.904890
1780456755,124.878670
1780456755,128.477112
1780456755,129.610215
1780456755,122.484762
1780456755,129.408630
1780456755,130.094774
1780456755,129.754976
1780456755,130.622753
1780456755,129.741483
1780456755,128.208433
1780456755,122.540985
1780456755,128.202127
1780456755,122.664431
1780456755,128.248417
1780456755,130.287004
1780456755,126.019699
1780456755,130.413406
1780456755,128.340513
1780456755,128.522057
1780456755,130.854495
1780456755,130.675821
1780456755,122.230607
1780456755,125.687589
1780456755,109.916536
1780456755,132.020936
1780456755,131.882476
1780456755,125.736910
1780456755,109.723052
1780456755,109.900705
1780456755,133.808978
1780456755,118.092800
1780456755,132.509008
1780456755,109.847425
1780456755,118.274151
1780456755,133.875850
1780456755,118.152688
1780456755,134.871870
1780456755,130.107133
1780456755,134.232069
1780456755,132.605340
1780456755,134.156176
1780456755,134.225184
1780456755,133.967901
1780456755,134.292796
1780456755,119.670635
1780456755,121.717160
1780456755,135.095476
1780456755,134.205419
1780456755,130.205096
1780456755,134.495849
1780456755,134.487920
1780456755,123.885674
1780456755,119.772915
1780456755,121.737430
1780456755,110.384737
1780456755,132.915580
1780456755,130.473270
1780456755,118.509785
1780456755,131.848831
1780456755,130.476354
1780456755,108.100089
1780456755,118.852365
1780456755,127.638547
1780456755,118.954375
1780456755,131.901525
1780456755,108.573352
1780456755,127.939817
1780456755,132.160369
1780456755,135.514896
1780456755,109.157860
1780456755,128.469443
1780456755,123.087536
1780456755,132.021163
1780456755,128.540411
1780456755,109.386016
1780456755,128.695309
1780456755,142.518951
1780456755,127.814979
1780456755,128.922013
1780456755,133.512741
1780456755,133.372152
1780456755,127.966900
1780456755,127.899560
1780456755,133.710912
1780456755,134.023185
1780456755,133.317737
1780456755,133.796259
1780456755,130.662945
1780456755,131.257623
1780456755,133.586378
1780456755,133.731073
1780456755,133.009830
1780456755,133.810694
1780456755,150.214149
1780456755,118.999015
1780456755,126.359164
1780456755,133.942401
1780456755,133.999131
1780456755,134.205408
1780456755,150.552132
1780456755,126.479625
1780456755,133.747886
1780456755,133.806678
1780456755,133.882525
1780456755,150.662775
1780456755,119.180743
1780456755,134.168359
1780456755,119.376301
1780456755,134.495734
1780456755,134.304367
1780456755,131.379460
1780456755,134.150425
1780456755,134.768224
1780456755,115.574466
1780456755,140.252916
1780456755,140.387077
1780456755,131.286209
1780456755,122.914586
1780456755,137.647266
1780456755,131.504507
1780456755,140.166026
1780456755,135.563422
1780456755,140.863288
1780456755,118.018383
1780456755,114.716661
1780456755,118.111405
1780456755,118.208408
1780456755,118.269725
1780456755,118.392859
1780456755,118.376726
1780456755,124.656126
1780456755,124.728382
1780456755,126.190892
1780456755,123.454587
1780456755,118.718243
1780456755,133.790794
1780456755,132.213832
1780456755,132.163236
1780456755,133.840285
1780456755,133.902209
1780456755,146.914710
1780456755,116.618030
1780456755,116.742007
1780456755,116.853523
1780456755,137.751448
1780456755,135.669592
1780456755,139.104229
1780456755,140.247482
1780456755,140.394080
1780456755,141.105574
1780456755,148.478929
1780456755,148.664053
1780456755,148.914491
1780456755,141.353641
1780456755,141.430841
1780456755,117.170366
1780456755,141.517608
1780456755,138.881227
1780456755,122.983710
1780456755,129.547984
1780456755,137.509319
1780456755,136.637149
1780456755,131.567388
1780456755,138.742670
1780456755,120.918861
1780456755,131.000172
1780456755,130.717261
1780456755,119.213184
1780456755,121.097345
1780456755,121.162505
1780456755,119.249757
1780456755,119.309803
1780456755,122.645366
1780456755,121.108955
1780456755,121.392065
1780456755,121.404891
1780456755,129.420539
1780456755,132.986195
1780456755,133.359897
1780456755,133.254296
1780456755,148.423029
1780456755,146.793158
1780456755,150.613484
1780456755,150.748732
1780456755,150.784376
1780456755,150.856070
1780456755,124.073832
1780456755,142.223588
1780456755,120.011973
1780456755,133.104690
1780456755,123.163899
1780456755,135.654144
1780456755,133.230111
1780456755,148.513632
1780456755,158.883983
1780456755,152.285652
1780456755,105.533336
1780456755,153.542441
1780456755,161.186991
1780456755,127.808070
1780456755,132.608585
1780456755,131.758023
1780456755,137.111174
1780456755,160.815509
1780456755,160.738079
1780456755,166.971878
1780456755,153.053311
1780456755,161.458304
1780456755,165.025236
1780456755,154.141172
1780456755,165.994380
1780456755,155.724899
1780456755,166.078976
1780456755,127.046986
1780456755,167.227781
1780456755,127.466926
1780456755,151.109331
1780456755,151.223648
1780456755,150.599985
1780456755,150.124013
1780456755,151.064971
1780456755,150.105157
1780456755,147.858815
1780456755,148.205138
1780456755,150.560409
1780456755,147.801619
1780456755,135.851295
1780456755,151.734204
1780456755,133.399071
1780456755,141.914424
1780456755,132.337092
1780456755,138.818624
1780456755,140.114221
1780456755,135.882047
1780456755,108.234848
1780456755,140.154240
1780456755,132.538341
1780456755,142.170579
1780456755,138.938473
1780456755,144.813387
1780456755,144.760814
1780456755,138.859109
1780456755,144.913215
1780456755,132.638769
1780456755,148.131316
1780456755,139.145821
1780456755,148.486452
1780456755,139.024286
1780456755,148.167594
1780456755,139.152859
1780456755,148.261641
1780456755,139.215362
1780456755,112.041503
1780456755,111.880867
1780456755,119.504671
1780456755,118.428808
1780456755,111.887298
1780456755,117.625751
1780456755,124.906981
1780456755,118.584303
1780456755,117.758997
1780456755,119.685597
1780456755,117.066716
1780456755,119.683672
1780456755,106.764351
1780456755,118.892406
1780456755,118.600360
1780456755,118.044191
1780456755,118.639325
1780456755,104.949444
1780456755,117.815222
1780456755,116.885088
1780456755,112.439619
1780456755,103.234207
1780456755,104.904525
1780456755,113.468163
1780456755,113.509936
1780456755,113.321775
1780456755,113.313858
1780456755,113.507587
1780456755,113.309142
1780456755,125.001614
1780456755,125.174899
1780456755,120.831868
1780456755,174.077747
1780456755,181.141561
1780456755,174.199573
1780456755,124.763500
1780456755,115.706664
1780456755,174.414106
1780456755,129.901953
1780456755,117.177232
1780456755,117.044330
1780456755,111.451938
1780456755,117.180642
1780456755,117.187118
1780456755,174.237997
1780456755,111.583342
1780456755,124.791745
1780456755,111.576440
1780456755,121.273049
1780456755,106.699764
1780456755,174.375307
1780456755,106.644170
1780456755,116.079196
1780456755,174.498161
1780456755,110.799290
1780456755,174.378968
1780456755,129.360465
1780456755,139.336413
1780456755,138.505216
1780456755,137.567619
1780456755,146.159171
1780456755,142.009631
1780456755,137.074383
1780456755,142.059183
1780456755,134.815444
1780456755,136.240721
1780456755,136.150426
1780456755,147.540891
1780456755,123.261020
1780456755,133.690493
1780456755,132.341469
1780456755,134.945482
1780456755,133.795984
1780456755,132.327472
1780456755,134.953203
1780456755,122.865005
1780456755,130.675895
1780456755,127.086778
1780456755,127.076798
1780456755,192.034608
1780456755,192.061721
1780456755,130.879467
1780456755,130.815999
1780456755,122.422262
1780456755,126.302218
1780456755,132.650593
1780456755,127.252529
1780456755,127.285867
1780456755,136.508789
1780456755,123.204323
1780456755,137.513614
1780456755,130.992373
1780456755,123.447332
1780456755,122.424453
1780456755,124.766882
1780456755,123.269832
1780456755,121.493018
1780456755,124.981754
1780456755,124.821915
1780456755,123.535879
1780456755,123.573794
1780456755,136.264103
1780456755,131.534304
1780456755,137.109176
1780456755,137.249592
1780456755,137.246813
1780456755,139.779582
1780456755,185.116064
1780456755,125.334808
1780456755,125.351968
1780456755,185.380012
1780456755,129.545091
1780456755,126.183362
1780456755,186.380918
1780456755,185.376410
1780456755,129.662249
1780456755,131.308310
1780456755,129.737876
1780456755,185.397599
1780456755,131.850371
1780456755,186.687258
1780456755,132.111209
1780456755,132.157373
1780456755,136.010761
1780456755,189.260620
1780456755,115.872531
1780456755,135.971209
1780456755,129.817548
1780456755,132.338310
1780456755,114.200198
1780456755,133.799591
1780456755,115.107923
1780456755,128.460047
1780456755,113.793325
1780456755,121.090801
1780456755,115.281142
1780456755,116.061529
1780456755,113.811207
1780456755,107.526079
1780456755,107.501170
1780456755,108.570979
1780456755,107.839688
1780456755,109.707769
1780456755,109.978566
1780456755,109.982170
1780456755,110.185526
1780456755,110.096399
1780456755,110.338642
1780456755,110.631487
1780456755,109.431991
1780456755,110.803490
1780456755,109.659398
1780456755,111.039673
1780456755,109.722428
1780456755,111.208280
1780456755,110.122509
1780456755,110.502225
1780456755,110.447560
1780456755,110.550440
1780456755,110.655627
1780456755,122.058383
1780456755,122.212868
1780456755,120.749299
1780456755,114.808119
1780456755,115.368396
1780456755,186.610438
1780456755,186.584051
1780456755,190.090389
1780456755,110.953545
1780456755,111.100038
1780456755,110.995141
1780456755,111.229993
1780456755,111.180694
1780456755,111.036048
1780456755,111.322980
1780456755,111.582213
1780456755,111.473601
1780456755,111.913814
1780456755,112.093196
1780456755,184.873240
1780456755,184.905827
1780456755,117.270970
1780456755,117.232755
1780456755,210.184292
1780456755,117.323597
1780456755,211.037455
1780456755,209.829775
1780456755,208.685541
1780456755,207.659954
1780456755,118.421327
1780456755,207.525857
1780456755,118.828079
1780456755,162.408350
1780456755,120.935035
1780456755,162.972244
1780456755,190.937935
1780456755,187.048282
1780456755,161.949705
1780456755,161.256166
1780456755,123.153670
1780456755,159.346943
1780456755,122.611606
1780456755,156.854100
1780456755,124.278106
1780456755,123.832677
1780456755,131.422694
1780456755,127.375012
1780456755,165.237936
1780456755,166.252235
1780456755,166.357087
1780456755,107.664826
1780456755,107.740682
1780456755,107.815980
1780456755,122.362192
1780456755,112.342206
1780456755,122.147700
1780456755,122.148668
1780456755,121.988461
1780456755,165.662376
1780456755,122.403338
1780456755,122.189485
1780456755,167.914155
1780456755,168.128429
1780456755,170.661721
1780456755,122.417624
1780456755,122.231071
1780456755,127.992125
1780456755,122.615432
1780456755,128.073899
1780456755,174.289030
1780456755,130.631588
1780456755,122.837378
1780456755,173.410154
1780456755,205.038542
1780456755,205.193925
1780456755,123.290340
1780456755,122.747889
1780456755,175.499065
1780456755,205.192608
1780456755,123.033903
1780456755,205.268652
1780456755,123.014904
1780456755,133.285570
1780456755,194.106254
1780456755,133.352506
1780456755,128.429798
1780456755,182.283735
1780456755,128.528542
1780456755,123.522575
1780456755,122.748593
1780456755,130.490937
1780456755,123.562275
1780456755,131.833179
1780456755,116.789192
1780456755,132.114140
1780456755,132.024417
1780456755,132.616043
1780456755,122.904272
1780456755,132.265983
1780456755,122.459172
1780456755,122.594597
1780456755,122.700908
1780456755,122.694469
1780456755,122.779910
1780456755,117.284843
1780456755,122.955211
1780456755,122.946230
1780456755,123.095736
1780456755,123.167451
1780456755,119.912232
1780456755,123.318306
1780456755,132.975452
1780456755,243.391984
1780456755,174.433632
1780456755,174.283002
1780456755,174.674485
1780456755,174.870830
1780456755,174.849691
1780456755,174.859519
1780456755,138.867868
1780456755,138.233316
1780456755,147.519280
1780456755,139.235361
1780456755,139.190108
1780456755,138.787982
1780456755,148.901048
1780456755,157.325270
1780456755,139.586452
1780456755,153.617814
1780456755,149.209034
1780456755,139.705785
1780456755,203.446419
1780456755,140.271375
1780456755,139.929503
1780456755,149.403305
1780456755,157.725953
1780456755,140.522875
1780456755,140.633105
1780456755,203.905354
1780456755,204.958739
1780456755,160.695631
1780456755,148.282622
1780456755,204.078126
1780456755,163.075335
1780456755,207.054046
1780456755,154.256249
1780456755,163.969992
1780456755,165.591161
1780456755,167.338900
1780456755,165.652643
1780456755,245.168618
1780456755,242.136609
1780456755,176.270868
1780456755,245.405765
1780456755,245.574446
1780456755,176.446868
1780456755,176.385330
1780456755,176.458065
1780456755,125.474163
1780456755,150.243859
1780456755,125.676338
1780456755,125.779114
1780456755,130.884925
1780456755,130.541698
1780456755,130.768531
1780456755,131.048724
1780456755,130.649250
1780456755,130.776018
1780456755,130.687711
1780456755,130.697998
1780456755,130.983671
1780456755,131.178980
1780456755,131.255550
1780456755,139.788401
1780456755,131.473758
1780456755,139.997559
1780456755,203.078398
1780456755,153.867193
1780456755,155.237390
1780456755,203.716211
1780456755,155.494462
1780456755,149.858833
1780456755,141.897743
1780456755,155.337559
1780456755,157.001187
1780456755,142.203806
1780456755,155.507316
1780456755,155.591547
1780456755,141.992151
1780456755,141.778246
1780456755,142.206075
1780456755,159.721572
1780456755,155.813426
1780456755,155.858181
1780456755,142.390081
1780456755,155.958374
1780456755,155.703987
1780456755,156.081286
1780456755,142.730707
1780456755,142.580178
1780456755,140.672952
1780456755,142.657702
1780456755,136.566924
1780456755,141.098822
1780456755,162.191993
1780456755,141.395595
1780456755,150.628022
1780456755,137.966699
1780456755,138.037767
1780456755,146.661353
1780456755,132.756289
1780456755,146.686933
1780456755,146.663167
1780456755,147.023293
1780456755,146.976482
1780456755,204.688122
1780456755,204.760311
1780456755,204.929661
1780456755,204.988250
1780456755,146.783279
1780456755,204.919885
1780456755,156.491209
1780456755,160.758454
1780456755,158.248965
1780456755,156.831555
1780456755,147.019927
1780456755,162.606317
1780456755,147.139949
1780456755,166.115080
1780456755,166.164964
1780456755,166.148797
1780456755,147.265005
1780456755,172.469568
1780456755,147.591960
1780456755,147.997219
1780456755,172.614818
1780456755,175.196071
1780456755,157.445367
1780456755,148.863371
1780456755,149.208120
1780456755,148.921804
1780456755,148.920881
1780456755,149.245790
1780456755,137.799223
1780456755,137.391840
1780456755,137.938902
1780456755,137.753826
1780456755,137.338923
1780456755,149.181241
1780456755,149.693060
1780456755,148.156437
1780456755,149.665436
1780456755,149.621017
1780456755,138.315680
1780456755,137.815064
1780456755,137.189549
1780456755,131.743273
1780456755,131.954386
1780456755,131.925627
1780456755,135.671758
1780456755,135.297924
1780456755,137.624904
1780456755,137.787675
1780456755,137.785264
1780456755,137.916275
1780456755,138.732623
1780456755,137.757726
1780456755,138.243046
1780456755,138.897944
1780456755,139.016855
1780456755,139.012817
1780456755,146.911263
1780456755,147.453762
1780456755,146.906015
1780456755,147.542214
1780456755,148.293039
1780456755,142.583486
1780456755,136.308317
1780456755,136.405268
1780456755,144.407881
1780456755,137.748406
1780456755,139.453017
1780456755,137.862613
1780456755,138.055188
1780456755,139.571701
1780456755,139.632616
1780456755,139.674948
1780456755,136.698446
1780456755,141.735549
1780456755,141.911314
1780456755,141.230257
1780456755,141.318301
1780456755,146.478266
1780456755,141.452970
1780456755,142.198504
1780456755,138.625186
1780456755,142.673680
1780456755,142.140452
1780456755,142.463746
1780456755,141.266779
1780456755,144.213662
1780456755,138.669367
1780456755,216.068466
1780456755,216.239551
1780456755,136.552917
1780456755,138.096621
1780456755,216.071717
1780456755,216.167832
1780456755,216.253797
1780456755,215.615974
1780456755,147.037095
1780456755,147.593461
1780456755,147.031959
1780456755,141.099174
1780456755,141.324614
1780456755,141.382179
1780456755,141.276863
1780456755,141.531193
1780456755,147.126781
1780456755,147.057557
1780456755,147.317335
1780456755,215.708994
1780456755,141.562251
1780456755,141.855236
1780456755,141.470987
1780456755,141.828927
1780456755,141.569057
1780456755,141.714250
1780456755,141.591124
1780456755,141.807965
1780456755,147.555139
1780456755,145.058671
1780456755,143.946250
1780456755,143.078651
1780456755,215.290883
1780456755,214.000608
1780456755,214.938586
1780456755,169.207170
1780456755,160.015799
1780456755,160.079839
1780456755,159.758836
1780456755,158.516834
1780456755,169.540646
1780456755,168.264821
1780456755,220.434836
1780456755,220.443908
1780456755,222.388029
1780456755,221.910879
1780456755,145.238304
1780456755,150.139978
1780456755,145.107784
1780456755,150.248123
1780456755,150.512393
1780456755,145.500730
1780456755,150.299928
1780456755,150.427320
1780456755,150.028627
1780456755,151.021142
1780456755,150.302057
1780456755,150.667905
1780456755,147.214063
1780456755,150.760005
1780456755,150.865392
1780456755,159.430225
1780456755,159.443939
1780456755,159.576285
1780456755,159.681424
1780456755,161.605036
1780456755,145.808499
1780456755,161.630717
1780456755,161.677606
1780456755,147.598418
1780456755,161.857477
1780456755,219.176261
1780456755,218.874867
1780456755,218.855971
1780456755,219.211297
1780456755,165.707738
1780456755,221.351668
1780456755,147.924876
1780456755,219.416467
1780456755,221.631809
1780456755,165.921262
1780456755,221.601806
1780456755,221.679243
1780456755,221.871128
1780456755,221.790943
1780456755,136.327512
1780456755,164.477705
1780456755,161.841403
1780456755,166.038249
1780456755,146.488795
1780456755,165.945313
1780456755,161.898272
1780456755,164.906980
1780456755,140.173464
1780456755,162.768025
1780456755,140.142158
1780456755,165.340055
1780456755,138.811337
1780456755,162.963665
1780456755,138.717808
1780456755,160.095232
1780456755,226.597934
1780456755,225.830282
1780456755,225.827019
1780456755,226.526203
1780456755,142.790103
1780456755,147.491557
1780456755,147.686080
1780456755,224.685617
1780456755,224.838870
1780456755,225.032130
1780456755,225.237171
1780456755,226.463336
1780456755,226.506300
1780456755,146.834882
1780456755,149.780334
1780456755,151.473255
1780456755,128.807096
1780456755,147.085455
1780456755,141.519242
1780456755,142.966689
1780456755,138.646726
1780456755,144.256645
1780456755,144.601402
1780456755,140.015470
1780456755,146.270755
1780456755,152.345829
1780456755,147.780701
1780456755,148.170365
1780456755,150.825101
1780456755,212.951939
1780456755,225.615997
1780456755,227.674813
1780456755,228.670291
1780456755,172.851755
1780456755,226.965578
1780456755,212.468671
1780456755,215.599431
1780456755,215.631502
1780456755,218.721367
1780456755,220.385381
1780456755,220.108158
1780456755,220.591914
1780456755,225.289454
1780456755,226.609921
1780456755,175.358136
1780456755,213.185792
1780456755,172.132270
1780456755,171.037030
1780456755,173.432280
1780456755,157.989792
1780456755,158.185032
1780456755,174.219257
1780456755,156.910154
1780456755,154.686396
1780456755,158.390346
1780456755,158.966471
1780456755,157.815475
1780456755,158.003215
1780456755,158.229339
1780456755,156.821672
1780456755,155.540155
1780456755,154.345048
1780456755,218.025463
1780456755,221.015230
1780456755,217.096612
1780456755,134.997737
1780456755,177.462183
1780456755,218.854958
1780456755,218.431968
1780456755,178.322864
1780456755,178.582789
1780456755,218.879645
1780456755,219.976283
1780456755,178.422696
1780456755,178.651670
1780456755,220.692489
1780456755,155.025512
1780456755,221.103352
1780456755,179.676129
1780456755,135.360399
1780456755,130.331183
1780456755,209.108203
1780456755,209.155069
1780456755,130.658442
1780456755,209.285736
1780456755,168.213723
1780456755,130.857274
1780456755,177.581403
1780456755,131.254845
1780456755,168.769208
1780456755,210.309739
1780456755,131.559452
1780456755,151.128296
1780456755,210.740229
1780456755,169.388985
1780456755,211.039027
1780456755,211.122493
1780456755,176.543741
1780456755,211.349719
1780456755,132.449292
1780456755,133.200287
1780456755,176.059610
1780456755,133.374931
1780456755,134.048247
1780456755,176.963104
1780456755,134.247636
1780456755,181.574980
1780456755,182.724509
1780456755,182.352990
1780456755,182.965801
1780456755,181.655490
1780456755,181.700024
1780456755,176.112075
1780456755,181.929020
1780456755,182.583997
1780456755,144.008394
1780456755,182.535490
1780456755,144.052589
1780456755,181.829304
1780456755,144.257025
1780456755,182.583596
1780456755,144.308190
1780456755,182.683049
1780456755,144.435126
1780456755,222.218395
1780456755,182.151570
1780456755,183.507483
1780456755,222.342573
1780456755,151.850042
1780456755,153.030739
1780456755,175.858056
1780456755,153.198786
1780456755,144.807989
1780456755,176.329126
1780456755,145.041340
1780456755,175.433652
1780456755,177.076184
1780456755,175.693895
1780456755,141.185059
1780456755,176.253654
1780456755,176.455971
1780456755,176.892037
1780456755,177.148320
1780456755,184.897793
1780456755,180.105378
1780456755,188.350263
1780456755,149.495567
1780456755,187.638947
1780456755,139.120091
1780456755,139.225038
1780456755,177.925004
1780456755,149.677221
1780456755,180.530853
1780456755,149.782309
1780456755,187.920375
1780456755,149.928840
1780456755,186.249120
1780456755,216.763660
1780456755,185.919525
1780456755,186.510102
1780456755,216.833663
1780456755,232.228667
1780456755,232.250806
1780456755,232.339479
1780456755,232.414361
1780456755,232.430524
1780456755,232.514972
1780456755,232.573527
1780456755,232.687119
1780456755,233.348563
1780456755,233.397799
1780456755,233.477523
1780456755,233.568156
1780456755,177.662252
1780456755,177.695244
1780456755,215.353263
1780456755,162.263242
1780456755,185.665780
1780456755,216.182410
1780456755,187.279103
1780456755,141.550415
1780456755,220.841654
1780456755,179.162963
1780456755,220.718540
1780456755,228.998489
1780456755,184.949170
1780456755,161.782738
1780456755,158.775265
1780456755,185.202930
1780456755,229.670241
1780456755,152.166176
1780456755,180.482787
1780456755,146.183272
1780456755,146.907506
1780456755,141.699919
1780456755,120.875987
1780456755,185.904819
1780456755,120.760405
1780456755,141.816290
1780456755,120.777002
1780456755,120.885898
1780456755,121.068438
1780456755,121.108524
1780456755,147.886775
1780456755,146.240811
1780456755,122.212235
1780456755,122.107165
1780456755,143.934717
1780456755,122.630472
1780456755,235.451602
1780456755,136.744024
1780456755,137.918499
1780456755,149.771840
1780456755,235.596694
1780456755,149.786291
1780456755,228.431865
1780456755,126.147470
1780456755,187.694295
1780456755,191.860045
1780456755,229.957808
1780456755,187.949877
1780456755,230.128198
1780456755,192.127696
1780456755,229.305462
1780456755,192.037805
1780456755,188.601785
1780456755,227.856186
1780456755,192.321373
1780456755,188.981074
1780456755,227.846849
1780456755,187.954570
1780456755,227.819736
1780456755,186.454003
1780456755,227.533532
1780456755,188.636351
1780456755,225.098017
1780456755,193.188714
1780456755,193.463991
1780456755,226.260184
1780456755,227.559046
1780456755,189.290952
1780456755,189.408937
1780456755,226.437276
1780456755,192.277055
1780456755,222.526083
1780456755,192.348741
1780456755,210.804266
1780456755,186.460190
1780456755,210.764336
1780456755,130.017794
1780456755,211.121658
1780456755,130.293223
1780456755,211.269911
1780456755,127.797271
1780456755,125.747572
1780456755,211.472049
1780456755,125.902920
1780456755,215.741781
1780456755,126.080777
1780456755,212.228291
1780456755,128.583926
1780456755,126.404624
1780456755,212.234104
1780456755,216.117418
1780456755,126.594251
1780456755,126.788424
1780456755,211.093554
1780456755,126.884213
1780456755,216.940125
1780456755,127.015761
1780456755,211.534107
1780456755,124.381109
1780456755,217.239274
1780456755,206.886513
1780456755,206.478517
1780456755,204.155909
1780456755,207.141320
1780456755,143.390694
1780456755,215.287327
1780456755,215.497110
1780456755,143.750234
1780456755,141.634291
1780456755,141.689706
1780456755,210.577957
1780456755,143.030019
1780456755,143.232645
1780456755,211.913625
1780456755,207.690860
1780456755,143.535520
1780456755,143.649512
1780456755,144.012676
1780456755,215.118742
1780456755,144.048786
1780456755,144.172047
1780456755,144.156653
1780456755,205.701488
1780456755,114.028436
1780456755,208.110670
1780456755,205.248889
1780456755,207.908917
1780456755,114.603855
1780456755,114.514457
1780456755,208.179247
1780456755,206.543799
1780456755,208.449112
1780456755,114.867488
1780456755,206.203415
1780456755,115.257756
1780456755,208.843942
1780456755,207.016188
1780456755,116.094188
1780456755,203.731664
1780456755,140.948260
1780456755,120.057510
1780456755,120.207822
1780456755,120.266948
1780456755,125.166747
1780456755,135.676728
1780456755,202.500638
1780456755,120.285911
1780456755,202.540038
1780456755,202.763510
1780456755,203.046277
1780456755,199.256290
1780456755,193.181323
1780456755,202.034949
1780456755,196.394650
1780456755,203.275045
1780456755,196.786625
1780456755,214.555904
1780456755,195.205775
1780456755,209.086108
1780456755,200.232326
1780456755,198.694943
1780456755,203.873256
1780456755,198.717644
1780456755,194.372684
1780456755,194.547985
1780456755,198.133092
1780456755,198.346054
1780456755,204.015940
1780456755,198.353495
1780456755,192.706430
1780456755,192.462268
1780456755,196.799751
1780456755,194.274771
1780456755,195.872942
1780456755,203.468305
1780456755,190.491980
1780456755,200.908536
1780456755,206.552100
1780456755,200.864683
1780456755,201.456403
1780456755,200.203259
1780456755,195.268137
1780456755,195.481619
1780456755,204.679238
1780456755,194.256716
1780456755,198.776851
1780456755,200.009216
1780456755,193.180386
1780456755,198.967567
1780456755,188.601974
1780456755,204.040053
1780456755,199.562541
1780456755,199.881908
1780456755,203.580878
1780456755,203.699150
1780456755,202.951669
1780456755,202.952160
1780456755,203.274305
1780456755,203.338828
1780456755,198.162668
1780456755,202.058317
1780456755,198.137605
1780456755,195.400093
1780456755,202.404176
1780456755,195.646956
1780456755,192.373369
1780456755,206.376174
1780456755,198.763800
1780456755,206.534056
1780456755,192.711183
1780456755,201.867758
1780456755,190.592853
1780456755,190.729477
1780456755,202.067838
1780456755,194.516724
1780456755,202.309245
1780456755,203.925300
1780456755,204.032055
1780456755,205.730161
1780456755,204.461716
1780456755,208.005437
1780456755,204.396762
1780456755,201.958163
1780456755,203.335608
1780456755,207.988836
1780456755,196.897155
1780456755,202.474244
1780456755,198.301644
1780456755,223.527817
1780456755,213.199186
1780456755,131.791116
1780456755,202.571703
1780456755,214.332700
1780456755,213.288886
1780456755,220.968923
1780456755,221.618496
1780456755,222.706618
1780456755,221.298558
1780456755,201.695620
1780456755,195.200025
1780456755,209.245111
1780456755,192.934242
1780456755,210.762173
1780456755,196.719064
1780456755,206.243716
1780456755,193.537017
1780456755,206.459950
1780456755,191.654798
1780456755,210.168168
1780456755,210.078716
1780456755,186.203882
1780456755,204.265302
1780456755,189.749102
1780456755,204.291067
1780456755,208.958103
1780456755,129.994475
1780456755,187.863088
1780456755,208.947795
1780456755,202.052657
1780456755,129.816787
1780456755,197.326041
1780456755,201.069972
1780456755,186.005879
1780456755,130.213885
1780456755,201.238416
1780456755,186.230853
1780456755,134.348996
1780456755,206.923048
1780456755,177.492485
1780456755,193.812611
1780456755,200.619440
1780456755,200.764200
1780456755,199.905514
1780456755,202.513497
1780456755,194.393726
1780456755,179.681612
1780456755,178.204702
1780456755,187.563147
1780456755,200.402473
1780456755,200.579957
1780456755,187.940503
1780456755,197.087620
1780456755,197.276611
1780456755,199.992237
1780456755,195.488047
1780456755,195.634764
1780456755,195.596845
1780456755,188.434099
1780456755,197.920879
1780456755,189.061826
1780456755,200.503674
1780456755,198.238108
1780456755,187.414690
1780456755,200.861641
1780456755,182.678747
1780456755,187.738418
1780456755,198.671965
1780456755,181.049710
1780456755,201.378049
1780456755,201.486020
1780456755,179.468241
1780456755,179.678403
1780456755,199.512331
1780456755,179.990374
1780456755,199.737937
1780456755,179.686182
1780456755,201.266146
1780456755,201.422412
1780456755,200.282402
1780456755,173.749337
1780456755,174.425386
1780456755,182.486179
1780456755,198.748226
1780456755,198.890239
1780456755,201.229475
1780456755,157.635342
1780456755,190.252115
1780456755,201.330530
1780456755,199.307862
1780456755,198.192225
1780456755,193.819589
1780456755,199.854786
1780456755,194.572990
1780456755,186.725150
1780456755,200.769533
1780456755,187.303382
1780456755,202.739882
1780456755,194.615171
1780456755,197.706411
1780456755,196.171924
1780456755,197.785018
1780456755,196.586596
1780456755,199.093419
1780456755,199.144442
1780456755,221.891045
1780456755,221.646814
1780456755,222.315685
1780456755,223.516237
1780456755,222.251653
1780456755,223.481331
1780456755,165.744514
1780456755,219.350798
1780456755,220.697542
1780456755,220.905889
1780456755,220.787732
1780456755,223.955938
1780456755,221.574157
1780456755,145.748824
1780456755,148.423027
1780456755,148.518535
1780456755,170.451963
1780456755,149.250194
1780456755,170.812664
1780456755,170.799303
1780456755,171.186061
1780456755,168.755239
1780456755,171.521453
1780456755,169.627115
1780456755,207.326345
1780456755,207.414375
1780456755,207.882438
1780456755,207.627897
1780456755,186.927615
1780456755,187.131587
1780456755,165.392945
1780456755,168.609712
1780456755,199.174746
1780456755,168.732674
1780456755,184.745107
1780456755,146.289487
1780456755,184.987914
1780456755,184.977731
1780456755,146.659286
1780456755,204.257506
1780456755,205.638109
1780456755,206.882293
1780456755,165.899062
1780456755,168.897487
1780456755,168.971457
1780456755,169.087245
1780456755,146.329637
1780456755,169.113335
1780456755,146.616833
1780456755,199.988654
1780456755,146.727790
1780456755,202.326949
1780456755,166.696254
1780456755,199.065884
1780456755,166.810308
1780456755,202.934582
1780456755,202.994542
1780456755,199.636389
1780456755,167.706666
1780456755,199.846504
1780456755,180.186575
1780456755,191.670200
1780456755,190.052744
1780456755,191.697759
1780456755,200.761521
1780456755,192.819811
1780456755,199.209222
1780456755,200.433638
1780456755,168.513299
1780456755,200.571999
1780456755,200.284819
1780456755,199.153773
1780456755,199.208906
1780456755,198.098998
1780456755,199.321464
1780456755,198.174082
1780456755,195.533136
1780456755,194.582969
1780456755,193.849892
1780456755,224.442398
1780456755,221.241083
1780456755,223.551107
1780456755,203.807649
1780456755,195.714629
1780456755,181.720138
1780456755,182.166758
1780456755,182.752702
1780456755,182.469515
1780456755,208.235860
1780456755,208.303915
1780456755,208.478936
1780456755,208.018865
1780456755,208.452191
1780456755,208.051760
1780456755,174.740155
1780456755,208.557201
1780456755,177.738109
1780456755,183.232181
1780456755,194.097496
1780456755,208.745172
1780456755,183.403051
1780456755,143.544485
1780456755,239.988497
1780456755,169.425223
1780456755,129.390681
1780456755,129.575578
1780456755,155.972695
1780456755,156.060521
1780456755,156.197373
1780456755,156.205749
1780456755,169.784650
1780456755,168.645376
1780456755,169.314765
1780456755,168.851547
1780456755,168.966737
1780456755,169.250922
1780456755,169.119669
1780456755,237.903359
1780456755,156.517322
1780456755,169.424776
1780456755,239.212773
1780456755,238.081190
1780456755,136.073041
1780456755,136.261718
1780456755,216.261843
1780456755,217.676407
1780456755,217.644798
1780456755,217.691917
1780456755,217.765057
1780456755,185.924785
1780456755,185.808225
1780456755,186.023274
1780456755,190.729400
1780456755,193.638543
1780456755,195.931608
1780456755,213.090721
1780456755,196.548291
1780456755,196.671771
1780456755,196.897043
1780456755,197.006920
1780456755,196.996765
1780456755,218.159892
1780456755,227.026951
1780456755,218.286117
1780456755,227.131141
1780456755,228.264506
1780456755,228.299740
1780456755,229.377022
1780456755,157.199070
1780456755,157.192908
1780456755,157.457262
1780456755,157.568540
1780456755,181.197308
1780456755,134.638346
1780456755,134.722196
1780456755,134.343883
1780456755,134.004580
1780456755,134.087954
1780456755,134.160302
1780456755,134.313496
1780456755,157.116009
1780456755,199.498744
1780456755,191.048736
1780456755,197.273154
1780456755,157.257156
1780456755,234.440363
1780456755,215.056853
1780456755,215.067952
1780456755,227.455249
1780456755,215.221752
1780456755,227.088680
1780456755,227.129410
1780456755,227.652164
1780456755,227.713480
1780456755,228.956411
1780456755,191.598110
1780456755,229.006728
1780456755,229.036531
1780456755,191.631809
1780456755,157.955820
1780456755,156.402503
1780456755,136.593486
1780456755,196.990913
1780456755,157.897899
1780456755,156.752577
1780456755,172.229364
1780456755,175.340561
1780456755,176.023029
1780456755,176.252820
1780456755,226.420314
1780456755,192.028308
1780456755,145.666732
1780456755,137.173211
1780456755,137.135673
1780456755,137.307315
1780456755,156.803983
1780456755,156.761259
1780456755,156.957151
1780456755,157.030596
1780456755,192.382696
1780456755,158.605205
1780456755,145.766748
1780456755,191.341325
1780456755,191.205959
1780456755,146.314966
1780456755,146.454685
1780456755,124.526165
1780456755,196.366684
1780456755,122.368797
1780456755,126.088239
1780456755,126.189077
1780456755,232.741601
1780456755,126.329416
1780456755,196.948494
1780456755,122.828424
1780456755,197.641957
1780456755,130.357302
1780456755,128.193480
1780456755,128.477213
1780456755,195.302478
1780456755,235.136947
1780456755,131.923176
1780456755,132.234579
1780456755,215.827971
1780456755,201.545796
1780456755,201.532048
1780456755,217.150616
1780456755,132.256437
1780456755,201.746128
1780456755,239.971250
1780456755,134.682158
1780456755,132.214158
1780456755,218.856240
1780456755,197.677230
1780456755,136.192313
1780456755,242.189576
1780456755,199.247495
1780456755,136.309280
1780456755,137.542140
1780456755,243.287772
1780456755,199.851914
1780456755,138.086656
1780456755,245.877141
1780456755,233.168792
1780456755,201.302045
1780456755,137.762312
1780456755,136.918505
1780456755,142.156082
1780456755,236.407920
1780456755,236.697352
1780456755,138.373789
1780456755,236.883456
1780456755,213.891973
1780456755,225.928423
1780456755,141.121384
1780456755,141.582784
1780456755,141.298440
1780456755,253.015537
1780456755,141.607974
1780456755,142.023339
1780456755,227.254274
1780456755,158.032461
1780456755,143.512805
1780456755,143.957868
1780456755,144.331763
1780456755,144.568279
1780456755,145.140426
1780456755,145.360400
1780456755,145.763609
1780456755,146.049268
1780456755,146.832295
1780456755,146.820927
1780456755,147.646878
1780456755,218.571079
1780456755,140.990196
1780456755,212.935841
1780456755,222.268441
1780456755,213.097102
1780456755,222.089330
1780456755,213.335651
1780456755,177.493661
1780456755,177.710890
1780456755,253.292490
1780456755,253.195349
1780456755,253.424330
1780456755,253.534009
1780456755,167.791285
1780456755,162.459477
1780456755,222.837175
1780456755,162.699916
1780456755,168.599367
1780456755,223.297519
1780456755,223.800560
1780456755,169.619322
1780456755,215.682018
1780456755,218.391680
1780456755,227.678223
1780456755,231.210824
1780456755,163.088203
1780456755,160.592623
1780456755,166.514140
1780456755,161.020644
1780456755,232.394114
1780456755,161.486434
1780456755,232.951217
1780456755,167.564452
1780456755,162.747685
1780456755,271.647913
1780456755,168.916481
1780456755,231.733479
1780456755,169.453806
1780456755,169.576087
1780456755,273.841130
1780456755,242.088994
1780456755,187.996419
1780456755,253.962451
1780456755,185.897527
1780456755,256.400849
1780456755,187.594383
1780456755,188.276810
1780456755,289.367849
1780456755,258.320366
1780456755,189.467899
1780456755,189.766683
1780456755,258.931405
1780456755,255.947097
1780456755,256.207145
1780456755,272.228468
1780456755,268.388693
1780456755,275.316356
1780456755,269.646165
1780456755,284.776708
1780456755,204.269266
1780456755,276.128496
1780456755,276.672068
1780456755,285.643639
1780456755,276.598643
1780456755,285.852011
1780456755,285.613209
1780456755,276.967814
1780456755,277.147281
1780456755,241.884765
1780456755,261.287653
1780456755,277.572386
1780456755,277.656256
1780456755,241.069551
1780456755,277.983888
1780456755,262.013405
1780456755,242.025852
1780456755,317.830568
1780456755,262.538021
1780456755,318.321880
1780456755,318.218511
1780456755,263.033743
1780456755,287.699698
1780456755,263.297911
1780456755,242.992294
1780456755,319.159034
1780456755,276.717150
1780456755,319.107593
1780456755,288.728360
1780456755,279.617949
1780456755,273.437309
1780456755,283.391381
1780456755,283.273827
1780456755,289.101570
1780456755,320.072746
1780456755,289.327481
1780456755,284.021065
1780456755,320.374417
1780456755,274.418960
1780456755,283.670905
1780456755,289.972726
1780456755,284.104752
1780456755,321.037099
1780456755,290.316954
1780456755,284.485796
1780456755,285.012956
1780456755,290.738397
1780456755,285.002414
1780456755,321.853432
1780456755,210.662744
1780456755,285.697821
1780456755,210.888330
1780456755,291.568369
1780456755,286.251016
1780456755,322.673373
1780456755,286.776839
1780456755,212.740495
1780456755,213.182201
1780456755,284.206168
1780456755,210.909011
1780456755,232.993363
1780456755,254.869997
1780456755,187.279486
1780456755,233.766047
1780456755,187.881131
1780456755,234.311904
1780456755,278.437814
1780456755,188.493559
1780456755,234.895260
1780456755,189.260651
1780456755,235.424513
1780456755,189.735548
1780456755,259.655321
1780456755,190.316915
1780456755,292.723087
1780456755,190.397960
1780456755,291.448470
1780456755,190.796578
1780456755,258.024908
1780456755,237.833865
1780456755,327.578513
1780456755,238.341080
1780456755,301.209590
1780456755,261.231023
1780456755,306.823396
1780456755,238.779411
1780456755,292.797022
1780456755,197.898413
1780456755,282.041624
1780456755,243.501862
1780456755,262.370651
1780456755,203.559976
1780456755,295.115565
1780456755,293.658727
1780456755,262.845532
1780456755,307.051345
1780456755,268.811204
1780456755,283.090949
1780456755,199.948982
1780456755,294.794044
1780456755,296.063678
1780456755,241.118591
1780456755,261.252449
1780456755,193.518017
1780456755,206.231399
1780456755,270.018318
1780456755,300.520261
1780456755,264.537458
1780456755,310.986973
1780456755,262.190813
1780456755,292.096981
1780456755,194.507165
1780456755,207.347052
1780456755,242.501247
1780456755,270.811264
1780456755,195.135193
1780456755,208.249453
1780456755,286.687067
1780456755,285.955906
1780456755,213.995436
1780456755,298.978368
1780456755,333.337346
1780456755,313.183388
1780456755,279.418956
1780456755,215.486437
1780456755,197.188827
1780456755,215.663118
1780456755,284.473485
1780456755,287.708825
1780456755,216.463124
1780456755,216.805908
1780456755,314.648467
1780456755,314.927538
1780456755,285.452940
1780456755,288.649640
1780456755,217.853800
1780456755,206.719496
1780456755,320.522795
1780456755,218.705538
1780456755,218.735230
1780456755,321.016360
1780456755,286.469415
1780456755,219.288204
1780456755,198.193639
1780456755,199.105682
1780456755,199.037481
1780456755,198.017750
1780456755,198.185334
1780456755,199.739787
1780456755,198.643500
1780456755,199.601510
1780456755,207.166909
1780456755,200.563370
1780456755,208.650814
1780456755,209.863458
1780456755,212.517236
1780456755,212.653935
1780456755,215.655222
1780456755,215.863280
1780456755,220.219963
1780456755,220.467704
1780456755,228.153922
1780456755,232.247975
1780456755,232.574692
1780456755,235.546702
1780456755,233.363302
1780456755,207.641472
1780456755,235.968113
1780456755,236.172522
1780456755,236.399936
1780456755,234.059840
1780456755,234.284497
1780456755,237.583365
1780456755,234.599436
1780456755,237.977517
1780456755,237.683661
1780456755,237.952458
1780456755,263.822878
1780456755,264.139160
1780456755,264.321214
1780456755,264.399075
1780456755,264.575767
1780456755,264.720121
1780456755,265.248805
1780456755,265.490690
1780456755,265.687617
1780456755,265.859190
1780456755,202.965376
1780456755,203.685492
1780456755,255.744543
1780456755,255.903214
1780456755,256.058233
1780456755,204.254116
1780456755,203.248125
1780456755,256.434146
1780456755,239.934357
1780456755,203.661306
1780456755,281.031631
1780456755,203.920351
1780456755,272.865823
1780456755,257.193531
1780456755,204.605477
1780456755,281.594762
1780456755,257.527929
1780456755,205.799840
1780456755,282.077324
1780456755,307.857010
1780456755,206.038632
1780456755,274.348722
1780456755,274.083256
1780456755,267.927178
1780456755,206.438342
1780456755,282.924379
1780456755,207.216512
1780456755,259.159636
1780456755,310.252392
1780456755,317.972726
1780456755,275.791751
1780456755,344.170470
1780456755,318.773534
1780456755,344.548233
1780456755,234.191785
1780456755,208.767430
1780456755,284.869721
1780456755,311.681771
1780456755,291.763950
1780456755,208.990072
1780456755,276.632774
1780456755,311.930448
1780456755,210.618092
1780456755,269.777811
1780456755,270.734507
1780456755,312.243495
1780456755,277.145932
1780456755,300.207452
1780456755,300.468074
1780456755,344.296357
1780456755,318.530269
1780456755,247.524003
1780456755,253.891226
1780456755,256.324157
1780456755,257.727559
1780456755,254.814965
1780456755,254.717528
1780456755,258.657498
1780456755,257.886918
1780456755,256.080978
1780456755,257.686303
1780456755,256.563996
1780456755,184.202402
1780456755,259.578265
1780456755,258.735717
1780456755,163.950669
1780456755,222.189814
1780456755,173.168085
1780456755,258.982402
1780456755,257.310725
1780456755,259.079530
1780456755,257.175894
1780456755,262.854285
1780456755,260.092843
1780456755,261.965133
1780456755,263.647286
1780456755,257.890329
1780456755,263.918481
1780456755,263.819724
1780456755,270.169073
1780456755,264.400723
1780456755,248.307013
1780456755,265.385730
1780456755,270.772837
1780456755,273.021230
1780456755,265.781401
1780456755,270.283793
1780456755,266.067026
1780456755,199.144842
1780456755,177.387161
1780456755,199.457433
1780456755,181.951044
1780456755,182.521110
1780456755,196.125881
1780456755,183.009058
1780456755,199.785777
1780456755,183.334065
1780456755,200.149683
1780456755,196.994125
1780456755,231.339850
1780456755,233.764605
1780456755,240.128453
1780456755,184.206636
1780456755,240.168635
1780456755,241.636463
1780456755,184.558818
1780456755,184.820959
1780456755,240.936410
1780456755,185.115123
1780456755,249.526197
1780456755,252.124471
1780456755,185.507782
1780456755,185.856557
1780456755,254.228364
1780456755,254.946027
1780456755,199.967930
1780456755,200.185857
1780456755,256.033360
1780456755,262.040475
1780456755,200.896185
1780456755,262.994664
1780456755,201.460728
1780456755,263.774155
1780456755,264.667351
1780456755,234.603965
1780456755,188.252334
1780456755,234.627028
1780456755,235.120404
1780456755,235.416192
1780456755,244.107332
1780456755,245.174111
1780456755,244.983540
1780456755,244.745362
1780456755,245.480164
1780456755,257.817625
1780456755,246.528163
1780456755,253.527934
1780456755,255.460641
1780456755,266.379971
1780456755,259.268919
1780456755,247.107777
1780456755,267.017234
1780456755,267.276277
1780456755,267.166042
1780456755,266.749826
1780456755,201.589507
1780456755,201.683217
1780456755,202.157293
1780456755,199.935487
1780456755,202.274722
1780456755,202.456644
1780456755,202.774718
1780456755,203.296430
1780456755,200.664700
1780456755,200.865275
1780456755,201.048303
1780456755,206.388447
1780456755,202.430975
1780456755,201.520512
1780456755,201.567280
1780456755,202.318474
1780456755,319.813452
1780456755,338.649870
1780456755,311.604790
1780456755,310.653050
1780456755,331.677197
1780456755,325.647221
1780456755,311.424321
1780456755,205.392637
1780456755,350.616894
1780456755,205.777578
1780456755,205.833794
1780456755,348.311910
1780456755,208.697279
1780456755,318.359766
1780456755,209.074324
1780456755,326.972340
1780456755,203.445338
1780456755,318.977210
1780456755,327.503822
1780456755,210.071872
1780456755,207.468268
1780456755,352.810189
1780456755,204.434455
1780456755,210.699468
1780456755,208.612469
1780456755,328.421658
1780456755,354.285349
1780456755,211.581741
1780456755,211.242159
1780456755,354.136818
1780456755,211.612251
1780456755,212.721929
1780456755,212.111585
1780456755,212.279981
1780456755,321.166339
1780456755,212.698551
1780456755,212.710419
1780456755,213.151451
1780456755,213.245908
1780456755,214.116355
1780456755,244.004960
1780456755,244.154209
1780456755,244.205296
1780456755,244.390787
1780456755,244.631938
1780456755,207.856073
1780456755,208.823835
1780456755,208.379278
1780456755,208.936606
1780456755,209.300928
1780456755,209.425392
1780456755,245.551021
1780456755,245.834078
1780456755,245.933552
1780456755,245.744418
1780456755,209.933970
1780456755,246.203360
1780456755,208.171599
1780456755,210.541039
1780456755,194.848339
1780456755,215.596549
1780456755,199.430428
1780456755,215.909900
1780456755,195.772928
1780456755,214.619102
1780456755,216.510091
1780456755,266.920282
1780456755,196.411511
1780456755,279.794892
1780456755,216.473364
1780456755,205.280830
1780456755,194.372874
1780456755,215.674716
1780456755,217.821134
1780456755,280.959735
1780456755,197.374217
1780456755,205.862392
1780456755,197.909865
1780456755,284.266101
1780456755,196.588489
1780456755,212.253497
1780456755,284.822068
1780456755,219.102464
1780456755,294.908163
1780456755,213.181153
1780456755,249.734214
1780456755,285.781433
1780456755,190.055997
1780456755,286.146402
1780456755,213.958605
1780456755,214.544478
1780456755,250.629506
1780456755,287.806178
1780456755,214.809310
1780456755,288.015579
1780456755,219.300883
1780456755,214.915379
1780456755,199.687994
1780456755,288.249020
1780456755,288.199475
1780456755,204.473265
1780456755,214.754038
1780456755,198.247123
1780456755,214.946257
1780456755,218.567029
1780456755,288.014157
1780456755,218.558429
1780456755,191.448874
1780456755,216.096373
1780456755,213.774552
1780456755,288.484181
1780456755,199.559765
1780456755,215.602570
1780456755,208.505576
1780456755,215.504963
1780456755,214.101125
1780456755,288.478477
1780456755,199.767450
1780456755,292.624122
1780456755,200.491749
1780456755,216.108346
1780456755,217.750097
1780456755,213.828455
1780456755,216.741019
1780456755,292.774051
1780456755,214.144937
1780456755,216.079081
1780456755,219.443757
1780456755,280.997881
1780456755,219.594337
1780456755,289.492865
1780456755,215.955892
1780456755,219.284156
1780456755,295.778380
1780456755,213.872979
1780456755,198.330938
1780456755,214.037968
1780456755,195.956203
1780456755,295.920502
1780456755,218.062445
1780456755,293.421464
1780456755,198.025084
1780456755,216.688684
1780456755,219.610475
1780456755,214.372161
1780456755,308.432724
1780456755,198.261493
1780456755,217.182770
1780456755,220.503518
1780456755,186.551319
1780456755,219.879608
1780456755,332.444351
1780456755,218.701825
1780456755,199.312430
1780456755,309.868027
1780456755,215.460291
1780456755,215.579416
1780456755,218.573686
1780456755,310.075665
1780456755,215.592540
1780456755,217.668342
1780456755,332.877728
1780456755,221.189229
1780456755,186.241110
1780456755,198.925204
1780456755,206.708675
1780456755,218.549427
1780456755,220.404388
1780456755,186.664686
1780456755,199.983393
1780456755,209.718696
1780456755,220.977557
1780456755,220.619882
1780456755,187.043180
1780456755,222.971923
1780456755,218.916121
1780456755,199.299885
1780456755,210.005983
1780456755,219.206976
1780456755,216.131052
1780456755,192.635124
1780456755,196.898899
1780456755,199.732960
1780456755,187.305174
1780456755,201.485278
1780456755,215.717279
1780456755,210.026595
1780456755,219.479213
1780456755,223.049649
1780456755,187.243856
1780456755,222.922856
1780456755,200.694026
1780456755,216.169825
1780456755,220.074848
1780456755,218.780375
1780456755,216.701225
1780456755,187.732460
1780456755,221.219293
1780456755,192.699142
1780456755,200.041165
1780456755,216.664149
1780456755,221.381487
1780456755,220.420630
1780456755,200.477229
1780456755,220.359350
1780456755,217.830291
1780456755,193.289794
1780456755,192.753234
1780456755,221.535894
1780456755,217.728306
1780456755,200.428065
1780456755,193.057893
1780456755,200.658812
1780456755,220.665008
1780456755,219.186012
1780456755,215.642951
1780456755,201.497584
1780456755,193.239042
1780456755,221.802241
1780456755,206.794908
1780456755,200.878416
1780456755,200.290617
1780456755,201.127242
1780456755,215.814044
1780456755,221.940341
1780456755,206.964397
1780456755,201.421405
1780456755,207.028568
1780456755,204.129395
1780456755,219.580516
1780456755,193.522918
1780456755,218.435076
1780456755,202.829447
1780456755,200.585379
1780456755,207.109602
1780456755,221.464118
1780456755,207.369626
1780456755,204.351563
1780456755,220.051655
1780456755,105.728463
1780456755,201.339801
1780456755,105.988297
1780456755,207.867044
1780456755,106.639727
1780456755,219.988809
1780456755,107.494328
1780456755,201.930342
1780456755,107.344852
1780456755,222.694947
1780456755,107.834534
1780456755,206.485365
1780456755,107.220057
1780456755,194.515958
1780456755,108.118286
1780456755,222.974401
1780456755,108.253859
1780456755,208.195744
1780456755,108.371728
1780456755,194.682107
1780456755,107.878284
1780456755,208.376496
1780456755,188.966254
1780456755,202.595044
1780456755,108.658528
1780456755,223.307663
1780456755,220.951323
1780456755,108.339203
1780456755,195.012760
1780456755,108.366896
1780456755,208.670516
1780456755,108.928827
1780456755,202.940718
1780456755,223.591350
1780456755,201.140184
1780456755,109.171309
1780456755,109.143411
1780456755,203.193452
1780456755,109.340099
1780456755,223.945322
1780456755,109.674229
1780456755,176.556992
1780456755,172.378568
1780456755,109.551771
1780456755,109.798146
1780456755,171.672618
1780456755,109.983383
1780456755,172.986607
1780456755,110.155527
1780456755,178.415678
1780456755,110.284066
1780456755,173.691348
1780456755,110.541913
1780456755,173.370362
1780456755,110.547222
1780456755,178.687436
1780456755,136.145465
1780456755,175.885685
1780456755,110.855260
1780456755,111.130908
1780456755,174.272839
1780456755,136.463604
1780456755,174.120566
1780456755,111.358006
1780456755,175.648958
1780456755,111.609376
1780456755,203.960923
1780456755,136.749323
1780456755,174.658294
1780456755,136.964298
1780456755,174.589160
1780456755,111.906245
1780456755,137.433430
1780456755,137.258606
1780456755,137.654930
1780456755,185.247452
1780456755,112.355031
1780456755,185.657895
1780456755,137.887229
1780456755,184.023689
1780456755,112.638925
1780456755,185.152014
1780456755,203.405421
1780456755,112.950196
1780456755,138.493100
1780456755,113.500552
1780456755,195.986897
1780456755,113.769902
1780456755,186.864966
1780456755,114.403134
1780456755,114.157047
1780456755,203.688767
1780456755,114.351500
1780456755,192.595479
1780456755,113.436676
1780456755,203.872704
1780456755,114.685580
1780456755,190.029518
1780456755,114.852613
1780456755,203.868840
1780456755,115.050780
1780456755,187.284865
1780456755,115.748146
1780456755,204.142657
1780456755,115.327469
1780456755,115.526210
1780456755,204.436538
1780456755,115.727685
1780456755,196.557230
1780456755,116.074353
1780456755,190.494470
1780456755,142.751663
1780456755,116.264440
1780456755,204.631719
1780456755,142.892620
1780456755,190.635085
1780456755,143.017360
1780456755,196.787559
1780456755,143.162492
1780456755,190.732698
1780456755,204.964264
1780456755,143.341401
1780456755,203.120918
1780456755,143.710947
1780456755,184.474230
1780456755,116.950303
1780456755,187.202342
1780456755,190.715584
1780456755,144.021953
1780456755,195.964195
1780456755,318.970982
1780456755,205.410259
1780456755,110.735471
1780456755,196.130546
1780456755,196.321212
1780456755,203.033944
1780456755,197.369472
1780456755,205.793583
1780456755,193.702755
1780456755,204.667763
1780456755,178.043572
1780456755,206.082063
1780456755,183.211748
1780456755,196.763696
1780456755,178.546934
1780456755,203.768614
1780456755,196.989841
1780456755,181.389754
1780456755,204.782174
1780456755,197.291363
1780456755,209.231673
1780456755,183.174433
1780456755,197.496728
1780456755,203.660417
1780456755,180.006677
1780456755,211.721301
1780456755,204.913349
1780456755,214.353123
1780456755,197.953643
1780456755,184.790320
1780456755,205.285660
1780456755,198.228712
1780456755,188.447376
1780456755,215.445208
1780456755,206.957486
1780456755,219.718152
1780456755,214.967364
1780456755,212.534935
1780456755,216.333864
1780456755,220.354216
1780456755,220.472115
1780456755,212.640875
1780456755,214.919402
1780456755,185.054368
1780456755,220.007047
1780456755,215.214754
1780456755,212.934111
1780456755,215.194288
1780456755,220.717508
1780456755,215.134134
1780456755,215.548695
1780456755,215.289859
1780456755,215.714943
1780456755,198.743432
1780456755,215.827283
1780456755,215.613474
1780456755,215.942668
1780456755,190.326482
1780456755,215.799531
1780456755,216.220481
1780456755,215.953279
1780456755,198.512575
1780456755,224.689513
1780456755,224.919432
1780456755,192.139678
1780456755,216.348873
1780456755,216.427494
1780456755,225.304960
1780456755,198.826600
1780456755,224.882125
1780456755,225.622007
1780456755,192.367621
1780456755,212.650665
1780456755,225.246868
1780456755,199.101374
1780456755,226.745741
1780456755,225.482040
1780456755,193.779755
1780456755,213.005098
1780456755,225.910127
1780456755,194.021083
1780456755,213.810421
1780456755,227.097014
1780456755,406.328631
1780456755,270.371222
1780456755,332.438127
1780456755,270.777065
1780456755,406.097282
1780456755,207.577849
1780456755,208.813271
1780456755,216.154565
1780456755,164.793297
1780456755,164.895775
1780456755,164.805093
1780456755,185.514477
1780456755,186.587160
1780456755,189.952639
1780456755,181.349058
1780456755,148.853780
1780456755,149.611652
1780456755,149.910741
1780456755,150.326309
1780456755,152.923902
1780456755,153.636485
1780456755,133.519235
1780456755,139.720930
1780456755,126.988450
1780456755,134.080116
1780456755,134.359466
1780456755,134.717484
1780456755,140.063533
1780456755,135.424948
1780456755,135.197935
1780456755,140.472230
1780456755,139.938416
1780456755,135.703560
1780456755,136.778746
1780456755,138.087315
1780456755,157.098553
1780456755,140.869195
1780456755,141.097170
1780456755,160.222406
1780456755,157.298356
1780456755,139.371281
1780456755,141.441908
1780456755,157.501301
1780456755,181.647460
1780456755,160.280172
1780456755,182.583947
1780456755,138.752709
1780456755,188.357953
1780456755,190.931619
1780456755,161.277090
1780456755,191.340475
1780456755,143.158000
1780456755,192.477997
1780456755,142.277681
1780456755,192.705542
1780456755,160.946272
1780456755,188.345867
1780456755,142.795286
1780456755,180.730746
1780456755,144.097124
1780456755,168.964070
1780456755,161.625631
1780456755,169.773515
1780456755,161.891813
1780456755,170.733436
1780456755,139.210007
1780456755,171.193693
1780456755,161.342579
1780456755,175.313621
1780456755,144.091744
1780456755,175.511772
1780456755,143.908875
1780456755,172.299422
1780456755,142.876034
1780456755,172.859372
1780456755,142.365441
1780456755,177.885152
1780456755,161.118687
1780456755,178.794024
1780456755,146.689960
1780456755,181.395330
1780456755,151.649452
1780456755,156.108032
1780456755,125.041090
1780456755,156.651778
1780456755,152.116857
1780456755,161.218820
1780456755,152.035302
1780456755,164.019378
1780456755,125.401325
1780456755,125.704729
1780456755,154.757073
1780456755,152.353456
1780456755,167.012649
1780456755,169.366620
1780456755,152.664841
1780456755,170.832757
1780456755,152.583394
1780456755,152.864094
1780456755,171.570035
1780456755,125.372024
1780456755,171.148229
1780456755,126.194113
1780456755,172.259344
1780456755,153.223745
1780456755,153.096347
1780456755,174.071226
1780456755,126.590992
1780456755,174.197244
1780456755,153.478739
1780456755,164.800347
1780456755,126.912911
1780456755,153.668058
1780456755,163.068601
1780456755,153.866222
1780456755,179.532445
1780456755,154.080501
1780456755,179.020881
1780456755,127.442078
1780456755,179.431782
1780456755,154.308180
1780456755,179.942940
1780456755,129.526899
1780456755,186.331660
1780456755,128.001474
1780456755,180.096652
1780456755,128.366797
1780456755,186.808199
1780456755,154.788312
1780456755,181.465807
1780456755,155.114720
1780456755,182.151984
1780456755,127.541696
1780456755,181.863427
1780456755,155.001199
1780456755,182.681755
1780456755,128.846653
1780456755,128.946326
1780456755,170.625893
1780456755,129.197829
1780456755,136.198879
1780456755,155.876321
1780456755,154.922349
1780456755,156.018464
1780456755,134.788993
1780456755,156.389834
1780456755,158.988836
1780456755,130.552000
1780456755,159.379818
1780456755,130.552561
1780456755,140.965528
1780456755,129.682848
1780456755,135.204232
1780456755,130.892472
1780456755,141.198784
1780456755,156.693226
1780456755,140.918489
1780456755,131.151223
1780456755,131.261734
1780456755,141.578738
1780456755,131.552524
1780456755,141.765077
1780456755,130.571238
1780456755,135.809668
1780456755,141.990061
1780456755,132.263608
1780456755,136.156792
1780456755,131.948346
1780456755,142.243277
1780456755,132.058149
1780456755,157.143790
1780456755,158.535554
1780456755,116.679476
1780456755,133.077832
1780456755,138.527800
1780456755,116.579422
1780456755,133.275750
1780456755,112.433231
1780456755,117.088978
1780456755,139.617411
1780456755,157.502287
1780456755,117.440713
1780456755,117.746014
1780456755,159.434273
1780456755,133.732700
1780456755,117.352197
1780456755,118.070994
1780456755,139.937022
1780456755,124.148059
1780456755,158.134026
1780456755,139.024748
1780456755,118.272384
1780456755,139.520726
1780456755,118.440059
1780456755,139.378328
1780456755,118.738625
1780456755,134.364564
1780456755,118.912843
1780456755,140.734687
1780456755,114.200867
1780456755,140.356033
1780456755,146.875574
1780456755,158.849328
1780456755,146.799535
1780456755,140.571196
1780456755,115.361167
1780456755,140.726190
1780456755,115.594083
1780456755,115.995816
1780456755,116.593218
1780456755,117.463694
1780456755,159.331369
1780456755,135.535976
1780456755,159.560822
1780456755,160.403026
1780456755,159.793851
1780456755,123.539078
1780456755,125.615656
1780456755,115.417387
1780456755,122.332806
1780456755,116.976762
1780456755,117.069012
1780456755,114.197543
1780456755,116.097054
1780456755,116.330242
1780456755,110.435688
1780456755,138.803440
1780456755,110.786981
1780456755,111.405696
1780456755,111.816466
1780456755,117.151158
1780456755,117.582176
1780456755,113.141957
1780456755,117.790663
1780456755,113.222017
1780456755,139.770648
1780456755,117.895675
1780456755,116.840812
1780456755,135.101441
1780456755,148.921634
1780456755,113.140747
1780456755,114.838874
1780456755,125.038091
1780456755,115.157217
1780456755,114.659334
1780456755,126.136685
1780456755,116.913683
1780456755,116.153252
1780456755,113.592587
1780456755,139.545118
1780456755,140.201103
1780456755,140.761875
1780456755,120.394906
1780456755,118.939011
1780456755,128.264860
1780456755,151.183825
1780456755,114.948182
1780456755,137.372071
1780456755,113.408550
1780456755,113.735207
1780456755,114.034930
1780456755,114.285319
1780456755,142.384703
1780456755,142.629702
1780456755,115.762015
1780456755,116.516570
1780456755,116.564898
1780456755,128.477176
1780456755,116.930822
1780456755,118.379692
1780456755,137.956316
1780456755,137.920017
1780456755,112.484323
1780456755,112.951736
1780456755,141.264616
1780456755,114.138095
1780456755,142.048069
1780456755,112.179059
1780456755,137.993405
1780456755,136.885444
1780456755,117.987971
1780456755,112.598761
1780456755,112.486632
1780456755,137.263230
1780456755,119.211545
1780456755,120.811019
1780456755,118.194587
1780456755,114.819488
1780456755,114.266653
1780456755,114.762003
1780456755,115.176225
1780456755,114.712149
1780456755,114.144477
1780456755,114.405378
1780456755,114.218267
1780456755,136.580881
1780456755,114.349855
1780456755,126.817078
1780456755,136.968241
1780456755,136.973323
1780456755,122.360062
1780456755,121.658765
1780456755,121.471854
1780456755,122.108222
1780456755,103.093984
1780456755,102.886554
1780456755,220.645721
1780456755,103.799905
1780456755,108.674809
1780456755,103.392014
1780456755,111.189282
1780456755,110.846294
1780456755,110.580577
1780456755,110.282532
1780456755,110.253403
1780456755,109.454547
1780456755,105.876592
1780456755,104.999549
1780456755,110.059290
1780456755,107.247167
1780456755,109.005949
1780456755,110.239109
1780456755,106.104121
1780456755,110.309949
1780456755,110.274428
1780456755,111.114149
1780456755,105.854706
1780456755,108.005041
1780456755,106.949100
1780456755,111.280574
1780456755,105.556111
1780456755,105.620082
1780456755,106.498333
1780456755,105.305884
1780456755,111.187284
1780456755,107.436954
1780456755,107.536426
1780456755,105.930646
1780456755,106.348230
1780456755,106.517502
1780456755,106.143505
1780456755,109.267378
1780456755,109.260702
1780456755,108.173535
1780456755,107.880053
1780456755,108.657826
1780456755,110.298620
1780456755,102.310666
1780456755,102.631244
1780456755,114.197377
1780456755,107.963557
1780456755,108.688760
1780456755,110.550004
1780456755,110.989888
1780456755,106.229427
1780456755,108.833891
1780456755,111.785493
1780456755,105.685006
1780456755,105.177239
1780456755,228.843745
1780456755,108.853003
1780456755,110.921383
1780456755,108.852900
1780456755,111.463981
1780456755,109.099609
1780456755,111.153601
1780456755,108.944520
1780456755,112.022479
1780456755,108.348853
1780456755,111.325612
1780456755,109.227432
1780456755,102.687711
1780456755,103.370199
1780456755,109.398781
1780456755,111.168670
1780456755,228.891050
1780456755,109.607819
1780456755,111.656593
1780456755,112.485198
1780456755,112.344669
1780456755,109.698552
1780456755,109.652734
1780456755,111.608110
1780456755,112.376209
1780456755,110.046777
1780456755,109.538000
1780456755,111.113649
1780456755,109.036400
1780456755,109.441102
1780456755,102.504692
1780456755,111.716657
1780456755,108.588234
1780456755,108.956410
1780456755,109.215736
1780456755,110.381587
1780456755,102.539056
1780456755,110.442289
1780456755,102.278918
1780456755,110.225051
1780456755,115.589692
1780456755,109.297417
1780456755,112.302205
1780456755,110.138425
1780456755,109.138840
1780456755,109.016418
1780456755,112.306751
1780456755,110.232838
1780456755,108.230544
1780456755,110.023833
1780456755,117.338345
1780456755,112.546349
1780456755,112.589784
1780456755,109.283089
1780456755,113.353795
1780456755,109.722693
1780456755,113.288931
1780456755,110.408035
1780456755,113.411579
1780456755,102.549595
1780456755,232.404275
1780456755,108.146488
1780456755,232.730729
1780456755,114.460347
1780456755,111.384073
1780456755,107.198568
1780456755,114.802641
1780456755,106.549411
1780456755,234.320993
1780456755,102.530862
1780456755,105.855895
1780456755,234.136479
1780456755,105.333372
1780456755,110.377969
1780456755,104.978553
1780456755,104.829316
1780456755,115.137076
1780456755,233.490350
1780456755,114.978437
1780456755,110.565576
1780456755,233.517967
1780456755,109.996883
1780456755,102.953582
1780456755,233.129543
1780456755,109.310282
1780456755,234.782475
1780456755,231.200922
1780456755,230.722253
1780456755,108.514846
1780456755,234.790426
1780456755,102.400434
1780456755,106.655216
1780456755,234.973377
1780456755,102.406781
1780456755,105.888000
1780456755,105.417002
1780456755,102.459461
1780456755,105.393744
1780456755,102.334231
1780456755,235.322863
1780456755,104.654247
1780456755,104.422446
1780456755,232.004774
1780456755,231.464483
1780456755,102.384170
1780456755,103.795599
1780456755,232.086624
1780456755,102.313370
1780456755,103.084712
1780456755,230.756883
1780456755,229.555701
1780456755,102.348759
1780456755,102.236632
1780456755,102.376561
1780456755,228.647014
1780456755,102.549440
1780456755,102.784803
1780456755,229.493229
1780456755,228.270010
1780456755,103.192431
1780456755,229.153045
1780456755,228.007017
1780456755,103.140407
1780456755,228.816256
1780456755,229.164789
1780456755,103.574552
1780456755,227.815130
1780456755,229.625669
1780456755,229.473647
1780456755,104.179437
1780456755,102.742387
1780456755,228.678255
1780456755,103.291107
1780456755,228.611912
1780456755,105.045428
1780456755,229.358074
1780456755,107.107528
1780456755,105.685698
1780456755,106.654829
1780456755,107.057863
1780456755,108.570533
1780456755,234.204852
1780456755,234.325761
1780456755,232.616474
1780456755,234.452882
1780456755,234.531616
1780456755,233.438300
1780456755,109.343953
1780456755,234.617002
1780456755,109.467183
1780456755,109.328703
1780456755,118.543256
1780456755,102.620447
1780456755,102.652153
1780456755,104.298419
1780456755,104.561512
1780456755,104.248153
1780456755,107.052596
1780456755,107.171890
1780456755,106.784371
1780456755,107.923642
1780456755,110.027127
1780456755,111.225638
1780456755,110.495175
1780456755,111.445387
1780456755,111.033215
1780456755,110.868760
1780456755,110.670126
1780456755,117.903135
1780456755,115.568744
1780456755,112.735115
1780456755,117.783410
1780456755,118.134478
1780456755,111.502574
1780456755,111.426222
1780456755,111.617220
1780456755,112.567005
1780456755,113.234614
1780456755,111.910346
1780456755,111.976606
1780456755,111.095678
1780456755,111.878219
1780456755,111.982309
1780456755,113.244165
1780456755,113.735902
1780456755,115.038637
1780456755,115.189432
1780456755,115.268199
1780456755,114.298563
1780456755,115.489063
1780456755,115.091383
1780456755,114.040020
1780456755,114.120104
1780456755,114.329479
1780456755,114.432327
1780456755,114.539808
1780456755,113.430167
1780456755,114.428523
1780456755,115.328490
1780456755,115.557485
1780456755,115.907360
1780456755,114.591614
1780456755,121.910299
1780456755,123.484775
1780456755,123.475944
1780456755,117.286857
1780456755,123.994523
1780456755,117.394366
1780456755,117.361243
1780456755,124.896002
1780456755,124.659121
1780456755,123.856888
1780456755,124.059791
1780456755,123.401487
1780456755,125.658023
1780456755,125.931195
1780456755,125.860875
1780456755,125.792712
1780456755,125.682184
1780456755,125.732777
1780456755,125.587099
1780456755,125.418742
1780456755,125.672280
1780456755,125.625173
1780456755,126.245904
1780456755,126.118969
1780456755,126.052807
1780456755,126.264449
1780456755,126.203196
1780456755,126.491793
1780456755,127.522965
1780456755,126.766214
1780456755,131.449634
1780456755,138.404940
1780456755,131.649703
1780456755,138.511007
1780456755,131.457329
1780456755,131.812490
1780456755,131.562999
1780456755,131.813470
1780456755,131.528610
1780456755,131.463430
1780456755,131.639553
1780456755,131.811587
1780456755,131.319905
1780456755,131.457569
1780456755,127.919370
1780456755,129.625726
1780456755,129.412771
1780456755,127.455455
1780456755,129.496234
1780456755,129.053746
1780456755,128.682306
1780456755,130.167843
1780456755,128.981973
1780456755,128.649492
1780456755,128.969971
1780456755,130.763227
1780456755,131.033353
1780456755,131.135356
1780456755,130.958690
1780456755,132.227976
1780456755,132.512511
1780456755,132.722986
1780456755,132.987543
1780456755,133.392839
1780456755,133.246338
1780456755,133.355234
1780456755,132.437164
1780456755,134.514371
1780456755,134.569009
1780456755,135.180687
1780456755,134.932878
1780456755,135.181290
1780456755,136.943509
1780456755,136.893458
1780456755,136.564082
1780456755,136.859574
1780456755,136.183748
1780456755,135.672148
1780456755,135.705908
1780456755,135.922874
1780456755,136.073764
1780456755,142.316547
1780456755,142.279175
1780456755,142.577869
1780456755,142.598679
1780456755,142.083886
1780456755,142.225597
1780456755,142.166155
1780456755,142.459404
1780456755,142.577154
1780456755,142.024425
1780456755,142.385376
1780456755,142.183655
1780456755,141.416554
1780456755,142.171954
1780456755,143.631571
1780456755,142.785955
1780456755,141.554558
1780456755,145.376619
1780456755,142.610781
1780456755,102.537374
1780456755,102.751332
1780456755,102.998432
1780456755,102.925961
1780456755,103.389927
1780456755,103.653895
1780456755,103.292071
1780456755,103.929039
1780456755,103.929748
1780456755,104.377299
1780456755,104.746540
1780456755,104.679590
1780456755,104.758505
1780456755,105.354129
1780456755,105.060665
1780456755,105.348358
1780456755,105.505132
1780456755,103.673552
1780456755,105.445363
1780456755,106.207964
1780456755,106.586023
1780456755,104.110049
1780456755,107.448790
1780456755,105.338110
1780456755,107.426817
1780456755,107.541669
1780456755,107.711322
1780456755,107.481200
1780456755,107.403193
1780456755,109.129503
1780456755,109.106604
1780456755,108.079764
1780456755,107.997313
1780456755,152.996444
1780456755,110.160631
1780456755,149.227792
1780456755,153.214374
1780456755,148.740785
1780456755,146.015099
1780456755,149.419282
1780456755,108.203988
1780456755,108.332061
1780456755,110.797260
1780456755,108.252449
1780456755,149.143323
1780456755,108.125738
1780456755,107.926278
1780456755,110.899588
1780456755,110.696126
1780456755,149.603084
1780456755,108.963968
1780456755,108.915135
1780456755,111.173359
1780456755,110.433852
1780456755,108.848530
1780456755,109.104008
1780456755,111.340619
1780456755,150.075580
1780456755,153.732187
1780456755,154.092958
1780456755,150.198764
1780456755,109.124170
1780456755,150.578140
1780456755,153.854807
1780456755,150.773687
1780456755,109.294039
1780456755,150.606714
1780456755,109.296855
1780456755,150.720353
1780456755,154.345076
1780456755,108.920512
1780456755,149.668970
1780456755,153.816981
1780456755,150.161217
1780456755,149.898381
1780456755,154.202621
1780456755,154.322052
1780456755,151.116436
1780456755,111.236759
1780456755,154.482182
1780456755,109.580885
1780456755,111.888607
1780456755,154.219159
1780456755,110.126650
1780456755,154.289248
1780456755,154.058118
1780456755,150.024820
1780456755,151.236779
1780456755,109.627097
1780456755,109.023214
1780456755,154.218644
1780456755,150.711455
1780456755,154.311831
1780456755,109.398425
1780456755,112.038819
1780456755,112.061651
1780456755,112.364821
1780456755,112.488067
1780456755,111.533802
1780456755,111.493128
1780456755,111.561593
1780456755,109.435861
1780456755,113.065140
1780456755,114.040420
1780456755,114.056482
1780456755,111.303463
1780456755,113.619022
1780456755,108.342526
1780456755,113.735013
1780456755,106.258700
1780456755,112.569789
1780456755,112.311202
1780456755,110.738998
1780456755,113.975314
1780456755,115.106909
1780456755,114.757805
1780456755,115.259356
1780456755,115.344706
1780456755,115.025666
1780456755,115.245885
1780456755,115.542405
1780456755,116.225699
1780456755,117.396201
1780456755,115.987856
1780456755,117.595567
1780456755,118.830355
1780456755,120.158710
1780456755,118.932028
1780456755,118.111132
1780456755,118.490947
1780456755,116.445180
1780456755,116.388115
1780456755,118.407024
1780456755,116.497152
1780456755,119.108069
1780456755,120.215676
1780456755,119.130007
1780456755,120.378701
1780456755,119.235725
1780456755,119.329777
1780456755,118.677130
1780456755,118.978941
1780456755,115.433558
1780456755,119.219943
1780456755,120.850961
1780456755,121.174911
1780456755,121.010523
1780456755,121.895689
1780456755,121.356106
1780456755,121.730688
1780456755,121.726409
1780456755,122.017282
1780456755,120.935330
1780456755,120.899775
1780456755,122.033760
1780456755,122.954803
1780456755,115.860179
1780456755,123.129138
1780456755,115.855467
1780456755,121.204202
1780456755,119.626296
1780456755,121.184919
1780456755,121.515892
1780456755,116.023977
1780456755,121.373951
1780456755,119.683380
1780456755,120.889563
1780456755,119.759533
1780456755,120.987862
1780456755,119.617631
1780456755,122.438162
1780456755,113.758404
1780456755,121.967303
1780456755,119.775683
1780456755,121.220656
1780456755,116.233831
1780456755,119.777330
1780456755,114.121907
1780456755,113.282591
1780456755,113.279574
1780456755,110.050282
1780456755,113.168695
1780456755,113.017387
1780456755,112.471259
1780456755,113.368599
1780456755,102.782982
1780456755,116.939710
1780456755,117.663502
1780456755,117.004282
1780456755,125.755152
1780456755,124.150099
1780456755,115.118564
1780456755,115.231944
1780456755,116.329751
1780456755,102.695349
1780456755,103.195150
1780456755,102.111486
1780456755,103.558334
1780456755,103.240892
1780456755,102.846686
1780456755,102.862696
1780456755,104.154532
1780456755,109.747622
1780456755,103.150658
1780456755,103.172118
1780456755,105.196837
1780456755,103.250776
1780456755,104.854834
1780456755,102.647360
1780456755,102.634923
1780456755,103.653588
1780456755,104.488764
1780456755,102.841766
1780456755,104.464984
1780456755,102.658049
1780456755,104.839700
1780456755,104.731270
1780456755,102.945296
1780456755,104.923039
1780456755,102.711885
1780456755,104.854796
1780456755,104.053544
1780456755,102.721214
1780456755,104.137459
1780456755,102.850167
1780456755,104.631855
1780456755,103.876238
1780456755,103.150127
1780456755,104.098088
1780456755,103.636451
1780456755,104.503211
1780456755,102.398169
1780456755,102.041738
1780456755,104.592868
1780456755,104.221550
1780456755,104.459882
1780456755,104.187720
1780456755,104.191983
1780456755,104.137167
1780456755,104.414405
1780456755,103.732276
1780456755,103.010788
1780456755,104.293317
1780456755,104.326614
1780456755,103.577075
1780456755,105.233666
1780456755,104.572969
1780456755,104.298357
1780456755,104.906309
1780456755,102.990968
1780456755,103.281661
1780456755,103.205035
1780456755,102.705287
1780456755,103.681669
1780456755,103.038140
1780456755,103.677771
1780456755,103.442138
1780456755,102.501990
1780456755,103.950824
1780456755,102.609497
1780456755,102.810926
1780456755,102.835248
1780456755,104.393812
1780456755,102.560884
1780456755,104.357882
1780456755,103.317388
1780456755,103.527526
1780456755,103.336315
1780456755,103.423043
1780456755,102.754804
1780456755,103.008261
1780456755,104.047300
1780456755,103.870628
1780456755,102.630734
1780456755,102.863469
1780456755,103.435711
1780456755,102.985478
1780456755,103.499107
1780456755,103.038269
1780456755,103.320159
1780456755,103.861134
1780456755,103.520026
1780456755,102.524521
1780456755,102.427682
1780456755,102.596386
1780456755,102.600622
1780456755,102.442016
1780456755,102.653755
1780456755,102.835549
1780456755,102.896427
1780456755,103.048822
1780456755,103.127245
1780456755,103.205767
1780456755,102.598509
1780456755,102.632742
1780456755,102.798902
1780456755,102.840432
1780456755,102.884715
1780456755,103.002788
1780456755,103.041952
1780456755,102.993282
1780456755,103.079479
1780456755,103.218936
1780456755,102.457049
1780456755,102.437824
1780456755,102.485663
1780456755,102.686370
1780456755,102.763967
1780456755,102.758925
1780456755,102.742344
1780456755,102.921033
1780456755,102.941406
1780456755,102.584342
1780456755,102.602007
1780456755,102.608108
1780456755,102.756082
1780456755,102.776225
1780456755,102.884968
1780456755,102.969883
1780456755,103.044628
1780456755,103.240165
1780456755,103.248620
1780456755,103.676477
1780456755,102.458166
1780456755,102.481197
1780456755,102.576822
1780456755,102.558648
1780456755,102.687643
1780456755,102.737046
1780456755,102.933794
1780456755,101.607073
1780456755,102.996032
1780456755,103.071355
1780456755,103.261983
1780456755,103.290015
1780456755,102.396432
1780456755,102.427242
1780456755,102.285324
1780456755,102.463743
1780456755,102.665037
1780456755,102.675178
1780456755,102.675771
1780456755,102.916806
1780456755,102.908045
1780456755,102.986962
1780456755,102.339130
1780456755,102.336066
1780456755,102.536918
1780456755,102.545327
1780456755,102.665746
1780456755,102.739174
1780456755,102.792171
1780456755,102.919293
1780456755,101.741151
1780456755,103.045940
1780456755,102.275120
1780456755,102.505197
1780456755,102.495566
1780456755,102.691750
1780456755,102.773605
1780456755,102.825088
1780456755,102.774115
1780456755,102.774508
1780456755,102.960065
1780456755,102.309723
1780456755,102.490723
1780456755,102.573543
1780456755,102.546847
1780456755,102.617461
1780456755,102.675755
1780456755,102.693783
1780456755,101.533222
1780456755,102.818454
1780456755,102.955741
1780456755,102.881816
1780456755,101.691077
1780456755,102.278848
1780456755,102.469194
1780456755,102.513005
1780456755,102.515448
1780456755,102.316646
1780456755,102.617450
1780456755,102.729464
1780456755,102.729039
1780456755,102.925982
1780456755,102.989578
1780456755,103.271735
1780456755,102.663611
1780456755,103.441074
1780456755,102.726493
1780456755,102.921202
1780456755,103.023095
1780456755,104.398049
1780456755,103.348697
1780456755,103.044150
1780456755,103.537678
1780456755,104.441216
1780456755,104.360309
1780456755,103.651699
1780456755,104.522360
1780456755,104.073822
1780456755,105.122993
1780456755,104.755243
1780456755,105.072170
1780456755,103.551910
1780456755,105.649800
1780456755,104.900116
1780456755,105.586569
1780456755,105.753877
1780456755,105.626292
1780456755,105.500502
1780456755,105.983423
1780456755,103.670261
1780456755,106.502592
1780456755,104.408609
1780456755,106.477207
1780456755,104.762727
1780456755,104.485164
1780456755,107.068618
1780456755,104.878887
1780456755,106.937770
1780456755,107.724568
1780456755,105.624962
1780456755,103.992844
1780456755,105.112620
1780456755,108.045658
1780456755,105.294898
1780456755,106.473925
1780456755,108.059693
1780456755,107.772911
1780456755,104.919798
1780456755,106.956331
1780456755,104.085727
1780456755,108.107705
1780456755,104.274816
1780456755,106.860204
1780456755,105.862553
1780456755,106.126203
1780456755,109.052151
1780456755,105.426694
1780456755,108.546963
1780456755,103.620140
1780456755,106.122526
1780456755,108.676347
1780456755,107.057422
1780456755,106.160199
1780456755,109.074929
1780456755,104.739761
1780456755,106.898976
1780456755,108.829779
1780456755,106.663661
1780456755,109.476872
1780456755,106.670277
1780456755,105.788858
1780456755,108.263547
1780456755,104.538984
1780456755,109.212898
1780456755,104.416793
1780456755,106.694891
1780456755,107.740568
1780456755,106.376319
1780456755,108.791696
1780456755,106.856105
1780456755,106.631002
1780456755,108.203383
1780456755,106.925353
1780456755,109.379840
1780456755,110.380360
1780456755,107.006249
1780456755,106.849492
1780456755,107.700375
1780456755,104.736029
1780456755,107.754912
1780456755,106.936402
1780456755,109.759949
1780456755,109.866283
1780456755,106.011139
1780456755,108.524492
1780456755,107.189866
1780456755,108.468717
1780456755,107.151781
1780456755,105.426291
1780456755,109.830430
1780456755,111.048045
1780456755,107.381554
1780456755,107.286918
1780456755,107.349451
1780456755,108.922314
1780456755,104.267415
1780456755,104.248333
1780456755,108.070858
1780456755,104.341474
1780456755,105.976239
1780456755,104.305787
1780456755,110.156386
1780456755,104.229399
1780456755,107.253308
1780456755,109.985939
1780456755,106.437741
1780456755,104.978226
1780456755,109.940108
1780456755,106.548078
1780456755,112.685711
1780456755,105.369927
1780456755,108.307842
1780456755,104.698631
1780456755,105.422683
1780456755,104.309907
1780456755,108.929880
1780456755,110.486385
1780456755,111.527079
1780456755,104.753898
1780456755,113.174827
1780456755,104.434978
1780456755,110.432004
1780456755,110.213880
1780456755,104.999534
1780456755,112.468010
1780456755,105.116485
1780456755,113.439736
1780456755,114.097127
1780456755,114.198467
1780456755,108.886702
1780456755,110.351426
1780456755,113.827900
1780456755,110.813250
1780456755,110.820120
1780456755,114.239272
1780456755,109.657864
1780456755,110.490342
1780456755,113.966051
1780456755,114.047971
1780456755,110.713897
1780456755,114.512258
1780456755,114.236949
1780456755,115.431852
1780456755,110.860009
1780456755,113.479431
1780456755,114.358735
1780456755,111.394197
1780456755,115.603496
1780456755,110.336160
1780456755,115.720377
1780456755,111.564921
1780456755,115.022692
1780456755,111.656015
1780456755,115.862630
1780456755,111.800403
1780456755,110.359269
1780456755,114.741474
1780456755,109.995007
1780456755,115.758708
1780456755,110.572844
1780456755,112.358652
1780456755,109.357327
1780456755,109.276051
1780456755,112.637526
1780456755,109.587954
1780456755,113.078273
1780456755,109.652449
1780456755,113.063163
1780456755,113.188911
1780456755,116.823664
1780456755,110.253006
1780456755,110.397231
1780456755,113.525050
1780456755,113.745577
1780456755,109.140657
1780456755,110.610537
1780456755,114.182177
1780456755,113.217146
1780456755,110.933151
1780456755,111.550692
1780456755,118.150857
1780456755,106.669897
1780456755,110.958157
1780456755,111.024770
1780456755,111.752256
1780456755,116.840923
1780456755,111.718912
1780456755,108.732980
1780456755,111.428216
1780456755,111.724951
1780456755,107.438884
1780456755,111.636208
1780456755,111.827407
1780456755,111.839061
1780456755,117.366525
1780456755,117.192716
1780456755,120.664509
1780456755,112.549677
1780456755,120.405842
1780456755,112.131319
1780456755,120.774430
1780456755,120.740783
1780456755,108.387010
1780456755,121.593647
1780456755,121.380815
1780456755,122.029598
1780456755,122.168616
1780456755,113.970467
1780456755,122.179307
1780456755,123.664335
1780456755,122.568636
1780456755,122.779701
1780456755,115.020798
1780456755,124.262729
1780456755,114.928367
1780456755,113.679179
1780456755,116.044281
1780456755,115.746932
1780456755,112.096522
1780456755,115.958635
1780456755,113.606403
1780456755,122.881915
1780456755,115.593899
1780456755,112.797572
1780456755,112.836458
1780456755,113.012303
1780456755,112.205837
1780456755,124.618788
1780456755,114.554301
1780456755,111.174208
1780456755,124.013918
1780456755,114.570490
1780456755,113.235186
1780456755,123.745186
1780456755,112.996321
1780456755,125.120059
1780456755,112.181300
1780456755,112.884133
1780456755,123.868291
1780456755,114.744268
1780456755,124.840311
1780456755,122.219926
1780456755,111.493778
1780456755,112.494665
1780456755,114.771568
1780456755,122.034684
1780456755,124.072026
1780456755,124.403327
1780456755,114.738133
1780456755,112.390711
1780456755,124.548929
1780456755,116.110207
1780456755,112.570590
1780456755,126.208603
1780456755,110.059040
1780456755,124.188644
1780456755,126.019269
1780456755,114.806205
1780456755,126.179689
1780456755,113.287136
1780456755,125.872844
1780456755,124.393955
1780456755,126.313332
1780456755,126.328419
1780456755,118.887316
1780456755,116.688180
1780456755,113.562811
1780456755,126.373655
1780456755,125.332170
1780456755,115.044915
1780456755,124.549176
1780456755,125.099499
1780456755,111.041095
1780456755,126.546948
1780456755,115.241518
1780456755,113.814261
1780456755,116.462317
1780456755,126.907644
1780456755,117.453123
1780456755,126.266020
1780456755,117.393061
1780456755,115.304580
1780456755,124.584013
1780456755,117.324601
1780456755,113.134429
1780456755,126.622388
1780456755,125.033239
1780456755,112.897744
1780456755,126.114185
1780456755,127.434408
1780456755,117.177128
1780456755,126.355712
1780456755,115.607477
1780456755,126.470874
1780456755,117.258909
1780456755,126.533319
1780456755,116.337738
1780456755,118.005537
1780456755,113.584321
1780456755,118.955998
1780456755,126.616509
1780456755,116.543628
1780456755,118.532769
1780456755,126.932546
1780456755,114.558400
1780456755,125.852931
1780456755,121.323155
1780456755,116.982380
1780456755,116.804190
1780456755,119.317925
1780456755,128.093435
1780456755,121.362254
1780456755,117.042425
1780456755,116.938495
1780456755,128.176729
1780456755,128.224583
1780456755,119.157047
1780456755,121.707924
1780456755,130.125948
1780456755,118.616754
1780456755,118.852312
1780456755,120.076143
1780456755,128.344446
1780456755,120.145561
1780456755,129.483097
1780456755,119.219835
1780456755,132.269044
1780456755,116.546467
1780456755,118.632418
1780456755,116.311392
1780456755,120.958445
1780456755,131.158455
1780456755,120.993128
1780456755,121.165491
1780456755,132.441270
1780456755,118.990721
1780456755,121.500395
1780456755,118.720884
1780456755,118.727709
1780456755,122.998267
1780456755,118.245196
1780456755,132.860334
1780456755,123.598137
1780456755,121.394413
1780456755,133.329722
1780456755,133.301438
1780456755,119.946377
1780456755,131.939131
1780456755,126.636515
1780456755,131.824009
1780456755,122.541096
1780456755,122.678014
1780456755,128.609130
1780456755,133.730150
1780456755,122.210966
1780456755,126.934199
1780456755,124.890216
1780456755,132.203586
1780456755,115.092441
1780456755,126.125783
1780456755,129.398869
1780456755,115.694862
1780456755,116.191940
1780456755,123.754278
1780456755,133.887105
1780456755,129.905391
1780456755,124.786823
1780456755,109.017961
1780456755,109.405427
1780456755,127.496268
1780456755,134.913199
1780456755,137.307657
1780456755,136.706677
1780456755,128.060756
1780456755,128.206083
1780456755,128.228584
1780456755,128.260936
1780456755,135.414949
1780456755,131.321881
1780456755,128.566553
1780456755,135.743045
1780456755,127.142051
1780456755,127.185694
1780456755,128.820702
1780456755,131.722980
1780456755,128.433737
1780456755,138.172275
1780456755,131.682914
1780456755,128.699610
1780456755,131.847003
1780456755,131.935818
1780456755,138.483336
1780456755,138.584649
1780456755,130.168068
1780456755,138.388490
1780456755,132.175893
1780456755,132.319802
1780456755,136.868774
1780456755,137.933125
1780456755,132.931640
1780456755,137.359647
1780456755,128.371627
1780456755,138.233052
1780456755,139.251265
1780456755,131.891346
1780456755,138.537873
1780456755,131.436876
1780456755,142.426119
1780456755,128.950644
1780456755,126.767378
1780456755,138.678120
1780456755,127.169184
1780456755,129.230103
1780456755,127.362089
1780456755,139.584267
1780456755,139.555287
1780456755,139.398952
1780456755,143.208203
1780456755,127.728019
1780456755,139.672198
1780456755,142.288687
1780456755,130.321828
1780456755,132.693344
1780456755,128.077333
1780456755,139.383364
1780456755,143.274979
1780456755,140.474936
1780456755,130.961041
1780456755,137.192361
1780456755,134.331206
1780456755,134.022534
1780456755,131.710615
1780456755,130.928662
1780456755,139.826496
1780456755,137.217784
1780456755,140.430348
1780456755,131.102437
1780456755,128.124902
1780456755,133.743230
1780456755,129.091933
1780456755,144.519706
1780456755,137.994743
1780456755,141.994698
1780456755,140.764588
1780456755,142.022573
1780456755,144.776781
1780456755,138.262969
1780456755,139.130209
1780456755,141.266040
1780456755,139.042434
1780456755,131.856332
1780456755,139.254074
1780456755,134.294930
1780456755,124.935033
1780456755,133.836339
1780456755,139.422597
1780456755,132.525248
1780456755,139.990869
1780456755,132.202777
1780456755,129.952870
1780456755,132.653341
1780456755,132.875354
1780456755,142.518039
1780456755,139.775657
1780456755,145.182044
1780456755,139.980566
1780456755,132.937900
1780456755,133.912449
1780456755,145.374630
1780456755,139.696668
1780456755,145.367935
1780456755,140.968923
1780456755,140.735667
1780456755,140.796922
1780456755,140.521325
1780456755,140.765510
1780456755,143.938931
1780456755,141.485510
1780456755,136.054401
1780456755,138.040108
1780456755,134.246581
1780456755,135.579118
1780456755,135.361849
1780456755,134.323492
1780456755,135.195468
1780456755,137.926109
1780456755,141.431356
1780456755,142.101976
1780456755,135.994828
1780456755,147.977504
1780456755,141.350078
1780456755,142.367546
1780456755,129.529932
1780456755,135.110651
1780456755,136.136264
1780456755,136.805262
1780456755,136.708023
1780456755,139.316394
1780456755,130.306914
1780456755,136.474618
1780456755,138.884226
1780456755,135.736449
1780456755,143.086431
1780456755,138.958091
1780456755,139.791845
1780456755,148.111742
1780456755,139.234960
1780456755,130.567014
1780456755,133.485393
1780456755,139.963398
1780456755,130.983854
1780456755,138.060816
1780456755,136.040460
1780456755,143.448473
1780456755,148.601343
1780456755,138.153035
1780456755,150.220744
1780456755,138.655549
1780456755,135.977831
1780456755,144.003276
1780456755,132.391491
1780456755,136.251048
1780456755,131.910145
1780456755,150.816687
1780456755,142.559832
1780456755,144.499445
1780456755,140.810258
1780456755,151.948436
1780456755,151.848150
1780456755,152.443406
1780456755,144.563216
1780456755,140.155959
1780456755,152.299998
1780456755,142.458312
1780456755,141.936587
1780456755,144.804729
1780456755,141.438913
1780456755,139.793163
1780456755,138.345010
1780456755,150.359226
1780456755,141.055350
1780456755,143.178076
1780456755,138.711885
1780456755,138.880877
1780456755,137.902776
1780456755,141.518043
1780456755,135.150739
1780456755,151.322105
1780456755,140.246685
1780456755,135.552967
1780456755,135.767688
1780456755,142.693962
1780456755,150.833384
1780456755,143.151542
1780456755,135.765162
1780456755,133.831399
1780456755,141.249267
1780456755,141.905265
1780456755,142.838282
1780456755,151.569409
1780456755,144.021768
1780456755,140.793464
1780456755,139.852112
1780456755,143.636712
1780456755,151.264055
1780456755,149.989642
1780456755,143.164736
1780456755,136.078709
1780456755,144.290569
1780456755,149.195467
1780456755,143.301162
1780456755,145.819149
1780456755,149.092396
1780456755,145.578628
1780456755,153.901978
1780456755,146.082624
1780456755,141.843282
1780456755,147.236860
1780456755,153.186670
1780456755,144.517258
1780456755,106.809945
1780456755,147.847501
1780456755,155.234360
1780456755,146.070028
1780456755,144.654914
1780456755,148.075438
1780456755,145.228325
1780456755,145.308036
1780456755,145.833264
1780456755,146.002625
1780456755,145.317724
1780456755,147.479874
1780456755,107.596594
1780456755,154.421445
1780456755,152.906736
1780456755,154.693590
1780456755,147.703019
1780456755,107.747149
1780456755,153.121251
1780456755,148.018638
1780456755,154.454456
1780456755,154.765437
1780456755,154.979261
1780456755,158.313058
1780456755,154.800297
1780456755,150.384103
1780456755,155.524898
1780456755,142.207024
1780456755,150.455777
1780456755,142.041191
1780456755,142.165667
1780456755,142.323201
1780456755,142.159877
1780456755,151.051074
1780456755,149.559327
1780456755,156.519992
1780456755,144.584052
1780456755,143.071512
1780456755,142.203882
1780456755,142.186201
1780456755,155.073685
1780456755,161.871453
1780456755,157.507657
1780456755,144.584176
1780456755,152.126338
1780456755,161.699395
1780456755,152.996497
1780456755,158.198035
1780456755,151.870453
1780456755,158.761047
1780456755,161.540858
1780456755,145.265092
1780456755,158.512293
1780456755,158.518815
1780456755,153.351696
1780456755,160.062518
1780456755,159.171150
1780456755,147.638645
1780456755,145.654345
1780456755,159.553508
1780456755,107.618760
1780456755,147.759557
1780456755,156.103583
1780456755,156.729439
1780456755,147.699284
1780456755,145.356214
1780456755,107.715420
1780456755,107.164386
1780456755,108.608887
1780456755,108.514650
1780456755,155.575815
1780456755,156.872962
1780456755,155.087080
1780456755,139.184304
1780456755,154.774391
1780456755,148.941555
1780456755,157.893220
1780456755,160.233267
1780456755,110.801273
1780456755,160.439442
1780456755,160.651451
1780456755,156.768729
1780456755,158.354610
1780456755,109.446324
1780456755,160.732933
1780456755,109.656137
1780456755,158.024391
1780456755,156.352327
1780456755,158.150137
1780456755,110.657856
1780456755,156.744043
1780456755,158.949356
1780456755,157.783766
1780456755,110.074577
1780456755,110.304282
1780456755,159.264471
1780456755,158.797197
1780456755,158.651566
1780456755,159.206965
1780456755,159.029830
1780456755,107.123219
1780456755,161.978312
1780456755,159.031642
1780456755,106.843261
1780456755,111.904018
1780456755,159.255867
1780456755,112.216564
1780456755,159.097100
1780456755,159.153039
1780456755,111.599332
1780456755,160.635651
1780456755,156.695994
1780456755,159.412431
1780456755,159.491074
1780456755,159.952189
1780456755,108.857928
1780456755,109.703155
1780456755,109.654683
1780456755,157.551670
1780456755,159.986224
1780456755,109.237726
1780456755,157.900695
1780456755,164.231178
1780456755,160.610265
1780456755,159.832649
1780456755,109.999477
1780456755,164.352686
1780456755,164.408859
1780456755,109.978953
1780456755,161.241155
1780456755,154.581768
1780456755,161.279530
1780456755,158.845070
1780456755,108.934284
1780456755,109.170214
1780456755,109.856020
1780456755,108.943635
1780456755,110.446299
1780456755,109.920876
1780456755,166.978663
1780456755,164.453811
1780456755,162.511314
1780456755,162.556415
1780456755,166.386913
1780456755,166.736551
1780456755,156.774189
1780456755,158.450644
1780456755,158.748517
1780456755,158.591020
1780456755,166.613094
1780456755,159.091491
1780456755,165.424265
1780456755,158.749221
1780456755,163.627907
1780456755,165.988081
1780456755,167.235205
1780456755,165.712953
1780456755,166.083704
1780456755,166.321536
1780456755,159.735943
1780456755,159.737586
1780456755,118.790666
1780456755,114.795597
1780456755,114.624188
1780456755,111.835243
1780456755,113.473802
1780456755,109.273808
1780456755,111.985953
1780456755,114.985986
1780456755,161.002290
1780456755,114.974352
1780456755,117.932201
1780456755,109.270045
1780456755,118.011416
1780456755,171.569287
1780456755,169.190105
1780456755,168.441361
1780456755,168.790524
1780456755,169.050679
1780456755,172.013751
1780456755,170.455142
1780456755,170.454406
1780456755,170.200985
1780456755,171.812167
1780456755,118.636371
1780456755,172.213626
1780456755,170.212005
1780456755,172.645503
1780456755,118.864535
1780456755,117.411789
1780456755,172.420402
1780456755,117.337886
1780456755,118.970349
1780456755,117.426929
1780456755,172.350488
1780456755,112.044293
1780456755,171.973859
1780456755,116.115912
1780456755,117.624260
1780456755,172.781509
1780456755,115.717484
1780456755,115.791801
1780456755,172.651487
1780456755,119.107762
1780456755,161.980863
1780456755,161.988318
1780456755,118.234947
1780456755,112.480578
1780456755,116.432834
1780456755,171.803870
1780456755,112.179938
1780456755,115.409273
1780456755,117.076877
1780456755,161.180097
1780456755,117.377400
1780456755,112.071056
1780456755,172.298037
1780456755,112.146130
1780456755,171.692430
1780456755,114.181280
1780456755,168.114426
1780456755,112.400424
1780456755,115.109387
1780456755,112.252723
1780456755,114.912198
1780456755,115.416137
1780456755,110.781466
1780456755,111.384126
1780456755,111.501202
1780456755,116.465833
1780456755,172.887717
1780456755,122.340047
1780456755,117.825133
1780456755,120.045176
1780456755,120.123027
1780456755,113.300247
1780456755,117.858671
1780456755,116.776986
1780456755,118.387986
1780456755,119.681863
1780456755,114.375697
1780456755,118.429584
1780456755,138.877881
1780456755,117.526235
1780456755,129.432729
1780456755,118.518373
1780456755,117.836160
1780456755,114.327892
1780456755,121.396856
1780456755,122.624013
1780456755,121.821609
1780456755,120.364101
1780456755,114.146978
1780456755,112.695583
1780456755,132.670652
1780456755,120.900816
1780456755,111.071659
1780456755,111.324868
1780456755,117.411300
1780456755,111.065343
1780456755,132.287131
1780456755,117.518247
1780456755,111.001935
1780456755,133.529210
1780456755,110.055948
1780456755,110.450304
1780456755,110.456498
1780456755,133.237527
1780456755,110.575972
1780456755,133.614200
1780456755,109.648685
1780456755,133.363072
1780456755,122.919136
1780456755,129.537401
1780456755,122.992085
1780456755,119.853444
1780456755,128.439529
1780456755,123.331808
1780456755,120.300978
1780456755,123.839603
1780456755,129.222432
1780456755,123.955195
1780456755,122.320020
1780456755,134.614705
1780456755,117.947697
1780456755,125.746561
1780456755,135.298514
1780456755,124.056414
1780456755,116.971818
1780456755,119.625702
1780456755,116.512458
1780456755,131.824302
1780456755,186.759283
1780456755,185.714621
1780456755,129.073314
1780456755,129.125154
1780456755,131.442663
1780456755,189.755505
1780456755,189.387802
1780456755,189.622026
1780456755,181.601300
1780456755,123.644898
1780456755,188.207431
1780456755,126.102480
1780456755,188.932150
1780456755,126.149975
1780456755,187.650735
1780456755,181.916262
1780456755,129.048108
1780456755,188.579239
1780456755,120.002195
1780456755,134.732999
1780456755,126.419354
1780456755,121.786248
1780456755,139.459832
1780456755,126.502786
1780456755,136.589346
1780456755,124.006870
1780456755,126.448659
1780456755,132.537945
1780456755,124.555682
1780456755,124.139831
1780456755,133.511239
1780456755,121.652063
1780456755,143.783140
1780456755,118.196399
1780456755,144.253252
1780456755,144.716370
1780456755,144.574451
1780456755,145.375211
1780456755,145.849449
1780456755,145.780353
1780456755,145.584659
1780456755,184.155844
1780456755,122.049094
1780456755,119.712684
1780456755,146.498035
1780456755,191.305468
1780456755,119.658172
1780456755,120.091621
1780456755,146.586609
1780456755,146.241575
1780456755,146.195287
1780456755,144.242928
1780456755,142.208024
1780456755,149.930899
1780456755,142.630841
1780456755,145.671200
1780456755,144.608657
1780456755,144.870138
1780456755,144.967382
1780456755,143.079002
1780456755,145.525918
1780456755,104.272350
1780456755,145.957294
1780456755,145.041347
1780456755,145.079494
1780456755,145.208651
1780456755,105.106405
1780456755,145.317425
1780456755,145.231957
1780456755,145.621782
1780456755,145.957851
1780456755,106.185984
1780456755,146.887318
1780456755,146.967541
1780456755,146.829839
1780456755,144.982828
1780456755,147.258126
1780456755,146.978226
1780456755,149.671094
1780456755,149.733079
1780456755,146.057795
1780456755,147.182318
1780456755,144.752881
1780456755,145.017246
1780456755,150.663658
1780456755,150.496940
1780456755,138.138734
1780456755,150.799665
1780456755,150.272755
1780456755,150.365675
1780456755,147.709856
1780456755,146.158771
1780456755,147.908467
1780456755,104.189322
1780456755,103.362231
1780456755,117.363151
1780456755,101.840048
1780456755,103.032599
1780456755,106.515891
1780456755,106.470583
1780456755,107.063137
1780456755,107.214918
1780456755,107.803749
1780456755,107.808998
1780456755,108.078507
1780456755,104.109355
1780456755,103.256152
1780456755,108.709422
1780456755,109.114899
1780456755,109.273231
1780456755,109.878631
1780456755,109.801924
1780456755,109.879044
1780456755,104.093085
1780456755,110.000809
1780456755,110.498648
1780456755,106.319903
1780456755,106.456101
1780456755,106.501603
1780456755,106.537249
1780456755,108.537807
1780456755,108.445839
1780456755,108.521844
1780456755,108.768023
1780456755,113.671404
1780456755,113.605618
1780456755,108.986254
1780456755,113.728727
1780456755,108.994985
1780456755,113.588799
1780456755,108.844176
1780456755,109.198128
1780456755,113.676944
1780456755,109.816853
1780456755,111.460661
1780456755,111.107119
1780456755,111.199350
1780456755,113.482620
1780456755,113.561192
1780456755,113.520557
1780456755,104.401750
1780456755,104.546049
1780456755,104.584983
1780456755,104.614538
1780456755,104.716017
1780456755,114.563697
1780456755,114.740444
1780456755,103.774928
1780456755,104.945524
1780456755,105.100757
1780456755,105.596970
1780456755,105.882377
1780456755,105.764092
1780456755,106.024403
1780456755,106.051449
1780456755,102.899249
1780456755,103.494225
1780456755,103.632286
1780456755,107.136542
1780456755,107.425848
1780456755,107.862570
1780456755,108.043734
1780456755,108.810246
1780456755,108.742348
1780456755,108.740995
1780456755,105.469162
1780456755,105.308577
1780456755,104.685634
1780456755,105.456777
1780456755,109.273498
1780456755,109.397593
1780456755,105.232498
1780456755,103.715545
1780456755,104.782758
1780456755,109.367960
1780456755,105.323132
1780456755,104.057408
1780456755,103.926997
1780456755,104.876445
1780456755,104.873680
1780456755,106.205561
1780456755,107.641011
1780456755,108.183151
1780456755,103.030095
1780456755,103.193146
1780456755,109.657444
1780456755,109.183376
1780456755,108.234595
1780456755,108.021051
1780456755,103.610982
1780456755,108.454087
1780456755,104.712076
1780456755,107.307130
1780456755,107.157976
1780456755,107.430630
1780456755,107.316466
1780456755,107.384042
1780456755,108.172548
1780456755,108.238334
1780456755,106.444683
1780456755,104.742291
1780456755,105.003270
1780456755,108.582483
1780456755,105.815378
1780456755,107.716420
1780456755,104.104996
1780456755,107.720659
1780456755,107.275677
1780456755,109.955639
1780456755,124.380663
1780456755,106.803693
1780456755,124.791169
1780456755,124.664608
1780456755,107.679783
1780456755,124.118166
1780456755,108.225333
1780456755,125.320765
1780456755,124.555817
1780456755,104.389728
1780456755,126.244307
1780456755,126.214621
1780456755,126.147226
1780456755,107.508447
1780456755,106.360646
1780456755,126.512390
1780456755,125.269694
1780456755,125.534093
1780456755,126.065216
1780456755,107.417641
1780456755,123.453075
1780456755,126.209675
1780456755,126.411447
1780456755,105.872011
1780456755,118.683227
1780456755,123.885522
1780456755,123.553698
1780456755,121.900874
1780456755,122.430474
1780456755,118.844198
1780456755,120.914436
1780456755,123.042421
1780456755,118.977646
1780456755,105.178532
1780456755,118.989695
1780456755,118.996786
1780456755,119.060353
1780456755,107.083966
1780456755,107.779295
1780456755,110.394988
1780456755,110.802150
1780456755,108.356340
1780456755,108.133078
1780456755,108.797900
1780456755,109.591117
1780456755,111.382376
1780456755,109.681238
1780456755,110.707108
1780456755,110.071002
1780456755,110.362476
1780456755,110.381501
1780456755,110.347294
1780456755,110.321401
1780456755,111.091705
1780456755,111.050290
1780456755,110.557462
1780456755,111.020218
1780456755,109.536458
1780456755,109.022110
1780456755,111.291830
1780456755,109.637336
1780456755,112.843255
1780456755,112.247556
1780456755,110.891819
1780456755,112.868987
1780456755,111.230132
1780456755,111.235379
1780456755,108.539630
1780456755,112.073341
1780456755,105.509634
1780456755,105.669412
1780456755,112.342551
1780456755,105.613093
1780456755,105.799367
1780456755,104.411167
1780456755,104.428048
1780456755,104.358607
1780456755,126.510591
1780456755,126.971961
1780456755,126.416639
1780456755,127.438672
1780456755,127.454113
1780456755,127.686382
1780456755,127.752629
1780456755,127.559857
1780456755,102.531975
1780456755,126.362298
1780456755,107.968400
1780456755,128.957234
1780456755,129.631204
1780456755,108.323631
1780456755,126.314996
1780456755,104.876719
1780456755,130.450698
1780456755,108.577488
1780456755,106.089887
1780456755,109.934485
1780456755,107.340114
1780456755,109.253131
1780456755,107.137043
1780456755,112.897407
1780456755,132.526768
1780456755,113.369026
1780456755,126.376258
1780456755,130.108999
1780456755,132.027900
1780456755,114.446331
1780456755,109.733814
1780456755,114.645634
1780456755,132.774408
1780456755,114.561657
1780456755,131.911286
1780456755,109.295842
1780456755,130.567149
1780456755,114.726726
1780456755,114.756032
1780456755,128.513372
1780456755,115.910648
1780456755,113.056166
1780456755,128.766983
1780456755,128.893765
1780456755,110.413584
1780456755,130.821732
1780456755,109.025753
1780456755,128.797187
1780456755,107.816582
1780456755,110.660325
1780456755,131.672977
1780456755,131.726285
1780456755,131.576719
1780456755,131.699917
1780456755,131.668179
1780456755,130.932230
1780456755,118.335462
1780456755,131.786081
1780456755,110.669758
1780456755,110.729308
1780456755,130.647231
1780456755,118.390480
1780456755,130.480992
1780456755,130.563684
1780456755,131.049461
1780456755,112.340432
1780456755,110.382112
1780456755,128.764532
1780456755,109.048348
1780456755,110.617367
1780456755,131.757064
1780456755,111.836183
1780456755,130.985114
1780456755,130.170815
1780456755,131.848349
1780456755,110.113114
1780456755,131.275838
1780456755,111.463244
1780456755,130.268926
1780456755,111.862630
1780456755,110.234419
1780456755,131.303283
1780456755,108.176838
1780456755,129.098351
1780456755,131.986689
1780456755,129.135929
1780456755,109.878721
1780456755,127.043406
1780456755,108.959545
1780456755,132.765887
1780456755,132.808476
1780456755,110.265159
1780456755,110.499499
1780456755,130.600587
1780456755,109.439074
1780456755,105.729448
1780456755,108.661284
1780456755,135.887194
1780456755,134.889744
1780456755,110.766875
1780456755,135.528115
1780456755,109.418679
1780456755,136.859895
1780456755,136.803168
1780456755,136.213418
1780456755,136.370962
1780456755,133.422497
1780456755,136.359954
1780456755,108.393004
1780456755,109.052473
1780456755,136.249840
1780456755,130.632522
1780456755,129.684272
1780456755,136.951125
1780456755,128.184813
1780456755,131.839664
1780456755,108.765840
1780456755,108.724940
1780456755,137.497908
1780456755,108.649749
1780456755,138.815325
1780456755,136.022530
1780456755,129.412388
1780456755,136.153599
1780456755,128.830924
1780456755,138.685132
1780456755,129.401995
1780456755,129.119389
1780456755,129.099629
1780456755,129.567394
1780456755,138.273609
1780456755,129.571675
1780456755,129.246024
1780456755,129.363040
1780456755,129.168199
1780456755,138.679831
1780456755,138.923303
1780456755,129.418669
1780456755,107.132312
1780456755,110.342007
1780456755,110.441540
1780456755,110.498388
1780456755,110.589298
1780456755,127.552303
1780456755,110.378041
1780456755,127.480685
1780456755,127.219548
1780456755,127.175465
1780456755,110.334088
1780456755,137.800296
1780456755,105.049324
1780456755,129.750946
1780456755,129.964072
1780456755,108.649866
1780456755,110.060613
1780456755,116.439124
1780456755,111.005159
1780456755,110.104054
1780456755,109.940957
1780456755,127.124832
1780456755,130.158739
1780456755,127.241670
1780456755,130.167000
1780456755,130.189169
1780456755,111.479728
1780456755,134.502147
1780456755,130.415484
1780456755,130.598760
1780456755,111.640107
1780456755,130.218430
1780456755,137.717763
1780456755,129.967244
1780456755,131.006495
1780456755,111.488371
1780456755,130.791345
1780456755,106.500480
1780456755,115.381357
1780456755,118.926107
1780456755,122.537944
1780456755,117.794750
1780456755,123.233591
1780456755,118.934549
1780456755,119.132581
1780456755,135.496599
1780456755,130.408810
1780456755,112.726663
1780456755,137.373028
1780456755,116.429221
1780456755,124.324238
1780456755,130.640784
1780456755,137.360730
1780456755,117.654684
1780456755,130.515573
1780456755,116.491678
1780456755,117.958921
1780456755,117.752017
1780456755,115.931695
1780456755,120.059992
1780456755,120.158300
1780456755,119.563248
1780456755,121.016067
1780456755,112.379643
1780456755,126.906022
1780456755,127.128572
1780456755,112.369423
1780456755,112.422884
1780456755,130.957329
1780456755,125.387633
1780456755,113.302309
1780456755,126.324125
1780456755,112.526309
1780456755,112.221097
1780456755,113.791584
1780456755,112.116702
1780456755,112.562361
1780456755,113.347483
1780456755,121.299996
1780456755,121.542712
1780456755,138.888780
1780456755,113.039072
1780456755,139.092091
1780456755,123.239478
1780456755,135.810313
1780456755,125.249999
1780456755,133.294769
1780456755,136.051128
1780456755,123.473704
1780456755,126.553603
1780456755,127.721481
1780456755,127.398984
1780456755,128.493209
1780456755,112.470568
1780456755,128.942748
1780456755,113.720627
1780456755,136.196060
1780456755,128.148535
1780456755,114.051238
1780456755,110.880373
1780456755,114.288419
1780456755,114.615955
1780456755,119.052622
1780456755,118.620789
1780456755,117.755820
1780456755,120.990073
1780456755,114.670558
1780456755,111.126498
1780456755,111.120013
1780456755,112.252672
1780456755,116.141676
1780456755,126.717226
1780456755,123.493441
1780456755,126.105757
1780456755,123.406356
1780456755,135.520825
1780456755,122.510343
1780456755,135.149274
1780456755,122.590681
1780456755,135.737424
1780456755,134.749218
1780456755,135.751615
1780456755,123.747458
1780456755,125.654777
1780456755,134.930769
1780456755,126.222032
1780456755,125.693292
1780456755,112.059268
1780456755,112.509613
1780456755,114.420650
1780456755,115.908795
1780456755,114.484000
1780456755,124.102475
1780456755,118.538482
1780456755,125.408173
1780456755,114.891255
1780456755,116.137820
1780456755,128.103478
1780456755,129.192861
1780456755,119.975033
1780456755,130.622415
1780456755,122.357683
1780456755,123.213116
1780456755,123.842505
1780456755,121.250987
1780456755,138.980807
1780456755,121.536431
1780456755,124.477841
1780456755,133.607788
1780456755,123.279799
1780456755,117.837421
1780456755,112.856418
1780456755,117.294413
1780456755,117.305339
1780456755,112.409069
1780456755,117.961580
1780456755,114.010165
1780456755,117.712403
1780456755,122.720446
1780456755,117.525058
1780456755,113.079949
1780456755,115.243472
1780456755,114.006260
1780456755,111.523131
1780456755,114.385298
1780456755,122.307517
1780456755,122.689472
1780456755,123.016955
1780456755,117.610029
1780456755,121.379972
1780456755,121.317610
1780456755,123.622840
1780456755,121.123363
1780456755,115.149751
1780456755,115.102705
1780456755,114.179563
1780456755,125.297008
1780456755,114.258026
1780456755,125.330165
1780456755,110.642811
1780456755,115.382887
1780456755,110.605248
1780456755,120.829467
1780456755,110.289485
1780456755,120.738802
1780456755,113.312865
1780456755,118.118247
1780456755,118.523041
1780456755,118.753885
1780456755,113.713766
1780456755,110.188142
1780456755,110.117547
1780456755,110.128871
1780456755,106.545965
1780456755,109.802584
1780456755,110.847677
1780456755,118.498707
1780456755,118.539255
1780456755,117.682947
1780456755,110.218979
1780456755,110.149401
1780456755,117.020282
1780456755,114.669056
1780456755,113.783258
1780456755,110.979223
1780456755,117.082665
1780456755,109.424715
1780456755,117.176464
1780456755,113.883559
1780456755,110.450585
1780456755,116.468976
1780456755,112.341785
1780456755,105.224075
1780456755,116.820587
1780456755,116.788338
1780456755,123.030867
1780456755,119.146198
1780456755,122.418077
1780456755,122.396772
1780456755,110.907819
1780456755,110.366161
1780456755,113.117059
1780456755,104.717275
1780456755,113.110197
1780456755,113.080777
1780456755,116.663195
1780456755,111.298369
1780456755,112.101214
1780456755,117.387244
1780456755,116.004908
1780456755,116.007746
1780456755,115.493556
1780456755,115.634584
1780456755,105.166922
1780456755,114.825068
1780456755,105.090711
1780456755,113.699378
1780456755,113.527766
1780456755,105.106328
1780456755,117.255326
1780456755,112.420421
1780456755,117.690579
1780456755,105.226112
1780456755,112.756163
1780456755,112.820410
1780456755,104.413858
1780456755,113.970481
1780456755,111.812225
1780456755,113.887334
1780456755,114.110963
1780456755,104.597320
1780456755,117.003589
1780456755,111.615532
1780456755,112.984977
1780456755,104.740260
1780456755,111.679998
1780456755,117.185998
1780456755,111.646408
1780456755,111.242139
1780456755,103.898633
1780456755,112.078527
1780456755,104.084606
1780456755,112.234188
1780456755,111.412711
1780456755,104.609337
1780456755,103.497963
1780456755,111.736595
1780456755,111.826478
1780456755,110.076276
1780456755,117.065797
1780456755,105.023997
1780456755,117.176343
1780456755,111.270392
1780456755,117.403923
1780456755,104.328730
1780456755,123.884566
1780456755,111.599374
1780456755,122.354889
1780456755,122.679617
1780456755,122.972715
1780456755,115.896737
1780456755,121.013409
1780456755,111.605361
1780456755,103.501825
1780456755,111.901142
1780456755,104.079518
1780456755,105.421655
1780456755,111.664322
1780456755,112.545626
1780456755,118.097698
1780456755,110.905628
1780456755,103.781866
1780456755,113.134874
1780456755,113.197892
1780456755,118.853734
1780456755,113.015356
1780456755,118.755215
1780456755,113.159182
1780456755,105.631537
1780456755,113.882635
1780456755,118.659043
1780456755,110.710133
1780456755,103.710349
1780456755,114.446702
1780456755,103.112101
1780456755,123.578704
1780456755,123.254532
1780456755,122.596328
1780456755,110.099503
1780456755,113.304953
1780456755,112.786535
1780456755,121.860100
1780456755,103.411997
1780456755,121.995867
1780456755,112.771873
1780456755,114.303149
1780456755,119.505666
1780456755,111.787382
1780456755,103.344838
1780456755,119.507219
1780456755,111.804918
1780456755,113.164010
1780456755,120.589469
1780456755,111.678958
1780456755,112.157974
1780456755,120.690651
1780456755,114.417817
1780456755,111.062076
1780456755,120.363990
1780456755,110.075352
1780456755,119.747954
1780456755,110.223664
1780456755,109.274016
1780456755,110.436889
1780456755,120.578504
1780456755,120.699202
1780456755,110.578203
1780456755,110.378839
1780456755,110.715271
1780456755,108.472364
1780456755,110.887368
1780456755,108.821273
1780456755,110.015874
1780456755,107.858120
1780456755,109.492323
1780456755,121.751792
1780456755,108.421761
1780456755,104.231161
1780456755,108.439642
1780456755,103.829604
1780456755,120.936766
1780456755,121.024541
1780456755,111.085795
1780456755,111.875137
1780456755,108.876801
1780456755,108.799193
1780456755,108.815579
1780456755,110.445972
1780456755,111.067537
1780456755,109.992274
1780456755,111.175556
1780456755,107.581287
1780456755,109.153940
1780456755,108.017500
1780456755,122.792050
1780456755,107.046079
1780456755,107.152855
1780456755,122.777410
1780456755,105.880594
1780456755,122.210246
1780456755,104.757613
1780456755,109.269713
1780456755,110.573335
1780456755,109.561453
1780456755,123.886801
1780456755,108.196486
1780456755,107.371837
1780456755,123.833227
1780456755,108.369108
1780456755,108.237885
1780456755,109.598085
1780456755,105.734012
1780456755,107.394925
1780456755,124.226889
1780456755,125.661538
1780456755,108.597650
1780456755,109.720429
1780456755,108.937870
1780456755,123.964456
1780456755,110.034450
1780456755,108.424786
1780456755,125.881815
1780456755,108.148345
1780456755,124.254503
1780456755,106.292769
1780456755,106.848885
1780456755,110.313280
1780456755,109.542862
1780456755,110.490022
1780456755,106.799272
1780456755,106.809451
1780456755,124.772385
1780456755,124.756625
1780456755,109.141296
1780456755,106.044880
1780456755,109.110846
1780456755,107.767985
1780456755,109.179219
1780456755,107.958079
1780456755,108.047299
1780456755,110.861377
1780456755,108.225046
1780456755,110.328997
1780456755,109.956498
1780456755,108.650205
1780456755,112.195030
1780456755,110.902850
1780456755,126.321766
1780456755,108.538165
1780456755,112.024479
1780456755,111.154592
1780456755,108.983656
1780456755,107.779187
1780456755,108.970071
1780456755,107.744663
1780456755,111.515158
1780456755,108.957109
1780456755,108.190747
1780456755,126.786423
1780456755,108.246416
1780456755,127.012139
1780456755,112.145091
1780456755,125.797516
1780456755,128.048404
1780456755,127.934175
1780456755,112.261231
1780456755,127.259816
1780456755,108.696114
1780456755,127.441600
1780456755,110.030349
1780456755,111.803516
1780456755,110.425833
1780456755,127.496879
1780456755,108.495925
1780456755,110.643081
1780456755,109.014842
1780456755,127.537284
1780456755,107.831778
1780456755,127.884172
1780456755,108.093965
1780456755,109.373654
1780456755,110.915873
1780456755,127.889599
1780456755,126.913829
1780456755,111.408754
1780456755,111.653282
1780456755,109.776890
1780456755,113.663375
1780456755,111.935255
1780456755,109.187839
1780456755,107.931781
1780456755,107.991249
1780456755,109.374152
1780456755,107.991884
1780456755,112.334861
1780456755,108.009806
1780456755,128.171799
1780456755,112.260710
1780456755,107.317156
1780456755,115.188209
1780456755,112.613357
1780456755,129.387606
1780456755,112.558462
1780456755,108.831408
1780456755,112.754773
1780456755,112.909762
1780456755,107.992950
1780456755,107.953548
1780456755,126.713820
1780456755,106.765665
1780456755,128.090168
1780456755,111.605961
1780456755,113.685083
1780456755,106.257333
1780456755,107.771539
1780456755,106.408047
1780456755,106.282006
1780456755,130.003694
1780456755,127.693270
1780456755,106.400052
1780456755,129.958676
1780456755,114.627641
1780456755,107.863527
1780456755,113.922083
1780456755,106.572006
1780456755,108.188571
1780456755,113.371813
1780456755,104.486363
1780456755,115.202899
1780456755,109.203000
1780456755,114.050146
1780456755,106.576443
1780456755,107.756803
1780456755,107.851555
1780456755,115.593555
1780456755,104.770907
1780456755,103.764457
1780456755,114.460409
1780456755,132.322860
1780456755,104.409457
1780456755,130.485548
1780456755,116.551823
1780456755,131.980853
1780456755,115.756934
1780456755,130.668228
1780456755,103.368126
1780456755,110.909704
1780456755,104.230121
1780456755,130.842354
1780456755,116.004340
1780456755,116.127354
1780456755,114.971146
1780456755,116.321053
1780456755,106.474582
1780456755,133.557049
1780456755,104.987240
1780456755,115.012149
1780456755,115.070399
1780456755,104.958054
1780456755,106.089796
1780456755,132.960854
1780456755,133.082676
1780456755,115.244236
1780456755,115.156786
1780456755,132.917662
1780456755,116.586237
1780456755,116.721421
1780456755,133.072690
1780456755,114.423336
1780456755,116.608460
1780456755,133.084447
1780456755,114.561323
1780456755,133.211680
1780456755,114.668295
1780456755,134.496957
1780456755,116.153858
1780456755,114.105915
1780456755,134.821645
1780456755,115.190873
1780456755,134.170491
1780456755,116.461448
1780456755,134.202006
1780456755,113.370385
1780456755,115.376827
1780456755,131.928843
1780456755,113.541754
1780456755,114.707410
1780456755,134.043503
1780456755,113.608697
1780456755,113.397056
1780456755,132.495504
1780456755,133.990772
1780456755,114.214190
1780456755,114.122500
1780456755,112.687781
1780456755,112.876307
1780456755,132.916261
1780456755,133.089917
1780456755,112.903769
1780456755,129.644769
1780456755,111.108968
1780456755,109.813592
1780456755,103.472873
1780456755,109.590490
1780456755,103.883942
1780456755,120.349235
1780456755,102.787418
1780456755,109.662264
1780456755,120.242479
1780456755,115.944051
1780456755,109.387414
1780456755,113.526679
1780456755,108.696672
1780456755,113.942362
1780456755,108.956233
1780456755,115.141624
1780456755,103.445222
1780456755,113.242199
1780456755,103.463090
1780456755,113.335875
1780456755,103.640688
1780456755,109.334003
1780456755,113.414205
1780456755,103.620134
1780456755,102.631051
1780456755,113.420471
1780456755,108.969406
1780456755,113.599292
1780456755,102.656183
1780456755,109.209895
1780456755,113.375111
1780456755,109.488248
1780456755,113.595890
1780456755,103.112322
1780456755,108.366150
1780456755,113.273586
1780456755,113.484480
1780456755,108.411691
1780456755,103.301529
1780456755,108.673511
1780456755,113.334789
1780456755,108.809576
1780456755,102.394169
1780456755,112.917330
1780456755,108.883858
1780456755,102.568231
1780456755,113.141735
1780456755,112.914154
1780456755,109.261668
1780456755,102.483234
1780456755,109.149571
1780456755,113.158703
1780456755,113.480614
1780456755,104.418961
1780456755,108.938601
1780456755,112.759680
1780456755,109.066738
1780456755,103.298135
1780456755,107.812943
1780456755,108.381740
1780456755,103.895369
1780456755,108.617279
1780456755,112.660259
1780456755,108.664332
1780456755,113.610223
1780456755,103.956430
1780456755,108.785922
1780456755,104.110962
1780456755,113.055946
1780456755,113.425193
1780456755,109.468973
1780456755,106.492592
1780456755,103.523567
1780456755,115.173172
1780456755,113.797649
1780456755,113.730616
1780456755,113.888009
1780456755,104.937553
1780456755,113.598914
1780456755,109.582571
1780456755,102.616576
1780456755,103.743470
1780456755,113.364746
1780456755,105.472767
1780456755,108.719820
1780456755,113.705984
1780456755,105.823838
1780456755,113.844046
1780456755,103.268454
1780456755,105.752003
1780456755,109.186515
1780456755,109.145468
1780456755,104.744501
1780456755,112.905142
1780456755,109.472511
1780456755,104.990426
1780456755,114.362640
1780456755,109.713813
1780456755,105.200240
1780456755,112.936098
1780456755,102.391771
1780456755,109.778501
1780456755,102.599425
1780456755,110.094941
1780456755,110.421351
1780456755,113.820325
1780456755,104.677370
1780456755,102.949437
1780456755,104.732736
1780456755,110.673572
1780456755,104.955968
1780456755,114.178873
1780456755,109.441558
1780456755,105.118958
1780456755,114.510359
1780456755,114.632259
1780456755,114.611842
1780456755,103.473936
1780456755,109.602060
1780456755,104.129189
1780456755,104.228155
1780456755,115.531474
1780456755,104.668925
1780456755,115.648263
1780456755,105.374523
1780456755,115.663237
1780456755,108.385399
1780456755,105.347553
1780456755,105.726497
1780456755,107.262815
1780456755,106.096197
1780456755,111.734636
1780456755,107.349020
1780456755,107.330031
1780456755,114.832216
1780456755,105.705439
1780456755,107.526036
1780456755,105.881750
1780456755,115.195722
1780456755,107.942841
1780456755,106.124037
1780456755,108.054324
1780456755,116.831944
1780456755,116.922811
1780456755,112.482531
1780456755,116.919813
1780456755,108.245618
1780456755,115.759000
1780456755,112.518609
1780456755,108.386232
1780456755,112.691392
1780456755,116.933864
1780456755,112.647646
1780456755,106.799077
1780456755,116.022253
1780456755,108.423588
1780456755,108.395047
1780456755,116.282927
1780456755,107.480453
1780456755,106.149276
1780456755,116.696014
1780456755,108.054542
1780456755,107.939046
1780456755,116.921843
1780456755,105.104288
1780456755,108.085329
1780456755,104.428938
1780456755,117.262163
1780456755,107.712992
1780456755,108.052903
1780456755,106.822715
1780456755,118.322854
1780456755,109.674522
1780456755,118.511225
1780456755,105.639141
1780456755,118.834573
1780456755,105.632864
1780456755,108.695325
1780456755,117.911139
1780456755,108.956812
1780456755,118.448897
1780456755,108.262839
1780456755,109.428445
1780456755,118.631738
1780456755,108.484209
1780456755,108.191233
1780456755,118.650003
1780456755,118.873495
1780456755,118.804771
1780456755,108.923745
1780456755,118.168725
1780456755,109.562647
1780456755,109.339198
1780456755,109.752391
1780456755,118.622128
1780456755,109.599693
1780456755,118.826359
1780456755,110.182730
1780456755,110.189108
1780456755,109.063154
1780456755,119.017922
1780456755,109.169319
1780456755,109.196218
1780456755,118.950660
1780456755,119.289795
1780456755,110.532464
1780456755,109.565456
1780456755,119.364407
1780456755,109.568156
1780456755,109.642629
1780456755,119.521695
1780456755,109.420726
1780456755,118.364065
1780456755,109.589272
1780456755,118.646770
1780456755,108.530540
1780456755,118.733932
1780456755,103.579910
1780456755,119.190341
1780456755,120.546339
1780456755,119.317841
1780456755,102.623120
1780456755,119.437211
1780456755,103.085550
1780456755,119.541439
1780456755,109.163992
1780456755,108.720858
1780456755,119.927804
1780456755,108.885833
1780456755,120.022762
1780456755,103.735485
1780456755,117.719045
1780456755,102.748303
1780456755,108.200772
1780456755,104.057077
1780456755,107.261645
1780456755,106.517950
1780456755,108.217971
1780456755,108.259321
1780456755,108.291927
1780456755,110.496758
1780456755,106.399608
1780456755,113.322992
1780456755,106.867365
1780456755,111.864304
1780456755,105.778168
1780456755,112.084309
1780456755,106.284626
1780456755,111.570014
1780456755,112.515622
1780456755,107.556560
1780456755,112.864894
1780456755,105.708761
1780456755,105.702505
1780456755,105.715338
1780456755,112.994805
1780456755,105.878476
1780456755,104.624918
1780456755,107.343369
1780456755,107.235064
1780456755,111.900426
1780456755,107.919310
1780456755,112.760909
1780456755,111.836983
1780456755,108.961224
1780456755,108.085029
1780456755,106.934619
1780456755,106.791154
1780456755,112.506194
1780456755,112.549655
1780456755,107.148297
1780456755,112.530419
1780456755,105.950158
1780456755,113.965367
1780456755,108.724203
1780456755,107.552550
1780456755,113.931128
1780456755,107.519989
1780456755,105.642167
1780456755,109.357042
1780456755,114.673760
1780456755,107.001271
1780456755,106.270293
1780456755,107.256004
1780456755,108.370956
1780456755,111.070020
1780456755,113.182146
1780456755,108.581909
1780456755,113.828022
1780456755,113.831246
1780456755,114.325158
1780456755,111.270968
1780456755,109.023524
1780456755,111.449735
1780456755,107.956594
1780456755,108.158072
1780456755,111.720978
1780456755,111.776930
1780456755,107.828452
1780456755,112.357819
1780456755,112.535673
1780456755,110.081796
1780456755,108.818547
1780456755,108.136068
1780456755,112.546747
1780456755,109.117371
1780456755,111.727989
1780456755,108.627202
1780456755,110.996670
1780456755,111.182699
1780456755,109.798073
1780456755,109.183225
1780456755,109.864485
1780456755,108.658155
1780456755,108.489785
1780456755,110.075325
1780456755,106.440906
1780456755,113.166194
1780456755,107.910393
1780456755,107.825764
1780456755,110.903260
1780456755,110.683924
1780456755,107.082083
1780456755,110.904237
1780456755,109.664334
1780456755,111.337246
1780456755,111.348309
1780456755,111.220913
1780456755,111.177107
1780456755,110.409499
1780456755,104.067302
1780456755,104.065537
1780456755,104.150315
1780456755,104.091746
1780456755,109.522525
1780456755,109.519403
1780456755,110.864602
1780456755,109.478437
1780456755,108.260893
1780456755,104.624536
1780456755,109.584559
1780456755,108.459739
1780456755,108.396465
1780456755,109.787850
1780456755,108.489225
1780456755,109.894093
1780456755,108.541577
1780456755,104.612147
1780456755,110.048281
1780456755,104.736773
1780456755,109.134216
1780456755,108.038345
1780456755,109.160707
1780456755,103.063196
1780456755,109.386940
1780456755,109.390987
1780456755,109.567508
1780456755,105.369221
1780456755,108.155287
1780456755,103.129239
1780456755,107.256081
1780456755,103.367636
1780456755,107.604980
1780456755,106.226355
1780456755,106.325851
1780456755,106.447099
1780456755,104.762188
1780456755,106.477797
1780456755,104.780176
1780456755,106.598247
1780456755,104.633667
1780456755,104.443546
1780456755,107.286091
1780456755,105.381910
1780456755,105.572852
1780456755,105.238199
1780456755,105.528746
1780456755,107.903688
1780456755,107.996563
1780456755,107.834729
1780456755,105.943436
1780456755,105.753371
1780456755,108.156193
1780456755,108.313725
1780456755,108.206891
1780456755,106.343129
1780456755,106.197547
1780456755,108.436033
1780456755,107.824230
1780456755,106.261199
1780456755,102.667675
1780456755,106.856467
1780456755,105.660339
1780456755,107.648033
1780456755,109.775030
1780456755,108.523196
1780456755,108.037522
1780456755,107.747622
1780456755,108.676091
1780456755,109.909798
1780456755,108.690589
1780456755,107.830485
1780456755,108.050704
1780456755,108.316718
1780456755,107.215045
1780456755,104.481352
1780456755,108.119874
1780456755,108.604620
1780456755,108.456241
1780456755,107.477563
1780456755,109.092286
1780456755,108.793999
1780456755,109.270418
1780456755,105.696831
1780456755,105.711329
1780456755,108.072263
1780456755,109.083403
1780456755,108.433522
1780456755,108.211516
1780456755,109.498674
1780456755,109.577926
1780456755,107.615080
1780456755,107.421171
1780456755,107.810823
1780456755,108.502600
1780456755,106.838982
1780456755,107.850825
1780456755,109.749425
1780456755,111.858179
1780456755,111.862531
1780456755,107.333417
1780456755,106.828875
1780456755,108.516818
1780456755,113.702307
1780456755,111.747905
1780456755,108.891665
1780456755,112.529675
1780456755,106.509157
1780456755,114.660816
1780456755,108.559348
1780456755,108.569465
1780456755,109.011559
1780456755,115.087494
1780456755,115.457265
1780456755,106.345224
1780456755,106.393797
1780456755,103.246989
1780456755,109.170486
1780456755,115.980114
1780456755,105.940231
1780456755,106.289523
1780456755,107.308697
1780456755,102.845918
1780456755,105.712216
1780456755,117.794222
1780456755,111.011993
1780456755,105.900245
1780456755,106.668506
1780456755,117.377159
1780456755,106.750288
1780456755,104.456963
1780456755,106.749978
1780456755,117.873562
1780456755,117.932353
1780456755,104.915808
1780456755,110.570616
1780456755,110.879203
1780456755,110.929130
1780456755,111.184394
1780456755,108.128775
1780456755,110.916291
1780456755,108.193048
1780456755,108.094453
1780456755,115.829233
1780456755,111.480412
1780456755,115.927379
1780456755,118.815328
1780456755,111.205061
1780456755,111.009825
1780456755,111.395435
1780456755,110.934056
1780456755,105.346462
1780456755,111.796281
1780456755,111.638814
1780456755,111.663246
1780456755,107.422403
1780456755,105.097258
1780456755,111.067807
1780456755,111.608096
1780456755,111.042844
1780456755,110.810858
1780456755,109.990716
1780456755,109.734376
1780456755,109.981620
1780456755,107.695964
1780456755,111.474834
1780456755,107.805690
1780456755,111.291608
1780456755,105.997764
1780456755,111.221732
1780456755,109.571330
1780456755,105.548925
1780456755,110.126633
1780456755,111.198244
1780456755,112.837423
1780456755,111.740386
1780456755,108.217148
1780456755,110.324662
1780456755,110.137336
1780456755,109.391801
1780456755,109.403448
1780456755,109.165973
1780456755,109.424467
1780456755,110.247225
1780456755,110.340751
1780456755,110.682480
1780456755,110.785249
1780456755,110.708213
1780456755,111.789851
1780456755,112.396003
1780456755,108.980449
1780456755,112.526466
1780456755,112.519839
1780456755,112.736914
1780456755,112.758531
1780456755,116.258804
1780456755,116.822418
1780456755,112.813665
1780456755,116.764122
1780456755,116.918857
1780456755,112.873003
1780456755,116.211503
1780456755,116.890582
1780456755,116.869712
1780456755,116.968119
1780456755,117.033618
1780456755,116.947761
1780456755,116.390359
1780456755,117.045387
1780456755,114.254039
1780456755,117.983524
1780456755,115.628333
1780456755,118.015990
1780456755,117.477238
1780456755,114.494104
1780456755,114.423921
1780456755,115.681989
1780456755,109.851648
1780456755,117.144615
1780456755,109.935583
1780456755,109.899161
1780456755,114.673419
1780456755,112.670418
1780456755,114.839216
1780456755,108.463747
1780456755,108.480495
1780456756,114.743834
1780456756,109.091867
1780456756,109.948862
1780456756,115.988573
1780456756,111.042432
1780456756,117.278359
1780456756,114.814287
1780456756,118.606383
1780456756,113.402526
1780456756,115.294713
1780456756,120.091915
1780456756,113.472993
1780456756,114.472936
1780456756,108.400166
1780456756,117.829158
1780456756,112.868778
1780456756,117.868576
1780456756,121.285647
1780456756,118.747026
1780456756,120.623695
1780456756,120.468019
1780456756,106.332891
1780456756,106.341155
1780456756,110.515964
1780456756,105.390626
1780456756,116.610565
1780456756,105.319725
1780456756,104.723711
1780456756,106.537505
1780456756,112.629750
1780456756,115.873822
1780456756,115.953710
1780456756,115.951980
1780456756,119.395403
1780456756,117.193141
1780456756,112.819306
1780456756,112.865389
1780456756,117.302163
1780456756,119.557830
1780456756,107.174455
1780456756,118.995879
1780456756,107.959649
1780456756,126.028464
1780456756,109.597531
1780456756,115.631474
1780456756,108.110612
1780456756,124.079059
1780456756,118.673206
1780456756,108.859759
1780456756,105.860341
1780456756,124.291285
1780456756,115.834440
1780456756,106.774787
1780456756,115.796133
1780456756,118.622692
1780456756,117.340149
1780456756,115.988562
1780456756,106.579266
1780456756,105.351169
1780456756,105.503646
1780456756,105.789719
1780456756,112.189151
1780456756,111.573469
1780456756,106.305069
1780456756,106.514991
1780456756,106.592524
1780456756,106.817439
1780456756,110.883645
1780456756,111.679788
1780456756,106.957826
1780456756,117.266928
1780456756,111.743163
1780456756,107.875458
1780456756,108.063939
1780456756,107.998574
1780456756,111.950541
1780456756,108.447452
1780456756,107.678288
1780456756,108.455419
1780456756,109.381627
1780456756,109.328660
1780456756,106.064840
1780456756,107.251480
1780456756,111.218829
1780456756,109.217529
1780456756,108.974278
1780456756,105.575214
1780456756,106.777623
1780456756,105.875770
1780456756,106.753887
1780456756,106.521311
1780456756,106.045203
1780456756,106.163879
1780456756,106.533060
1780456756,113.433337
1780456756,112.076243
1780456756,104.250293
1780456756,112.866709
1780456756,107.010619
1780456756,106.123594
1780456756,106.859210
1780456756,112.164968
1780456756,115.986777
1780456756,108.747394
1780456756,108.321976
1780456756,109.139890
1780456756,117.490447
1780456756,110.473013
1780456756,126.118944
1780456756,112.672777
1780456756,116.737786
1780456756,113.360513
1780456756,122.712718
1780456756,110.790042
1780456756,117.971819
1780456756,112.294222
1780456756,112.823871
1780456756,111.988612
1780456756,112.253001
1780456756,110.123616
1780456756,111.713900
1780456756,112.305083
1780456756,112.485744
1780456756,127.186898
1780456756,114.579278
1780456756,103.720404
1780456756,114.655463
1780456756,115.365652
1780456756,104.195113
1780456756,110.814375
1780456756,110.891745
1780456756,103.890469
1780456756,105.030155
1780456756,105.272110
1780456756,106.079808
1780456756,113.981291
1780456756,107.778433
1780456756,103.952003
1780456756,104.063498
1780456756,104.392939
1780456756,106.218849
1780456756,104.832344
1780456756,105.279193
1780456756,106.421534
1780456756,107.041067
1780456756,106.104381
1780456756,103.033421
1780456756,117.176177
1780456756,117.211106
1780456756,117.241601
1780456756,104.002519
1780456756,113.494817
1780456756,112.780066
1780456756,108.194832
1780456756,106.389961
1780456756,107.816015
1780456756,106.471874
1780456756,106.713631
1780456756,103.488799
1780456756,107.637745
1780456756,107.249976
1780456756,108.990853
1780456756,107.508712
1780456756,109.346892
1780456756,108.256278
1780456756,109.307683
1780456756,104.835550
1780456756,104.931665
1780456756,105.859197
1780456756,109.633681
1780456756,105.603473
1780456756,106.806160
1780456756,107.866959
1780456756,107.143044
1780456756,107.972601
1780456756,108.737767
1780456756,108.775968
1780456756,107.246446
1780456756,105.127712
1780456756,108.259073
1780456756,106.103418
1780456756,106.097237
1780456756,106.092626
1780456756,105.041944
1780456756,108.355472
1780456756,110.410938
1780456756,106.895191
1780456756,109.577570
1780456756,107.906913
1780456756,109.685074
1780456756,109.514727
1780456756,109.307082
1780456756,103.905136
1780456756,112.272258
1780456756,110.485161
1780456756,108.166545
1780456756,104.985374
1780456756,111.563125
1780456756,110.596182
1780456756,105.154705
1780456756,106.934407
1780456756,110.788058
1780456756,105.101447
1780456756,105.290164
1780456756,110.442354
1780456756,110.962197
1780456756,106.225166
1780456756,106.447076
1780456756,105.226238
1780456756,108.360804
1780456756,104.122338
1780456756,108.294202
1780456756,107.458116
1780456756,109.624846
1780456756,108.873052
1780456756,112.438598
1780456756,109.415312
1780456756,105.621788
1780456756,108.451814
1780456756,106.054087
1780456756,104.740182
1780456756,104.068102
1780456756,104.746450
1780456756,110.833569
1780456756,109.845942
1780456756,109.500699
1780456756,111.411980
1780456756,109.966797
1780456756,111.325678
1780456756,112.232983
1780456756,110.786988
1780456756,109.569944
1780456756,109.698474
1780456756,109.847503
1780456756,110.537371
1780456756,111.008914
1780456756,107.187557
1780456756,106.286234
1780456756,110.309899
1780456756,108.373434
1780456756,108.452854
1780456756,108.644893
1780456756,109.355581
1780456756,104.774178
1780456756,108.954494
1780456756,107.289480
1780456756,103.944712
1780456756,103.933987
1780456756,128.914907
1780456756,118.025245
1780456756,107.932136
1780456756,115.689876
1780456756,111.504375
1780456756,115.037781
1780456756,124.994012
1780456756,115.212203
1780456756,112.647738
1780456756,121.127790
1780456756,123.094115
1780456756,123.146747
1780456756,122.724602
1780456756,112.860561
1780456756,121.411944
1780456756,125.263921
1780456756,125.238284
1780456756,113.320604
1780456756,114.219459
1780456756,113.462759
1780456756,113.308901
1780456756,120.174101
1780456756,129.537518
1780456756,125.957851
1780456756,125.790702
1780456756,120.592885
1780456756,125.967069
1780456756,125.132436
1780456756,123.977796
1780456756,120.763682
1780456756,118.270695
1780456756,120.701895
1780456756,123.953769
1780456756,126.590721
1780456756,122.638467
1780456756,126.328707
1780456756,118.491942
1780456756,126.140829
1780456756,126.215325
1780456756,118.603112
1780456756,118.719894
1780456756,118.689937
1780456756,118.409430
1780456756,125.231744
1780456756,126.359378
1780456756,125.343431
1780456756,126.523920
1780456756,125.475147
1780456756,118.602803
1780456756,126.181746
1780456756,124.376644
1780456756,126.278142
1780456756,126.417867
1780456756,118.937413
1780456756,126.592769
1780456756,118.584366
1780456756,122.162425
1780456756,122.304489
1780456756,116.739697
1780456756,118.297149
1780456756,116.372912
1780456756,122.163592
1780456756,118.216806
1780456756,132.545790
1780456756,118.324985
1780456756,116.525953
1780456756,115.203288
1780456756,116.863386
1780456756,116.340934
1780456756,133.362925
1780456756,134.767140
1780456756,116.804525
1780456756,134.207945
1780456756,114.623147
1780456756,142.796908
1780456756,139.776373
1780456756,131.411006
1780456756,129.832344
1780456756,134.131167
1780456756,134.202946
1780456756,128.188737
1780456756,129.924668
1780456756,134.133399
1780456756,134.182256
1780456756,128.276702
1780456756,139.972285
1780456756,146.478481
1780456756,133.218449
1780456756,128.290861
1780456756,134.221274
1780456756,134.534669
1780456756,134.474209
1780456756,123.380359
1780456756,139.161882
1780456756,123.732046
1780456756,139.585949
1780456756,134.573466
1780456756,140.172757
1780456756,134.493436
1780456756,123.608481
1780456756,123.645023
1780456756,146.050029
1780456756,121.443446
1780456756,138.733896
1780456756,119.233155
1780456756,139.215157
1780456756,121.461561
1780456756,139.231968
1780456756,138.973157
1780456756,142.760126
1780456756,139.012996
1780456756,121.704413
1780456756,121.548728
1780456756,142.931376
1780456756,139.285067
1780456756,121.748588
1780456756,127.428122
1780456756,127.721615
1780456756,127.620667
1780456756,129.412768
1780456756,129.421178
1780456756,125.633347
1780456756,125.729484
1780456756,119.561630
1780456756,119.479696
1780456756,139.782285
1780456756,125.771778
1780456756,137.862862
1780456756,125.650584
1780456756,134.249715
1780456756,135.312468
1780456756,135.117351
1780456756,134.383588
1780456756,135.159751
1780456756,120.337869
1780456756,135.365934
1780456756,135.195216
1780456756,135.278278
1780456756,121.687011
1780456756,141.710608
1780456756,141.717510
1780456756,144.794604
1780456756,140.702601
1780456756,131.005673
1780456756,142.693743
1780456756,131.235797
1780456756,131.330812
1780456756,153.691684
1780456756,153.147315
1780456756,151.278910
1780456756,138.855151
1780456756,151.321364
1780456756,138.870219
1780456756,151.321371
1780456756,135.904796
1780456756,153.997098
1780456756,136.010755
1780456756,135.530220
1780456756,138.983786
1780456756,135.855319
1780456756,139.040039
1780456756,136.019372
1780456756,158.318056
1780456756,136.241342
1780456756,158.044260
1780456756,158.331249
1780456756,148.460837
1780456756,136.386071
1780456756,139.301746
1780456756,131.891983
1780456756,139.260018
1780456756,131.790663
1780456756,139.222034
1780456756,151.800176
1780456756,125.175566
1780456756,124.900153
1780456756,151.875770
1780456756,153.009750
1780456756,135.642785
1780456756,135.824945
1780456756,154.355495
1780456756,135.958940
1780456756,151.639908
1780456756,132.069109
1780456756,153.909400
1780456756,135.808245
1780456756,136.626137
1780456756,136.703522
1780456756,136.021329
1780456756,139.548637
1780456756,136.505466
1780456756,131.120291
1780456756,132.620475
1780456756,131.252206
1780456756,127.651250
1780456756,127.587571
1780456756,128.336875
1780456756,127.636940
1780456756,128.407378
1780456756,143.712258
1780456756,124.992290
1780456756,143.859404
1780456756,143.857718
1780456756,143.659338
1780456756,125.088671
1780456756,131.746156
1780456756,134.355789
1780456756,134.253612
1780456756,131.765628
1780456756,128.995807
1780456756,129.243738
1780456756,129.097890
1780456756,133.648728
1780456756,131.973934
1780456756,125.530992
1780456756,131.434036
1780456756,132.994252
1780456756,133.851910
1780456756,131.143520
1780456756,131.254235
1780456756,131.388197
1780456756,142.305854
1780456756,130.454768
1780456756,131.534223
1780456756,147.340141
1780456756,147.406505
1780456756,151.145050
1780456756,149.307430
1780456756,152.491622
1780456756,152.983977
1780456756,152.986109
1780456756,132.162988
1780456756,131.096325
1780456756,131.873435
1780456756,131.032750
1780456756,149.961254
1780456756,131.049426
1780456756,149.547872
1780456756,132.256475
1780456756,130.016563
1780456756,147.695847
1780456756,132.369931
1780456756,132.556678
1780456756,132.758072
1780456756,147.311165
1780456756,147.614754
1780456756,133.801186
1780456756,131.195605
1780456756,131.148510
1780456756,147.792915
1780456756,131.436272
1780456756,128.863809
1780456756,145.980118
1780456756,133.357649
1780456756,132.094905
1780456756,149.525488
1780456756,130.344384
1780456756,128.490110
1780456756,145.883497
1780456756,131.287350
1780456756,146.180334
1780456756,146.014342
1780456756,146.146154
1780456756,131.845163
1780456756,135.324851
1780456756,146.591089
1780456756,131.895857
1780456756,135.598530
1780456756,136.430375
1780456756,135.594233
1780456756,135.843423
1780456756,143.340339
1780456756,143.541655
1780456756,127.750519
1780456756,143.819563
1780456756,135.719250
1780456756,147.557739
1780456756,134.422166
1780456756,147.463174
1780456756,134.771153
1780456756,142.769359
1780456756,133.980638
1780456756,143.005777
1780456756,137.614116
1780456756,137.837607
1780456756,137.824621
1780456756,137.810539
1780456756,137.980499
1780456756,138.160374
1780456756,144.405179
1780456756,139.440970
1780456756,144.440915
1780456756,142.335223
1780456756,138.486036
1780456756,131.435387
1780456756,139.687439
1780456756,140.931990
1780456756,134.945099
1780456756,133.906585
1780456756,129.212496
1780456756,134.757978
1780456756,134.737507
1780456756,134.783681
1780456756,138.357506
1780456756,135.115745
1780456756,139.555858
1780456756,136.524015
1780456756,149.066465
1780456756,136.513555
1780456756,149.342533
1780456756,136.532916
1780456756,149.235267
1780456756,136.658267
1780456756,149.226293
1780456756,129.621854
1780456756,135.894907
1780456756,134.433521
1780456756,143.087233
1780456756,134.337943
1780456756,133.324485
1780456756,143.365726
1780456756,134.862923
1780456756,134.991853
1780456756,143.115164
1780456756,134.049082
1780456756,137.748068
1780456756,132.870303
1780456756,132.967410
1780456756,134.593358
1780456756,133.366398
1780456756,138.235934
1780456756,138.659481
1780456756,131.377236
1780456756,138.516726
1780456756,137.214724
1780456756,139.502653
1780456756,141.804531
1780456756,135.811242
1780456756,137.846307
1780456756,137.703880
1780456756,139.798266
1780456756,134.061314
1780456756,139.055462
1780456756,137.062192
1780456756,139.227826
1780456756,134.638589
1780456756,133.737689
1780456756,138.359760
1780456756,134.328079
1780456756,134.444102
1780456756,135.903621
1780456756,132.210537
1780456756,136.250031
1780456756,132.192874
1780456756,131.554822
1780456756,139.335502
1780456756,135.048403
1780456756,135.446143
1780456756,139.785093
1780456756,134.689034
1780456756,144.381883
1780456756,133.740131
1780456756,147.203159
1780456756,136.316414
1780456756,144.254318
1780456756,138.257917
1780456756,139.656584
1780456756,144.468106
1780456756,144.820903
1780456756,138.876913
1780456756,145.055640
1780456756,137.758987
1780456756,145.218658
1780456756,154.006237
1780456756,145.687003
1780456756,137.309882
1780456756,153.110660
1780456756,145.753969
1780456756,139.925837
1780456756,134.440405
1780456756,153.508582
1780456756,144.770882
1780456756,138.867883
1780456756,153.698192
1780456756,153.730230
1780456756,146.727352
1780456756,133.974837
1780456756,154.284661
1780456756,154.421421
1780456756,147.620881
1780456756,146.163655
1780456756,146.253315
1780456756,146.309271
1780456756,133.134928
1780456756,154.645619
1780456756,155.480969
1780456756,154.766068
1780456756,142.272988
1780456756,138.454650
1780456756,140.747235
1780456756,154.728981
1780456756,154.859768
1780456756,142.549958
1780456756,138.826461
1780456756,155.377611
1780456756,149.220327
1780456756,143.188032
1780456756,138.154378
1780456756,155.412755
1780456756,147.619364
1780456756,143.349982
1780456756,146.105638
1780456756,155.898575
1780456756,149.055089
1780456756,145.783669
1780456756,143.180049
1780456756,147.440333
1780456756,143.548269
1780456756,155.745985
1780456756,147.935772
1780456756,159.418347
1780456756,148.917241
1780456756,159.308500
1780456756,146.313491
1780456756,158.357877
1780456756,157.026341
1780456756,159.551986
1780456756,153.725715
1780456756,159.424352
1780456756,159.837028
1780456756,153.851045
1780456756,141.476016
1780456756,153.981332
1780456756,144.782038
1780456756,146.472631
1780456756,149.280362
1780456756,151.237356
1780456756,140.115355
1780456756,146.725402
1780456756,160.514145
1780456756,139.167833
1780456756,140.215532
1780456756,151.161791
1780456756,159.398520
1780456756,145.930499
1780456756,147.810766
1780456756,141.179299
1780456756,141.369046
1780456756,147.134535
1780456756,140.067122
1780456756,142.110408
1780456756,142.118008
1780456756,139.212697
1780456756,147.337760
1780456756,147.433823
1780456756,142.262719
1780456756,145.217733
1780456756,149.478873
1780456756,145.370458
1780456756,145.426471
1780456756,144.551733
1780456756,148.645393
1780456756,145.644984
1780456756,145.772561
1780456756,146.211299
1780456756,149.582832
1780456756,145.608045
1780456756,149.177690
1780456756,151.455671
1780456756,144.820969
1780456756,149.561919
1780456756,150.860675
1780456756,150.797707
1780456756,150.654268
1780456756,144.608303
1780456756,152.491160
1780456756,148.748933
1780456756,146.089898
1780456756,148.950575
1780456756,145.240881
1780456756,149.042585
1780456756,146.454162
1780456756,149.207300
1780456756,142.861174
1780456756,149.096153
1780456756,147.266261
1780456756,149.374961
1780456756,146.124505
1780456756,147.313036
1780456756,149.550182
1780456756,143.189750
1780456756,146.484864
1780456756,147.979911
1780456756,143.619587
1780456756,147.544128
1780456756,148.858303
1780456756,148.788515
1780456756,147.652162
1780456756,147.921781
1780456756,142.100671
1780456756,147.360506
1780456756,148.278355
1780456756,145.002824
1780456756,147.865269
1780456756,148.545136
1780456756,148.686888
1780456756,143.229155
1780456756,147.710209
1780456756,147.835548
1780456756,148.034666
1780456756,143.805332
1780456756,148.167799
1780456756,147.946672
1780456756,142.688721
1780456756,146.852612
1780456756,142.826086
1780456756,143.152691
1780456756,147.173806
1780456756,147.844659
1780456756,146.491648
1780456756,142.524186
1780456756,142.601535
1780456756,172.718956
1780456756,170.206184
1780456756,141.688123
1780456756,154.549239
1780456756,157.961044
1780456756,150.039511
1780456756,152.886041
1780456756,150.393707
1780456756,151.848882
1780456756,151.791738
1780456756,153.169196
1780456756,151.441723
1780456756,158.045952
1780456756,162.708138
1780456756,143.758079
1780456756,148.976128
1780456756,149.482485
1780456756,148.091665
1780456756,152.401951
1780456756,149.731423
1780456756,149.856895
1780456756,164.449067
1780456756,151.803649
1780456756,167.403054
1780456756,142.589662
1780456756,150.008336
1780456756,147.362408
1780456756,147.196298
1780456756,143.471369
1780456756,143.040171
1780456756,149.286584
1780456756,142.065610
1780456756,142.247217
1780456756,146.753939
1780456756,147.066977
1780456756,142.665236
1780456756,168.380163
1780456756,148.818430
1780456756,169.550489
1780456756,142.953688
1780456756,147.706225
1780456756,168.514970
1780456756,143.143978
1780456756,147.728483
1780456756,169.716539
1780456756,169.801293
1780456756,169.801806
1780456756,169.278868
1780456756,143.179356
1780456756,147.898176
1780456756,142.617230
1780456756,148.007265
1780456756,169.645884
1780456756,147.162985
1780456756,169.694183
1780456756,142.984361
1780456756,143.254387
1780456756,145.913003
1780456756,166.850387
1780456756,146.032153
1780456756,142.265394
1780456756,170.058374
1780456756,142.500103
1780456756,145.091625
1780456756,165.900734
1780456756,145.159011
1780456756,169.234952
1780456756,142.747572
1780456756,145.338364
1780456756,141.750171
1780456756,170.913276
1780456756,151.706721
1780456756,145.519051
1780456756,140.697661
1780456756,165.598601
1780456756,165.550534
1780456756,154.057625
1780456756,145.144373
1780456756,156.417672
1780456756,164.481742
1780456756,141.830708
1780456756,145.155288
1780456756,167.356833
1780456756,154.916419
1780456756,143.883728
1780456756,145.447059
1780456756,162.203949
1780456756,142.146732
1780456756,155.816312
1780456756,144.425756
1780456756,155.877747
1780456756,143.101457
1780456756,156.069158
1780456756,155.384419
1780456756,144.748590
1780456756,141.356156
1780456756,160.249531
1780456756,143.020204
1780456756,156.044070
1780456756,142.244044
1780456756,155.850307
1780456756,156.558263
1780456756,145.151319
1780456756,141.957150
1780456756,159.667322
1780456756,156.921765
1780456756,144.202213
1780456756,141.789006
1780456756,155.601462
1780456756,156.525838
1780456756,143.797373
1780456756,157.092707
1780456756,156.772701
1780456756,144.602331
1780456756,155.903679
1780456756,143.504168
1780456756,148.463742
1780456756,157.593826
1780456756,156.114870
1780456756,147.807876
1780456756,141.545067
1780456756,155.151300
1780456756,155.005532
1780456756,148.054259
1780456756,155.029808
1780456756,157.957061
1780456756,147.040014
1780456756,157.928468
1780456756,145.880767
1780456756,157.264500
1780456756,158.304287
1780456756,155.729466
1780456756,146.130470
1780456756,155.903226
1780456756,156.499373
1780456756,145.949359
1780456756,157.923164
1780456756,156.516018
1780456756,146.901285
1780456756,155.171985
1780456756,157.015242
1780456756,157.169987
1780456756,158.426324
1780456756,146.807638
1780456756,157.098635
1780456756,146.154974
1780456756,157.677711
1780456756,147.721582
1780456756,157.855422
1780456756,146.627194
1780456756,144.647912
1780456756,156.668780
1780456756,147.007232
1780456756,146.646219
1780456756,146.431981
1780456756,157.083510
1780456756,146.499688
1780456756,145.473052
1780456756,156.019078
1780456756,148.679469
1780456756,144.397183
1780456756,157.733208
1780456756,144.703914
1780456756,145.982165
1780456756,156.706285
1780456756,146.125756
1780456756,144.725278
1780456756,155.432937
1780456756,143.612690
1780456756,146.425265
1780456756,145.485364
1780456756,143.793177
1780456756,155.711219
1780456756,143.941285
1780456756,146.893432
1780456756,155.703276
1780456756,148.819748
1780456756,143.465645
1780456756,156.282861
1780456756,144.492513
1780456756,155.045400
1780456756,148.821171
1780456756,146.530281
1780456756,144.572701
1780456756,155.423716
1780456756,146.465568
1780456756,143.029927
1780456756,155.529202
1780456756,144.337792
1780456756,146.733172
1780456756,144.713571
1780456756,155.943241
1780456756,146.830968
1780456756,145.767516
1780456756,142.292042
1780456756,156.114544
1780456756,147.752752
1780456756,156.539247
1780456756,142.447723
1780456756,156.602929
1780456756,146.484215
1780456756,142.968634
1780456756,155.782476
1780456756,145.673204
1780456756,147.935995
1780456756,154.649396
1780456756,143.339909
1780456756,153.450265
1780456756,146.902850
1780456756,146.346888
1780456756,143.533066
1780456756,163.764859
1780456756,156.652883
1780456756,146.237148
1780456756,163.957087
1780456756,142.973505
1780456756,157.010181
1780456756,143.077008
1780456756,145.746690
1780456756,164.256397
1780456756,162.874641
1780456756,155.732138
1780456756,144.497815
1780456756,143.351897
1780456756,151.054901
1780456756,164.207637
1780456756,144.760837
1780456756,145.004443
1780456756,163.273687
1780456756,153.659259
1780456756,162.143007
1780456756,151.520454
1780456756,144.116249
1780456756,145.147794
1780456756,154.090790
1780456756,162.343987
1780456756,145.723727
1780456756,154.294184
1780456756,144.150450
1780456756,162.536614
1780456756,162.674091
1780456756,153.951081
1780456756,144.721720
1780456756,151.005345
1780456756,163.178489
1780456756,145.032968
1780456756,163.318897
1780456756,154.538198
1780456756,154.642331
1780456756,162.294023
1780456756,144.025595
1780456756,162.436238
1780456756,154.426025
1780456756,162.765300
1780456756,162.533493
1780456756,153.925306
1780456756,161.675474
1780456756,154.280706
1780456756,161.780536
1780456756,156.026214
1780456756,154.527432
1780456756,162.049790
1780456756,155.703521
1780456756,156.849291
1780456756,162.011619
1780456756,144.572835
1780456756,162.175088
1780456756,154.889639
1780456756,161.337360
1780456756,146.173275
1780456756,154.092465
1780456756,163.090759
1780456756,154.076632
1780456756,154.188287
1780456756,162.876742
1780456756,146.604488
1780456756,162.468019
1780456756,154.883515
1780456756,153.424474
1780456756,161.339488
1780456756,148.669393
1780456756,161.395717
1780456756,155.427492
1780456756,148.871040
1780456756,160.229584
1780456756,153.981659
1780456756,153.730096
1780456756,160.049865
1780456756,145.958580
1780456756,149.219737
1780456756,160.653520
1780456756,156.048991
1780456756,144.735502
1780456756,150.988695
1780456756,162.303156
1780456756,149.649777
1780456756,145.034036
1780456756,160.025870
1780456756,154.928788
1780456756,156.798617
1780456756,159.698894
1780456756,150.409690
1780456756,142.912817
1780456756,157.139058
1780456756,149.141307
1780456756,156.692526
1780456756,142.757131
1780456756,156.802363
1780456756,149.429581
1780456756,155.595836
1780456756,157.225730
1780456756,155.780417
1780456756,149.782525
1780456756,149.043567
1780456756,156.352653
1780456756,155.370077
1780456756,155.429203
1780456756,154.954935
1780456756,157.028867
1780456756,156.237450
1780456756,156.879701
1780456756,156.943312
1780456756,157.074614
1780456756,157.305111
1780456756,155.181739
1780456756,149.225264
1780456756,156.469882
1780456756,156.547569
1780456756,149.360181
1780456756,148.666676
1780456756,156.047877
1780456756,145.196752
1780456756,155.466000
1780456756,156.304306
1780456756,148.847518
1780456756,145.127267
1780456756,155.397213
1780456756,154.169992
1780456756,148.264157
1780456756,145.506728
1780456756,153.154055
1780456756,154.741757
1780456756,148.123338
1780456756,144.169049
1780456756,154.908888
1780456756,153.802481
1780456756,144.286723
1780456756,148.517002
1780456756,154.028005
1780456756,153.944853
1780456756,144.609563
1780456756,154.335194
1780456756,148.425348
1780456756,145.147366
1780456756,148.685778
1780456756,155.919736
1780456756,148.752664
1780456756,154.662964
1780456756,149.107406
1780456756,153.802368
1780456756,147.609874
1780456756,155.746412
1780456756,148.465632
1780456756,146.412305
1780456756,147.472965
1780456756,147.666827
1780456756,147.664138
1780456756,149.420054
1780456756,145.975697
1780456756,144.377261
1780456756,144.114239
1780456756,147.306177
1780456756,146.501535
1780456756,146.421131
1780456756,147.406529
1780456756,146.568453
1780456756,147.621106
1780456756,147.776407
1780456756,144.634554
1780456756,145.481296
1780456756,145.624134
1780456756,145.959114
1780456756,143.719590
1780456756,144.023918
1780456756,141.730768
1780456756,146.883526
1780456756,139.782367
1780456756,147.027074
1780456756,145.969945
1780456756,146.773859
1780456756,148.132718
1780456756,142.244401
1780456756,144.862938
1780456756,146.287358
1780456756,146.919700
1780456756,147.000097
1780456756,144.962746
1780456756,148.188362
1780456756,159.165620
1780456756,146.524457
1780456756,140.174753
1780456756,147.302447
1780456756,141.485637
1780456756,158.303542
1780456756,140.469307
1780456756,145.829003
1780456756,145.270607
1780456756,141.833111
1780456756,159.982971
1780456756,144.890374
1780456756,141.228106
1780456756,158.497574
1780456756,145.763769
1780456756,140.077451
1780456756,159.480632
1780456756,142.617702
1780456756,141.650193
1780456756,158.918997
1780456756,144.329585
1780456756,158.468272
1780456756,158.699032
1780456756,146.053875
1780456756,158.064465
1780456756,158.189816
1780456756,146.398919
1780456756,158.474553
1780456756,145.742945
1780456756,158.807305
1780456756,146.135525
1780456756,142.141200
1780456756,144.903470
1780456756,143.141128
1780456756,145.757199
1780456756,143.232605
1780456756,145.669101
1780456756,146.366310
1780456756,141.705334
1780456756,141.766389
1780456756,144.089946
1780456756,146.729283
1780456756,145.722655
1780456756,144.150891
1780456756,144.489016
1780456756,142.637036
1780456756,142.520130
1780456756,141.991503
1780456756,144.069220
1780456756,146.389892
1780456756,144.441854
1780456756,146.749293
1780456756,144.661071
1780456756,144.816577
1780456756,147.482567
1780456756,147.741886
1780456756,144.577810
1780456756,148.465763
1780456756,149.069434
1780456756,149.079487
1780456756,149.930228
1780456756,149.930020
1780456756,148.187052
1780456756,148.345348
1780456756,146.342336
1780456756,148.532560
1780456756,145.699302
1780456756,143.381016
1780456756,143.605588
1780456756,143.818148
1780456756,142.969050
1780456756,143.195070
1780456756,143.527089
1780456756,143.793793
1780456756,142.865950
1780456756,154.025995
1780456756,143.225269
1780456756,151.638615
1780456756,151.706827
1780456756,138.790647
1780456756,136.776164
1780456756,173.215214
1780456756,134.697885
1780456756,134.868455
1780456756,138.426245
1780456756,140.834413
1780456756,174.715514
1780456756,151.748473
1780456756,151.920385
1780456756,175.288429
1780456756,153.252045
1780456756,174.130694
1780456756,149.258983
1780456756,173.100342
1780456756,144.544868
1780456756,172.739108
1780456756,141.737756
1780456756,171.867075
1780456756,171.234330
1780456756,169.669931
1780456756,154.810457
1780456756,170.063681
1780456756,170.245969
1780456756,169.785982
1780456756,153.046417
1780456756,133.373645
1780456756,141.735249
1780456756,153.077907
1780456756,153.276779
1780456756,170.399696
1780456756,143.057844
1780456756,150.770428
1780456756,150.780806
1780456756,170.546962
1780456756,144.635131
1780456756,144.710958
1780456756,144.704943
1780456756,145.980171
1780456756,148.399788
1780456756,150.718371
1780456756,170.538473
1780456756,151.000220
1780456756,121.638257
1780456756,170.679013
1780456756,121.638504
1780456756,142.897423
1780456756,171.295743
1780456756,142.476757
1780456756,169.696799
1780456756,123.932648
1780456756,123.131193
1780456756,124.269652
1780456756,124.351000
1780456756,171.051488
1780456756,171.051083
1780456756,170.174358
1780456756,171.398897
1780456756,171.288330
1780456756,172.178195
1780456756,169.495807
1780456756,169.607609
1780456756,168.201951
1780456756,169.839493
1780456756,168.222031
1780456756,166.008997
1780456756,153.649202
1780456756,180.770684
1780456756,181.674623
1780456756,179.125608
1780456756,181.695673
1780456756,179.969533
1780456756,179.400946
1780456756,179.271389
1780456756,171.084533
1780456756,170.811565
1780456756,185.246537
1780456756,170.892034
1780456756,171.080313
1780456756,185.571088
1780456756,173.627972
1780456756,185.777519
1780456756,167.662185
1780456756,173.122052
1780456756,187.226839
1780456756,172.163122
1780456756,181.675061
1780456756,187.393858
1780456756,185.870624
1780456756,149.269054
1780456756,138.110415
1780456756,138.141689
1780456756,138.445105
1780456756,181.470057
1780456756,139.103618
1780456756,137.935670
1780456756,139.291947
1780456756,182.321470
1780456756,180.933058
1780456756,150.634619
1780456756,194.471365
1780456756,187.879885
1780456756,194.647336
1780456756,152.342747
1780456756,196.003913
1780456756,196.887530
1780456756,179.202761
1780456756,197.006172
1780456756,187.278631
1780456756,161.635321
1780456756,156.478475
1780456756,145.698718
1780456756,157.803759
1780456756,161.893695
1780456756,145.900736
1780456756,164.387191
1780456756,146.035673
1780456756,146.113225
1780456756,162.144255
1780456756,146.178045
1780456756,149.687645
1780456756,168.156616
1780456756,165.931512
1780456756,149.868998
1780456756,169.707634
1780456756,169.695743
1780456756,169.697813
1780456756,169.917675
1780456756,172.349698
1780456756,152.360979
1780456756,173.483911
1780456756,174.836920
1780456756,174.931563
1780456756,176.483942
1780456756,150.388692
1780456756,176.374400
1780456756,187.387393
1780456756,176.627205
1780456756,152.816130
1780456756,176.612450
1780456756,154.031683
1780456756,188.773978
1780456756,180.174003
1780456756,154.665590
1780456756,189.114227
1780456756,173.227338
1780456756,175.834336
1780456756,177.367405
1780456756,178.494901
1780456756,154.613833
1780456756,171.034222
1780456756,166.433587
1780456756,165.381208
1780456756,189.921583
1780456756,191.619163
1780456756,166.825580
1780456756,187.490489
1780456756,197.961916
1780456756,187.709042
1780456756,188.932408
1780456756,137.677019
1780456756,129.340530
1780456756,138.029087
1780456756,131.357518
1780456756,137.965212
1780456756,138.113091
1780456756,135.920807
1780456756,136.025363
1780456756,136.147190
1780456756,136.063772
1780456756,152.674034
1780456756,136.200351
1780456756,152.783161
1780456756,147.910503
1780456756,149.127526
1780456756,148.066821
1780456756,149.400645
1780456756,159.211139
1780456756,149.531799
1780456756,191.329650
1780456756,138.820255
1780456756,149.684933
1780456756,149.669990
1780456756,138.676268
1780456756,138.898950
1780456756,139.077342
1780456756,146.298009
1780456756,145.238547
1780456756,186.852345
1780456756,160.097840
1780456756,174.778997
1780456756,139.284195
1780456756,145.453862
1780456756,176.103828
1780456756,145.555311
1780456756,139.375195
1780456756,147.021317
1780456756,139.692559
1780456756,140.070807
1780456756,146.015257
1780456756,139.841624
1780456756,178.977448
1780456756,179.051824
1780456756,139.989574
1780456756,192.003927
1780456756,146.245885
1780456756,146.317654
1780456756,147.615537
1780456756,147.802438
1780456756,164.157329
1780456756,164.223710
1780456756,166.606916
1780456756,147.991910
1780456756,166.763846
1780456756,164.376486
1780456756,168.015671
1780456756,140.666809
1780456756,140.791648
1780456756,164.551271
1780456756,147.130559
1780456756,147.235727
1780456756,161.999307
1780456756,168.399361
1780456756,125.778781
1780456756,125.849800
1780456756,125.913548
1780456756,127.425671
1780456756,127.647991
1780456756,127.562625
1780456756,141.978999
1780456756,140.691864
1780456756,140.779411
1780456756,142.860092
1780456756,142.932781
1780456756,143.138571
1780456756,140.836483
1780456756,128.499355
1780456756,145.704669
1780456756,146.248711
1780456756,157.580028
1780456756,146.920045
1780456756,156.339702
1780456756,156.432395
1780456756,157.818808
1780456756,157.934938
1780456756,156.607098
1780456756,157.972151
1780456756,173.117235
1780456756,175.454551
1780456756,175.488981
1780456756,190.458450
1780456756,194.824933
1780456756,195.219810
1780456756,197.697136
1780456756,198.921541
1780456756,200.487545
1780456756,200.563089
1780456756,201.680766
1780456756,197.744817
1780456756,148.077499
1780456756,147.977830
1780456756,171.558986
1780456756,172.655941
1780456756,187.015351
1780456756,172.767648
1780456756,170.056929
1780456756,187.269200
1780456756,188.673611
1780456756,121.001949
1780456756,188.839171
1780456756,188.951368
1780456756,188.884977
1780456756,189.057779
1780456756,191.338402
1780456756,191.698797
1780456756,191.655332
1780456756,140.842490
1780456756,191.938412
1780456756,141.021264
1780456756,173.477656
1780456756,192.720107
1780456756,174.705834
1780456756,146.769311
1780456756,146.875032
1780456756,189.540806
1780456756,146.979523
1780456756,174.962745
1780456756,175.063821
1780456756,171.073218
1780456756,189.624365
1780456756,141.637637
1780456756,149.125968
1780456756,132.005184
1780456756,124.909193
1780456756,139.787617
1780456756,141.437832
1780456756,145.932187
1780456756,142.966909
1780456756,143.166375
1780456756,143.239566
1780456756,150.003947
1780456756,142.232057
1780456756,150.096209
1780456756,141.568080
1780456756,131.522345
1780456756,141.998474
1780456756,131.034987
1780456756,175.431478
1780456756,144.536197
1780456756,150.263205
1780456756,157.159589
1780456756,150.398852
1780456756,157.323756
1780456756,157.358540
1780456756,178.402912
1780456756,179.620778
1780456756,173.353390
1780456756,174.577102
1780456756,138.884067
1780456756,139.167887
1780456756,145.252774
1780456756,143.677053
1780456756,147.953342
1780456756,145.507174
1780456756,171.263657
1780456756,156.083037
1780456756,156.231909
1780456756,141.414334
1780456756,140.187034
1780456756,140.586754
1780456756,140.365459
1780456756,140.375792
1780456756,140.381742
1780456756,134.259618
1780456756,113.202858
1780456756,137.694424
1780456756,137.761270
1780456756,122.533375
1780456756,122.923129
1780456756,141.279912
1780456756,122.350242
1780456756,143.684977
1780456756,143.502121
1780456756,142.672638
1780456756,140.843542
1780456756,123.799855
1780456756,137.587794
1780456756,111.964486
1780456756,140.771953
1780456756,132.259255
1780456756,118.983458
1780456756,137.023587
1780456756,119.164449
1780456756,141.583720
1780456756,140.237360
1780456756,142.491666
1780456756,118.630129
1780456756,139.340778
1780456756,190.216937
1780456756,202.820175
1780456756,204.025751
1780456756,204.116817
1780456756,205.393770
1780456756,204.247325
1780456756,207.884406
1780456756,137.980761
1780456756,200.893555
1780456756,138.074358
1780456756,140.376508
1780456756,138.203596
1780456756,121.089171
1780456756,140.372693
1780456756,143.530554
1780456756,148.427225
1780456756,128.793847
1780456756,149.875918
1780456756,150.118662
1780456756,149.795235
1780456756,150.102080
1780456756,150.188470
1780456756,203.659924
1780456756,150.309409
1780456756,127.805440
1780456756,128.026511
1780456756,204.364214
1780456756,127.995126
1780456756,206.931948
1780456756,135.474845
1780456756,205.515822
1780456756,131.826103
1780456756,165.301402
1780456756,169.687897
1780456756,169.775223
1780456756,166.500166
1780456756,206.079724
1780456756,203.806824
1780456756,131.519985
1780456756,205.104155
1780456756,130.781947
1780456756,196.359725
1780456756,193.817815
1780456756,196.565361
1780456756,132.195629
1780456756,160.868524
1780456756,188.903728
1780456756,127.897596
1780456756,145.219516
1780456756,145.893342
1780456756,148.485037
1780456756,147.892255
1780456756,137.387157
1780456756,148.750966
1780456756,148.995174
1780456756,149.002483
1780456756,150.475062
1780456756,151.171553
1780456756,151.412293
1780456756,145.939318
1780456756,152.318785
1780456756,142.997844
1780456756,132.740540
1780456756,145.420515
1780456756,146.326615
1780456756,146.400439
1780456756,147.277855
1780456756,162.797935
1780456756,165.923260
1780456756,168.436317
1780456756,168.886694
1780456756,173.580062
1780456756,141.245016
1780456756,171.990299
1780456756,146.078028
1780456756,172.076740
1780456756,147.726438
1780456756,125.076443
1780456756,172.971820
1780456756,174.117157
1780456756,174.293151
1780456756,191.808287
1780456756,180.593020
1780456756,180.914104
1780456756,183.842916
1780456756,137.722202
1780456756,138.174101
1780456756,176.571949
1780456756,179.835220
1780456756,182.791652
1780456756,186.308410
1780456756,179.866273
1780456756,187.233792
1780456756,189.034737
1780456756,180.744051
1780456756,180.928431
1780456756,183.359439
1780456756,181.875058
1780456756,184.427193
1780456756,188.151579
1780456756,192.740517
1780456756,193.967722
1780456756,196.011026
1780456756,196.019293
1780456756,194.166549
1780456756,194.217915
1780456756,194.482086
1780456756,195.267349
1780456756,183.987090
1780456756,200.997698
1780456756,201.461810
1780456756,201.636011
1780456756,193.474574
1780456756,218.996552
1780456756,207.984472
1780456756,224.477169
1780456756,224.921148
1780456756,184.621079
1780456756,142.030672
1780456756,154.116932
1780456756,154.429265
1780456756,154.733939
1780456756,155.129398
1780456756,155.479055
1780456756,155.903576
1780456756,156.420100
1780456756,156.715594
1780456756,189.427880
1780456756,157.142695
1780456756,157.545541
1780456756,157.616620
1780456756,158.303223
1780456756,158.683374
1780456756,157.925357
1780456756,158.421418
1780456756,146.059082
1780456756,146.310340
1780456756,149.832130
1780456756,191.530234
1780456756,150.781640
1780456756,209.823274
1780456756,151.209554
1780456756,152.115747
1780456756,152.565378
1780456756,152.719909
1780456756,152.558363
1780456756,167.859646
1780456756,172.980925
1780456756,173.412642
1780456756,203.598607
1780456756,168.773931
1780456756,212.021109
1780456756,213.722329
1780456756,168.822522
1780456756,168.824191
1780456756,213.816184
1780456756,158.466752
1780456756,158.602549
1780456756,197.552012
1780456756,158.091547
1780456756,217.412849
1780456756,218.797701
1780456756,218.507808
1780456756,170.106938
1780456756,219.461601
1780456756,216.012611
1780456756,216.827439
1780456756,217.304310
1780456756,218.835686
1780456756,161.560856
1780456756,220.181800
1780456756,161.784263
1780456756,162.391547
1780456756,162.030869
1780456756,176.165301
1780456756,176.361206
1780456756,163.160655
1780456756,210.560867
1780456756,210.587888
1780456756,150.648086
1780456756,171.674912
1780456756,187.026365
1780456756,203.823607
1780456756,203.841650
1780456756,186.899168
1780456756,187.161539
1780456756,187.350424
1780456756,173.555138
1780456756,167.917331
1780456756,196.085432
1780456756,196.439484
1780456756,189.198976
1780456756,189.945695
1780456756,189.896937
1780456756,189.934917
1780456756,190.392982
1780456756,190.554574
1780456756,191.202433
1780456756,177.823038
1780456756,207.657430
1780456756,229.812396
1780456756,230.059949
1780456756,244.729896
1780456756,247.545982
1780456756,248.065560
1780456756,248.731752
1780456756,249.135039
1780456756,194.027654
1780456756,201.154265
1780456756,201.699881
1780456756,185.720632
1780456756,186.057122
1780456756,189.780167
1780456756,202.955558
1780456756,190.892925
1780456756,190.822096
1780456756,203.754426
1780456756,204.301181
1780456756,191.595998
1780456756,204.255570
1780456756,191.972573
1780456756,205.597768
1780456756,192.945225
1780456756,204.978131
1780456756,193.311794
1780456756,206.805181
1780456756,194.025812
1780456756,207.171665
1780456756,194.777919
1780456756,207.737484
1780456756,208.360809
1780456756,208.560733
1780456756,239.717851
1780456756,209.018612
1780456756,208.287338
1780456756,208.280963
1780456756,199.658766
1780456756,197.311057
1780456756,210.642448
1780456756,200.336801
1780456756,200.372650
1780456756,200.664676
1780456756,200.791880
1780456756,212.369647
1780456756,201.195980
1780456756,216.517151
1780456756,201.471946
1780456756,201.661695
1780456756,201.870285
1780456756,183.235927
1780456756,183.457597
1780456756,181.315869
1780456756,181.553439
1780456756,182.952433
1780456756,195.271765
1780456756,183.383182
1780456756,218.038841
1780456756,218.175059
1780456756,191.238097
1780456756,223.280982
1780456756,223.540359
1780456756,223.859869
1780456756,188.114686
1780456756,189.152433
1780456756,189.755011
1780456756,204.568342
1780456756,204.806483
1780456756,204.893384
1780456756,205.246998
1780456756,205.354443
1780456756,205.809978
1780456756,206.329355
1780456756,197.520810
1780456756,199.492670
1780456756,197.415117
1780456756,203.366462
1780456756,201.369037
1780456756,204.139555
1780456756,204.338276
1780456756,202.040836
1780456756,200.813013
1780456756,203.421269
1780456756,204.214319
1780456756,204.437422
1780456756,200.543599
1780456756,205.228164
1780456756,205.531074
1780456756,206.271648
1780456756,207.261622
1780456756,208.249294
1780456756,208.151202
1780456756,208.868112
1780456756,208.979326
1780456756,208.230422
1780456756,203.462295
1780456756,208.946584
1780456756,205.118981
1780456756,209.725925
1780456756,210.222570
1780456756,210.578582
1780456756,206.479028
1780456756,206.737770
1780456756,200.474998
1780456756,211.822215
1780456756,207.633873
1780456756,212.575017
1780456756,208.165316
1780456756,208.755605
1780456756,217.075165
1780456756,217.763765
1780456756,202.914610
1780456756,217.872305
1780456756,214.467229
1780456756,214.925748
1780456756,215.247156
1780456756,215.695776
1780456756,215.836894
1780456756,213.589697
1780456756,215.871421
1780456756,224.116939
1780456756,188.392615
1780456756,224.942009
1780456756,217.676690
1780456756,217.474840
1780456756,215.870949
1780456756,216.844289
1780456756,268.907419
1780456756,217.766318
1780456756,245.032332
1780456756,218.627451
1780456756,240.287962
1780456756,206.243923
1780456756,241.224038
1780456756,225.163677
1780456756,191.437310
1780456756,225.427005
1780456756,208.848490
1780456756,227.457149
1780456756,208.972684
1780456756,217.809575
1780456756,193.842023
1780456756,218.031570
1780456756,195.711463
1780456756,220.405020
1780456756,195.782880
1780456756,195.974970
1780456756,196.191133
1780456756,212.745960
1780456756,213.436615
1780456756,213.749692
1780456756,213.976921
1780456756,214.214793
1780456756,214.410372
1780456756,214.398550
1780456756,214.777839
1780456756,208.029293
1780456756,202.388579
1780456756,207.826026
1780456756,210.538257
1780456756,208.463811
1780456756,209.677439
1780456756,202.545950
1780456756,203.691900
1780456756,209.577456
1780456756,212.051030
1780456756,216.904738
1780456756,198.549262
1780456756,216.544540
1780456756,221.624736
1780456756,190.559085
1780456756,190.830878
1780456756,228.628850
1780456756,228.691173
1780456756,231.061032
1780456756,228.873802
1780456756,229.053581
1780456756,229.020195
1780456756,229.221122
1780456756,230.861966
1780456756,229.398090
1780456756,229.493394
1780456756,209.446693
1780456756,225.422489
1780456756,225.791436
1780456756,209.745468
1780456756,225.921991
1780456756,217.571618
1780456756,218.918425
1780456756,213.730394
1780456756,213.732232
1780456756,213.966555
1780456756,235.997996
1780456756,236.089332
1780456756,224.005051
1780456756,224.168136
1780456756,228.031128
1780456756,224.878417
1780456756,221.079392
1780456756,221.245951
1780456756,214.431865
1780456756,226.685379
1780456756,227.083030
1780456756,214.688337
1780456756,214.848149
1780456756,220.011696
1780456756,223.314240
1780456756,224.371702
1780456756,224.798104
1780456756,230.848355
1780456756,225.315272
1780456756,230.980803
1780456756,220.091548
1780456756,214.698043
1780456756,221.982628
1780456756,197.520169
1780456756,223.876809
1780456756,224.693167
1780456756,225.083639
1780456756,223.979589
1780456756,227.126929
1780456756,228.688359
1780456756,229.385755
1780456756,230.653923
1780456756,230.819328
1780456756,230.791026
1780456756,231.104332
1780456756,231.113042
1780456756,231.321588
1780456756,231.403108
1780456756,231.601214
1780456756,222.948977
1780456756,216.179316
1780456756,216.480626
1780456756,209.452727
1780456756,223.743658
1780456756,224.027604
1780456756,216.620467
1780456756,222.294117
1780456756,230.971899
1780456756,243.440072
1780456756,224.154303
1780456756,201.251217
1780456756,209.207120
1780456756,219.168491
1780456756,210.546287
1780456756,208.513428
1780456756,197.814092
1780456756,202.029467
1780456756,219.529212
1780456756,201.079325
1780456756,199.027932
1780456756,201.029117
1780456756,224.216974
1780456756,201.750984
1780456756,201.041154
1780456756,226.555460
1780456756,201.813322
1780456756,205.951241
1780456756,210.322474
1780456756,200.896157
1780456756,213.350044
1780456756,207.917601
1780456756,205.225850
1780456756,204.339451
1780456756,207.456146
1780456756,204.650090
1780456756,208.471062
1780456756,204.355870
1780456756,209.085036
1780456756,210.041328
1780456756,212.908338
1780456756,210.652831
1780456756,213.498589
1780456756,211.171692
1780456756,221.379047
1780456756,220.687577
1780456756,179.890844
1780456756,222.600100
1780456756,215.467791
1780456756,212.793828
1780456756,216.345195
1780456756,211.641021
1780456756,213.115873
1780456756,223.493182
1780456756,207.726705
1780456756,213.628681
1780456756,185.525384
1780456756,223.834517
1780456756,187.158361
1780456756,226.433343
1780456756,186.734876
1780456756,228.066239
1780456756,186.750581
1780456756,224.842047
1780456756,187.118398
1780456756,228.694171
1780456756,187.802051
1780456756,225.244226
1780456756,188.000220
1780456756,225.365915
1780456756,190.516804
1780456756,217.176641
1780456756,191.782352
1780456756,221.071965
1780456756,193.282728
1780456756,221.432801
1780456756,194.235703
1780456756,200.594415
1780456756,203.443548
1780456756,203.882436
1780456756,211.590860
1780456756,186.860178
1780456756,187.282916
1780456756,191.188071
1780456756,206.913268
1780456756,207.630642
1780456756,208.911425
1780456756,209.907944
1780456756,194.680588
1780456756,195.109171
1780456756,195.609941
1780456756,209.427483
1780456756,202.918068
1780456756,232.670426
1780456756,232.273097
1780456756,211.023773
1780456756,209.858768
1780456756,231.472479
1780456756,205.096511
1780456756,231.553520
1780456756,233.910014
1780456756,220.754588
1780456756,197.536007
1780456756,234.193121
1780456756,237.151913
1780456756,198.189169
1780456756,238.092378
1780456756,199.372990
1780456756,238.376301
1780456756,203.933224
1780456756,238.646829
1780456756,200.029716
1780456756,240.641422
1780456756,204.540386
1780456756,240.784300
1780456756,205.203993
1780456756,242.382014
1780456756,205.254561
1780456756,230.553152
1780456756,205.611415
1780456756,186.675411
1780456756,187.163685
1780456756,187.595916
1780456756,189.150768
1780456756,219.773586
1780456756,218.311880
1780456756,202.240329
1780456756,218.908702
1780456756,219.092316
1780456756,202.549564
1780456756,209.686868
1780456756,192.659863
1780456756,193.153409
1780456756,194.560348
1780456756,206.654743
1780456756,208.227559
1780456756,198.023936
1780456756,216.282568
1780456756,197.193527
1780456756,199.452418
1780456756,209.588638
1780456756,179.843012
1780456756,187.559158
1780456756,188.090149
1780456756,187.587463
1780456756,226.460691
1780456756,224.385501
1780456756,254.886527
1780456756,232.299798
1780456756,203.721972
1780456756,206.885233
1780456756,206.783241
1780456756,209.121476
1780456756,209.732986
1780456756,244.264606
1780456756,243.222540
1780456756,239.417760
1780456756,245.867966
1780456756,230.484563
1780456756,244.372782
1780456756,248.661641
1780456756,254.933211
1780456756,258.323480
1780456756,256.656897
1780456756,211.837829
1780456756,211.815933
1780456756,212.038973
1780456756,215.322272
1780456756,216.151807
1780456756,246.084770
1780456756,236.479107
1780456756,229.214557
1780456756,262.419010
1780456756,202.309977
1780456756,215.409772
1780456756,262.898576
1780456756,216.561534
1780456756,264.401175
1780456756,216.810852
1780456756,217.763890
1780456756,216.934043
1780456756,218.478484
1780456756,220.383382
1780456756,220.612763
1780456756,224.858983
1780456756,229.472892
1780456756,228.022755
1780456756,229.480968
1780456756,232.244860
1780456756,214.793937
1780456756,217.809712
1780456756,246.739986
1780456756,237.883258
1780456756,210.761482
1780456756,248.315400
1780456756,249.329730
1780456756,208.693340
1780456756,174.169262
1780456756,188.670475
1780456756,217.272766
1780456756,217.093810
1780456756,219.058677
1780456756,221.236745
1780456756,175.762612
1780456756,186.869880
1780456756,221.712011
1780456756,224.245995
1780456756,189.860318
1780456756,218.490936
1780456756,198.141299
1780456756,219.109768
1780456756,191.697010
1780456756,222.282328
1780456756,219.607190
1780456756,224.333195
1780456756,199.628246
1780456756,200.411988
1780456756,199.910777
1780456756,200.504897
1780456756,224.794238
1780456756,203.135734
1780456756,201.282056
1780456756,215.205683
1780456756,205.297223
1780456756,224.903759
1780456756,225.175198
1780456756,242.763011
1780456756,242.719035
1780456756,245.249291
1780456756,211.647655
1780456756,227.373199
1780456756,227.880481
1780456756,245.421334
1780456756,232.309339
1780456756,215.939798
1780456756,214.379231
1780456756,216.191410
1780456756,173.100496
1780456756,222.746826
1780456756,229.074597
1780456756,223.329915
1780456756,192.087262
1780456756,229.666162
1780456756,229.812715
1780456756,229.916154
1780456756,231.318967
1780456756,232.815322
1780456756,233.162119
1780456756,234.502723
1780456756,242.118915
1780456756,233.278754
1780456756,189.136189
1780456756,196.039627
1780456756,235.872249
1780456756,196.216260
1780456756,212.462867
1780456756,235.855170
1780456756,234.550542
1780456756,236.209767
1780456756,195.700389
1780456756,248.110439
1780456756,200.743939
1780456756,248.091307
1780456756,239.095413
1780456756,201.959358
1780456756,199.453294
1780456756,201.742122
1780456756,240.696203
1780456756,202.276732
1780456756,242.199514
1780456756,246.523931
1780456756,202.375655
1780456756,229.712347
1780456756,206.867154
1780456756,242.560418
1780456756,202.791762
1780456756,237.266749
1780456756,204.928253
1780456756,237.071148
1780456756,250.108078
1780456756,240.288468
1780456756,209.642967
1780456756,250.144026
1780456756,210.331442
1780456756,247.531889
1780456756,210.903120
1780456756,211.118399
1780456756,242.979031
1780456756,240.909765
1780456756,249.719900
1780456756,250.049345
1780456756,227.680440
1780456756,229.788972
1780456756,248.994350
1780456756,230.041636
1780456756,252.708950
1780456756,230.208057
1780456756,230.323429
1780456756,244.652165
1780456756,230.449933
1780456756,242.275767
1780456756,191.231808
1780456756,250.929224
1780456756,199.067912
1780456756,242.642214
1780456756,162.955107
1780456756,253.169539
1780456756,194.706254
1780456756,259.144276
1780456756,161.357799
1780456756,164.039112
1780456756,163.102478
1780456756,163.572677
1780456756,164.769770
1780456756,213.741682
1780456756,213.649134
1780456756,270.798848
1780456756,165.377391
1780456756,272.119822
1780456756,213.906152
1780456756,264.221632
1780456756,264.079478
1780456756,180.263877
1780456756,266.848474
1780456756,166.713324
1780456756,254.538176
1780456756,262.870117
1780456756,167.026187
1780456756,182.627693
1780456756,266.531781
1780456756,167.340061
1780456756,267.203561
1780456756,271.537353
1780456756,215.060744
1780456756,268.799801
1780456756,168.167333
1780456756,271.739527
1780456756,168.464603
1780456756,247.831622
1780456756,167.646332
1780456756,211.116707
1780456756,211.393181
1780456756,212.729243
1780456756,212.064891
1780456756,253.149769
1780456756,236.665313
1780456756,215.689081
1780456756,223.198597
1780456756,223.782103
1780456756,168.085914
1780456756,221.560643
1780456756,217.416026
1780456756,221.855307
1780456756,222.469276
1780456756,221.921320
1780456756,251.413422
1780456756,231.459217
1780456756,205.009011
1780456756,225.401021
1780456756,169.491310
1780456756,191.078624
1780456756,190.556385
1780456756,172.193440
1780456756,192.269949
1780456756,175.746023
1780456756,184.234546
1780456756,173.579664
1780456756,185.320835
1780456756,185.630939
1780456756,188.034506
1780456756,186.715264
1780456756,189.160236
1780456756,188.493412
1780456756,200.883607
1780456756,210.271849
1780456756,212.380862
1780456756,211.890981
1780456756,235.279440
1780456756,237.072342
1780456756,236.889050
1780456756,213.801281
1780456756,213.426184
1780456756,214.226693
1780456756,214.566819
1780456756,214.055891
1780456756,239.741808
1780456756,216.009962
1780456756,240.679719
1780456756,217.290853
1780456756,251.553950
1780456756,218.423606
1780456756,246.599745
1780456756,220.276969
1780456756,265.376243
1780456756,256.279628
1780456756,218.598158
1780456756,220.747315
1780456756,255.413260
1780456756,197.988242
1780456756,221.103801
1780456756,258.698813
1780456756,258.609905
1780456756,222.204285
1780456756,256.595888
1780456756,183.541755
1780456756,258.387356
1780456756,258.655549
1780456756,210.812560
1780456756,219.098252
1780456756,258.842157
1780456756,219.219146
1780456756,258.831901
1780456756,261.238584
1780456756,219.292830
1780456756,260.203067
1780456756,219.472603
1780456756,221.259349
1780456756,210.978402
1780456756,221.368861
1780456756,211.288045
1780456756,211.380212
1780456756,260.404489
1780456756,219.140484
1780456756,231.857037
1780456756,222.667040
1780456756,223.672251
1780456756,260.683326
1780456756,224.029664
1780456756,260.807550
1780456756,211.700109
1780456756,224.327892
1780456756,224.581706
1780456756,243.965871
1780456756,211.849017
1780456756,169.325481
1780456756,164.810528
1780456756,224.725698
1780456756,158.464884
1780456756,201.819664
1780456756,211.601287
1780456756,214.512350
1780456756,215.394688
1780456756,165.127133
1780456756,221.488393
1780456756,158.957115
1780456756,159.801637
1780456756,222.287320
1780456756,169.970619
1780456756,215.824614
1780456756,170.869148
1780456756,216.028317
1780456756,159.373516
1780456756,222.031178
1780456756,223.492312
1780456756,170.368127
1780456756,216.198973
1780456756,160.315690
1780456756,215.428204
1780456756,171.564008
1780456756,215.580373
1780456756,168.198231
1780456756,215.730780
1780456756,162.470710
1780456756,217.771613
1780456756,162.696224
1780456756,199.749289
1780456756,209.572899
1780456756,184.213172
1780456756,230.502903
1780456756,163.425634
1780456756,217.819203
1780456756,189.370676
1780456756,230.616803
1780456756,209.935021
1780456756,181.965391
1780456756,237.354573
1780456756,182.947248
1780456756,231.461404
1780456756,237.667496
1780456756,210.306971
1780456756,175.740233
1780456756,231.700843
1780456756,161.200185
1780456756,219.085094
1780456756,176.429785
1780456756,232.138951
1780456756,162.322979
1780456756,176.559105
1780456756,211.075460
1780456756,232.245075
1780456756,232.907782
1780456756,162.613759
1780456756,239.610462
1780456756,196.848025
1780456756,233.104138
1780456756,164.906640
1780456756,235.083622
1780456756,183.958860
1780456756,233.444566
1780456756,165.115808
1780456756,240.251534
1780456756,200.511224
1780456756,235.271061
1780456756,198.831362
1780456756,235.342233
1780456756,205.785949
1780456756,210.846112
1780456756,166.476377
1780456756,240.987326
1780456756,235.525978
1780456756,241.136147
1780456756,200.895234
1780456756,235.671487
1780456756,206.327152
1780456756,235.290806
1780456756,207.267929
1780456756,235.479310
1780456756,166.999160
1780456756,237.003721
1780456756,207.488467
1780456756,238.411307
1780456756,204.180654
1780456756,236.012145
1780456756,243.245635
1780456756,172.354122
1780456756,245.106365
1780456756,169.988507
1780456756,245.906278
1780456756,208.957684
1780456756,246.744541
1780456756,208.777518
1780456756,247.158387
1780456756,211.632999
1780456756,232.960878
1780456756,249.335791
1780456756,249.777092
1780456756,204.534643
1780456756,249.003285
1780456756,189.714579
1780456756,250.933492
1780456756,209.707552
1780456756,254.318220
1780456756,173.531975
1780456756,227.727504
1780456756,211.126304
1780456756,193.522063
1780456756,216.213843
1780456756,226.952253
1780456756,209.567487
1780456756,236.834918
1780456756,230.661077
1780456756,193.470074
1780456756,209.854812
1780456756,211.166590
1780456756,237.408908
1780456756,208.631288
1780456756,230.875979
1780456756,211.639079
1780456756,231.209514
1780456756,237.715857
1780456756,234.341804
1780456756,228.993295
1780456756,220.977728
1780456756,219.799539
1780456756,220.036674
1780456756,233.977546
1780456756,220.432461
1780456756,222.152050
1780456756,239.398744
1780456756,222.571038
1780456756,209.561220
1780456756,208.198183
1780456756,197.573248
1780456756,209.133983
1780456756,209.326387
1780456756,207.288172
1780456756,210.414432
1780456756,210.005864
1780456756,264.085835
1780456756,210.534226
1780456756,172.016531
1780456756,248.798431
1780456756,167.917811
1780456756,213.233298
1780456756,201.272454
1780456756,250.770245
1780456756,250.407766
1780456756,237.080072
1780456756,195.318476
1780456756,174.431085
1780456756,212.778014
1780456756,227.633482
1780456756,212.723964
1780456756,210.228269
1780456756,213.693516
1780456756,194.229108
1780456756,181.763736
1780456756,213.300660
1780456756,231.898611
1780456756,213.373043
1780456756,195.460568
1780456756,189.558696
1780456756,196.910597
1780456756,213.611830
1780456756,226.750241
1780456756,177.960041
1780456756,215.903634
1780456756,228.942153
1780456756,207.811585
1780456756,178.394443
1780456756,199.504861
1780456756,208.866812
1780456756,229.648087
1780456756,178.591626
1780456756,232.655666
1780456756,209.994568
1780456756,229.249129
1780456756,179.159980
1780456756,201.048076
1780456756,210.501722
1780456756,179.378464
1780456756,211.109251
1780456756,200.605393
1780456756,198.590208
1780456756,218.920128
1780456756,185.550229
1780456756,219.139822
1780456756,202.254695
1780456756,198.750641
1780456756,234.167849
1780456756,229.274040
1780456756,235.166830
1780456756,203.349533
1780456756,204.307593
1780456756,229.625041
1780456756,205.379882
1780456756,220.076102
1780456756,235.754205
1780456756,199.603217
1780456756,211.359683
1780456756,238.682612
1780456756,235.426584
1780456756,202.523701
1780456756,235.496936
1780456756,200.612934
1780456756,210.963423
1780456756,247.925474
1780456756,200.954578
1780456756,247.331662
1780456756,227.883292
1780456756,236.759196
1780456756,206.247694
1780456756,201.320663
1780456756,228.834792
1780456756,229.681156
1780456756,187.885156
1780456756,201.550582
1780456756,230.923037
1780456756,189.263934
1780456756,232.613129
1780456756,191.861596
1780456756,210.833639
1780456756,210.414902
1780456756,202.548045
1780456756,173.279931
1780456756,173.487216
1780456756,176.862191
1780456756,171.923108
1780456756,215.232567
1780456756,193.508158
1780456756,188.745602
1780456756,214.684142
1780456756,215.547231
1780456756,176.357201
1780456756,219.697144
1780456756,177.283705
1780456756,216.926379
1780456756,177.151230
1780456756,198.559392
1780456756,231.592633
1780456756,230.475278
1780456756,233.421979
1780456756,173.151716
1780456756,233.813482
1780456756,203.091604
1780456756,233.915778
1780456756,228.007683
1780456756,234.554980
1780456756,234.625134
1780456756,203.858395
1780456756,206.313784
1780456756,235.068317
1780456756,208.176702
1780456756,211.175467
1780456756,236.813866
1780456756,212.867117
1780456756,173.465327
1780456756,188.075111
1780456756,187.936433
1780456756,188.312594
1780456756,118.305824
1780456756,158.566373
1780456756,158.667983
1780456756,116.892492
1780456756,158.816270
1780456756,117.066750
1780456756,117.456926
1780456756,159.104952
1780456756,160.880927
1780456756,118.316116
1780456756,154.480041
1780456756,153.105709
1780456756,154.230331
1780456756,152.142513
1780456756,185.320371
1780456756,168.599051
1780456756,187.594806
1780456756,170.371525
1780456756,170.849176
1780456756,132.433156
1780456756,173.161834
1780456756,172.919738
1780456756,132.939680
1780456756,219.398934
1780456756,135.485143
1780456756,175.801991
1780456756,165.654260
1780456756,173.134006
1780456756,177.615949
1780456756,154.911603
1780456756,155.473222
1780456756,240.554955
1780456756,241.244307
1780456756,224.968892
1780456756,177.197132
1780456756,177.867976
1780456756,241.444991
1780456756,228.952914
1780456756,229.793446
1780456756,157.592988
1780456756,226.895246
1780456756,225.559636
1780456756,226.684154
1780456756,226.871275
1780456756,229.524882
1780456756,227.765659
1780456756,231.508487
1780456756,166.432351
1780456756,230.238656
1780456756,242.070557
1780456756,239.891402
1780456756,156.930886
1780456756,123.630796
1780456756,224.245295
1780456756,224.510198
1780456756,227.312600
1780456756,230.774289
1780456756,224.435792
1780456756,224.438904
1780456756,222.189573
1780456756,222.351915
1780456756,221.030611
1780456756,219.982246
1780456756,220.962158
1780456756,221.353911
1780456756,221.229615
1780456756,124.861205
1780456756,124.804145
1780456756,124.623956
1780456756,124.806470
1780456756,124.770288
1780456756,233.142594
1780456756,124.644424
1780456756,124.746628
1780456756,124.113353
1780456756,126.110128
1780456756,126.211376
1780456756,126.144384
1780456756,126.116603
1780456756,124.763839
1780456756,222.162438
1780456756,221.859509
1780456756,123.934020
1780456756,127.513453
1780456756,127.492117
1780456756,229.939026
1780456756,228.097107
1780456756,151.187166
1780456756,174.862739
1780456756,151.204368
1780456756,177.027834
1780456756,168.652923
1780456756,166.792943
1780456756,167.996336
1780456756,167.710690
1780456756,160.742828
1780456756,162.476616
1780456756,160.093923
1780456756,162.567306
1780456756,160.709743
1780456756,163.021232
1780456756,180.376654
1780456756,183.492852
1780456756,148.638684
1780456756,180.216229
1780456756,134.968041
1780456756,134.966606
1780456756,134.856153
1780456756,137.758123
1780456756,134.865959
1780456756,135.012855
1780456756,131.704468
1780456756,137.973884
1780456756,138.063362
1780456756,151.992384
1780456756,131.542798
1780456756,173.466408
1780456756,131.834690
1780456756,173.884983
1780456756,173.889806
1780456756,132.078194
1780456756,132.016967
1780456756,131.936722
1780456756,131.919569
1780456756,175.120443
1780456756,249.790667
1780456756,249.648072
1780456756,143.385336
1780456756,248.666593
1780456756,242.316115
1780456756,188.763207
1780456756,156.604697
1780456756,155.695172
1780456756,188.975413
1780456756,240.044601
1780456756,242.934710
1780456756,156.172629
1780456756,248.648007
1780456756,153.284202
1780456756,190.104583
1780456756,237.305336
1780456756,249.184664
1780456756,155.483041
1780456756,190.657343
1780456756,155.791095
1780456756,189.937697
1780456756,248.029279
1780456756,247.904003
1780456756,246.038303
1780456756,246.221472
1780456756,216.703573
1780456756,232.554307
1780456756,196.456476
1780456756,231.037633
1780456756,229.873442
1780456756,214.767980
1780456756,214.790383
1780456756,228.092897
1780456756,167.152857
1780456756,163.763488
1780456756,168.335063
1780456756,167.047253
1780456756,166.142496
1780456756,157.490886
1780456756,157.483361
1780456756,166.099440
1780456756,200.681257
1780456756,156.516566
1780456756,157.663559
1780456756,153.544971
1780456756,199.725041
1780456756,198.507384
1780456756,198.885358
1780456756,147.114147
1780456756,147.003319
1780456756,155.841651
1780456756,150.651351
1780456756,155.814239
1780456756,156.113636
1780456756,201.261437
1780456756,146.495458
1780456756,147.695268
1780456756,149.253204
1780456756,193.992423
1780456756,194.238960
1780456756,149.382573
1780456756,150.892168
1780456756,208.321417
1780456756,165.215725
1780456756,164.961823
1780456756,165.220928
1780456756,141.966186
1780456756,198.523950
1780456756,169.462858
1780456756,143.060986
1780456756,166.072760
1780456756,203.243939
1780456756,169.610258
1780456756,143.035685
1780456756,165.833040
1780456756,150.486054
1780456756,169.830305
1780456756,203.284715
1780456756,203.230347
1780456756,166.134603
1780456756,205.181683
1780456756,202.589231
1780456756,142.520349
1780456756,142.973374
1780456756,139.184483
1780456756,143.457881
1780456756,139.241677
1780456756,143.282324
1780456756,166.664211
1780456756,166.848003
1780456756,139.930937
1780456756,143.474203
1780456756,121.767571
1780456756,144.694107
1780456756,167.179441
1780456756,141.574694
1780456756,143.362466
1780456756,152.665385
1780456756,176.948335
1780456756,185.715875
1780456756,151.640020
1780456756,152.964111
1780456756,176.021448
1780456756,176.260180
1780456756,152.171887
1780456756,209.614119
1780456756,152.148797
1780456756,176.292758
1780456756,151.492945
1780456756,151.571222
1780456756,151.831360
1780456756,151.461305
1780456756,151.743485
1780456756,151.702046
1780456756,134.075051
1780456756,151.510276
1780456756,152.718804
1780456756,149.023173
1780456756,144.690426
1780456756,144.955730
1780456756,185.110251
1780456756,227.239273
1780456756,185.001560
1780456756,227.211201
1780456756,181.839864
1780456756,179.933661
1780456756,226.854826
1780456756,180.276811
1780456756,220.590573
1780456756,185.128852
1780456756,218.927279
1780456756,199.184590
1780456756,207.584600
1780456756,218.635720
1780456756,177.476202
1780456756,170.635089
1780456756,168.287930
1780456756,170.047311
1780456756,168.601074
1780456756,169.544285
1780456756,217.169364
1780456756,213.677040
1780456756,159.475746
1780456756,146.243878
1780456756,213.974099
1780456756,217.486636
1780456756,169.495658
1780456756,159.521782
1780456756,171.277652
1780456756,157.757364
1780456756,216.016787
1780456756,157.202195
1780456756,157.955224
1780456756,172.884161
1780456756,160.695412
1780456756,214.100691
1780456756,159.906880
1780456756,158.149284
1780456756,143.645452
1780456756,214.042008
1780456756,157.139286
1780456756,217.484019
1780456756,214.072154
1780456756,145.135298
1780456756,159.913189
1780456756,145.540730
1780456756,180.400022
1780456756,144.916828
1780456756,146.152388
1780456756,146.602132
1780456756,145.902330
1780456756,147.436686
1780456756,157.871086
1780456756,147.958087
1780456756,147.188555
1780456756,148.231765
1780456756,173.057885
1780456756,148.572313
1780456756,157.352818
1780456756,147.809732
1780456756,244.553069
1780456756,158.255310
1780456756,135.603418
1780456756,157.762240
1780456756,244.952787
1780456756,180.821406
1780456756,134.538164
1780456756,158.263130
1780456756,136.140238
1780456756,143.963834
1780456756,142.534781
1780456756,143.441757
1780456756,143.746870
1780456756,142.838428
1780456756,144.635671
1780456756,156.135298
1780456756,155.866384
1780456756,152.553817
1780456756,153.163071
1780456756,155.178473
1780456756,236.150690
1780456756,152.368444
1780456756,152.118939
1780456756,149.480449
1780456756,164.812826
1780456756,164.812497
1780456756,160.225773
1780456756,159.981898
1780456756,192.843954
1780456756,187.010950
1780456756,242.501108
1780456756,243.851590
1780456756,243.394297
1780456756,244.514673
1780456756,244.020430
1780456756,244.255673
1780456756,236.324960
1780456756,244.498298
1780456756,239.863522
1780456756,246.236323
1780456756,260.618435
1780456756,157.809666
1780456756,235.276491
1780456756,148.118922
1780456756,147.864356
1780456756,148.711880
1780456756,142.509309
1780456756,237.186864
1780456756,238.736067
1780456756,238.037734
1780456756,168.364663
1780456756,232.391878
1780456756,160.009973
1780456756,168.712493
1780456756,193.534083
1780456756,165.617540
1780456756,228.016797
1780456756,165.736875
1780456756,160.313583
1780456756,228.023454
1780456756,156.231994
1780456756,226.757587
1780456756,154.884446
1780456756,228.368918
1780456756,154.393669
1780456756,227.996946
1780456756,226.931683
1780456756,227.153701
1780456756,227.296404
1780456756,222.612339
1780456756,227.701622
1780456756,227.831095
1780456756,228.094940
1780456756,174.406464
1780456756,171.363836
1780456756,170.584274
1780456756,167.261787
1780456756,170.886015
1780456756,166.461165
1780456756,229.245049
1780456756,231.560119
1780456756,156.824930
1780456756,229.126103
1780456756,231.735927
1780456756,226.500827
1780456756,232.157499
1780456756,158.233974
1780456756,158.938782
1780456756,159.840117
1780456756,159.667361
1780456756,159.916740
1780456756,256.782182
1780456756,160.373466
1780456756,160.760181
1780456756,107.444647
1780456756,108.702678
1780456756,108.497323
1780456756,109.036484
1780456756,207.997072
1780456756,141.269667
1780456756,204.461122
1780456756,204.801948
1780456756,169.756299
1780456756,116.914570
1780456756,117.199929
1780456756,153.359722
1780456756,211.733446
1780456756,146.386537
1780456756,145.678824
1780456756,264.812258
1780456756,116.934466
1780456756,248.283894
1780456756,248.037710
1780456756,247.856872
1780456756,246.956899
1780456756,246.710780
1780456756,274.039721
1780456756,274.214904
1780456756,274.468491
1780456756,247.691330
1780456756,236.524799
1780456756,272.227661
1780456756,228.655144
1780456756,238.347824
1780456756,120.063034
1780456756,238.607168
1780456756,173.460226
1780456756,240.966229
1780456756,273.892146
1780456756,245.236785
1780456756,245.642451
1780456756,244.172311
1780456756,243.930446
1780456756,245.952011
1780456756,274.156095
1780456756,246.296038
1780456756,173.993132
1780456756,246.718840
1780456756,273.916828
1780456756,244.737708
1780456756,245.146928
1780456756,130.587184
1780456756,131.741525
1780456756,127.369391
1780456756,243.042617
1780456756,242.165640
1780456756,170.062074
1780456756,169.294103
1780456756,158.733902
1780456756,169.728641
1780456756,142.221624
1780456756,137.811957
1780456756,137.865705
1780456756,137.810229
1780456756,171.713841
1780456756,137.474543
1780456756,137.645534
1780456756,137.698741
1780456756,137.893459
1780456756,138.188491
1780456756,137.891779
1780456756,137.818683
1780456756,138.225595
1780456756,146.995040
1780456756,141.063047
1780456756,141.869805
1780456756,240.153739
1780456756,141.861628
1780456756,128.511016
1780456756,146.966034
1780456756,146.114570
1780456756,239.273007
1780456756,287.796781
1780456756,240.855939
1780456756,231.396840
1780456756,185.208069
1780456756,154.309705
1780456756,155.369786
1780456756,154.282914
1780456756,152.816163
1780456756,155.703969
1780456756,153.748284
1780456756,155.574106
1780456756,155.747253
1780456756,154.449628
1780456756,154.567362
1780456756,154.619459
1780456756,154.168544
1780456756,154.348080
1780456756,153.432826
1780456756,154.306516
1780456756,152.887120
1780456756,154.419930
1780456756,198.762220
1780456756,154.601299
1780456756,152.517067
1780456756,154.602487
1780456756,198.314877
1780456756,152.143470
1780456756,152.403719
1780456756,150.644524
1780456756,306.181317
1780456756,264.055985
1780456756,199.008441
1780456756,142.971498
1780456756,261.420806
1780456756,154.594474
1780456756,143.254058
1780456756,154.199864
1780456756,143.321915
1780456756,153.114218
1780456756,261.101341
1780456756,156.407073
1780456756,297.997403
1780456756,154.758368
1780456756,261.411092
1780456756,152.136782
1780456756,151.901022
1780456756,150.007226
1780456756,142.502007
1780456756,150.922927
1780456756,155.202198
1780456756,143.466533
1780456756,149.065164
1780456756,150.633591
1780456756,199.066716
1780456756,198.585797
1780456756,297.429360
1780456756,294.454585
1780456756,240.955950
1780456756,146.085958
1780456756,129.837372
1780456756,139.245300
1780456756,160.251607
1780456756,160.132711
1780456756,206.458241
1780456756,164.796104
1780456756,207.466700
1780456756,207.227223
1780456756,205.002535
1780456756,163.463155
1780456756,205.549874
1780456756,198.758638
1780456756,152.804169
1780456756,248.422264
1780456756,206.171584
1780456756,152.341849
1780456756,152.848151
1780456756,206.071777
1780456756,152.248359
1780456756,152.530376
1780456756,207.128875
1780456756,152.414265
1780456756,206.671471
1780456756,198.927257
1780456756,152.583511
1780456756,205.216627
1780456756,165.842029
1780456756,205.797537
1780456756,161.022997
1780456756,154.480615
1780456756,154.580399
1780456756,142.572787
1780456756,154.650409
1780456756,143.506763
1780456756,143.434597
1780456756,138.630566
1780456756,140.088342
1780456756,119.253617
1780456756,139.988426
1780456756,139.513686
1780456756,158.746352
1780456756,158.203012
1780456756,157.925134
1780456756,151.630310
1780456756,158.078296
1780456756,158.223507
1780456756,158.339065
1780456756,158.407345
1780456756,132.277757
1780456756,122.140822
1780456756,142.891807
1780456756,122.417691
1780456756,143.020502
1780456756,122.636767
1780456756,122.796332
1780456756,120.396394
1780456756,161.895289
1780456756,160.856169
1780456756,138.538217
1780456756,132.486480
1780456756,161.235758
1780456756,161.329989
1780456756,161.820367
1780456756,161.320725
1780456756,132.629042
1780456756,123.098735
1780456756,161.721826
1780456756,123.249343
1780456756,136.573545
1780456756,122.128376
1780456756,133.237352
1780456756,132.092818
1780456756,122.224024
1780456756,122.444228
1780456756,122.679429
1780456756,122.815651
1780456756,136.430763
1780456756,136.389092
1780456756,135.714125
1780456756,206.907146
1780456756,142.048860
1780456756,139.887011
1780456756,147.157071
1780456756,143.009770
1780456756,157.437911
1780456756,154.054226
1780456756,145.563204
1780456756,172.283710
1780456756,172.558906
1780456756,146.376667
1780456756,173.097298
1780456756,146.150615
1780456756,179.192740
1780456756,145.457613
1780456756,177.826235
1780456756,146.957780
1780456756,173.773789
1780456756,179.713845
1780456756,166.144539
1780456756,174.117480
1780456756,149.855301
1780456756,173.992876
1780456756,148.503119
1780456756,174.489081
1780456756,147.589983
1780456756,174.824831
1780456756,148.788730
1780456756,172.423709
1780456756,138.114817
1780456756,136.978683
1780456756,138.162329
1780456756,138.450890
1780456756,139.763266
1780456756,127.932870
1780456756,139.624992
1780456756,139.751180
1780456756,140.431861
1780456756,127.352344
1780456756,130.687514
1780456756,133.395492
1780456756,131.670463
1780456756,131.674871
1780456756,131.664075
1780456756,131.221511
1780456756,131.082185
1780456756,143.894041
1780456756,131.173777
1780456756,128.737442
1780456756,131.462965
1780456756,133.726402
1780456756,131.624228
1780456756,133.901779
1780456756,133.993726
1780456756,217.286167
1780456756,218.290498
1780456756,219.505799
1780456756,217.075069
1780456756,134.175667
1780456756,217.292560
1780456756,185.817271
1780456756,185.821781
1780456756,216.671265
1780456756,272.891603
1780456756,185.873314
1780456756,322.994109
1780456756,272.482637
1780456756,216.896011
1780456756,180.718699
1780456756,218.353508
1780456756,272.657343
1780456756,219.813288
1780456756,185.678790
1780456756,180.720354
1780456756,219.847271
1780456756,180.744291
1780456756,180.886512
1780456756,172.509376
1780456756,219.896734
1780456756,216.792206
1780456756,184.372481
1780456756,184.474934
1780456756,218.695414
1780456756,224.913355
1780456756,225.245300
1780456756,158.137943
1780456756,173.650856
1780456756,158.459855
1780456756,158.539467
1780456756,155.024226
1780456756,220.421229
1780456756,217.902751
1780456756,154.532382
1780456756,323.498422
1780456756,174.933982
1780456756,159.458357
1780456756,173.924681
1780456756,159.554703
1780456756,160.939526
1780456756,160.005226
1780456756,153.498609
1780456756,159.996038
1780456756,162.058477
1780456756,160.150095
1780456756,161.072805
1780456756,325.873087
1780456756,217.242011
1780456756,322.655367
1780456756,162.073577
1780456756,325.852369
1780456756,149.787085
1780456756,269.675612
1780456756,149.849379
1780456756,270.082288
1780456756,148.799849
1780456756,175.362694
1780456756,152.777112
1780456756,274.022507
1780456756,150.446836
1780456756,273.909567
1780456756,133.797569
1780456756,148.940978
1780456756,134.178878
1780456756,151.113817
1780456756,134.111772
1780456756,152.404791
1780456756,133.990188
1780456756,152.683569
1780456756,173.527920
1780456756,173.658987
1780456756,153.409066
1780456756,147.955026
1780456756,153.044238
1780456756,174.184052
1780456756,151.702690
1780456756,174.298608
1780456756,135.282449
1780456756,134.908461
1780456756,135.717845
1780456756,135.308837
1780456756,134.371098
1780456756,125.604925
1780456756,133.462103
1780456756,125.651047
1780456756,124.645644
1780456756,125.000375
1780456756,125.137016
1780456756,129.754749
1780456756,153.695010
1780456756,152.896193
1780456756,148.192900
1780456756,154.936685
1780456756,151.816592
1780456756,139.756968
1780456756,151.849104
1780456756,139.773325
1780456756,154.177435
1780456756,137.931673
1780456756,151.886361
1780456756,146.541735
1780456756,141.345095
1780456756,141.399314
1780456756,141.358732
1780456756,129.006275
1780456756,141.372314
1780456756,152.191273
1780456756,129.114544
1780456756,129.086144
1780456756,141.547025
1780456756,129.125423
1780456756,152.395763
1780456756,129.277977
1780456756,130.558657
1780456756,129.343616
1780456756,154.524164
1780456756,134.291066
1780456756,132.952749
1780456756,138.280272
1780456756,147.893364
1780456756,136.655144
1780456756,153.672188
1780456756,138.400155
1780456756,149.070950
1780456756,154.937510
1780456756,138.525129
1780456756,146.930184
1780456756,139.707982
1780456756,147.458198
1780456756,128.266304
1780456756,137.235911
1780456756,119.476853
1780456756,119.532100
1780456756,118.375114
1780456756,118.455324
1780456756,119.769927
1780456756,140.997092
1780456756,129.459173
1780456756,123.798236
1780456756,137.715503
1780456756,140.953847
1780456756,121.110498
1780456756,140.170878
1780456756,139.161117
1780456756,142.238820
1780456756,119.955919
1780456756,142.318463
1780456756,130.219217
1780456756,142.400962
1780456756,128.819418
1780456756,128.974440
1780456756,139.371656
1780456756,138.064591
1780456756,124.193862
1780456756,136.574113
1780456756,124.140132
1780456756,132.972638
1780456756,130.481693
1780456756,124.567607
1780456756,132.709354
1780456756,131.287047
1780456756,143.195921
1780456756,124.126398
1780456756,123.410321
1780456756,122.427534
1780456756,120.967006
1780456756,135.605485
1780456756,118.984236
1780456756,133.528142
1780456756,125.069504
1780456756,118.516110
1780456756,136.468286
1780456756,133.535209
1780456756,135.086652
1780456756,128.458415
1780456756,135.325034
1780456756,134.201935
1780456756,128.989188
1780456756,129.354485
1780456756,135.179077
1780456756,132.964333
1780456756,128.488861
1780456756,123.955819
1780456756,122.948069
1780456756,110.616126
1780456756,150.590313
1780456756,141.772599
1780456756,147.848895
1780456756,132.853211
1780456756,124.750157
1780456756,124.974971
1780456756,147.931179
1780456756,126.189269
1780456756,127.980026
1780456756,141.860907
1780456756,129.440770
1780456756,139.956873
1780456756,125.218586
1780456756,129.511502
1780456756,109.432746
1780456756,130.741949
1780456756,109.088512
1780456756,109.462118
1780456756,138.246001
1780456756,139.390374
1780456756,138.256871
1780456756,109.544568
1780456756,109.606789
1780456756,138.317380
1780456756,138.369048
1780456756,112.069499
1780456756,112.308862
1780456756,112.116410
1780456756,136.983022
1780456756,136.634965
1780456756,110.283047
1780456756,146.020603
1780456756,154.625556
1780456756,154.042088
1780456756,154.153376
1780456756,154.294743
1780456756,154.087331
1780456756,152.678134
1780456756,154.761099
1780456756,151.616490
1780456756,149.902392
1780456756,148.750407
1780456756,151.624863
1780456756,152.847836
1780456756,152.985100
1780456756,110.432564
1780456756,148.997543
1780456756,137.418016
1780456756,137.705663
1780456756,147.800066
1780456756,136.521933
1780456756,146.646329
1780456756,136.712380
1780456756,147.867321
1780456756,154.518058
1780456756,151.962278
1780456756,136.700716
1780456756,154.758493
1780456756,110.673408
1780456756,136.714070
1780456756,110.725957
1780456756,111.615881
1780456756,135.593402
1780456756,113.229649
1780456756,113.394904
1780456756,113.553707
1780456756,114.691975
1780456756,111.337430
1780456756,114.681461
1780456756,143.067500
1780456756,111.385429
1780456756,141.049016
1780456756,166.253093
1780456756,165.293974
1780456756,165.284083
1780456756,165.235192
1780456756,113.743663
1780456756,113.678631
1780456756,136.863026
1780456756,113.771472
1780456756,116.075696
1780456756,141.792042
1780456756,113.454101
1780456756,142.104164
1780456756,166.222726
1780456756,135.299198
1780456756,145.914502
1780456756,135.490773
1780456756,151.648766
1780456756,134.467129
1780456756,166.066948
1780456756,140.841423
1780456756,150.883737
1780456756,135.174234
1780456756,151.055389
1780456756,139.927400
1780456756,142.525793
1780456756,151.304419
1780456756,132.176046
1780456756,150.304338
1780456756,133.488370
1780456756,140.326528
1780456756,136.444712
1780456756,140.538720
1780456756,156.681230
1780456756,157.225398
1780456756,156.966373
1780456756,155.963898
1780456756,156.050778
1780456756,151.404792
1780456756,119.413697
1780456756,141.338933
1780456756,132.214904
1780456756,126.729089
1780456756,127.083222
1780456756,118.421482
1780456756,118.051371
1780456756,127.211116
1780456756,117.772125
1780456756,127.363330
1780456756,120.721192
1780456756,117.750229
1780456756,120.839304
1780456756,118.732592
1780456756,120.627337
1780456756,118.998760
1780456756,119.125612
1780456756,119.085098
1780456756,119.412007
1780456756,120.221966
1780456756,121.417189
1780456756,121.906894
1780456756,122.141457
1780456756,122.041350
1780456756,118.026345
1780456756,118.704663
1780456756,122.158503
1780456756,122.036084
1780456756,120.365507
1780456756,122.407470
1780456756,120.791056
1780456756,122.610097
1780456756,121.829897
1780456756,112.301609
1780456756,118.593392
1780456756,122.581634
1780456756,121.907456
1780456756,121.205556
1780456756,120.947302
1780456756,122.112998
1780456756,120.905741
1780456756,116.344547
1780456756,120.652976
1780456756,122.806428
1780456756,119.416315
1780456756,121.660069
1780456756,120.930267
1780456756,117.604215
1780456756,123.953120
1780456756,123.777969
1780456756,117.490404
1780456756,117.467283
1780456756,117.692484
1780456756,122.308027
1780456756,117.377980
1780456756,121.928487
1780456756,120.665631
1780456756,124.441382
1780456756,117.678001
1780456756,117.873008
1780456756,124.775567
1780456756,122.865610
1780456756,123.186793
1780456756,118.081168
1780456756,124.850244
1780456756,122.460515
1780456756,122.041017
1780456756,118.778698
1780456756,124.015821
1780456756,125.822105
1780456756,118.839474
1780456756,125.565096
1780456756,125.922913
1780456756,126.175833
1780456756,119.620939
1780456756,125.033628
1780456756,126.541407
1780456756,122.502208
1780456756,125.085881
1780456756,125.056031
1780456756,122.487099
1780456756,122.630477
1780456756,125.432619
1780456756,127.148274
1780456756,125.966343
1780456756,115.745737
1780456756,124.694182
1780456756,124.782202
1780456756,120.480582
1780456756,125.056502
1780456756,125.063961
1780456756,125.155794
1780456756,122.669896
1780456756,123.005167
1780456756,123.105238
1780456756,123.317853
1780456756,118.412470
1780456756,129.027958
1780456756,129.104755
1780456756,129.131313
1780456756,122.505760
1780456756,118.948207
1780456756,129.337174
1780456756,129.414837
1780456756,124.999476
1780456756,123.250562
1780456756,129.613496
1780456756,124.405436
1780456756,129.681623
1780456756,129.802955
1780456756,126.504208
1780456756,129.341675
1780456756,128.909915
1780456756,127.082307
1780456756,130.070071
1780456756,126.699520
1780456756,126.821576
1780456756,129.219223
1780456756,129.413293
1780456756,125.209443
1780456756,124.222330
1780456756,129.752090
1780456756,128.015018
1780456756,123.921470
1780456756,125.010410
1780456756,124.895072
1780456756,124.019755
1780456756,124.217786
1780456756,125.298777
1780456756,130.302770
1780456756,125.608657
1780456756,120.279572
1780456756,128.655469
1780456756,125.495526
1780456756,122.626963
1780456756,130.460675
1780456756,125.824787
1780456756,125.642369
1780456756,130.580953
1780456756,125.753564
1780456756,126.374638
1780456756,124.653881
1780456756,122.135014
1780456756,129.704714
1780456756,124.073615
1780456756,125.920633
1780456756,128.624925
1780456756,130.107946
1780456756,130.311581
1780456756,126.331365
1780456756,122.548259
1780456756,128.735411
1780456756,126.040337
1780456756,124.268496
1780456756,124.532394
1780456756,124.445747
1780456756,124.476014
1780456756,126.914922
1780456756,122.185582
1780456756,127.084438
1780456756,126.825683
1780456756,122.325888
1780456756,124.176677
1780456756,127.193540
1780456756,124.352672
1780456756,122.501937
1780456756,124.475443
1780456756,127.298635
1780456756,126.008620
1780456756,125.945519
1780456756,124.526069
1780456756,124.714248
1780456756,124.223446
1780456756,122.981464
1780456756,122.565101
1780456756,130.177647
1780456756,123.299695
1780456756,126.156410
1780456756,122.654841
1780456756,122.776451
1780456756,125.098125
1780456756,124.958357
1780456756,123.714713
1780456756,123.233302
1780456756,131.325538
1780456756,130.730358
1780456756,125.871720
1780456756,128.404279
1780456756,124.631560
1780456756,129.312402
1780456756,131.973572
1780456756,125.872746
1780456756,129.290855
1780456756,131.893066
1780456756,128.548780
1780456756,125.197049
1780456756,131.766683
1780456756,132.663438
1780456756,128.739198
1780456756,126.997559
1780456756,124.668639
1780456756,132.196477
1780456756,128.708402
1780456756,124.833383
1780456756,132.914940
1780456756,129.902345
1780456756,132.510118
1780456756,126.988407
1780456756,127.193873
1780456756,130.004775
1780456756,127.759130
1780456756,133.029578
1780456756,129.722227
1780456756,133.488786
1780456756,126.419114
1780456756,125.525782
1780456756,127.975261
1780456756,126.293644
1780456756,133.334283
1780456756,126.314336
1780456756,133.494711
1780456756,126.355328
1780456756,126.629112
1780456756,133.596324
1780456756,126.638406
1780456756,129.853854
1780456756,128.145518
1780456756,129.834227
1780456756,126.300710
1780456756,134.369473
1780456756,127.773102
1780456756,127.759846
1780456756,131.107460
1780456756,126.225835
1780456756,127.173206
1780456756,134.161827
1780456756,126.885597
1780456756,134.221813
1780456756,126.887529
1780456756,135.064739
1780456756,126.928618
1780456756,126.985548
1780456756,135.618169
1780456756,126.974029
1780456756,135.700312
1780456756,131.508901
1780456756,132.308131
1780456756,131.108060
1780456756,135.260810
1780456756,132.340718
1780456756,136.035710
1780456756,135.327210
1780456756,135.726344
1780456756,135.945649
1780456756,135.939821
1780456756,135.768056
1780456756,136.007934
1780456756,134.532363
1780456756,134.548635
1780456756,128.337474
1780456756,132.281119
1780456756,130.006963
1780456756,137.746787
1780456756,130.148940
1780456756,138.666847
1780456756,129.822398
1780456756,135.491231
1780456756,135.345377
1780456756,135.498043
1780456756,135.430571
1780456756,135.730609
1780456756,135.169416
1780456756,129.149953
1780456756,135.642253
1780456756,135.117756
1780456756,129.573036
1780456756,128.891753
1780456756,129.676460
1780456756,136.956237
1780456756,137.131997
1780456756,138.570541
1780456756,138.467716
1780456756,138.597913
1780456756,138.263731
1780456756,138.947295
1780456756,140.573863
1780456756,140.739070
1780456756,140.680732
1780456756,140.525660
1780456756,140.779088
1780456756,140.569609
1780456756,140.180072
1780456756,140.825572
1780456756,136.496465
1780456756,137.525636
1780456756,136.949899
1780456756,141.321294
1780456756,141.323313
1780456756,141.283993
1780456756,141.499731
1780456756,141.383301
1780456756,142.583747
1780456756,141.313746
1780456756,141.387299
1780456756,142.591635
1780456756,144.205541
1780456756,142.220783
1780456756,153.954402
1780456756,144.078647
1780456756,138.604015
1780456756,154.482985
1780456756,145.410845
1780456756,149.638970
1780456756,155.263092
1780456756,140.449113
1780456756,146.151299
1780456756,146.332768
1780456756,146.362036
1780456756,145.783394
1780456756,154.981346
1780456756,146.089519
1780456756,155.316715
1780456756,146.420134
1780456756,138.836896
1780456756,155.537833
1780456756,146.503445
1780456756,146.005711
1780456756,128.042334
1780456756,156.351615
1780456756,156.286959
1780456756,140.938786
1780456756,155.163046
1780456756,150.551976
1780456756,156.441502
1780456756,156.553352
1780456756,148.201367
1780456756,127.833172
1780456756,157.510812
1780456756,157.697610
1780456756,156.537185
1780456756,140.421528
1780456756,148.254365
1780456756,155.728786
1780456756,141.085255
1780456756,157.732228
1780456756,153.440903
1780456756,153.844017
1780456756,148.923485
1780456756,141.605913
1780456756,149.509596
1780456756,154.608028
1780456756,158.371356
1780456756,149.663592
1780456756,153.175332
1780456756,139.372262
1780456756,149.054433
1780456756,150.268645
1780456756,141.881308
1780456756,151.005199
1780456756,140.449638
1780456756,152.639003
1780456756,159.534908
1780456756,153.950605
1780456756,140.520843
1780456756,155.146009
1780456756,155.082681
1780456756,159.675338
1780456756,154.034578
1780456756,150.957761
1780456756,153.025953
1780456756,156.314246
1780456756,139.099706
1780456756,154.624321
1780456756,160.978260
1780456756,154.541365
1780456756,159.887716
1780456756,155.786481
1780456756,157.230869
1780456756,153.856937
1780456756,153.622599
1780456756,155.151567
1780456756,156.345326
1780456756,156.316258
1780456756,156.559752
1780456756,153.041483
1780456756,154.261633
1780456756,156.155211
1780456756,156.158615
1780456756,156.441481
1780456756,152.658771
1780456756,156.161596
1780456756,156.800570
1780456756,155.809151
1780456756,154.024814
1780456756,157.010454
1780456756,157.107845
1780456756,157.165091
1780456756,156.345735
1780456756,153.986985
1780456756,161.953898
1780456756,155.106306
1780456756,157.659802
1780456756,152.767178
1780456756,157.931767
1780456756,162.091433
1780456756,154.348197
1780456756,156.167608
1780456756,154.685799
1780456756,161.389214
1780456756,158.249609
1780456756,161.619098
1780456756,154.503602
1780456756,158.410535
1780456756,161.070332
1780456756,165.372405
1780456756,130.904528
1780456756,161.620000
1780456756,155.364481
1780456756,161.714981
1780456756,131.613779
1780456756,166.125568
1780456756,162.458509
1780456756,131.659230
1780456756,162.481114
1780456756,150.971643
1780456756,130.837554
1780456756,162.729301
1780456756,155.272324
1780456756,167.561983
1780456756,162.931457
1780456756,131.243159
1780456756,150.339042
1780456756,163.121078
1780456756,156.956378
1780456756,150.664429
1780456756,157.138637
1780456756,163.051494
1780456756,151.320488
1780456756,119.370965
1780456756,120.267630
1780456756,119.404113
1780456756,163.405980
1780456756,162.966626
1780456756,163.312891
1780456756,160.109454
1780456756,160.899938
1780456756,161.656707
1780456756,159.792749
1780456756,161.728951
1780456756,161.466314
1780456756,163.158137
1780456756,160.638483
1780456756,137.065722
1780456756,162.508697
1780456756,159.715635
1780456756,162.369250
1780456756,155.455706
1780456756,118.000291
1780456756,165.672025
1780456756,166.816827
1780456756,173.110159
1780456756,162.455500
1780456756,161.886498
1780456756,162.523295
1780456756,161.591189
1780456756,172.432979
1780456756,162.442985
1780456756,173.210700
1780456756,172.357946
1780456756,162.526122
1780456756,161.837950
1780456756,137.071023
1780456756,166.642080
1780456756,154.872108
1780456756,116.175336
1780456756,154.009863
1780456756,136.568110
1780456756,137.756754
1780456756,163.416683
1780456756,162.387778
1780456756,173.358274
1780456756,162.565941
1780456756,163.545848
1780456756,125.962919
1780456756,126.016717
1780456756,154.479374
1780456756,125.548967
1780456756,125.951209
1780456756,119.072642
1780456756,153.369859
1780456756,148.516972
1780456756,164.021827
1780456756,148.773834
1780456756,176.107302
1780456756,163.777801
1780456756,134.011596
1780456756,161.414214
1780456756,156.167614
1780456756,175.801518
1780456756,161.582343
1780456756,168.458276
1780456756,131.001040
1780456756,175.064569
1780456756,137.887148
1780456756,168.788779
1780456756,156.446450
1780456756,159.374898
1780456756,156.479319
1780456756,159.077381
1780456756,176.477387
1780456756,169.054162
1780456756,148.249483
1780456756,168.598248
1780456756,159.600399
1780456756,159.305768
1780456756,159.491202
1780456756,124.676058
1780456756,159.316018
1780456756,165.825921
1780456756,176.612772
1780456756,166.297809
1780456756,145.598329
1780456756,167.358400
1780456756,176.619233
1780456756,178.273822
1780456756,167.392389
1780456756,167.439582
1780456756,178.191942
1780456756,127.042028
1780456756,177.677451
1780456756,178.471913
1780456756,155.605529
1780456756,171.581395
1780456756,148.907794
1780456756,150.042682
1780456756,170.777425
1780456756,170.893863
1780456756,172.544472
1780456756,125.930571
1780456756,170.061009
1780456756,124.001294
1780456756,178.400155
1780456756,176.207449
1780456756,174.252900
1780456756,174.588852
1780456756,175.341784
1780456756,175.426447
1780456756,176.189155
1780456756,175.956384
1780456756,173.739868
1780456756,176.006776
1780456756,175.942537
1780456756,175.896789
1780456756,176.008693
1780456756,176.238535
1780456756,131.603727
1780456756,176.502135
1780456756,131.949057
1780456756,179.230144
1780456756,179.410421
1780456756,128.058940
1780456756,179.665169
1780456756,176.574000
1780456756,180.082549
1780456756,173.777272
1780456756,154.097876
1780456756,145.328456
1780456756,147.385781
1780456756,153.375333
1780456756,147.487122
1780456756,155.448475
1780456756,146.699395
1780456756,161.136023
1780456756,133.977279
1780456756,169.081402
1780456756,152.393541
1780456756,153.572988
1780456756,180.672694
1780456756,144.138766
1780456756,169.326881
1780456756,168.910901
1780456756,162.483047
1780456756,181.149857
1780456756,107.268720
1780456756,181.818787
1780456756,181.598729
1780456756,180.416516
1780456756,129.238679
1780456756,118.054541
1780456756,183.499598
1780456756,183.715596
1780456756,129.396782
1780456756,117.032294
1780456756,117.114412
1780456756,139.242739
1780456756,111.347611
1780456756,118.097202
1780456756,118.345423
1780456756,184.763836
1780456756,118.576049
1780456756,118.666283
1780456756,139.431415
1780456756,182.135285
1780456756,118.813518
1780456756,139.629013
1780456756,140.837148
1780456756,111.699462
1780456756,149.630690
1780456756,139.741759
1780456756,155.602816
1780456756,111.901896
1780456756,149.708806
1780456756,160.125402
1780456756,181.410275
1780456756,141.951322
1780456756,117.840105
1780456756,112.125473
1780456756,149.992654
1780456756,119.116624
1780456756,112.260294
1780456756,150.028976
1780456756,112.377910
1780456756,168.319186
1780456756,111.839788
1780456756,150.180522
1780456756,111.977857
1780456756,172.283249
1780456756,112.130610
1780456756,177.645745
1780456756,151.831280
1780456756,112.146071
1780456756,153.922801
1780456756,172.553374
1780456756,172.439449
1780456756,155.036119
1780456756,172.398692
1780456756,155.112418
1780456756,119.379664
1780456756,119.493608
1780456756,187.610557
1780456756,184.574763
1780456756,160.904276
1780456756,180.923891
1780456756,119.719736
1780456756,160.914237
1780456756,168.883383
1780456756,161.031012
1780456756,181.663598
1780456756,119.800400
1780456756,170.595169
1780456756,185.943546
1780456756,187.920641
1780456756,181.225836
1780456756,119.895969
1780456756,170.755083
1780456756,131.173583
1780456756,181.548559
1780456756,181.966685
1780456756,131.312517
1780456756,188.317409
1780456756,181.861304
1780456756,170.975174
1780456756,185.921046
1780456756,171.064113
1780456756,186.125121
1780456756,182.222553
1780456756,186.318830
1780456756,119.107133
1780456756,181.895638
1780456756,173.171109
1780456756,186.898403
1780456756,182.411804
1780456756,152.692435
1780456756,186.343900
1780456756,120.116536
1780456756,161.523222
1780456756,133.372949
1780456756,154.857282
1780456756,188.731384
1780456756,112.421660
1780456756,112.940698
1780456756,176.327503
1780456756,176.521787
1780456756,113.411867
1780456756,155.037752
1780456756,182.098104
1780456756,155.616242
1780456756,155.170913
1780456756,182.935575
1780456756,115.680648
1780456756,116.726512
1780456756,117.424021
1780456756,116.824232
1780456756,116.446274
1780456756,117.715927
1780456756,117.663083
1780456756,155.527524
1780456756,117.818422
1780456756,117.843330
1780456756,119.748352
1780456756,119.141429
1780456756,120.656173
1780456756,120.912471
1780456756,151.598999
1780456756,113.516710
1780456756,185.746129
1780456756,189.890887
1780456756,185.892803
1780456756,189.963454
1780456756,122.110508
1780456756,151.120989
1780456756,151.551140
1780456756,121.827108
1780456756,195.061499
1780456756,193.479995
1780456756,192.559499
1780456756,186.873595
1780456756,190.410624
1780456756,190.623184
1780456756,181.593974
1780456756,190.603075
1780456756,190.766500
1780456756,195.238812
1780456756,192.868854
1780456756,152.051553
1780456756,151.075832
1780456756,150.190752
1780456756,123.422329
1780456756,123.748736
1780456756,123.737736
1780456756,123.731294
1780456756,124.002623
1780456756,124.032503
1780456756,124.598955
1780456756,118.794504
1780456756,109.339916
1780456756,125.203563
1780456756,125.806229
1780456756,153.289653
1780456756,133.636266
1780456756,144.944539
1780456756,153.335126
1780456756,144.958599
1780456756,133.565582
1780456756,118.463224
1780456756,133.680204
1780456756,118.661627
1780456756,133.949174
1780456756,133.562450
1780456756,133.906058
1780456756,120.015975
1780456756,126.303612
1780456756,126.908878
1780456756,127.608725
1780456756,126.638784
1780456756,127.714677
1780456756,127.422946
1780456756,127.482132
1780456756,127.659280
1780456756,127.734682
1780456756,127.475213
1780456756,112.353440
1780456756,127.986144
1780456756,112.290352
1780456756,112.487491
1780456756,112.387816
1780456756,120.671931
1780456756,112.527669
1780456756,111.126070
1780456756,128.847948
1780456756,120.938344
1780456756,128.609835
1780456756,129.850003
1780456756,128.774540
1780456756,129.617246
1780456756,128.824285
1780456756,130.389555
1780456756,130.078407
1780456756,130.689931
1780456756,130.875492
1780456756,130.517356
1780456756,130.472415
1780456756,130.464661
1780456756,131.537714
1780456756,106.809166
1780456756,107.124258
1780456756,131.280642
1780456756,131.896715
1780456756,107.351959
1780456756,131.863445
1780456756,131.997493
1780456756,134.688996
1780456756,134.867451
1780456756,133.469940
1780456756,134.790884
1780456756,134.994595
1780456756,134.934793
1780456756,135.080384
1780456756,126.556308
1780456756,126.496532
1780456756,134.606221
1780456756,127.949775
1780456756,128.017602
1780456756,104.606963
1780456756,104.988300
1780456756,128.500889
1780456756,128.797626
1780456756,121.882932
1780456756,129.218141
1780456756,129.951641
1780456756,125.602798
1780456756,108.738758
1780456756,129.965131
1780456756,124.516024
1780456756,130.237556
1780456756,126.257469
1780456756,124.723669
1780456756,107.184274
1780456756,130.477947
1780456756,130.732819
1780456756,131.310594
1780456756,109.936899
1780456756,122.187465
1780456756,131.345260
1780456756,108.205816
1780456756,131.671728
1780456756,108.462982
1780456756,132.062614
1780456756,108.894424
1780456756,108.990001
1780456756,125.906979
1780456756,132.983127
1780456756,129.922045
1780456756,130.025211
1780456756,130.834034
1780456756,128.014772
1780456756,128.465030
1780456756,133.488546
1780456756,134.408304
1780456756,104.372071
1780456756,104.517342
1780456756,104.524640
1780456756,218.128177
1780456756,216.597090
1780456756,216.480070
1780456756,216.291079
1780456756,220.743764
1780456756,216.225484
1780456756,201.162557
1780456756,216.181077
1780456756,216.484063
1780456756,160.568851
1780456756,219.503246
1780456756,160.800091
1780456756,220.574334
1780456756,219.960210
1780456756,161.804201
1780456756,161.882301
1780456756,162.021130
1780456756,162.029899
1780456756,162.041264
1780456756,162.198886
1780456756,132.763531
1780456756,162.328496
1780456756,204.142316
1780456756,177.079453
1780456756,210.567965
1780456756,133.089730
1780456756,133.219792
1780456756,221.961533
1780456756,210.753611
1780456756,162.779188
1780456756,145.939330
1780456756,162.848468
1780456756,162.849261
1780456756,163.293566
1780456756,161.650191
1780456756,176.957351
1780456756,189.738336
1780456756,161.861364
1780456756,161.918729
1780456756,178.555554
1780456756,191.294921
1780456756,163.739517
1780456756,162.836985
1780456756,202.444125
1780456756,201.298008
1780456756,202.557218
1780456756,204.757293
1780456756,205.906225
1780456756,205.945916
1780456756,164.069891
1780456756,164.317921
1780456756,218.887479
1780456756,219.673274
1780456756,163.302998
1780456756,164.347855
1780456756,221.483727
1780456756,209.426616
1780456756,201.945953
1780456756,183.039068
1780456756,212.832812
1780456756,212.965835
1780456756,148.103295
1780456756,212.879763
1780456756,163.753850
1780456756,163.767172
1780456756,164.716819
1780456756,209.148396
1780456756,163.299809
1780456756,214.491720
1780456756,163.288876
1780456756,213.103335
1780456756,163.475517
1780456756,141.106422
1780456756,148.394447
1780456756,139.522903
1780456756,148.536940
1780456756,148.506300
1780456756,219.868752
1780456756,165.259715
1780456756,137.310500
1780456756,136.659282
1780456756,148.658716
1780456756,148.698018
1780456756,125.315251
1780456756,125.186800
1780456756,125.439816
1780456756,125.304881
1780456756,113.670671
1780456756,113.649474
1780456756,113.870153
1780456756,113.296437
1780456756,113.975957
1780456756,113.505875
1780456756,113.162124
1780456756,113.360172
1780456756,113.577686
1780456756,115.621716
1780456756,115.531010
1780456756,115.444111
1780456756,115.500751
1780456756,116.401980
1780456756,116.357488
1780456756,116.511336
1780456756,116.184952
1780456756,116.696288
1780456756,157.718476
1780456756,150.369918
1780456756,150.437444
1780456756,124.189312
1780456756,157.688367
1780456756,147.394131
1780456756,149.368445
1780456756,124.377353
1780456756,124.463407
1780456756,124.274443
1780456756,124.346552
1780456756,143.781653
1780456756,124.512116
1780456756,145.697678
1780456756,124.283433
1780456756,124.350974
1780456756,146.592244
1780456756,148.860214
1780456756,147.707685
1780456756,149.488521
1780456756,124.642288
1780456756,119.384302
1780456756,119.417818
1780456756,119.271180
1780456756,119.272661
1780456756,119.560052
1780456756,119.511858
1780456756,120.333452
1780456756,120.361592
1780456756,123.588068
1780456756,113.983303
1780456756,114.156042
1780456756,108.537338
1780456756,112.809626
1780456756,108.694160
1780456756,109.179883
1780456756,109.301086
1780456756,109.750451
1780456756,109.812375
1780456756,110.497831
1780456756,109.319323
1780456756,109.320890
1780456756,109.655817
1780456756,109.640362
1780456756,109.717225
1780456756,109.753301
1780456756,109.919497
1780456756,110.177031
1780456756,110.378902
1780456756,110.330015
1780456756,110.580805
1780456756,110.650895
1780456756,102.854032
1780456756,102.937288
1780456756,103.038300
1780456756,103.289084
1780456756,103.265686
1780456756,103.327957
1780456756,103.641308
1780456756,103.798595
1780456756,103.790624
1780456756,104.030918
1780456756,103.222199
1780456756,103.249163
1780456756,103.547966
1780456756,103.713842
1780456756,103.890693
1780456756,104.365748
1780456756,105.496585
1780456756,105.871853
1780456756,106.091188
1780456756,104.199398
1780456756,104.193191
1780456756,107.509034
1780456756,111.512668
1780456756,112.331229
1780456756,112.665404
1780456756,110.038375
1780456756,112.650559
1780456756,110.490623
1780456756,103.067654
1780456756,110.742675
1780456756,114.495794
1780456756,114.504027
1780456756,113.370687
1780456756,114.628583
1780456756,114.235679
1780456756,114.291078
1780456756,114.608952
1780456756,114.426287
1780456756,114.716213
1780456756,113.739515
1780456756,114.533259
1780456756,114.832750
1780456756,113.719996
1780456756,114.805383
1780456756,114.819783
1780456756,114.519843
1780456756,114.795940
1780456756,113.796525
1780456756,114.184212
1780456756,114.328043
1780456756,115.196318
1780456756,114.505305
1780456756,108.279123
1780456756,115.235079
1780456756,114.169932
1780456756,114.386588
1780456756,114.593135
1780456756,114.121744
1780456756,114.685698
1780456756,114.637697
1780456756,114.962402
1780456756,114.648166
1780456756,114.921023
1780456756,115.169874
1780456756,114.950817
1780456756,115.044860
1780456756,115.335775
1780456756,115.094449
1780456756,115.224949
1780456756,115.188179
1780456756,115.579208
1780456756,107.454089
1780456756,107.571194
1780456756,107.692756
1780456756,110.051289
1780456756,111.725847
1780456756,111.648588
1780456756,111.774815
1780456756,111.965451
1780456756,111.698703
1780456756,111.864218
1780456756,111.676575
1780456756,111.781415
1780456756,111.476976
1780456756,112.229587
1780456756,111.756932
1780456756,111.576402
1780456756,111.550704
1780456756,112.083696
1780456756,111.943637
1780456756,111.890768
1780456756,111.823769
1780456756,112.122371
1780456756,112.220327
1780456756,112.095783
1780456756,110.615233
1780456756,106.798788
1780456756,106.308701
1780456756,106.464010
1780456756,108.913235
1780456756,108.908966
1780456756,104.437216
1780456756,114.203274
1780456756,105.936180
1780456756,105.959068
1780456756,105.980053
1780456756,106.023336
1780456756,106.383192
1780456756,106.511162
1780456756,106.743376
1780456756,106.800440
1780456756,107.112139
1780456756,106.066591
1780456756,107.323524
1780456756,108.872517
1780456756,106.259185
1780456756,108.508851
1780456756,108.469230
1780456756,108.414789
1780456756,108.387132
1780456756,110.402624
1780456756,108.524036
1780456756,108.244644
1780456756,108.772507
1780456756,108.811027
1780456756,108.550696
1780456756,108.370124
1780456756,108.977409
1780456756,108.827835
1780456756,108.647827
1780456756,108.700313
1780456756,108.770287
1780456756,108.836952
1780456756,108.257637
1780456756,108.373015
1780456756,107.299490
1780456756,103.489000
1780456756,105.106592
1780456756,106.926139
1780456756,106.045249
1780456756,108.650593
1780456756,105.437913
1780456756,114.332974
1780456756,107.144597
1780456756,109.083573
1780456756,106.809964
1780456756,107.974623
1780456756,106.506195
1780456756,110.420655
1780456756,110.408546
1780456756,107.875833
1780456756,109.193533
1780456756,109.872129
1780456756,110.311228
1780456756,112.205352
1780456756,129.785901
1780456756,110.465926
1780456756,111.028322
1780456756,112.923286
1780456756,111.295515
1780456756,110.261844
1780456756,111.728626
1780456756,111.148964
1780456756,111.960233
1780456756,111.214666
1780456756,111.721784
1780456756,113.340909
1780456756,113.599874
1780456756,113.802407
1780456756,127.810601
1780456756,119.400830
1780456756,129.301983
1780456756,112.090561
1780456756,128.913642
1780456756,131.241006
1780456756,129.089769
1780456756,118.388528
1780456756,117.066485
1780456756,135.251363
1780456756,135.067163
1780456756,130.416031
1780456756,130.178469
1780456756,114.418804
1780456756,112.600765
1780456756,132.235063
1780456756,135.012957
1780456756,116.106938
1780456756,122.018470
1780456756,113.180264
1780456756,135.177223
1780456756,135.306904
1780456756,110.893790
1780456756,113.675968
1780456756,111.501617
1780456756,129.386509
1780456756,111.564210
1780456756,111.943843
1780456756,108.045504
1780456756,129.795913
1780456756,115.761386
1780456756,115.404014
1780456756,115.645787
1780456756,115.814270
1780456756,115.865332
1780456756,115.492845
1780456756,115.970478
1780456756,115.249004
1780456756,116.362959
1780456756,116.480681
1780456756,108.942559
1780456756,116.787981
1780456756,109.313905
1780456756,110.870267
1780456756,117.429915
1780456756,117.302512
1780456756,117.598367
1780456756,114.994034
1780456756,114.421935
1780456756,132.633277
1780456756,131.465675
1780456756,131.484494
1780456756,131.801435
1780456756,130.269402
1780456756,130.687099
1780456756,131.072286
1780456756,117.892852
1780456756,108.338417
1780456756,117.419401
1780456756,116.831165
1780456756,117.290422
1780456756,120.468244
1780456756,113.738197
1780456756,133.136963
1780456756,111.493801
1780456756,110.787327
1780456756,120.417221
1780456756,115.158165
1780456756,121.625859
1780456756,115.259328
1780456756,115.767899
1780456756,121.730481
1780456756,115.204786
1780456756,121.770943
1780456756,115.367838
1780456756,122.086587
1780456756,122.088626
1780456756,123.817419
1780456756,131.101618
1780456756,123.915544
1780456756,116.116820
1780456756,116.980137
1780456756,131.290200
1780456756,131.085309
1780456756,117.070426
1780456756,124.090539
1780456756,116.227186
1780456756,136.118802
1780456756,131.278946
1780456756,116.238630
1780456756,114.562672
1780456756,117.241823
1780456756,112.394328
1780456756,135.036601
1780456756,134.812810
1780456756,113.247797
1780456756,116.747553
1780456756,131.690608
1780456756,124.153574
1780456756,117.276803
1780456756,131.991842
1780456756,132.290687
1780456756,117.539360
1780456756,117.473430
1780456756,136.415964
1780456756,125.229284
1780456756,136.359410
1780456756,136.480893
1780456756,125.343198
1780456756,136.653291
1780456756,127.414064
1780456756,131.251371
1780456756,135.699067
1780456756,131.330347
1780456756,113.297006
1780456756,131.262967
1780456756,125.268007
1780456756,125.805789
1780456756,125.985781
1780456756,120.172288
1780456756,105.553186
1780456756,103.165528
1780456756,115.817001
1780456756,121.136005
1780456756,121.766755
1780456756,134.301576
1780456756,119.104827
1780456756,113.183488
1780456756,119.245913
1780456756,117.744079
1780456756,133.753088
1780456756,113.753950
1780456756,105.328956
1780456756,104.044371
1780456756,130.726140
1780456756,110.015406
1780456756,130.703531
1780456756,103.513111
1780456756,134.359520
1780456756,133.006068
1780456756,130.426318
1780456756,109.968799
1780456756,109.919881
1780456756,132.072165
1780456756,130.569100
1780456756,132.765689
1780456756,109.860428
1780456756,129.986316
1780456756,110.476385
1780456756,109.878745
1780456756,131.102728
1780456756,109.972160
1780456756,129.195042
1780456756,129.089015
1780456756,109.817245
1780456756,109.837288
1780456756,130.486236
1780456756,131.687033
1780456756,110.628529
1780456756,131.820918
1780456756,129.031843
1780456756,132.207903
1780456756,132.309163
1780456756,132.354384
1780456756,109.633306
1780456756,131.992440
1780456756,132.127082
1780456756,112.274572
1780456756,112.771384
1780456756,112.872953
1780456756,112.938334
1780456756,113.213573
1780456756,112.656301
1780456756,112.791849
1780456756,109.501205
1780456756,109.748495
1780456756,127.261727
1780456756,109.741563
1780456756,109.310232
1780456756,108.212913
1780456756,107.720472
1780456756,128.889810
1780456756,129.040097
1780456756,108.257093
1780456756,108.337344
1780456756,109.027982
1780456756,135.510867
1780456756,129.197264
1780456756,136.236637
1780456756,108.567813
1780456756,124.867598
1780456756,135.801545
1780456756,107.265409
1780456756,124.826303
1780456756,135.996389
1780456756,107.996966
1780456756,129.839738
1780456756,120.486551
1780456756,136.276898
1780456756,130.161258
1780456756,107.219089
1780456756,138.579911
1780456756,136.555290
1780456756,129.576080
1780456756,107.679150
1780456756,113.098235
1780456756,109.740346
1780456756,132.257385
1780456756,114.317276
1780456756,110.430300
1780456756,110.422302
1780456756,108.688328
1780456756,114.700038
1780456756,113.863999
1780456756,137.596226
1780456756,138.828379
1780456756,112.045168
1780456756,137.858217
1780456756,130.194936
1780456756,130.793568
1780456756,133.790845
1780456756,129.520246
1780456756,128.739443
1780456756,134.877677
1780456756,133.771269
1780456756,134.913953
1780456756,134.931380
1780456756,134.855468
1780456756,134.586925
1780456756,134.904583
1780456756,114.736810
1780456756,106.421653
1780456756,106.918399
1780456756,115.242244
1780456756,108.194406
1780456756,108.323127
1780456756,109.862066
1780456756,108.398068
1780456756,109.975218
1780456756,112.430183
1780456756,113.254213
1780456756,109.998089
1780456756,127.502117
1780456756,115.663023
1780456756,113.300078
1780456756,110.333176
1780456756,113.265805
1780456756,107.032079
1780456756,116.594397
1780456756,127.604670
1780456756,107.648404
1780456756,115.896783
1780456756,107.806009
1780456756,114.489394
1780456756,114.594583
1780456756,113.382731
1780456756,115.899836
1780456756,107.857856
1780456756,113.620005
1780456756,113.589325
1780456756,115.283042
1780456756,108.198204
1780456756,110.706111
1780456756,113.752348
1780456756,113.585056
1780456756,129.749161
1780456756,113.709406
1780456756,113.464251
1780456756,129.190220
1780456756,114.127113
1780456756,113.689969
1780456756,130.313807
1780456756,137.814984
1780456756,137.988999
1780456756,138.063992
1780456756,126.571496
1780456756,138.110619
1780456756,131.259574
1780456756,127.086236
1780456756,131.304162
1780456756,130.627415
1780456756,113.588397
1780456756,107.143780
1780456756,131.375028
1780456756,125.434200
1780456756,105.390937
1780456756,113.650673
1780456756,107.067835
1780456756,105.622313
1780456756,115.695759
1780456756,115.206459
1780456756,116.004597
1780456756,113.580710
1780456756,113.655749
1780456756,113.754833
1780456756,115.999939
1780456756,117.494460
1780456756,132.010721
1780456756,131.979878
1780456756,117.711279
1780456756,113.553821
1780456756,132.113747
1780456756,131.925861
1780456756,145.357074
1780456756,136.257564
1780456756,131.920923
1780456756,112.204149
1780456756,132.182133
1780456756,132.595721
1780456756,113.834875
1780456756,132.082703
1780456756,132.508114
1780456756,132.330074
1780456756,145.901517
1780456756,111.978513
1780456756,132.600878
1780456756,113.128512
1780456756,146.438953
1780456756,134.618224
1780456756,146.735363
1780456756,113.156305
1780456756,120.928746
1780456756,129.053956
1780456756,113.142563
1780456756,134.123349
1780456756,118.441053
1780456756,113.555585
1780456756,147.361911
1780456756,135.232105
1780456756,113.904826
1780456756,129.256153
1780456756,132.386222
1780456756,135.109398
1780456756,114.363663
1780456756,124.117877
1780456756,112.464609
1780456756,114.623334
1780456756,132.936335
1780456756,114.608874
1780456756,134.433782
1780456756,124.612314
1780456756,135.370796
1780456756,114.755608
1780456756,114.884898
1780456756,135.105390
1780456756,128.956749
1780456756,114.130858
1780456756,113.561270
1780456756,135.501090
1780456756,112.240143
1780456756,132.560004
1780456756,146.433479
1780456756,126.989860
1780456756,146.572274
1780456756,126.273367
1780456756,146.614726
1780456756,135.419079
1780456756,129.352018
1780456756,133.314629
1780456756,113.688513
1780456756,147.434770
1780456756,146.774573
1780456756,128.031170
1780456756,113.800408
1780456756,147.459928
1780456756,135.613556
1780456756,114.043372
1780456756,129.918978
1780456756,113.992950
1780456756,135.452969
1780456756,115.106335
1780456756,135.620472
1780456756,130.053142
1780456756,117.633625
1780456756,133.668800
1780456756,128.649372
1780456756,135.850775
1780456756,147.585732
1780456756,133.912151
1780456756,130.043204
1780456756,131.468106
1780456756,130.284272
1780456756,147.765928
1780456756,114.952518
1780456756,133.055811
1780456756,114.956313
1780456756,121.476566
1780456756,134.039489
1780456756,116.409833
1780456756,115.768161
1780456756,115.083473
1780456756,115.532672
1780456756,116.427239
1780456756,125.377456
1780456756,116.494591
1780456756,114.830896
1780456756,112.801520
1780456756,118.174616
1780456756,117.294775
1780456756,126.510812
1780456756,113.191978
1780456756,117.321519
1780456756,124.595896
1780456756,117.323468
1780456756,113.530559
1780456756,124.647028
1780456756,114.819396
1780456756,124.853987
1780456756,117.337936
1780456756,117.524075
1780456756,125.266600
1780456756,119.041159
1780456756,125.637963
1780456756,117.311697
1780456756,112.153687
1780456756,113.196403
1780456756,118.820432
1780456756,121.528360
1780456756,118.698204
1780456756,111.045609
1780456756,118.884226
1780456756,111.034843
1780456756,117.841657
1780456756,126.572234
1780456756,125.279905
1780456756,119.186463
1780456756,114.804525
1780456756,111.021544
1780456756,119.309652
1780456756,111.587141
1780456756,125.691732
1780456756,119.316043
1780456756,120.337768
1780456756,112.247769
1780456756,119.818983
1780456756,121.797283
1780456756,126.727599
1780456756,120.995627
1780456756,122.306571
1780456756,112.815819
1780456756,112.774254
1780456756,125.812168
1780456756,122.531715
1780456756,122.800044
1780456756,126.301023
1780456756,128.915336
1780456756,128.122631
1780456756,121.204173
1780456756,128.128754
1780456756,128.379949
1780456756,123.460373
1780456756,112.028025
1780456756,115.932295
1780456756,115.802286
1780456756,117.238872
1780456756,117.374957
1780456756,122.738645
1780456756,145.235402
1780456756,144.701511
1780456756,143.101114
1780456756,144.257957
1780456756,144.886368
1780456756,157.698461
1780456756,158.180764
1780456756,144.450644
1780456756,145.038802
1780456756,157.724138
1780456756,158.174269
1780456756,134.250378
1780456756,133.365444
1780456756,146.219655
1780456756,141.516930
1780456756,133.635609
1780456756,122.487444
1780456756,158.390940
1780456756,157.893458
1780456756,157.921095
1780456756,158.556065
1780456756,133.765385
1780456756,158.195628
1780456756,158.081156
1780456756,124.285709
1780456756,140.295421
1780456756,132.137518
1780456756,122.808827
1780456756,130.679165
1780456756,139.260095
1780456756,140.729483
1780456756,138.823986
1780456756,146.528002
1780456756,140.618030
1780456756,132.745108
1780456756,126.239845
1780456756,146.388086
1780456756,139.020006
1780456756,140.640448
1780456756,139.012743
1780456756,114.694814
1780456756,123.511923
1780456756,119.701078
1780456756,123.568565
1780456756,118.328683
1780456756,126.059547
1780456756,125.230094
1780456756,115.523253
1780456756,126.452431
1780456756,116.960547
1780456756,124.709476
1780456756,118.946202
1780456756,117.671584
1780456756,126.640438
1780456756,115.971729
1780456756,121.782970
1780456756,109.950685
1780456756,123.359133
1780456756,121.841294
1780456756,115.552689
1780456756,127.226721
1780456756,132.291950
1780456756,112.038052
1780456756,133.147168
1780456756,126.589746
1780456756,129.218274
1780456756,148.187125
1780456756,148.266776
1780456756,111.595703
1780456756,122.254281
1780456756,148.467489
1780456756,143.545532
1780456756,122.464064
1780456756,128.145875
1780456756,122.655079
1780456756,127.754549
1780456756,128.430981
1780456756,123.093357
1780456756,127.976158
1780456756,148.626662
1780456756,122.746997
1780456756,122.806719
1780456756,125.216771
1780456756,133.333525
1780456756,117.208246
1780456756,118.535888
1780456756,125.552558
1780456756,128.516280
1780456756,124.551229
1780456756,118.758274
1780456756,124.723809
1780456756,102.421127
1780456756,119.032886
1780456756,145.233503
1780456756,128.755259
1780456756,127.628309
1780456756,130.446205
1780456756,125.198616
1780456756,102.732938
1780456756,120.791578
1780456756,125.255636
1780456756,145.557393
1780456756,103.164764
1780456756,122.979442
1780456756,128.271429
1780456756,125.579594
1780456756,103.412764
1780456756,145.394786
1780456756,124.737718
1780456756,130.841122
1780456756,127.542661
1780456756,129.112146
1780456756,123.579272
1780456756,127.718123
1780456756,125.840777
1780456756,102.498362
1780456756,145.799091
1780456756,130.111073
1780456756,127.769943
1780456756,123.777933
1780456756,126.132657
1780456756,127.927514
1780456756,122.695246
1780456756,126.360087
1780456756,124.105307
1780456756,130.601103
1780456756,126.926067
1780456756,124.410026
1780456756,146.327053
1780456756,126.608269
1780456756,127.170147
1780456756,123.299002
1780456756,131.419175
1780456756,127.257792
1780456756,115.578065
1780456756,124.749686
1780456756,115.981443
1780456756,103.205056
1780456756,128.055326
1780456756,116.160541
1780456756,125.563573
1780456756,117.237093
1780456756,125.571533
1780456756,128.119716
1780456756,103.227344
1780456756,122.025956
1780456756,127.515286
1780456756,103.458969
1780456756,122.215559
1780456756,127.388295
1780456756,116.635262
1780456756,103.664464
1780456756,127.736930
1780456756,130.309199
1780456756,116.819685
1780456756,102.750404
1780456756,115.365711
1780456756,127.975887
1780456756,115.638645
1780456756,127.952871
1780456756,115.860985
1780456756,103.202057
1780456756,115.866091
1780456756,127.378542
1780456756,119.306335
1780456756,115.830055
1780456756,127.699452
1780456756,103.940333
1780456756,103.899658
1780456756,115.917225
1780456756,119.559660
1780456756,130.534459
1780456756,111.290011
1780456756,111.228935
1780456756,111.691688
1780456756,103.458757
1780456756,111.389566
1780456756,119.021293
1780456756,111.314009
1780456756,117.238929
1780456756,104.529836
1780456756,111.522049
1780456756,131.318376
1780456756,104.029644
1780456756,110.620863
1780456756,104.217051
1780456756,109.494602
1780456756,103.220885
1780456756,109.623300
1780456756,110.996235
1780456756,131.962541
1780456756,109.758995
1780456756,111.388732
1780456756,111.427175
1780456756,108.784572
1780456756,111.513316
1780456756,108.885458
1780456756,109.043624
1780456756,130.378889
1780456756,103.944531
1780456756,111.973094
1780456756,130.501874
1780456756,104.394547
1780456756,108.121760
1780456756,112.323974
1780456756,112.284086
1780456756,108.493288
1780456756,112.562361
1780456756,125.577502
1780456756,135.275299
1780456756,119.353474
1780456756,122.888746
1780456756,133.881452
1780456756,123.562976
1780456756,119.481667
1780456756,112.804085
1780456756,108.975623
1780456756,132.760885
1780456756,129.880511
1780456756,133.808963
1780456756,105.369162
1780456756,123.694122
1780456756,132.577055
1780456756,133.811134
1780456756,107.453958
1780456756,102.736110
1780456756,107.754677
1780456756,104.242512
1780456756,123.865898
1780456756,107.904517
1780456756,105.476591
1780456756,122.281061
1780456756,113.099029
1780456756,104.837673
1780456756,111.993355
1780456756,105.039200
1780456756,112.141730
1780456756,112.118307
1780456756,112.363134
1780456756,106.053309
1780456756,112.239349
1780456756,112.633212
1780456756,105.087597
1780456756,111.294891
1780456756,112.748882
1780456756,105.709527
1780456756,110.196310
1780456756,112.903915
1780456756,105.195592
1780456756,110.285237
1780456756,104.033042
1780456756,112.985043
1780456756,109.215073
1780456756,112.054233
1780456756,104.381231
1780456756,109.559651
1780456756,104.420892
1780456756,112.164197
1780456756,103.297778
1780456756,104.744161
1780456756,111.203350
1780456756,103.663188
1780456756,111.457017
1780456756,111.554258
1780456756,103.896706
1780456756,103.808914
1780456756,104.119953
1780456756,104.293864
1780456756,112.117215
1780456756,104.327521
1780456756,103.205898
1780456756,104.570064
1780456756,112.300086
1780456756,103.523513
1780456756,111.069680
1780456756,111.325158
1780456756,103.669242
1780456756,104.996127
1780456756,103.791342
1780456756,111.526608
1780456756,105.033962
1780456756,103.968380
1780456756,111.776388
1780456756,103.066808
1780456756,111.775588
1780456756,112.388343
1780456756,112.593814
1780456756,110.312817
1780456756,112.737253
1780456756,112.146840
1780456756,104.489474
1780456756,104.470905
1780456756,104.479206
1780456756,112.437943
1780456756,104.487767
1780456756,112.512956
1780456756,113.639792
1780456756,113.778359
1780456756,105.865142
1780456756,112.659310
1780456756,106.000002
1780456756,113.883612
1780456756,113.930874
1780456756,114.108062
1780456756,106.058860
1780456756,106.120089
1780456756,106.110562
1780456756,112.455283
1780456756,112.986645
1780456756,104.193333
1780456756,112.501690
1780456756,113.211456
1780456756,112.353461
1780456756,112.200626
1780456756,112.290863
1780456756,112.600700
1780456756,105.127122
1780456756,106.560035
1780456756,105.548449
1780456756,106.524799
1780456756,106.603350
1780456756,108.740159
1780456756,106.633067
1780456756,106.052816
1780456756,106.720911
1780456756,104.375965
1780456756,112.850758
1780456756,106.126852
1780456756,104.751733
1780456756,113.332519
1780456756,106.689513
1780456756,113.605830
1780456756,107.043211
1780456756,114.096683
1780456756,112.962441
1780456756,106.596559
1780456756,106.578199
1780456756,106.816674
1780456756,113.061031
1780456756,106.963841
1780456756,105.150256
1780456756,104.890305
1780456756,104.892572
1780456756,105.174590
1780456756,105.485618
1780456756,105.376121
1780456756,105.558701
1780456756,109.938009
1780456756,109.923449
1780456756,110.050192
1780456756,109.965773
1780456756,106.170828
1780456756,115.402380
1780456756,108.999079
1780456756,110.093706
1780456756,105.919130
1780456756,110.241795
1780456756,110.102240
1780456756,110.205445
1780456756,115.663322
1780456756,103.729723
1780456756,115.890583
1780456756,106.487794
1780456756,103.815269
1780456756,103.843032
1780456756,103.953436
1780456756,107.433946
1780456756,110.826299
1780456756,108.158583
1780456756,110.741719
1780456756,116.086998
1780456756,116.179669
1780456756,110.257105
1780456756,108.294744
1780456756,107.721514
1780456756,107.979855
1780456756,104.816307
1780456756,108.399165
1780456756,108.243817
1780456756,110.430098
1780456756,108.109927
1780456756,109.941539
1780456756,108.064554
1780456756,108.369793
1780456756,108.418502
1780456756,108.352406
1780456756,107.336677
1780456756,108.600567
1780456756,104.696543
1780456756,108.948903
1780456756,102.477758
1780456756,107.035298
1780456756,109.501083
1780456756,114.076590
1780456756,108.551822
1780456756,108.672440
1780456756,113.061167
1780456756,113.076803
1780456756,112.992777
1780456756,110.088742
1780456756,108.692919
1780456756,110.185382
1780456756,110.352787
1780456756,110.614985
1780456756,110.719754
1780456756,108.913837
1780456756,107.800416
1780456756,106.274650
1780456756,108.099208
1780456756,106.474028
1780456756,106.609475
1780456756,111.248782
1780456756,108.675619
1780456756,109.893952
1780456756,109.921378
1780456756,111.413398
1780456756,106.970653
1780456756,107.157273
1780456756,109.151940
1780456756,111.594908
1780456756,109.304903
1780456756,106.635284
1780456756,106.867052
1780456756,105.577395
1780456756,108.002643
1780456756,108.067658
1780456756,104.180020
1780456756,108.197549
1780456756,107.454034
1780456756,104.443536
1780456756,107.543137
1780456756,108.025366
1780456756,103.698191
1780456756,102.927458
1780456756,107.123386
1780456756,108.126769
1780456756,103.032018
1780456756,108.311038
1780456756,103.877720
1780456756,104.005054
1780456756,107.421502
1780456756,103.388375
1780456756,105.890416
1780456756,106.247126
1780456756,106.282132
1780456756,105.315556
1780456756,105.729147
1780456756,105.762618
1780456756,106.123357
1780456756,105.749414
1780456756,106.134127
1780456756,106.102926
1780456756,106.166140
1780456756,106.213147
1780456756,106.349031
1780456756,106.416954
1780456756,102.272506
1780456756,107.215088
1780456756,107.357098
1780456756,102.427012
1780456756,107.527367
1780456756,102.433819
1780456756,102.855076
1780456756,102.761061
1780456756,102.579446
1780456756,102.878188
1780456756,108.121808
1780456756,103.118927
1780456756,103.260524
1780456756,108.300669
1780456756,103.051523
1780456756,104.819103
1780456756,102.624707
1780456756,103.548560
1780456756,105.050307
1780456756,103.230240
1780456756,103.608532
1780456756,105.164285
1780456756,105.348401
1780456756,105.589054
1780456756,103.433669
1780456756,103.675221
1780456756,103.712246
1780456756,104.184233
1780456756,105.575945
1780456756,104.204681
1780456756,105.296567
1780456756,105.562712
1780456756,104.551526
1780456756,105.856736
1780456756,105.977110
1780456756,106.055361
1780456756,104.185498
1780456756,106.807426
1780456756,105.998012
1780456756,105.755108
1780456756,107.498425
1780456756,106.895518
1780456756,106.168572
1780456756,107.186308
1780456756,107.092842
1780456756,106.210544
1780456756,106.791035
1780456756,106.466528
1780456756,107.038004
1780456756,107.791723
1780456756,107.215696
1780456756,107.063060
1780456756,104.910820
1780456756,107.190163
1780456756,107.482826
1780456756,107.892566
1780456756,108.240643
1780456756,107.852000
1780456756,107.838068
1780456756,109.178455
1780456756,105.727955
1780456756,106.090839
1780456756,106.091405
1780456756,106.182251
1780456756,110.666337
1780456756,110.497567
1780456756,111.634451
1780456756,111.409665
1780456756,111.386846
1780456756,111.595123
1780456756,111.825599
1780456756,111.502108
1780456757,103.468751
1780456757,113.160928
1780456757,113.837317
1780456757,114.652860
1780456757,105.216170
1780456757,114.623106
1780456757,114.758482
1780456757,105.960279
1780456757,114.921568
1780456757,111.923660
1780456757,116.735354
1780456757,116.304755
1780456757,117.596111
1780456757,118.434824
1780456757,114.331222
1780456757,113.298853
1780456757,106.883742
1780456757,107.119850
1780456757,105.133665
1780456757,116.882614
1780456757,118.351689
1780456757,119.186879
1780456757,119.823051
1780456757,105.717767
1780456757,118.692999
1780456757,119.225385
1780456757,119.022757
1780456757,110.517620
1780456757,119.050158
1780456757,114.837878
1780456757,106.095770
1780456757,119.416833
1780456757,106.303084
1780456757,119.350987
1780456757,115.173996
1780456757,121.017044
1780456757,119.888465
1780456757,120.840099
1780456757,107.703403
1780456757,120.183896
1780456757,107.491713
1780456757,107.214188
1780456757,114.434332
1780456757,113.918553
1780456757,107.662324
1780456757,113.134520
1780456757,113.925654
1780456757,116.348589
1780456757,113.203322
1780456757,117.476759
1780456757,113.456067
1780456757,114.731956
1780456757,114.736913
1780456757,114.736959
1780456757,110.221276
1780456757,106.723409
1780456757,103.855527
1780456757,125.515088
1780456757,111.987555
1780456757,126.091955
1780456757,115.332558
1780456757,125.506597
1780456757,124.893146
1780456757,112.095615
1780456757,124.973323
1780456757,112.225547
1780456757,110.001407
1780456757,111.250489
1780456757,111.018158
1780456757,112.241572
1780456757,104.453763
1780456757,116.590486
1780456757,116.722264
1780456757,111.397591
1780456757,109.726170
1780456757,115.215875
1780456757,109.223724
1780456757,109.277136
1780456757,115.051458
1780456757,106.401114
1780456757,108.106669
1780456757,128.728093
1780456757,128.806776
1780456757,119.224003
1780456757,116.213884
1780456757,119.267757
1780456757,114.488134
1780456757,112.515987
1780456757,119.429436
1780456757,115.227325
1780456757,116.096582
1780456757,102.670018
1780456757,106.753513
1780456757,116.551025
1780456757,111.322061
1780456757,105.006317
1780456757,116.159874
1780456757,116.061255
1780456757,116.094794
1780456757,115.383089
1780456757,114.090438
1780456757,122.074583
1780456757,109.787565
1780456757,109.945791
1780456757,106.237990
1780456757,115.292218
1780456757,124.792396
1780456757,115.678831
1780456757,114.378684
1780456757,123.816153
1780456757,111.206680
1780456757,106.833466
1780456757,116.091177
1780456757,111.873896
1780456757,111.874478
1780456757,115.512417
1780456757,112.425540
1780456757,123.622133
1780456757,115.718921
1780456757,124.390447
1780456757,124.495442
1780456757,124.515863
1780456757,112.880703
1780456757,134.789485
1780456757,118.814102
1780456757,134.693568
1780456757,135.690270
1780456757,134.594268
1780456757,112.936061
1780456757,134.746244
1780456757,119.018222
1780456757,135.781577
1780456757,113.398759
1780456757,135.884487
1780456757,125.616550
1780456757,112.936907
1780456757,112.974033
1780456757,116.483136
1780456757,112.366983
1780456757,117.636907
1780456757,112.597976
1780456757,112.976477
1780456757,138.236292
1780456757,136.346377
1780456757,125.714711
1780456757,123.751727
1780456757,123.206853
1780456757,114.312115
1780456757,121.902095
1780456757,129.865152
1780456757,113.108755
1780456757,123.311104
1780456757,114.422005
1780456757,105.650353
1780456757,113.636603
1780456757,111.807214
1780456757,113.918678
1780456757,114.064829
1780456757,104.760988
1780456757,104.832354
1780456757,104.780067
1780456757,104.695771
1780456757,113.338633
1780456757,111.072274
1780456757,107.751649
1780456757,107.587932
1780456757,105.603087
1780456757,125.484264
1780456757,126.690597
1780456757,106.503918
1780456757,112.083765
1780456757,128.091069
1780456757,128.050670
1780456757,127.024643
1780456757,128.045618
1780456757,125.632629
1780456757,107.656003
1780456757,122.247661
1780456757,123.341746
1780456757,107.138767
1780456757,108.790811
1780456757,126.238930
1780456757,126.293981
1780456757,108.976905
1780456757,126.468293
1780456757,109.584225
1780456757,121.655798
1780456757,107.761057
1780456757,109.864977
1780456757,121.793694
1780456757,107.801305
1780456757,110.035720
1780456757,121.571711
1780456757,108.530839
1780456757,110.202519
1780456757,123.325093
1780456757,122.361856
1780456757,110.334937
1780456757,110.439032
1780456757,121.954521
1780456757,121.006070
1780456757,110.846281
1780456757,120.223737
1780456757,110.693169
1780456757,108.659229
1780456757,121.327944
1780456757,110.730862
1780456757,120.988928
1780456757,110.841439
1780456757,120.452368
1780456757,111.332011
1780456757,118.451664
1780456757,111.582144
1780456757,107.498359
1780456757,110.340158
1780456757,110.491647
1780456757,111.964142
1780456757,108.300320
1780456757,111.011114
1780456757,111.326399
1780456757,111.662120
1780456757,111.029756
1780456757,112.601093
1780456757,112.691072
1780456757,113.485302
1780456757,113.329019
1780456757,119.999846
1780456757,120.976400
1780456757,118.843056
1780456757,119.260682
1780456757,119.240153
1780456757,119.019708
1780456757,116.237516
1780456757,119.147568
1780456757,128.325845
1780456757,126.623512
1780456757,128.760737
1780456757,119.628798
1780456757,127.776160
1780456757,125.685548
1780456757,127.932435
1780456757,128.091825
1780456757,128.249876
1780456757,128.140734
1780456757,125.946171
1780456757,125.964859
1780456757,138.747280
1780456757,137.386438
1780456757,138.160152
1780456757,127.712408
1780456757,137.443299
1780456757,137.831282
1780456757,137.447435
1780456757,127.516587
1780456757,137.997518
1780456757,137.951167
1780456757,137.538179
1780456757,138.002127
1780456757,137.850624
1780456757,138.473634
1780456757,137.955920
1780456757,138.577552
1780456757,128.041381
1780456757,138.754820
1780456757,140.396031
1780456757,140.204810
1780456757,138.521279
1780456757,128.264003
1780456757,137.700622
1780456757,138.701128
1780456757,138.236082
1780456757,140.290261
1780456757,121.906997
1780456757,120.940283
1780456757,138.780807
1780456757,121.412189
1780456757,139.278236
1780456757,136.777257
1780456757,121.145589
1780456757,136.759372
1780456757,119.423633
1780456757,121.852496
1780456757,121.190294
1780456757,121.844145
1780456757,121.904587
1780456757,121.082638
1780456757,121.695302
1780456757,121.262103
1780456757,131.004641
1780456757,131.032324
1780456757,131.289274
1780456757,130.999581
1780456757,131.073186
1780456757,131.406839
1780456757,131.155746
1780456757,131.020852
1780456757,131.504799
1780456757,131.230334
1780456757,131.065831
1780456757,141.276217
1780456757,144.507755
1780456757,112.965821
1780456757,141.412699
1780456757,135.040413
1780456757,145.732224
1780456757,115.262799
1780456757,145.320109
1780456757,134.480847
1780456757,135.457950
1780456757,135.468825
1780456757,135.537204
1780456757,138.081801
1780456757,138.119523
1780456757,135.724308
1780456757,141.772261
1780456757,138.266854
1780456757,146.034763
1780456757,146.034429
1780456757,146.267195
1780456757,146.429994
1780456757,145.877196
1780456757,135.755955
1780456757,145.878703
1780456757,145.939800
1780456757,146.505660
1780456757,107.107304
1780456757,142.130691
1780456757,140.946285
1780456757,144.310627
1780456757,120.950643
1780456757,109.800242
1780456757,140.838790
1780456757,109.966207
1780456757,110.051376
1780456757,132.710182
1780456757,136.947144
1780456757,129.636316
1780456757,107.046599
1780456757,128.864649
1780456757,107.090354
1780456757,135.029601
1780456757,135.096983
1780456757,107.279148
1780456757,112.900227
1780456757,132.700684
1780456757,118.808941
1780456757,136.654474
1780456757,132.720542
1780456757,129.143138
1780456757,136.646559
1780456757,112.898531
1780456757,129.846289
1780456757,118.760626
1780456757,129.823529
1780456757,129.786245
1780456757,129.867350
1780456757,103.732644
1780456757,112.683302
1780456757,104.477219
1780456757,104.450091
1780456757,134.159250
1780456757,105.554605
1780456757,143.031783
1780456757,122.234992
1780456757,124.620581
1780456757,113.075570
1780456757,113.189032
1780456757,113.272134
1780456757,113.188718
1780456757,105.984278
1780456757,119.793026
1780456757,115.772464
1780456757,112.907861
1780456757,135.148886
1780456757,113.142606
1780456757,113.560335
1780456757,113.626757
1780456757,135.424705
1780456757,113.584263
1780456757,113.366952
1780456757,113.707792
1780456757,108.426469
1780456757,117.541686
1780456757,108.157761
1780456757,113.897609
1780456757,113.947864
1780456757,114.012891
1780456757,117.262375
1780456757,112.530813
1780456757,141.103430
1780456757,140.468517
1780456757,113.798126
1780456757,111.923398
1780456757,112.814831
1780456757,115.591312
1780456757,115.502765
1780456757,115.557979
1780456757,115.821700
1780456757,111.452842
1780456757,105.158032
1780456757,112.879085
1780456757,113.137601
1780456757,115.852877
1780456757,122.928468
1780456757,123.064161
1780456757,123.192707
1780456757,124.080828
1780456757,107.069610
1780456757,122.959099
1780456757,123.204483
1780456757,107.078493
1780456757,121.806450
1780456757,121.777604
1780456757,123.595189
1780456757,121.685375
1780456757,123.552424
1780456757,107.029020
1780456757,123.129780
1780456757,123.756799
1780456757,121.964177
1780456757,121.942489
1780456757,115.479642
1780456757,166.998013
1780456757,166.862849
1780456757,156.971116
1780456757,157.129867
1780456757,157.139296
1780456757,157.076701
1780456757,157.234813
1780456757,103.848103
1780456757,117.635471
1780456757,113.556658
1780456757,117.407211
1780456757,122.563971
1780456757,122.637043
1780456757,111.869359
1780456757,122.415358
1780456757,122.594316
1780456757,122.478424
1780456757,124.537020
1780456757,108.578749
1780456757,118.666813
1780456757,121.699589
1780456757,108.705959
1780456757,117.544885
1780456757,115.137127
1780456757,115.234875
1780456757,115.007242
1780456757,115.113913
1780456757,114.992803
1780456757,115.131055
1780456757,115.245888
1780456757,115.404231
1780456757,115.204280
1780456757,115.268622
1780456757,115.379676
1780456757,115.186466
1780456757,115.469595
1780456757,115.251019
1780456757,115.206713
1780456757,115.197780
1780456757,110.061057
1780456757,144.730423
1780456757,143.140148
1780456757,136.021861
1780456757,136.212135
1780456757,134.328408
1780456757,134.085816
1780456757,134.326708
1780456757,134.410550
1780456757,132.192522
1780456757,132.296259
1780456757,132.413416
1780456757,103.972815
1780456757,105.070277
1780456757,128.486701
1780456757,124.223792
1780456757,125.891690
1780456757,128.923746
1780456757,126.110948
1780456757,126.086113
1780456757,105.817416
1780456757,128.675186
1780456757,105.720799
1780456757,105.487132
1780456757,105.746117
1780456757,105.697172
1780456757,105.561481
1780456757,105.546224
1780456757,124.561597
1780456757,125.353572
1780456757,105.719172
1780456757,105.689037
1780456757,126.355945
1780456757,114.000627
1780456757,113.491465
1780456757,109.701225
1780456757,113.278283
1780456757,112.671905
1780456757,111.866551
1780456757,110.468811
1780456757,109.861241
1780456757,112.159308
1780456757,113.747230
1780456757,104.631325
1780456757,155.991485
1780456757,155.561034
1780456757,104.683629
1780456757,112.234446
1780456757,109.853271
1780456757,112.372039
1780456757,116.033423
1780456757,107.127758
1780456757,109.370657
1780456757,113.636518
1780456757,109.408866
1780456757,108.293778
1780456757,107.148259
1780456757,109.545313
1780456757,107.301060
1780456757,111.671393
1780456757,107.317912
1780456757,107.251005
1780456757,106.298897
1780456757,107.502761
1780456757,108.561425
1780456757,107.047331
1780456757,108.605539
1780456757,139.499063
1780456757,111.081376
1780456757,111.020990
1780456757,156.117943
1780456757,107.189815
1780456757,105.361396
1780456757,110.579104
1780456757,107.347763
1780456757,105.258162
1780456757,108.757208
1780456757,105.548026
1780456757,103.287635
1780456757,108.468273
1780456757,106.176182
1780456757,108.193052
1780456757,108.197249
1780456757,104.140714
1780456757,108.225050
1780456757,108.198762
1780456757,105.174495
1780456757,108.996540
1780456757,105.052898
1780456757,107.262072
1780456757,109.886962
1780456757,105.123536
1780456757,109.930982
1780456757,105.282856
1780456757,107.581052
1780456757,104.384478
1780456757,110.001271
1780456757,106.601196
1780456757,108.042141
1780456757,107.484214
1780456757,111.007928
1780456757,108.825175
1780456757,107.455741
1780456757,111.419763
1780456757,105.004107
1780456757,107.549280
1780456757,105.017285
1780456757,108.700641
1780456757,108.489865
1780456757,109.462284
1780456757,108.750301
1780456757,109.316128
1780456757,110.467777
1780456757,109.896069
1780456757,109.895191
1780456757,106.134529
1780456757,109.946840
1780456757,106.538021
1780456757,106.728562
1780456757,110.045571
1780456757,108.785780
1780456757,107.380563
1780456757,108.803058
1780456757,106.243697
1780456757,108.117385
1780456757,106.192126
1780456757,107.152835
1780456757,104.487506
1780456757,108.930015
1780456757,106.534080
1780456757,108.930941
1780456757,104.919853
1780456757,105.571824
1780456757,108.635222
1780456757,106.591720
1780456757,109.002563
1780456757,104.397425
1780456757,109.610535
1780456757,108.930032
1780456757,110.636349
1780456757,109.943523
1780456757,110.785890
1780456757,109.984666
1780456757,113.044264
1780456757,110.093217
1780456757,110.214376
1780456757,113.021448
1780456757,108.712050
1780456757,110.347692
1780456757,111.064513
1780456757,110.291688
1780456757,110.297487
1780456757,111.572669
1780456757,111.449824
1780456757,111.901678
1780456757,111.742480
1780456757,111.571667
1780456757,110.474939
1780456757,111.998812
1780456757,111.918577
1780456757,111.850453
1780456757,103.556416
1780456757,111.168687
1780456757,111.167921
1780456757,112.561092
1780456757,112.643875
1780456757,102.079500
1780456757,111.555614
1780456757,111.521424
1780456757,108.115580
1780456757,110.649347
1780456757,108.222369
1780456757,109.137367
1780456757,113.976634
1780456757,112.473800
1780456757,112.437795
1780456757,107.620272
1780456757,106.999905
1780456757,110.504972
1780456757,112.202392
1780456757,107.914299
1780456757,112.640510
1780456757,106.603035
1780456757,112.601254
1780456757,112.766587
1780456757,110.174530
1780456757,110.879283
1780456757,108.728967
1780456757,108.139982
1780456757,112.856402
1780456757,110.206932
1780456757,116.144067
1780456757,112.822649
1780456757,112.942411
1780456757,112.976263
1780456757,110.431865
1780456757,110.541417
1780456757,116.581158
1780456757,111.657089
1780456757,116.646498
1780456757,109.619887
1780456757,113.443283
1780456757,113.422288
1780456757,118.118566
1780456757,116.821215
1780456757,111.086836
1780456757,105.677838
1780456757,104.723696
1780456757,109.170918
1780456757,110.092468
1780456757,111.118119
1780456757,111.151902
1780456757,104.715388
1780456757,105.867273
1780456757,108.045065
1780456757,107.214283
1780456757,108.155348
1780456757,105.968409
1780456757,106.003003
1780456757,112.555329
1780456757,106.107205
1780456757,110.446258
1780456757,106.707496
1780456757,109.910743
1780456757,106.100409
1780456757,114.818815
1780456757,114.837939
1780456757,114.872855
1780456757,113.229096
1780456757,107.577053
1780456757,107.739012
1780456757,106.182491
1780456757,114.161516
1780456757,103.778935
1780456757,116.138972
1780456757,106.691659
1780456757,106.671979
1780456757,106.800495
1780456757,114.678083
1780456757,106.895347
1780456757,106.836125
1780456757,114.706707
1780456757,116.087129
1780456757,109.175840
1780456757,103.778719
1780456757,103.379158
1780456757,113.909812
1780456757,114.630106
1780456757,104.483457
1780456757,103.526679
1780456757,103.685850
1780456757,109.299189
1780456757,105.877498
1780456757,104.708801
1780456757,113.611701
1780456757,113.754317
1780456757,104.628038
1780456757,113.251851
1780456757,106.341184
1780456757,113.955853
1780456757,106.440801
1780456757,115.195321
1780456757,106.719062
1780456757,114.687539
1780456757,113.663190
1780456757,106.756450
1780456757,103.855614
1780456757,106.084066
1780456757,105.752475
1780456757,114.685587
1780456757,114.809934
1780456757,114.910515
1780456757,106.335686
1780456757,110.071772
1780456757,111.456961
1780456757,114.140196
1780456757,109.625664
1780456757,110.061126
1780456757,106.866814
1780456757,110.223372
1780456757,110.166198
1780456757,110.534594
1780456757,109.454370
1780456757,107.483420
1780456757,116.496118
1780456757,111.029187
1780456757,107.441323
1780456757,111.479710
1780456757,112.143076
1780456757,107.758597
1780456757,114.867454
1780456757,115.089972
1780456757,115.194409
1780456757,107.952715
1780456757,107.856960
1780456757,110.948141
1780456757,119.838947
1780456757,108.331680
1780456757,119.391981
1780456757,108.306675
1780456757,114.386034
1780456757,114.393218
1780456757,115.736539
1780456757,114.578918
1780456757,108.566603
1780456757,117.328712
1780456757,116.857048
1780456757,111.643884
1780456757,117.213335
1780456757,112.179424
1780456757,115.853886
1780456757,112.065520
1780456757,116.659311
1780456757,116.025602
1780456757,112.236722
1780456757,115.160519
1780456757,102.399801
1780456757,115.474450
1780456757,112.262447
1780456757,112.375017
1780456757,112.667465
1780456757,115.728471
1780456757,102.847067
1780456757,113.039314
1780456757,115.795337
1780456757,113.938631
1780456757,114.725815
1780456757,114.843930
1780456757,103.735700
1780456757,104.072686
1780456757,103.960900
1780456757,104.303291
1780456757,114.526612
1780456757,114.468519
1780456757,104.091566
1780456757,111.535225
1780456757,104.833796
1780456757,111.764538
1780456757,104.764837
1780456757,103.949424
1780456757,112.071890
1780456757,115.285055
1780456757,115.103204
1780456757,114.674243
1780456757,104.044954
1780456757,114.448142
1780456757,115.654321
1780456757,115.921295
1780456757,105.103860
1780456757,115.481958
1780456757,113.400717
1780456757,113.397551
1780456757,116.601812
1780456757,116.331073
1780456757,105.469329
1780456757,105.653391
1780456757,116.267416
1780456757,106.508366
1780456757,106.957243
1780456757,106.007020
1780456757,114.531370
1780456757,114.394504
1780456757,106.263766
1780456757,114.726428
1780456757,106.239970
1780456757,114.600031
1780456757,107.102552
1780456757,114.679498
1780456757,114.824340
1780456757,106.489269
1780456757,114.748692
1780456757,107.230891
1780456757,106.684725
1780456757,107.975705
1780456757,108.385600
1780456757,115.097551
1780456757,113.240965
1780456757,116.254119
1780456757,115.583310
1780456757,117.022677
1780456757,118.143636
1780456757,117.579345
1780456757,118.235876
1780456757,118.878054
1780456757,119.488322
1780456757,117.983619
1780456757,118.599427
1780456757,118.556243
1780456757,119.739870
1780456757,118.761244
1780456757,119.826892
1780456757,119.632337
1780456757,120.346233
1780456757,119.162586
1780456757,119.513057
1780456757,119.817487
1780456757,120.357808
1780456757,120.736681
1780456757,120.761072
1780456757,120.702844
1780456757,120.702716
1780456757,118.479996
1780456757,118.406564
1780456757,121.720919
1780456757,121.067489
1780456757,121.536494
1780456757,122.579664
1780456757,123.372963
1780456757,121.615382
1780456757,122.790620
1780456757,122.534411
1780456757,122.529592
1780456757,123.287872
1780456757,122.063880
1780456757,123.742886
1780456757,122.992757
1780456757,123.300028
1780456757,118.767826
1780456757,123.537095
1780456757,123.110870
1780456757,123.961336
1780456757,123.291853
1780456757,112.596860
1780456757,119.572502
1780456757,123.171849
1780456757,123.681148
1780456757,112.857373
1780456757,112.908893
1780456757,113.034440
1780456757,113.104337
1780456757,123.988935
1780456757,120.199979
1780456757,120.246043
1780456757,122.067908
1780456757,113.517538
1780456757,119.262701
1780456757,122.365126
1780456757,117.202939
1780456757,121.287865
1780456757,119.906043
1780456757,117.746989
1780456757,119.295988
1780456757,118.123583
1780456757,119.513287
1780456757,113.744067
1780456757,116.127371
1780456757,117.484459
1780456757,114.201502
1780456757,117.462161
1780456757,114.128475
1780456757,114.656309
1780456757,114.806497
1780456757,127.730729
1780456757,128.456884
1780456757,114.336682
1780456757,119.482488
1780456757,114.200438
1780456757,126.200415
1780456757,117.207618
1780456757,126.131634
1780456757,114.833071
1780456757,126.253533
1780456757,114.955451
1780456757,127.686760
1780456757,124.840090
1780456757,126.461631
1780456757,125.987963
1780456757,123.876301
1780456757,126.355680
1780456757,122.661513
1780456757,124.198219
1780456757,123.080229
1780456757,123.296950
1780456757,119.857373
1780456757,119.855277
1780456757,128.947072
1780456757,118.999707
1780456757,116.170998
1780456757,123.803015
1780456757,121.994771
1780456757,124.034317
1780456757,113.112105
1780456757,121.985633
1780456757,134.446708
1780456757,116.103502
1780456757,130.472237
1780456757,124.067131
1780456757,116.278177
1780456757,123.674535
1780456757,116.395740
1780456757,134.341411
1780456757,116.483471
1780456757,116.637103
1780456757,130.913554
1780456757,116.748041
1780456757,132.526081
1780456757,124.458127
1780456757,132.485679
1780456757,137.430544
1780456757,129.748680
1780456757,132.414747
1780456757,127.486230
1780456757,116.769848
1780456757,131.062284
1780456757,116.638784
1780456757,116.959726
1780456757,127.621706
1780456757,127.831467
1780456757,137.511420
1780456757,126.422158
1780456757,137.545843
1780456757,128.575153
1780456757,138.905539
1780456757,125.489918
1780456757,128.659089
1780456757,118.075372
1780456757,119.675502
1780456757,138.856354
1780456757,138.096119
1780456757,121.631525
1780456757,123.055971
1780456757,125.579363
1780456757,118.123203
1780456757,125.884302
1780456757,124.785033
1780456757,139.110731
1780456757,124.482280
1780456757,139.235758
1780456757,124.846744
1780456757,125.047810
1780456757,117.225741
1780456757,138.924869
1780456757,138.611961
1780456757,123.859022
1780456757,123.856466
1780456757,125.270678
1780456757,123.317990
1780456757,140.884452
1780456757,140.801397
1780456757,140.802046
1780456757,123.672836
1780456757,123.930861
1780456757,141.566695
1780456757,141.547961
1780456757,123.015130
1780456757,138.782532
1780456757,121.387984
1780456757,123.265537
1780456757,123.384752
1780456757,138.620171
1780456757,122.987924
1780456757,136.036325
1780456757,137.429549
1780456757,130.105690
1780456757,122.948529
1780456757,121.847441
1780456757,118.906822
1780456757,138.063718
1780456757,132.631872
1780456757,132.988659
1780456757,133.313768
1780456757,133.270582
1780456757,126.927978
1780456757,143.884823
1780456757,132.920236
1780456757,129.934293
1780456757,144.374163
1780456757,119.761215
1780456757,133.286968
1780456757,137.471723
1780456757,122.516479
1780456757,118.670612
1780456757,119.695889
1780456757,122.726184
1780456757,138.756562
1780456757,130.461749
1780456757,139.051891
1780456757,127.473671
1780456757,126.338218
1780456757,129.332542
1780456757,126.447480
1780456757,133.182752
1780456757,137.592034
1780456757,137.790518
1780456757,137.158746
1780456757,146.793608
1780456757,141.278273
1780456757,144.333281
1780456757,144.406604
1780456757,137.784403
1780456757,144.558973
1780456757,137.834089
1780456757,138.041801
1780456757,136.760680
1780456757,135.334940
1780456757,126.190779
1780456757,120.219674
1780456757,125.169152
1780456757,138.842875
1780456757,126.430596
1780456757,123.666521
1780456757,125.107965
1780456757,120.064778
1780456757,120.367906
1780456757,120.446465
1780456757,125.410704
1780456757,120.594241
1780456757,115.179452
1780456757,126.977584
1780456757,124.120553
1780456757,136.638561
1780456757,132.344625
1780456757,132.513900
1780456757,124.231651
1780456757,132.559710
1780456757,132.988411
1780456757,129.603975
1780456757,124.490864
1780456757,131.007760
1780456757,126.456025
1780456757,126.653487
1780456757,137.054829
1780456757,131.368360
1780456757,137.085165
1780456757,110.441782
1780456757,125.330853
1780456757,125.209547
1780456757,125.177252
1780456757,113.223412
1780456757,125.748492
1780456757,137.428815
1780456757,139.364642
1780456757,139.119910
1780456757,110.880344
1780456757,131.798848
1780456757,131.963072
1780456757,124.529319
1780456757,136.344598
1780456757,111.083414
1780456757,136.454143
1780456757,111.001110
1780456757,132.023593
1780456757,110.881866
1780456757,136.808083
1780456757,132.236459
1780456757,136.941937
1780456757,124.802708
1780456757,136.682277
1780456757,108.219838
1780456757,135.214118
1780456757,136.683747
1780456757,108.340385
1780456757,125.590708
1780456757,109.319643
1780456757,126.061579
1780456757,109.231647
1780456757,119.111778
1780456757,137.539527
1780456757,137.524272
1780456757,137.931000
1780456757,137.788492
1780456757,138.047609
1780456757,137.904435
1780456757,116.909264
1780456757,138.056667
1780456757,138.061810
1780456757,136.741220
1780456757,136.873373
1780456757,134.988858
1780456757,135.016084
1780456757,137.480261
1780456757,136.933738
1780456757,135.599210
1780456757,137.620149
1780456757,134.618038
1780456757,133.302162
1780456757,133.912631
1780456757,134.136021
1780456757,131.674295
1780456757,104.447277
1780456757,134.132681
1780456757,131.869892
1780456757,131.623792
1780456757,131.700818
1780456757,131.791709
1780456757,131.653098
1780456757,130.485618
1780456757,141.687329
1780456757,150.415937
1780456757,141.632306
1780456757,142.140267
1780456757,142.129369
1780456757,137.427226
1780456757,128.949230
1780456757,137.716027
1780456757,129.479103
1780456757,137.763828
1780456757,137.729152
1780456757,137.515274
1780456757,137.978594
1780456757,142.905014
1780456757,142.862653
1780456757,115.398516
1780456757,133.419095
1780456757,115.545569
1780456757,135.157049
1780456757,128.769989
1780456757,115.649086
1780456757,144.887029
1780456757,136.993357
1780456757,115.790769
1780456757,146.199406
1780456757,148.010245
1780456757,137.572103
1780456757,138.256870
1780456757,116.006160
1780456757,149.399608
1780456757,149.584995
1780456757,117.157459
1780456757,146.744967
1780456757,152.490676
1780456757,152.818388
1780456757,149.563043
1780456757,117.425942
1780456757,152.598334
1780456757,149.668250
1780456757,152.754199
1780456757,152.872843
1780456757,130.491317
1780456757,119.021053
1780456757,152.533494
1780456757,130.760286
1780456757,119.241375
1780456757,153.236001
1780456757,128.526323
1780456757,131.016360
1780456757,139.356945
1780456757,153.472166
1780456757,152.944011
1780456757,139.404010
1780456757,153.109263
1780456757,153.633354
1780456757,153.156335
1780456757,139.398958
1780456757,153.372859
1780456757,153.473110
1780456757,153.572342
1780456757,139.864834
1780456757,140.249125
1780456757,140.644122
1780456757,154.982292
1780456757,154.332865
1780456757,154.311328
1780456757,124.254112
1780456757,126.538982
1780456757,126.431000
1780456757,126.916522
1780456757,122.765611
1780456757,122.871242
1780456757,123.597345
1780456757,134.015974
1780456757,139.140439
1780456757,136.654343
1780456757,134.442182
1780456757,136.868670
1780456757,140.801558
1780456757,123.719949
1780456757,141.902583
1780456757,128.072658
1780456757,127.935632
1780456757,143.105823
1780456757,142.594896
1780456757,127.763496
1780456757,142.396988
1780456757,144.609685
1780456757,128.844484
1780456757,144.644922
1780456757,128.320621
1780456757,146.039509
1780456757,111.845362
1780456757,128.828150
1780456757,145.066557
1780456757,147.995124
1780456757,116.063224
1780456757,145.303050
1780456757,125.994684
1780456757,146.484745
1780456757,145.303706
1780456757,116.420079
1780456757,126.569162
1780456757,139.188909
1780456757,116.630389
1780456757,115.052385
1780456757,117.715883
1780456757,129.745250
1780456757,146.896359
1780456757,116.833148
1780456757,118.595192
1780456757,142.638392
1780456757,129.863960
1780456757,118.711549
1780456757,147.120621
1780456757,130.053414
1780456757,144.174331
1780456757,147.320361
1780456757,143.768421
1780456757,132.284905
1780456757,119.008324
1780456757,119.019685
1780456757,148.747752
1780456757,146.078213
1780456757,138.800928
1780456757,119.415730
1780456757,133.717726
1780456757,152.949081
1780456757,133.944158
1780456757,149.839417
1780456757,152.941034
1780456757,134.097959
1780456757,119.792029
1780456757,141.014020
1780456757,140.847222
1780456757,119.921404
1780456757,141.270127
1780456757,136.697527
1780456757,123.801915
1780456757,142.033283
1780456757,125.151443
1780456757,141.507020
1780456757,124.059915
1780456757,124.092473
1780456757,147.227597
1780456757,142.297905
1780456757,124.279061
1780456757,150.180279
1780456757,150.572785
1780456757,155.026076
1780456757,142.517626
1780456757,145.373583
1780456757,153.839016
1780456757,126.686058
1780456757,155.213371
1780456757,145.787256
1780456757,145.723674
1780456757,155.358610
1780456757,146.233527
1780456757,146.445566
1780456757,145.861880
1780456757,146.562185
1780456757,146.652343
1780456757,149.272995
1780456757,146.003522
1780456757,131.660715
1780456757,131.786316
1780456757,134.523356
1780456757,134.528540
1780456757,127.620857
1780456757,127.605388
1780456757,137.670519
1780456757,135.963724
1780456757,120.720639
1780456757,142.974121
1780456757,143.869518
1780456757,138.549429
1780456757,140.158245
1780456757,141.334778
1780456757,143.010012
1780456757,143.938968
1780456757,146.129108
1780456757,146.964127
1780456757,130.183026
1780456757,146.956329
1780456757,147.127461
1780456757,130.378218
1780456757,149.125259
1780456757,130.480177
1780456757,130.559368
1780456757,136.629575
1780456757,136.695512
1780456757,135.780998
1780456757,150.853520
1780456757,128.744059
1780456757,136.846875
1780456757,128.829635
1780456757,151.088568
1780456757,137.087134
1780456757,129.033567
1780456757,139.444209
1780456757,139.913228
1780456757,128.074426
1780456757,135.095079
1780456757,135.175238
1780456757,141.278618
1780456757,141.278655
1780456757,141.352970
1780456757,145.085946
1780456757,141.462883
1780456757,145.407033
1780456757,131.435592
1780456757,115.984001
1780456757,148.283285
1780456757,105.515533
1780456757,133.853919
1780456757,129.954369
1780456757,129.921737
1780456757,140.623616
1780456757,143.097018
1780456757,147.226867
1780456757,108.868065
1780456757,133.021360
1780456757,138.170737
1780456757,128.071098
1780456757,105.578243
1780456757,129.399412
1780456757,129.582524
1780456757,138.925292
1780456757,105.006958
1780456757,130.853552
1780456757,107.314333
1780456757,133.695574
1780456757,107.449232
1780456757,106.797881
1780456757,107.987728
1780456757,103.651714
1780456757,137.320193
1780456757,137.367472
1780456757,137.462149
1780456757,140.445451
1780456757,140.738522
1780456757,143.033161
1780456757,143.106865
1780456757,143.134776
1780456757,143.207823
1780456757,143.363414
1780456757,144.678047
1780456757,131.782361
1780456757,102.733943
1780456757,137.284668
1780456757,137.487405
1780456757,124.959723
1780456757,129.743785
1780456757,132.695108
1780456757,131.394494
1780456757,132.641704
1780456757,138.166660
1780456757,152.376373
1780456757,136.246095
1780456757,152.065429
1780456757,133.008333
1780456757,136.484165
1780456757,151.972233
1780456757,136.517757
1780456757,131.246291
1780456757,152.168863
1780456757,126.836538
1780456757,137.000572
1780456757,136.714377
1780456757,152.354007
1780456757,128.032873
1780456757,137.069291
1780456757,124.770033
1780456757,134.559007
1780456757,130.553899
1780456757,136.240159
1780456757,131.731516
1780456757,105.652825
1780456757,130.691887
1780456757,122.305835
1780456757,137.589731
1780456757,137.925116
1780456757,132.366398
1780456757,126.230941
1780456757,127.903228
1780456757,151.987423
1780456757,125.381316
1780456757,151.993486
1780456757,151.276651
1780456757,144.716802
1780456757,125.969267
1780456757,143.877365
1780456757,124.625510
1780456757,125.514338
1780456757,130.918928
1780456757,125.053857
1780456757,136.336484
1780456757,139.547681
1780456757,131.211964
1780456757,139.563943
1780456757,125.090539
1780456757,125.506553
1780456757,125.451104
1780456757,125.070029
1780456757,130.703848
1780456757,125.329420
1780456757,125.797129
1780456757,127.516285
1780456757,128.289276
1780456757,128.300440
1780456757,124.922026
1780456757,130.423451
1780456757,130.587325
1780456757,110.823334
1780456757,126.447229
1780456757,110.377978
1780456757,129.305687
1780456757,129.541955
1780456757,108.335866
1780456757,125.284823
1780456757,130.028788
1780456757,120.178361
1780456757,111.121249
1780456757,130.301863
1780456757,111.251752
1780456757,140.427869
1780456757,129.240967
1780456757,122.380493
1780456757,134.691939
1780456757,136.772178
1780456757,140.590865
1780456757,139.352869
1780456757,126.188710
1780456757,126.463151
1780456757,109.994589
1780456757,126.760740
1780456757,111.250066
1780456757,111.359329
1780456757,109.867058
1780456757,111.686285
1780456757,107.389017
1780456757,110.407065
1780456757,128.891053
1780456757,136.803686
1780456757,115.340955
1780456757,111.092756
1780456757,108.466307
1780456757,113.307630
1780456757,113.340312
1780456757,107.268231
1780456757,109.627799
1780456757,128.311657
1780456757,130.618866
1780456757,125.462562
1780456757,123.777654
1780456757,107.505669
1780456757,110.532234
1780456757,108.172298
1780456757,130.573078
1780456757,131.775590
1780456757,108.567602
1780456757,149.312625
1780456757,153.908974
1780456757,131.553524
1780456757,127.843241
1780456757,129.917020
1780456757,107.772419
1780456757,124.066534
1780456757,125.270738
1780456757,121.660860
1780456757,121.702270
1780456757,128.491677
1780456757,105.326519
1780456757,111.841302
1780456757,129.987932
1780456757,108.449513
1780456757,122.130162
1780456757,128.940483
1780456757,108.513184
1780456757,108.669927
1780456757,108.789617
1780456757,127.499030
1780456757,122.319385
1780456757,143.625205
1780456757,155.618419
1780456757,122.473858
1780456757,128.285960
1780456757,154.730732
1780456757,122.640707
1780456757,123.069826
1780456757,129.641689
1780456757,122.984555
1780456757,147.796906
1780456757,151.054492
1780456757,122.272914
1780456757,130.052973
1780456757,146.732810
1780456757,120.282067
1780456757,146.714839
1780456757,130.354348
1780456757,117.744470
1780456757,146.801928
1780456757,147.568522
1780456757,117.833431
1780456757,128.802075
1780456757,147.983796
1780456757,117.473861
1780456757,148.251056
1780456757,116.962237
1780456757,148.355159
1780456757,147.072040
1780456757,114.638976
1780456757,114.860941
1780456757,112.163768
1780456757,147.235044
1780456757,147.079116
1780456757,147.701323
1780456757,132.568105
1780456757,133.197411
1780456757,141.103504
1780456757,112.841206
1780456757,131.654990
1780456757,110.664651
1780456757,111.018379
1780456757,133.595521
1780456757,132.870343
1780456757,133.376800
1780456757,132.724798
1780456757,131.175466
1780456757,113.817026
1780456757,156.235611
1780456757,110.425399
1780456757,111.114694
1780456757,111.293270
1780456757,130.783921
1780456757,116.099747
1780456757,131.005690
1780456757,111.628585
1780456757,111.639655
1780456757,130.277496
1780456757,111.541913
1780456757,132.532896
1780456757,132.474518
1780456757,116.471798
1780456757,157.572390
1780456757,120.023949
1780456757,161.586978
1780456757,122.985833
1780456757,116.391052
1780456757,149.215386
1780456757,129.316157
1780456757,111.222540
1780456757,130.722401
1780456757,129.263275
1780456757,146.067368
1780456757,146.969942
1780456757,131.914845
1780456757,147.267547
1780456757,112.708573
1780456757,132.008092
1780456757,133.375571
1780456757,113.940104
1780456757,135.270221
1780456757,130.737459
1780456757,135.718382
1780456757,116.985455
1780456757,116.134211
1780456757,153.711766
1780456757,154.956555
1780456757,121.883527
1780456757,119.321029
1780456757,157.529461
1780456757,126.004664
1780456757,157.974183
1780456757,126.637795
1780456757,126.719238
1780456757,141.990694
1780456757,131.211299
1780456757,143.779828
1780456757,147.853478
1780456757,131.268153
1780456757,143.746115
1780456757,131.431902
1780456757,112.659981
1780456757,140.476865
1780456757,142.360063
1780456757,130.859675
1780456757,142.592982
1780456757,144.267124
1780456757,131.606238
1780456757,141.609149
1780456757,138.954366
1780456757,141.079390
1780456757,131.190410
1780456757,131.591851
1780456757,113.328888
1780456757,114.723147
1780456757,132.753206
1780456757,139.067348
1780456757,116.455900
1780456757,131.809483
1780456757,132.032135
1780456757,130.960313
1780456757,125.889493
1780456757,116.350662
1780456757,114.290361
1780456757,125.955004
1780456757,128.704241
1780456757,125.568243
1780456757,130.180404
1780456757,130.198246
1780456757,128.192955
1780456757,126.220155
1780456757,126.180830
1780456757,114.965296
1780456757,116.429730
1780456757,131.451778
1780456757,117.783683
1780456757,117.044589
1780456757,119.000422
1780456757,134.339187
1780456757,119.162844
1780456757,125.058471
1780456757,116.760003
1780456757,115.073169
1780456757,129.474399
1780456757,115.346025
1780456757,129.487443
1780456757,117.371224
1780456757,115.483370
1780456757,117.323806
1780456757,115.712828
1780456757,117.482040
1780456757,127.312546
1780456757,129.981541
1780456757,125.831837
1780456757,115.914337
1780456757,126.727760
1780456757,124.873134
1780456757,127.442895
1780456757,126.750376
1780456757,127.130547
1780456757,127.382602
1780456757,114.771660
1780456757,124.998449
1780456757,124.781980
1780456757,115.698671
1780456757,124.583237
1780456757,114.617578
1780456757,124.789249
1780456757,124.554864
1780456757,116.605215
1780456757,121.946696
1780456757,122.973008
1780456757,114.763986
1780456757,113.144987
1780456757,111.608566
1780456757,110.461617
1780456757,110.466117
1780456757,120.434900
1780456757,117.189397
1780456757,124.191580
1780456757,120.353800
1780456757,117.440236
1780456757,121.521104
1780456757,122.754985
1780456757,123.587527
1780456757,121.939664
1780456757,121.569073
1780456757,116.215032
1780456757,121.434553
1780456757,124.117205
1780456757,114.856928
1780456757,116.685377
1780456757,120.413938
1780456757,120.703273
1780456757,113.761179
1780456757,120.672485
1780456757,120.858750
1780456757,120.795965
1780456757,113.839759
1780456757,113.792928
1780456757,117.068897
1780456757,114.109862
1780456757,103.899780
1780456757,104.153145
1780456757,104.286875
1780456757,103.153344
1780456757,121.560493
1780456757,103.674801
1780456757,103.589018
1780456757,103.851869
1780456757,103.780365
1780456757,103.971464
1780456757,104.213945
1780456757,103.955445
1780456757,105.227070
1780456757,104.071882
1780456757,104.042042
1780456757,102.913741
1780456757,104.331535
1780456757,106.035767
1780456757,104.183867
1780456757,104.675745
1780456757,102.836356
1780456757,105.595626
1780456757,105.558062
1780456757,105.807301
1780456757,104.391893
1780456757,106.257384
1780456757,106.171182
1780456757,106.370318
1780456757,106.261298
1780456757,102.402334
1780456757,105.922021
1780456757,105.022890
1780456757,107.362352
1780456757,107.187501
1780456757,106.352310
1780456757,106.145643
1780456757,104.091246
1780456757,103.795016
1780456757,105.611160
1780456757,107.890266
1780456757,105.708209
1780456757,108.899563
1780456757,105.392338
1780456757,105.798495
1780456757,105.510212
1780456757,107.999024
1780456757,109.332999
1780456757,109.867558
1780456757,109.562202
1780456757,103.174912
1780456757,103.366014
1780456757,109.935278
1780456757,110.003139
1780456757,110.451301
1780456757,110.234885
1780456757,110.420072
1780456757,110.979092
1780456757,110.731245
1780456757,104.483745
1780456757,111.727069
1780456757,104.583065
1780456757,111.759196
1780456757,104.962109
1780456757,114.915268
1780456757,112.554444
1780456757,112.640268
1780456757,107.093844
1780456757,115.053412
1780456757,112.781747
1780456757,106.880518
1780456757,107.186322
1780456757,107.733554
1780456757,108.040596
1780456757,108.279827
1780456757,118.157534
1780456757,118.162121
1780456757,118.304338
1780456757,114.248685
1780456757,114.110257
1780456757,110.071913
1780456757,109.984461
1780456757,116.111865
1780456757,115.877926
1780456757,115.456320
1780456757,110.485128
1780456757,114.675408
1780456757,110.092233
1780456757,116.072755
1780456757,116.174405
1780456757,110.514879
1780456757,114.056240
1780456757,114.223911
1780456757,115.698048
1780456757,111.420158
1780456757,107.790010
1780456757,118.065373
1780456757,116.944096
1780456757,118.573285
1780456757,118.032659
1780456757,113.137422
1780456757,118.388660
1780456757,118.464053
1780456757,112.604443
1780456757,115.283887
1780456757,107.865918
1780456757,104.623236
1780456757,115.037376
1780456757,115.150059
1780456757,115.915310
1780456757,115.442406
1780456757,116.030055
1780456757,115.254776
1780456757,115.379942
1780456757,115.448284
1780456757,116.066304
1780456757,116.061185
1780456757,116.781828
1780456757,114.628382
1780456757,108.821554
1780456757,110.964474
1780456757,105.519360
1780456757,113.885523
1780456757,113.716334
1780456757,115.378831
1780456757,115.337142
1780456757,116.582465
1780456757,111.943214
1780456757,110.137085
1780456757,112.542252
1780456757,121.617725
1780456757,118.995243
1780456757,119.090867
1780456757,124.811590
1780456757,115.745241
1780456757,115.038106
1780456757,116.178706
1780456757,115.159999
1780456757,115.704370
1780456757,116.311788
1780456757,115.692881
1780456757,116.289782
1780456757,115.850533
1780456757,115.952224
1780456757,116.034785
1780456757,116.672461
1780456757,118.858883
1780456757,125.394552
1780456757,125.559771
1780456757,119.710969
1780456757,125.653749
1780456757,119.861158
1780456757,111.792829
1780456757,111.863972
1780456757,110.325846
1780456757,116.294889
1780456757,115.840240
1780456757,116.655270
1780456757,115.037952
1780456757,109.316869
1780456757,109.411013
1780456757,108.351333
1780456757,110.112133
1780456757,113.275238
1780456757,110.250591
1780456757,110.688737
1780456757,110.745528
1780456757,121.613288
1780456757,121.424090
1780456757,123.281371
1780456757,123.413616
1780456757,121.835708
1780456757,114.600878
1780456757,111.556486
1780456757,121.459137
1780456757,110.462590
1780456757,104.815906
1780456757,105.654295
1780456757,125.830687
1780456757,104.716579
1780456757,106.045076
1780456757,126.896041
1780456757,112.477144
1780456757,127.020177
1780456757,105.258245
1780456757,123.158539
1780456757,106.265242
1780456757,106.344050
1780456757,110.085018
1780456757,127.146525
1780456757,112.676528
1780456757,106.174768
1780456757,106.228689
1780456757,106.381096
1780456757,107.441393
1780456757,129.686106
1780456757,133.870069
1780456757,130.035068
1780456757,135.189086
1780456757,128.905599
1780456757,129.389759
1780456757,129.784646
1780456757,130.240185
1780456757,137.648838
1780456757,137.933175
1780456757,138.291355
1780456757,138.789308
1780456757,133.671377
1780456757,135.640318
1780456757,141.517818
1780456757,140.292428
1780456757,142.025424
1780456757,140.883300
1780456757,140.698389
1780456757,141.073360
1780456757,141.491027
1780456757,141.692933
1780456757,140.907334
1780456757,141.980628
1780456757,130.572909
1780456757,125.401505
1780456757,128.097922
1780456757,142.240580
1780456757,126.310823
1780456757,123.119955
1780456757,130.570695
1780456757,118.667178
1780456757,110.343942
1780456757,126.474692
1780456757,133.111759
1780456757,127.911781
1780456757,116.919347
1780456757,134.693872
1780456757,128.567319
1780456757,128.520529
1780456757,113.010469
1780456757,135.674667
1780456757,129.479827
1780456757,114.043741
1780456757,132.849620
1780456757,130.385984
1780456757,136.189850
1780456757,115.500347
1780456757,137.156476
1780456757,116.462426
1780456757,134.578187
1780456757,139.467581
1780456757,133.644909
1780456757,133.650133
1780456757,139.775513
1780456757,119.004486
1780456757,118.566895
1780456757,118.393151
1780456757,133.712248
1780456757,134.391339
1780456757,119.538995
1780456757,140.827592
1780456757,141.693906
1780456757,141.121937
1780456757,141.629936
1780456757,121.307282
1780456757,142.230135
1780456757,143.362362
1780456757,122.092087
1780456757,142.946335
1780456757,122.897985
1780456757,144.082236
1780456757,145.741309
1780456757,141.898269
1780456757,143.504281
1780456757,145.682123
1780456757,130.622313
1780456757,125.777069
1780456757,144.807284
1780456757,125.951430
1780456757,147.616494
1780456757,143.502567
1780456757,148.921738
1780456757,131.758405
1780456757,149.618428
1780456757,131.987066
1780456757,144.703403
1780456757,152.113441
1780456757,145.334379
1780456757,149.290194
1780456757,150.010915
1780456757,153.431406
1780456757,149.677969
1780456757,150.909870
1780456757,150.013358
1780456757,150.403109
1780456757,136.865679
1780456757,151.165415
1780456757,139.094338
1780456757,139.650958
1780456757,152.841648
1780456757,138.301363
1780456757,155.784334
1780456757,155.649973
1780456757,161.905149
1780456757,133.889588
1780456757,162.105251
1780456757,156.142588
1780456757,162.317941
1780456757,156.897416
1780456757,158.392705
1780456757,144.410794
1780456757,158.839908
1780456757,159.399173
1780456757,154.901572
1780456757,160.211992
1780456757,159.802488
1780456757,160.928724
1780456757,168.630866
1780456757,169.037486
1780456757,162.000525
1780456757,162.136951
1780456757,166.813347
1780456757,165.391930
1780456757,167.298100
1780456757,160.893767
1780456757,157.310347
1780456757,145.359133
1780456757,144.645594
1780456757,143.931134
1780456757,148.471155
1780456757,139.258121
1780456757,149.348528
1780456757,143.877298
1780456757,149.054101
1780456757,140.957682
1780456757,154.852288
1780456757,155.028147
1780456757,153.403680
1780456757,150.873162
1780456757,151.056346
1780456757,151.993830
1780456757,155.305194
1780456757,150.662406
1780456757,155.512997
1780456757,152.510631
1780456757,148.668563
1780456757,152.089548
1780456757,155.190108
1780456757,156.644279
1780456757,159.147701
1780456757,155.119586
1780456757,158.335762
1780456757,158.691279
1780456757,152.540021
1780456757,142.427977
1780456757,159.906409
1780456757,159.983750
1780456757,153.005493
1780456757,139.345278
1780456757,135.610247
1780456757,141.098497
1780456757,141.234182
1780456757,159.736024
1780456757,160.084297
1780456757,163.070244
1780456757,163.582833
1780456757,161.512540
1780456757,165.404581
1780456757,163.462747
1780456757,165.979505
1780456757,158.040608
1780456757,157.476255
1780456757,166.259661
1780456757,164.914346
1780456757,166.089850
1780456757,166.973260
1780456757,165.922957
1780456757,166.912864
1780456757,149.600306
1780456757,171.137877
1780456757,171.442116
1780456757,165.627496
1780456757,165.644447
1780456757,171.452391
1780456757,165.689002
1780456757,164.911569
1780456757,172.717941
1780456757,166.375461
1780456757,172.715075
1780456757,171.321737
1780456757,154.410259
1780456757,154.380353
1780456757,172.578420
1780456757,172.833055
1780456757,174.854868
1780456757,156.989026
1780456757,172.904912
1780456757,157.187983
1780456757,172.396585
1780456757,173.193074
1780456757,158.629642
1780456757,173.829961
1780456757,174.623779
1780456757,155.294828
1780456757,170.045871
1780456757,156.064612
1780456757,175.202004
1780456757,174.819434
1780456757,174.667170
1780456757,175.645486
1780456757,175.325469
1780456757,175.198151
1780456757,159.720535
1780456757,176.235642
1780456757,177.095159
1780456757,184.354699
1780456757,177.825778
1780456757,177.943984
1780456757,164.107895
1780456757,160.334462
1780456757,178.745221
1780456757,179.055953
1780456757,180.569258
1780456757,181.214821
1780456757,176.300023
1780456757,165.588858
1780456757,180.852742
1780456757,178.299658
1780456757,155.422691
1780456757,155.666293
1780456757,162.985107
1780456757,163.033318
1780456757,163.283085
1780456757,164.273546
1780456757,166.376401
1780456757,164.439086
1780456757,164.708697
1780456757,164.919909
1780456757,171.853691
1780456757,170.437511
1780456757,165.216684
1780456757,172.326351
1780456757,169.500762
1780456757,163.216980
1780456757,165.644114
1780456757,170.658381
1780456757,169.356533
1780456757,168.436259
1780456757,170.927915
1780456757,172.874779
1780456757,172.522030
1780456757,191.335222
1780456757,189.958400
1780456757,198.164025
1780456757,190.181586
1780456757,187.744269
1780456757,170.578231
1780456757,168.866891
1780456757,181.434861
1780456757,196.052121
1780456757,197.784011
1780456757,196.962483
1780456757,196.766635
1780456757,199.710050
1780456757,196.978215
1780456757,205.339933
1780456757,200.805581
1780456757,200.735521
1780456757,202.780435
1780456757,211.346183
1780456757,209.711261
1780456757,212.965345
1780456757,195.469887
1780456757,208.613765
1780456757,210.503228
1780456757,213.434049
1780456757,212.897982
1780456757,211.483248
1780456757,221.002248
1780456757,196.525256
1780456757,198.859658
1780456757,204.063120
1780456757,196.742921
1780456757,204.361275
1780456757,202.953994
1780456757,203.710431
1780456757,198.008196
1780456757,201.220542
1780456757,196.419300
1780456757,200.854991
1780456757,196.510692
1780456757,206.239152
1780456757,204.107091
1780456757,206.693322
1780456757,203.737057
1780456757,203.522089
1780456757,203.168323
1780456757,177.652710
1780456757,176.893516
1780456757,178.068815
1780456757,179.471094
1780456757,180.898968
1780456757,209.458635
1780456757,207.846524
1780456757,209.752254
1780456757,213.066127
1780456757,213.039526
1780456757,188.621004
1780456757,213.215349
1780456757,210.260690
1780456757,188.643288
1780456757,189.973924
1780456757,190.225809
1780456757,213.683612
1780456757,188.866043
1780456757,210.357182
1780456757,190.444982
1780456757,190.212199
1780456757,209.922341
1780456757,180.119054
1780456757,215.372593
1780456757,191.770721
1780456757,191.853346
1780456757,210.123472
1780456757,191.959554
1780456757,214.878956
1780456757,190.578746
1780456757,215.925265
1780456757,190.540831
1780456757,216.577908
1780456757,192.164636
1780456757,216.783745
1780456757,190.787196
1780456757,211.064177
1780456757,193.545505
1780456757,193.686063
1780456757,196.182766
1780456757,216.598524
1780456757,196.307596
1780456757,218.084187
1780456757,197.857624
1780456757,214.631647
1780456757,192.553987
1780456757,219.123733
1780456757,197.761116
1780456757,215.416792
1780456757,192.607005
1780456757,194.849994
1780456757,213.407505
1780456757,192.790498
1780456757,218.135848
1780456757,194.210511
1780456757,218.660658
1780456757,194.872326
1780456757,218.329034
1780456757,191.422389
1780456757,213.756679
1780456757,194.456479
1780456757,218.472431
1780456757,194.628840
1780456757,218.552319
1780456757,195.510784
1780456757,215.071991
1780456757,194.811232
1780456757,218.175389
1780456757,194.953446
1780456757,214.634132
1780456757,195.041179
1780456757,215.241588
1780456757,195.315195
1780456757,215.366694
1780456757,195.464058
1780456757,220.754001
1780456757,195.548908
1780456757,216.859693
1780456757,195.344193
1780456757,218.307948
1780456757,193.263107
1780456757,216.823201
1780456757,195.714977
1780456757,218.182615
1780456757,195.274605
1780456757,217.262746
1780456757,197.180239
1780456757,217.749604
1780456757,219.321318
1780456757,197.464140
1780456757,217.526648
1780456757,197.840659
1780456757,229.148095
1780456757,195.961652
1780456757,219.207355
1780456757,198.379336
1780456757,198.621594
1780456757,222.418753
1780456757,196.746223
1780456757,219.166303
1780456757,222.740981
1780456757,200.240018
1780456757,220.255588
1780456757,199.235002
1780456757,198.290961
1780456757,199.855546
1780456757,198.326885
1780456757,199.045374
1780456757,199.308105
1780456757,202.319907
1780456757,202.640415
1780456757,202.888982
1780456757,199.889418
1780456757,203.294244
1780456757,203.746863
1780456757,205.290483
1780456757,204.264743
1780456757,201.512401
1780456757,206.158072
1780456757,206.155272
1780456757,188.639508
1780456757,206.923777
1780456757,208.067268
1780456757,207.730183
1780456757,208.221312
1780456757,208.608295
1780456757,210.826228
1780456757,210.152406
1780456757,218.586077
1780456757,220.631039
1780456757,211.805522
1780456757,220.805003
1780456757,212.372897
1780456757,227.523487
1780456757,194.024568
1780456757,225.057854
1780456757,188.835301
1780456757,227.776343
1780456757,238.706359
1780456757,190.097892
1780456757,231.395569
1780456757,190.387458
1780456757,237.880957
1780456757,241.511541
1780456757,249.248765
1780456757,194.910567
1780456757,241.853457
1780456757,241.440367
1780456757,190.743577
1780456757,240.993460
1780456757,246.044248
1780456757,241.841635
1780456757,191.812148
1780456757,246.405647
1780456757,190.380728
1780456757,243.215929
1780456757,190.734622
1780456757,243.861455
1780456757,242.907310
1780456757,192.031184
1780456757,244.582135
1780456757,249.411596
1780456757,192.447752
1780456757,242.267766
1780456757,192.879652
1780456757,197.196715
1780456757,193.521794
1780456757,194.268199
1780456757,256.755697
1780456757,198.110421
1780456757,244.190232
1780456757,194.596830
1780456757,194.368119
1780456757,196.992196
1780456757,199.199040
1780456757,195.738142
1780456757,245.804524
1780456757,195.727240
1780456757,196.306935
1780456757,198.357905
1780456757,196.902577
1780456757,198.920797
1780456757,198.053463
1780456757,207.451294
1780456757,212.893731
1780456757,248.234900
1780456757,217.745169
1780456757,201.625615
1780456757,201.416890
1780456757,203.590228
1780456757,249.327608
1780456757,249.498809
1780456757,204.478605
1780456757,205.080004
1780456757,205.371610
1780456757,233.787546
1780456757,204.765025
1780456757,200.372517
1780456757,204.920373
1780456757,207.709166
1780456757,203.549878
1780456757,206.469549
1780456757,205.954115
1780456757,208.767213
1780456757,204.592871
1780456757,206.576554
1780456757,208.579748
1780456757,207.538656
1780456757,233.172224
1780456757,231.798017
1780456757,189.587405
1780456757,236.486035
1780456757,208.749714
1780456757,211.333073
1780456757,209.207983
1780456757,210.392814
1780456757,209.146164
1780456757,212.115506
1780456757,212.470604
1780456757,210.182931
1780456757,211.399241
1780456757,213.191127
1780456757,195.351203
1780456757,196.499832
1780456757,196.699810
1780456757,196.856575
1780456757,208.003565
1780456757,207.126122
1780456757,208.052872
1780456757,210.325314
1780456757,208.177035
1780456757,208.769468
1780456757,209.298452
1780456757,210.590011
1780456757,209.438671
1780456757,211.145632
1780456757,211.331363
1780456757,210.730790
1780456757,210.916190
1780456757,210.922689
1780456757,211.193471
1780456757,211.204499
1780456757,212.125478
1780456757,212.094769
1780456757,211.427379
1780456757,211.676728
1780456757,212.411814
1780456757,211.638575
1780456757,211.874198
1780456757,211.528713
1780456757,211.618764
1780456757,212.106137
1780456757,212.456579
1780456757,211.979736
1780456757,249.239494
1780456757,212.386740
1780456757,249.327887
1780456757,249.522600
1780456757,212.392750
1780456757,252.956470
1780456757,212.618258
1780456757,204.260688
1780456757,212.651821
1780456757,212.525387
1780456757,212.718406
1780456757,213.028157
1780456757,215.398777
1780456757,215.369155
1780456757,262.412863
1780456757,213.276407
1780456757,256.459307
1780456757,219.703651
1780456757,220.407034
1780456757,242.124610
1780456757,213.192382
1780456757,213.534939
1780456757,264.811288
1780456757,218.458904
1780456757,261.752011
1780456757,213.672319
1780456757,262.746430
1780456757,261.745133
1780456757,206.040958
1780456757,261.830663
1780456757,218.815530
1780456757,218.506482
1780456757,218.949297
1780456757,261.141628
1780456757,219.214645
1780456757,258.020688
1780456757,258.411491
1780456757,213.936093
1780456757,265.200767
1780456757,220.952686
1780456757,221.229863
1780456757,262.360028
1780456757,215.996107
1780456757,266.220051
1780456757,221.159978
1780456757,221.334885
1780456757,255.739747
1780456757,250.199195
1780456757,216.163480
1780456757,250.579537
1780456757,218.541132
1780456757,223.160099
1780456757,216.344401
1780456757,218.934084
1780456757,221.606549
1780456757,216.525982
1780456757,216.653046
1780456757,223.203210
1780456757,219.224421
1780456757,216.889187
1780456757,223.775264
1780456757,219.584070
1780456757,223.661004
1780456757,218.404854
1780456757,218.373898
1780456757,276.571655
1780456757,197.289659
1780456757,269.919088
1780456757,197.427666
1780456757,276.428058
1780456757,199.817960
1780456757,270.282535
1780456757,200.222613
1780456757,201.272045
1780456757,207.717251
1780456757,284.364876
1780456757,197.718001
1780456757,271.123847
1780456757,249.948797
1780456757,201.228971
1780456757,206.769628
1780456757,206.928925
1780456757,207.219886
1780456757,203.880241
1780456757,207.727510
1780456757,199.580504
1780456757,204.656576
1780456757,208.586861
1780456757,201.019297
1780456757,205.517529
1780456757,205.940682
1780456757,205.947665
1780456757,206.495328
1780456757,206.539274
1780456757,206.960255
1780456757,211.885285
1780456757,212.683885
1780456757,211.472511
1780456757,232.316974
1780456757,232.176498
1780456757,224.107988
1780456757,154.074717
1780456757,106.084370
1780456757,105.788156
1780456757,105.469387
1780456757,106.506903
1780456757,215.003845
1780456757,154.486425
1780456757,107.227833
1780456757,106.990344
1780456757,107.589166
1780456757,107.878602
1780456757,154.842548
1780456757,108.346952
1780456757,108.644738
1780456757,109.009165
1780456757,155.181456
1780456757,108.300292
1780456757,208.683859
1780456757,109.443746
1780456757,109.923050
1780456757,110.444447
1780456757,110.254853
1780456757,155.627446
1780456757,111.040707
1780456757,254.550336
1780456757,107.535203
1780456757,216.531590
1780456757,206.122332
1780456757,212.794939
1780456757,212.266119
1780456757,211.340292
1780456757,229.151975
1780456757,212.559485
1780456757,264.836621
1780456757,206.394095
1780456757,206.390759
1780456757,207.922036
1780456757,212.566500
1780456757,208.771889
1780456757,213.723491
1780456757,213.664601
1780456757,212.977631
1780456757,212.519185
1780456757,214.032667
1780456757,214.111706
1780456757,212.716934
1780456757,211.900457
1780456757,213.383205
1780456757,209.565307
1780456757,209.642494
1780456757,214.370266
1780456757,213.192804
1780456757,214.591884
1780456757,209.745954
1780456757,214.755768
1780456757,212.672691
1780456757,215.060111
1780456757,214.324258
1780456757,193.408226
1780456757,216.378236
1780456757,214.368455
1780456757,195.952364
1780456757,213.329152
1780456757,196.275631
1780456757,216.923499
1780456757,193.920369
1780456757,214.625849
1780456757,193.917867
1780456757,215.153111
1780456757,196.315283
1780456757,212.811331
1780456757,195.400994
1780456757,213.148507
1780456757,213.924661
1780456757,193.601123
1780456757,216.739103
1780456757,199.972761
1780456757,193.550591
1780456757,193.620391
1780456757,214.165718
1780456757,194.962831
1780456757,215.155210
1780456757,200.051910
1780456757,215.086623
1780456757,200.053046
1780456757,214.974999
1780456757,200.214553
1780456757,217.277928
1780456757,201.395506
1780456757,201.491990
1780456757,217.483167
1780456757,195.322480
1780456757,217.304852
1780456757,201.642366
1780456757,215.714951
1780456757,201.733257
1780456757,196.446167
1780456757,217.776551
1780456757,195.977740
1780456757,202.115106
1780456757,214.151062
1780456757,196.149794
1780456757,217.126648
1780456757,217.489130
1780456757,196.327990
1780456757,215.983161
1780456757,201.930275
1780456757,218.639428
1780456757,202.092299
1780456757,218.612818
1780456757,196.944727
1780456757,217.361632
1780456757,202.186306
1780456757,202.709049
1780456757,217.550791
1780456757,202.532101
1780456757,217.660372
1780456757,202.713919
1780456757,202.838343
1780456757,197.647990
1780456757,197.440243
1780456757,203.093513
1780456757,202.320584
1780456757,202.565446
1780456757,197.060770
1780456757,202.936081
1780456757,203.129593
1780456757,202.906899
1780456757,201.748261
1780456757,202.606306
1780456757,201.695576
1780456757,195.935381
1780456757,201.652276
1780456757,197.438590
1780456757,203.393389
1780456757,198.132846
1780456757,201.943234
1780456757,199.725010
1780456757,203.847142
1780456757,197.575362
1780456757,199.662236
1780456757,203.667865
1780456757,198.132581
1780456757,203.843553
1780456757,199.789836
1780456757,202.325536
1780456757,200.005571
1780456757,203.998319
1780456757,199.990019
1780456757,202.269655
1780456757,199.942555
1780456757,204.232062
1780456757,203.292348
1780456757,203.896640
1780456757,203.685547
1780456757,204.144993
1780456757,202.051723
1780456757,204.267969
1780456757,203.307023
1780456757,204.069757
1780456757,203.162310
1780456757,195.128366
1780456757,202.651502
1780456757,196.731161
1780456757,204.210460
1780456757,202.890523
1780456757,189.369238
1780456757,204.572901
1780456757,190.814539
1780456757,204.602654
1780456757,191.401577
1780456757,203.004780
1780456757,204.765874
1780456757,197.236255
1780456757,194.281375
1780456757,203.732315
1780456757,193.731540
1780456757,204.324426
1780456757,197.404692
1780456757,203.486843
1780456757,193.456219
1780456757,203.684261
1780456757,199.258517
1780456757,194.732023
1780456757,203.431126
1780456757,204.014265
1780456757,197.645097
1780456757,204.576363
1780456757,195.200073
1780456757,204.650620
1780456757,191.654260
1780456757,195.190371
1780456757,204.850751
1780456757,199.601852
1780456757,204.446102
1780456757,197.964200
1780456757,204.271941
1780456757,197.024595
1780456757,205.334291
1780456757,188.514286
1780456757,192.105657
1780456757,197.173126
1780456757,206.603101
1780456757,192.220995
1780456757,208.448182
1780456757,193.749777
1780456757,206.749749
1780456757,191.813075
1780456757,206.665592
1780456757,197.359076
1780456757,208.664443
1780456757,196.601082
1780456757,195.313101
1780456757,198.724465
1780456757,197.991783
1780456757,199.402757
1780456757,197.546063
1780456757,199.101713
1780456757,194.468635
1780456757,199.316410
1780456757,196.732305
1780456757,198.432070
1780456757,199.628295
1780456757,196.286695
1780456757,197.505625
1780456757,197.482458
1780456757,199.512004
1780456757,198.829287
1780456757,195.016332
1780456757,196.189823
1780456757,194.978370
1780456757,195.216070
1780456757,194.851271
1780456757,200.058812
1780456757,195.871886
1780456757,196.402424
1780456757,195.041419
1780456757,200.265341
1780456757,200.241052
1780456757,198.317610
1780456757,200.303744
1780456757,200.447891
1780456757,198.941321
1780456757,196.986213
1780456757,199.061580
1780456757,197.344320
1780456757,198.725623
1780456757,196.045935
1780456757,198.804130
1780456757,196.211573
1780456757,195.508676
1780456757,196.301884
1780456757,189.670337
1780456757,220.560658
1780456757,206.378076
1780456757,198.485478
1780456757,196.909349
1780456757,183.503479
1780456757,198.506070
1780456757,181.966204
1780456757,198.797464
1780456757,184.173508
1780456757,184.542402
1780456757,188.385699
1780456757,183.876104
1780456757,181.509945
1780456757,187.132334
1780456757,181.563776
1780456757,177.551143
1780456757,175.101527
1780456757,182.747608
1780456757,175.248982
1780456757,188.225441
1780456757,176.363089
1780456757,188.508866
1780456757,177.761272
1780456757,188.778877
1780456757,181.071281
1780456757,179.658599
1780456757,189.998775
1780456757,180.883964
1780456757,179.861099
1780456757,190.145100
1780456757,183.591644
1780456757,184.499110
1780456757,190.659254
1780456757,198.672348
1780456757,183.631511
1780456757,198.860216
1780456757,190.207672
1780456757,190.405184
1780456757,190.784808
1780456757,188.683966
1780456757,197.366967
1780456757,191.878864
1780456757,193.905300
1780456757,196.391700
1780456757,200.114832
1780456757,198.476434
1780456757,194.218421
1780456757,197.574843
1780456757,198.440330
1780456757,198.693380
1780456757,198.889170
1780456757,198.977122
1780456757,200.494589
1780456757,197.751168
1780456757,199.074714
1780456757,198.466240
1780456757,200.516920
1780456757,201.080089
1780456757,166.040478
1780456757,198.877650
1780456757,200.782808
1780456757,200.847316
1780456757,200.977018
1780456757,200.738872
1780456757,196.566527
1780456757,200.997393
1780456757,199.250746
1780456757,199.104806
1780456757,179.617036
1780456757,207.045664
1780456757,193.729060
1780456757,200.755269
1780456757,183.452136
1780456757,200.045942
1780456757,201.695430
1780456757,189.854031
1780456757,167.562525
1780456757,189.808947
1780456757,190.997710
1780456757,199.394639
1780456757,168.521609
1780456757,194.022685
1780456757,189.918158
1780456757,199.503517
1780456757,167.136569
1780456757,202.051294
1780456757,191.635533
1780456757,191.821105
1780456757,181.154209
1780456757,200.504347
1780456757,169.542043
1780456757,194.249494
1780456757,191.742427
1780456757,194.390049
1780456757,183.404796
1780456757,194.515754
1780456757,194.478171
1780456757,189.754986
1780456757,168.540061
1780456757,190.152148
1780456757,192.976352
1780456757,194.930478
1780456757,173.537906
1780456757,190.334808
1780456757,192.088274
1780456757,198.038626
1780456757,193.127164
1780456757,192.070997
1780456757,193.240166
1780456757,202.410698
1780456757,178.658531
1780456757,198.050612
1780456757,193.039895
1780456757,202.616451
1780456757,179.650980
1780456757,197.942521
1780456757,194.376577
1780456757,198.206812
1780456757,194.959698
1780456757,179.330642
1780456757,195.085468
1780456757,202.996180
1780456757,195.163968
1780456757,203.173966
1780456757,184.868254
1780456757,203.122011
1780456757,202.656298
1780456757,195.547361
1780456757,194.818846
1780456757,202.922405
1780456757,185.205807
1780456757,198.266263
1780456757,199.923377
1780456757,200.879157
1780456757,182.643451
1780456757,201.248583
1780456757,198.438947
1780456757,193.446761
1780456757,195.913580
1780456757,197.090671
1780456757,184.990409
1780456757,199.626405
1780456757,196.056789
1780456757,199.563932
1780456757,198.614986
1780456757,195.751549
1780456757,192.576532
1780456757,184.910464
1780456757,191.141930
1780456757,201.300946
1780456757,192.847961
1780456757,187.521039
1780456757,193.011112
1780456757,201.177581
1780456757,196.339842
1780456757,154.450854
1780456757,195.842438
1780456757,154.892473
1780456757,198.359946
1780456757,155.083771
1780456757,195.327810
1780456757,176.089419
1780456757,197.072714
1780456757,176.420977
1780456757,199.134426
1780456757,156.117315
1780456757,199.593124
1780456757,176.331989
1780456757,193.988782
1780456757,157.315831
1780456757,199.739057
1780456757,157.599961
1780456757,194.321792
1780456757,157.082061
1780456757,194.239301
1780456757,157.906107
1780456757,175.095944
1780456757,159.705908
1780456757,140.130313
1780456757,200.100889
1780456757,171.497168
1780456757,194.578255
1780456757,140.280574
1780456757,162.651618
1780456757,140.528921
1780456757,162.502120
1780456757,177.806457
1780456757,144.278445
1780456757,177.069714
1780456757,173.095785
1780456757,178.052667
1780456757,172.970493
1780456757,178.723282
1780456757,144.920019
1780456757,145.967807
1780456757,179.871154
1780456757,173.406879
1780456757,163.024806
1780456757,145.626727
1780456757,165.424436
1780456757,173.810427
1780456757,163.370010
1780456757,174.215696
1780456757,163.726976
1780456757,173.710273
1780456757,182.346012
1780456757,147.273061
1780456757,174.519820
1780456757,184.795406
1780456757,165.976853
1780456757,174.131074
1780456757,146.659720
1780456757,146.962914
1780456757,171.912845
1780456757,149.500845
1780456757,177.957812
1780456757,148.078151
1780456757,179.138163
1780456757,148.634148
1780456757,178.194269
1780456757,175.999257
1780456757,190.704919
1780456757,147.960844
1780456757,151.317124
1780456757,191.166983
1780456757,175.136457
1780456757,181.038327
1780456757,150.612686
1780456757,189.522107
1780456757,150.355186
1780456757,192.145778
1780456757,151.116615
1780456757,192.365102
1780456757,176.488905
1780456757,192.536742
1780456757,151.952597
1780456757,194.124131
1780456757,172.452681
1780456757,175.820709
1780456757,192.715623
1780456757,152.116857
1780456757,192.664288
1780456757,152.355125
1780456757,201.705886
1780456757,176.623877
1780456757,192.880861
1780456757,152.490414
1780456757,201.642266
1780456757,176.381352
1780456757,192.512688
1780456757,175.793926
1780456757,195.908381
1780456757,176.701386
1780456757,183.422070
1780456757,176.648523
1780456757,192.948013
1780456757,176.725993
1780456757,202.165919
1780456757,132.517355
1780456757,195.785529
1780456757,133.264673
1780456757,166.168026
1780456757,170.571166
1780456757,166.027503
1780456757,133.596368
1780456757,124.524729
1780456757,171.186631
1780456757,124.870343
1780456757,134.456782
1780456757,125.187723
1780456757,134.077544
1780456757,167.318284
1780456757,172.216860
1780456757,168.001193
1780456757,135.011005
1780456757,126.471567
1780456757,135.345968
1780456757,125.811249
1780456757,126.924539
1780456757,135.796761
1780456757,167.708495
1780456757,136.136458
1780456757,167.829598
1780456757,137.060731
1780456757,167.969064
1780456757,137.651985
1780456757,168.120300
1780456757,137.967580
1780456757,168.221381
1780456757,172.722192
1780456757,170.504575
1780456757,138.693395
1780456757,139.311068
1780456757,128.228354
1780456757,140.327222
1780456757,168.120201
1780456757,140.676922
1780456757,128.124176
1780456757,142.502613
1780456757,170.127570
1780456757,140.148532
1780456757,141.410749
1780456757,128.758647
1780456757,142.650377
1780456757,128.486053
1780456757,173.699104
1780456757,168.410484
1780456757,173.786302
1780456757,122.370951
1780456757,128.789000
1780456757,122.999023
1780456757,128.030158
1780456757,123.350909
1780456757,128.318146
1780456757,124.160682
1780456757,128.536011
1780456757,128.782812
1780456757,124.696351
1780456757,128.877888
1780456757,118.079973
1780456757,166.018514
1780456757,116.598681
1780456757,116.764868
1780456757,116.845384
1780456757,104.608280
1780456757,105.160637
1780456757,103.798432
1780456757,117.201412
1780456757,161.861027
1780456757,106.579992
1780456757,105.689277
1780456757,107.097708
1780456757,118.925996
1780456757,104.924447
1780456757,106.123199
1780456757,104.380110
1780456757,162.770457
1780456757,107.691845
1780456757,108.530572
1780456757,108.166518
1780456757,163.027340
1780456757,162.834508
1780456757,110.489407
1780456757,109.502742
1780456757,162.849359
1780456757,162.693596
1780456757,109.715147
1780456757,162.991371
1780456757,109.006352
1780456757,110.032597
1780456757,163.322581
1780456757,110.391043
1780456757,110.785737
1780456757,110.940382
1780456757,107.127623
1780456757,163.199463
1780456757,111.107952
1780456757,120.297181
1780456757,163.499837
1780456757,111.173824
1780456757,111.353140
1780456757,111.517436
1780456757,120.682963
1780456757,109.852556
1780456757,166.262437
1780456757,163.832079
1780456757,111.492708
1780456757,110.273683
1780456757,112.006118
1780456757,112.165696
1780456757,112.325592
1780456757,111.991327
1780456757,111.764017
1780456757,112.113887
1780456757,121.291232
1780456757,166.826372
1780456757,112.464097
1780456757,164.431431
1780456757,112.714114
1780456757,112.926803
1780456757,112.239229
1780456757,111.268943
1780456757,112.185473
1780456757,112.200887
1780456757,112.612730
1780456757,166.801592
1780456757,168.072497
1780456757,113.107991
1780456757,113.020768
1780456757,113.980121
1780456757,113.426580
1780456757,113.536167
1780456757,168.398060
1780456757,113.359830
1780456757,119.722876
1780456757,104.560098
1780456757,104.873249
1780456757,105.228392
1780456757,108.918479
1780456757,104.236243
1780456757,105.915001
1780456757,104.604495
1780456757,106.048548
1780456757,107.832019
1780456757,106.834819
1780456757,107.270585
1780456757,109.484200
1780456757,106.469808
1780456757,102.671633
1780456757,108.388657
1780456757,105.586600
1780456757,111.438537
1780456757,107.339408
1780456757,122.947475
1780456757,108.803720
1780456757,165.992091
1780456757,110.136272
1780456757,106.055137
1780456757,107.739285
1780456757,105.192940
1780456757,106.639618
1780456757,105.787068
1780456757,106.134903
1780456757,108.733176
1780456757,166.278129
1780456757,162.551478
1780456757,105.795610
1780456757,105.522900
1780456757,163.904304
1780456757,163.558454
1780456757,164.403282
1780456757,106.616187
1780456757,104.957689
1780456757,164.540028
1780456757,104.972902
1780456757,104.683269
1780456757,104.072379
1780456757,104.388002
1780456757,164.209083
1780456757,167.627460
1780456757,168.143237
1780456757,107.947499
1780456757,165.777975
1780456757,107.575478
1780456757,165.197010
1780456757,163.951255
1780456757,106.057893
1780456757,105.515345
1780456757,102.915568
1780456757,105.337193
1780456757,102.885704
1780456757,104.748214
1780456757,104.530130
1780456757,107.149339
1780456757,106.274850
1780456757,104.327284
1780456757,164.935337
1780456757,104.128198
1780456757,104.911127
1780456757,104.540990
1780456757,167.259896
1780456757,105.859197
1780456757,168.112838
1780456757,168.327388
1780456757,108.229596
1780456757,108.673989
1780456757,107.282038
1780456757,108.081707
1780456757,106.400965
1780456757,102.948370
1780456757,105.209577
1780456757,123.437219
1780456757,102.353128
1780456757,104.965885
1780456757,105.052560
1780456757,159.625441
1780456757,105.802884
1780456757,105.844575
1780456757,159.622990
1780456757,105.723567
1780456757,105.803192
1780456757,160.955517
1780456757,104.878931
1780456757,128.422368
1780456757,128.157308
1780456757,106.766380
1780456757,170.218771
1780456757,116.017889
1780456757,106.236963
1780456757,105.986884
1780456757,106.109001
1780456757,106.707857
1780456757,163.326463
1780456757,107.761490
1780456757,106.554540
1780456757,171.368914
1780456757,106.382153
1780456757,108.100939
1780456757,160.386986
1780456757,105.294500
1780456757,106.327470
1780456757,110.648331
1780456757,110.780899
1780456757,160.053127
1780456757,132.705506
1780456757,169.906292
1780456757,123.114585
1780456757,110.664845
1780456757,108.776748
1780456757,112.326531
1780456757,111.995202
1780456757,112.386473
1780456757,133.786682
1780456757,111.886188
1780456757,112.587639
1780456757,111.738501
1780456757,112.362436
1780456757,111.487437
1780456757,112.365628
1780456757,111.786027
1780456757,112.693715
1780456757,112.161738
1780456757,111.703151
1780456757,111.754117
1780456757,112.242306
1780456757,112.659891
1780456757,163.428825
1780456757,112.700261
1780456757,165.225606
1780456757,113.192308
1780456757,108.937071
1780456757,112.587260
1780456757,108.630563
1780456757,112.500339
1780456757,112.565484
1780456757,177.214105
1780456757,125.883643
1780456757,168.720190
1780456757,168.653223
1780456757,114.159972
1780456757,122.939806
1780456757,177.644853
1780456757,112.928755
1780456757,112.449700
1780456757,111.914925
1780456757,112.292329
1780456757,111.408831
1780456757,161.206753
1780456757,105.463121
1780456757,114.752786
1780456757,123.792582
1780456757,111.917087
1780456757,108.719340
1780456757,110.993666
1780456757,163.791343
1780456757,109.726512
1780456757,166.433851
1780456757,110.984055
1780456757,108.849488
1780456757,111.489389
1780456757,155.011751
1780456757,110.396145
1780456757,111.298811
1780456757,109.945846
1780456757,156.838665
1780456757,109.459282
1780456757,112.282725
1780456757,112.115374
1780456757,111.290896
1780456757,113.164635
1780456757,110.114415
1780456757,158.689757
1780456757,167.567952
1780456757,111.017617
1780456757,170.184061
1780456757,110.822380
1780456757,155.625838
1780456757,111.402153
1780456757,109.969042
1780456757,109.596388
1780456757,106.051831
1780456757,112.089402
1780456757,157.048312
1780456757,109.120516
1780456757,109.910598
1780456757,108.481443
1780456757,107.529108
1780456757,159.219218
1780456757,157.534183
1780456757,108.777065
1780456757,108.624260
1780456757,108.722197
1780456757,156.740400
1780456757,110.214362
1780456757,105.633260
1780456757,110.185390
1780456757,156.430663
1780456757,108.100338
1780456757,109.586439
1780456757,136.795830
1780456757,108.145483
1780456757,107.914456
1780456757,110.004017
1780456757,117.567639
1780456757,106.993507
1780456757,107.285770
1780456757,117.954058
1780456757,108.006241
1780456757,172.018145
1780456757,107.897881
1780456757,107.907177
1780456757,121.845088
1780456757,121.810444
1780456757,102.826804
1780456757,110.179582
1780456757,107.431422
1780456757,130.707322
1780456757,122.105224
1780456757,178.369987
1780456757,158.548549
1780456757,119.830878
1780456757,108.536947
1780456757,116.595698
1780456757,114.825831
1780456757,109.689140
1780456757,113.612280
1780456757,107.151588
1780456757,113.117026
1780456757,106.657752
1780456757,103.811096
1780456757,113.119900
1780456757,112.123717
1780456757,113.024463
1780456757,105.252222
1780456757,108.262884
1780456757,108.921879
1780456757,107.748277
1780456757,105.943638
1780456757,105.387720
1780456757,103.224662
1780456757,103.158850
1780456757,103.589909
1780456757,104.768956
1780456757,104.510906
1780456757,104.218740
1780456757,103.152034
1780456757,103.771704
1780456757,102.947283
1780456757,102.618902
1780456757,104.272947
1780456757,105.251535
1780456757,105.241136
1780456757,103.718819
1780456757,102.780611
1780456757,103.279676
1780456757,102.935227
1780456757,103.330562
1780456757,103.017964
1780456757,102.865931
1780456757,102.626925
1780456757,102.829939
1780456757,101.825293
1780456757,101.491664
1780456757,104.208673
1780456757,104.246661
1780456757,104.103802
1780456757,104.114906
1780456757,103.022154
1780456757,103.454211
1780456757,104.892984
1780456757,102.760748
1780456757,139.368225
1780456757,102.917956
1780456757,137.265815
1780456757,101.981810
1780456757,102.630162
1780456757,102.704035
1780456757,102.539819
1780456757,138.284983
1780456757,138.509206
1780456757,102.776371
1780456757,102.596979
1780456757,135.672287
1780456757,103.032173
1780456757,102.906805
1780456757,102.816607
1780456757,102.749812
1780456757,136.578545
1780456757,102.959761
1780456757,102.481569
1780456757,137.057121
1780456757,103.112492
1780456757,101.578113
1780456757,102.935891
1780456757,102.854390
1780456757,103.179874
1780456757,102.743909
1780456757,134.285043
1780456757,134.350587
1780456757,102.969001
1780456757,102.672414
1780456757,102.732464
1780456757,102.543979
1780456757,102.749963
1780456757,134.867149
1780456757,102.928224
1780456757,103.118986
1780456757,102.529448
1780456757,103.200049
1780456757,136.276283
1780456757,103.347988
1780456757,103.545454
1780456757,102.989498
1780456757,102.880108
1780456757,103.123053
1780456757,102.692537
1780456757,103.030838
1780456757,102.625843
1780456757,102.637683
1780456757,102.945925
1780456757,102.827031
1780456757,102.936160
1780456757,102.815739
1780456757,103.172155
1780456757,103.057527
1780456757,102.779307
1780456757,102.848498
1780456757,103.204033
1780456757,102.868039
1780456757,102.735700
1780456757,103.156812
1780456757,102.770007
1780456757,103.632693
1780456757,106.996582
1780456757,106.400392
1780456757,106.288288
1780456757,140.913111
1780456757,106.652201
1780456757,141.023098
1780456757,106.235093
1780456757,107.306154
1780456757,131.460844
1780456757,108.199561
1780456757,148.555981
1780456757,114.677656
1780456757,116.286956
1780456757,116.210653
1780456757,120.465092
1780456757,120.355020
1780456757,120.789073
1780456757,146.389659
1780456757,115.134794
1780456757,115.763368
1780456757,116.154524
1780456757,115.746420
1780456757,116.546090
1780456757,115.980179
1780456757,117.079878
1780456757,116.915967
1780456757,121.237823
1780456757,148.131533
1780456757,121.908817
1780456757,122.158265
1780456757,148.642044
1780456757,121.960297
1780456757,148.759941
1780456757,148.707628
1780456757,159.198304
1780456757,124.413517
1780456757,124.954668
1780456757,124.076402
1780456757,125.471460
1780456757,124.911583
1780456757,124.492641
1780456757,125.047635
1780456757,117.095502
1780456757,117.736496
1780456757,117.733263
1780456757,117.849709
1780456757,117.996357
1780456757,116.349099
1780456757,117.491902
1780456757,118.813873
1780456757,119.358154
1780456757,120.360400
1780456757,120.726531
1780456757,119.152213
1780456757,121.003792
1780456757,121.241088
1780456757,118.495735
1780456757,117.058078
1780456757,118.612152
1780456757,118.685636
1780456757,118.108283
1780456757,116.646516
1780456757,118.311645
1780456757,117.337500
1780456757,119.136965
1780456757,122.175446
1780456757,149.707966
1780456757,126.313438
1780456757,119.342720
1780456757,125.662431
1780456757,149.861176
1780456757,124.702650
1780456757,119.292369
1780456757,126.586785
1780456757,119.215053
1780456757,160.984203
1780456757,126.611212
1780456757,119.065917
1780456757,126.784352
1780456757,118.905527
1780456757,119.221764
1780456757,119.513666
1780456757,161.320436
1780456757,119.630704
1780456757,124.750738
1780456757,120.666243
1780456757,161.315216
1780456757,118.648580
1780456757,121.046315
1780456757,118.786229
1780456757,125.756403
1780456757,121.272929
1780456757,124.247382
1780456757,121.841694
1780456757,122.614210
1780456757,122.818714
1780456757,118.110182
1780456757,119.880613
1780456757,127.407222
1780456757,123.573395
1780456757,126.716386
1780456757,161.746850
1780456757,121.594618
1780456757,121.188021
1780456757,110.941477
1780456757,120.981205
1780456757,127.914205
1780456757,114.202063
1780456757,124.386108
1780456757,124.443296
1780456757,119.200417
1780456757,127.581801
1780456757,130.518986
1780456757,106.437733
1780456757,106.642348
1780456757,124.053375
1780456757,118.741930
1780456757,109.685159
1780456757,110.768312
1780456757,111.334449
1780456757,110.077645
1780456757,112.024957
1780456757,108.340955
1780456757,109.537525
1780456757,109.364490
1780456757,108.099255
1780456757,127.323596
1780456757,122.450138
1780456757,115.763143
1780456757,119.151962
1780456757,112.778514
1780456757,113.088791
1780456757,118.307224
1780456757,111.509977
1780456757,111.208565
1780456757,132.422096
1780456757,132.460361
1780456757,131.258043
1780456757,127.341813
1780456757,117.193969
1780456757,120.699838
1780456757,157.373216
1780456757,156.553006
1780456757,151.962038
1780456757,157.229419
1780456757,115.706491
1780456757,104.188343
1780456757,115.801352
1780456757,103.764982
1780456757,115.832909
1780456757,104.209683
1780456757,117.913397
1780456757,113.602491
1780456757,118.240111
1780456757,157.610894
1780456757,114.378773
1780456757,157.227246
1780456757,133.884947
1780456757,116.707982
1780456757,149.700855
1780456757,115.563492
1780456757,133.983763
1780456757,114.743413
1780456757,157.919956
1780456757,125.645721
1780456757,134.093110
1780456757,115.918820
1780456757,110.669818
1780456757,110.424954
1780456757,111.619047
1780456757,110.255586
1780456757,110.512031
1780456757,110.456131
1780456757,110.497476
1780456757,110.448907
1780456757,106.120222
1780456757,116.670103
1780456757,116.342966
1780456757,115.792690
1780456757,115.538992
1780456757,116.653921
1780456757,115.937627
1780456757,116.972133
1780456757,115.521560
1780456757,115.449718
1780456757,115.517035
1780456757,114.653295
1780456757,113.393150
1780456757,113.501754
1780456757,113.587873
1780456757,115.137637
1780456757,114.774938
1780456757,114.760394
1780456757,116.830228
1780456757,115.658617
1780456757,117.132247
1780456757,116.121403
1780456757,117.139496
1780456757,116.594068
1780456757,115.670772
1780456757,116.910056
1780456757,105.802297
1780456757,116.820439
1780456757,105.955676
1780456757,116.777098
1780456757,116.840114
1780456757,108.830986
1780456757,113.919636
1780456757,110.720285
1780456757,107.340185
1780456757,109.829123
1780456757,105.190668
1780456757,110.827653
1780456757,108.119166
1780456757,116.620095
1780456757,116.513461
1780456757,105.342557
1780456757,116.061356
1780456757,117.395195
1780456757,117.679443
1780456757,115.863406
1780456757,116.960256
1780456757,117.101408
1780456757,117.556072
1780456757,117.078845
1780456757,117.558508
1780456757,114.280295
1780456757,117.391967
1780456757,116.787890
1780456757,117.743870
1780456757,117.372169
1780456757,116.498339
1780456757,110.846587
1780456757,106.348000
1780456757,118.653310
1780456757,106.179989
1780456757,110.651963
1780456757,106.377353
1780456757,118.350796
1780456757,118.664147
1780456757,118.606793
1780456757,118.653013
1780456757,117.499119
1780456757,106.458636
1780456757,104.275561
1780456757,119.007973
1780456757,117.032158
1780456757,103.605197
1780456757,116.105724
1780456757,106.947401
1780456757,106.704846
1780456757,119.446367
1780456757,107.998480
1780456757,111.653109
1780456757,111.376996
1780456757,108.449042
1780456757,118.218608
1780456757,110.917953
1780456757,109.992464
1780456757,117.447632
1780456757,112.165634
1780456757,109.283264
1780456757,112.509238
1780456757,108.438227
1780456757,103.302978
1780456757,103.470724
1780456757,126.523235
1780456757,112.785203
1780456757,106.777056
1780456757,125.257711
1780456757,114.239382
1780456757,107.604795
1780456757,113.047564
1780456757,107.675293
1780456757,106.058609
1780456757,109.362621
1780456757,111.662856
1780456757,106.111646
1780456757,109.994989
1780456757,106.273415
1780456757,108.398190
1780456757,103.601188
1780456757,106.807912
1780456757,107.235893
1780456757,107.243023
1780456757,109.071786
1780456757,107.229768
1780456757,127.686293
1780456757,127.548326
1780456757,127.632578
1780456757,126.536889
1780456757,126.611204
1780456757,126.308085
1780456757,127.896378
1780456757,126.745226
1780456757,127.005086
1780456757,126.990839
1780456757,127.582709
1780456757,126.968676
1780456757,126.808603
1780456757,126.909202
1780456757,127.917396
1780456757,127.147901
1780456757,127.622681
1780456757,127.506746
1780456757,126.748695
1780456757,127.151751
1780456757,115.014435
1780456757,128.343804
1780456757,115.652434
1780456757,127.464102
1780456757,116.784026
1780456757,116.769536
1780456757,122.613770
1780456757,120.420145
1780456757,127.730869
1780456757,119.712863
1780456757,122.673193
1780456757,127.635322
1780456757,122.756048
1780456757,114.247003
1780456757,115.939937
1780456757,117.002281
1780456757,127.757947
1780456757,114.908641
1780456757,124.309709
1780456757,114.903892
1780456757,128.198755
1780456757,118.109940
1780456757,123.006011
1780456757,118.511400
1780456757,128.147641
1780456757,118.513586
1780456757,124.492703
1780456757,127.445463
1780456757,124.266616
1780456757,125.637692
1780456757,125.627265
1780456757,115.020357
1780456757,122.433470
1780456757,111.868123
1780456757,108.167691
1780456757,113.452643
1780456757,117.875375
1780456757,115.544039
1780456757,115.752287
1780456757,116.983569
1780456757,115.707492
1780456757,108.193701
1780456757,114.307999
1780456757,110.991442
1780456757,123.933349
1780456757,111.642948
1780456757,103.234954
1780456757,109.524127
1780456757,103.932136
1780456757,111.172910
1780456757,103.347619
1780456757,107.473691
1780456757,104.556394
1780456757,111.608937
1780456757,104.559510
1780456757,109.144739
1780456757,106.123614
1780456757,113.003870
1780456757,106.974126
1780456757,110.648167
1780456757,113.076559
1780456757,112.953262
1780456757,113.952220
1780456757,114.054674
1780456757,111.390482
1780456757,105.699688
1780456757,108.415941
1780456757,105.319421
1780456757,108.043946
1780456757,109.444000
1780456757,107.292430
1780456757,107.848889
1780456757,107.003558
1780456757,107.071838
1780456757,108.735267
1780456757,107.560808
1780456757,106.995860
1780456757,110.261057
1780456757,102.212650
1780456757,102.790692
1780456757,102.767215
1780456757,102.952090
1780456757,102.629241
1780456757,101.970114
1780456757,103.287192
1780456757,103.241110
1780456757,103.449812
1780456757,103.498687
1780456757,103.351366
1780456757,103.629562
1780456757,103.394760
1780456757,104.193849
1780456757,103.642546
1780456757,103.593472
1780456757,103.626203
1780456757,103.560708
1780456757,105.611851
1780456757,105.894088
1780456757,104.882430
1780456757,106.128811
1780456757,105.901101
1780456757,106.390645
1780456757,105.801349
1780456757,107.533120
1780456757,107.592700
1780456757,108.033029
1780456757,106.702753
1780456757,107.908960
1780456757,107.526437
1780456757,107.650784
1780456757,107.422699
1780456757,107.815820
1780456757,108.172824
1780456757,108.438015
1780456757,108.675257
1780456757,108.867883
1780456757,108.366489
1780456757,108.578738
1780456757,109.084420
1780456757,108.721080
1780456757,108.967872
1780456757,108.812123
1780456757,108.581667
1780456757,108.889366
1780456757,108.314653
1780456757,109.605600
1780456757,108.198235
1780456757,108.617305
1780456757,108.688560
1780456757,109.111090
1780456757,108.298285
1780456757,108.603276
1780456757,108.341551
1780456757,108.970939
1780456757,108.750651
1780456757,108.506652
1780456757,109.244833
1780456757,108.945900
1780456757,108.511251
1780456757,108.654129
1780456757,109.811512
1780456757,109.344767
1780456757,110.322800
1780456757,110.666712
1780456757,108.815248
1780456757,109.406847
1780456757,109.518784
1780456757,109.209208
1780456757,109.717824
1780456757,109.328361
1780456757,109.837443
1780456757,109.997350
1780456757,109.367367
1780456757,109.827075
1780456757,110.458525
1780456757,108.381681
1780456757,108.355359
1780456757,108.209653
1780456757,108.365064
1780456757,108.685883
1780456757,110.762062
1780456757,111.748817
1780456757,109.378946
1780456757,107.805388
1780456757,105.431623
1780456757,109.849191
1780456757,109.411515
1780456757,105.552119
1780456757,109.484772
1780456757,106.095056
1780456757,105.157482
1780456757,105.234754
1780456757,107.556726
1780456757,108.720462
1780456757,112.479027
1780456757,106.666216
1780456757,110.829338
1780456757,104.641396
1780456757,111.036889
1780456757,110.622213
1780456757,107.253008
1780456757,106.800684
1780456757,107.469654
1780456757,107.208898
1780456757,111.833501
1780456757,107.547992
1780456757,111.627055
1780456757,112.057626
1780456757,108.088844
1780456757,111.929132
1780456757,109.924262
1780456757,112.475162
1780456757,112.526346
1780456757,112.473884
1780456757,110.276741
1780456757,108.704257
1780456757,109.066672
1780456757,110.276510
1780456757,109.081723
1780456757,105.930237
1780456757,112.942655
1780456757,109.327384
1780456757,109.041525
1780456757,109.287193
1780456757,112.366196
1780456757,109.983561
1780456757,107.623335
1780456757,109.530561
1780456757,112.483411
1780456757,109.875016
1780456757,110.161384
1780456757,110.507265
1780456757,109.986861
1780456757,109.944021
1780456757,110.187383
1780456757,110.986016
1780456757,110.361097
1780456757,108.538598
1780456757,107.067988
1780456757,111.385104
1780456757,114.024890
1780456757,110.202293
1780456757,109.867796
1780456757,110.618705
1780456757,115.272562
1780456757,110.649429
1780456757,110.058576
1780456757,108.748108
1780456757,113.626259
1780456757,108.945455
1780456757,107.378302
1780456757,109.794575
1780456757,107.483025
1780456757,107.451885
1780456757,124.865998
1780456757,124.746282
1780456757,116.920093
1780456757,124.754639
1780456757,114.906373
1780456757,106.843331
1780456757,111.538005
1780456757,109.620610
1780456757,116.861873
1780456757,116.850262
1780456757,120.882926
1780456757,121.141648
1780456757,127.765827
1780456757,118.632049
1780456757,123.439287
1780456757,118.644493
1780456757,117.999490
1780456757,118.560183
1780456757,120.705925
1780456757,118.883959
1780456757,118.843985
1780456757,121.040437
1780456757,121.339728
1780456757,122.219331
1780456757,117.445728
1780456757,117.415882
1780456757,119.446666
1780456757,117.073681
1780456757,116.183630
1780456757,121.325478
1780456757,124.061095
1780456757,123.328463
1780456757,122.218775
1780456757,121.992584
1780456757,123.073252
1780456757,123.289718
1780456757,122.071646
1780456757,123.397993
1780456757,124.338211
1780456757,122.050304
1780456757,126.536526
1780456757,124.559778
1780456757,118.822137
1780456757,119.619274
1780456757,122.905787
1780456757,121.899456
1780456757,118.774913
1780456757,119.471160
1780456757,124.868742
1780456757,123.449067
1780456757,123.254291
1780456757,119.047735
1780456757,123.194557
1780456757,119.155771
1780456757,123.626660
1780456757,123.498241
1780456757,124.018372
1780456757,122.387395
1780456757,124.363601
1780456757,119.797630
1780456757,127.523124
1780456757,124.544150
1780456757,122.893126
1780456757,123.413056
1780456757,119.669111
1780456757,138.403015
1780456757,136.057490
1780456757,136.609937
1780456757,133.761731
1780456757,132.205256
1780456757,127.404203
1780456757,136.496550
1780456757,124.038156
1780456757,132.403101
1780456757,126.447017
1780456757,136.673166
1780456757,128.660486
1780456757,124.458043
1780456757,129.051300
1780456757,132.447583
1780456757,121.041424
1780456757,123.088350
1780456757,124.410834
1780456757,127.440423
1780456757,126.522942
1780456757,127.418018
1780456757,128.130912
1780456757,132.436059
1780456757,131.507614
1780456757,131.401448
1780456757,133.253282
1780456757,128.049127
1780456757,131.589198
1780456757,134.902214
1780456757,132.262608
1780456757,131.535298
1780456757,133.237005
1780456757,132.500467
1780456757,124.867858
1780456757,133.359678
1780456757,132.614485
1780456757,133.304697
1780456757,133.623809
1780456757,140.813523
1780456757,130.204231
1780456757,132.959124
1780456757,141.144656
1780456757,132.197974
1780456757,132.188899
1780456757,124.199319
1780456757,132.859021
1780456757,133.342973
1780456757,135.005577
1780456757,132.305817
1780456757,125.700197
1780456757,132.439674
1780456757,139.607014
1780456757,139.845576
1780456757,133.060573
1780456757,139.804551
1780456757,135.734098
1780456757,124.939520
1780456757,133.457265
1780456757,125.178749
1780456757,132.455329
1780456757,130.521944
1780456757,133.886397
1780456757,135.530851
1780456757,134.444591
1780456757,133.528402
1780456757,124.949032
1780456757,131.949392
1780456757,131.921894
1780456757,126.125979
1780456757,131.760179
1780456757,132.066351
1780456757,125.235576
1780456757,130.335888
1780456757,130.242032
1780456757,133.527028
1780456757,129.597654
1780456757,133.669518
1780456757,129.678340
1780456757,134.774694
1780456757,133.305512
1780456757,127.261036
1780456757,133.593501
1780456757,134.899047
1780456757,133.663255
1780456757,130.437093
1780456757,130.179317
1780456757,130.604632
1780456757,139.751597
1780456757,138.337267
1780456757,139.772281
1780456757,139.429594
1780456757,136.009031
1780456757,135.916431
1780456757,137.962055
1780456757,135.104484
1780456757,134.985081
1780456757,133.167393
1780456757,137.857585
1780456757,139.775854
1780456757,138.041782
1780456757,138.010870
1780456757,136.796651
1780456757,132.549342
1780456757,137.811078
1780456757,137.366347
1780456757,138.002412
1780456757,132.941049
1780456757,137.086590
1780456757,137.203861
1780456757,136.859984
1780456757,137.683713
1780456757,137.156347
1780456757,138.285004
1780456757,134.319058
1780456757,144.199482
1780456757,143.989828
1780456757,144.799327
1780456757,144.720650
1780456757,136.667286
1780456757,144.857334
1780456757,144.088313
1780456757,143.966046
1780456757,142.847292
1780456757,143.905782
1780456757,144.131790
1780456757,142.131697
1780456757,135.550355
1780456757,133.235779
1780456757,135.724854
1780456757,144.554157
1780456757,144.577252
1780456757,134.942573
1780456757,138.457192
1780456757,144.964154
1780456757,139.769562
1780456757,135.087618
1780456757,139.845307
1780456757,138.586662
1780456757,142.927928
1780456757,133.911503
1780456757,140.445675
1780456757,140.050904
1780456757,141.323785
1780456757,134.220668
1780456757,135.370560
1780456757,140.183720
1780456757,142.834173
1780456757,140.152670
1780456757,143.035234
1780456757,142.616848
1780456757,137.909618
1780456757,136.499344
1780456757,140.105055
1780456757,134.315544
1780456757,136.659000
1780456757,142.958871
1780456757,140.707170
1780456757,139.121242
1780456757,136.851945
1780456757,136.253681
1780456757,136.903385
1780456757,131.442147
1780456757,137.300186
1780456757,136.482820
1780456757,139.649855
1780456757,140.610255
1780456757,137.696107
1780456757,137.385944
1780456757,140.719996
1780456757,142.876800
1780456757,142.359187
1780456757,139.080533
1780456757,138.915566
1780456757,139.213445
1780456757,141.781321
1780456757,137.937134
1780456757,138.895322
1780456757,141.947715
1780456757,140.265879
1780456757,139.161135
1780456757,139.392284
1780456757,139.529309
1780456757,139.229446
1780456757,137.388465
1780456757,139.419094
1780456757,138.092347
1780456757,136.968641
1780456757,137.574870
1780456757,133.796868
1780456757,143.483443
1780456757,139.817684
1780456757,138.431665
1780456757,139.017706
1780456757,145.544984
1780456757,138.620813
1780456757,140.177159
1780456757,139.094704
1780456757,145.817481
1780456757,138.353981
1780456757,138.180143
1780456757,139.146391
1780456757,143.855665
1780456757,141.340966
1780456757,139.365652
1780456757,139.131368
1780456757,143.927543
1780456757,139.604404
1780456757,139.398801
1780456757,136.115671
1780456757,145.405070
1780456757,144.131274
1780456757,145.834939
1780456757,145.274303
1780456757,145.946187
1780456757,146.014030
1780456757,137.816183
1780456757,146.320923
1780456757,139.339899
1780456757,146.548786
1780456757,141.948197
1780456757,136.269361
1780456757,143.264177
1780456757,144.118600
1780456757,144.365696
1780456757,140.691067
1780456757,141.950781
1780456757,139.677753
1780456757,137.556834
1780456757,146.672516
1780456757,145.086405
1780456757,138.255058
1780456757,136.932099
1780456757,144.798097
1780456757,154.540448
1780456757,141.351866
1780456757,134.315428
1780456757,144.308108
1780456757,137.737445
1780456757,140.905880
1780456757,145.480371
1780456757,137.789196
1780456757,134.102092
1780456757,145.233321
1780456757,145.710279
1780456757,138.569256
1780456757,145.239412
1780456757,139.189847
1780456757,145.364561
1780456757,145.052775
1780456757,145.956177
1780456757,145.200646
1780456757,141.636270
1780456757,139.383202
1780456757,145.595599
1780456757,146.677296
1780456757,145.870991
1780456757,146.417421
1780456757,137.417454
1780456757,146.072214
1780456757,141.458828
1780456757,147.504772
1780456757,145.458812
1780456757,145.575996
1780456757,147.397511
1780456757,141.713520
1780456757,146.251094
1780456757,138.195797
1780456757,138.909317
1780456757,139.651440
1780456757,146.401616
1780456757,136.771042
1780456757,147.714955
1780456757,145.825180
1780456757,140.011304
1780456757,147.866049
1780456757,146.314142
1780456757,147.563764
1780456757,146.058120
1780456757,143.196788
1780456757,145.870125
1780456757,147.737714
1780456757,137.037149
1780456757,142.818521
1780456757,142.789668
1780456757,139.846625
1780456757,135.317814
1780456757,148.009463
1780456757,147.104902
1780456757,140.840297
1780456757,138.924696
1780456757,140.716812
1780456757,142.080211
1780456757,143.402521
1780456757,140.789983
1780456757,147.120445
1780456757,143.620304
1780456757,140.302064
1780456757,140.892661
1780456757,147.976558
1780456757,145.028682
1780456757,149.164057
1780456757,142.423883
1780456757,140.824854
1780456757,142.313643
1780456757,145.051295
1780456757,147.478195
1780456757,148.466672
1780456757,147.586694
1780456757,142.234700
1780456757,142.216070
1780456757,144.026892
1780456757,141.037752
1780456757,145.135658
1780456757,144.798368
1780456757,149.017605
1780456757,148.200550
1780456757,148.176041
1780456757,148.535021
1780456757,150.908229
1780456757,150.818199
1780456757,149.172020
1780456757,150.407021
1780456757,142.279343
1780456757,145.005200
1780456757,150.125050
1780456757,148.719014
1780456757,144.338698
1780456757,148.529129
1780456757,145.270171
1780456757,152.803573
1780456757,141.182427
1780456757,142.503777
1780456757,141.022060
1780456757,150.710621
1780456757,148.103306
1780456757,141.096019
1780456757,149.890046
1780456757,148.202890
1780456757,150.691300
1780456757,145.865765
1780456757,149.708894
1780456757,150.289917
1780456757,138.624923
1780456757,144.182751
1780456757,147.629471
1780456757,144.713100
1780456757,147.711540
1780456757,143.804402
1780456757,138.120213
1780456757,145.624785
1780456757,147.908976
1780456757,145.767894
1780456757,147.928398
1780456757,143.381557
1780456757,139.980920
1780456757,149.642400
1780456757,147.454047
1780456757,146.101131
1780456757,151.607320
1780456757,146.245643
1780456757,148.688841
1780456757,153.398119
1780456757,150.044351
1780456757,151.845430
1780456757,149.059850
1780456757,147.403425
1780456757,154.237202
1780456757,143.756630
1780456757,147.636016
1780456757,146.051200
1780456757,149.883306
1780456757,150.861281
1780456757,151.934493
1780456757,146.156952
1780456757,151.176098
1780456757,154.150004
1780456757,151.145618
1780456757,151.030249
1780456757,150.179815
1780456757,156.193824
1780456757,147.964572
1780456757,148.358359
1780456757,152.446510
1780456757,143.667514
1780456757,151.401683
1780456757,152.653747
1780456757,154.258444
1780456757,152.614771
1780456757,156.949277
1780456757,157.151218
1780456757,157.427166
1780456757,157.726698
1780456757,154.568780
1780456757,150.895662
1780456757,156.683948
1780456757,151.222891
1780456757,155.346918
1780456757,156.530832
1780456757,154.919527
1780456757,160.540249
1780456757,156.169686
1780456757,157.053697
1780456757,152.976904
1780456757,155.040975
1780456757,156.390991
1780456757,157.137946
1780456757,157.568582
1780456757,156.978711
1780456757,157.699380
1780456757,161.844362
1780456757,148.820896
1780456757,152.979474
1780456757,155.069857
1780456757,157.046747
1780456757,163.235463
1780456757,153.853758
1780456757,153.874639
1780456757,159.587621
1780456757,158.006986
1780456757,157.879387
1780456757,159.420692
1780456757,159.382956
1780456757,158.242102
1780456757,153.927109
1780456757,153.847447
1780456757,149.069583
1780456757,164.863829
1780456757,159.123214
1780456757,160.585303
1780456757,136.108407
1780456757,164.584042
1780456757,165.727314
1780456757,158.814324
1780456757,164.471607
1780456757,159.384448
1780456757,162.047437
1780456757,161.647577
1780456757,152.093936
1780456757,160.819500
1780456757,155.838460
1780456757,150.402524
1780456757,151.717134
1780456757,161.666982
1780456757,155.816427
1780456757,152.510424
1780456757,155.944924
1780456757,155.377407
1780456757,138.187399
1780456757,152.260298
1780456757,150.927007
1780456757,153.332388
1780456757,153.701052
1780456757,152.772587
1780456757,151.765796
1780456757,157.089042
1780456757,139.691762
1780456757,139.618626
1780456757,162.243402
1780456757,150.759253
1780456757,138.427603
1780456757,150.641224
1780456757,146.520462
1780456757,150.953713
1780456757,162.517252
1780456757,151.462812
1780456757,149.596023
1780456757,159.829787
1780456757,138.532443
1780456757,139.849971
1780456757,138.358961
1780456757,139.887765
1780456757,160.197353
1780456757,157.197910
1780456757,153.786399
1780456757,160.454733
1780456757,166.198073
1780456757,155.174595
1780456757,160.674604
1780456757,137.752735
1780456757,160.433368
1780456757,160.372422
1780456757,161.709792
1780456757,166.904583
1780456757,161.875270
1780456757,158.504348
1780456757,155.798670
1780456757,130.493525
1780456757,160.248051
1780456757,156.224912
1780456757,159.565484
1780456757,130.614808
1780456757,135.898034
1780456757,159.848592
1780456757,131.819636
1780456757,157.607945
1780456757,158.811465
1780456757,166.446173
1780456757,155.861803
1780456757,164.283545
1780456757,159.461713
1780456757,165.037214
1780456757,167.286505
1780456757,134.901418
1780456757,157.433752
1780456757,134.941988
1780456757,167.442130
1780456757,136.097907
1780456757,161.408410
1780456757,134.908477
1780456757,167.491164
1780456757,136.297683
1780456757,167.785671
1780456757,158.800871
1780456757,165.260585
1780456757,167.798267
1780456757,165.298510
1780456757,165.478916
1780456757,142.002244
1780456757,160.084324
1780456757,144.853927
1780456757,154.374820
1780456757,162.384220
1780456757,155.263070
1780456757,157.368484
1780456757,150.399345
1780456757,155.579658
1780456757,134.356069
1780456757,155.958040
1780456757,135.492852
1780456757,166.775368
1780456757,142.423914
1780456757,137.073877
1780456757,137.227049
1780456757,166.505417
1780456757,131.986007
1780456757,168.808081
1780456757,143.920101
1780456757,167.119810
1780456757,132.073805
1780456757,137.379436
1780456757,136.108974
1780456757,136.378011
1780456757,157.713616
1780456757,135.660856
1780456757,133.306008
1780456757,134.611440
1780456757,132.573593
1780456757,128.388288
1780456757,131.080442
1780456757,164.889079
1780456757,139.618022
1780456757,168.868657
1780456757,139.841030
1780456757,169.171395
1780456757,159.415537
1780456757,140.066857
1780456757,166.134313
1780456757,139.259329
1780456757,168.068819
1780456757,169.164260
1780456757,168.412457
1780456757,165.548129
1780456757,165.656878
1780456757,139.618169
1780456757,168.471114
1780456757,159.337594
1780456757,168.462985
1780456757,134.983736
1780456757,173.474483
1780456757,169.783230
1780456757,129.682491
1780456757,159.672939
1780456757,135.442163
1780456757,148.723656
1780456757,173.174698
1780456757,135.554945
1780456757,170.287362
1780456757,170.762071
1780456757,173.411932
1780456757,136.129358
1780456757,159.069165
1780456757,173.461473
1780456757,149.258567
1780456757,173.776308
1780456757,173.912036
1780456757,115.314008
1780456757,115.351839
1780456757,139.377083
1780456757,175.269374
1780456757,136.832792
1780456757,137.128279
1780456757,171.653968
1780456757,137.102539
1780456757,137.037069
1780456757,138.021556
1780456757,140.469454
1780456757,173.164286
1780456757,179.468016
1780456757,161.852527
1780456757,174.377675
1780456757,118.507651
1780456757,169.530345
1780456757,119.344640
1780456757,138.131441
1780456757,173.192207
1780456757,173.280320
1780456757,135.527907
1780456757,141.057937
1780456757,175.780980
1780456757,137.138970
1780456757,171.961493
1780456757,180.024192
1780456757,170.753356
1780456757,174.652667
1780456757,174.724362
1780456757,175.760963
1780456757,161.160091
1780456757,175.063207
1780456757,180.297091
1780456757,142.398243
1780456757,175.010223
1780456757,142.724495
1780456757,174.813594
1780456757,123.030521
1780456757,123.208294
1780456757,143.519492
1780456757,182.879803
1780456757,183.098924
1780456757,182.894864
1780456757,178.251172
1780456757,122.670413
1780456757,144.481169
1780456757,143.421737
1780456757,143.755485
1780456757,144.103122
1780456757,167.187577
1780456757,184.235319
1780456757,143.766159
1780456757,183.791853
1780456757,161.257212
1780456757,179.967686
1780456757,179.995362
1780456757,144.658705
1780456757,179.949668
1780456757,161.123880
1780456757,182.411722
1780456757,181.621900
1780456757,182.324585
1780456757,168.136736
1780456757,180.793778
1780456757,186.016425
1780456757,180.752792
1780456757,168.128437
1780456757,180.638125
1780456757,168.190528
1780456757,179.823078
1780456757,156.224473
1780456757,156.320150
1780456757,175.277677
1780456757,179.233399
1780456757,154.979286
1780456757,154.999933
1780456757,154.987028
1780456757,156.339817
1780456757,178.641797
1780456757,180.613193
1780456757,144.721183
1780456757,157.797035
1780456757,144.820329
1780456757,175.144532
1780456757,156.963554
1780456757,162.032722
1780456757,183.745761
1780456757,155.821588
1780456757,152.861270
1780456757,146.484180
1780456757,180.270012
1780456757,143.872115
1780456757,183.938363
1780456757,153.150070
1780456757,143.911290
1780456757,180.255290
1780456757,145.481362
1780456757,179.148615
1780456757,122.982613
1780456757,180.384219
1780456757,145.896662
1780456757,146.001835
1780456757,121.417373
1780456757,146.043238
1780456757,136.574854
1780456757,120.170938
1780456757,181.574006
1780456757,128.351830
1780456757,187.601077
1780456757,181.978519
1780456757,182.813736
1780456757,178.712244
1780456757,181.607787
1780456757,162.420230
1780456757,162.403471
1780456757,163.708659
1780456757,177.801385
1780456757,179.720570
1780456757,181.300833
1780456757,152.219300
1780456757,181.448513
1780456757,154.841697
1780456757,158.861914
1780456757,177.784369
1780456757,159.084889
1780456757,159.176197
1780456757,152.976209
1780456757,153.281039
1780456757,161.440633
1780456757,153.293642
1780456757,129.683867
1780456757,181.914298
1780456757,185.365393
1780456757,134.284589
1780456757,184.938400
1780456757,184.702244
1780456757,121.776923
1780456757,181.840076
1780456757,130.438450
1780456757,184.841243
1780456757,127.498937
1780456757,180.947468
1780456757,185.176065
1780456757,180.951079
1780456757,127.793112
1780456757,131.809436
1780456757,181.697266
1780456757,182.127927
1780456757,168.428412
1780456757,168.554344
1780456757,178.351993
1780456757,168.563295
1780456757,168.632249
1780456757,179.908946
1780456757,168.891765
1780456757,120.408735
1780456757,169.406253
1780456757,184.050551
1780456757,164.888081
1780456757,183.251095
1780456757,153.121362
1780456757,152.931479
1780456757,163.673753
1780456757,153.079627
1780456757,163.888660
1780456757,163.693866
1780456757,122.153889
1780456757,184.559311
1780456757,153.210379
1780456757,187.039435
1780456757,152.348835
1780456757,120.897485
1780456757,188.133158
1780456757,124.039468
1780456757,169.686676
1780456757,127.036832
1780456757,123.142488
1780456757,121.331787
1780456757,188.452999
1780456757,125.685200
1780456757,139.797716
1780456757,132.265996
1780456757,164.445848
1780456757,169.806517
1780456757,128.527120
1780456757,167.558527
1780456757,104.127049
1780456757,169.945656
1780456757,154.553832
1780456757,163.966001
1780456757,126.759885
1780456757,155.159546
1780456757,192.753587
1780456757,188.561936
1780456757,126.201723
1780456757,189.964202
1780456757,192.067361
1780456757,192.281416
1780456757,149.209201
1780456757,173.269558
1780456757,173.385575
1780456757,133.230809
1780456757,172.145393
1780456757,140.322610
1780456757,171.014598
1780456757,148.257776
1780456757,171.017871
1780456757,113.684846
1780456757,113.861660
1780456757,171.214366
1780456757,116.978085
1780456757,199.319618
1780456757,192.894240
1780456757,106.898033
1780456757,181.901566
1780456757,189.948308
1780456757,144.365733
1780456757,168.652569
1780456757,154.572222
1780456757,167.535036
1780456757,136.287463
1780456757,172.778266
1780456757,172.728745
1780456757,131.961653
1780456757,171.699730
1780456757,139.907487
1780456757,174.159844
1780456757,174.205750
1780456757,142.794574
1780456757,156.931465
1780456757,166.441171
1780456757,154.837362
1780456757,166.572940
1780456757,154.921652
1780456757,168.010705
1780456757,155.015133
1780456757,169.275901
1780456757,167.984433
1780456757,141.320763
1780456757,174.409220
1780456757,141.404519
1780456757,179.771687
1780456757,142.166262
1780456757,133.076450
1780456757,166.525880
1780456757,166.567850
1780456757,196.434727
1780456757,114.244532
1780456757,166.634127
1780456757,133.644188
1780456757,195.562651
1780456757,114.358928
1780456757,177.600943
1780456757,133.916731
1780456757,165.412127
1780456757,136.901366
1780456757,175.969231
1780456757,132.052993
1780456757,172.292539
1780456757,200.170680
1780456757,194.059146
1780456757,140.512958
1780456757,132.845726
1780456757,170.094920
1780456757,140.697693
1780456757,141.968452
1780456757,153.618370
1780456757,139.984499
1780456757,174.527510
1780456757,140.848767
1780456757,175.958401
1780456757,176.090318
1780456757,175.963120
1780456757,152.487158
1780456757,177.402586
1780456757,155.927288
1780456757,173.385655
1780456757,157.089462
1780456757,139.011829
1780456757,173.531441
1780456757,172.074193
1780456757,174.744079
1780456757,139.282113
1780456757,173.653974
1780456757,174.834494
1780456757,120.697716
1780456757,156.101447
1780456757,139.335801
1780456757,120.843136
1780456757,157.371096
1780456757,140.684745
1780456757,142.446521
1780456757,146.422458
1780456757,170.830185
1780456757,120.892548
1780456757,145.968818
1780456757,144.956495
1780456757,171.025945
1780456757,156.254043
1780456757,149.630836
1780456757,155.190579
1780456757,151.924831
1780456757,121.351549
1780456757,103.881728
1780456757,144.474677
1780456757,141.532267
1780456757,106.199364
1780456757,107.054103
1780456757,107.541921
1780456757,107.831108
1780456757,107.836794
1780456757,108.189556
1780456757,107.643193
1780456757,107.947643
1780456757,109.524691
1780456757,106.993143
1780456757,109.739884
1780456757,108.892961
1780456757,108.936541
1780456757,108.846439
1780456757,109.189440
1780456757,109.352135
1780456757,147.410911
1780456757,146.714763
1780456757,146.758742
1780456757,153.307203
1780456757,153.395792
1780456757,152.124571
1780456757,146.411188
1780456757,146.380465
1780456757,152.288545
1780456757,145.902937
1780456757,128.508394
1780456757,146.196445
1780456757,146.075785
1780456757,149.197842
1780456757,110.425035
1780456757,111.377835
1780456757,110.473379
1780456757,110.684287
1780456757,111.585208
1780456757,114.144316
1780456757,113.879737
1780456757,113.955572
1780456757,113.962526
1780456757,114.098369
1780456757,114.309313
1780456757,114.054374
1780456757,115.005210
1780456757,115.937476
1780456757,116.203554
1780456757,116.334655
1780456757,116.563142
1780456757,118.404764
1780456757,119.170207
1780456757,118.526454
1780456757,118.754466
1780456757,118.462432
1780456757,111.516821
1780456757,117.865549
1780456757,119.504130
1780456757,120.117966
1780456757,119.194966
1780456757,119.249317
1780456757,119.643201
1780456757,119.909577
1780456757,120.187569
1780456757,124.744417
1780456757,124.869803
1780456757,125.391564
1780456757,124.318494
1780456757,124.931460
1780456757,124.429415
1780456757,125.717748
1780456757,124.506825
1780456757,125.592867
1780456757,124.464990
1780456757,124.731565
1780456757,125.832553
1780456757,117.965646
1780456757,125.645776
1780456757,117.998184
1780456757,117.961828
1780456757,124.512137
1780456757,118.046514
1780456757,124.323716
1780456757,124.625122
1780456757,118.050971
1780456757,124.428725
1780456757,111.638947
1780456757,121.363995
1780456757,132.733298
1780456757,133.511506
1780456757,133.815144
1780456757,133.704745
1780456757,133.825047
1780456757,133.820381
1780456757,133.899961
1780456757,133.205482
1780456757,133.721209
1780456757,133.870284
1780456757,133.703839
1780456757,134.388542
1780456757,134.469269
1780456757,129.602745
1780456757,134.531850
1780456757,134.627205
1780456757,129.698299
1780456757,134.485713
1780456757,134.079095
1780456757,134.482934
1780456757,133.981553
1780456757,133.879629
1780456757,134.687502
1780456757,128.036041
1780456757,107.863289
1780456757,108.020669
1780456757,113.786452
1780456757,113.827480
1780456757,113.679112
1780456757,113.576600
1780456757,113.820641
1780456757,113.710704
1780456757,107.858354
1780456757,108.708636
1780456757,115.592779
1780456757,115.722275
1780456757,155.016362
1780456757,119.554967
1780456757,119.422137
1780456757,119.515693
1780456757,119.608597
1780456757,155.087619
1780456757,155.159498
1780456757,119.616553
1780456757,154.608961
1780456757,119.872019
1780456757,119.843023
1780456757,119.732748
1780456757,119.799227
1780456757,120.374636
1780456757,115.696322
1780456757,115.677559
1780456757,115.827682
1780456757,115.725527
1780456757,115.944108
1780456757,115.820967
1780456757,115.747453
1780456757,116.004611
1780456757,119.345833
1780456757,112.461908
1780456757,119.586466
1780456757,112.323786
1780456757,119.584265
1780456757,113.701331
1780456757,113.907713
1780456757,113.209508
1780456757,114.048000
1780456757,112.149786
1780456757,113.207318
1780456757,114.585411
1780456757,171.576589
1780456757,167.867731
1780456757,133.036987
1780456757,167.916463
1780456757,132.783270
1780456757,132.800190
1780456757,172.182232
1780456757,133.083753
1780456757,133.042681
1780456757,133.015359
1780456757,133.124182
1780456757,133.325676
1780456757,133.109991
1780456757,133.303610
1780456757,133.045800
1780456757,133.236405
1780456757,133.298262
1780456757,133.505922
1780456757,119.452357
1780456757,119.641302
1780456757,120.029929
1780456757,120.097948
1780456757,119.735617
1780456757,119.376847
1780456757,133.222405
1780456757,119.664301
1780456757,120.310662
1780456757,120.043924
1780456757,133.922459
1780456757,118.536921
1780456757,133.789319
1780456757,118.592135
1780456757,133.910324
1780456757,134.043587
1780456757,119.294454
1780456757,133.944378
1780456757,133.763820
1780456757,120.339050
1780456757,120.657044
1780456757,120.474303
1780456757,120.663288
1780456757,120.551815
1780456757,120.654238
1780456757,134.239739
1780456757,120.537021
1780456757,120.719825
1780456757,120.508009
1780456757,120.551295
1780456757,120.697938
1780456757,120.861777
1780456757,120.710651
1780456757,120.860010
1780456757,118.334998
1780456757,125.143980
1780456757,125.435108
1780456757,125.050192
1780456757,125.119082
1780456757,125.725843
1780456757,122.661688
1780456757,125.236398
1780456757,125.322669
1780456757,124.451138
1780456757,125.685041
1780456757,125.025915
1780456757,125.086895
1780456757,125.653518
1780456757,125.310615
1780456757,125.275350
1780456757,125.514050
1780456757,125.190078
1780456757,125.636753
1780456757,125.896559
1780456757,126.014530
1780456757,125.806647
1780456757,125.785951
1780456757,125.759986
1780456757,125.989680
1780456757,125.473434
1780456757,125.447301
1780456757,125.428031
1780456757,123.942585
1780456757,125.488172
1780456757,124.075765
1780456757,125.555404
1780456757,113.570622
1780456757,125.403977
1780456757,118.029404
1780456757,118.072697
1780456757,117.974567
1780456757,117.088369
1780456757,119.536265
1780456757,119.834440
1780456757,121.078192
1780456757,123.204192
1780456757,123.151043
1780456757,122.747398
1780456757,122.317842
1780456757,121.439305
1780456757,123.291671
1780456757,122.905909
1780456757,122.495734
1780456757,122.810261
1780456757,123.181768
1780456757,123.253169
1780456757,122.917812
1780456757,123.211294
1780456757,122.872560
1780456757,123.295197
1780456757,126.308434
1780456757,126.154454
1780456757,126.222729
1780456757,122.772837
1780456757,122.534478
1780456757,122.991252
1780456757,123.097619
1780456757,122.857833
1780456757,122.598612
1780456757,131.503175
1780456757,131.599047
1780456757,131.212257
1780456757,127.520593
1780456757,131.724151
1780456757,131.607031
1780456757,127.656845
1780456757,112.914273
1780456757,131.829767
1780456757,112.994350
1780456757,116.675498
1780456757,131.714089
1780456757,131.678267
1780456757,113.421364
1780456757,116.852511
1780456757,117.540644
1780456757,111.155791
1780456757,111.283792
1780456757,111.328630
1780456757,111.404139
1780456757,112.223993
1780456757,146.461086
1780456757,145.699031
1780456757,145.416815
1780456757,144.977411
1780456757,144.287084
1780456757,134.701980
1780456757,134.546978
1780456757,134.248180
1780456757,135.064426
1780456757,135.024560
1780456757,117.428195
1780456757,121.815437
1780456757,145.782449
1780456757,144.850375
1780456757,135.475706
1780456757,147.684458
1780456757,145.853360
1780456757,117.648603
1780456757,134.884706
1780456757,138.262935
1780456757,138.875918
1780456757,146.234370
1780456757,136.560285
1780456757,140.803932
1780456757,140.831637
1780456757,120.955979
1780456757,141.944447
1780456757,136.755045
1780456757,121.159932
1780456757,142.569117
1780456757,142.261989
1780456757,140.953263
1780456757,142.988789
1780456757,136.962313
1780456757,143.138854
1780456757,142.661874
1780456757,120.774153
1780456757,143.044142
1780456757,143.058546
1780456757,142.140004
1780456757,142.153970
1780456757,142.227688
1780456757,142.155982
1780456757,142.356817
1780456757,142.434569
1780456757,143.298240
1780456757,122.899657
1780456757,143.480391
1780456757,143.506312
1780456757,121.086717
1780456757,152.290573
1780456757,122.884512
1780456757,158.187908
1780456757,159.511660
1780456757,143.271957
1780456757,159.532608
1780456757,159.695552
1780456757,122.642158
1780456757,145.885391
1780456757,145.978698
1780456757,123.076535
1780456757,150.050066
1780456757,123.070119
1780456757,159.630551
1780456757,139.978542
1780456757,159.676062
1780456757,146.168405
1780456757,123.102770
1780456757,127.174293
1780456757,144.669742
1780456757,126.503423
1780456757,123.028413
1780456757,144.829777
1780456757,106.487310
1780456757,127.227435
1780456757,106.006504
1780456757,122.820208
1780456757,122.823377
1780456757,122.940685
1780456757,122.933544
1780456757,118.460215
1780456757,133.062723
1780456757,131.794991
1780456757,116.260616
1780456757,116.237395
1780456757,110.745548
1780456757,111.112935
1780456757,111.444971
1780456757,106.291949
1780456757,112.114673
1780456757,103.473747
1780456757,112.329985
1780456757,103.983861
1780456757,107.573329
1780456757,113.080400
1780456757,113.378401
1780456757,108.141795
1780456757,108.156048
1780456757,127.765238
1780456757,108.666314
1780456757,128.119152
1780456757,124.947115
1780456757,105.461190
1780456757,140.044505
1780456757,105.362056
1780456757,105.583290
1780456757,105.794329
1780456757,158.800759
1780456757,158.929390
1780456757,161.169793
1780456757,161.308780
1780456757,159.775226
1780456757,161.369310
1780456757,160.608778
1780456757,128.300529
1780456757,162.202887
1780456757,162.607826
1780456757,114.703705
1780456757,162.148745
1780456757,160.856650
1780456757,161.124211
1780456757,109.179610
1780456757,109.372114
1780456757,109.928195
1780456757,110.110539
1780456757,110.241137
1780456757,111.067878
1780456757,117.959858
1780456757,118.274830
1780456757,118.087604
1780456757,118.100430
1780456757,162.122249
1780456757,110.687840
1780456757,110.896387
1780456757,111.812273
1780456757,110.827256
1780456757,111.239786
1780456757,111.325618
1780456757,111.446829
1780456757,111.717033
1780456757,106.155643
1780456757,106.383013
1780456757,106.404505
1780456757,114.028159
1780456757,106.846840
1780456757,113.561472
1780456757,113.972106
1780456757,144.388993
1780456757,114.189557
1780456757,115.603107
1780456757,115.969835
1780456757,115.958030
1780456757,166.416922
1780456757,169.752425
1780456757,166.324819
1780456757,166.486644
1780456757,169.889874
1780456757,166.474865
1780456757,170.062219
1780456757,143.140427
1780456757,143.233117
1780456757,168.248760
1780456757,129.448542
1780456757,126.383242
1780456757,170.442966
1780456757,124.183583
1780456757,125.650646
1780456757,147.190890
1780456757,125.794061
1780456757,147.238917
1780456757,147.312015
1780456757,169.230137
1780456757,147.508431
1780456757,169.022916
1780456757,147.496582
1780456757,127.023932
1780456757,147.659098
1780456757,147.646432
1780456757,123.329990
1780456757,128.810384
1780456757,123.683127
1780456757,157.457008
1780456757,123.397051
1780456757,123.951478
1780456757,124.226272
1780456757,124.342065
1780456757,157.337569
1780456757,146.050445
1780456757,124.361322
1780456757,125.329686
1780456757,125.445903
1780456757,118.925807
1780456757,119.041772
1780456757,156.304614
1780456757,158.365532
1780456757,119.335141
1780456757,161.405437
1780456757,161.007447
1780456757,154.807044
1780456757,159.357725
1780456757,159.528174
1780456757,160.343398
1780456757,121.965372
1780456757,156.942957
1780456757,156.762569
1780456757,122.400671
1780456757,122.012283
1780456757,122.261852
1780456757,121.838214
1780456757,122.061240
1780456757,156.344777
1780456757,155.667061
1780456757,121.949006
1780456757,122.099570
1780456757,122.030217
1780456757,156.816434
1780456757,156.928184
1780456757,114.485236
1780456757,155.641451
1780456757,122.131071
1780456757,155.488787
1780456757,113.282644
1780456757,157.052976
1780456757,110.736153
1780456757,114.670912
1780456757,111.083075
1780456757,162.582946
1780456757,127.319831
1780456757,164.570935
1780456757,157.510510
1780456757,159.684163
1780456757,162.714230
1780456757,154.162024
1780456757,127.503125
1780456757,157.736100
1780456757,154.091979
1780456757,157.976927
1780456757,154.184559
1780456757,127.924352
1780456757,159.503386
1780456757,157.073902
1780456757,162.983358
1780456757,156.666899
1780456757,127.792232
1780456757,162.338725
1780456757,111.674719
1780456757,153.090528
1780456757,155.503862
1780456757,113.713768
1780456757,154.580850
1780456757,153.328474
1780456757,131.182381
1780456757,132.921158
1780456757,179.453942
1780456757,153.373988
1780456757,153.316405
1780456757,178.806754
1780456757,126.601914
1780456757,178.537508
1780456757,125.174771
1780456757,178.564955
1780456757,114.043110
1780456757,178.733050
1780456757,178.264362
1780456757,178.916313
1780456757,179.002300
1780456757,177.824434
1780456757,179.206360
1780456757,152.418107
1780456757,179.188038
1780456757,177.779355
1780456757,178.683589
1780456757,124.726992
1780456757,116.516394
1780456757,177.962177
1780456757,150.037554
1780456757,166.455818
1780456757,178.336279
1780456757,173.849945
1780456757,178.223921
1780456757,173.968619
1780456757,178.480053
1780456757,128.936346
1780456757,130.024790
1780456757,179.157435
1780456757,130.060701
1780456757,179.539859
1780456757,178.060969
1780456757,166.345800
1780456757,116.680045
1780456757,116.770275
1780456757,114.107473
1780456757,178.458775
1780456757,116.630274
1780456757,178.380117
1780456757,117.040364
1780456757,159.914948
1780456757,125.976898
1780456757,158.143662
1780456757,116.504721
1780456757,159.908525
1780456757,116.902809
1780456757,160.044613
1780456757,116.475798
1780456757,112.584880
1780456757,112.464834
1780456757,130.384834
1780456757,117.149878
1780456757,155.921683
1780456757,115.645033
1780456757,156.224179
1780456757,114.698487
1780456757,124.946994
1780456757,147.938777
1780456757,113.796748
1780456757,118.948184
1780456757,149.637973
1780456757,114.412925
1780456757,119.146658
1780456757,119.577645
1780456757,121.898731
1780456757,120.010134
1780456757,148.125345
1780456757,148.042339
1780456757,114.701292
1780456757,150.627557
1780456757,132.124515
1780456757,161.542312
1780456757,148.882634
1780456757,161.661915
1780456757,132.215849
1780456757,122.628435
1780456757,158.024317
1780456757,159.226630
1780456757,162.260997
1780456757,131.777989
1780456757,123.753108
1780456757,158.594356
1780456757,158.709158
1780456757,161.394339
1780456757,160.722833
1780456757,161.017080
1780456757,124.656910
1780456757,159.605976
1780456757,124.687114
1780456757,145.949121
1780456757,143.627630
1780456757,134.376433
1780456757,124.773956
1780456757,158.863120
1780456757,124.896622
1780456757,145.832013
1780456757,127.343819
1780456757,146.299919
1780456757,161.439438
1780456757,160.263808
1780456757,144.977471
1780456757,127.805597
1780456757,134.466731
1780456757,146.655756
1780456757,160.505534
1780456757,134.816704
1780456757,126.618704
1780456757,126.864166
1780456757,142.453931
1780456757,126.662083
1780456757,127.127399
1780456757,126.945693
1780456757,127.281985
1780456757,127.552436
1780456757,125.873190
1780456757,125.910291
1780456757,119.579058
1780456757,163.072658
1780456757,172.298319
1780456757,162.063820
1780456757,161.887718
1780456757,170.840888
1780456757,168.251533
1780456757,171.116155
1780456757,169.714940
1780456757,169.685948
1780456757,171.225728
1780456757,168.485756
1780456757,170.342060
1780456757,118.739205
1780456757,162.240681
1780456757,159.305517
1780456757,127.778084
1780456757,145.917998
1780456757,127.894923
1780456757,126.430256
1780456757,130.625160
1780456757,130.644032
1780456757,130.393854
1780456757,128.082558
1780456757,128.379036
1780456757,169.692380
1780456757,128.643230
1780456757,169.854452
1780456757,170.103040
1780456757,170.551541
1780456757,170.405062
1780456757,169.526485
1780456757,128.430763
1780456757,169.610811
1780456757,148.115786
1780456757,169.854831
1780456757,129.773485
1780456757,169.967731
1780456757,148.371262
1780456757,168.932212
1780456757,144.995541
1780456757,169.130270
1780456757,145.552510
1780456757,169.228884
1780456757,130.561378
1780456757,169.396825
1780456757,128.481609
1780456757,169.711127
1780456757,131.075181
1780456757,163.430844
1780456757,130.212283
1780456757,133.401580
1780456757,131.922622
1780456757,133.272955
1780456757,132.177961
1780456757,129.848298
1780456757,132.266185
1780456757,163.944612
1780456757,143.632783
1780456757,130.011104
1780456757,161.684900
1780456757,163.024199
1780456757,143.803061
1780456757,147.322218
1780456757,163.240271
1780456757,128.149470
1780456757,163.566208
1780456757,130.318367
1780456757,149.781591
1780456757,163.782750
1780456757,133.416431
1780456757,143.889348
1780456757,164.038958
1780456757,128.539180
1780456757,144.210384
1780456757,144.561293
1780456757,144.328938
1780456757,164.324167
1780456757,138.380090
1780456757,123.293869
1780456757,162.191556
1780456757,126.471461
1780456757,138.592308
1780456757,162.574203
1780456757,171.529224
1780456757,138.983828
1780456757,145.458962
1780456757,171.781654
1780456757,145.660589
1780456757,139.304772
1780456757,140.882133
1780456758,156.016838
1780456758,149.473638
1780456758,156.053856
1780456758,149.772919
1780456758,156.055808
1780456758,148.240354
1780456758,148.744033
1780456758,147.638382
1780456758,147.766745
1780456758,156.589240
1780456758,149.889702
1780456758,147.738934
1780456758,150.193964
1780456758,148.894556
1780456758,156.214476
1780456758,155.964519
1780456758,155.882413
1780456758,151.631621
1780456758,150.960021
1780456758,149.077282
1780456758,148.213513
1780456758,140.569870
1780456758,173.451792
1780456758,173.532960
1780456758,173.504408
1780456758,149.801035
1780456758,148.304623
1780456758,178.118059
1780456758,178.282868
1780456758,148.566017
1780456758,144.969279
1780456758,144.311921
1780456758,167.560829
1780456758,161.920345
1780456758,151.461968
1780456758,160.229525
1780456758,174.373657
1780456758,162.214372
1780456758,170.315610
1780456758,156.018844
1780456758,178.449116
1780456758,163.719466
1780456758,157.263228
1780456758,154.723568
1780456758,170.563323
1780456758,153.351467
1780456758,159.130881
1780456758,170.580793
1780456758,156.131417
1780456758,170.702950
1780456758,164.007301
1780456758,160.817834
1780456758,178.697644
1780456758,170.783931
1780456758,156.261818
1780456758,178.546874
1780456758,178.570466
1780456758,163.748352
1780456758,166.268884
1780456758,178.717288
1780456758,142.108069
1780456758,162.701693
1780456758,163.821542
1780456758,161.631050
1780456758,164.304996
1780456758,161.746650
1780456758,162.709908
1780456758,164.125553
1780456758,140.916272
1780456758,166.653212
1780456758,179.009646
1780456758,175.784146
1780456758,141.103883
1780456758,166.366767
1780456758,142.427724
1780456758,166.445959
1780456758,164.357966
1780456758,179.027385
1780456758,142.378854
1780456758,142.561124
1780456758,175.459477
1780456758,153.988106
1780456758,153.839002
1780456758,169.859593
1780456758,168.411290
1780456758,167.551575
1780456758,165.080209
1780456758,166.404673
1780456758,166.347814
1780456758,164.831359
1780456758,164.759976
1780456758,181.840167
1780456758,181.972668
1780456758,181.952336
1780456758,181.471756
1780456758,181.464053
1780456758,181.987646
1780456758,182.072441
1780456758,181.494960
1780456758,182.030271
1780456758,182.002699
1780456758,163.048707
1780456758,161.361546
1780456758,161.569429
1780456758,160.386609
1780456758,160.723006
1780456758,155.822946
1780456758,156.115469
1780456758,153.320052
1780456758,188.949922
1780456758,174.140293
1780456758,180.895046
1780456758,174.237302
1780456758,173.866006
1780456758,174.114563
1780456758,173.006708
1780456758,173.134472
1780456758,174.749791
1780456758,176.231945
1780456758,176.299807
1780456758,173.183922
1780456758,174.118202
1780456758,176.307798
1780456758,165.381381
1780456758,170.082459
1780456758,176.610487
1780456758,172.608607
1780456758,174.956046
1780456758,172.326188
1780456758,151.264985
1780456758,177.121914
1780456758,165.443324
1780456758,176.420165
1780456758,164.294800
1780456758,176.904555
1780456758,169.957442
1780456758,165.798001
1780456758,176.590824
1780456758,165.869836
1780456758,151.523549
1780456758,154.645505
1780456758,170.406560
1780456758,151.729029
1780456758,151.911745
1780456758,164.927067
1780456758,164.011593
1780456758,155.488068
1780456758,164.022559
1780456758,152.568248
1780456758,152.827574
1780456758,149.862127
1780456758,153.489952
1780456758,174.850878
1780456758,175.643580
1780456758,175.276966
1780456758,175.711812
1780456758,175.808090
1780456758,176.635235
1780456758,176.947787
1780456758,153.668855
1780456758,157.984471
1780456758,157.927388
1780456758,157.975318
1780456758,171.027973
1780456758,171.066907
1780456758,165.090522
1780456758,163.949085
1780456758,165.137135
1780456758,163.086933
1780456758,154.655452
1780456758,154.726301
1780456758,154.944879
1780456758,158.676731
1780456758,171.374122
1780456758,164.661808
1780456758,158.473893
1780456758,155.056065
1780456758,158.582666
1780456758,155.687494
1780456758,155.307448
1780456758,155.231856
1780456758,171.447109
1780456758,158.853953
1780456758,155.378536
1780456758,180.329319
1780456758,180.086007
1780456758,156.395862
1780456758,164.355853
1780456758,164.286835
1780456758,158.276836
1780456758,157.601636
1780456758,182.573277
1780456758,183.369928
1780456758,182.313628
1780456758,181.837073
1780456758,183.222025
1780456758,156.347226
1780456758,183.333309
1780456758,178.867369
1780456758,182.188179
1780456758,174.564956
1780456758,183.491160
1780456758,180.748194
1780456758,182.403823
1780456758,180.906742
1780456758,183.727674
1780456758,182.764458
1780456758,183.958747
1780456758,177.840877
1780456758,177.787024
1780456758,158.767914
1780456758,179.130458
1780456758,173.608298
1780456758,180.315917
1780456758,176.236120
1780456758,176.513920
1780456758,178.299376
1780456758,143.661979
1780456758,142.122603
1780456758,141.323336
1780456758,165.593620
1780456758,185.495656
1780456758,185.222566
1780456758,167.916714
1780456758,185.753383
1780456758,176.953891
1780456758,165.782179
1780456758,164.827558
1780456758,140.503478
1780456758,168.556665
1780456758,187.390653
1780456758,167.420162
1780456758,141.281869
1780456758,141.841083
1780456758,168.526489
1780456758,142.351947
1780456758,181.683688
1780456758,170.801825
1780456758,169.596677
1780456758,170.844989
1780456758,182.437680
1780456758,182.619889
1780456758,182.673544
1780456758,143.216125
1780456758,182.818465
1780456758,143.857181
1780456758,191.171291
1780456758,170.043130
1780456758,169.849320
1780456758,169.644916
1780456758,166.757025
1780456758,168.384535
1780456758,169.763240
1780456758,190.698767
1780456758,192.066795
1780456758,190.957599
1780456758,191.831293
1780456758,169.004344
1780456758,190.886377
1780456758,170.267138
1780456758,182.039327
1780456758,172.285278
1780456758,182.096619
1780456758,146.141673
1780456758,166.109936
1780456758,179.988476
1780456758,185.800073
1780456758,178.236065
1780456758,164.351606
1780456758,146.949128
1780456758,185.085226
1780456758,147.326110
1780456758,147.562262
1780456758,176.211185
1780456758,175.098218
1780456758,164.423807
1780456758,181.045637
1780456758,180.226497
1780456758,180.517239
1780456758,180.888430
1780456758,187.235194
1780456758,181.312766
1780456758,167.786949
1780456758,174.962742
1780456758,172.416089
1780456758,169.148344
1780456758,169.220384
1780456758,172.589165
1780456758,173.818678
1780456758,173.971841
1780456758,176.608080
1780456758,168.101394
1780456758,174.286856
1780456758,168.308026
1780456758,168.402300
1780456758,174.321307
1780456758,174.220984
1780456758,176.908048
1780456758,168.181946
1780456758,183.851479
1780456758,176.971176
1780456758,175.713294
1780456758,188.570098
1780456758,178.621751
1780456758,188.602330
1780456758,173.299727
1780456758,175.839571
1780456758,177.272599
1780456758,178.749530
1780456758,174.925029
1780456758,177.417823
1780456758,162.089562
1780456758,197.235467
1780456758,187.885911
1780456758,176.443128
1780456758,179.045336
1780456758,168.848041
1780456758,170.514329
1780456758,197.413490
1780456758,173.769813
1780456758,169.416366
1780456758,205.017291
1780456758,198.857007
1780456758,204.150876
1780456758,198.972840
1780456758,204.577900
1780456758,174.114345
1780456758,162.658626
1780456758,204.793713
1780456758,161.879470
1780456758,199.185282
1780456758,194.699711
1780456758,180.129369
1780456758,196.336735
1780456758,179.730680
1780456758,162.521629
1780456758,204.682485
1780456758,179.689071
1780456758,162.666376
1780456758,199.299568
1780456758,204.698263
1780456758,180.475491
1780456758,180.380712
1780456758,180.131770
1780456758,180.369794
1780456758,180.007833
1780456758,180.608871
1780456758,205.315928
1780456758,182.421483
1780456758,180.149366
1780456758,205.455795
1780456758,180.323199
1780456758,182.654652
1780456758,195.159528
1780456758,162.700348
1780456758,171.167682
1780456758,169.783490
1780456758,171.205326
1780456758,207.533395
1780456758,162.982963
1780456758,163.298761
1780456758,207.921086
1780456758,206.989657
1780456758,208.674183
1780456758,164.697726
1780456758,160.564719
1780456758,187.711028
1780456758,161.181909
1780456758,161.631393
1780456758,212.014835
1780456758,172.043479
1780456758,212.604526
1780456758,187.869114
1780456758,191.741111
1780456758,188.042422
1780456758,191.840377
1780456758,174.685502
1780456758,175.770841
1780456758,175.955092
1780456758,177.829122
1780456758,176.206771
1780456758,164.721499
1780456758,153.452511
1780456758,180.253221
1780456758,219.325445
1780456758,219.508807
1780456758,177.932232
1780456758,179.159697
1780456758,219.639634
1780456758,179.333432
1780456758,175.964755
1780456758,180.577989
1780456758,175.826515
1780456758,218.915005
1780456758,176.146809
1780456758,219.466154
1780456758,218.915298
1780456758,176.528563
1780456758,182.126261
1780456758,155.440719
1780456758,155.620964
1780456758,155.510204
1780456758,220.810370
1780456758,222.590787
1780456758,218.114198
1780456758,218.501279
1780456758,216.483964
1780456758,216.709229
1780456758,198.900648
1780456758,194.645283
1780456758,199.903070
1780456758,189.257165
1780456758,188.959022
1780456758,162.120420
1780456758,196.504176
1780456758,154.660751
1780456758,193.823159
1780456758,154.744484
1780456758,196.586484
1780456758,162.325099
1780456758,154.465194
1780456758,222.030544
1780456758,199.056832
1780456758,162.948020
1780456758,191.827929
1780456758,186.466994
1780456758,186.539299
1780456758,163.057034
1780456758,192.012977
1780456758,163.171476
1780456758,163.261096
1780456758,202.626192
1780456758,163.424778
1780456758,149.711133
1780456758,200.604768
1780456758,204.838221
1780456758,186.996759
1780456758,221.874747
1780456758,220.869977
1780456758,185.944746
1780456758,174.703452
1780456758,175.832823
1780456758,227.265714
1780456758,219.317537
1780456758,227.670122
1780456758,202.265965
1780456758,176.210794
1780456758,216.150063
1780456758,228.990204
1780456758,230.329532
1780456758,230.440860
1780456758,205.700938
1780456758,216.326271
1780456758,230.612404
1780456758,218.596432
1780456758,165.531089
1780456758,177.714283
1780456758,166.035589
1780456758,220.681370
1780456758,207.914611
1780456758,210.926223
1780456758,220.859330
1780456758,214.153922
1780456758,220.920618
1780456758,214.184073
1780456758,213.181701
1780456758,220.039370
1780456758,166.317511
1780456758,218.939677
1780456758,166.421143
1780456758,166.495194
1780456758,184.837171
1780456758,209.516307
1780456758,223.720963
1780456758,209.240694
1780456758,225.081666
1780456758,209.465322
1780456758,209.708705
1780456758,223.988794
1780456758,210.808247
1780456758,203.417976
1780456758,210.987220
1780456758,210.949574
1780456758,204.691479
1780456758,183.539735
1780456758,182.383839
1780456758,156.350001
1780456758,156.358936
1780456758,182.256639
1780456758,182.325157
1780456758,182.605497
1780456758,182.601331
1780456758,181.441628
1780456758,159.763922
1780456758,169.574090
1780456758,169.959682
1780456758,226.919707
1780456758,211.048340
1780456758,210.295920
1780456758,211.015731
1780456758,210.220745
1780456758,171.024286
1780456758,210.541301
1780456758,227.561591
1780456758,218.760959
1780456758,157.630062
1780456758,157.631768
1780456758,213.543844
1780456758,157.409424
1780456758,213.633055
1780456758,157.459665
1780456758,218.172502
1780456758,213.621414
1780456758,167.286388
1780456758,217.602882
1780456758,167.331926
1780456758,217.952074
1780456758,167.774083
1780456758,216.495759
1780456758,216.705647
1780456758,154.435981
1780456758,154.950743
1780456758,215.798994
1780456758,196.613798
1780456758,192.460963
1780456758,195.045745
1780456758,151.145879
1780456758,169.698321
1780456758,193.320024
1780456758,193.172057
1780456758,216.705198
1780456758,193.199836
1780456758,193.464493
1780456758,193.172763
1780456758,188.199354
1780456758,193.452587
1780456758,192.577891
1780456758,193.456509
1780456758,188.371608
1780456758,192.678689
1780456758,188.114139
1780456758,232.974234
1780456758,169.979974
1780456758,188.277031
1780456758,193.840809
1780456758,193.873834
1780456758,188.345979
1780456758,169.878897
1780456758,187.439211
1780456758,169.982643
1780456758,188.476073
1780456758,188.637097
1780456758,188.548461
1780456758,188.434569
1780456758,215.122719
1780456758,217.190297
1780456758,217.312705
1780456758,183.782895
1780456758,217.455791
1780456758,216.431452
1780456758,184.091909
1780456758,184.324962
1780456758,216.897902
1780456758,184.737946
1780456758,218.569284
1780456758,212.819311
1780456758,217.517869
1780456758,213.227298
1780456758,217.854295
1780456758,218.038335
1780456758,200.774420
1780456758,218.151707
1780456758,212.440639
1780456758,218.308470
1780456758,201.108851
1780456758,209.806848
1780456758,210.018757
1780456758,202.114588
1780456758,202.339972
1780456758,202.648064
1780456758,209.765392
1780456758,202.857897
1780456758,196.752988
1780456758,196.910964
1780456758,197.366458
1780456758,157.610304
1780456758,197.718769
1780456758,198.110907
1780456758,145.789565
1780456758,197.063113
1780456758,146.057099
1780456758,196.034655
1780456758,131.326364
1780456758,184.222245
1780456758,129.535367
1780456758,184.505808
1780456758,131.829409
1780456758,194.672827
1780456758,184.824596
1780456758,125.897972
1780456758,184.916761
1780456758,126.004208
1780456758,130.853672
1780456758,177.845422
1780456758,207.449340
1780456758,126.599803
1780456758,187.512404
1780456758,224.837851
1780456758,220.659874
1780456758,197.397528
1780456758,214.765381
1780456758,219.831656
1780456758,221.376482
1780456758,219.912219
1780456758,221.499317
1780456758,186.544365
1780456758,216.971630
1780456758,197.030172
1780456758,221.870226
1780456758,209.130717
1780456758,220.708404
1780456758,216.197527
1780456758,187.463983
1780456758,216.523287
1780456758,208.849910
1780456758,208.888843
1780456758,215.102169
1780456758,216.533645
1780456758,208.281524
1780456758,208.401013
1780456758,215.544917
1780456758,187.860246
1780456758,214.282313
1780456758,188.228435
1780456758,214.577039
1780456758,188.667432
1780456758,209.065578
1780456758,210.661105
1780456758,214.259389
1780456758,183.761362
1780456758,183.888489
1780456758,190.132888
1780456758,183.752810
1780456758,190.073950
1780456758,183.930804
1780456758,190.653025
1780456758,184.169133
1780456758,191.732617
1780456758,189.436929
1780456758,210.301689
1780456758,179.490670
1780456758,179.608006
1780456758,213.823132
1780456758,179.843713
1780456758,214.170238
1780456758,173.297346
1780456758,206.436970
1780456758,216.834642
1780456758,172.381214
1780456758,217.008175
1780456758,206.744205
1780456758,171.212522
1780456758,214.415794
1780456758,207.234114
1780456758,214.458476
1780456758,168.665786
1780456758,199.476808
1780456758,199.479065
1780456758,167.375645
1780456758,162.638372
1780456758,168.758047
1780456758,207.856108
1780456758,162.883862
1780456758,163.014031
1780456758,207.714886
1780456758,215.141127
1780456758,163.132955
1780456758,215.323190
1780456758,163.331930
1780456758,163.485441
1780456758,215.528680
1780456758,163.607807
1780456758,205.780236
1780456758,227.391855
1780456758,163.576837
1780456758,188.161719
1780456758,215.027812
1780456758,216.096703
1780456758,187.207162
1780456758,216.265667
1780456758,157.473893
1780456758,215.411169
1780456758,216.541748
1780456758,194.787005
1780456758,188.629687
1780456758,215.299628
1780456758,158.056536
1780456758,158.265733
1780456758,228.875499
1780456758,217.400860
1780456758,188.588462
1780456758,156.690890
1780456758,195.360182
1780456758,217.663927
1780456758,156.842064
1780456758,157.428494
1780456758,216.338349
1780456758,196.058893
1780456758,157.662088
1780456758,218.637523
1780456758,216.725806
1780456758,157.577559
1780456758,226.832073
1780456758,208.969979
1780456758,157.526561
1780456758,225.919879
1780456758,157.975288
1780456758,217.084270
1780456758,158.198875
1780456758,226.069811
1780456758,196.675312
1780456758,184.805769
1780456758,197.524510
1780456758,226.285505
1780456758,185.121431
1780456758,186.076045
1780456758,198.071590
1780456758,121.867325
1780456758,186.911561
1780456758,186.933954
1780456758,184.572406
1780456758,183.242471
1780456758,183.292834
1780456758,184.616131
1780456758,186.268747
1780456758,192.880368
1780456758,128.595501
1780456758,128.599845
1780456758,128.554439
1780456758,130.796500
1780456758,172.345443
1780456758,186.450497
1780456758,125.434204
1780456758,125.450953
1780456758,125.567928
1780456758,125.291424
1780456758,125.399930
1780456758,125.285688
1780456758,125.371223
1780456758,218.146526
1780456758,202.403398
1780456758,125.370795
1780456758,202.199686
1780456758,218.403275
1780456758,144.801675
1780456758,125.800518
1780456758,120.093479
1780456758,125.872042
1780456758,218.749072
1780456758,144.846336
1780456758,120.218921
1780456758,219.218758
1780456758,142.978527
1780456758,151.877638
1780456758,157.760901
1780456758,145.423523
1780456758,233.256619
1780456758,219.444342
1780456758,157.887866
1780456758,143.247252
1780456758,143.417041
1780456758,143.485329
1780456758,220.247280
1780456758,216.291139
1780456758,221.583788
1780456758,217.994095
1780456758,208.537834
1780456758,203.431574
1780456758,219.389634
1780456758,125.420199
1780456758,203.426292
1780456758,219.547498
1780456758,125.601474
1780456758,125.590658
1780456758,210.329844
1780456758,209.262615
1780456758,124.179372
1780456758,130.678349
1780456758,131.919043
1780456758,209.974945
1780456758,209.938340
1780456758,209.019704
1780456758,209.947396
1780456758,209.951925
1780456758,210.135299
1780456758,220.054501
1780456758,126.230775
1780456758,136.047781
1780456758,210.008207
1780456758,220.373530
1780456758,212.189429
1780456758,126.671380
1780456758,126.758469
1780456758,212.291199
1780456758,225.575223
1780456758,131.469629
1780456758,131.311893
1780456758,209.912368
1780456758,132.963783
1780456758,131.604233
1780456758,210.135980
1780456758,133.144203
1780456758,225.788588
1780456758,226.035250
1780456758,223.271739
1780456758,224.584760
1780456758,226.202887
1780456758,121.691116
1780456758,132.145822
1780456758,213.159703
1780456758,210.893887
1780456758,222.722599
1780456758,132.545343
1780456758,205.398156
1780456758,205.462727
1780456758,196.737569
1780456758,196.923752
1780456758,132.432702
1780456758,132.550188
1780456758,132.856586
1780456758,132.988621
1780456758,197.416463
1780456758,133.113916
1780456758,133.300635
1780456758,214.293619
1780456758,214.207144
1780456758,206.206517
1780456758,206.328608
1780456758,133.444771
1780456758,133.607378
1780456758,212.476573
1780456758,133.721835
1780456758,133.653708
1780456758,206.568001
1780456758,197.968886
1780456758,189.209207
1780456758,187.833201
1780456758,189.363859
1780456758,189.440834
1780456758,120.906700
1780456758,120.593466
1780456758,205.762542
1780456758,198.258530
1780456758,193.597777
1780456758,134.025697
1780456758,198.416918
1780456758,195.782254
1780456758,198.515175
1780456758,195.925996
1780456758,208.012503
1780456758,198.706838
1780456758,213.287588
1780456758,207.217805
1780456758,213.235894
1780456758,199.181408
1780456758,121.732026
1780456758,121.716336
1780456758,121.854971
1780456758,184.500310
1780456758,199.093640
1780456758,196.593719
1780456758,134.878851
1780456758,199.284482
1780456758,121.917101
1780456758,213.691424
1780456758,116.613117
1780456758,198.663009
1780456758,132.789236
1780456758,198.782121
1780456758,205.317332
1780456758,210.811410
1780456758,210.938871
1780456758,215.861309
1780456758,137.127896
1780456758,123.982963
1780456758,124.209866
1780456758,124.142757
1780456758,199.066470
1780456758,211.176219
1780456758,191.820845
1780456758,191.863352
1780456758,117.471991
1780456758,186.925061
1780456758,187.246496
1780456758,193.239866
1780456758,187.349200
1780456758,187.392446
1780456758,187.242305
1780456758,187.436586
1780456758,187.289483
1780456758,192.140959
1780456758,192.716853
1780456758,188.145919
1780456758,187.846354
1780456758,188.152176
1780456758,188.168178
1780456758,180.862295
1780456758,179.904891
1780456758,212.746920
1780456758,213.255811
1780456758,189.547303
1780456758,189.606048
1780456758,183.335029
1780456758,216.237944
1780456758,216.175395
1780456758,215.937675
1780456758,215.935635
1780456758,215.415186
1780456758,216.459007
1780456758,183.314432
1780456758,216.207721
1780456758,216.210456
1780456758,183.570819
1780456758,169.145402
1780456758,183.813878
1780456758,183.849777
1780456758,185.487375
1780456758,184.339471
1780456758,145.896513
1780456758,170.997974
1780456758,176.957971
1780456758,184.853832
1780456758,184.928861
1780456758,165.914138
1780456758,147.365373
1780456758,165.860550
1780456758,165.987286
1780456758,166.196499
1780456758,166.088749
1780456758,166.368004
1780456758,163.818790
1780456758,166.495781
1780456758,164.204666
1780456758,148.514638
1780456758,149.041092
1780456758,155.022586
1780456758,155.053800
1780456758,155.006368
1780456758,149.594911
1780456758,149.847570
1780456758,147.197572
1780456758,153.718489
1780456758,150.355901
1780456758,144.260371
1780456758,144.635828
1780456758,150.756704
1780456758,145.209673
1780456758,151.280788
1780456758,176.403385
1780456758,151.395195
1780456758,176.963977
1780456758,146.500088
1780456758,168.816649
1780456758,175.945662
1780456758,151.342136
1780456758,146.591177
1780456758,146.674255
1780456758,171.567416
1780456758,146.751926
1780456758,146.851132
1780456758,169.092856
1780456758,151.353199
1780456758,131.182623
1780456758,153.418092
1780456758,137.254219
1780456758,125.592062
1780456758,159.335372
1780456758,157.208115
1780456758,155.058473
1780456758,127.198047
1780456758,153.623396
1780456758,125.622965
1780456758,152.642046
1780456758,144.032855
1780456758,152.614550
1780456758,120.937557
1780456758,144.024284
1780456758,120.911651
1780456758,139.457352
1780456758,148.230424
1780456758,153.179870
1780456758,153.162042
1780456758,140.218782
1780456758,140.288506
1780456758,140.368846
1780456758,153.448942
1780456758,140.754197
1780456758,140.715749
1780456758,140.769578
1780456758,140.786681
1780456758,140.863784
1780456758,140.831721
1780456758,139.942175
1780456758,140.023754
1780456758,140.093057
1780456758,128.381904
1780456758,134.491241
1780456758,140.380736
1780456758,134.695659
1780456758,130.344182
1780456758,150.375985
1780456758,129.106545
1780456758,135.018048
1780456758,129.344809
1780456758,150.990449
1780456758,129.345465
1780456758,135.221223
1780456758,129.553956
1780456758,134.913992
1780456758,131.244706
1780456758,135.062980
1780456758,129.930376
1780456758,134.598895
1780456758,151.686637
1780456758,130.050669
1780456758,131.684278
1780456758,151.913955
1780456758,151.982040
1780456758,136.662152
1780456758,132.157004
1780456758,115.297878
1780456758,136.868746
1780456758,125.534358
1780456758,152.480761
1780456758,125.059692
1780456758,137.317248
1780456758,152.822082
1780456758,125.210035
1780456758,137.424360
1780456758,125.923287
1780456758,126.019231
1780456758,153.178941
1780456758,126.237742
1780456758,126.251100
1780456758,153.501858
1780456758,153.508765
1780456758,124.401793
1780456758,153.667525
1780456758,153.744588
1780456758,126.598010
1780456758,121.618941
1780456758,154.082166
1780456758,121.801760
1780456758,139.003258
1780456758,117.607356
1780456758,154.423461
1780456758,122.020118
1780456758,155.266200
1780456758,139.423274
1780456758,139.487440
1780456758,118.188687
1780456758,140.004547
1780456758,119.546614
1780456758,128.333238
1780456758,118.941890
1780456758,118.361113
1780456758,140.932257
1780456758,128.958668
1780456758,129.583941
1780456758,118.009310
1780456758,129.486312
1780456758,118.432750
1780456758,120.149460
1780456758,131.378941
1780456758,131.506784
1780456758,131.784841
1780456758,131.721345
1780456758,121.702766
1780456758,121.383836
1780456758,120.611379
1780456758,119.388611
1780456758,120.692349
1780456758,117.862344
1780456758,117.819324
1780456758,187.802503
1780456758,188.046806
1780456758,188.526847
1780456758,173.115284
1780456758,167.429423
1780456758,173.668560
1780456758,168.104599
1780456758,168.337749
1780456758,168.257272
1780456758,168.660760
1780456758,164.586780
1780456758,165.402912
1780456758,165.387691
1780456758,165.065859
1780456758,164.997586
1780456758,166.326912
1780456758,166.573350
1780456758,165.696659
1780456758,146.046679
1780456758,142.906513
1780456758,142.862107
1780456758,142.976638
1780456758,166.031899
1780456758,168.496232
1780456758,168.937431
1780456758,168.834341
1780456758,167.943467
1780456758,168.829990
1780456758,168.526291
1780456758,168.777714
1780456758,141.578624
1780456758,169.962930
1780456758,142.395043
1780456758,142.886898
1780456758,142.796219
1780456758,169.512649
1780456758,143.165023
1780456758,142.444320
1780456758,170.720527
1780456758,181.149532
1780456758,153.339502
1780456758,149.496899
1780456758,158.510093
1780456758,158.558851
1780456758,157.651647
1780456758,158.575434
1780456758,166.233595
1780456758,166.085503
1780456758,153.931361
1780456758,155.172278
1780456758,149.231172
1780456758,150.968378
1780456758,156.229251
1780456758,158.952227
1780456758,152.945269
1780456758,154.235134
1780456758,155.441079
1780456758,144.155220
1780456758,144.173498
1780456758,144.651370
1780456758,144.337803
1780456758,144.992392
1780456758,145.851857
1780456758,144.192343
1780456758,145.454605
1780456758,159.981896
1780456758,161.347341
1780456758,160.121770
1780456758,141.631638
1780456758,143.147768
1780456758,144.762575
1780456758,155.095336
1780456758,164.773504
1780456758,144.282190
1780456758,145.099855
1780456758,154.766531
1780456758,165.891182
1780456758,168.628093
1780456758,145.093628
1780456758,145.311867
1780456758,166.532375
1780456758,146.425521
1780456758,172.279403
1780456758,172.398341
1780456758,146.531422
1780456758,169.511288
1780456758,147.785344
1780456758,150.128881
1780456758,145.539796
1780456758,150.314311
1780456758,151.833921
1780456758,150.490954
1780456758,173.025357
1780456758,152.752678
1780456758,146.121630
1780456758,146.752249
1780456758,179.670838
1780456758,146.054178
1780456758,146.180344
1780456758,154.878066
1780456758,146.440817
1780456758,153.189915
1780456758,148.705147
1780456758,153.537693
1780456758,167.867652
1780456758,154.207135
1780456758,187.110829
1780456758,181.944274
1780456758,181.485862
1780456758,163.511549
1780456758,154.570503
1780456758,182.239002
1780456758,164.637962
1780456758,163.834814
1780456758,180.637413
1780456758,152.461067
1780456758,153.571149
1780456758,153.978942
1780456758,155.818872
1780456758,164.915140
1780456758,154.583092
1780456758,159.384305
1780456758,157.649740
1780456758,166.675061
1780456758,159.755885
1780456758,159.885336
1780456758,159.065821
1780456758,182.909879
1780456758,159.989386
1780456758,160.089711
1780456758,160.153992
1780456758,169.631472
1780456758,160.229709
1780456758,182.750319
1780456758,160.077341
1780456758,147.769016
1780456758,147.914112
1780456758,156.088226
1780456758,181.761124
1780456758,155.720848
1780456758,156.320786
1780456758,181.785292
1780456758,188.752432
1780456758,158.504313
1780456758,160.488870
1780456758,148.041070
1780456758,150.686417
1780456758,148.443953
1780456758,148.322607
1780456758,148.507434
1780456758,150.838823
1780456758,148.373498
1780456758,149.865064
1780456758,185.818996
1780456758,158.002455
1780456758,158.326218
1780456758,158.634295
1780456758,186.242297
1780456758,158.548406
1780456758,158.368776
1780456758,143.133564
1780456758,149.278809
1780456758,149.250242
1780456758,149.330053
1780456758,149.321586
1780456758,149.439306
1780456758,149.565057
1780456758,149.591786
1780456758,149.790679
1780456758,149.807756
1780456758,142.115055
1780456758,149.952719
1780456758,150.039459
1780456758,150.128095
1780456758,150.136415
1780456758,150.489089
1780456758,150.433532
1780456758,150.529593
1780456758,159.759045
1780456758,150.422531
1780456758,150.613519
1780456758,150.542009
1780456758,150.775339
1780456758,159.972797
1780456758,150.874383
1780456758,150.909902
1780456758,150.649072
1780456758,150.914629
1780456758,151.121828
1780456758,151.287585
1780456758,150.730352
1780456758,151.388848
1780456758,151.185881
1780456758,151.572336
1780456758,159.762247
1780456758,160.385226
1780456758,187.063908
1780456758,159.930381
1780456758,151.709717
1780456758,187.240500
1780456758,139.141973
1780456758,141.796116
1780456758,141.883067
1780456758,144.719960
1780456758,141.501564
1780456758,166.059946
1780456758,168.163565
1780456758,169.461944
1780456758,154.873083
1780456758,154.549455
1780456758,154.832102
1780456758,147.419795
1780456758,154.868851
1780456758,155.025066
1780456758,155.044477
1780456758,155.309135
1780456758,155.228180
1780456758,155.420780
1780456758,142.881523
1780456758,157.686723
1780456758,152.232646
1780456758,160.926818
1780456758,142.536827
1780456758,161.618513
1780456758,146.737134
1780456758,161.713246
1780456758,161.232359
1780456758,152.054564
1780456758,153.013312
1780456758,152.266134
1780456758,152.261641
1780456758,145.891288
1780456758,142.567566
1780456758,152.790167
1780456758,147.179038
1780456758,152.684407
1780456758,153.230763
1780456758,153.337060
1780456758,153.432019
1780456758,161.411927
1780456758,147.389710
1780456758,153.272128
1780456758,152.466003
1780456758,153.649348
1780456758,152.835894
1780456758,143.493139
1780456758,164.188733
1780456758,148.908052
1780456758,146.867092
1780456758,135.404561
1780456758,147.766738
1780456758,141.091947
1780456758,138.335727
1780456758,137.367508
1780456758,141.363590
1780456758,147.889799
1780456758,141.668645
1780456758,139.370334
1780456758,163.161408
1780456758,163.073103
1780456758,141.643836
1780456758,149.318284
1780456758,147.010671
1780456758,150.567579
1780456758,162.929696
1780456758,151.737767
1780456758,149.454872
1780456758,149.548140
1780456758,144.591964
1780456758,148.315556
1780456758,147.060437
1780456758,148.413035
1780456758,147.704978
1780456758,145.128654
1780456758,147.453021
1780456758,146.366463
1780456758,146.189562
1780456758,140.822825
1780456758,145.817780
1780456758,152.779459
1780456758,145.215021
1780456758,136.693915
1780456758,137.068895
1780456758,141.144745
1780456758,140.424745
1780456758,141.298561
1780456758,142.465531
1780456758,142.219473
1780456758,145.348816
1780456758,143.921095
1780456758,143.353066
1780456758,145.573950
1780456758,145.696761
1780456758,145.554964
1780456758,145.701812
1780456758,152.043320
1780456758,145.766528
1780456758,145.666355
1780456758,137.756661
1780456758,140.904807
1780456758,138.012431
1780456758,139.316628
1780456758,139.793201
1780456758,164.046211
1780456758,143.204336
1780456758,143.172486
1780456758,166.570312
1780456758,171.605343
1780456758,172.608946
1780456758,170.888652
1780456758,124.482185
1780456758,162.757917
1780456758,144.946534
1780456758,148.227768
1780456758,148.316350
1780456758,148.369246
1780456758,154.880704
1780456758,152.924471
1780456758,154.999223
1780456758,155.093667
1780456758,143.049547
1780456758,162.980474
1780456758,162.800936
1780456758,123.004838
1780456758,163.464037
1780456758,144.615441
1780456758,144.791550
1780456758,144.952695
1780456758,145.476813
1780456758,145.257605
1780456758,145.617623
1780456758,152.086426
1780456758,152.089780
1780456758,143.345465
1780456758,152.911694
1780456758,144.432778
1780456758,153.542221
1780456758,143.605633
1780456758,145.107433
1780456758,153.229820
1780456758,153.167221
1780456758,145.628763
1780456758,152.406827
1780456758,145.704785
1780456758,146.170881
1780456758,145.934492
1780456758,154.120849
1780456758,153.976685
1780456758,126.307971
1780456758,168.591521
1780456758,116.082966
1780456758,125.721455
1780456758,125.795065
1780456758,165.155283
1780456758,165.502374
1780456758,131.192846
1780456758,165.143569
1780456758,165.798766
1780456758,128.139271
1780456758,128.932487
1780456758,168.407068
1780456758,168.506736
1780456758,147.233279
1780456758,149.068866
1780456758,168.714930
1780456758,149.959845
1780456758,150.572138
1780456758,147.072150
1780456758,150.747643
1780456758,150.698598
1780456758,129.553628
1780456758,129.664986
1780456758,171.538271
1780456758,129.714908
1780456758,169.655423
1780456758,169.567005
1780456758,168.236462
1780456758,129.169302
1780456758,127.458557
1780456758,172.005057
1780456758,127.485764
1780456758,123.311989
1780456758,127.658128
1780456758,169.524863
1780456758,161.263537
1780456758,165.768653
1780456758,161.626747
1780456758,162.325272
1780456758,161.301091
1780456758,154.942829
1780456758,127.627057
1780456758,161.163538
1780456758,161.086919
1780456758,125.090407
1780456758,159.134587
1780456758,161.351689
1780456758,160.045949
1780456758,169.502460
1780456758,168.312489
1780456758,168.241435
1780456758,159.072961
1780456758,162.002296
1780456758,124.617930
1780456758,159.144877
1780456758,159.130307
1780456758,124.757141
1780456758,160.058001
1780456758,126.459184
1780456758,126.286646
1780456758,125.981026
1780456758,126.273800
1780456758,160.305678
1780456758,160.912902
1780456758,160.903669
1780456758,131.045180
1780456758,127.709609
1780456758,140.519723
1780456758,128.737496
1780456758,128.650281
1780456758,128.930098
1780456758,129.055087
1780456758,161.536201
1780456758,128.330376
1780456758,128.350157
1780456758,128.600805
1780456758,128.513029
1780456758,128.349032
1780456758,128.950653
1780456758,128.484256
1780456758,128.837697
1780456758,162.069203
1780456758,128.920795
1780456758,162.134132
1780456758,161.655228
1780456758,161.706041
1780456758,181.663333
1780456758,184.070810
1780456758,166.482986
1780456758,171.036238
1780456758,171.053108
1780456758,173.841583
1780456758,174.463647
1780456758,174.521860
1780456758,171.730239
1780456758,161.124628
1780456758,132.505949
1780456758,132.795284
1780456758,133.266587
1780456758,133.995643
1780456758,134.439720
1780456758,164.385291
1780456758,164.318081
1780456758,134.309281
1780456758,164.630336
1780456758,135.557833
1780456758,135.092270
1780456758,143.025760
1780456758,135.454088
1780456758,144.917810
1780456758,145.129954
1780456758,130.508613
1780456758,165.175796
1780456758,146.572296
1780456758,134.867436
1780456758,166.112550
1780456758,131.446069
1780456758,147.110469
1780456758,166.409308
1780456758,132.850643
1780456758,147.907040
1780456758,135.495518
1780456758,166.927019
1780456758,148.122262
1780456758,144.111936
1780456758,133.199348
1780456758,135.946174
1780456758,132.232296
1780456758,133.412918
1780456758,135.746775
1780456758,136.150448
1780456758,136.275906
1780456758,131.808263
1780456758,136.665223
1780456758,136.601643
1780456758,136.526836
1780456758,130.083888
1780456758,166.029686
1780456758,136.993396
1780456758,169.902962
1780456758,127.400080
1780456758,135.054722
1780456758,127.137268
1780456758,137.673300
1780456758,127.553970
1780456758,166.290714
1780456758,137.868991
1780456758,138.273754
1780456758,167.664639
1780456758,127.903447
1780456758,127.262790
1780456758,126.437960
1780456758,125.671066
1780456758,127.293562
1780456758,125.069056
1780456758,123.528091
1780456758,134.646352
1780456758,123.870312
1780456758,135.466160
1780456758,127.053852
1780456758,135.555545
1780456758,124.624035
1780456758,135.937136
1780456758,124.407846
1780456758,121.632784
1780456758,142.657129
1780456758,134.821193
1780456758,135.209812
1780456758,137.148195
1780456758,137.266512
1780456758,125.954052
1780456758,126.349925
1780456758,126.478790
1780456758,126.792252
1780456758,125.909165
1780456758,135.512377
1780456758,156.351440
1780456758,154.218590
1780456758,133.737247
1780456758,148.386437
1780456758,154.046084
1780456758,147.529962
1780456758,123.539690
1780456758,123.820751
1780456758,123.438313
1780456758,134.188094
1780456758,134.336125
1780456758,134.222432
1780456758,125.670438
1780456758,123.478764
1780456758,134.049131
1780456758,145.497732
1780456758,125.720393
1780456758,134.771714
1780456758,145.399160
1780456758,123.971958
1780456758,131.413284
1780456758,134.733415
1780456758,145.661065
1780456758,135.122436
1780456758,123.794283
1780456758,145.570534
1780456758,146.117451
1780456758,134.974760
1780456758,124.607006
1780456758,125.562365
1780456758,132.893261
1780456758,140.667634
1780456758,134.526011
1780456758,140.647439
1780456758,132.913926
1780456758,140.846968
1780456758,140.917941
1780456758,139.177659
1780456758,137.004545
1780456758,131.105936
1780456758,137.283747
1780456758,132.380532
1780456758,131.537689
1780456758,131.499419
1780456758,121.244334
1780456758,134.717499
1780456758,127.169825
1780456758,131.381702
1780456758,125.303057
1780456758,142.734166
1780456758,138.751640
1780456758,138.617669
1780456758,138.423407
1780456758,121.565877
1780456758,131.354948
1780456758,131.873366
1780456758,135.655122
1780456758,109.957869
1780456758,131.700641
1780456758,135.496256
1780456758,109.716512
1780456758,109.390230
1780456758,133.665491
1780456758,129.937474
1780456758,133.799964
1780456758,109.239429
1780456758,132.665374
1780456758,133.775862
1780456758,106.916576
1780456758,130.563776
1780456758,133.382470
1780456758,130.720599
1780456758,109.051950
1780456758,129.276047
1780456758,109.065792
1780456758,133.601802
1780456758,130.782605
1780456758,133.948495
1780456758,109.410424
1780456758,130.881964
1780456758,128.462590
1780456758,109.697926
1780456758,134.166126
1780456758,129.716697
1780456758,133.869207
1780456758,107.461928
1780456758,129.765106
1780456758,134.013520
1780456758,109.718723
1780456758,133.034505
1780456758,109.501733
1780456758,133.975794
1780456758,133.115446
1780456758,134.197417
1780456758,109.491461
1780456758,133.927639
1780456758,109.425213
1780456758,109.911902
1780456758,134.406642
1780456758,133.580157
1780456758,109.692517
1780456758,109.624246
1780456758,134.268375
1780456758,109.439668
1780456758,135.247389
1780456758,110.018821
1780456758,109.868879
1780456758,135.301976
1780456758,134.237478
1780456758,110.389639
1780456758,110.382048
1780456758,135.778573
1780456758,110.545699
1780456758,135.633085
1780456758,110.682376
1780456758,135.918640
1780456758,134.262217
1780456758,110.685918
1780456758,132.985357
1780456758,132.522468
1780456758,132.848523
1780456758,110.540346
1780456758,132.874470
1780456758,110.637233
1780456758,136.305771
1780456758,136.230843
1780456758,134.819341
1780456758,110.054160
1780456758,133.202922
1780456758,132.768787
1780456758,110.071854
1780456758,131.154207
1780456758,110.309466
1780456758,135.271340
1780456758,131.447635
1780456758,111.179319
1780456758,129.952394
1780456758,131.348804
1780456758,132.777494
1780456758,110.350247
1780456758,133.169853
1780456758,111.463365
1780456758,133.433100
1780456758,133.296009
1780456758,133.205793
1780456758,133.517409
1780456758,111.670374
1780456758,130.631861
1780456758,133.547681
1780456758,110.583573
1780456758,132.319352
1780456758,112.239160
1780456758,133.731175
1780456758,132.315341
1780456758,132.010690
1780456758,111.401788
1780456758,132.361081
1780456758,112.053188
1780456758,132.756453
1780456758,128.433768
1780456758,110.213284
1780456758,132.969514
1780456758,127.041156
1780456758,126.982663
1780456758,131.079579
1780456758,127.302707
1780456758,132.960933
1780456758,125.847502
1780456758,130.176762
1780456758,131.383482
1780456758,127.097687
1780456758,124.890075
1780456758,131.413332
1780456758,130.441156
1780456758,127.263794
1780456758,130.476769
1780456758,124.921557
1780456758,130.380101
1780456758,130.094566
1780456758,126.078471
1780456758,130.104898
1780456758,130.077012
1780456758,117.123607
1780456758,130.272911
1780456758,123.367565
1780456758,130.464644
1780456758,120.367627
1780456758,129.589462
1780456758,128.936823
1780456758,117.185601
1780456758,129.195778
1780456758,129.415713
1780456758,117.609803
1780456758,129.032190
1780456758,117.541296
1780456758,129.153537
1780456758,125.420423
1780456758,129.398175
1780456758,118.461972
1780456758,129.879259
1780456758,129.840178
1780456758,120.410920
1780456758,128.582360
1780456758,117.739818
1780456758,130.019569
1780456758,128.734430
1780456758,117.701436
1780456758,130.284167
1780456758,118.687988
1780456758,130.263491
1780456758,118.425529
1780456758,102.750617
1780456758,102.574982
1780456758,128.827851
1780456758,118.290317
1780456758,118.090845
1780456758,102.891531
1780456758,130.023208
1780456758,118.257112
1780456758,128.656963
1780456758,103.004089
1780456758,117.848992
1780456758,128.288511
1780456758,118.741098
1780456758,103.173289
1780456758,128.331143
1780456758,118.469061
1780456758,118.447013
1780456758,111.261184
1780456758,118.857927
1780456758,103.753848
1780456758,119.021159
1780456758,103.925622
1780456758,104.101170
1780456758,102.368106
1780456758,110.265733
1780456758,119.088221
1780456758,103.972522
1780456758,110.410131
1780456758,118.999780
1780456758,119.082232
1780456758,110.358972
1780456758,118.312256
1780456758,110.448799
1780456758,117.950320
1780456758,110.583938
1780456758,107.466570
1780456758,118.057699
1780456758,105.236153
1780456758,118.896882
1780456758,102.325306
1780456758,102.428215
1780456758,119.199890
1780456758,105.402230
1780456758,103.966694
1780456758,105.759044
1780456758,105.549190
1780456758,119.342065
1780456758,119.101855
1780456758,119.100497
1780456758,118.684798
1780456758,119.304160
1780456758,118.596798
1780456758,102.256890
1780456758,102.365760
1780456758,120.085875
1780456758,120.087393
1780456758,102.523658
1780456758,102.524111
1780456758,120.086265
1780456758,119.049380
1780456758,119.042196
1780456758,120.078537
1780456758,120.230273
1780456758,118.384369
1780456758,118.405543
1780456758,101.902879
1780456758,118.061403
1780456758,120.655852
1780456758,102.414124
1780456758,120.746965
1780456758,120.799448
1780456758,120.894724
1780456758,120.986640
1780456758,102.830705
1780456758,102.993667
1780456758,121.189560
1780456758,103.040074
1780456758,103.021917
1780456758,121.093197
1780456758,103.150116
1780456758,103.176371
1780456758,118.790945
1780456758,118.797282
1780456758,117.798599
1780456758,117.860925
1780456758,115.769441
1780456758,102.688079
1780456758,115.917493
1780456758,115.998067
1780456758,116.019167
1780456758,116.118047
1780456758,116.205913
1780456758,110.911643
1780456758,102.599276
1780456758,111.188554
1780456758,102.634449
1780456758,110.865433
1780456758,102.624071
1780456758,102.680149
1780456758,109.156873
1780456758,105.964772
1780456758,111.225342
1780456758,103.238021
1780456758,103.070626
1780456758,103.199406
1780456758,103.425938
1780456758,103.330775
1780456758,103.266565
1780456758,106.460116
1780456758,106.249525
1780456758,103.007376
1780456758,103.304475
1780456758,106.248484
1780456758,102.421407
1780456758,106.421288
1780456758,104.246035
1780456758,104.140916
1780456758,104.026241
1780456758,103.047712
1780456758,102.251762
1780456758,102.467536
1780456758,102.539135
1780456758,102.555857
1780456758,102.639965
1780456758,102.809472
1780456758,102.730087
1780456758,102.917678
1780456758,102.823533
1780456758,102.860640
1780456758,103.238356
1780456758,103.142461
1780456758,102.294963
1780456758,103.236461
1780456758,103.912689
1780456758,104.016902
1780456758,103.984665
1780456758,103.842245
1780456758,103.647005
1780456758,103.730279
1780456758,103.822970
1780456758,103.907018
1780456758,103.984496
1780456758,102.354654
1780456758,104.135865
1780456758,103.904704
1780456758,102.603830
1780456758,104.300409
1780456758,102.721843
1780456758,102.722680
1780456758,104.434946
1780456758,102.786036
1780456758,102.871398
1780456758,104.592962
1780456758,104.633336
1780456758,103.067440
1780456758,103.031200
1780456758,105.015806
1780456758,105.281391
1780456758,102.543935
1780456758,102.750004
1780456758,104.477194
1780456758,105.961982
1780456758,103.116273
1780456758,106.215505
1780456758,104.751625
1780456758,104.658876
1780456758,104.793059
1780456758,103.732397
1780456758,103.916882
1780456758,103.045537
1780456758,104.388552
1780456758,103.252903
1780456758,103.132406
1780456758,103.022368
1780456758,103.139216
1780456758,103.871726
1780456758,105.270163
1780456758,105.376511
1780456758,105.484687
1780456758,105.760623
1780456758,105.610750
1780456758,104.819357
1780456758,102.412942
1780456758,105.078968
1780456758,104.565668
1780456758,106.403495
1780456758,105.790089
1780456758,105.300426
1780456758,105.783434
1780456758,106.104564
1780456758,107.155610
1780456758,107.164407
1780456758,106.585489
1780456758,106.318460
1780456758,106.432231
1780456758,107.039404
1780456758,106.330366
1780456758,106.425006
1780456758,104.252347
1780456758,106.002548
1780456758,104.716562
1780456758,106.574061
1780456758,106.767728
1780456758,104.544081
1780456758,105.147428
1780456758,105.144705
1780456758,105.557473
1780456758,105.175615
1780456758,105.481377
1780456758,107.472655
1780456758,107.582786
1780456758,108.170311
1780456758,123.532520
1780456758,139.441109
1780456758,140.862213
1780456758,169.383356
1780456758,176.618886
1780456758,177.172971
1780456758,186.289377
1780456758,178.266213
1780456758,186.663243
1780456758,187.189440
1780456758,163.127390
1780456758,180.886690
1780456758,191.603855
1780456758,181.613227
1780456758,192.172439
1780456758,192.183275
1780456758,190.467568
1780456758,192.921216
1780456758,184.258553
1780456758,193.430360
1780456758,186.136853
1780456758,193.859575
1780456758,185.424763
1780456758,188.298767
1780456758,186.099376
1780456758,191.236280
1780456758,190.624976
1780456758,191.780521
1780456758,188.404890
1780456758,191.936513
1780456758,192.912908
1780456758,195.124496
1780456758,196.030314
1780456758,195.900046
1780456758,196.239944
1780456758,196.580117
1780456758,194.596071
1780456758,195.614134
1780456758,201.865796
1780456758,175.220556
1780456758,182.960845
1780456758,204.158621
1780456758,210.420508
1780456758,181.700526
1780456758,190.697707
1780456758,205.035251
1780456758,183.580492
1780456758,184.367941
1780456758,177.278657
1780456758,183.853099
1780456758,185.478893
1780456758,182.105254
1780456758,186.176984
1780456758,185.971570
1780456758,191.599250
1780456758,186.711411
1780456758,187.117730
1780456758,193.261454
1780456758,193.325578
1780456758,194.058495
1780456758,187.158490
1780456758,188.142389
1780456758,194.129361
1780456758,194.791055
1780456758,195.622314
1780456758,188.149632
1780456758,196.282054
1780456758,196.732897
1780456758,193.286670
1780456758,206.698798
1780456758,198.250065
1780456758,190.556031
1780456758,199.697480
1780456758,201.724920
1780456758,202.815358
1780456758,199.840945
1780456758,203.396676
1780456758,210.401289
1780456758,192.049962
1780456758,203.659059
1780456758,213.671096
1780456758,217.993717
1780456758,207.276325
1780456758,199.341692
1780456758,199.011984
1780456758,202.452484
1780456758,193.080758
1780456758,219.413133
1780456758,216.630696
1780456758,216.901363
1780456758,206.754174
1780456758,198.652598
1780456758,200.702683
1780456758,220.276809
1780456758,209.687844
1780456758,199.438145
1780456758,194.248438
1780456758,200.633352
1780456758,200.274168
1780456758,201.008364
1780456758,195.186905
1780456758,201.248730
1780456758,179.506755
1780456758,201.644139
1780456758,201.741059
1780456758,207.148582
1780456758,218.844131
1780456758,180.219444
1780456758,207.447275
1780456758,212.214924
1780456758,208.094407
1780456758,212.377743
1780456758,208.336973
1780456758,199.360184
1780456758,208.140232
1780456758,184.759920
1780456758,208.775991
1780456758,199.753498
1780456758,213.355363
1780456758,214.919408
1780456758,204.454156
1780456758,215.242307
1780456758,215.483777
1780456758,203.388827
1780456758,206.505322
1780456758,207.595337
1780456758,207.804287
1780456758,208.110008
1780456758,212.845600
1780456758,208.478240
1780456758,212.895138
1780456758,224.208059
1780456758,224.022713
1780456758,224.172786
1780456758,224.317377
1780456758,224.505749
1780456758,224.659177
1780456758,224.992955
1780456758,225.954433
1780456758,225.286671
1780456758,226.416279
1780456758,214.341802
1780456758,226.541796
1780456758,214.973766
1780456758,226.610998
1780456758,224.830787
1780456758,214.509940
1780456758,217.174458
1780456758,212.130615
1780456758,198.425267
1780456758,225.446259
1780456758,201.099949
1780456758,199.048565
1780456758,213.044099
1780456758,214.299699
1780456758,215.653682
1780456758,201.163643
1780456758,213.538285
1780456758,226.454377
1780456758,200.610522
1780456758,213.294283
1780456758,202.107813
1780456758,216.466526
1780456758,207.974401
1780456758,216.552139
1780456758,216.962825
1780456758,231.219395
1780456758,214.170606
1780456758,214.280389
1780456758,191.464908
1780456758,212.435324
1780456758,191.178013
1780456758,214.728937
1780456758,218.467448
1780456758,216.394954
1780456758,191.458539
1780456758,218.663431
1780456758,223.183220
1780456758,192.939503
1780456758,217.373798
1780456758,193.831605
1780456758,221.756106
1780456758,222.955992
1780456758,224.705826
1780456758,224.857932
1780456758,194.513123
1780456758,226.199915
1780456758,196.159819
1780456758,196.495483
1780456758,205.659424
1780456758,197.122235
1780456758,197.281950
1780456758,218.630507
1780456758,199.489224
1780456758,199.251185
1780456758,220.106383
1780456758,199.691606
1780456758,199.540791
1780456758,199.140349
1780456758,199.968380
1780456758,199.953895
1780456758,200.099680
1780456758,200.170126
1780456758,223.283343
1780456758,228.340226
1780456758,200.347986
1780456758,226.866985
1780456758,230.859377
1780456758,214.198777
1780456758,233.299859
1780456758,195.232760
1780456758,207.542862
1780456758,196.210892
1780456758,207.850484
1780456758,196.233385
1780456758,208.160351
1780456758,196.906795
1780456758,197.284997
1780456758,196.859823
1780456758,206.653227
1780456758,208.896599
1780456758,193.743899
1780456758,199.153170
1780456758,199.046644
1780456758,207.392523
1780456758,207.581796
1780456758,208.377355
1780456758,209.089596
1780456758,209.238953
1780456758,210.079681
1780456758,216.387953
1780456758,200.382934
1780456758,200.914664
1780456758,189.386155
1780456758,207.459943
1780456758,208.841378
1780456758,209.662635
1780456758,188.250895
1780456758,210.000487
1780456758,189.843209
1780456758,196.798994
1780456758,200.031076
1780456758,211.100150
1780456758,201.757165
1780456758,210.964542
1780456758,200.491266
1780456758,201.972832
1780456758,219.005058
1780456758,218.643482
1780456758,227.548868
1780456758,187.945076
1780456758,202.183965
1780456758,222.071147
1780456758,192.965953
1780456758,229.853451
1780456758,187.485006
1780456758,191.979861
1780456758,220.203643
1780456758,224.928866
1780456758,226.994785
1780456758,204.492063
1780456758,190.588747
1780456758,225.422143
1780456758,229.885220
1780456758,224.339416
1780456758,205.047016
1780456758,224.257308
1780456758,226.186495
1780456758,228.354503
1780456758,230.805064
1780456758,204.515798
1780456758,208.067876
1780456758,208.244788
1780456758,185.535459
1780456758,208.025335
1780456758,195.582318
1780456758,221.731310
1780456758,188.226084
1780456758,216.515823
1780456758,198.951433
1780456758,222.504440
1780456758,187.373166
1780456758,222.241112
1780456758,201.154841
1780456758,194.577789
1780456758,223.892342
1780456758,189.365144
1780456758,223.013448
1780456758,187.911757
1780456758,229.098147
1780456758,191.152873
1780456758,220.810091
1780456758,195.577248
1780456758,228.070947
1780456758,195.615773
1780456758,224.457561
1780456758,203.721684
1780456758,235.120027
1780456758,236.712419
1780456758,203.052585
1780456758,217.522467
1780456758,197.393590
1780456758,228.215379
1780456758,219.124964
1780456758,199.080269
1780456758,205.532154
1780456758,206.103150
1780456758,199.852674
1780456758,200.134512
1780456758,206.188208
1780456758,200.645952
1780456758,206.313911
1780456758,205.782979
1780456758,206.760665
1780456758,206.999482
1780456758,206.364441
1780456758,207.550180
1780456758,206.892752
1780456758,191.430696
1780456758,189.473052
1780456758,210.382848
1780456758,207.736848
1780456758,208.748229
1780456758,210.910016
1780456758,212.227298
1780456758,209.546837
1780456758,204.218784
1780456758,204.420638
1780456758,214.002556
1780456758,204.958529
1780456758,215.170712
1780456758,218.002881
1780456758,215.783263
1780456758,212.172242
1780456758,208.856879
1780456758,218.443350
1780456758,213.301328
1780456758,219.819726
1780456758,201.101722
1780456758,211.510086
1780456758,215.130445
1780456758,216.405905
1780456758,215.581097
1780456758,216.175554
1780456758,224.059804
1780456758,213.481733
1780456758,213.859922
1780456758,217.402804
1780456758,219.315879
1780456758,227.874887
1780456758,203.764584
1780456758,218.774823
1780456758,228.639105
1780456758,220.962235
1780456758,223.328929
1780456758,223.540870
1780456758,216.510822
1780456758,216.908083
1780456758,218.183585
1780456758,227.300158
1780456758,222.167118
1780456758,229.769733
1780456758,218.592425
1780456758,232.394401
1780456758,219.121839
1780456758,231.601207
1780456758,239.352679
1780456758,222.545106
1780456758,232.225841
1780456758,211.806777
1780456758,223.969639
1780456758,226.958301
1780456758,204.252980
1780456758,210.656771
1780456758,217.107279
1780456758,214.887016
1780456758,223.133196
1780456758,221.304440
1780456758,220.294351
1780456758,220.489387
1780456758,218.661013
1780456758,219.448499
1780456758,221.776520
1780456758,222.972988
1780456758,222.233848
1780456758,208.172831
1780456758,223.458968
1780456758,209.461693
1780456758,223.066509
1780456758,209.676685
1780456758,223.274114
1780456758,210.122554
1780456758,212.042744
1780456758,225.005145
1780456758,209.505616
1780456758,224.541675
1780456758,225.132882
1780456758,210.923065
1780456758,226.942865
1780456758,215.212332
1780456758,227.649559
1780456758,211.417333
1780456758,227.848748
1780456758,215.147236
1780456758,213.646891
1780456758,228.211171
1780456758,226.315435
1780456758,216.812364
1780456758,214.209936
1780456758,232.251027
1780456758,220.659108
1780456758,219.106886
1780456758,228.769204
1780456758,216.439779
1780456758,234.075392
1780456758,220.910602
1780456758,233.261638
1780456758,215.286410
1780456758,235.942434
1780456758,218.147489
1780456758,222.927051
1780456758,218.434182
1780456758,240.076965
1780456758,217.799770
1780456758,236.993794
1780456758,218.157881
1780456758,242.005843
1780456758,219.148270
1780456758,243.543658
1780456758,219.297701
1780456758,243.812339
1780456758,222.173667
1780456758,244.181749
1780456758,222.428962
1780456758,244.701565
1780456758,219.610006
1780456758,228.702279
1780456758,220.665525
1780456758,246.041426
1780456758,220.717805
1780456758,223.220375
1780456758,222.992597
1780456758,221.450677
1780456758,234.949604
1780456758,223.508283
1780456758,246.958322
1780456758,225.342671
1780456758,223.609134
1780456758,248.056050
1780456758,247.722836
1780456758,224.498552
1780456758,248.708988
1780456758,224.812526
1780456758,231.653976
1780456758,224.640597
1780456758,248.988234
1780456758,225.013960
1780456758,249.334882
1780456758,225.211720
1780456758,250.065832
1780456758,227.195060
1780456758,237.784711
1780456758,226.035714
1780456758,251.387401
1780456758,226.474502
1780456758,228.035198
1780456758,228.091525
1780456758,229.691540
1780456758,229.750764
1780456758,230.925184
1780456758,231.140158
1780456758,232.324225
1780456758,231.735070
1780456758,232.676016
1780456758,232.174445
1780456758,226.411712
1780456758,235.164141
1780456758,235.048201
1780456758,235.063866
1780456758,253.910851
1780456758,259.821778
1780456758,266.856843
1780456758,249.735940
1780456758,250.465388
1780456758,251.663950
1780456758,238.326975
1780456758,257.825614
1780456758,239.843132
1780456758,259.530235
1780456758,239.966316
1780456758,260.015953
1780456758,203.273023
1780456758,246.707915
1780456758,203.760018
1780456758,204.137057
1780456758,241.328244
1780456758,241.552737
1780456758,204.523771
1780456758,204.518507
1780456758,245.015854
1780456758,205.128598
1780456758,246.794019
1780456758,205.289244
1780456758,245.686849
1780456758,199.180712
1780456758,246.729565
1780456758,197.345268
1780456758,199.491033
1780456758,199.602419
1780456758,197.199486
1780456758,197.298605
1780456758,199.566738
1780456758,159.650398
1780456758,199.865166
1780456758,199.731344
1780456758,197.724059
1780456758,197.597308
1780456758,161.802887
1780456758,199.963807
1780456758,201.341939
1780456758,201.236963
1780456758,201.330676
1780456758,201.497303
1780456758,201.635367
1780456758,203.858664
1780456758,204.158832
1780456758,204.263261
1780456758,186.904604
1780456758,190.916105
1780456758,187.594744
1780456758,188.712770
1780456758,191.207855
1780456758,191.373675
1780456758,245.468610
1780456758,191.481088
1780456758,263.673412
1780456758,264.842096
1780456758,190.177620
1780456758,190.584895
1780456758,189.340425
1780456758,264.874423
1780456758,191.544520
1780456758,261.841149
1780456758,196.068504
1780456758,265.546506
1780456758,266.367344
1780456758,196.151504
1780456758,265.047397
1780456758,196.241557
1780456758,265.681089
1780456758,196.433904
1780456758,266.100237
1780456758,254.676484
1780456758,196.437657
1780456758,255.090837
1780456758,196.395780
1780456758,259.276856
1780456758,196.468507
1780456758,266.635453
1780456758,196.620286
1780456758,259.382006
1780456758,198.865402
1780456758,198.707555
1780456758,275.284754
1780456758,198.696071
1780456758,266.795113
1780456758,175.421630
1780456758,264.410518
1780456758,255.428699
1780456758,175.987474
1780456758,266.933157
1780456758,191.505027
1780456758,256.701963
1780456758,269.484649
1780456758,176.320606
1780456758,267.529235
1780456758,176.720057
1780456758,267.117867
1780456758,177.111753
1780456758,252.523340
1780456758,183.018085
1780456758,162.192381
1780456758,252.634865
1780456758,183.347834
1780456758,183.651975
1780456758,191.922763
1780456758,110.834970
1780456758,167.439352
1780456758,111.291616
1780456758,166.552631
1780456758,110.614874
1780456758,185.857119
1780456758,113.175649
1780456758,166.980445
1780456758,152.540783
1780456758,186.420809
1780456758,187.249373
1780456758,118.337054
1780456758,169.989990
1780456758,117.390709
1780456758,170.840557
1780456758,117.247419
1780456758,171.087645
1780456758,117.974121
1780456758,171.488210
1780456758,117.779026
1780456758,187.076321
1780456758,130.874884
1780456758,170.434696
1780456758,131.943040
1780456758,171.806683
1780456758,155.736926
1780456758,172.701178
1780456758,118.491692
1780456758,171.030290
1780456758,187.573123
1780456758,170.857650
1780456758,163.751661
1780456758,164.941358
1780456758,166.182352
1780456758,172.489095
1780456758,172.283709
1780456758,167.194077
1780456758,172.477448
1780456758,162.918037
1780456758,173.270907
1780456758,173.191270
1780456758,167.034908
1780456758,173.420414
1780456758,167.533120
1780456758,172.923228
1780456758,167.602986
1780456758,186.649501
1780456758,188.758458
1780456758,167.726623
1780456758,167.845218
1780456758,187.062264
1780456758,173.350990
1780456758,166.554948
1780456758,173.500673
1780456758,168.008410
1780456758,174.779881
1780456758,165.840758
1780456758,189.161188
1780456758,168.580334
1780456758,174.912461
1780456758,165.745299
1780456758,175.037561
1780456758,176.570820
1780456758,168.512077
1780456758,177.002977
1780456758,166.201976
1780456758,190.814882
1780456758,166.507888
1780456758,168.702669
1780456758,177.246547
1780456758,167.169450
1780456758,177.569944
1780456758,187.650744
1780456758,177.747512
1780456758,167.288852
1780456758,192.226260
1780456758,169.004840
1780456758,158.607957
1780456758,159.550926
1780456758,169.174128
1780456758,169.264908
1780456758,186.516174
1780456758,188.224785
1780456758,160.701738
1780456758,169.415225
1780456758,161.169585
1780456758,171.370192
1780456758,161.767075
1780456758,177.771016
1780456758,163.247413
1780456758,165.252627
1780456758,203.565137
1780456758,172.889901
1780456758,250.150443
1780456758,250.649047
1780456758,253.512054
1780456758,245.552440
1780456758,252.774175
1780456758,251.401926
1780456758,249.264881
1780456758,245.636941
1780456758,250.231428
1780456758,252.344667
1780456758,248.837297
1780456758,247.988858
1780456758,252.065077
1780456758,249.285430
1780456758,251.936034
1780456758,252.336863
1780456758,249.435889
1780456758,250.328981
1780456758,254.464809
1780456758,258.696233
1780456758,251.205667
1780456758,249.046210
1780456758,249.618827
1780456758,248.711612
1780456758,248.818995
1780456758,253.568935
1780456758,249.954957
1780456758,254.466938
1780456758,149.449212
1780456758,188.223784
1780456758,154.272972
1780456758,156.310312
1780456758,157.140449
1780456758,159.545106
1780456758,160.334813
1780456758,157.722664
1780456758,160.872356
1780456758,189.862364
1780456758,162.250207
1780456758,162.926332
1780456758,161.280796
1780456758,162.614029
1780456758,163.508424
1780456758,163.949863
1780456758,164.514205
1780456758,165.046084
1780456758,165.319545
1780456758,166.562983
1780456758,167.319563
1780456758,161.859196
1780456758,192.848661
1780456758,167.798894
1780456758,162.037312
1780456758,168.086866
1780456758,162.361104
1780456758,167.149010
1780456758,162.935171
1780456758,192.865933
1780456758,163.355218
1780456758,168.400358
1780456758,151.481403
1780456758,167.948483
1780456758,164.786144
1780456758,163.722355
1780456758,161.577278
1780456758,164.932041
1780456758,168.255897
1780456758,164.534904
1780456758,170.105641
1780456758,165.367962
1780456758,171.312955
1780456758,192.905825
1780456758,168.895492
1780456758,193.179681
1780456758,171.747313
1780456758,167.453755
1780456758,170.752750
1780456758,166.843747
1780456758,172.050229
1780456758,166.627575
1780456758,172.755793
1780456758,145.252309
1780456758,173.292197
1780456758,169.113978
1780456758,152.967122
1780456758,174.538213
1780456758,148.877454
1780456758,166.245574
1780456758,144.374967
1780456758,153.664779
1780456758,153.978503
1780456758,161.327043
1780456758,154.381686
1780456758,151.872915
1780456758,154.696114
1780456758,154.858518
1780456758,152.281458
1780456758,145.263108
1780456758,190.370154
1780456758,156.403939
1780456758,155.905095
1780456758,155.202730
1780456758,191.015763
1780456758,145.523903
1780456758,155.494562
1780456758,156.193919
1780456758,155.816460
1780456758,146.618604
1780456758,156.405667
1780456758,144.078525
1780456758,157.441604
1780456758,144.980204
1780456758,158.195376
1780456758,158.105241
1780456758,157.176668
1780456758,161.577825
1780456758,157.814895
1780456758,162.160206
1780456758,159.686585
1780456758,150.035959
1780456758,158.633398
1780456758,157.212813
1780456758,191.777396
1780456758,134.352447
1780456758,157.826024
1780456758,192.084254
1780456758,159.326713
1780456758,191.737670
1780456758,150.834720
1780456758,143.827202
1780456758,151.075327
1780456758,159.284768
1780456758,191.409984
1780456758,151.563551
1780456758,149.934730
1780456758,159.795911
1780456758,150.184668
1780456758,151.866960
1780456758,147.273559
1780456758,145.941282
1780456758,160.383511
1780456758,160.612568
1780456758,150.945377
1780456758,146.220373
1780456758,152.496835
1780456758,151.529397
1780456758,153.883895
1780456758,146.414949
1780456758,160.586015
1780456758,152.286130
1780456758,154.441022
1780456758,146.683415
1780456758,126.506603
1780456758,126.855263
1780456758,152.424851
1780456758,142.390563
1780456758,147.433347
1780456758,130.096573
1780456758,152.729510
1780456758,127.205178
1780456758,153.952265
1780456758,153.463403
1780456758,155.780936
1780456758,166.250479
1780456758,144.945929
1780456758,129.331934
1780456758,158.298027
1780456758,129.478895
1780456758,148.183993
1780456758,168.427519
1780456758,146.909339
1780456758,130.262274
1780456758,170.690040
1780456758,129.677192
1780456758,143.248267
1780456758,135.080762
1780456758,127.963126
1780456758,134.060701
1780456758,142.995146
1780456758,135.569652
1780456758,142.494806
1780456758,168.863425
1780456758,130.751404
1780456758,130.386198
1780456758,136.490003
1780456758,129.797160
1780456758,173.286752
1780456758,143.329554
1780456758,169.232180
1780456758,130.426151
1780456758,170.029547
1780456758,136.453053
1780456758,172.676090
1780456758,130.605208
1780456758,135.014172
1780456758,134.673598
1780456758,136.960034
1780456758,131.338923
1780456758,135.217708
1780456758,169.661216
1780456758,135.402365
1780456758,174.695681
1780456758,131.617071
1780456758,137.294235
1780456758,151.913965
1780456758,137.546590
1780456758,141.809467
1780456758,136.666731
1780456758,141.593395
1780456758,173.686928
1780456758,141.715015
1780456758,136.380510
1780456758,144.016246
1780456758,137.964510
1780456758,143.740977
1780456758,175.155804
1780456758,144.388069
1780456758,138.768735
1780456758,142.756339
1780456758,140.634071
1780456758,148.071041
1780456758,139.752694
1780456758,176.299646
1780456758,139.499186
1780456758,140.315360
1780456758,143.339938
1780456758,147.649325
1780456758,176.204252
1780456758,159.088179
1780456758,144.935274
1780456758,151.424078
1780456758,176.091490
1780456758,147.611808
1780456758,138.739552
1780456758,145.513751
1780456758,136.975280
1780456758,146.207932
1780456758,119.552423
1780456758,178.281355
1780456758,119.289016
1780456758,141.284244
1780456758,132.361984
1780456758,146.951891
1780456758,130.451526
1780456758,141.712854
1780456758,157.071669
1780456758,126.209507
1780456758,128.793737
1780456758,132.977673
1780456758,132.959529
1780456758,133.094244
1780456758,133.186178
1780456758,127.981848
1780456758,128.172787
1780456758,132.283831
1780456758,131.838633
1780456758,129.391416
1780456758,132.816359
1780456758,130.350531
1780456758,130.566648
1780456758,132.877497
1780456758,130.085903
1780456758,130.895454
1780456758,134.321101
1780456758,126.628252
1780456758,127.010242
1780456758,127.930985
1780456758,128.510244
1780456758,128.824389
1780456758,127.844668
1780456758,128.354145
1780456758,127.106415
1780456758,129.304432
1780456758,126.344515
1780456758,124.724843
1780456758,122.129480
1780456758,135.220948
1780456758,130.922285
1780456758,128.587546
1780456758,129.397383
1780456758,135.497952
1780456758,128.522624
1780456758,123.053827
1780456758,133.450072
1780456758,137.041012
1780456758,126.947831
1780456758,135.794994
1780456758,136.554491
1780456758,124.424516
1780456758,124.831054
1780456758,133.991012
1780456758,125.060512
1780456758,125.554426
1780456758,126.931281
1780456758,132.199077
1780456758,136.126028
1780456758,137.102211
1780456758,136.049182
1780456758,130.261333
1780456758,137.673679
1780456758,135.911448
1780456758,136.554619
1780456758,136.514995
1780456758,136.457036
1780456758,137.207770
1780456758,124.524587
1780456758,137.520294
1780456758,138.057145
1780456758,138.185668
1780456758,126.008490
1780456758,126.552409
1780456758,126.928428
1780456758,126.245496
1780456758,127.315730
1780456758,127.194399
1780456758,125.745971
1780456758,126.944255
1780456758,128.131695
1780456758,135.506263
1780456758,127.681063
1780456758,134.695760
1780456758,134.083628
1780456758,134.295107
1780456758,134.494587
1780456758,134.051380
1780456758,132.736702
1780456758,133.661112
1780456758,130.194718
1780456758,129.887875
1780456758,129.311156
1780456758,129.254028
1780456758,225.537313
1780456758,225.543519
1780456758,225.989966
1780456758,226.487298
1780456758,227.931239
1780456758,105.902049
1780456758,103.586116
1780456758,107.146060
1780456758,105.430318
1780456758,104.498658
1780456758,104.952742
1780456758,103.834814
1780456758,104.262867
1780456758,104.891407
1780456758,104.498866
1780456758,103.628836
1780456758,105.244111
1780456758,104.357144
1780456758,104.275939
1780456758,102.440610
1780456758,102.623091
1780456758,102.453230
1780456758,102.887999
1780456758,239.509927
1780456758,239.713947
1780456758,102.949339
1780456758,239.610341
1780456758,240.452224
1780456758,103.596912
1780456758,103.161331
1780456758,102.959057
1780456758,102.679326
1780456758,103.165704
1780456758,103.838382
1780456758,102.478083
1780456758,102.936576
1780456758,240.791939
1780456758,103.645545
1780456758,102.440094
1780456758,102.336758
1780456758,241.832881
1780456758,104.033507
1780456758,103.939731
1780456758,105.400311
1780456758,103.540462
1780456758,103.991374
1780456758,102.908148
1780456758,114.013943
1780456758,102.900851
1780456758,102.786587
1780456758,103.367062
1780456758,102.837759
1780456758,103.589472
1780456758,103.736076
1780456758,102.841069
1780456758,104.007868
1780456758,103.315494
1780456758,103.398057
1780456758,103.293886
1780456758,103.556584
1780456758,104.039325
1780456758,104.690457
1780456758,104.799792
1780456758,104.826957
1780456758,104.854316
1780456758,105.042432
1780456758,104.160927
1780456758,105.134449
1780456758,105.250497
1780456758,105.816578
1780456758,103.109818
1780456758,119.122309
1780456758,104.980938
1780456758,103.563420
1780456758,103.617650
1780456758,106.369717
1780456758,216.646342
1780456758,106.603912
1780456758,104.959953
1780456758,105.701510
1780456758,105.775192
1780456758,216.638946
1780456758,216.271294
1780456758,105.377306
1780456758,104.730665
1780456758,107.179931
1780456758,104.962818
1780456758,211.240785
1780456758,211.206172
1780456758,104.491520
1780456758,106.379437
1780456758,211.371594
1780456758,103.459448
1780456758,212.065852
1780456758,210.641477
1780456758,107.930321
1780456758,107.270208
1780456758,212.120150
1780456758,109.763503
1780456758,213.930045
1780456758,213.843298
1780456758,221.087045
1780456758,110.337937
1780456758,104.162189
1780456758,219.341317
1780456758,110.453129
1780456758,108.873591
1780456758,110.710470
1780456758,111.171635
1780456758,110.547457
1780456758,216.784920
1780456758,112.068655
1780456758,112.460470
1780456758,214.163851
1780456758,216.941204
1780456758,112.650366
1780456758,214.390023
1780456758,217.263040
1780456758,112.555257
1780456758,215.232942
1780456758,217.739625
1780456758,110.646880
1780456758,112.388953
1780456758,213.828522
1780456758,216.825681
1780456758,218.082479
1780456758,216.917672
1780456758,112.311688
1780456758,108.386721
1780456758,218.740153
1780456758,112.262294
1780456758,214.844016
1780456758,115.552114
1780456758,115.690205
1780456758,115.566622
1780456758,115.290533
1780456758,219.584672
1780456758,116.693752
1780456758,215.828267
1780456758,216.731826
1780456758,111.339336
1780456758,112.866066
1780456758,216.624289
1780456758,113.793525
1780456758,110.985207
1780456758,114.092383
1780456758,112.636275
1780456758,218.259119
1780456758,113.208852
1780456758,112.969455
1780456758,116.890389
1780456758,115.550829
1780456758,116.121289
1780456758,115.591931
1780456758,116.926296
1780456758,116.779541
1780456758,113.831177
1780456758,221.809793
1780456758,228.303354
1780456758,115.068026
1780456758,111.765076
1780456758,219.557464
1780456758,118.457096
1780456758,118.139154
1780456758,224.318955
1780456758,223.467026
1780456758,223.607916
1780456758,222.777359
1780456758,102.011163
1780456758,220.526492
1780456758,115.706952
1780456758,115.558842
1780456758,103.601460
1780456758,103.387024
1780456758,102.964859
1780456758,102.790662
1780456758,102.566345
1780456758,102.593759
1780456758,103.306693
1780456758,103.167979
1780456758,102.684569
1780456758,102.609811
1780456758,102.441864
1780456758,102.316628
1780456758,102.375249
1780456758,102.439407
1780456758,222.456868
1780456758,102.483716
1780456758,102.346885
1780456758,102.484701
1780456758,102.295131
1780456758,102.449564
1780456758,102.300370
1780456758,102.384773
1780456758,102.256624
1780456758,102.511096
1780456758,223.633303
1780456758,102.376723
1780456758,102.606737
1780456758,102.655666
1780456758,102.700978
1780456758,102.631399
1780456758,102.611886
1780456758,224.322452
1780456758,102.716791
1780456758,101.420773
1780456758,102.694833
1780456758,224.696020
1780456758,102.556301
1780456758,102.867856
1780456758,102.488317
1780456758,103.159205
1780456758,102.370134
1780456758,102.828413
1780456758,102.668072
1780456758,225.259144
1780456758,102.456276
1780456758,102.805015
1780456758,102.726729
1780456758,102.490485
1780456758,225.641262
1780456758,225.437005
1780456758,224.280915
1780456758,102.647427
1780456758,225.408903
1780456758,225.669998
1780456758,225.730916
1780456758,102.564577
1780456758,102.425685
1780456758,225.062258
1780456758,224.429118
1780456758,102.657267
1780456758,224.909242
1780456758,224.940823
1780456758,224.466828
1780456758,103.471295
1780456758,103.840206
1780456758,106.537842
1780456758,106.181140
1780456758,106.332004
1780456758,108.201399
1780456758,107.014087
1780456758,106.905925
1780456758,107.471787
1780456758,108.107291
1780456758,229.351547
1780456758,107.416615
1780456758,108.443070
1780456758,107.847693
1780456758,108.225020
1780456758,107.967822
1780456758,108.332118
1780456758,229.375858
1780456758,108.785342
1780456758,109.057155
1780456758,230.229398
1780456758,107.321403
1780456758,107.575391
1780456758,107.590952
1780456758,107.702285
1780456758,107.816821
1780456758,108.353036
1780456758,109.456372
1780456758,111.461752
1780456758,234.110097
1780456758,111.999233
1780456758,112.313792
1780456758,111.116318
1780456758,111.322817
1780456758,110.564942
1780456758,111.517558
1780456758,232.869735
1780456758,112.011275
1780456758,112.431712
1780456758,233.310958
1780456758,112.160189
1780456758,234.565715
1780456758,114.361740
1780456758,114.782577
1780456758,114.944938
1780456758,246.051446
1780456758,245.884539
1780456758,261.288059
1780456758,118.356144
1780456758,118.527332
1780456758,120.209107
1780456758,119.452894
1780456758,119.658858
1780456758,120.567368
1780456758,118.952412
1780456758,262.787140
1780456758,291.306821
1780456758,119.231831
1780456758,119.428170
1780456758,263.646880
1780456758,119.618186
1780456758,263.885394
1780456758,119.836319
1780456758,119.973666
1780456758,264.172373
1780456758,120.183993
1780456758,120.127808
1780456758,264.721519
1780456758,120.111181
1780456758,121.590552
1780456758,121.725789
1780456758,121.871795
1780456758,263.895913
1780456758,120.138095
1780456758,116.295988
1780456758,264.789450
1780456758,120.791001
1780456758,121.503557
1780456758,120.915358
1780456758,120.753495
1780456758,245.369518
1780456758,124.097806
1780456758,123.147033
1780456758,123.611091
1780456758,123.618050
1780456758,123.997164
1780456758,124.131361
1780456758,246.401899
1780456758,117.007288
1780456758,116.313573
1780456758,272.421094
1780456758,116.880092
1780456758,273.235517
1780456758,132.689284
1780456758,132.044885
1780456758,133.657319
1780456758,126.543959
1780456758,127.212821
1780456758,126.871461
1780456758,132.338735
1780456758,127.137320
1780456758,133.977891
1780456758,133.807686
1780456758,255.190163
1780456758,126.905207
1780456758,125.824414
1780456758,127.598678
1780456758,126.156704
1780456758,305.089811
1780456758,126.143922
1780456758,129.026706
1780456758,126.602260
1780456758,132.858659
1780456758,126.812363
1780456758,136.061383
1780456758,125.957933
1780456758,133.301777
1780456758,124.507365
1780456758,133.888392
1780456758,133.827059
1780456758,131.067724
1780456758,126.264973
1780456758,126.900699
1780456758,126.854644
1780456758,134.065023
1780456758,126.467293
1780456758,134.130309
1780456758,126.752152
1780456758,134.518345
1780456758,126.352002
1780456758,134.362815
1780456758,132.700330
1780456758,134.563217
1780456758,136.720557
1780456758,135.442036
1780456758,128.777620
1780456758,135.830118
1780456758,128.540501
1780456758,136.206720
1780456758,128.954009
1780456758,133.128671
1780456758,128.947821
1780456758,258.276796
1780456758,128.233780
1780456758,136.606410
1780456758,129.138968
1780456758,128.660815
1780456758,136.189901
1780456758,137.283882
1780456758,128.731370
1780456758,137.400778
1780456758,298.650201
1780456758,128.280717
1780456758,129.504103
1780456758,125.907077
1780456758,260.763068
1780456758,135.383037
1780456758,133.101549
1780456758,128.475940
1780456758,133.192662
1780456758,128.761330
1780456758,137.165806
1780456758,278.451433
1780456758,129.882204
1780456758,126.511706
1780456758,127.943104
1780456758,126.788398
1780456758,128.483316
1780456758,127.635141
1780456758,129.997675
1780456758,129.418338
1780456758,130.083212
1780456758,128.557646
1780456758,126.904351
1780456758,128.456778
1780456758,127.421157
1780456758,129.669738
1780456758,127.281111
1780456758,130.217986
1780456758,130.724699
1780456758,126.166755
1780456758,130.367734
1780456758,136.381371
1780456758,136.285198
1780456758,134.767074
1780456758,136.081334
1780456758,136.686989
1780456758,135.072259
1780456758,134.578780
1780456758,135.357958
1780456758,135.320085
1780456758,137.927668
1780456758,135.590157
1780456758,135.606992
1780456758,138.104967
1780456758,135.693639
1780456758,135.933771
1780456758,135.660679
1780456758,136.528959
1780456758,136.178953
1780456758,134.877755
1780456758,135.941921
1780456758,136.970916
1780456758,135.036815
1780456758,137.253347
1780456758,135.309303
1780456758,137.405874
1780456758,139.672007
1780456758,290.799147
1780456758,138.017061
1780456758,141.036624
1780456758,137.932588
1780456758,140.972947
1780456758,138.070400
1780456758,140.362621
1780456758,141.310597
1780456758,138.160146
1780456758,147.121569
1780456758,138.537704
1780456758,290.818339
1780456758,140.016123
1780456758,147.278349
1780456758,137.496088
1780456758,140.744522
1780456758,140.479370
1780456758,147.383643
1780456758,141.563780
1780456758,140.068669
1780456758,141.640236
1780456758,140.266724
1780456758,147.525275
1780456758,291.387999
1780456758,148.152885
1780456758,140.707621
1780456758,141.853447
1780456758,291.755710
1780456758,141.925700
1780456758,138.378629
1780456758,140.613499
1780456758,292.289195
1780456758,141.838091
1780456758,140.920947
1780456758,297.685015
1780456758,137.816929
1780456758,140.776842
1780456758,140.615598
1780456758,137.949743
1780456758,141.073345
1780456758,293.823618
1780456758,138.933372
1780456758,138.251394
1780456758,142.143651
1780456758,140.962270
1780456758,141.649392
1780456758,138.723564
1780456758,138.492855
1780456758,139.325085
1780456758,138.386786
1780456758,140.780047
1780456758,141.562626
1780456758,139.051471
1780456758,141.833835
1780456758,294.691252
1780456758,138.597539
1780456758,147.934753
1780456758,138.708166
1780456758,142.070208
1780456758,139.202671
1780456758,141.871779
1780456758,141.900294
1780456758,292.309720
1780456758,139.877592
1780456758,139.883403
1780456758,139.390637
1780456758,142.744195
1780456758,142.218606
1780456758,142.094522
1780456758,142.485088
1780456758,140.563302
1780456758,140.996393
1780456758,142.785841
1780456758,141.063135
1780456758,140.537441
1780456758,141.343821
1780456758,141.665764
1780456758,142.127778
1780456758,141.560049
1780456758,140.593761
1780456758,138.481468
1780456758,140.958433
1780456758,102.806700
1780456758,103.004337
1780456758,103.208334
1780456758,103.407049
1780456758,103.973725
1780456758,103.862666
1780456758,104.189221
1780456758,104.147671
1780456758,104.020449
1780456758,104.654896
1780456758,105.670038
1780456758,105.662969
1780456758,106.038671
1780456758,105.975403
1780456758,105.672117
1780456758,104.456739
1780456758,104.217588
1780456758,105.820179
1780456758,105.795782
1780456758,104.793159
1780456758,108.471472
1780456758,106.969541
1780456758,106.164251
1780456758,107.266069
1780456758,106.863444
1780456758,108.811046
1780456758,108.208904
1780456758,106.893059
1780456758,107.470322
1780456758,109.018540
1780456758,106.654091
1780456758,108.631506
1780456758,108.265525
1780456758,108.665252
1780456758,107.371402
1780456758,106.844092
1780456758,108.671677
1780456758,107.276692
1780456758,108.478661
1780456758,107.128223
1780456758,107.326770
1780456758,107.468663
1780456758,106.872931
1780456758,109.807110
1780456758,109.646277
1780456758,109.696944
1780456758,109.460120
1780456758,109.670750
1780456758,108.212006
1780456758,110.075740
1780456758,107.044345
1780456758,108.343461
1780456758,109.584698
1780456758,110.549519
1780456758,113.947803
1780456758,115.503020
1780456758,114.020027
1780456758,110.271990
1780456758,111.347365
1780456758,114.330470
1780456758,112.591600
1780456758,114.659784
1780456758,114.121508
1780456758,110.459685
1780456758,114.292658
1780456758,110.395250
1780456758,111.516729
1780456758,114.470032
1780456758,114.026157
1780456758,114.713391
1780456758,114.178219
1780456758,110.509316
1780456758,114.929305
1780456758,108.290335
1780456758,114.572317
1780456758,116.257053
1780456758,106.327238
1780456758,109.912803
1780456758,114.381861
1780456758,114.217199
1780456758,114.859861
1780456758,110.066507
1780456758,114.526739
1780456758,116.440698
1780456758,115.230179
1780456758,110.381408
1780456758,115.435283
1780456758,106.319066
1780456758,115.231859
1780456758,113.088119
1780456758,115.596255
1780456758,111.849149
1780456758,113.811227
1780456758,101.694048
1780456758,116.132763
1780456758,115.621721
1780456758,113.903461
1780456758,115.559063
1780456758,115.261975
1780456758,107.388936
1780456758,111.873005
1780456758,111.847090
1780456758,111.904293
1780456758,115.586661
1780456758,112.829978
1780456758,112.827135
1780456758,114.065884
1780456758,112.960472
1780456758,102.907117
1780456758,118.204273
1780456758,119.166268
1780456758,118.486273
1780456758,115.370152
1780456758,117.728707
1780456758,155.651600
1780456758,118.703918
1780456758,112.739456
1780456758,117.822134
1780456758,114.252689
1780456758,118.629942
1780456758,114.193505
1780456758,118.629721
1780456758,117.740741
1780456758,118.715789
1780456758,117.850193
1780456758,113.563571
1780456758,118.023107
1780456758,118.202244
1780456758,118.012114
1780456758,117.837142
1780456758,119.103836
1780456758,117.789428
1780456758,112.800425
1780456758,103.094675
1780456758,103.117748
1780456758,103.286273
1780456758,103.129534
1780456758,103.440121
1780456758,103.323137
1780456758,103.809035
1780456758,103.746157
1780456758,104.139845
1780456758,104.265839
1780456758,104.585143
1780456758,105.843019
1780456758,103.327834
1780456758,104.756385
1780456758,104.867049
1780456758,104.653213
1780456758,104.757714
1780456758,104.737178
1780456758,104.759933
1780456758,102.876205
1780456758,102.741788
1780456758,102.659050
1780456758,102.920415
1780456758,102.456663
1780456758,103.755013
1780456758,103.863529
1780456758,103.562178
1780456758,104.377792
1780456758,102.907999
1780456758,102.954041
1780456758,102.549692
1780456758,104.580148
1780456758,102.749227
1780456758,103.642919
1780456758,102.793956
1780456758,103.164526
1780456758,103.855587
1780456758,102.789357
1780456758,103.626890
1780456758,102.626910
1780456758,103.082560
1780456758,103.729219
1780456758,102.630984
1780456758,103.695187
1780456758,103.770990
1780456758,103.761809
1780456758,103.763623
1780456758,102.843899
1780456758,103.204277
1780456758,103.783028
1780456758,103.033661
1780456758,103.560412
1780456758,103.998803
1780456758,104.061610
1780456758,104.005629
1780456758,104.047989
1780456758,103.485693
1780456758,103.266781
1780456758,103.320790
1780456758,105.704037
1780456758,105.863838
1780456758,106.521835
1780456758,105.944891
1780456758,105.667131
1780456758,105.148540
1780456758,105.353617
1780456758,105.343410
1780456758,107.386083
1780456758,106.055619
1780456758,106.137346
1780456758,106.163408
1780456758,105.189672
1780456758,105.622042
1780456758,104.082322
1780456758,107.183123
1780456758,108.798690
1780456758,104.166475
1780456758,103.295403
1780456758,105.858917
1780456758,103.447336
1780456758,103.052697
1780456758,103.520906
1780456758,108.374192
1780456758,108.456714
1780456758,107.832220
1780456758,108.842346
1780456758,104.908805
1780456758,107.052375
1780456758,106.264906
1780456758,111.806948
1780456758,110.988108
1780456758,106.101694
1780456758,108.761126
1780456758,108.121643
1780456758,108.086816
1780456758,107.379477
1780456758,108.355268
1780456758,106.109342
1780456758,109.611696
1780456758,106.326214
1780456758,107.154036
1780456758,105.902779
1780456758,108.838028
1780456758,102.282850
1780456758,108.008391
1780456758,109.051167
1780456758,108.209557
1780456758,102.524427
1780456758,108.051419
1780456758,108.899954
1780456758,107.583535
1780456758,107.220663
1780456758,108.205978
1780456758,108.924236
1780456758,106.667390
1780456758,107.035918
1780456758,107.428334
1780456758,107.569800
1780456758,107.344010
1780456758,107.214992
1780456758,107.165798
1780456758,107.025059
1780456758,107.339524
1780456758,107.719068
1780456758,107.822022
1780456758,102.635999
1780456758,102.573818
1780456758,102.644652
1780456758,102.555809
1780456758,102.776290
1780456758,103.254406
1780456758,103.607406
1780456758,103.759507
1780456758,103.271156
1780456758,103.774283
1780456758,103.638827
1780456758,104.053950
1780456758,104.222943
1780456758,104.756707
1780456758,104.674695
1780456758,104.978787
1780456758,105.062541
1780456758,104.781669
1780456758,105.009109
1780456758,104.724170
1780456758,105.162826
1780456758,104.726239
1780456758,104.746238
1780456758,105.339543
1780456758,106.657960
1780456758,106.310575
1780456758,106.709766
1780456758,107.059302
1780456758,107.563462
1780456758,105.644421
1780456758,107.842408
1780456758,107.660733
1780456758,107.789042
1780456758,108.413664
1780456758,108.607953
1780456758,108.619579
1780456758,108.864703
1780456758,108.930141
1780456758,107.242770
1780456758,108.841132
1780456758,107.531089
1780456758,108.853317
1780456758,106.972430
1780456758,107.030121
1780456758,108.059164
1780456758,108.251930
1780456758,108.401304
1780456758,108.818761
1780456758,111.410248
1780456758,110.156034
1780456758,111.433642
1780456758,111.766432
1780456758,113.903304
1780456758,115.083859
1780456758,114.253785
1780456758,115.346822
1780456758,114.466357
1780456758,115.620251
1780456758,115.643092
1780456758,114.674479
1780456758,116.219370
1780456758,114.427346
1780456758,112.783560
1780456758,115.102154
1780456758,116.574109
1780456758,114.172116
1780456758,116.106311
1780456758,116.115410
1780456758,115.261682
1780456758,115.242563
1780456758,115.336101
1780456758,114.584863
1780456758,114.635371
1780456758,117.410057
1780456758,117.488255
1780456758,114.834100
1780456758,114.810098
1780456758,117.677472
1780456758,115.136522
1780456758,116.007416
1780456758,118.364481
1780456758,118.498763
1780456758,111.497545
1780456758,119.770703
1780456758,119.663194
1780456758,119.856505
1780456758,120.042889
1780456758,120.442363
1780456758,118.962808
1780456758,120.182520
1780456758,120.334140
1780456758,117.233423
1780456758,119.051133
1780456758,116.567345
1780456758,116.528572
1780456758,120.521349
1780456758,117.317029
1780456758,116.637236
1780456758,124.287096
1780456758,124.075133
1780456758,124.195379
1780456758,123.985874
1780456758,124.472043
1780456758,123.917447
1780456758,125.418400
1780456758,123.911909
1780456758,124.284301
1780456758,124.403621
1780456758,124.211436
1780456758,125.324595
1780456758,123.880989
1780456758,124.249434
1780456758,124.283178
1780456758,125.878745
1780456758,122.727370
1780456758,126.098546
1780456758,123.845571
1780456758,126.130282
1780456758,120.334731
1780456758,123.994040
1780456758,125.848101
1780456758,120.641112
1780456758,125.463421
1780456758,125.577386
1780456758,120.793851
1780456758,120.571709
1780456758,124.089878
1780456758,125.751882
1780456758,120.180964
1780456758,125.957312
1780456758,126.007336
1780456758,123.875612
1780456758,123.742283
1780456758,116.207217
1780456758,126.494648
1780456758,115.243563
1780456758,118.870289
1780456758,123.064693
1780456758,119.264786
1780456758,115.465475
1780456758,123.948694
1780456758,115.825745
1780456758,126.445241
1780456758,116.270688
1780456758,126.311937
1780456758,123.315128
1780456758,126.523272
1780456758,125.019059
1780456758,125.728491
1780456758,126.746545
1780456758,126.250823
1780456758,124.166215
1780456758,126.533340
1780456758,125.609932
1780456758,124.215799
1780456758,126.431129
1780456758,126.389856
1780456758,124.623898
1780456758,125.369250
1780456758,125.679680
1780456758,124.812072
1780456758,127.396500
1780456758,121.920916
1780456758,121.844284
1780456758,122.582555
1780456758,127.549490
1780456758,124.605265
1780456758,122.758655
1780456758,126.578874
1780456758,126.816762
1780456758,126.336608
1780456758,127.269072
1780456758,122.436670
1780456758,126.470276
1780456758,124.544265
1780456758,127.723305
1780456758,126.392264
1780456758,121.413404
1780456758,121.056576
1780456758,127.882036
1780456758,127.891388
1780456758,116.648937
1780456758,123.765845
1780456758,119.245212
1780456758,120.176530
1780456758,122.312655
1780456758,120.682551
1780456758,128.633269
1780456758,128.877592
1780456758,116.665734
1780456758,122.343856
1780456758,124.352664
1780456758,119.725238
1780456758,122.755040
1780456758,121.293085
1780456758,125.296274
1780456758,122.955400
1780456758,130.624784
1780456758,123.418462
1780456758,125.564146
1780456758,123.240188
1780456758,125.111247
1780456758,119.646977
1780456758,121.282566
1780456758,125.038670
1780456758,117.581082
1780456758,117.596291
1780456758,125.767969
1780456758,122.240200
1780456758,119.483083
1780456758,124.113453
1780456758,119.455199
1780456758,124.219712
1780456758,122.552332
1780456758,119.343336
1780456758,127.579331
1780456758,127.840275
1780456758,127.139952
1780456758,123.748914
1780456758,125.012032
1780456758,124.539152
1780456758,125.687659
1780456758,134.991794
1780456758,123.212479
1780456758,135.674617
1780456758,123.825962
1780456758,123.906304
1780456758,129.926868
1780456758,129.494815
1780456758,128.941312
1780456758,125.036518
1780456758,129.443086
1780456758,135.203344
1780456758,125.745991
1780456758,135.358291
1780456758,137.445786
1780456758,128.990838
1780456758,123.489430
1780456758,133.546065
1780456758,129.585414
1780456758,123.614873
1780456758,124.518272
1780456758,129.167930
1780456758,135.997059
1780456758,135.825698
1780456758,126.150862
1780456758,135.758646
1780456758,129.179328
1780456758,130.005315
1780456758,129.976939
1780456758,126.763319
1780456758,130.010306
1780456758,130.281428
1780456758,129.869241
1780456758,130.811788
1780456758,124.879176
1780456758,130.487668
1780456758,125.347261
1780456758,130.881409
1780456758,130.833972
1780456758,130.195112
1780456758,130.337595
1780456758,124.445961
1780456758,129.431458
1780456758,129.873036
1780456758,130.580312
1780456758,130.387933
1780456758,130.125310
1780456758,124.663722
1780456758,130.808250
1780456758,130.255267
1780456758,128.675800
1780456758,133.503649
1780456758,130.670057
1780456758,128.681348
1780456758,130.418646
1780456758,124.236111
1780456758,128.813656
1780456758,124.116283
1780456758,128.791512
1780456758,129.087419
1780456758,128.179050
1780456758,129.236692
1780456758,128.183665
1780456758,128.567314
1780456758,129.925946
1780456758,129.042546
1780456758,128.788145
1780456758,128.355975
1780456758,128.789066
1780456758,128.545398
1780456758,131.048509
1780456758,128.768921
1780456758,130.263622
1780456758,130.054091
1780456758,133.913309
1780456758,129.289147
1780456758,130.765760
1780456758,129.763103
1780456758,133.653131
1780456758,125.254897
1780456758,134.394880
1780456758,129.166179
1780456758,134.574018
1780456758,128.896794
1780456758,129.269326
1780456758,130.355582
1780456758,129.983798
1780456758,131.371419
1780456758,129.152328
1780456758,138.713880
1780456758,129.952384
1780456758,129.499892
1780456758,125.720056
1780456758,131.918126
1780456758,135.434009
1780456758,129.406807
1780456758,134.485157
1780456758,131.131026
1780456758,130.858355
1780456758,136.564335
1780456758,132.512742
1780456758,126.341505
1780456758,132.678634
1780456758,130.085920
1780456758,141.817133
1780456758,141.400579
1780456758,132.627728
1780456758,130.866960
1780456758,132.718400
1780456758,132.906611
1780456758,132.611810
1780456758,135.479469
1780456758,135.789206
1780456758,135.835317
1780456758,136.051337
1780456758,131.694090
1780456758,134.961393
1780456758,135.014009
1780456758,136.694113
1780456758,139.145645
1780456758,132.980569
1780456758,140.835986
1780456758,141.407783
1780456758,132.263843
1780456758,137.659012
1780456758,148.527816
1780456758,148.853918
1780456758,149.528848
1780456758,146.836921
1780456758,146.854033
1780456758,148.945848
1780456758,149.168032
1780456758,149.996107
1780456758,147.341324
1780456758,148.443384
1780456758,150.332761
1780456758,148.675576
1780456758,149.079263
1780456758,149.409379
1780456758,148.960798
1780456758,141.221905
1780456758,138.721138
1780456758,141.367464
1780456758,151.046791
1780456758,150.842958
1780456758,151.616997
1780456758,151.282793
1780456758,144.310723
1780456758,150.750568
1780456758,141.484256
1780456758,143.323239
1780456758,143.201937
1780456758,144.933998
1780456758,144.457498
1780456758,143.595551
1780456758,138.303417
1780456758,144.392304
1780456758,150.992391
1780456758,142.614076
1780456758,144.615163
1780456758,144.545700
1780456758,145.269059
1780456758,145.140621
1780456758,150.686231
1780456758,145.863305
1780456758,153.856029
1780456758,155.099402
1780456758,154.396838
1780456758,151.592691
1780456758,147.984574
1780456758,142.596884
1780456758,148.332547
1780456758,143.054281
1780456758,148.095923
1780456758,152.023602
1780456758,147.343324
1780456758,148.151498
1780456758,144.799742
1780456758,151.896527
1780456758,152.631469
1780456758,150.591671
1780456758,147.645752
1780456758,146.240397
1780456758,151.112885
1780456758,145.417274
1780456758,143.224962
1780456758,151.156457
1780456758,147.150285
1780456758,148.215947
1780456758,148.302751
1780456758,145.148211
1780456758,149.167081
1780456758,140.563722
1780456758,146.577784
1780456758,140.057389
1780456758,153.922658
1780456758,140.730197
1780456758,150.168663
1780456758,145.817613
1780456758,151.018756
1780456758,145.894621
1780456758,145.395202
1780456758,146.035617
1780456758,151.603079
1780456758,144.004021
1780456758,151.196172
1780456758,151.640243
1780456758,144.279545
1780456758,147.260273
1780456758,150.418939
1780456758,145.686966
1780456758,145.705490
1780456758,150.557366
1780456758,151.322161
1780456758,145.500540
1780456758,151.644946
1780456758,147.789719
1780456758,150.253709
1780456758,154.218756
1780456758,152.031473
1780456758,150.092251
1780456758,145.854550
1780456758,150.743068
1780456758,141.556384
1780456758,149.887609
1780456758,158.360254
1780456758,141.532978
1780456758,141.817594
1780456758,151.272487
1780456758,155.138117
1780456758,145.568663
1780456758,159.666368
1780456758,142.257274
1780456758,156.028302
1780456758,155.624691
1780456758,160.558601
1780456758,151.033074
1780456758,106.896438
1780456758,149.506247
1780456758,155.550841
1780456758,104.712767
1780456758,155.712204
1780456758,152.130951
1780456758,146.070386
1780456758,150.924586
1780456758,152.071703
1780456758,150.792583
1780456758,149.274629
1780456758,155.257724
1780456758,153.452986
1780456758,155.270902
1780456758,152.163578
1780456758,148.397470
1780456758,148.153965
1780456758,154.353349
1780456758,152.219790
1780456758,147.815653
1780456758,148.588327
1780456758,151.351810
1780456758,151.678004
1780456758,154.205766
1780456758,151.811528
1780456758,152.144219
1780456758,155.167422
1780456758,146.696617
1780456758,148.099490
1780456758,151.772828
1780456758,152.317358
1780456758,155.633325
1780456758,148.216336
1780456758,157.157631
1780456758,153.604545
1780456758,151.657686
1780456758,154.403446
1780456758,152.020059
1780456758,156.463011
1780456758,151.842720
1780456758,147.235764
1780456758,155.605540
1780456758,148.676417
1780456758,152.438338
1780456758,156.112245
1780456758,145.868495
1780456758,147.062462
1780456758,152.435068
1780456758,152.299414
1780456758,156.333230
1780456758,149.388993
1780456758,146.594643
1780456758,155.636129
1780456758,149.185008
1780456758,147.023558
1780456758,155.632099
1780456758,147.022703
1780456758,154.801288
1780456758,146.264111
1780456758,145.614034
1780456758,146.628118
1780456758,146.573542
1780456758,163.327551
1780456758,146.250985
1780456758,146.976103
1780456758,154.129419
1780456758,153.830448
1780456758,151.988871
1780456758,159.851764
1780456758,153.541553
1780456758,161.608259
1780456758,150.306412
1780456758,153.189862
1780456758,159.237254
1780456758,158.793469
1780456758,154.605338
1780456758,155.154900
1780456758,162.798455
1780456758,159.377821
1780456758,156.687696
1780456758,153.560924
1780456758,159.491218
1780456758,162.001231
1780456758,153.074236
1780456758,161.584275
1780456758,148.374322
1780456758,154.624546
1780456758,158.589349
1780456758,159.045914
1780456758,162.556025
1780456758,152.606094
1780456758,110.647111
1780456758,157.916734
1780456758,160.729029
1780456758,154.238757
1780456758,154.544097
1780456758,166.788173
1780456758,154.467557
1780456758,159.117865
1780456758,154.506771
1780456758,168.215761
1780456758,154.192292
1780456758,165.076024
1780456758,155.859307
1780456758,159.604647
1780456758,126.270199
1780456758,168.419115
1780456758,165.151038
1780456758,164.906116
1780456758,169.123738
1780456758,159.970231
1780456758,169.351590
1780456758,166.104367
1780456758,168.951971
1780456758,105.730136
1780456758,169.920548
1780456758,166.313138
1780456758,168.876137
1780456758,160.756141
1780456758,169.007920
1780456758,104.425219
1780456758,164.272247
1780456758,164.412991
1780456758,103.604030
1780456758,170.763924
1780456758,169.514864
1780456758,164.059139
1780456758,170.277802
1780456758,158.967221
1780456758,158.789407
1780456758,158.949517
1780456758,159.162633
1780456758,159.323877
1780456758,172.528641
1780456758,116.540752
1780456758,158.459133
1780456758,159.808016
1780456758,159.684898
1780456758,159.116283
1780456758,159.761986
1780456758,116.654080
1780456758,116.506028
1780456758,171.966963
1780456758,116.650953
1780456758,116.759027
1780456758,120.218955
1780456758,120.062578
1780456758,119.607019
1780456758,118.002055
1780456758,167.734643
1780456758,167.704985
1780456758,118.168700
1780456758,167.475745
1780456758,118.187683
1780456758,167.801797
1780456758,110.269572
1780456758,165.361227
1780456758,106.161187
1780456758,110.388631
1780456758,109.195740
1780456758,161.749275
1780456758,172.031819
1780456758,116.042310
1780456758,120.973357
1780456758,118.374417
1780456758,166.625373
1780456758,167.952685
1780456758,168.054427
1780456758,167.884531
1780456758,166.980610
1780456758,162.294033
1780456758,106.371764
1780456758,106.436668
1780456758,165.631221
1780456758,167.496129
1780456758,168.398190
1780456758,168.645805
1780456758,110.596039
1780456758,172.214057
1780456758,111.391814
1780456758,167.395579
1780456758,172.939002
1780456758,108.774977
1780456758,173.010235
1780456758,169.330647
1780456758,171.109988
1780456758,165.881723
1780456758,171.126396
1780456758,170.673006
1780456758,169.081825
1780456758,170.389004
1780456758,165.241053
1780456758,107.420878
1780456758,107.444118
1780456758,166.002659
1780456758,173.824770
1780456758,166.163472
1780456758,173.109532
1780456758,169.156426
1780456758,108.466890
1780456758,168.532990
1780456758,106.692797
1780456758,172.823462
1780456758,162.047508
1780456758,111.764311
1780456758,170.174780
1780456758,106.925999
1780456758,169.644624
1780456758,108.134402
1780456758,171.981589
1780456758,168.964368
1780456758,169.684950
1780456758,133.794467
1780456758,169.544633
1780456758,162.500682
1780456758,169.828039
1780456758,164.593768
1780456758,170.467779
1780456758,165.719100
1780456758,172.438183
1780456758,112.303019
1780456758,173.070002
1780456758,164.945664
1780456758,170.411486
1780456758,166.858882
1780456758,170.727287
1780456758,112.295165
1780456758,169.803801
1780456758,167.039379
1780456758,112.408390
1780456758,167.113922
1780456758,167.047186
1780456758,120.480605
1780456758,169.422644
1780456758,169.108016
1780456758,109.584245
1780456758,105.487452
1780456758,107.479624
1780456758,175.699057
1780456758,175.510906
1780456758,174.092092
1780456758,104.591641
1780456758,172.283016
1780456758,106.299577
1780456758,175.926012
1780456758,103.171568
1780456758,172.427376
1780456758,176.088308
1780456758,176.888360
1780456758,167.167857
1780456758,165.199370
1780456758,135.543348
1780456758,106.935425
1780456758,172.012633
1780456758,177.299485
1780456758,172.076806
1780456758,134.077223
1780456758,109.901611
1780456758,167.800905
1780456758,107.701627
1780456758,109.952274
1780456758,167.638414
1780456758,110.044069
1780456758,103.489975
1780456758,103.599909
1780456758,166.638067
1780456758,103.663982
1780456758,166.750718
1780456758,176.798784
1780456758,104.072592
1780456758,177.225387
1780456758,104.930144
1780456758,104.952446
1780456758,103.405716
1780456758,112.048704
1780456758,177.608098
1780456758,177.521858
1780456758,176.909745
1780456758,109.444513
1780456758,111.257076
1780456758,178.040957
1780456758,109.687564
1780456758,105.260953
1780456758,178.483304
1780456758,177.111607
1780456758,109.015791
1780456758,109.989255
1780456758,176.702990
1780456758,177.730792
1780456758,176.402088
1780456758,176.821193
1780456758,179.179572
1780456758,172.989503
1780456758,181.569212
1780456758,175.493352
1780456758,132.546254
1780456758,110.432125
1780456758,181.036976
1780456758,104.948579
1780456758,109.813461
1780456758,182.174761
1780456758,109.060497
1780456758,105.447443
1780456758,134.136041
1780456758,134.253499
1780456758,106.412254
1780456758,178.221872
1780456758,103.616550
1780456758,103.478769
1780456758,183.200848
1780456758,178.379352
1780456758,105.978794
1780456758,181.093247
1780456758,182.938529
1780456758,104.272464
1780456758,180.423980
1780456758,176.575434
1780456758,180.278993
1780456758,136.237618
1780456758,181.583890
1780456758,132.576754
1780456758,105.961003
1780456758,104.871957
1780456758,104.476568
1780456758,180.605449
1780456758,181.287042
1780456758,181.062527
1780456758,104.049530
1780456758,104.050237
1780456758,181.352866
1780456758,104.614354
1780456758,183.009024
1780456758,181.370083
1780456758,180.879611
1780456758,181.772874
1780456758,105.723035
1780456758,181.196188
1780456758,177.175331
1780456758,183.427663
1780456758,181.252933
1780456758,133.307693
1780456758,177.495186
1780456758,132.306972
1780456758,183.584632
1780456758,131.459162
1780456758,183.397141
1780456758,137.386807
1780456758,183.247750
1780456758,137.792266
1780456758,178.351973
1780456758,183.340123
1780456758,134.560607
1780456758,145.963964
1780456758,134.912292
1780456758,134.987800
1780456758,135.085206
1780456758,133.911994
1780456758,139.063488
1780456758,139.214577
1780456758,106.451607
1780456758,105.887855
1780456758,180.058584
1780456758,133.592415
1780456758,180.213406
1780456758,106.025526
1780456758,139.877008
1780456758,105.733137
1780456758,106.465046
1780456758,180.598406
1780456758,180.426446
1780456758,106.077900
1780456758,129.546313
1780456758,105.481236
1780456758,134.685358
1780456758,138.170225
1780456758,107.255115
1780456758,137.499547
1780456758,134.947284
1780456758,106.219409
1780456758,130.640497
1780456758,130.215885
1780456758,106.833225
1780456758,130.917362
1780456758,130.406427
1780456758,128.383798
1780456758,106.861824
1780456758,127.809859
1780456758,107.342255
1780456758,128.569411
1780456758,126.916776
1780456758,126.332596
1780456758,108.017489
1780456758,127.060322
1780456758,125.321672
1780456758,106.747405
1780456758,127.298520
1780456758,127.613967
1780456758,124.619099
1780456758,106.756997
1780456758,125.858060
1780456758,106.091497
1780456758,122.728511
1780456758,119.608635
1780456758,126.375542
1780456758,119.968994
1780456758,119.950333
1780456758,107.564911
1780456758,120.279671
1780456758,107.749197
1780456758,122.521406
1780456758,107.387095
1780456758,120.465992
1780456758,127.064370
1780456758,124.352757
1780456758,119.006548
1780456758,124.160425
1780456758,122.661880
1780456758,107.657592
1780456758,120.956685
1780456758,121.278434
1780456758,121.404647
1780456758,118.696646
1780456758,120.763933
1780456758,108.249793
1780456758,118.886063
1780456758,120.853175
1780456758,120.841172
1780456758,121.966489
1780456758,119.370844
1780456758,119.400578
1780456758,120.825119
1780456758,121.621121
1780456758,108.247136
1780456758,121.232765
1780456758,108.328312
1780456758,121.958936
1780456758,119.434642
1780456758,119.759344
1780456758,119.643908
1780456758,110.521140
1780456758,110.636799
1780456758,110.743789
1780456758,120.215273
1780456758,120.387950
1780456758,120.347346
1780456758,109.419003
1780456758,108.155535
1780456758,120.391904
1780456758,119.425653
1780456758,108.265216
1780456758,120.530108
1780456758,108.286205
1780456758,114.765961
1780456758,121.468661
1780456758,108.861228
1780456758,121.624173
1780456758,108.597245
1780456758,108.861086
1780456758,114.371852
1780456758,111.258330
1780456758,111.571916
1780456758,108.251194
1780456758,111.623346
1780456758,111.093486
1780456758,104.223620
1780456758,122.495531
1780456758,122.831020
1780456758,103.192825
1780456758,122.032705
1780456758,111.081597
1780456758,123.145309
1780456758,122.438289
1780456758,111.525404
1780456758,121.424446
1780456758,121.452715
1780456758,123.226156
1780456758,104.496196
1780456758,104.613773
1780456758,112.373350
1780456758,121.517622
1780456758,105.353475
1780456758,105.334956
1780456758,113.078431
1780456758,106.649090
1780456758,105.379871
1780456758,103.393626
1780456758,107.016544
1780456758,106.988040
1780456758,107.079132
1780456758,106.729658
1780456758,111.731857
1780456758,106.662934
1780456758,118.082189
1780456758,106.983499
1780456758,103.730938
1780456758,120.969137
1780456758,121.022680
1780456758,103.766651
1780456758,122.113844
1780456758,103.493769
1780456758,106.483718
1780456758,108.050791
1780456758,108.029779
1780456758,105.722659
1780456758,108.192218
1780456758,103.343344
1780456758,104.128842
1780456758,104.019111
1780456758,118.331200
1780456758,104.440068
1780456758,119.213603
1780456758,115.868283
1780456758,107.027327
1780456758,103.597152
1780456758,104.316212
1780456758,116.864571
1780456758,116.818941
1780456758,115.620684
1780456758,109.153052
1780456758,109.218312
1780456758,105.181520
1780456758,115.693579
1780456758,115.725623
1780456758,105.314327
1780456758,115.674990
1780456758,108.216613
1780456758,109.310524
1780456758,104.735792
1780456758,105.294082
1780456758,115.668897
1780456758,115.943989
1780456758,108.722876
1780456758,114.942629
1780456758,115.179493
1780456758,114.180822
1780456758,104.499791
1780456758,103.609087
1780456758,104.090950
1780456758,104.332535
1780456758,105.359888
1780456758,105.067502
1780456758,104.600043
1780456758,104.582768
1780456758,104.632939
1780456758,105.659242
1780456758,104.812638
1780456758,105.201117
1780456758,105.923579
1780456758,106.120037
1780456758,105.344975
1780456758,106.510072
1780456758,105.736843
1780456758,106.680290
1780456758,106.077578
1780456758,106.746537
1780456758,105.759311
1780456758,106.851575
1780456758,106.470231
1780456758,106.891735
1780456758,106.561933
1780456758,106.556052
1780456758,106.650689
1780456758,106.894426
1780456758,107.013853
1780456758,107.032538
1780456758,106.975396
1780456758,107.482627
1780456758,107.552963
1780456758,108.705721
1780456758,108.516568
1780456758,108.772748
1780456758,111.002946
1780456758,111.800054
1780456758,111.075183
1780456758,111.936366
1780456758,111.846123
1780456758,111.785994
1780456758,112.057748
1780456758,111.251270
1780456758,112.201125
1780456758,114.918270
1780456758,114.879765
1780456758,114.722056
1780456758,114.459968
1780456758,114.528397
1780456758,114.385976
1780456758,114.457539
1780456758,104.871405
1780456758,105.085091
1780456758,105.085488
1780456758,105.653890
1780456758,106.142946
1780456758,109.065315
1780456758,109.698772
1780456758,109.702314
1780456758,110.209558
1780456758,110.141645
1780456758,111.165766
1780456758,111.383096
1780456758,111.630404
1780456758,111.855374
1780456758,111.715574
1780456758,111.903278
1780456758,112.576181
1780456758,112.692629
1780456758,115.516233
1780456758,115.369752
1780456758,115.750903
1780456758,115.303453
1780456758,115.304428
1780456758,115.337267
1780456758,115.904930
1780456758,115.220803
1780456758,115.694169
1780456758,115.895113
1780456758,115.527687
1780456758,115.958036
1780456758,114.953087
1780456758,115.432210
1780456758,115.424734
1780456758,115.864138
1780456758,115.512033
1780456758,115.772313
1780456758,115.732370
1780456758,115.715791
1780456758,115.461520
1780456758,114.211179
1780456758,114.182782
1780456758,114.165827
1780456758,114.258741
1780456758,114.619084
1780456758,114.699713
1780456758,114.703069
1780456758,114.960351
1780456758,115.181299
1780456758,115.440966
1780456758,114.086963
1780456758,115.855891
1780456758,114.618437
1780456758,118.211201
1780456758,118.136365
1780456758,114.892213
1780456758,118.553862
1780456758,114.011675
1780456758,114.103902
1780456758,118.860965
1780456758,114.194064
1780456758,118.799332
1780456758,119.231563
1780456758,119.480372
1780456758,119.610909
1780456758,118.564321
1780456758,119.074792
1780456758,119.132353
1780456758,116.273108
1780456758,115.981278
1780456758,108.980390
1780456758,116.075212
1780456758,119.382510
1780456758,111.640143
1780456758,111.870337
1780456758,122.162308
1780456758,122.020484
1780456758,119.263013
1780456758,119.172780
1780456758,119.280720
1780456758,122.057475
1780456758,122.266499
1780456758,122.044494
1780456758,122.181073
1780456758,119.293844
1780456758,119.460125
1780456758,119.510581
1780456758,122.430497
1780456758,119.409143
1780456758,120.014511
1780456758,120.335318
1780456758,111.027733
1780456758,121.100464
1780456758,115.145261
1780456758,112.579167
1780456758,115.575560
1780456758,115.201386
1780456758,115.460940
1780456758,115.581794
1780456758,115.671556
1780456758,115.596080
1780456758,115.330151
1780456758,115.543069
1780456758,112.585296
1780456758,115.510937
1780456758,115.665443
1780456758,112.977160
1780456758,115.644545
1780456758,115.514907
1780456758,115.846339
1780456758,112.557293
1780456758,115.813119
1780456758,112.668672
1780456758,112.645811
1780456758,112.771810
1780456758,112.736924
1780456758,116.118406
1780456758,116.306733
1780456758,113.211896
1780456758,114.709525
1780456758,118.278678
1780456758,115.660676
1780456758,114.892379
1780456758,115.880872
1780456758,116.960206
1780456758,117.010825
1780456758,116.653009
1780456758,116.964404
1780456758,117.020560
1780456758,117.227883
1780456758,119.581508
1780456758,119.713367
1780456758,119.520095
1780456758,119.543473
1780456758,120.372050
1780456758,120.301207
1780456758,117.579066
1780456758,120.613858
1780456758,120.909932
1780456758,110.215161
1780456758,121.093956
1780456758,121.333223
1780456758,121.196098
1780456758,120.417478
1780456758,121.165483
1780456758,121.032287
1780456758,120.692595
1780456758,121.020665
1780456758,118.063652
1780456758,112.250040
1780456758,119.304366
1780456758,110.872466
1780456758,123.696405
1780456758,116.178052
1780456758,123.991028
1780456758,123.581790
1780456758,124.077505
1780456758,124.082536
1780456758,122.968815
1780456758,122.805889
1780456758,124.007534
1780456758,124.062853
1780456758,123.451268
1780456758,123.698391
1780456758,123.375421
1780456758,124.047848
1780456758,123.071742
1780456758,123.263494
1780456758,123.394066
1780456758,123.456411
1780456758,123.621752
1780456758,123.680270
1780456758,123.560222
1780456758,121.980943
1780456758,123.423337
1780456758,123.846374
1780456758,122.098253
1780456758,109.569162
1780456758,122.133477
1780456758,110.611676
1780456758,109.552919
1780456758,123.073997
1780456758,123.147920
1780456758,115.228753
1780456758,128.286939
1780456758,114.571936
1780456758,114.761090
1780456758,127.941117
1780456758,128.264914
1780456758,128.436450
1780456758,114.954809
1780456758,138.339052
1780456758,126.976615
1780456758,121.467419
1780456758,121.469065
1780456758,118.851463
1780456758,129.934446
1780456758,129.654377
1780456758,115.917218
1780456758,129.702004
1780456758,119.196319
1780456758,129.674257
1780456758,129.908170
1780456758,115.137661
1780456758,116.539111
1780456758,116.585960
1780456758,108.020344
1780456758,108.341338
1780456758,108.403932
1780456758,108.030760
1780456758,108.246595
1780456758,108.443726
1780456758,110.873615
1780456758,123.702629
1780456758,132.204328
1780456758,112.963593
1780456758,112.849556
1780456758,109.050178
1780456758,132.355440
1780456758,132.426137
1780456758,109.216539
1780456758,125.655260
1780456758,113.798189
1780456758,132.401400
1780456758,113.880368
1780456758,112.550061
1780456758,118.015517
1780456758,134.335110
1780456758,118.138119
1780456758,132.796926
1780456758,121.553974
1780456758,113.316706
1780456758,124.236258
1780456758,113.694301
1780456758,112.636061
1780456758,113.636209
1780456758,113.774902
1780456758,113.573877
1780456758,113.387382
1780456758,113.912070
1780456758,112.755633
1780456758,133.180492
1780456758,112.702178
1780456758,114.146152
1780456758,112.774059
1780456758,126.253765
1780456758,112.838676
1780456758,127.095636
1780456758,109.717341
1780456758,112.618878
1780456758,128.181321
1780456758,111.365066
1780456758,111.179474
1780456758,113.623657
1780456758,121.147385
1780456758,111.399717
1780456758,114.222883
1780456758,111.529936
1780456758,111.365534
1780456758,121.145746
1780456758,115.736207
1780456758,113.270928
1780456758,116.681778
1780456758,116.544270
1780456758,118.127762
1780456758,109.140253
1780456758,118.023894
1780456758,117.799003
1780456758,117.710360
1780456758,106.402781
1780456758,118.070220
1780456758,118.518112
1780456758,113.682853
1780456758,111.191731
1780456758,126.932710
1780456758,112.555637
1780456758,118.673575
1780456758,112.571969
1780456758,127.199662
1780456758,127.160921
1780456758,119.606520
1780456758,109.698407
1780456758,130.401033
1780456758,131.916991
1780456758,131.691337
1780456758,128.441283
1780456758,131.867679
1780456758,147.866417
1780456758,128.991597
1780456758,128.701047
1780456758,117.431417
1780456758,129.120235
1780456758,135.934051
1780456758,126.548551
1780456758,106.360374
1780456758,126.527652
1780456758,139.645823
1780456758,136.093518
1780456758,126.317869
1780456758,126.554940
1780456758,126.693180
1780456758,141.188490
1780456758,114.109623
1780456758,140.039609
1780456758,109.504922
1780456758,148.447767
1780456758,126.871105
1780456758,142.505973
1780456758,114.773852
1780456758,147.585002
1780456758,148.581596
1780456758,129.658878
1780456758,129.556655
1780456758,115.636719
1780456758,129.923459
1780456758,132.394029
1780456758,132.450806
1780456758,107.995554
1780456758,132.379747
1780456758,109.894004
1780456758,128.806592
1780456758,109.363660
1780456758,118.778840
1780456758,110.381078
1780456758,122.798056
1780456758,124.658714
1780456758,130.089469
1780456758,107.707014
1780456758,130.151921
1780456758,128.627555
1780456758,138.872503
1780456758,109.783507
1780456758,134.901792
1780456758,129.624756
1780456758,134.290612
1780456758,142.180163
1780456758,142.805105
1780456758,119.033603
1780456758,139.237391
1780456758,120.689923
1780456758,142.464295
1780456758,111.651388
1780456758,123.587729
1780456758,131.390471
1780456758,132.978213
1780456758,112.505243
1780456758,116.987179
1780456758,117.353333
1780456758,112.440826
1780456758,123.802502
1780456758,114.416071
1780456758,135.837149
1780456758,135.784140
1780456758,114.521529
1780456758,136.063441
1780456758,104.718537
1780456758,146.409592
1780456758,108.128347
1780456758,146.556708
1780456758,112.494445
1780456758,127.645431
1780456758,146.767105
1780456758,129.223229
1780456758,127.897291
1780456758,146.893179
1780456758,133.594729
1780456758,136.583350
1780456758,120.554631
1780456758,132.486285
1780456758,115.772497
1780456758,136.776770
1780456758,121.492683
1780456758,116.147604
1780456758,122.916339
1780456758,115.972298
1780456758,128.166283
1780456758,128.095984
1780456758,122.991089
1780456758,108.658417
1780456758,133.861779
1780456758,116.160423
1780456758,138.606288
1780456758,113.236253
1780456758,147.470879
1780456758,138.490805
1780456758,125.530226
1780456758,121.253814
1780456758,139.095772
1780456758,124.742098
1780456758,126.018332
1780456758,127.170160
1780456758,138.879386
1780456758,126.153484
1780456758,124.292480
1780456758,118.826461
1780456758,127.307956
1780456758,126.211574
1780456758,124.819851
1780456758,127.261626
1780456758,133.126040
1780456758,139.153944
1780456758,120.649174
1780456758,121.571014
1780456758,121.251339
1780456758,121.242408
1780456758,122.285016
1780456758,125.677442
1780456758,141.225911
1780456758,141.373123
1780456758,129.979062
1780456758,145.298851
1780456758,130.479975
1780456758,145.887602
1780456758,132.148261
1780456758,145.937355
1780456758,133.465548
1780456758,143.061368
1780456758,146.134455
1780456758,133.658291
1780456758,146.117806
1780456758,122.178926
1780456758,132.903373
1780456758,140.023327
1780456758,118.549299
1780456758,138.369229
1780456758,124.118260
1780456758,122.958043
1780456758,119.035394
1780456758,120.472811
1780456758,120.402598
1780456758,134.298480
1780456758,125.086860
1780456758,124.200686
1780456758,121.551619
1780456758,125.355078
1780456758,125.210957
1780456758,124.821027
1780456758,125.250324
1780456758,118.455437
1780456758,118.817754
1780456758,111.645670
1780456758,109.724908
1780456758,117.348834
1780456758,118.396298
1780456758,113.695665
1780456758,110.563871
1780456758,111.784565
1780456758,112.422305
1780456758,108.909792
1780456758,111.308231
1780456758,112.593649
1780456758,110.736925
1780456758,112.375118
1780456758,112.037812
1780456758,115.180559
1780456758,114.784830
1780456758,115.759957
1780456758,109.886473
1780456758,127.430622
1780456758,127.400951
1780456758,110.884388
1780456758,126.724485
1780456758,127.538389
1780456758,106.268189
1780456758,111.035685
1780456758,125.171239
1780456758,124.724579
1780456758,130.574534
1780456758,111.161898
1780456758,126.759858
1780456758,123.932635
1780456758,110.063545
1780456758,112.093788
1780456758,123.980195
1780456758,126.992533
1780456758,111.428568
1780456758,110.692584
1780456758,107.401466
1780456758,110.790951
1780456758,103.598583
1780456758,129.016072
1780456758,103.674124
1780456758,128.173241
1780456758,123.793784
1780456758,103.761545
1780456758,124.171983
1780456758,103.040831
1780456758,102.975509
1780456758,103.111925
1780456758,103.283384
1780456758,103.370530
1780456758,102.641366
1780456758,103.928780
1780456758,104.038601
1780456758,103.015690
1780456758,103.058956
1780456758,103.050880
1780456758,103.035286
1780456758,102.983625
1780456758,104.350355
1780456758,103.286411
1780456758,103.147954
1780456758,103.425553
1780456758,103.774830
1780456758,121.507466
1780456758,102.719023
1780456758,121.493112
1780456758,120.913844
1780456758,102.749399
1780456758,120.453963
1780456758,120.136955
1780456758,119.665153
1780456758,102.216591
1780456758,120.675239
1780456758,120.516822
1780456758,102.363915
1780456758,119.669777
1780456758,119.989305
1780456758,118.068771
1780456758,117.805214
1780456758,118.013828
1780456758,117.534659
1780456758,117.631364
1780456758,116.244098
1780456758,115.971660
1780456758,116.680988
1780456758,116.801829
1780456758,103.141405
1780456758,113.149740
1780456758,103.231051
1780456758,103.537311
1780456758,103.449671
1780456758,103.467519
1780456758,103.478668
1780456758,103.474570
1780456758,117.158950
1780456758,117.969621
1780456758,117.888873
1780456758,104.172915
1780456758,104.134998
1780456758,113.979427
1780456758,109.137517
1780456758,118.290664
1780456758,103.882311
1780456758,104.010273
1780456758,103.617841
1780456758,103.570748
1780456758,103.673056
1780456758,109.007371
1780456758,110.381527
1780456758,110.320465
1780456758,109.042815
1780456758,106.804071
1780456758,109.244497
1780456758,102.899440
1780456758,102.824735
1780456758,102.836599
1780456758,103.760498
1780456758,103.732163
1780456758,103.849552
1780456758,103.031735
1780456758,103.885877
1780456758,103.341524
1780456758,103.841786
1780456758,104.769148
1780456758,104.852975
1780456758,104.953196
1780456758,105.289029
1780456758,104.931145
1780456758,105.571091
1780456758,104.731278
1780456758,105.763629
1780456758,105.147620
1780456758,104.889211
1780456758,105.111017
1780456758,105.382149
1780456758,104.978135
1780456758,104.875869
1780456758,105.553403
1780456758,105.131563
1780456758,104.701401
1780456758,105.198092
1780456758,102.940753
1780456758,103.214983
1780456758,103.792655
1780456758,103.864755
1780456758,104.913833
1780456758,104.048377
1780456758,104.272078
1780456758,104.589280
1780456758,106.739850
1780456758,104.667874
1780456758,103.381808
1780456758,105.261492
1780456758,103.577409
1780456758,106.986104
1780456758,106.638586
1780456758,107.741506
1780456758,107.328166
1780456758,105.658960
1780456758,105.482949
1780456758,106.125389
1780456758,105.695679
1780456758,103.297109
1780456758,105.806970
1780456758,104.178453
1780456758,105.878584
1780456758,105.918098
1780456758,106.102447
1780456758,108.326555
1780456758,103.494764
1780456758,109.339925
1780456758,102.831217
1780456758,104.172033
1780456758,102.863398
1780456758,108.890768
1780456758,109.695022
1780456758,104.689909
1780456758,110.103756
1780456758,103.000577
1780456758,110.561800
1780456758,110.093392
1780456758,108.051214
1780456758,107.973762
1780456758,111.134265
1780456758,107.965775
1780456758,106.815587
1780456758,106.699910
1780456758,111.189059
1780456758,106.688280
1780456758,106.748480
1780456758,106.920978
1780456758,111.176654
1780456758,111.237115
1780456758,106.068737
1780456758,106.649231
1780456758,106.394166
1780456758,106.459419
1780456758,107.550999
1780456758,111.892613
1780456758,111.202228
1780456758,104.150552
1780456758,106.601107
1780456758,104.221565
1780456758,105.420901
1780456758,104.262460
1780456758,105.456690
1780456758,106.784249
1780456758,111.200864
1780456758,104.412608
1780456758,111.873815
1780456758,111.280680
1780456758,112.170763
1780456758,112.734466
1780456758,111.759715
1780456758,112.541768
1780456758,110.515952
1780456758,110.584719
1780456758,110.512218
1780456758,112.915314
1780456758,113.464266
1780456758,109.474766
1780456758,109.539399
1780456758,109.692227
1780456758,109.788571
1780456758,109.904326
1780456758,102.273059
1780456758,109.955825
1780456758,102.497058
1780456758,109.514475
1780456758,109.564847
1780456758,102.817872
1780456758,109.752110
1780456758,102.964610
1780456758,102.456997
1780456758,109.897188
1780456758,102.502920
1780456758,103.522868
1780456758,102.757818
1780456758,103.755009
1780456758,102.894413
1780456758,103.874248
1780456758,102.995206
1780456758,104.359508
1780456758,104.483567
1780456758,103.596064
1780456758,104.606870
1780456758,104.607999
1780456758,104.653533
1780456758,103.894936
1780456758,104.775916
1780456758,105.256283
1780456758,105.307317
1780456758,106.409965
1780456758,106.641922
1780456758,107.133842
1780456758,107.400565
1780456758,108.214255
1780456758,107.725360
1780456758,108.053522
1780456758,109.157380
1780456758,110.389253
1780456758,109.932518
1780456758,110.033102
1780456758,110.055096
1780456758,110.184354
1780456758,109.415776
1780456758,109.334516
1780456758,109.285531
1780456758,110.659303
1780456758,111.578157
1780456758,110.111989
1780456758,110.069390
1780456758,110.939347
1780456758,112.189295
1780456758,110.402827
1780456758,110.736165
1780456758,111.067891
1780456758,107.350460
1780456758,110.424703
1780456758,111.022864
1780456758,110.804901
1780456758,112.326682
1780456758,111.718923
1780456758,108.618580
1780456758,104.518056
1780456758,112.199916
1780456758,108.720803
1780456758,112.500440
1780456758,112.751478
1780456758,111.269780
1780456758,105.419797
1780456758,110.362551
1780456758,113.024795
1780456758,113.917249
1780456758,114.435459
1780456758,114.806605
1780456758,115.270655
1780456758,111.002628
1780456758,114.200239
1780456758,114.076308
1780456758,115.709711
1780456758,112.312576
1780456758,112.405325
1780456758,114.058768
1780456758,110.265122
1780456758,114.429345
1780456758,102.872583
1780456758,110.456911
1780456758,114.407817
1780456758,114.326119
1780456758,116.384620
1780456758,116.139435
1780456758,114.982483
1780456758,117.133000
1780456758,112.155537
1780456758,115.697837
1780456758,110.864399
1780456758,116.280131
1780456758,117.049950
1780456758,116.154911
1780456758,116.467767
1780456758,116.991429
1780456758,116.497198
1780456758,117.697883
1780456758,106.212108
1780456758,104.733732
1780456758,117.400412
1780456758,106.238980
1780456758,117.699032
1780456758,118.142644
1780456758,120.259173
1780456758,118.854899
1780456758,114.994578
1780456758,116.977513
1780456758,105.784593
1780456758,104.575919
1780456758,118.649962
1780456758,111.134387
1780456758,104.853477
1780456758,105.988848
1780456758,119.960757
1780456758,116.140072
1780456758,104.953343
1780456758,104.871396
1780456758,118.674094
1780456758,111.338853
1780456758,111.317529
1780456758,111.443335
1780456758,118.602288
1780456758,118.701319
1780456758,118.692569
1780456758,118.770675
1780456758,120.438260
1780456758,118.951966
1780456758,116.083137
1780456758,116.674944
1780456758,110.012072
1780456758,115.174111
1780456758,110.138845
1780456758,109.949552
1780456758,110.006522
1780456758,110.008489
1780456758,118.735765
1780456758,118.796300
1780456758,110.512760
1780456758,106.263673
1780456758,106.805616
1780456758,111.226077
1780456758,111.128635
1780456758,111.106446
1780456758,108.653615
1780456758,120.067771
1780456758,108.514823
1780456758,109.874165
1780456758,108.558978
1780456758,110.139982
1780456758,120.584725
1780456758,120.629167
1780456758,119.949025
1780456758,119.933461
1780456758,117.363565
1780456758,111.187968
1780456758,112.899553
1780456758,110.226243
1780456758,112.876375
1780456758,106.169226
1780456758,112.650989
1780456758,106.383296
1780456758,117.519358
1780456758,116.734456
1780456758,117.585449
1780456758,118.021848
1780456758,110.681535
1780456758,106.178100
1780456758,110.956758
1780456758,110.835484
1780456758,110.361096
1780456758,106.738035
1780456758,106.701313
1780456758,111.268709
1780456758,112.394880
1780456758,108.893565
1780456758,111.379493
1780456758,111.475035
1780456758,107.819206
1780456758,111.725045
1780456758,109.258406
1780456758,119.134596
1780456758,108.152548
1780456758,119.304490
1780456758,108.787638
1780456758,108.212094
1780456758,108.294897
1780456758,108.411500
1780456758,108.130849
1780456758,108.670791
1780456758,108.498791
1780456758,107.984315
1780456758,108.573731
1780456758,107.199333
1780456758,107.314761
1780456758,108.627152
1780456758,107.549197
1780456758,108.560964
1780456758,108.788784
1780456758,107.566602
1780456758,107.693061
1780456758,107.971476
1780456758,117.742516
1780456758,118.616521
1780456758,122.541683
1780456758,120.755503
1780456758,125.724245
1780456758,125.813289
1780456758,125.620893
1780456758,125.790119
1780456758,123.919855
1780456758,125.842080
1780456758,125.733896
1780456758,122.632010
1780456758,122.566777
1780456758,125.790315
1780456758,123.223887
1780456758,121.663829
1780456758,122.116324
1780456758,122.809412
1780456758,123.027106
1780456758,123.532948
1780456758,123.981105
1780456758,124.559441
1780456758,124.599960
1780456758,129.716686
1780456758,129.728294
1780456758,129.744272
1780456758,124.979305
1780456758,125.320114
1780456758,120.600827
1780456758,132.014844
1780456758,135.325129
1780456758,135.685623
1780456758,130.501961
1780456758,130.700337
1780456758,130.832978
1780456758,134.598721
1780456758,130.923976
1780456758,134.802630
1780456758,134.742574
1780456758,136.412615
1780456758,136.634389
1780456758,136.746378
1780456758,136.868275
1780456758,136.529071
1780456758,136.838555
1780456758,136.816137
1780456758,136.325296
1780456758,137.816929
1780456758,136.907767
1780456758,138.356583
1780456758,136.534181
1780456758,131.025063
1780456758,136.535028
1780456758,136.640499
1780456758,124.703656
1780456758,131.275271
1780456758,131.208790
1780456758,136.808901
1780456758,137.951536
1780456758,136.811148
1780456758,136.997752
1780456758,136.900408
1780456758,131.516275
1780456758,138.156182
1780456758,137.204231
1780456758,133.962342
1780456758,137.221780
1780456758,133.986294
1780456758,133.349383
1780456758,132.168215
1780456758,124.418803
1780456758,123.926945
1780456758,132.876547
1780456758,124.086958
1780456758,132.670820
1780456758,124.137924
1780456758,134.457149
1780456758,134.446421
1780456758,124.158043
1780456758,133.462452
1780456758,134.120448
1780456758,134.864461
1780456758,135.079007
1780456758,134.180014
1780456758,134.684967
1780456758,134.487833
1780456758,134.674929
1780456758,134.766003
1780456758,134.622930
1780456758,135.094424
1780456758,134.694728
1780456758,135.245045
1780456758,135.101811
1780456758,123.368347
1780456758,135.145815
1780456758,123.599061
1780456758,132.717048
1780456758,124.185960
1780456758,132.969400
1780456758,124.317787
1780456758,133.439122
1780456758,140.955519
1780456758,125.069794
1780456758,139.738086
1780456758,133.753243
1780456758,138.708514
1780456758,125.295237
1780456758,134.134268
1780456758,137.760961
1780456758,125.604157
1780456758,134.251397
1780456758,125.543115
1780456758,138.411233
1780456758,130.142794
1780456758,125.819613
1780456758,137.811539
1780456758,130.492685
1780456758,129.104218
1780456758,137.833409
1780456758,131.129134
1780456758,129.208802
1780456758,127.878348
1780456758,138.354117
1780456758,127.947708
1780456758,127.942473
1780456758,130.140791
1780456758,129.852713
1780456758,128.297363
1780456758,130.488539
1780456759,130.906812
1780456759,129.360014
1780456759,144.201593
1780456759,143.879947
1780456759,143.902333
1780456759,144.734497
1780456759,144.669452
1780456759,144.715313
1780456759,144.855557
1780456759,143.469110
1780456759,145.019047
1780456759,137.426646
1780456759,143.914695
1780456759,131.091413
1780456759,136.509251
1780456759,148.046213
1780456759,137.499719
1780456759,149.395577
1780456759,131.064974
1780456759,149.395350
1780456759,144.823323
1780456759,130.800918
1780456759,131.169777
1780456759,142.040073
1780456759,144.481588
1780456759,131.074466
1780456759,144.973978
1780456759,149.640644
1780456759,131.322017
1780456759,145.489257
1780456759,131.445415
1780456759,131.091846
1780456759,145.226293
1780456759,131.638038
1780456759,144.286588
1780456759,132.232054
1780456759,132.089825
1780456759,133.405397
1780456759,132.430483
1780456759,133.638377
1780456759,133.552271
1780456759,134.071167
1780456759,133.924783
1780456759,133.916224
1780456759,134.270435
1780456759,151.380897
1780456759,134.781590
1780456759,134.469101
1780456759,134.783455
1780456759,133.685840
1780456759,134.782390
1780456759,134.688700
1780456759,148.650381
1780456759,148.710536
1780456759,134.582654
1780456759,148.046004
1780456759,148.630821
1780456759,149.035707
1780456759,150.063085
1780456759,138.445822
1780456759,150.029466
1780456759,138.463635
1780456759,148.163144
1780456759,137.588162
1780456759,137.495789
1780456759,143.345671
1780456759,151.813983
1780456759,151.756581
1780456759,151.520211
1780456759,135.156217
1780456759,134.888548
1780456759,135.194349
1780456759,136.078154
1780456759,135.841257
1780456759,135.672204
1780456759,135.721184
1780456759,135.694377
1780456759,138.168389
1780456759,151.397959
1780456759,140.707227
1780456759,140.637421
1780456759,140.707399
1780456759,140.609161
1780456759,140.521757
1780456759,140.535444
1780456759,133.825308
1780456759,137.164648
1780456759,138.103569
1780456759,139.332342
1780456759,140.416565
1780456759,140.602824
1780456759,138.063738
1780456759,140.607028
1780456759,140.890725
1780456759,140.971043
1780456759,140.959679
1780456759,141.093321
1780456759,141.438318
1780456759,140.398117
1780456759,140.682342
1780456759,140.991097
1780456759,140.921449
1780456759,140.912615
1780456759,139.854615
1780456759,139.336298
1780456759,139.648333
1780456759,139.339303
1780456759,139.560816
1780456759,140.196127
1780456759,139.638237
1780456759,140.097876
1780456759,139.917516
1780456759,140.235383
1780456759,139.614056
1780456759,136.392235
1780456759,143.041223
1780456759,142.275802
1780456759,139.754875
1780456759,136.373425
1780456759,141.813870
1780456759,136.437004
1780456759,136.508112
1780456759,153.528188
1780456759,140.036849
1780456759,141.812416
1780456759,141.877914
1780456759,143.974166
1780456759,140.185870
1780456759,146.390248
1780456759,141.941674
1780456759,146.983427
1780456759,140.399094
1780456759,138.730749
1780456759,150.686145
1780456759,150.463573
1780456759,147.795614
1780456759,147.650012
1780456759,147.557089
1780456759,147.715482
1780456759,147.957719
1780456759,148.188267
1780456759,147.656912
1780456759,140.037078
1780456759,148.078551
1780456759,147.813949
1780456759,147.921441
1780456759,149.267441
1780456759,149.463637
1780456759,149.140125
1780456759,150.216125
1780456759,149.996852
1780456759,150.714811
1780456759,150.929882
1780456759,147.852052
1780456759,147.854245
1780456759,142.082869
1780456759,148.092755
1780456759,151.370501
1780456759,148.258484
1780456759,150.057170
1780456759,151.572634
1780456759,152.213788
1780456759,151.918532
1780456759,148.456979
1780456759,141.461559
1780456759,148.756523
1780456759,152.569691
1780456759,151.521769
1780456759,150.299147
1780456759,152.168570
1780456759,151.821425
1780456759,150.318603
1780456759,152.076135
1780456759,147.029060
1780456759,151.046465
1780456759,140.924004
1780456759,141.133965
1780456759,142.338393
1780456759,150.359205
1780456759,148.964233
1780456759,150.519977
1780456759,156.983312
1780456759,150.426625
1780456759,144.223762
1780456759,142.828446
1780456759,144.532276
1780456759,154.445599
1780456759,152.944710
1780456759,153.093545
1780456759,152.161643
1780456759,145.661854
1780456759,142.942263
1780456759,147.878634
1780456759,148.999616
1780456759,141.104806
1780456759,142.667278
1780456759,142.083641
1780456759,143.121454
1780456759,137.666790
1780456759,143.061840
1780456759,144.287511
1780456759,144.506483
1780456759,149.151784
1780456759,142.745259
1780456759,148.560327
1780456759,142.047711
1780456759,142.723895
1780456759,141.414667
1780456759,139.731210
1780456759,136.202800
1780456759,135.294727
1780456759,141.323952
1780456759,139.247151
1780456759,141.319528
1780456759,161.682499
1780456759,159.863737
1780456759,152.803144
1780456759,153.309049
1780456759,153.474935
1780456759,161.604763
1780456759,152.968001
1780456759,151.443729
1780456759,160.188080
1780456759,159.030419
1780456759,148.862482
1780456759,148.656109
1780456759,145.431185
1780456759,148.915353
1780456759,148.714919
1780456759,148.785004
1780456759,147.243929
1780456759,149.182256
1780456759,144.359357
1780456759,150.407526
1780456759,143.373738
1780456759,144.497436
1780456759,154.259941
1780456759,161.820533
1780456759,154.614053
1780456759,155.105688
1780456759,161.480703
1780456759,155.545913
1780456759,155.357338
1780456759,167.300820
1780456759,153.759815
1780456759,146.042906
1780456759,152.591948
1780456759,146.152669
1780456759,150.999080
1780456759,142.598522
1780456759,142.686872
1780456759,149.778354
1780456759,149.615654
1780456759,142.812439
1780456759,144.087190
1780456759,160.296534
1780456759,160.341757
1780456759,156.508696
1780456759,156.784885
1780456759,163.101874
1780456759,157.960577
1780456759,164.455227
1780456759,157.905740
1780456759,161.900716
1780456759,146.758650
1780456759,141.641564
1780456759,164.685049
1780456759,150.217834
1780456759,164.653270
1780456759,149.745796
1780456759,155.973079
1780456759,150.029570
1780456759,164.707882
1780456759,156.218182
1780456759,162.054330
1780456759,146.637061
1780456759,160.706623
1780456759,146.950252
1780456759,156.334556
1780456759,155.026334
1780456759,158.732491
1780456759,148.136238
1780456759,156.014229
1780456759,153.614298
1780456759,142.266649
1780456759,152.316480
1780456759,156.602933
1780456759,156.060182
1780456759,151.280086
1780456759,149.238892
1780456759,144.249628
1780456759,142.828914
1780456759,143.228404
1780456759,158.540207
1780456759,157.432695
1780456759,157.452627
1780456759,147.579215
1780456759,147.591468
1780456759,146.451531
1780456759,147.786380
1780456759,146.505998
1780456759,144.116905
1780456759,164.018008
1780456759,132.556188
1780456759,133.805333
1780456759,145.059869
1780456759,157.669779
1780456759,155.391703
1780456759,123.790859
1780456759,124.491051
1780456759,124.645237
1780456759,165.354216
1780456759,164.109756
1780456759,163.317605
1780456759,125.334358
1780456759,123.345937
1780456759,151.439390
1780456759,122.880679
1780456759,151.738208
1780456759,151.827246
1780456759,121.111191
1780456759,119.372904
1780456759,119.442361
1780456759,120.602592
1780456759,118.262798
1780456759,167.422258
1780456759,165.686184
1780456759,153.214635
1780456759,153.486792
1780456759,162.790146
1780456759,162.956135
1780456759,162.878362
1780456759,153.447076
1780456759,142.939157
1780456759,143.515129
1780456759,160.720122
1780456759,144.926767
1780456759,167.670023
1780456759,166.616445
1780456759,153.717048
1780456759,144.117552
1780456759,144.425052
1780456759,159.075914
1780456759,156.559452
1780456759,161.083853
1780456759,161.901031
1780456759,142.694032
1780456759,153.040559
1780456759,143.408920
1780456759,143.170575
1780456759,163.233110
1780456759,157.866110
1780456759,157.625487
1780456759,157.818596
1780456759,157.923895
1780456759,156.631784
1780456759,156.625556
1780456759,156.602716
1780456759,156.618472
1780456759,186.360986
1780456759,186.593249
1780456759,185.521122
1780456759,187.037092
1780456759,125.696997
1780456759,185.987664
1780456759,125.685346
1780456759,125.290934
1780456759,186.118979
1780456759,126.104013
1780456759,186.416206
1780456759,126.229801
1780456759,186.132206
1780456759,185.001653
1780456759,125.567214
1780456759,185.277098
1780456759,126.819852
1780456759,125.602833
1780456759,183.024760
1780456759,127.219310
1780456759,184.767045
1780456759,127.535032
1780456759,125.489996
1780456759,185.017107
1780456759,125.699724
1780456759,180.065767
1780456759,185.397956
1780456759,125.678673
1780456759,128.235483
1780456759,184.421841
1780456759,184.678469
1780456759,128.549880
1780456759,184.897149
1780456759,125.132638
1780456759,185.049426
1780456759,125.159319
1780456759,185.319911
1780456759,184.290650
1780456759,131.218957
1780456759,183.256066
1780456759,130.431445
1780456759,183.703156
1780456759,130.273776
1780456759,182.647738
1780456759,130.959788
1780456759,183.033996
1780456759,130.536506
1780456759,130.486819
1780456759,183.368541
1780456759,115.325936
1780456759,181.078743
1780456759,131.609793
1780456759,115.479054
1780456759,131.807647
1780456759,182.803000
1780456759,130.772307
1780456759,111.722578
1780456759,132.304247
1780456759,112.004661
1780456759,130.370823
1780456759,176.701410
1780456759,132.949730
1780456759,130.621041
1780456759,129.625710
1780456759,175.922441
1780456759,129.865117
1780456759,174.829798
1780456759,187.060353
1780456759,185.724063
1780456759,174.818134
1780456759,170.916472
1780456759,154.405019
1780456759,185.798241
1780456759,155.244138
1780456759,184.233559
1780456759,182.298283
1780456759,169.618293
1780456759,169.898028
1780456759,170.997792
1780456759,171.051814
1780456759,169.911854
1780456759,130.207591
1780456759,155.249871
1780456759,155.900960
1780456759,145.965987
1780456759,168.713830
1780456759,178.371107
1780456759,156.619773
1780456759,145.985705
1780456759,156.983611
1780456759,146.048901
1780456759,154.414349
1780456759,168.775966
1780456759,153.444174
1780456759,157.060753
1780456759,154.832631
1780456759,168.676244
1780456759,190.349963
1780456759,146.104673
1780456759,129.741091
1780456759,152.120198
1780456759,152.258090
1780456759,146.266186
1780456759,153.933314
1780456759,146.204086
1780456759,149.405031
1780456759,154.647070
1780456759,149.115993
1780456759,154.990427
1780456759,149.196168
1780456759,155.633222
1780456759,130.689982
1780456759,130.556863
1780456759,129.456545
1780456759,129.716508
1780456759,130.159362
1780456759,127.724896
1780456759,127.873159
1780456759,128.224534
1780456759,126.483473
1780456759,126.166338
1780456759,126.595422
1780456759,126.659320
1780456759,127.184839
1780456759,115.871673
1780456759,154.002423
1780456759,153.834563
1780456759,127.350503
1780456759,149.021383
1780456759,127.847474
1780456759,143.311679
1780456759,142.722103
1780456759,141.873898
1780456759,140.701672
1780456759,140.827518
1780456759,140.863974
1780456759,141.301587
1780456759,129.366768
1780456759,137.725332
1780456759,137.826425
1780456759,137.949834
1780456759,138.242495
1780456759,136.669878
1780456759,163.543681
1780456759,178.156214
1780456759,178.255874
1780456759,197.055041
1780456759,126.470990
1780456759,192.819353
1780456759,178.300221
1780456759,122.283046
1780456759,126.475379
1780456759,122.260239
1780456759,122.497453
1780456759,130.733989
1780456759,128.826655
1780456759,113.631337
1780456759,191.116015
1780456759,113.528578
1780456759,191.269704
1780456759,122.329761
1780456759,134.509715
1780456759,122.669640
1780456759,126.814559
1780456759,122.648419
1780456759,191.324568
1780456759,108.854824
1780456759,113.666836
1780456759,134.522913
1780456759,113.704293
1780456759,108.892741
1780456759,127.039752
1780456759,134.712046
1780456759,135.290828
1780456759,134.486255
1780456759,131.597036
1780456759,109.783034
1780456759,128.074769
1780456759,132.280772
1780456759,121.414286
1780456759,121.377351
1780456759,121.361894
1780456759,121.310400
1780456759,121.334310
1780456759,121.248714
1780456759,121.379098
1780456759,129.901425
1780456759,121.431367
1780456759,132.989691
1780456759,117.063065
1780456759,132.990325
1780456759,132.801123
1780456759,122.378769
1780456759,192.947545
1780456759,111.379213
1780456759,189.853787
1780456759,112.184647
1780456759,131.790684
1780456759,112.471248
1780456759,192.718177
1780456759,132.577868
1780456759,193.034645
1780456759,192.977158
1780456759,132.889454
1780456759,190.478038
1780456759,113.537032
1780456759,193.959033
1780456759,124.749160
1780456759,189.239677
1780456759,132.393577
1780456759,116.833088
1780456759,194.732993
1780456759,117.350360
1780456759,132.865106
1780456759,193.170294
1780456759,126.135267
1780456759,193.361798
1780456759,190.357481
1780456759,118.350596
1780456759,116.532196
1780456759,201.899644
1780456759,128.301531
1780456759,195.375330
1780456759,114.436565
1780456759,130.920051
1780456759,118.495604
1780456759,193.973977
1780456759,193.161777
1780456759,201.980856
1780456759,193.731764
1780456759,194.116944
1780456759,119.013670
1780456759,201.029562
1780456759,119.757965
1780456759,128.040681
1780456759,128.045984
1780456759,203.329721
1780456759,132.122355
1780456759,122.472358
1780456759,196.742627
1780456759,127.721957
1780456759,203.661975
1780456759,203.500372
1780456759,196.234981
1780456759,198.612828
1780456759,204.046813
1780456759,204.160318
1780456759,135.030662
1780456759,135.129970
1780456759,124.488418
1780456759,135.545582
1780456759,198.869657
1780456759,200.341593
1780456759,199.446345
1780456759,127.679878
1780456759,199.230032
1780456759,130.288816
1780456759,198.077589
1780456759,136.838511
1780456759,197.286860
1780456759,196.295343
1780456759,196.296260
1780456759,197.849848
1780456759,195.552477
1780456759,133.251170
1780456759,195.875124
1780456759,129.798790
1780456759,138.740230
1780456759,196.044216
1780456759,128.091533
1780456759,195.223004
1780456759,139.118544
1780456759,138.873692
1780456759,133.230507
1780456759,194.558152
1780456759,139.497425
1780456759,128.633451
1780456759,139.189440
1780456759,201.197203
1780456759,197.236774
1780456759,138.430476
1780456759,128.130723
1780456759,128.429782
1780456759,197.878684
1780456759,136.140096
1780456759,200.132149
1780456759,136.188167
1780456759,129.524245
1780456759,135.179606
1780456759,135.254282
1780456759,131.058646
1780456759,125.448755
1780456759,125.577163
1780456759,132.426394
1780456759,125.954075
1780456759,126.026416
1780456759,134.284940
1780456759,112.128653
1780456759,134.699403
1780456759,134.760668
1780456759,110.303305
1780456759,129.360522
1780456759,136.237814
1780456759,135.645756
1780456759,136.231567
1780456759,135.847691
1780456759,135.802098
1780456759,136.275842
1780456759,136.146824
1780456759,136.032717
1780456759,136.481007
1780456759,136.576954
1780456759,206.511742
1780456759,136.567212
1780456759,136.609325
1780456759,136.479687
1780456759,115.928838
1780456759,115.828833
1780456759,208.494004
1780456759,119.387307
1780456759,119.678731
1780456759,129.661397
1780456759,119.864336
1780456759,206.397999
1780456759,140.271617
1780456759,208.685992
1780456759,208.286501
1780456759,199.116317
1780456759,215.700777
1780456759,201.194072
1780456759,203.051553
1780456759,212.234815
1780456759,213.048963
1780456759,213.171625
1780456759,200.807631
1780456759,214.803613
1780456759,214.891128
1780456759,214.766782
1780456759,139.604214
1780456759,139.707876
1780456759,147.910412
1780456759,147.975658
1780456759,134.615007
1780456759,134.964303
1780456759,135.431075
1780456759,125.969800
1780456759,126.166816
1780456759,136.161636
1780456759,126.254723
1780456759,125.322130
1780456759,136.597055
1780456759,136.768390
1780456759,125.703349
1780456759,137.823276
1780456759,138.129582
1780456759,127.363315
1780456759,132.104356
1780456759,132.081555
1780456759,130.709532
1780456759,129.012915
1780456759,130.261498
1780456759,130.712793
1780456759,130.797486
1780456759,129.868500
1780456759,129.852002
1780456759,129.846127
1780456759,130.336897
1780456759,130.663013
1780456759,130.892040
1780456759,132.940020
1780456759,133.296240
1780456759,199.371566
1780456759,131.394696
1780456759,197.087813
1780456759,127.004453
1780456759,127.206769
1780456759,148.988392
1780456759,127.326495
1780456759,127.319720
1780456759,126.716420
1780456759,127.608313
1780456759,127.616850
1780456759,220.355156
1780456759,221.729536
1780456759,215.942165
1780456759,216.087738
1780456759,216.189882
1780456759,146.189492
1780456759,146.354880
1780456759,146.538626
1780456759,146.603826
1780456759,146.677633
1780456759,146.521811
1780456759,146.547688
1780456759,146.836864
1780456759,146.903716
1780456759,220.781052
1780456759,219.501666
1780456759,130.005893
1780456759,132.202986
1780456759,167.843771
1780456759,135.397367
1780456759,135.657294
1780456759,135.856520
1780456759,135.852893
1780456759,135.250330
1780456759,135.369401
1780456759,135.877361
1780456759,135.953325
1780456759,213.984255
1780456759,216.922232
1780456759,136.089299
1780456759,128.761716
1780456759,162.761323
1780456759,193.821093
1780456759,130.680750
1780456759,130.804991
1780456759,130.997888
1780456759,144.378160
1780456759,142.977019
1780456759,143.324089
1780456759,143.341491
1780456759,143.243558
1780456759,144.835019
1780456759,144.669768
1780456759,144.722316
1780456759,144.724161
1780456759,144.962558
1780456759,163.809598
1780456759,163.800971
1780456759,163.882795
1780456759,202.763696
1780456759,198.790783
1780456759,200.169698
1780456759,200.166775
1780456759,200.357942
1780456759,200.368398
1780456759,200.458481
1780456759,200.353912
1780456759,200.537891
1780456759,206.561792
1780456759,203.375124
1780456759,203.443827
1780456759,197.016793
1780456759,197.097367
1780456759,197.322058
1780456759,175.971647
1780456759,172.019282
1780456759,172.100267
1780456759,161.291176
1780456759,172.161677
1780456759,172.283903
1780456759,210.487812
1780456759,160.701646
1780456759,216.752504
1780456759,157.797328
1780456759,143.617463
1780456759,161.003898
1780456759,160.991000
1780456759,160.869458
1780456759,145.835672
1780456759,160.494133
1780456759,160.948373
1780456759,161.234613
1780456759,161.629609
1780456759,161.416837
1780456759,161.490727
1780456759,161.232874
1780456759,161.720472
1780456759,170.330587
1780456759,161.739834
1780456759,161.676202
1780456759,199.757278
1780456759,199.732778
1780456759,161.514928
1780456759,199.816629
1780456759,199.809445
1780456759,203.696213
1780456759,204.075403
1780456759,211.631962
1780456759,199.764477
1780456759,199.956271
1780456759,197.866345
1780456759,154.828260
1780456759,193.713780
1780456759,193.698752
1780456759,155.025859
1780456759,140.247159
1780456759,184.208063
1780456759,151.286910
1780456759,146.809974
1780456759,206.568700
1780456759,189.328911
1780456759,192.931541
1780456759,145.694573
1780456759,189.479642
1780456759,198.489396
1780456759,198.432074
1780456759,198.758345
1780456759,159.215112
1780456759,198.831435
1780456759,198.777292
1780456759,157.408005
1780456759,198.793000
1780456759,205.197790
1780456759,198.961439
1780456759,206.739441
1780456759,206.938000
1780456759,178.377680
1780456759,157.813228
1780456759,133.721344
1780456759,157.967929
1780456759,140.597092
1780456759,142.000280
1780456759,146.421609
1780456759,158.216012
1780456759,158.544046
1780456759,157.866946
1780456759,157.855083
1780456759,158.158228
1780456759,143.827802
1780456759,158.367152
1780456759,185.150329
1780456759,144.209660
1780456759,185.147763
1780456759,185.156299
1780456759,144.496974
1780456759,142.330928
1780456759,144.311570
1780456759,173.315458
1780456759,144.429336
1780456759,156.871648
1780456759,135.701384
1780456759,161.739733
1780456759,138.009532
1780456759,144.650842
1780456759,138.149711
1780456759,135.772679
1780456759,189.916703
1780456759,169.465659
1780456759,179.369903
1780456759,179.475867
1780456759,168.996612
1780456759,201.151587
1780456759,201.223246
1780456759,200.965206
1780456759,201.073753
1780456759,152.559144
1780456759,201.213783
1780456759,140.886706
1780456759,152.743435
1780456759,169.470566
1780456759,169.915425
1780456759,201.401608
1780456759,158.291815
1780456759,157.996042
1780456759,158.197878
1780456759,158.412618
1780456759,136.476359
1780456759,158.605353
1780456759,156.795904
1780456759,158.795582
1780456759,158.535595
1780456759,158.794257
1780456759,136.877143
1780456759,180.437439
1780456759,158.636880
1780456759,141.207158
1780456759,195.980097
1780456759,141.656406
1780456759,142.546328
1780456759,197.266207
1780456759,202.296582
1780456759,170.250327
1780456759,197.492535
1780456759,159.017498
1780456759,167.729935
1780456759,168.107858
1780456759,144.413745
1780456759,167.883964
1780456759,168.145022
1780456759,156.077036
1780456759,150.728275
1780456759,168.194714
1780456759,156.331065
1780456759,144.110293
1780456759,144.100575
1780456759,166.899798
1780456759,161.115802
1780456759,155.584251
1780456759,163.479077
1780456759,165.094015
1780456759,165.159525
1780456759,161.517136
1780456759,163.639592
1780456759,166.346638
1780456759,167.911912
1780456759,167.489417
1780456759,161.235899
1780456759,168.057317
1780456759,174.885216
1780456759,179.703218
1780456759,161.836743
1780456759,179.952784
1780456759,164.012489
1780456759,155.835317
1780456759,167.743842
1780456759,160.132635
1780456759,160.213807
1780456759,179.961386
1780456759,167.994795
1780456759,168.766816
1780456759,151.702381
1780456759,170.261324
1780456759,170.279504
1780456759,170.102367
1780456759,175.478330
1780456759,166.136659
1780456759,175.524680
1780456759,164.547124
1780456759,162.481544
1780456759,166.378965
1780456759,154.595982
1780456759,166.793654
1780456759,166.908485
1780456759,167.059847
1780456759,169.441536
1780456759,167.115684
1780456759,169.318095
1780456759,169.756093
1780456759,170.247880
1780456759,176.701017
1780456759,176.761202
1780456759,163.566845
1780456759,176.933662
1780456759,170.118976
1780456759,176.974268
1780456759,149.585435
1780456759,165.699857
1780456759,158.412546
1780456759,181.541593
1780456759,177.377531
1780456759,220.497757
1780456759,225.729373
1780456759,225.812170
1780456759,216.698825
1780456759,216.706797
1780456759,218.225699
1780456759,218.275072
1780456759,219.431398
1780456759,220.628980
1780456759,173.896562
1780456759,177.857670
1780456759,201.018158
1780456759,221.219056
1780456759,179.636963
1780456759,180.099693
1780456759,199.567014
1780456759,179.760214
1780456759,200.679021
1780456759,180.266873
1780456759,182.776906
1780456759,180.501518
1780456759,181.743230
1780456759,186.298677
1780456759,174.422356
1780456759,180.430791
1780456759,186.261962
1780456759,188.667350
1780456759,186.368839
1780456759,191.007477
1780456759,203.097155
1780456759,203.167729
1780456759,188.935423
1780456759,203.284145
1780456759,197.370251
1780456759,188.993890
1780456759,203.376975
1780456759,201.495797
1780456759,201.507821
1780456759,191.391517
1780456759,197.087611
1780456759,206.899467
1780456759,206.976819
1780456759,201.647617
1780456759,171.051070
1780456759,171.369332
1780456759,177.034480
1780456759,177.858124
1780456759,177.161635
1780456759,179.239423
1780456759,175.394610
1780456759,174.192089
1780456759,175.539159
1780456759,178.011418
1780456759,178.009673
1780456759,178.021804
1780456759,189.727921
1780456759,179.468174
1780456759,181.093612
1780456759,190.108057
1780456759,181.364118
1780456759,201.130847
1780456759,181.833077
1780456759,171.463886
1780456759,166.114925
1780456759,167.555914
1780456759,167.478533
1780456759,167.757967
1780456759,169.116835
1780456759,171.739688
1780456759,167.843502
1780456759,169.390491
1780456759,171.941301
1780456759,194.012573
1780456759,181.649527
1780456759,182.965137
1780456759,194.475363
1780456759,163.673921
1780456759,163.008519
1780456759,163.597716
1780456759,163.889759
1780456759,163.752195
1780456759,164.039719
1780456759,165.427164
1780456759,165.572736
1780456759,165.655470
1780456759,166.334890
1780456759,166.127999
1780456759,166.788966
1780456759,167.127525
1780456759,168.462786
1780456759,168.418791
1780456759,168.663457
1780456759,168.821497
1780456759,168.881382
1780456759,170.310482
1780456759,170.259429
1780456759,170.319977
1780456759,170.415014
1780456759,170.414590
1780456759,164.390042
1780456759,183.858377
1780456759,183.986185
1780456759,164.787666
1780456759,169.010206
1780456759,167.690493
1780456759,164.991391
1780456759,166.124821
1780456759,172.831064
1780456759,174.900810
1780456759,174.954378
1780456759,176.297908
1780456759,176.580813
1780456759,176.365658
1780456759,176.472835
1780456759,173.422645
1780456759,174.794844
1780456759,175.312528
1780456759,169.726173
1780456759,172.982592
1780456759,168.966117
1780456759,173.100431
1780456759,168.689695
1780456759,184.372199
1780456759,169.573976
1780456759,167.404112
1780456759,167.783514
1780456759,183.110039
1780456759,182.001815
1780456759,182.082898
1780456759,166.011498
1780456759,181.400819
1780456759,164.829258
1780456759,181.064240
1780456759,165.309372
1780456759,175.484037
1780456759,165.011064
1780456759,164.814434
1780456759,163.279626
1780456759,163.518777
1780456759,163.673801
1780456759,174.289554
1780456759,155.789532
1780456759,154.594827
1780456759,151.608476
1780456759,188.849862
1780456759,165.344311
1780456759,191.651136
1780456759,160.236041
1780456759,160.181976
1780456759,176.996664
1780456759,176.887175
1780456759,179.533796
1780456759,163.934041
1780456759,179.680176
1780456759,165.690131
1780456759,165.436845
1780456759,152.424327
1780456759,151.934301
1780456759,174.750093
1780456759,161.164326
1780456759,151.319094
1780456759,176.920061
1780456759,176.023177
1780456759,158.628711
1780456759,153.676294
1780456759,176.581123
1780456759,151.494577
1780456759,156.832608
1780456759,157.204843
1780456759,155.984927
1780456759,157.327714
1780456759,190.698519
1780456759,178.318462
1780456759,178.414640
1780456759,175.557427
1780456759,166.748805
1780456759,159.785278
1780456759,163.296391
1780456759,169.975410
1780456759,176.311968
1780456759,167.622471
1780456759,182.436182
1780456759,153.987153
1780456759,166.037474
1780456759,177.061932
1780456759,178.863401
1780456759,173.381652
1780456759,170.760034
1780456759,174.720213
1780456759,170.756145
1780456759,167.640942
1780456759,187.420004
1780456759,171.403374
1780456759,187.634922
1780456759,171.510621
1780456759,186.494462
1780456759,168.588232
1780456759,186.906857
1780456759,171.120515
1780456759,167.745261
1780456759,187.432804
1780456759,171.441401
1780456759,186.827267
1780456759,172.494934
1780456759,185.809016
1780456759,160.825764
1780456759,186.109899
1780456759,186.385207
1780456759,161.169092
1780456759,185.227263
1780456759,161.444276
1780456759,185.079325
1780456759,171.336099
1780456759,184.286784
1780456759,161.951372
1780456759,192.886219
1780456759,182.484334
1780456759,198.607620
1780456759,200.443027
1780456759,183.480376
1780456759,167.443762
1780456759,181.632434
1780456759,180.139313
1780456759,191.868228
1780456759,196.126367
1780456759,196.128678
1780456759,198.857121
1780456759,198.842214
1780456759,199.023738
1780456759,183.563753
1780456759,183.654788
1780456759,183.581393
1780456759,183.634348
1780456759,182.920353
1780456759,179.060582
1780456759,179.751232
1780456759,179.768041
1780456759,180.360476
1780456759,180.679586
1780456759,200.461465
1780456759,200.497448
1780456759,181.257015
1780456759,181.324533
1780456759,181.558334
1780456759,176.946935
1780456759,177.803400
1780456759,177.873585
1780456759,177.173890
1780456759,177.986149
1780456759,178.033918
1780456759,178.596701
1780456759,178.663657
1780456759,176.146649
1780456759,185.402430
1780456759,175.177415
1780456759,175.261917
1780456759,175.305759
1780456759,175.259785
1780456759,203.547944
1780456759,211.551030
1780456759,178.986737
1780456759,174.786215
1780456759,180.201817
1780456759,180.171268
1780456759,203.863427
1780456759,183.234487
1780456759,169.330668
1780456759,171.192812
1780456759,172.309773
1780456759,172.360298
1780456759,171.479059
1780456759,173.820521
1780456759,205.309976
1780456759,203.572353
1780456759,177.980378
1780456759,204.004548
1780456759,202.568398
1780456759,175.599149
1780456759,203.965545
1780456759,204.417068
1780456759,179.339817
1780456759,156.898793
1780456759,179.018428
1780456759,179.296855
1780456759,176.765354
1780456759,176.089383
1780456759,180.798460
1780456759,180.236261
1780456759,179.211416
1780456759,151.916979
1780456759,179.169228
1780456759,179.448771
1780456759,151.617477
1780456759,179.304510
1780456759,179.592874
1780456759,144.690951
1780456759,178.463533
1780456759,151.070847
1780456759,178.495692
1780456759,150.888786
1780456759,162.959535
1780456759,177.626076
1780456759,151.130124
1780456759,158.803180
1780456759,150.778768
1780456759,176.194816
1780456759,154.279684
1780456759,150.802899
1780456759,157.608190
1780456759,145.136420
1780456759,149.765326
1780456759,155.925157
1780456759,162.945819
1780456759,150.176231
1780456759,155.835326
1780456759,146.084196
1780456759,154.842933
1780456759,148.607788
1780456759,153.777280
1780456759,146.353041
1780456759,153.498797
1780456759,153.095813
1780456759,145.256254
1780456759,146.708025
1780456759,149.975259
1780456759,147.837377
1780456759,147.619828
1780456759,191.702671
1780456759,196.593850
1780456759,217.604395
1780456759,217.899031
1780456759,216.061471
1780456759,217.270593
1780456759,216.487912
1780456759,182.914513
1780456759,217.888826
1780456759,191.038125
1780456759,183.321145
1780456759,164.176892
1780456759,164.240883
1780456759,164.436103
1780456759,153.273570
1780456759,164.448225
1780456759,181.837702
1780456759,164.501469
1780456759,164.524331
1780456759,164.868404
1780456759,182.669681
1780456759,184.080162
1780456759,185.460238
1780456759,192.293422
1780456759,182.800561
1780456759,192.575676
1780456759,221.432178
1780456759,192.792517
1780456759,221.544148
1780456759,198.487098
1780456759,200.661342
1780456759,212.691828
1780456759,214.375727
1780456759,183.148489
1780456759,183.146519
1780456759,192.908699
1780456759,154.815300
1780456759,154.898432
1780456759,154.917448
1780456759,154.795699
1780456759,154.349846
1780456759,154.946985
1780456759,155.291249
1780456759,155.215757
1780456759,155.285201
1780456759,154.958489
1780456759,154.680552
1780456759,155.161501
1780456759,155.474438
1780456759,155.136300
1780456759,153.175561
1780456759,153.144220
1780456759,140.123525
1780456759,189.411388
1780456759,188.122561
1780456759,155.500658
1780456759,186.828543
1780456759,151.508362
1780456759,149.901238
1780456759,152.639606
1780456759,154.361982
1780456759,151.445570
1780456759,155.046189
1780456759,155.393785
1780456759,150.924533
1780456759,151.536452
1780456759,151.687404
1780456759,151.801518
1780456759,151.971639
1780456759,151.909557
1780456759,157.032010
1780456759,157.193658
1780456759,157.046345
1780456759,157.147779
1780456759,157.267445
1780456759,154.729233
1780456759,196.003536
1780456759,155.921205
1780456759,154.779667
1780456759,188.181454
1780456759,194.391076
1780456759,155.306964
1780456759,197.705579
1780456759,196.422824
1780456759,152.592829
1780456759,152.622492
1780456759,196.728175
1780456759,191.576628
1780456759,153.000738
1780456759,191.856252
1780456759,153.611915
1780456759,207.621221
1780456759,154.189316
1780456759,154.155066
1780456759,154.299928
1780456759,154.870338
1780456759,192.297319
1780456759,153.819168
1780456759,205.862759
1780456759,207.945397
1780456759,153.286664
1780456759,207.362556
1780456759,142.552402
1780456759,159.873911
1780456759,160.230686
1780456759,157.117343
1780456759,150.082411
1780456759,206.645822
1780456759,156.378206
1780456759,206.970111
1780456759,156.156558
1780456759,206.706399
1780456759,156.754240
1780456759,147.570573
1780456759,156.656483
1780456759,156.514131
1780456759,156.732950
1780456759,207.081908
1780456759,206.301328
1780456759,141.564916
1780456759,143.393141
1780456759,206.698022
1780456759,203.218309
1780456759,203.375448
1780456759,203.390218
1780456759,141.715273
1780456759,203.407867
1780456759,203.515386
1780456759,203.750744
1780456759,150.247957
1780456759,203.961014
1780456759,204.287295
1780456759,148.562632
1780456759,200.627338
1780456759,198.262263
1780456759,166.825110
1780456759,167.014602
1780456759,195.552196
1780456759,195.671322
1780456759,195.558867
1780456759,150.767097
1780456759,198.656402
1780456759,137.864100
1780456759,154.013633
1780456759,198.732657
1780456759,199.075968
1780456759,203.990254
1780456759,203.498079
1780456759,202.645807
1780456759,202.659336
1780456759,204.494529
1780456759,204.748169
1780456759,178.004967
1780456759,203.186781
1780456759,201.006751
1780456759,167.642713
1780456759,162.196423
1780456759,162.088452
1780456759,162.222199
1780456759,162.124189
1780456759,162.465460
1780456759,187.421466
1780456759,160.279537
1780456759,165.289760
1780456759,164.703899
1780456759,161.631071
1780456759,163.033823
1780456759,162.004552
1780456759,166.285227
1780456759,166.407127
1780456759,166.536778
1780456759,166.676158
1780456759,166.825574
1780456759,166.843175
1780456759,166.450389
1780456759,166.586808
1780456759,150.604847
1780456759,166.983620
1780456759,150.515319
1780456759,150.621129
1780456759,150.711563
1780456759,162.473214
1780456759,162.424587
1780456759,160.775360
1780456759,160.893797
1780456759,163.855891
1780456759,164.724050
1780456759,164.834993
1780456759,163.809324
1780456759,163.748624
1780456759,168.643428
1780456759,168.616462
1780456759,168.770279
1780456759,161.671871
1780456759,161.369528
1780456759,161.810020
1780456759,161.510599
1780456759,164.951618
1780456759,165.028392
1780456759,164.065658
1780456759,167.519025
1780456759,164.477765
1780456759,167.880711
1780456759,140.791995
1780456759,143.807609
1780456759,144.845557
1780456759,145.139805
1780456759,152.795654
1780456759,152.753504
1780456759,173.171310
1780456759,154.398769
1780456759,153.216425
1780456759,169.533509
1780456759,169.541561
1780456759,162.052848
1780456759,169.764781
1780456759,155.099447
1780456759,155.353604
1780456759,154.993385
1780456759,155.307311
1780456759,155.148907
1780456759,155.563124
1780456759,155.505576
1780456759,155.499949
1780456759,170.049506
1780456759,155.668073
1780456759,173.509396
1780456759,155.885246
1780456759,155.992749
1780456759,155.993314
1780456759,174.100653
1780456759,167.113977
1780456759,174.206578
1780456759,155.621786
1780456759,146.781447
1780456759,172.335185
1780456759,146.885399
1780456759,172.428373
1780456759,157.036572
1780456759,172.521534
1780456759,172.609855
1780456759,173.752863
1780456759,173.817725
1780456759,173.919608
1780456759,157.375907
1780456759,142.413398
1780456759,172.197373
1780456759,152.902175
1780456759,177.205122
1780456759,177.192381
1780456759,176.634275
1780456759,155.642277
1780456759,143.705092
1780456759,143.951113
1780456759,144.526900
1780456759,142.941029
1780456759,144.986940
1780456759,143.491472
1780456759,145.379655
1780456759,144.142736
1780456759,144.538785
1780456759,174.493322
1780456759,174.280184
1780456759,160.848421
1780456759,147.463733
1780456759,147.353567
1780456759,147.662724
1780456759,147.614662
1780456759,147.861259
1780456759,161.128631
1780456759,179.242420
1780456759,135.784426
1780456759,179.409552
1780456759,126.638478
1780456759,179.834959
1780456759,132.507553
1780456759,180.260921
1780456759,157.369472
1780456759,180.608943
1780456759,133.804504
1780456759,181.260468
1780456759,129.946477
1780456759,181.282272
1780456759,130.560464
1780456759,181.751926
1780456759,129.618294
1780456759,182.578676
1780456759,183.322284
1780456759,130.224507
1780456759,139.742053
1780456759,139.852053
1780456759,183.405545
1780456759,130.638292
1780456759,181.395536
1780456759,130.761253
1780456759,131.200093
1780456759,181.799723
1780456759,130.477730
1780456759,131.022561
1780456759,131.278992
1780456759,131.927016
1780456759,131.979698
1780456759,131.263555
1780456759,172.163057
1780456759,173.439119
1780456759,172.685387
1780456759,172.874233
1780456759,174.468785
1780456759,201.948681
1780456759,194.429607
1780456759,202.007619
1780456759,175.262091
1780456759,194.801002
1780456759,202.117723
1780456759,202.129401
1780456759,194.453139
1780456759,202.135771
1780456759,194.760957
1780456759,202.260155
1780456759,194.859774
1780456759,194.607594
1780456759,192.894929
1780456759,187.953686
1780456759,188.137785
1780456759,191.224892
1780456759,202.526626
1780456759,191.243721
1780456759,181.839073
1780456759,193.433511
1780456759,193.102440
1780456759,193.528682
1780456759,191.858349
1780456759,193.602482
1780456759,192.008823
1780456759,202.557093
1780456759,181.976581
1780456759,194.870539
1780456759,202.773346
1780456759,181.996815
1780456759,195.185093
1780456759,190.964266
1780456759,175.292440
1780456759,173.826600
1780456759,174.382822
1780456759,188.608445
1780456759,174.531286
1780456759,171.787130
1780456759,189.003606
1780456759,208.993578
1780456759,205.739673
1780456759,182.414638
1780456759,195.601315
1780456759,201.722116
1780456759,173.993116
1780456759,170.748736
1780456759,182.335333
1780456759,174.020012
1780456759,182.336888
1780456759,206.335111
1780456759,182.586320
1780456759,209.350341
1780456759,206.383033
1780456759,174.325632
1780456759,182.576135
1780456759,236.846838
1780456759,170.319233
1780456759,170.677947
1780456759,169.497107
1780456759,236.147933
1780456759,236.745335
1780456759,236.363111
1780456759,163.375982
1780456759,236.328864
1780456759,164.044937
1780456759,185.799860
1780456759,166.620885
1780456759,210.568754
1780456759,163.661250
1780456759,163.309164
1780456759,166.673511
1780456759,178.213745
1780456759,163.536728
1780456759,178.712440
1780456759,240.176894
1780456759,178.837203
1780456759,176.502575
1780456759,240.224197
1780456759,179.335202
1780456759,176.660155
1780456759,184.719217
1780456759,239.811782
1780456759,240.201031
1780456759,184.934773
1780456759,186.435144
1780456759,187.057937
1780456759,190.276199
1780456759,190.090214
1780456759,190.177079
1780456759,190.126007
1780456759,170.537526
1780456759,170.701175
1780456759,171.213649
1780456759,169.700625
1780456759,170.365180
1780456759,170.129381
1780456759,167.968184
1780456759,170.499487
1780456759,169.862048
1780456759,168.665531
1780456759,167.612094
1780456759,258.000967
1780456759,183.577405
1780456759,201.771139
1780456759,183.187331
1780456759,214.825992
1780456759,184.081532
1780456759,184.288554
1780456759,215.047118
1780456759,221.081594
1780456759,225.655701
1780456759,193.605736
1780456759,163.039176
1780456759,169.681845
1780456759,163.030732
1780456759,162.938949
1780456759,201.882895
1780456759,241.916005
1780456759,201.863804
1780456759,202.091241
1780456759,202.219450
1780456759,202.292674
1780456759,161.045174
1780456759,169.296651
1780456759,164.123977
1780456759,163.935427
1780456759,162.778308
1780456759,163.838173
1780456759,163.821608
1780456759,169.668315
1780456759,162.984383
1780456759,254.218179
1780456759,253.268409
1780456759,255.767951
1780456759,254.694280
1780456759,152.013631
1780456759,251.944397
1780456759,254.921554
1780456759,254.738636
1780456759,163.340754
1780456759,246.523136
1780456759,244.844662
1780456759,245.416383
1780456759,221.228153
1780456759,218.271057
1780456759,215.170907
1780456759,209.183575
1780456759,215.274863
1780456759,215.934470
1780456759,169.422029
1780456759,213.769842
1780456759,213.721694
1780456759,212.516869
1780456759,213.881580
1780456759,211.586617
1780456759,158.236578
1780456759,158.009933
1780456759,155.216461
1780456759,182.518903
1780456759,180.219158
1780456759,182.440035
1780456759,182.531837
1780456759,182.351746
1780456759,259.685946
1780456759,160.256536
1780456759,178.984367
1780456759,263.204715
1780456759,164.367407
1780456759,156.515009
1780456759,163.242430
1780456759,214.815185
1780456759,177.380926
1780456759,222.933394
1780456759,177.733104
1780456759,158.452504
1780456759,252.876777
1780456759,245.748968
1780456759,245.687339
1780456759,276.337349
1780456759,276.608208
1780456759,276.610041
1780456759,245.426808
1780456759,276.374322
1780456759,266.627999
1780456759,185.329882
1780456759,185.454549
1780456759,276.523937
1780456759,194.897071
1780456759,167.321986
1780456759,190.559521
1780456759,195.053271
1780456759,276.833829
1780456759,266.970561
1780456759,171.788882
1780456759,174.336064
1780456759,175.887048
1780456759,196.125744
1780456759,194.954421
1780456759,196.301233
1780456759,196.581780
1780456759,196.237540
1780456759,242.578830
1780456759,242.896877
1780456759,167.931318
1780456759,267.080696
1780456759,267.173461
1780456759,267.114292
1780456759,165.411046
1780456759,267.537129
1780456759,163.921684
1780456759,267.611645
1780456759,166.566176
1780456759,186.274995
1780456759,267.629508
1780456759,167.813554
1780456759,168.784309
1780456759,168.761458
1780456759,179.098838
1780456759,168.330886
1780456759,156.868131
1780456759,168.616288
1780456759,168.752209
1780456759,162.235488
1780456759,166.533872
1780456759,168.956919
1780456759,166.708338
1780456759,167.364214
1780456759,169.405171
1780456759,168.104622
1780456759,169.291817
1780456759,168.455471
1780456759,172.824894
1780456759,171.797317
1780456759,168.638492
1780456759,170.863411
1780456759,147.525908
1780456759,146.722968
1780456759,151.999864
1780456759,151.937404
1780456759,152.018175
1780456759,151.959982
1780456759,161.854073
1780456759,151.937577
1780456759,151.876168
1780456759,162.794831
1780456759,151.686799
1780456759,151.627819
1780456759,151.894424
1780456759,151.702174
1780456759,152.018828
1780456759,152.106808
1780456759,147.715161
1780456759,146.975525
1780456759,147.603481
1780456759,148.254746
1780456759,148.553759
1780456759,149.148442
1780456759,227.553550
1780456759,225.377856
1780456759,225.497249
1780456759,225.911625
1780456759,219.701100
1780456759,226.160463
1780456759,220.005464
1780456759,241.296236
1780456759,219.219136
1780456759,241.546482
1780456759,241.799194
1780456759,241.983228
1780456759,218.741077
1780456759,240.737077
1780456759,218.661976
1780456759,218.953321
1780456759,219.057081
1780456759,239.392690
1780456759,218.528855
1780456759,219.080112
1780456759,239.783753
1780456759,215.739109
1780456759,238.679547
1780456759,219.244957
1780456759,220.305702
1780456759,220.298826
1780456759,216.278005
1780456759,220.335470
1780456759,220.453723
1780456759,220.675008
1780456759,220.659155
1780456759,215.482942
1780456759,221.094645
1780456759,221.092380
1780456759,221.093496
1780456759,221.307663
1780456759,216.346076
1780456759,224.776604
1780456759,225.068425
1780456759,225.465646
1780456759,204.938654
1780456759,156.791908
1780456759,156.794230
1780456759,155.698653
1780456759,160.710546
1780456759,151.325240
1780456759,159.706721
1780456759,160.785994
1780456759,150.291362
1780456759,158.951766
1780456759,149.966725
1780456759,159.134891
1780456759,146.548051
1780456759,207.642890
1780456759,207.909123
1780456759,151.520645
1780456759,151.256697
1780456759,150.809552
1780456759,151.231596
1780456759,150.811491
1780456759,150.485470
1780456759,210.646060
1780456759,210.523147
1780456759,152.259763
1780456759,210.009513
1780456759,130.314617
1780456759,149.860725
1780456759,135.346009
1780456759,135.272807
1780456759,135.809556
1780456759,132.814126
1780456759,227.660354
1780456759,132.737054
1780456759,227.519461
1780456759,227.654710
1780456759,132.730562
1780456759,133.066426
1780456759,133.833736
1780456759,138.126665
1780456759,134.057167
1780456759,214.433767
1780456759,138.085490
1780456759,134.087659
1780456759,229.837802
1780456759,134.005048
1780456759,215.124001
1780456759,134.310610
1780456759,230.802061
1780456759,134.724019
1780456759,134.849068
1780456759,136.705977
1780456759,217.636747
1780456759,232.428705
1780456759,137.582100
1780456759,232.640791
1780456759,137.669520
1780456759,233.624269
1780456759,138.473570
1780456759,233.323533
1780456759,232.090920
1780456759,138.525935
1780456759,232.226600
1780456759,219.633848
1780456759,232.382950
1780456759,232.643940
1780456759,227.603516
1780456759,224.331420
1780456759,222.881886
1780456759,224.954232
1780456759,225.208783
1780456759,223.014217
1780456759,223.826575
1780456759,316.230328
1780456759,316.010095
1780456759,316.118150
1780456759,316.688282
1780456759,233.496067
1780456759,316.299260
1780456759,316.282666
1780456759,223.126059
1780456759,209.796038
1780456759,213.920960
1780456759,303.706309
1780456759,260.400130
1780456759,218.095384
1780456759,303.751441
1780456759,260.567020
1780456759,223.943854
1780456759,260.565993
1780456759,210.278723
1780456759,261.520908
1780456759,303.999373
1780456759,223.689243
1780456759,223.899759
1780456759,261.774194
1780456759,261.047284
1780456759,304.120959
1780456759,259.301733
1780456759,304.089449
1780456759,224.239954
1780456759,261.143930
1780456759,260.437674
1780456759,261.279563
1780456759,257.708588
1780456759,239.322910
1780456759,260.609193
1780456759,225.884529
1780456759,260.855971
1780456759,261.464149
1780456759,227.260473
1780456759,260.544796
1780456759,260.972431
1780456759,261.333331
1780456759,259.770639
1780456759,234.803522
1780456759,260.742272
1780456759,259.021131
1780456759,260.898628
1780456759,262.225647
1780456759,261.034350
1780456759,242.779205
1780456759,224.193281
1780456759,261.150307
1780456759,244.876243
1780456759,261.392969
1780456759,244.861193
1780456759,300.240778
1780456759,244.737416
1780456759,244.966950
1780456759,244.887465
1780456759,250.948471
1780456759,261.605611
1780456759,193.536233
1780456759,261.446107
1780456759,158.299922
1780456759,224.374445
1780456759,197.721948
1780456759,152.174244
1780456759,250.402554
1780456759,154.480972
1780456759,197.869615
1780456759,152.180744
1780456759,154.725040
1780456759,157.527729
1780456759,242.392787
1780456759,157.821666
1780456759,158.251822
1780456759,198.869044
1780456759,252.458398
1780456759,158.861837
1780456759,199.651076
1780456759,159.386901
1780456759,223.374625
1780456759,200.841242
1780456759,145.902825
1780456759,255.268746
1780456759,248.280203
1780456759,224.525191
1780456759,260.620137
1780456759,259.073587
1780456759,226.328433
1780456759,202.217099
1780456759,228.400249
1780456759,148.267259
1780456759,148.602527
1780456759,203.201230
1780456759,131.783601
1780456759,209.253205
1780456759,149.580589
1780456759,210.643873
1780456759,204.369737
1780456759,211.682507
1780456759,212.442546
1780456759,149.436121
1780456759,213.214913
1780456759,226.434236
1780456759,212.497607
1780456759,226.898812
1780456759,262.421772
1780456759,151.372009
1780456759,265.325229
1780456759,157.298158
1780456759,206.115065
1780456759,206.193146
1780456759,229.196085
1780456759,230.797624
1780456759,135.501142
1780456759,146.930237
1780456759,229.484388
1780456759,143.795000
1780456759,143.796265
1780456759,233.097053
1780456759,134.529325
1780456759,151.981894
1780456759,136.010812
1780456759,233.829127
1780456759,133.786887
1780456759,152.976426
1780456759,234.349682
1780456759,150.292719
1780456759,236.585683
1780456759,155.684342
1780456759,249.219320
1780456759,240.267438
1780456759,159.338895
1780456759,154.808234
1780456759,234.078175
1780456759,252.139265
1780456759,162.090052
1780456759,238.488533
1780456759,163.150943
1780456759,241.928090
1780456759,265.360256
1780456759,259.863724
1780456759,266.819946
1780456759,260.618534
1780456759,143.561909
1780456759,266.144047
1780456759,260.008166
1780456759,134.650586
1780456759,260.347028
1780456759,130.587145
1780456759,135.140415
1780456759,202.532110
1780456759,134.777667
1780456759,244.120206
1780456759,136.547633
1780456759,131.750373
1780456759,131.776537
1780456759,196.137299
1780456759,262.838374
1780456759,132.004680
1780456759,199.770450
1780456759,130.831449
1780456759,195.909420
1780456759,200.238100
1780456759,130.284623
1780456759,130.567861
1780456759,130.602609
1780456759,199.916012
1780456759,138.357318
1780456759,138.528625
1780456759,265.554664
1780456759,200.505046
1780456759,200.571991
1780456759,139.620608
1780456759,139.676149
1780456759,125.384340
1780456759,200.068960
1780456759,139.957904
1780456759,140.065842
1780456759,140.275077
1780456759,140.312378
1780456759,140.537339
1780456759,140.634192
1780456759,267.767601
1780456759,140.369296
1780456759,140.520427
1780456759,141.067988
1780456759,201.587859
1780456759,273.685507
1780456759,272.107197
1780456759,147.412154
1780456759,147.230449
1780456759,141.873273
1780456759,140.782471
1780456759,142.166046
1780456759,235.787501
1780456759,273.341445
1780456759,274.194068
1780456759,150.997057
1780456759,276.208546
1780456759,151.797691
1780456759,152.064808
1780456759,152.134419
1780456759,152.531906
1780456759,277.682652
1780456759,143.675854
1780456759,131.464047
1780456759,132.321002
1780456759,133.280138
1780456759,134.670613
1780456759,277.507746
1780456759,277.854271
1780456759,278.769199
1780456759,135.869116
1780456759,261.267705
1780456759,261.611815
1780456759,279.720390
1780456759,269.376817
1780456759,141.830469
1780456759,198.116405
1780456759,284.033171
1780456759,273.248331
1780456759,193.409408
1780456759,142.166442
1780456759,284.336522
1780456759,276.480884
1780456759,198.212983
1780456759,142.433291
1780456759,284.336772
1780456759,276.978710
1780456759,198.762103
1780456759,127.137948
1780456759,269.196984
1780456759,127.289252
1780456759,143.740205
1780456759,198.743056
1780456759,139.325176
1780456759,277.345142
1780456759,209.989815
1780456759,139.484242
1780456759,162.085402
1780456759,146.328775
1780456759,141.099281
1780456759,283.668680
1780456759,284.290065
1780456759,210.486858
1780456759,284.554946
1780456759,211.484997
1780456759,152.449057
1780456759,287.622535
1780456759,219.410071
1780456759,287.693127
1780456759,153.530994
1780456759,288.501065
1780456759,220.040121
1780456759,262.322943
1780456759,287.079169
1780456759,238.588142
1780456759,148.922945
1780456759,143.063879
1780456759,127.467628
1780456759,220.538921
1780456759,288.485303
1780456759,218.442698
1780456759,264.504992
1780456759,152.742899
1780456759,128.345392
1780456759,155.196011
1780456759,290.388404
1780456759,155.534432
1780456759,157.211652
1780456759,154.383199
1780456759,157.676157
1780456759,290.218524
1780456759,151.542921
1780456759,159.186557
1780456759,146.952130
1780456759,270.750271
1780456759,286.040665
1780456759,152.542991
1780456759,280.803922
1780456759,291.580809
1780456759,290.559449
1780456759,153.377280
1780456759,267.855846
1780456759,287.943558
1780456759,274.420805
1780456759,288.352794
1780456759,297.752142
1780456759,287.192130
1780456759,169.945417
1780456759,300.742835
1780456759,287.891480
1780456759,297.198902
1780456759,296.908186
1780456759,296.734458
1780456759,298.225291
1780456759,170.333044
1780456759,298.223784
1780456759,170.552671
1780456759,301.006049
1780456759,301.611710
1780456759,297.853518
1780456759,141.122501
1780456759,280.622646
1780456759,170.626533
1780456759,294.564956
1780456759,304.107453
1780456759,298.748715
1780456759,280.805542
1780456759,141.328248
1780456759,141.853861
1780456759,176.699190
1780456759,176.923456
1780456759,299.553903
1780456759,275.369997
1780456759,289.058468
1780456759,300.899826
1780456759,145.937554
1780456759,291.858166
1780456759,316.132187
1780456759,316.308989
1780456759,299.452604
1780456759,315.921971
1780456759,302.060698
1780456759,303.918984
1780456759,304.123327
1780456759,294.345852
1780456759,290.119726
1780456759,298.329792
1780456759,290.627498
1780456759,232.875657
1780456759,291.358289
1780456759,299.852489
1780456759,299.937147
1780456759,294.568597
1780456759,294.653349
1780456759,226.832216
1780456759,303.263309
1780456759,227.842027
1780456759,305.118326
1780456759,234.715962
1780456759,308.647097
1780456759,236.346746
1780456759,297.165480
1780456759,237.507544
1780456759,238.116564
1780456759,307.870202
1780456759,236.527134
1780456759,310.750466
1780456759,311.195812
1780456759,242.009909
1780456759,235.985680
1780456759,316.831278
1780456759,326.296738
1780456759,250.600718
1780456759,317.308580
1780456759,242.935108
1780456759,238.677343
1780456759,319.536612
1780456759,324.408476
1780456759,239.298646
1780456759,134.872328
1780456759,239.242727
1780456759,246.001341
1780456759,180.381812
1780456759,246.875158
1780456759,148.969585
1780456759,246.634759
1780456759,330.941650
1780456759,158.583988
1780456759,160.295027
1780456759,166.051026
1780456759,167.665312
1780456759,161.579209
1780456759,185.900681
1780456759,167.860858
1780456759,186.033585
1780456759,172.926372
1780456759,171.424081
1780456759,175.444700
1780456759,157.968446
1780456759,174.150883
1780456759,175.402983
1780456759,179.372572
1780456759,175.550186
1780456759,179.559933
1780456759,175.615498
1780456759,179.549811
1780456759,138.931703
1780456759,178.438713
1780456759,171.189739
1780456759,312.687754
1780456759,308.160533
1780456759,234.056454
1780456759,308.365643
1780456759,162.416712
1780456759,241.407599
1780456759,179.994190
1780456759,171.608832
1780456759,312.517902
1780456759,312.832270
1780456759,190.322828
1780456759,144.647340
1780456759,190.359676
1780456759,250.682714
1780456759,316.873638
1780456759,241.841959
1780456759,309.422052
1780456759,245.934225
1780456759,157.550362
1780456759,310.913659
1780456759,157.668910
1780456759,245.782548
1780456759,157.797190
1780456759,246.239594
1780456759,160.170920
1780456759,160.296046
1780456759,246.404981
1780456759,242.334907
1780456759,242.428612
1780456759,242.667672
1780456759,251.148630
1780456759,251.135402
1780456759,246.579933
1780456759,330.101910
1780456759,331.662143
1780456759,336.884590
1780456759,335.652365
1780456759,341.329738
1780456759,319.415465
1780456759,257.063119
1780456759,196.457059
1780456759,255.077275
1780456759,349.117343
1780456759,203.742695
1780456759,173.415759
1780456759,349.468192
1780456759,193.767454
1780456759,205.043961
1780456759,256.531370
1780456759,169.956629
1780456759,170.298945
1780456759,171.854560
1780456759,175.875518
1780456759,184.106068
1780456759,188.885929
1780456759,250.274635
1780456759,193.086272
1780456759,147.734773
1780456759,194.683101
1780456759,148.157503
1780456759,194.841558
1780456759,250.566583
1780456759,195.350477
1780456759,251.931982
1780456759,195.559367
1780456759,251.346820
1780456759,196.984682
1780456759,251.749386
1780456759,205.384567
1780456759,285.652800
1780456759,196.197592
1780456759,249.360350
1780456759,248.341481
1780456759,249.504039
1780456759,149.513718
1780456759,292.825152
1780456759,152.988863
1780456759,295.585278
1780456759,290.565743
1780456759,295.820940
1780456759,296.070603
1780456759,296.154354
1780456759,296.242663
1780456759,293.245158
1780456759,159.970570
1780456759,335.953871
1780456759,160.452746
1780456759,289.456108
1780456759,341.773673
1780456759,342.525925
1780456759,187.128279
1780456759,290.926854
1780456759,187.370237
1780456759,293.451184
1780456759,303.624473
1780456759,250.220318
1780456759,304.015571
1780456759,304.013429
1780456759,304.235023
1780456759,304.429254
1780456759,334.661425
1780456759,328.894232
1780456759,331.227262
1780456759,331.351855
1780456759,295.073523
1780456759,331.679805
1780456759,151.504686
1780456759,157.385017
1780456759,262.728091
1780456759,155.928951
1780456759,159.851619
1780456759,262.902252
1780456759,263.845860
1780456759,161.149140
1780456759,161.237015
1780456759,161.335510
1780456759,161.620620
1780456759,161.709297
1780456759,264.419059
1780456759,264.551508
1780456759,251.553529
1780456759,162.018989
1780456759,162.036098
1780456759,295.698001
1780456759,251.798577
1780456759,210.190439
1780456759,161.876459
1780456759,162.344365
1780456759,295.184189
1780456759,295.491317
1780456759,162.518831
1780456759,333.461798
1780456759,252.100281
1780456759,333.543714
1780456759,264.765766
1780456759,296.144794
1780456759,264.963377
1780456759,264.461199
1780456759,265.410352
1780456759,265.494857
1780456759,162.171737
1780456759,265.792237
1780456759,162.867764
1780456759,265.940340
1780456759,266.022815
1780456759,303.507855
1780456759,251.991811
1780456759,334.404549
1780456759,247.973456
1780456759,148.136437
1780456759,148.990805
1780456759,149.679544
1780456759,285.990852
1780456759,151.035886
1780456759,289.980154
1780456759,151.589202
1780456759,250.249527
1780456759,291.041833
1780456759,222.408577
1780456759,290.887609
1780456759,222.300734
1780456759,299.604888
1780456759,335.229233
1780456759,335.154706
1780456759,291.466224
1780456759,153.762980
1780456759,291.727017
1780456759,154.594701
1780456759,154.759691
1780456759,156.098453
1780456759,313.837421
1780456759,318.257571
1780456759,318.071442
1780456759,134.077386
1780456759,322.521390
1780456759,320.681877
1780456759,322.191032
1780456759,323.337850
1780456759,324.804761
1780456759,289.260458
1780456759,327.713927
1780456759,289.596758
1780456759,134.724469
1780456759,326.428662
1780456759,249.459181
1780456759,328.332374
1780456759,135.630313
1780456759,328.557809
1780456759,248.552500
1780456759,324.778579
1780456759,250.092333
1780456759,313.795391
1780456759,250.330941
1780456759,314.520458
1780456759,251.716491
1780456759,253.019632
1780456759,314.893429
1780456759,261.249397
1780456759,159.573623
1780456759,345.771350
1780456759,312.421893
1780456759,261.801213
1780456759,313.150729
1780456759,262.082528
1780456759,254.042299
1780456759,316.107797
1780456759,316.499063
1780456759,293.664215
1780456759,293.811179
1780456759,188.234458
1780456759,315.996034
1780456759,276.799325
1780456759,309.257347
1780456759,256.988084
1780456759,301.361632
1780456759,301.538880
1780456759,309.782618
1780456759,319.111729
1780456759,302.388139
1780456759,311.610895
1780456759,268.139791
1780456759,141.236360
1780456759,144.445507
1780456759,144.927343
1780456759,143.398771
1780456759,172.532529
1780456759,172.834283
1780456759,320.339415
1780456759,153.782985
1780456759,175.261276
1780456759,266.362316
1780456759,266.683170
1780456759,266.993909
1780456759,323.855593
1780456759,267.759498
1780456759,148.751882
1780456759,308.621401
1780456759,170.736749
1780456759,176.707379
1780456759,170.001242
1780456759,176.974126
1780456759,171.321051
1780456759,172.686779
1780456759,317.975892
1780456759,259.906233
1780456759,327.066469
1780456759,327.340833
1780456759,260.944941
1780456759,265.920917
1780456759,327.702750
1780456759,269.438933
1780456759,261.638906
1780456759,269.846601
1780456759,268.125287
1780456759,328.677947
1780456759,355.368737
1780456759,270.447058
1780456759,347.023133
1780456759,322.115778
1780456759,274.394479
1780456759,275.130993
1780456759,275.328562
1780456759,275.698080
1780456759,320.409458
1780456759,320.640474
1780456759,284.815558
1780456759,191.413393
1780456759,210.418265
1780456759,268.288322
1780456759,210.997579
1780456759,269.515043
1780456759,210.697309
1780456759,330.975520
1780456759,223.104372
1780456759,161.992090
1780456759,285.178647
1780456759,264.356981
1780456759,211.105238
1780456759,266.704410
1780456759,285.297532
1780456759,332.326421
1780456759,265.630521
1780456759,285.571867
1780456759,336.869560
1780456759,285.562732
1780456759,267.940796
1780456759,285.742067
1780456759,336.969918
1780456759,285.747814
1780456759,268.695198
1780456759,285.845873
1780456759,337.127596
1780456759,285.772254
1780456759,337.130888
1780456759,279.711769
1780456759,337.235425
1780456759,280.220252
1780456759,273.290831
1780456759,286.038059
1780456759,273.362652
1780456759,280.771302
1780456759,323.212258
1780456759,339.465161
1780456759,271.796181
1780456759,271.150856
1780456759,322.863249
1780456759,159.364656
1780456759,322.412147
1780456759,160.804901
1780456759,321.888013
1780456759,168.299663
1780456759,186.796643
1780456759,337.544288
1780456759,190.216392
1780456759,337.671965
1780456759,172.623528
1780456759,281.098358
1780456759,272.005567
1780456759,274.972448
1780456759,339.778496
1780456759,276.178929
1780456759,337.737110
1780456759,181.087628
1780456759,340.898542
1780456759,281.064135
1780456759,326.548005
1780456759,338.008564
1780456759,228.143375
1780456759,281.090395
1780456759,197.664762
1780456759,184.748830
1780456759,124.316895
1780456759,224.228848
1780456759,229.475968
1780456759,197.898219
1780456759,340.511437
1780456759,228.360064
1780456759,163.177295
1780456759,298.280339
1780456759,198.041895
1780456759,253.902136
1780456759,231.796079
1780456759,243.319162
1780456759,323.735203
1780456759,199.239061
1780456759,263.566802
1780456759,299.283394
1780456759,254.069831
1780456759,128.938336
1780456759,319.184794
1780456759,229.906266
1780456759,254.158491
1780456759,234.305145
1780456759,244.782805
1780456759,199.864335
1780456759,301.078042
1780456759,228.106029
1780456759,281.685697
1780456759,199.880372
1780456759,281.695316
1780456759,230.067537
1780456759,323.688328
1780456759,136.280712
1780456759,264.290717
1780456759,237.791231
1780456759,270.035326
1780456759,230.240622
1780456759,270.023660
1780456759,237.931000
1780456759,272.966830
1780456759,131.190279
1780456759,149.550141
1780456759,208.006096
1780456759,271.345968
1780456759,233.471140
1780456759,324.324794
1780456759,332.348704
1780456759,207.056177
1780456759,331.576995
1780456759,301.016170
1780456759,332.353866
1780456759,234.786636
1780456759,153.576051
1780456759,238.283436
1780456759,155.458722
1780456759,235.501612
1780456759,155.377378
1780456759,225.245127
1780456759,334.347197
1780456759,301.057775
1780456759,159.456900
1780456759,235.153135
1780456759,159.815798
1780456759,207.389049
1780456759,334.517922
1780456759,334.820547
1780456759,131.144610
1780456759,264.216033
1780456759,334.896992
1780456759,238.249497
1780456759,157.264569
1780456759,235.863594
1780456759,332.943609
1780456759,132.750335
1780456759,159.088958
1780456759,207.730260
1780456759,157.298703
1780456759,238.815865
1780456759,159.665473
1780456759,236.005664
1780456759,332.579912
1780456759,301.297451
1780456759,239.379795
1780456759,160.222623
1780456759,281.974790
1780456759,132.365817
1780456759,239.927522
1780456759,164.454780
1780456759,236.387693
1780456759,302.469098
1780456759,240.073946
1780456759,301.658170
1780456759,246.119821
1780456759,236.465207
1780456759,228.170363
1780456759,240.152163
1780456759,136.032819
1780456759,302.325582
1780456759,255.901335
1780456759,240.321110
1780456759,228.633090
1780456759,236.776964
1780456759,133.900965
1780456759,256.020244
1780456759,240.478548
1780456759,228.912115
1780456759,236.804932
1780456759,246.495989
1780456759,240.765987
1780456759,302.715920
1780456759,228.892566
1780456759,303.309303
1780456759,240.672704
1780456759,237.041600
1780456759,134.365660
1780456759,247.889256
1780456759,240.784969
1780456759,246.837281
1780456759,237.189564
1780456759,250.456501
1780456759,138.043206
1780456759,248.112031
1780456759,218.271473
1780456759,315.025511
1780456759,241.089217
1780456759,254.462814
1780456759,246.986142
1780456759,271.314188
1780456759,256.027277
1780456759,214.002152
1780456759,253.461413
1780456759,303.818320
1780456759,303.093465
1780456759,271.456781
1780456759,215.477632
1780456759,259.883041
1780456759,302.529984
1780456759,301.670017
1780456759,244.575018
1780456759,247.076535
1780456759,218.719956
1780456759,224.144872
1780456759,256.334340
1780456759,260.134799
1780456759,135.216218
1780456759,253.535314
1780456759,214.285609
1780456759,260.175397
1780456759,260.276124
1780456759,244.697136
1780456759,283.275434
1780456759,214.474318
1780456759,260.184402
1780456759,260.434029
1780456759,135.681776
1780456759,256.628106
1780456759,315.479979
1780456759,215.953954
1780456759,260.554418
1780456759,136.760053
1780456759,283.384561
1780456759,315.850775
1780456759,216.039705
1780456759,245.070186
1780456759,234.874889
1780456759,304.111315
1780456759,254.251283
1780456759,245.196797
1780456759,237.347470
1780456759,226.394221
1780456759,288.593084
1780456759,290.859077
1780456759,320.368610
1780456759,237.891279
1780456759,246.613543
1780456759,254.523994
1780456759,321.466339
1780456759,227.789916
1780456759,238.144484
1780456759,227.916404
1780456759,257.465091
1780456759,288.674977
1780456759,288.872808
1780456759,136.997079
1780456759,136.698302
1780456759,257.620436
1780456759,277.642039
1780456759,230.016150
1780456759,277.639207
1780456759,229.376341
1780456759,277.792238
1780456759,305.091195
1780456759,277.911661
1780456759,137.791171
1780456759,138.553967
1780456759,139.102780
1780456759,139.487960
1780456759,149.031045
1780456759,144.033133
1780456759,290.111932
1780456759,238.859545
1780456759,144.404111
1780456759,265.943178
1780456759,239.035745
1780456759,239.006209
1780456759,243.983387
1780456759,289.894774
1780456759,332.494833
1780456759,334.586266
1780456759,335.581925
1780456759,335.127445
1780456759,273.921158
1780456759,274.078167
1780456759,335.917699
1780456759,274.001793
1780456759,274.228923
1780456759,290.497735
1780456759,336.114585
1780456759,154.057769
1780456759,291.295936
1780456759,156.439924
1780456759,328.454031
1780456759,336.368367
1780456759,239.603069
1780456759,248.039901
1780456759,271.535398
1780456759,195.663247
1780456759,248.192826
1780456759,195.753696
1780456759,272.811893
1780456759,198.151959
1780456759,248.350977
1780456759,127.359310
1780456759,231.971751
1780456759,249.712309
1780456759,249.555214
1780456759,199.554803
1780456759,249.666234
1780456759,115.644939
1780456759,249.837360
1780456759,200.061733
1780456759,251.070079
1780456759,232.997129
1780456759,247.184689
1780456759,232.200773
1780456759,259.424342
1780456759,202.709281
1780456759,259.390495
1780456759,202.957601
1780456759,248.421789
1780456759,292.823721
1780456759,248.531521
1780456759,134.669371
1780456759,242.442526
1780456759,225.911280
1780456759,335.808990
1780456759,233.834547
1780456759,203.119449
1780456759,304.713510
1780456759,226.072693
1780456759,287.946317
1780456759,288.011974
1780456759,285.880187
1780456759,112.586824
1780456759,234.149071
1780456759,113.160020
1780456759,234.245620
1780456759,113.879707
1780456759,114.869124
1780456759,234.403461
1780456759,229.155359
1780456759,286.388603
1780456759,232.474391
1780456759,113.348677
1780456759,114.725377
1780456759,240.399321
1780456759,116.355795
1780456759,239.112211
1780456759,293.110769
1780456759,224.615576
1780456759,292.595393
1780456759,293.140372
1780456759,248.357128
1780456759,293.226436
1780456759,163.932850
1780456759,240.740529
1780456759,293.653099
1780456759,162.833732
1780456759,231.097345
1780456759,160.489522
1780456759,116.980968
1780456759,293.911639
1780456759,294.130732
1780456759,245.313671
1780456759,244.255690
1780456759,245.678907
1780456759,283.665004
1780456759,234.747144
1780456759,245.743490
1780456759,223.131690
1780456759,213.519795
1780456759,213.568608
1780456759,213.555839
1780456759,244.337838
1780456759,282.891349
1780456759,244.877638
1780456759,205.744470
1780456759,289.262785
1780456759,244.576526
1780456759,245.308077
1780456759,211.759669
1780456759,281.769226
1780456759,245.118368
1780456759,245.205647
1780456759,289.861099
1780456759,245.417738
1780456759,196.148593
1780456759,245.547389
1780456759,243.670395
1780456759,115.983299
1780456759,209.228470
1780456759,291.094259
1780456759,244.003093
1780456759,209.676776
1780456759,116.213513
1780456759,240.338974
1780456759,240.274202
1780456759,235.211473
1780456759,208.741300
1780456759,208.936351
1780456759,235.679466
1780456759,127.353336
1780456759,200.533749
1780456759,200.629803
1780456759,126.874191
1780456759,200.093352
1780456759,200.243811
1780456759,199.929657
1780456759,116.395514
1780456759,199.013266
1780456759,199.255613
1780456759,117.058595
1780456759,129.056947
1780456759,199.723063
1780456759,194.331124
1780456759,123.616308
1780456759,238.463247
1780456759,193.799496
1780456759,226.634416
1780456759,226.959572
1780456759,124.671753
1780456759,226.151976
1780456759,124.978856
1780456759,227.280027
1780456759,124.593331
1780456759,227.436670
1780456759,124.821996
1780456759,227.689897
1780456759,125.536341
1780456759,227.858251
1780456759,227.959297
1780456759,122.671674
1780456759,228.304554
1780456759,126.149633
1780456759,228.638491
1780456759,228.572295
1780456759,228.717294
1780456759,132.826240
1780456759,192.361800
1780456759,213.558874
1780456759,133.048237
1780456759,208.382253
1780456759,122.779458
1780456759,303.610643
1780456759,202.807102
1780456759,214.194266
1780456759,299.479135
1780456759,123.388289
1780456759,299.854346
1780456759,214.653983
1780456759,211.591618
1780456759,300.018392
1780456759,192.649283
1780456759,207.690239
1780456759,210.677451
1780456759,176.946666
1780456759,284.443180
1780456759,123.864250
1780456759,175.214977
1780456759,174.885633
1780456759,123.762355
1780456759,174.889990
1780456759,174.684761
1780456759,123.600139
1780456759,176.193459
1780456759,176.254105
1780456759,283.707328
1780456759,176.440374
1780456759,176.543333
1780456759,301.655223
1780456759,174.173126
1780456759,174.587195
1780456759,301.831965
1780456759,176.877836
1780456759,172.043549
1780456759,285.309208
1780456759,124.812893
1780456759,285.606773
1780456759,174.475624
1780456759,285.274527
1780456759,130.724407
1780456759,172.370829
1780456759,283.675657
1780456759,130.695058
1780456759,285.731533
1780456759,173.410571
1780456759,171.780755
1780456759,171.643194
1780456759,130.822519
1780456759,124.812623
1780456759,308.922077
1780456759,131.237978
1780456759,309.173738
1780456759,131.188871
1780456759,309.348370
1780456759,309.614349
1780456759,131.467234
1780456759,275.462378
1780456759,131.501285
1780456759,131.118123
1780456759,310.886797
1780456759,130.788869
1780456759,130.994506
1780456759,311.190259
1780456759,129.798526
1780456759,311.579699
1780456759,311.789189
1780456759,129.892097
1780456759,129.846001
1780456759,277.957577
1780456759,312.089733
1780456759,130.214666
1780456759,278.338090
1780456759,278.633537
1780456759,278.704769
1780456759,128.828134
1780456759,313.199548
1780456759,130.807447
1780456759,130.846965
1780456759,313.309772
1780456759,130.210232
1780456759,279.300546
1780456759,279.443380
1780456759,131.088725
1780456759,308.989974
1780456759,131.168911
1780456759,279.727469
1780456759,130.282461
1780456759,121.211792
1780456759,309.417630
1780456759,133.949891
1780456759,283.494484
1780456759,283.558384
1780456759,130.277497
1780456759,283.769125
1780456759,283.702500
1780456759,272.159362
1780456759,284.301126
1780456759,284.482601
1780456759,272.591969
1780456759,272.723918
1780456759,284.655594
1780456759,276.961114
1780456759,261.153380
1780456759,259.807226
1780456759,261.220589
1780456759,261.530229
1780456759,259.576648
1780456759,258.945865
1780456759,289.688712
1780456759,274.324742
1780456759,264.283823
1780456759,267.586007
1780456759,265.258427
1780456759,268.016891
1780456759,257.554321
1780456759,257.756115
1780456759,275.065331
1780456759,121.954646
1780456759,264.816936
1780456759,264.297835
1780456759,248.333755
1780456759,275.848294
1780456759,253.170588
1780456759,253.353522
1780456759,126.114966
1780456759,276.220204
1780456759,275.041223
1780456759,123.118718
1780456759,123.027762
1780456759,274.996209
1780456759,121.473691
1780456759,275.300911
1780456759,275.708866
1780456759,121.693169
1780456759,275.342364
1780456759,121.644498
1780456759,246.165167
1780456759,148.211799
1780456759,114.056143
1780456759,275.494645
1780456759,275.502889
1780456759,242.429396
1780456759,276.424000
1780456759,276.461382
1780456759,276.296108
1780456759,269.194646
1780456759,276.440589
1780456759,276.190639
1780456759,241.211560
1780456759,276.694204
1780456759,276.674098
1780456759,240.962591
1780456759,241.014422
1780456759,241.137947
1780456759,277.078170
1780456759,240.229528
1780456759,274.827737
1780456759,275.079734
1780456759,240.177476
1780456759,275.129871
1780456759,240.357162
1780456759,240.469570
1780456759,239.089764
1780456759,239.240489
1780456759,239.283064
1780456759,239.768697
1780456759,239.493413
1780456759,239.527903
1780456759,151.426620
1780456759,239.972986
1780456759,240.295161
1780456759,132.247828
1780456759,240.296837
1780456759,110.888076
1780456759,240.717657
1780456759,131.663791
1780456759,255.334525
1780456759,143.322576
1780456759,240.569804
1780456759,131.166614
1780456759,227.089516
1780456759,205.923081
1780456759,206.741084
1780456759,203.882047
1780456759,205.555895
1780456759,203.924193
1780456759,204.098452
1780456759,204.284826
1780456759,207.344974
1780456759,203.299220
1780456759,203.586293
1780456759,207.528932
1780456759,202.570135
1780456759,202.395998
1780456759,207.926005
1780456759,201.278850
1780456759,202.600644
1780456759,210.380663
1780456759,202.437954
1780456759,177.053866
1780456759,201.174416
1780456759,202.822847
1780456759,202.227314
1780456759,204.543099
1780456759,204.820895
1780456759,202.376286
1780456759,200.250074
1780456759,200.841245
1780456759,200.546467
1780456759,200.791042
1780456759,201.274522
1780456759,200.455986
1780456759,200.590604
1780456759,200.606031
1780456759,200.732882
1780456759,200.645628
1780456759,196.429570
1780456759,202.797176
1780456759,187.613313
1780456759,183.217099
1780456759,182.545117
1780456759,188.092832
1780456759,176.852516
1780456759,182.383553
1780456759,176.924566
1780456759,175.047705
1780456759,174.622123
1780456759,115.314799
1780456759,125.206971
1780456759,141.420310
1780456759,195.382845
1780456759,145.453162
1780456759,126.874133
1780456759,184.066512
1780456759,122.542006
1780456759,195.478792
1780456759,147.533461
1780456759,126.172090
1780456759,195.971468
1780456759,126.180320
1780456759,192.880775
1780456759,121.797734
1780456759,196.432438
1780456759,196.424534
1780456759,123.075258
1780456759,196.498251
1780456759,122.449856
1780456759,189.769719
1780456759,123.245316
1780456759,196.582394
1780456759,122.555997
1780456759,141.223213
1780456759,185.994919
1780456759,141.050405
1780456759,196.080062
1780456759,197.247444
1780456759,142.965831
1780456759,193.110791
1780456759,117.866387
1780456759,120.534106
1780456759,186.351420
1780456759,117.269544
1780456759,186.494550
1780456759,116.123277
1780456759,190.223050
1780456759,118.038866
1780456759,186.234069
1780456759,117.947369
1780456759,118.410383
1780456759,186.954613
1780456759,117.630261
1780456759,186.794241
1780456759,186.806827
1780456759,117.661026
1780456759,117.880938
1780456759,141.301135
1780456759,187.498049
1780456759,185.662326
1780456759,187.511536
1780456759,132.245598
1780456759,143.212407
1780456759,183.452756
1780456759,121.815706
1780456759,113.267817
1780456759,129.655073
1780456759,142.545168
1780456759,182.556147
1780456759,180.920480
1780456759,167.149251
1780456759,168.941507
1780456759,166.032287
1780456759,166.809173
1780456759,166.986421
1780456759,166.620920
1780456759,172.743211
1780456759,168.857448
1780456759,132.758238
1780456759,168.941218
1780456759,168.529972
1780456759,132.252142
1780456759,133.843133
1780456759,178.435306
1780456759,168.484619
1780456759,168.226458
1780456759,136.057861
1780456759,116.116766
1780456759,160.766905
1780456759,175.026499
1780456759,175.557188
1780456759,171.739653
1780456759,161.114316
1780456759,225.304470
1780456759,161.193624
1780456759,161.303255
1780456759,221.074000
1780456759,215.293187
1780456759,161.336191
1780456759,221.226008
1780456759,161.590589
1780456759,220.997832
1780456759,161.618038
1780456759,161.672878
1780456759,161.800550
1780456759,219.864989
1780456759,178.660143
1780456759,177.997799
1780456759,176.571572
1780456759,216.916557
1780456759,175.340310
1780456759,174.727330
1780456759,211.362628
1780456759,211.466447
1780456759,175.578045
1780456759,173.268030
1780456759,211.773338
1780456759,161.875540
1780456759,208.525108
1780456759,164.783697
1780456759,204.229233
1780456759,195.562738
1780456759,189.197167
1780456759,190.407966
1780456759,165.430174
1780456759,179.711861
1780456759,178.924287
1780456759,177.893471
1780456759,177.850997
1780456759,165.580568
1780456759,177.054470
1780456759,177.155455
1780456759,178.416687
1780456759,167.071860
1780456759,167.194896
1780456759,164.475792
1780456759,179.028610
1780456759,163.419372
1780456759,167.138765
1780456759,163.385455
1780456759,177.738270
1780456759,163.719769
1780456759,163.489688
1780456759,177.293805
1780456759,177.062641
1780456759,135.350242
1780456759,163.348806
1780456759,175.999433
1780456759,175.751322
1780456759,132.945738
1780456759,187.009590
1780456759,135.582281
1780456759,133.092442
1780456759,133.123756
1780456759,132.092184
1780456759,143.029108
1780456759,131.713953
1780456759,188.359946
1780456759,188.766309
1780456759,144.769095
1780456759,137.510197
1780456759,189.035966
1780456759,113.515278
1780456759,179.762318
1780456759,182.948606
1780456759,117.034698
1780456759,127.349837
1780456759,181.555496
1780456759,172.231000
1780456759,116.331214
1780456759,180.452091
1780456759,172.521190
1780456759,117.850291
1780456759,172.447115
1780456759,113.348926
1780456759,172.365506
1780456759,172.684451
1780456759,116.983022
1780456759,117.012793
1780456759,118.579300
1780456759,184.451352
1780456759,191.801080
1780456759,184.039781
1780456759,173.248573
1780456759,114.243382
1780456759,182.563976
1780456759,116.883654
1780456759,182.178886
1780456759,171.971622
1780456759,116.981671
1780456759,113.936904
1780456759,167.049860
1780456759,167.847700
1780456759,165.391232
1780456759,163.513549
1780456759,166.495625
1780456759,167.615926
1780456759,172.844767
1780456759,167.991542
1780456759,164.851851
1780456759,169.784359
1780456759,169.797748
1780456759,118.944037
1780456759,169.995420
1780456759,168.969905
1780456759,167.464624
1780456759,175.457355
1780456759,114.816900
1780456759,166.182523
1780456759,175.409335
1780456759,116.348653
1780456759,164.398607
1780456759,174.927915
1780456759,188.369402
1780456759,113.691932
1780456759,152.568487
1780456759,193.858896
1780456759,172.859668
1780456759,193.964802
1780456759,148.406613
1780456759,194.078109
1780456759,114.634580
1780456759,194.180268
1780456759,148.345218
1780456759,148.446762
1780456759,119.967314
1780456759,153.039277
1780456759,194.547334
1780456759,167.751183
1780456759,148.240786
1780456759,114.095888
1780456759,148.159141
1780456759,148.353903
1780456759,153.579456
1780456759,169.118618
1780456759,110.142885
1780456759,171.068530
1780456759,115.473067
1780456759,174.177602
1780456759,114.714496
1780456759,148.490611
1780456759,167.295291
1780456759,175.159340
1780456759,168.443218
1780456759,153.392865
1780456759,110.421310
1780456759,148.342915
1780456759,154.415389
1780456759,153.443813
1780456759,110.389920
1780456759,147.846436
1780456759,153.827840
1780456759,148.176344
1780456759,147.916997
1780456759,154.088852
1780456759,147.790292
1780456759,154.194913
1780456759,168.987215
1780456759,167.215712
1780456759,154.275268
1780456759,147.805374
1780456759,147.509779
1780456759,154.378069
1780456759,153.621492
1780456759,147.752280
1780456759,147.626018
1780456759,154.254552
1780456759,147.559013
1780456759,153.361599
1780456759,145.699936
1780456759,171.735446
1780456759,145.902364
1780456759,144.357236
1780456759,144.202251
1780456759,145.182428
1780456759,144.186246
1780456759,144.915171
1780456759,156.148183
1780456759,145.751943
1780456759,142.052567
1780456759,155.174504
1780456759,169.031126
1780456759,155.278722
1780456759,126.686338
1780456759,167.645827
1780456759,166.426959
1780456759,153.488164
1780456759,169.830852
1780456759,155.152422
1780456759,169.564411
1780456759,125.601976
1780456759,125.341501
1780456759,170.078687
1780456759,127.333314
1780456759,155.070919
1780456759,126.509218
1780456759,149.467993
1780456759,167.795244
1780456759,127.615416
1780456759,139.468331
1780456759,125.198240
1780456759,125.001840
1780456759,167.047192
1780456759,124.250023
1780456759,147.369223
1780456759,122.164873
1780456759,139.608872
1780456759,120.959080
1780456759,139.477687
1780456759,139.522835
1780456759,139.468285
1780456759,139.375340
1780456759,147.617666
1780456759,147.796050
1780456759,155.595218
1780456759,149.286721
1780456759,155.572717
1780456759,144.865286
1780456759,148.111040
1780456759,148.043175
1780456759,147.996042
1780456759,161.631818
1780456759,158.755963
1780456759,130.861928
1780456759,130.685912
1780456759,130.513964
1780456759,160.318954
1780456759,130.086705
1780456759,161.508381
1780456759,157.681220
1780456759,131.230474
1780456759,154.677691
1780456759,131.143073
1780456759,132.280398
1780456759,161.227686
1780456759,161.003493
1780456759,132.395890
1780456759,130.718585
1780456759,153.453736
1780456759,144.735455
1780456759,130.342036
1780456759,134.609583
1780456759,134.145281
1780456759,134.058401
1780456759,134.099827
1780456759,133.444524
1780456759,127.841968
1780456759,128.324994
1780456759,128.777838
1780456759,126.137091
1780456759,125.566861
1780456759,126.020964
1780456759,133.570590
1780456759,125.753573
1780456759,133.857750
1780456759,131.244955
1780456759,125.337541
1780456759,133.178342
1780456759,125.150004
1780456759,112.890650
1780456759,185.182339
1780456759,108.299252
1780456759,176.809626
1780456759,182.373119
1780456759,181.503636
1780456759,134.345064
1780456759,185.041565
1780456759,185.596765
1780456759,177.851374
1780456759,177.169920
1780456759,177.483660
1780456759,114.549388
1780456759,179.081749
1780456759,114.784193
1780456759,143.060451
1780456759,115.258173
1780456759,178.856230
1780456759,115.007312
1780456759,115.118916
1780456759,179.973302
1780456759,115.592303
1780456759,179.894246
1780456759,186.653541
1780456759,194.835592
1780456759,180.475870
1780456759,179.674052
1780456759,110.499465
1780456759,180.628796
1780456759,137.517030
1780456759,114.838411
1780456759,145.109722
1780456759,150.038961
1780456759,152.004549
1780456759,150.489132
1780456759,151.729993
1780456759,147.712972
1780456759,184.093966
1780456759,152.047346
1780456759,162.528905
1780456759,152.302420
1780456759,175.940434
1780456759,144.977374
1780456759,151.488710
1780456759,129.300529
1780456759,204.484443
1780456759,149.019850
1780456759,183.796070
1780456759,187.039356
1780456759,186.766837
1780456759,149.288386
1780456759,186.554875
1780456759,187.241911
1780456759,149.576557
1780456759,147.997765
1780456759,150.131305
1780456759,144.527882
1780456759,129.734025
1780456759,150.338190
1780456759,152.861597
1780456759,150.747600
1780456759,139.809928
1780456759,186.831282
1780456759,187.163431
1780456759,186.657764
1780456759,147.104629
1780456759,148.345166
1780456759,146.314797
1780456759,147.519224
1780456759,134.157157
1780456759,128.929062
1780456759,129.046759
1780456759,112.885704
1780456759,109.172135
1780456759,187.999560
1780456759,156.764028
1780456759,153.347130
1780456759,152.586611
1780456759,153.204319
1780456759,151.469692
1780456759,221.379330
1780456759,158.520729
1780456759,210.149125
1780456759,151.907341
1780456759,159.090839
1780456759,218.105232
1780456759,222.387637
1780456759,152.665488
1780456759,130.610181
1780456759,158.701785
1780456759,167.315465
1780456759,219.212923
1780456759,158.535410
1780456759,219.340223
1780456759,148.149253
1780456759,157.683018
1780456759,156.455937
1780456759,158.579419
1780456759,213.421215
1780456759,116.050897
1780456759,188.547099
1780456759,152.705287
1780456759,113.367270
1780456759,199.454961
1780456759,110.978545
1780456759,173.612038
1780456759,165.082992
1780456759,148.625960
1780456759,172.298529
1780456759,113.497537
1780456759,172.405666
1780456759,131.506578
1780456759,201.370120
1780456759,151.901542
1780456759,172.642795
1780456759,172.164799
1780456759,131.526158
1780456759,172.274710
1780456759,172.178863
1780456759,103.553598
1780456759,131.503462
1780456759,201.977483
1780456759,198.461152
1780456759,102.795100
1780456759,132.809570
1780456759,103.182937
1780456759,103.577444
1780456759,202.806990
1780456759,199.330612
1780456759,133.246097
1780456759,134.661123
1780456759,136.223878
1780456759,105.363218
1780456759,106.305395
1780456759,105.837723
1780456759,174.803608
1780456759,175.756164
1780456759,106.736449
1780456759,177.874357
1780456759,135.988265
1780456759,132.625800
1780456759,105.833423
1780456759,136.179175
1780456759,188.999272
1780456759,105.962305
1780456759,105.821350
1780456759,132.006258
1780456759,132.199477
1780456759,132.925831
1780456759,132.817016
1780456759,133.152107
1780456759,133.491932
1780456759,133.686321
1780456759,133.821318
1780456759,133.892129
1780456759,134.104391
1780456759,134.688594
1780456759,134.436131
1780456759,134.335689
1780456759,131.691779
1780456759,137.358926
1780456759,136.398616
1780456759,124.962581
1780456759,182.777392
1780456759,130.361156
1780456759,179.873872
1780456759,182.526588
1780456759,180.384413
1780456759,129.792369
1780456759,129.736274
1780456759,128.393586
1780456759,129.824223
1780456759,128.346850
1780456759,182.528513
1780456759,128.686273
1780456759,167.891755
1780456759,128.606688
1780456759,126.208529
1780456759,171.503831
1780456759,170.532412
1780456759,181.156149
1780456759,145.060754
1780456759,140.578761
1780456759,171.279083
1780456759,146.132682
1780456759,116.158937
1780456759,146.124134
1780456759,136.218118
1780456759,135.968963
1780456759,137.334413
1780456759,118.275413
1780456759,138.829554
1780456759,118.072313
1780456759,141.367460
1780456759,116.995227
1780456759,116.339358
1780456759,116.436115
1780456759,174.765066
1780456759,116.541639
1780456759,171.714396
1780456759,171.367263
1780456759,172.316069
1780456759,148.360320
1780456759,168.731972
1780456759,153.504255
1780456759,144.501212
1780456759,173.145377
1780456759,150.165980
1780456759,173.210707
1780456759,144.202075
1780456759,151.072337
1780456759,136.098998
1780456759,124.487362
1780456759,134.527859
1780456759,137.752956
1780456759,134.064954
1780456759,125.464458
1780456759,125.568768
1780456759,134.484933
1780456759,123.909226
1780456759,125.476380
1780456759,137.554051
1780456759,125.877066
1780456759,126.331177
1780456759,126.146002
1780456759,126.759854
1780456759,126.391851
1780456759,126.623017
1780456759,127.221791
1780456759,136.045695
1780456759,127.138944
1780456759,127.049915
1780456759,127.424660
1780456759,127.571601
1780456759,127.519749
1780456759,127.872890
1780456759,127.888997
1780456759,128.035378
1780456759,126.994612
1780456759,128.810850
1780456759,128.554679
1780456759,128.828732
1780456759,128.339652
1780456759,128.199673
1780456759,128.351187
1780456759,128.877624
1780456759,128.793362
1780456759,129.010533
1780456759,129.797619
1780456759,129.445488
1780456759,129.939141
1780456759,129.407513
1780456759,130.449820
1780456759,130.110778
1780456759,129.771328
1780456759,130.427062
1780456759,129.970414
1780456759,130.728125
1780456759,130.818375
1780456759,126.072298
1780456759,130.289330
1780456759,130.421140
1780456759,130.649727
1780456759,118.440627
1780456759,103.669223
1780456759,118.593707
1780456759,118.968055
1780456759,119.061574
1780456759,118.591232
1780456759,119.124463
1780456759,119.663556
1780456759,104.816896
1780456759,119.641992
1780456759,104.340292
1780456759,118.346611
1780456759,117.881051
1780456759,104.911806
1780456759,104.968014
1780456759,104.813234
1780456759,117.725263
1780456759,118.458731
1780456759,117.297211
1780456759,119.814510
1780456759,117.998311
1780456759,103.501452
1780456759,117.874570
1780456759,106.197144
1780456759,119.838587
1780456759,106.353775
1780456759,106.471079
1780456759,119.026852
1780456759,118.808323
1780456759,118.198228
1780456759,106.347391
1780456759,105.980130
1780456759,105.994751
1780456759,118.450096
1780456759,106.821300
1780456759,118.609280
1780456759,106.663146
1780456759,118.788704
1780456759,119.279911
1780456759,106.160020
1780456759,108.354352
1780456759,119.807778
1780456759,120.193750
1780456759,120.518987
1780456759,109.201662
1780456759,109.077356
1780456759,109.034881
1780456759,109.683736
1780456759,109.840759
1780456759,108.419133
1780456759,109.785758
1780456759,108.674694
1780456759,108.747260
1780456759,110.820567
1780456759,122.580540
1780456759,108.996556
1780456759,122.052781
1780456759,122.437467
1780456759,109.919344
1780456759,108.647766
1780456759,110.330298
1780456759,109.067905
1780456759,106.911292
1780456759,107.971332
1780456759,107.419205
1780456759,103.012821
1780456759,111.534658
1780456759,111.261797
1780456759,107.448355
1780456759,112.750442
1780456759,110.684374
1780456759,112.733291
1780456759,113.023510
1780456759,112.870100
1780456759,113.059408
1780456759,112.346193
1780456759,112.013396
1780456759,109.066300
1780456759,108.294781
1780456759,112.777535
1780456759,108.777394
1780456759,112.759996
1780456759,116.084960
1780456759,106.054441
1780456759,108.542809
1780456759,117.363717
1780456759,108.040611
1780456759,107.778040
1780456759,116.759063
1780456759,106.849530
1780456759,115.466969
1780456759,107.214653
1780456759,115.313428
1780456759,117.238181
1780456759,107.816030
1780456759,117.371478
1780456759,115.665868
1780456759,107.622553
1780456759,116.796367
1780456759,117.232513
1780456759,117.277214
1780456759,109.239764
1780456759,108.240014
1780456759,108.910069
1780456759,117.315371
1780456759,119.581893
1780456759,108.172259
1780456759,104.716249
1780456759,106.034925
1780456759,103.872088
1780456759,108.449185
1780456759,109.460429
1780456759,108.547378
1780456759,105.425858
1780456759,105.212694
1780456759,109.160144
1780456759,119.741347
1780456759,110.789345
1780456759,119.896575
1780456759,120.020324
1780456759,120.454725
1780456759,109.538907
1780456759,121.740317
1780456759,120.712744
1780456759,109.143990
1780456759,120.181648
1780456759,109.017967
1780456759,120.537532
1780456759,120.713074
1780456759,121.776476
1780456759,121.713370
1780456759,121.863673
1780456759,121.964905
1780456759,122.041871
1780456759,122.562315
1780456759,105.486568
1780456759,123.775850
1780456759,123.751915
1780456759,123.830703
1780456759,106.607960
1780456759,103.930201
1780456759,124.081147
1780456759,124.573391
1780456759,124.003674
1780456759,104.669546
1780456759,109.658815
1780456759,108.785785
1780456759,104.676944
1780456759,104.052528
1780456759,124.008525
1780456759,127.642272
1780456759,127.961050
1780456759,127.498505
1780456759,125.463485
1780456759,126.649704
1780456759,127.110966
1780456759,127.142789
1780456759,126.422295
1780456759,126.830354
1780456759,126.787360
1780456759,124.792638
1780456759,126.906102
1780456759,126.507887
1780456759,126.345540
1780456759,126.497224
1780456759,118.929260
1780456759,126.446025
1780456759,115.733545
1780456759,126.281449
1780456759,115.456868
1780456759,126.087890
1780456759,115.937296
1780456759,125.402391
1780456759,118.226114
1780456759,112.240410
1780456759,125.709495
1780456759,118.916987
1780456759,112.201893
1780456759,125.206071
1780456759,126.335925
1780456759,120.474411
1780456759,113.194600
1780456759,125.429647
1780456759,113.311368
1780456759,125.424685
1780456759,112.921311
1780456759,125.073116
1780456759,125.268207
1780456759,125.067095
1780456759,113.477583
1780456759,113.491816
1780456759,121.552719
1780456759,124.778969
1780456759,112.113272
1780456759,111.905120
1780456759,112.440198
1780456759,119.138325
1780456759,124.909549
1780456759,126.004286
1780456759,111.852290
1780456759,112.373524
1780456759,125.191542
1780456759,111.236508
1780456759,113.295133
1780456759,114.671002
1780456759,111.235692
1780456759,119.511517
1780456759,117.044073
1780456759,119.641986
1780456759,116.024498
1780456759,116.176608
1780456759,102.474935
1780456759,116.232370
1780456759,102.636228
1780456759,116.154336
1780456759,102.700538
1780456759,116.494895
1780456759,102.752104
1780456759,115.955172
1780456759,102.838270
1780456759,115.231609
1780456759,102.996723
1780456759,115.420646
1780456759,103.200130
1780456759,114.859512
1780456759,103.123156
1780456759,116.240490
1780456759,103.215591
1780456759,114.011880
1780456759,102.969460
1780456759,103.180123
1780456759,116.726439
1780456759,103.503189
1780456759,102.842924
1780456759,114.084708
1780456759,114.780670
1780456759,103.784636
1780456759,116.413326
1780456759,103.529867
1780456759,103.575736
1780456759,103.667008
1780456759,103.692615
1780456759,103.571849
1780456759,103.830115
1780456759,103.852818
1780456759,103.900080
1780456759,103.959290
1780456759,104.005148
1780456759,104.267190
1780456759,104.029757
1780456759,104.345657
1780456759,104.346435
1780456759,104.119765
1780456759,104.660686
1780456759,104.015686
1780456759,104.771700
1780456759,104.350184
1780456759,104.182326
1780456759,104.320306
1780456759,103.422447
1780456759,104.730777
1780456759,104.370481
1780456759,104.503275
1780456759,104.927793
1780456759,104.445208
1780456759,104.548679
1780456759,105.138850
1780456759,104.082368
1780456759,104.332299
1780456759,104.433934
1780456759,105.333147
1780456759,104.198354
1780456759,103.744361
1780456759,104.524991
1780456759,104.402372
1780456759,105.425006
1780456759,104.151405
1780456759,104.226600
1780456759,105.181712
1780456759,104.482644
1780456759,103.911122
1780456759,105.470220
1780456759,105.661311
1780456759,105.815223
1780456759,105.769695
1780456759,104.994488
1780456759,105.457175
1780456759,105.457998
1780456759,105.538298
1780456759,105.378225
1780456759,105.569275
1780456759,104.844489
1780456759,104.866515
1780456759,105.105831
1780456759,105.680834
1780456759,105.171540
1780456759,105.208360
1780456759,104.089432
1780456759,105.709857
1780456759,110.683486
1780456759,105.117586
1780456759,106.337328
1780456759,111.069938
1780456759,111.118982
1780456759,106.601623
1780456759,107.101517
1780456759,111.065942
1780456759,105.431180
1780456759,111.114621
1780456759,107.641240
1780456759,111.750985
1780456759,104.986264
1780456759,107.146220
1780456759,111.718307
1780456759,109.113499
1780456759,110.939424
1780456759,111.272422
1780456759,108.973700
1780456759,110.929158
1780456759,107.083781
1780456759,109.204318
1780456759,110.627628
1780456759,113.303834
1780456759,109.627011
1780456759,109.124917
1780456759,110.211231
1780456759,111.440977
1780456759,113.937652
1780456759,111.533352
1780456759,110.426491
1780456759,109.051212
1780456759,111.859323
1780456759,111.138815
1780456759,112.031645
1780456759,113.808244
1780456759,110.679023
1780456759,108.795071
1780456759,110.524593
1780456759,114.343922
1780456759,108.893630
1780456759,116.420720
1780456759,111.634300
1780456759,111.397510
1780456759,116.525079
1780456759,113.502125
1780456759,113.837028
1780456759,117.348558
1780456759,117.727987
1780456759,113.551818
1780456759,111.638810
1780456759,111.581719
1780456759,116.746111
1780456759,112.570467
1780456759,111.782956
1780456759,117.136884
1780456759,115.628519
1780456759,117.438679
1780456759,116.953978
1780456759,112.422706
1780456759,113.937575
1780456759,115.306231
1780456759,117.718535
1780456759,116.854069
1780456759,117.465004
1780456759,112.657758
1780456759,110.454332
1780456759,117.826799
1780456759,113.845940
1780456759,117.629196
1780456759,112.609201
1780456759,114.657324
1780456759,116.386091
1780456759,114.794721
1780456759,111.610843
1780456759,111.924548
1780456759,117.407396
1780456759,118.267483
1780456759,109.640620
1780456759,112.557532
1780456759,113.718149
1780456759,112.650466
1780456759,117.283265
1780456759,116.570728
1780456759,115.808370
1780456759,112.543448
1780456759,114.071968
1780456759,107.945998
1780456759,117.993569
1780456759,116.485727
1780456759,115.676012
1780456759,112.748151
1780456759,115.166267
1780456759,117.067129
1780456759,111.474388
1780456759,112.413445
1780456759,111.992129
1780456759,112.589605
1780456759,114.671796
1780456759,117.997506
1780456759,116.302351
1780456759,115.614319
1780456759,116.989064
1780456759,116.801243
1780456759,118.084668
1780456759,118.433180
1780456759,118.945287
1780456759,119.242049
1780456759,119.608917
1780456759,113.595907
1780456759,118.858741
1780456759,119.543136
1780456759,116.951449
1780456759,117.454042
1780456759,114.470234
1780456759,117.224927
1780456759,114.364889
1780456759,117.599639
1780456759,112.416519
1780456759,114.525537
1780456759,117.998645
1780456759,119.194707
1780456759,113.417904
1780456759,117.577131
1780456759,118.971897
1780456759,118.173264
1780456759,117.136408
1780456759,117.075026
1780456759,120.624827
1780456759,118.419878
1780456759,118.688286
1780456759,118.391875
1780456759,117.429849
1780456759,122.184819
1780456759,116.827786
1780456759,116.298592
1780456759,121.848335
1780456759,122.909345
1780456759,121.020904
1780456759,120.641492
1780456759,121.352028
1780456759,122.853891
1780456759,122.902038
1780456759,123.204861
1780456759,122.794969
1780456759,116.109175
1780456759,121.971428
1780456759,121.515350
1780456759,122.120611
1780456759,115.956719
1780456759,116.349598
1780456759,120.545494
1780456759,120.720129
1780456759,122.050630
1780456759,120.349422
1780456759,122.146853
1780456759,119.009877
1780456759,122.218026
1780456759,120.501442
1780456759,116.493950
1780456759,122.360808
1780456759,120.700359
1780456759,122.302893
1780456759,120.486494
1780456759,120.521146
1780456759,122.663205
1780456759,120.604025
1780456759,122.524672
1780456759,122.421625
1780456759,120.502690
1780456759,122.309958
1780456759,119.033601
1780456759,124.999774
1780456759,123.020038
1780456759,120.613478
1780456759,117.114952
1780456759,119.800656
1780456759,117.503537
1780456759,116.760032
1780456759,119.298306
1780456759,125.343522
1780456759,115.671096
1780456759,117.356217
1780456759,123.756219
1780456759,125.976959
1780456759,117.836319
1780456759,126.208082
1780456759,116.030164
1780456759,126.033595
1780456759,126.052565
1780456759,117.935891
1780456759,115.157237
1780456759,125.994809
1780456759,115.215649
1780456759,126.341293
1780456759,123.201164
1780456759,125.861565
1780456759,125.753317
1780456759,114.389100
1780456759,126.479808
1780456759,123.807466
1780456759,120.409949
1780456759,119.409264
1780456759,126.251950
1780456759,117.541653
1780456759,124.171745
1780456759,116.631456
1780456759,127.130343
1780456759,116.659630
1780456759,122.596030
1780456759,126.304844
1780456759,127.421655
1780456759,125.242719
1780456759,118.701191
1780456759,116.331505
1780456759,125.429021
1780456759,117.707236
1780456759,108.810592
1780456759,107.566291
1780456759,105.309453
1780456759,129.509897
1780456759,105.328069
1780456759,113.573411
1780456759,105.342313
1780456759,113.643858
1780456759,129.830160
1780456759,113.628759
1780456759,129.620659
1780456759,112.012244
1780456759,112.222587
1780456759,111.811074
1780456759,130.025345
1780456759,111.968512
1780456759,110.694077
1780456759,126.631297
1780456759,118.706568
1780456759,118.749605
1780456759,108.326997
1780456759,120.009144
1780456759,110.831750
1780456759,121.334425
1780456759,130.302205
1780456759,106.920509
1780456759,124.256630
1780456759,125.459569
1780456759,116.829153
1780456759,129.174084
1780456759,131.185089
1780456759,124.368274
1780456759,130.621485
1780456759,129.774171
1780456759,131.338874
1780456759,117.335797
1780456759,130.207955
1780456759,131.536033
1780456759,121.950910
1780456759,125.683448
1780456759,111.574962
1780456759,129.251307
1780456759,131.810393
1780456759,130.994656
1780456759,131.315764
1780456759,123.434779
1780456759,131.941233
1780456759,121.049749
1780456759,119.176396
1780456759,121.024676
1780456759,129.553921
1780456759,119.898813
1780456759,134.290046
1780456759,113.095963
1780456759,128.413697
1780456759,127.538425
1780456759,119.346936
1780456759,134.565334
1780456759,129.783165
1780456759,121.396153
1780456759,130.329775
1780456759,121.441742
1780456759,132.931911
1780456759,112.240962
1780456759,111.540375
1780456759,120.765824
1780456759,112.400814
1780456759,119.055204
1780456759,135.567525
1780456759,133.872619
1780456759,135.312886
1780456759,135.221337
1780456759,135.670854
1780456759,135.452353
1780456759,119.469113
1780456759,110.554611
1780456759,120.496350
1780456759,134.360115
1780456759,106.959723
1780456759,128.103292
1780456759,112.894087
1780456759,112.888396
1780456759,117.791019
1780456759,123.217610
1780456759,122.610242
1780456759,122.555672
1780456759,121.397419
1780456759,112.196543
1780456759,122.664359
1780456759,110.818332
1780456759,103.780380
1780456759,134.692056
1780456759,103.953448
1780456759,113.321088
1780456759,121.859359
1780456759,128.044784
1780456759,113.220949
1780456759,138.914897
1780456759,104.828178
1780456759,117.255559
1780456759,136.288795
1780456759,140.074812
1780456759,127.999054
1780456759,136.120095
1780456759,136.322829
1780456759,138.569962
1780456759,104.878267
1780456759,104.867907
1780456759,137.323635
1780456759,128.716726
1780456759,127.870947
1780456759,112.378674
1780456759,141.517471
1780456759,138.532234
1780456759,141.658181
1780456759,137.512613
1780456759,126.879421
1780456759,140.295633
1780456759,128.017455
1780456759,141.016965
1780456759,141.801644
1780456759,141.946656
1780456759,126.066026
1780456759,106.914905
1780456759,142.723221
1780456759,142.184168
1780456759,107.071533
1780456759,143.331224
1780456759,105.066325
1780456759,141.443353
1780456759,106.511121
1780456759,107.395869
1780456759,106.334623
1780456759,142.317837
1780456759,106.554672
1780456759,106.375524
1780456759,140.687134
1780456759,142.736046
1780456759,126.593234
1780456759,129.321368
1780456759,141.013368
1780456759,142.665831
1780456759,128.827753
1780456759,124.425610
1780456759,141.407013
1780456759,142.370424
1780456759,142.332144
1780456759,110.159968
1780456759,115.248142
1780456759,106.589795
1780456759,114.370156
1780456759,141.347544
1780456759,139.474178
1780456759,141.815148
1780456759,106.276356
1780456759,142.136331
1780456759,107.484508
1780456759,107.908665
1780456759,107.391347
1780456759,107.559199
1780456759,142.802063
1780456759,107.722324
1780456759,144.911131
1780456759,107.843275
1780456759,143.526145
1780456759,105.650283
1780456759,106.453511
1780456759,108.090635
1780456759,144.626665
1780456759,144.766541
1780456759,108.049048
1780456759,105.913022
1780456759,132.156604
1780456759,145.898168
1780456759,109.621601
1780456759,105.612538
1780456759,108.530820
1780456759,123.066733
1780456759,124.339842
1780456759,148.946506
1780456759,119.273354
1780456759,124.610909
1780456759,122.463488
1780456759,149.651649
1780456759,149.820953
1780456759,127.716846
1780456759,149.807801
1780456759,149.750749
1780456759,130.119135
1780456759,127.843159
1780456759,130.144237
1780456759,128.998008
1780456759,104.898512
1780456759,147.975974
1780456759,148.291780
1780456759,136.291304
1780456759,148.243706
1780456759,114.686131
1780456759,103.794640
1780456759,128.000788
1780456759,105.852152
1780456759,147.897301
1780456759,149.582177
1780456759,119.467049
1780456759,118.144729
1780456759,112.428884
1780456759,152.996243
1780456759,150.562556
1780456759,136.950163
1780456759,103.676925
1780456759,103.761944
1780456759,128.259496
1780456759,137.339013
1780456759,113.355188
1780456759,153.172998
1780456759,127.486735
1780456759,127.470362
1780456759,137.394016
1780456759,151.219523
1780456759,135.582811
1780456759,103.407647
1780456759,151.600650
1780456759,107.998733
1780456759,151.830275
1780456759,134.687277
1780456759,104.476639
1780456759,133.609668
1780456759,152.008204
1780456759,103.919831
1780456759,152.196440
1780456759,151.795572
1780456759,136.446205
1780456759,135.458346
1780456759,152.146512
1780456759,152.591418
1780456759,130.294873
1780456759,152.752427
1780456759,129.575169
1780456759,131.454929
1780456759,152.107840
1780456759,129.531269
1780456759,131.360461
1780456759,131.535612
1780456759,128.076286
1780456759,152.980809
1780456759,127.607425
1780456759,128.397077
1780456759,130.680510
1780456759,154.204847
1780456759,127.948826
1780456759,130.377102
1780456759,130.957014
1780456759,130.592379
1780456759,127.863897
1780456759,151.504305
1780456759,153.684562
1780456759,127.939728
1780456759,125.805285
1780456759,125.907547
1780456759,153.815011
1780456759,128.440034
1780456759,152.481698
1780456759,124.561042
1780456759,154.575088
1780456759,153.919011
1780456759,149.316714
1780456759,149.326737
1780456759,155.080404
1780456759,149.382075
1780456759,148.233267
1780456759,150.884939
1780456759,124.566130
1780456759,149.831176
1780456759,126.225580
1780456759,123.915081
1780456759,125.331793
1780456759,122.687834
1780456759,142.519433
1780456759,147.951218
1780456759,125.347353
1780456759,148.224991
1780456759,147.417722
1780456759,147.502675
1780456759,124.245868
1780456759,124.321337
1780456759,146.196126
1780456759,102.817869
1780456759,145.709469
1780456759,124.871991
1780456759,146.916438
1780456759,143.628406
1780456759,125.338682
1780456759,103.800083
1780456759,103.200439
1780456759,135.220616
1780456759,127.129228
1780456759,103.018318
1780456759,122.823954
1780456759,147.419308
1780456759,147.320549
1780456759,126.344442
1780456759,146.270267
1780456759,126.735535
1780456759,122.950092
1780456759,125.329116
1780456759,127.257658
1780456759,127.153571
1780456759,123.074333
1780456759,127.097665
1780456759,125.676007
1780456759,127.332350
1780456759,125.948659
1780456759,126.369959
1780456759,148.241030
1780456759,126.512812
1780456759,148.401944
1780456759,126.363966
1780456759,121.965014
1780456759,147.356411
1780456759,126.871741
1780456759,129.488016
1780456759,122.167393
1780456759,148.015937
1780456759,129.384401
1780456759,127.156149
1780456759,147.063015
1780456759,126.783222
1780456759,122.667154
1780456759,102.752925
1780456759,141.356904
1780456759,127.267574
1780456759,103.175916
1780456759,127.032634
1780456759,128.762587
1780456759,136.184229
1780456759,126.667781
1780456759,122.462122
1780456759,126.851269
1780456759,140.139862
1780456759,126.961938
1780456759,121.975822
1780456759,151.149696
1780456759,121.271641
1780456759,151.358962
1780456759,121.686270
1780456759,150.379487
1780456759,136.473975
1780456759,151.725052
1780456759,151.703036
1780456759,132.716508
1780456759,125.382481
1780456759,132.377246
1780456759,132.619602
1780456759,150.875546
1780456759,130.630812
1780456759,125.426583
1780456759,129.896037
1780456759,144.625695
1780456759,130.480484
1780456759,105.462395
1780456759,128.374792
1780456759,144.917198
1780456759,124.217473
1780456759,122.172620
1780456759,106.143934
1780456759,122.244974
1780456759,106.061664
1780456759,144.569972
1780456759,125.501838
1780456759,106.431821
1780456759,107.304313
1780456759,106.408615
1780456759,106.305140
1780456759,138.289720
1780456759,125.144502
1780456759,106.529794
1780456759,124.957363
1780456759,104.018940
1780456759,135.355475
1780456759,123.626774
1780456759,106.614833
1780456759,144.833890
1780456759,105.569287
1780456759,123.841481
1780456759,133.882160
1780456759,123.373709
1780456759,105.892482
1780456759,106.335629
1780456759,117.941964
1780456759,118.397858
1780456759,106.014432
1780456759,108.238719
1780456759,118.745634
1780456759,107.139478
1780456759,107.279289
1780456759,129.028532
1780456759,118.414154
1780456759,125.524092
1780456759,118.721933
1780456759,118.765295
1780456759,107.631615
1780456759,118.751038
1780456759,105.838833
1780456759,105.279355
1780456759,105.994392
1780456759,106.228632
1780456759,105.566316
1780456759,104.305950
1780456759,104.961741
1780456759,120.813820
1780456759,120.879848
1780456759,106.477720
1780456759,107.100944
1780456759,104.763464
1780456759,120.775754
1780456759,104.737654
1780456759,121.374059
1780456759,105.993159
1780456759,110.454881
1780456759,109.336315
1780456759,106.858003
1780456759,110.597040
1780456759,106.899663
1780456759,107.949131
1780456759,107.014331
1780456759,107.032142
1780456759,108.282556
1780456759,123.350340
1780456759,104.155299
1780456759,102.748310
1780456759,112.614312
1780456759,106.713720
1780456759,106.681113
1780456759,108.168598
1780456759,106.712740
1780456759,106.816334
1780456759,108.674341
1780456759,108.735415
1780456759,124.609944
1780456759,106.893170
1780456759,120.331374
1780456759,125.013059
1780456759,106.155693
1780456759,108.079537
1780456759,108.389969
1780456759,125.814262
1780456759,106.529408
1780456759,105.116528
1780456759,105.235537
1780456759,127.566779
1780456759,127.473499
1780456759,126.510797
1780456759,127.245698
1780456759,126.985811
1780456759,127.061183
1780456759,125.605819
1780456759,125.513740
1780456759,124.740294
1780456759,124.810970
1780456759,126.658657
1780456759,125.609329
1780456759,125.732423
1780456759,106.193518
1780456759,105.025675
1780456759,105.867353
1780456759,127.185142
1780456759,111.848200
1780456759,127.381690
1780456759,111.726700
1780456759,125.149932
1780456759,126.783433
1780456759,126.926969
1780456759,107.832624
1780456759,115.267131
1780456759,126.553430
1780456759,122.416222
1780456759,126.619649
1780456759,122.521255
1780456759,126.941935
1780456759,104.192824
1780456759,122.602837
1780456759,108.092157
1780456759,126.903221
1780456759,126.112880
1780456759,115.441189
1780456759,104.466572
1780456759,126.764214
1780456759,105.983741
1780456759,127.139891
1780456759,109.355397
1780456759,107.970840
1780456759,127.331016
1780456759,106.956005
1780456759,108.075587
1780456759,108.080191
1780456759,127.292500
1780456759,105.973756
1780456759,105.642627
1780456759,107.534008
1780456759,128.300504
1780456759,107.661805
1780456759,127.213941
1780456759,106.232764
1780456759,126.130089
1780456759,108.155284
1780456759,125.430112
1780456759,111.402673
1780456759,106.321675
1780456759,111.014167
1780456759,107.237706
1780456759,107.135563
1780456759,107.261742
1780456759,125.905691
1780456759,126.040005
1780456759,112.042832
1780456759,105.275590
1780456759,120.213831
1780456759,111.876014
1780456759,107.618013
1780456759,126.371705
1780456759,107.801194
1780456759,110.411668
1780456759,105.541267
1780456759,126.431592
1780456759,109.716288
1780456759,105.701172
1780456759,126.752272
1780456759,110.910478
1780456759,110.476276
1780456759,106.542647
1780456759,124.216377
1780456759,124.473563
1780456759,103.781776
1780456759,110.143032
1780456759,124.895627
1780456759,103.462068
1780456759,104.708151
1780456759,124.226953
1780456759,126.576025
1780456759,109.205018
1780456759,126.221990
1780456759,124.656284
1780456759,110.626727
1780456759,112.269015
1780456759,126.761605
1780456759,105.185435
1780456759,107.548931
1780456759,103.142188
1780456759,124.838570
1780456759,112.458920
1780456759,105.210585
1780456759,126.387171
1780456759,105.334219
1780456759,124.807755
1780456759,105.404560
1780456759,104.403965
1780456759,105.640632
1780456759,132.810120
1780456759,133.422831
1780456759,114.209332
1780456759,110.415374
1780456759,125.325267
1780456759,107.150053
1780456759,107.216983
1780456759,106.969827
1780456759,107.365193
1780456759,111.512897
1780456759,107.420069
1780456759,109.387108
1780456759,111.906666
1780456759,107.236385
1780456759,105.245026
1780456759,104.161443
1780456759,106.888783
1780456759,103.595335
1780456759,106.390038
1780456759,105.229677
1780456759,113.419678
1780456759,112.906148
1780456759,113.408151
1780456759,114.766443
1780456759,105.412125
1780456759,103.752835
1780456759,127.556310
1780456759,113.500463
1780456759,114.276052
1780456759,106.581108
1780456759,113.401183
1780456759,127.251575
1780456759,109.948089
1780456759,106.699928
1780456759,127.285309
1780456759,115.099389
1780456759,129.889801
1780456759,107.039089
1780456759,113.770489
1780456759,113.834762
1780456759,127.576244
1780456759,115.182997
1780456759,111.264478
1780456759,115.275271
1780456759,115.856939
1780456759,123.641357
1780456759,107.083452
1780456759,124.480997
1780456759,133.016287
1780456759,108.406677
1780456759,108.370752
1780456759,124.926004
1780456759,126.319370
1780456759,125.361859
1780456759,110.376941
1780456759,117.200802
1780456759,110.516644
1780456759,111.907301
1780456759,125.571740
1780456759,126.762068
1780456759,119.399959
1780456759,119.591398
1780456759,111.744526
1780456759,111.592413
1780456759,118.852200
1780456759,109.774299
1780456759,117.357462
1780456759,117.276437
1780456759,126.731936
1780456759,107.398682
1780456759,107.275865
1780456759,119.040305
1780456759,106.892772
1780456759,107.593858
1780456759,118.586697
1780456759,118.625939
1780456759,119.012787
1780456759,111.234975
1780456759,118.132029
1780456759,121.625622
1780456759,109.426853
1780456759,110.051720
1780456759,109.819264
1780456759,118.272227
1780456759,110.976233
1780456759,120.658700
1780456759,120.166780
1780456759,119.182738
1780456759,119.221747
1780456759,120.524430
1780456759,117.996254
1780456759,110.950984
1780456759,120.794464
1780456759,137.310454
1780456759,136.592129
1780456759,136.739759
1780456759,125.280364
1780456759,122.124998
1780456759,124.855806
1780456759,112.452597
1780456759,117.736063
1780456759,120.492886
1780456759,122.171517
1780456759,125.832695
1780456759,125.624033
1780456759,123.101207
1780456759,121.274371
1780456759,117.789845
1780456759,125.787979
1780456759,132.382678
1780456759,115.138227
1780456759,125.890486
1780456759,115.140114
1780456759,113.793522
1780456759,132.522965
1780456759,125.742067
1780456759,121.971090
1780456759,121.913701
1780456759,119.895836
1780456759,119.893890
1780456759,124.210411
1780456759,121.761152
1780456759,113.447588
1780456759,122.164985
1780456759,117.346503
1780456759,114.820057
1780456759,124.783118
1780456759,121.672255
1780456759,114.815900
1780456759,104.788530
1780456759,125.152350
1780456759,121.502013
1780456759,126.221790
1780456759,126.041655
1780456759,105.853285
1780456759,124.958796
1780456759,124.992386
1780456759,106.875653
1780456759,123.920997
1780456759,106.853637
1780456759,125.991086
1780456759,107.014992
1780456759,122.783105
1780456759,125.058863
1780456759,122.041260
1780456759,121.671926
1780456759,121.831904
1780456759,107.523531
1780456759,125.990779
1780456759,107.702120
1780456759,124.901976
1780456759,107.802652
1780456759,107.948598
1780456759,108.018952
1780456759,123.411087
1780456759,108.249947
1780456759,121.089052
1780456759,108.858467
1780456759,124.087056
1780456759,122.531168
1780456759,109.755108
1780456759,124.837838
1780456759,122.132614
1780456759,122.211584
1780456759,103.835122
1780456759,104.025558
1780456759,104.525967
1780456759,104.515260
1780456759,105.166025
1780456759,105.231142
1780456759,106.351544
1780456759,109.100832
1780456759,109.061280
1780456759,109.182928
1780456759,109.110450
1780456759,109.346963
1780456759,109.175095
1780456759,107.001353
1780456759,108.154420
1780456759,108.517007
1780456759,108.464595
1780456759,108.666437
1780456759,108.717874
1780456759,109.000350
1780456759,108.647839
1780456759,110.670105
1780456759,110.584815
1780456759,110.745578
1780456759,110.421260
1780456759,103.034597
1780456759,111.134536
1780456759,110.740705
1780456759,103.135655
1780456759,103.951603
1780456759,112.073671
1780456759,111.644588
1780456759,104.646827
1780456759,104.940811
1780456759,104.773765
1780456759,106.065287
1780456759,105.956698
1780456759,106.040984
1780456759,104.455764
1780456759,106.225402
1780456759,105.526497
1780456759,105.763501
1780456759,107.394459
1780456759,108.038540
1780456759,106.140293
1780456759,107.813938
1780456759,108.174247
1780456759,107.415820
1780456759,109.752292
1780456759,109.843944
1780456759,109.808491
1780456759,108.169228
1780456759,106.045807
1780456759,106.851908
1780456759,106.351921
1780456759,106.618888
1780456759,112.744350
1780456759,101.959020
1780456759,106.754974
1780456759,110.280583
1780456759,112.787474
1780456759,112.598513
1780456759,109.847722
1780456759,113.031263
1780456759,112.885146
1780456759,107.452413
1780456759,107.878173
1780456759,112.994494
1780456759,107.924060
1780456759,109.199790
1780456759,110.522633
1780456759,110.731492
1780456759,116.369928
1780456759,116.385440
1780456759,116.574294
1780456759,114.033727
1780456759,109.889593
1780456759,116.418690
1780456759,113.160397
1780456759,114.088534
1780456759,105.352840
1780456759,116.506730
1780456759,116.597333
1780456759,116.491223
1780456759,116.643595
1780456759,112.368338
1780456759,112.916487
1780456759,112.861615
1780456759,112.712335
1780456759,111.881646
1780456759,114.313402
1780456759,113.020804
1780456759,113.573897
1780456759,111.806355
1780456759,112.700209
1780456759,114.348968
1780456759,114.734701
1780456759,108.418084
1780456759,110.042061
1780456759,112.298367
1780456759,115.371300
1780456759,107.661248
1780456759,114.988191
1780456759,114.531123
1780456759,115.077167
1780456759,110.110154
1780456759,116.148446
1780456759,115.044134
1780456759,115.162350
1780456759,116.085533
1780456759,115.763636
1780456759,114.646601
1780456759,110.314662
1780456759,115.307529
1780456759,115.140377
1780456759,115.681617
1780456759,115.281578
1780456759,115.881060
1780456759,115.235241
1780456759,116.372112
1780456759,114.819338
1780456759,115.845242
1780456759,116.426023
1780456759,116.082458
1780456759,115.923100
1780456759,110.409956
1780456759,110.475821
1780456759,115.089722
1780456759,110.610234
1780456759,110.799139
1780456759,110.768139
1780456759,113.558410
1780456759,107.839781
1780456759,108.021960
1780456759,113.981228
1780456759,111.556935
1780456759,114.290289
1780456759,104.836114
1780456759,105.974086
1780456759,111.040693
1780456759,112.166114
1780456759,111.033542
1780456759,110.857450
1780456759,112.801044
1780456759,119.832136
1780456759,117.676434
1780456759,116.489011
1780456759,109.581335
1780456759,108.442922
1780456759,113.108462
1780456759,106.824232
1780456759,107.529007
1780456759,110.212005
1780456759,116.992035
1780456759,106.525896
1780456759,113.055738
1780456759,106.812345
1780456759,106.847615
1780456759,107.136716
1780456759,113.430911
1780456759,107.938955
1780456759,107.196601
1780456759,111.545259
1780456759,111.167370
1780456759,110.395420
1780456759,109.563630
1780456759,122.017922
1780456759,122.886316
1780456759,106.742985
1780456759,106.714757
1780456759,106.744362
1780456759,122.851137
1780456759,106.652943
1780456759,106.995612
1780456759,106.858814
1780456759,108.655923
1780456759,108.151971
1780456759,107.911248
1780456759,115.567060
1780456759,106.382943
1780456759,112.236854
1780456759,112.212519
1780456759,116.000298
1780456759,107.510255
1780456759,123.872533
1780456759,114.252023
1780456759,112.791382
1780456759,114.373103
1780456759,121.852858
1780456759,111.306602
1780456759,111.460565
1780456759,110.115510
1780456759,118.249123
1780456759,109.273752
1780456759,113.027933
1780456759,106.757161
1780456759,109.329315
1780456759,111.301376
1780456759,107.938504
1780456759,113.203310
1780456759,114.729801
1780456759,106.151964
1780456759,111.069900
1780456759,114.661802
1780456759,106.140451
1780456759,107.445501
1780456759,109.498180
1780456759,109.881551
1780456759,118.300340
1780456759,108.582741
1780456759,109.645231
1780456759,108.581471
1780456759,103.215387
1780456759,108.643749
1780456759,116.536554
1780456759,109.589079
1780456759,116.469850
1780456759,102.855559
1780456759,108.852985
1780456759,109.122968
1780456759,117.287922
1780456759,117.353755
1780456759,103.462867
1780456759,109.357016
1780456759,117.134519
1780456759,108.774137
1780456759,108.729380
1780456759,114.991318
1780456759,108.811125
1780456759,114.492373
1780456759,112.834933
1780456759,111.901419
1780456759,119.998238
1780456759,116.182012
1780456759,104.307568
1780456759,112.938195
1780456759,111.886672
1780456759,112.532915
1780456759,111.213164
1780456759,110.629963
1780456759,110.766508
1780456759,111.285885
1780456759,111.057584
1780456759,102.838011
1780456759,111.821360
1780456759,112.979387
1780456759,102.443802
1780456759,103.339119
1780456759,102.902217
1780456759,111.491613
1780456759,115.769157
1780456759,115.785924
1780456759,112.257413
1780456759,104.277056
1780456759,111.520484
1780456759,111.851990
1780456759,111.891267
1780456759,105.432819
1780456759,113.623428
1780456759,103.896412
1780456759,103.536102
1780456759,104.371950
1780456759,117.933207
1780456759,105.122022
1780456759,118.930838
1780456759,105.051419
1780456759,114.143210
1780456759,113.548785
1780456759,113.473161
1780456759,113.998151
1780456759,116.012295
1780456759,118.441662
1780456759,119.086239
1780456759,117.658235
1780456759,117.851541
1780456759,118.329234
1780456759,114.217823
1780456759,105.753597
1780456759,117.708529
1780456759,113.731483
1780456759,113.126919
1780456759,120.314851
1780456759,105.412089
1780456759,114.560883
1780456759,114.681517
1780456759,105.516981
1780456759,114.330110
1780456759,104.041943
1780456759,105.533395
1780456759,105.538469
1780456759,114.437770
1780456759,118.920723
1780456759,110.879990
1780456759,114.706104
1780456759,106.443115
1780456759,112.141548
1780456759,112.193727
1780456759,114.374096
1780456759,111.012901
1780456759,117.055918
1780456759,106.157646
1780456759,117.720126
1780456759,104.709421
1780456759,117.656710
1780456759,117.262920
1780456759,117.250804
1780456759,117.339225
1780456759,120.793935
1780456759,117.775793
1780456759,118.377477
1780456759,121.160359
1780456759,108.762412
1780456759,120.594093
1780456759,106.497619
1780456759,117.768679
1780456759,118.372312
1780456759,108.824700
1780456759,120.416858
1780456759,113.337976
1780456759,106.563221
1780456759,119.413360
1780456759,119.862799
1780456759,120.475287
1780456759,117.216663
1780456759,114.313293
1780456759,108.905482
1780456759,106.805908
1780456759,117.438976
1780456759,109.040689
1780456759,117.528424
1780456759,106.251435
1780456759,108.472172
1780456759,119.363443
1780456759,119.438995
1780456759,106.776283
1780456759,131.151948
1780456759,114.345436
1780456759,115.942272
1780456759,113.850821
1780456759,115.242801
1780456759,116.112521
1780456759,121.364728
1780456759,119.819557
1780456759,119.814795
1780456759,119.754295
1780456759,113.902646
1780456759,114.079541
1780456759,119.104021
1780456759,115.174305
1780456759,118.909992
1780456759,118.999823
1780456759,112.544185
1780456759,134.752018
1780456759,133.570869
1780456759,128.210737
1780456759,133.509302
1780456759,125.368668
1780456759,123.111421
1780456759,123.224500
1780456759,132.647043
1780456759,138.752282
1780456759,136.213524
1780456759,117.680807
1780456759,117.496264
1780456759,123.653008
1780456759,116.997315
1780456759,117.694389
1780456759,127.044114
1780456759,127.153210
1780456759,115.195923
1780456759,127.049254
1780456759,118.606822
1780456759,137.400549
1780456759,120.490473
1780456759,137.086887
1780456759,127.301621
1780456759,127.379594
1780456759,132.150611
1780456759,133.163208
1780456759,115.596326
1780456759,139.167523
1780456759,123.838770
1780456759,133.262706
1780456759,115.715309
1780456759,142.538234
1780456759,140.121016
1780456759,137.879262
1780456759,129.761603
1780456759,133.499692
1780456759,133.468209
1780456759,135.715154
1780456759,129.828612
1780456759,124.497416
1780456759,134.941035
1780456759,119.956852
1780456759,115.154731
1780456759,115.212174
1780456759,118.078352
1780456759,119.842587
1780456759,130.143595
1780456759,118.391807
1780456759,115.171679
1780456759,117.753722
1780456759,112.395262
1780456759,115.013930
1780456759,112.400658
1780456759,116.893185
1780456759,132.600802
1780456759,120.077521
1780456759,118.028964
1780456759,134.104005
1780456759,112.516582
1780456759,112.612244
1780456759,109.396460
1780456759,112.589246
1780456760,108.016133
1780456760,113.318684
1780456760,114.743357
1780456760,118.733803
1780456760,117.737701
1780456760,112.258060
1780456760,112.088534
1780456760,135.243238
1780456760,151.229574
1780456760,141.017381
1780456760,137.435440
1780456760,116.148888
1780456760,139.097487
1780456760,140.268359
1780456760,120.340927
1780456760,111.501020
1780456760,137.642434
1780456760,115.474482
1780456760,115.764144
1780456760,119.950988
1780456760,116.673196
1780456760,120.441273
1780456760,118.499655
1780456760,120.681355
1780456760,117.816315
1780456760,120.788381
1780456760,137.760329
1780456760,112.922688
1780456760,117.391930
1780456760,116.497289
1780456760,114.201842
1780456760,117.250460
1780456760,118.741468
1780456760,118.978080
1780456760,117.826829
1780456760,136.011877
1780456760,111.959027
1780456760,110.331899
1780456760,145.873425
1780456760,144.654749
1780456760,150.519474
1780456760,141.640440
1780456760,151.916279
1780456760,138.956609
1780456760,135.436800
1780456760,138.996222
1780456760,133.190799
1780456760,138.919131
1780456760,139.085017
1780456760,121.861503
1780456760,121.903541
1780456760,122.740777
1780456760,124.235730
1780456760,121.864911
1780456760,120.112318
1780456760,123.192988
1780456760,123.605358
1780456760,120.323930
1780456760,119.902913
1780456760,123.274594
1780456760,118.384639
1780456760,125.473473
1780456760,120.451134
1780456760,128.144172
1780456760,121.594658
1780456760,133.474064
1780456760,123.545556
1780456760,135.230341
1780456760,123.265647
1780456760,119.387906
1780456760,108.814588
1780456760,116.894906
1780456760,109.354491
1780456760,136.149383
1780456760,117.719584
1780456760,119.251261
1780456760,118.205304
1780456760,117.769584
1780456760,118.950651
1780456760,109.358900
1780456760,130.535162
1780456760,118.434788
1780456760,111.671373
1780456760,120.659509
1780456760,129.562128
1780456760,118.079822
1780456760,118.152976
1780456760,114.664567
1780456760,114.622276
1780456760,116.401339
1780456760,109.680961
1780456760,134.983539
1780456760,133.451012
1780456760,110.818318
1780456760,124.920544
1780456760,118.206419
1780456760,109.383422
1780456760,123.914004
1780456760,128.071601
1780456760,128.073656
1780456760,117.306454
1780456760,118.589876
1780456760,122.410050
1780456760,117.100525
1780456760,128.153159
1780456760,127.751562
1780456760,117.299350
1780456760,117.429535
1780456760,127.274814
1780456760,127.534082
1780456760,117.549036
1780456760,118.052668
1780456760,127.818794
1780456760,111.089201
1780456760,117.472393
1780456760,127.022884
1780456760,117.564903
1780456760,117.828830
1780456760,108.793830
1780456760,116.212842
1780456760,118.218115
1780456760,108.886587
1780456760,116.925607
1780456760,108.591232
1780456760,117.033997
1780456760,125.975758
1780456760,116.872583
1780456760,109.221437
1780456760,117.463018
1780456760,115.166045
1780456760,123.458085
1780456760,109.115041
1780456760,109.609559
1780456760,113.674640
1780456760,115.632255
1780456760,125.581998
1780456760,109.780238
1780456760,113.313424
1780456760,124.046134
1780456760,109.170040
1780456760,123.761600
1780456760,109.489363
1780456760,113.717723
1780456760,110.288911
1780456760,121.750694
1780456760,109.953090
1780456760,110.813819
1780456760,123.517504
1780456760,121.668951
1780456760,110.797040
1780456760,119.289396
1780456760,126.563456
1780456760,108.488674
1780456760,110.770822
1780456760,125.622195
1780456760,109.170175
1780456760,109.038655
1780456760,111.557854
1780456760,126.056999
1780456760,109.224829
1780456760,126.180832
1780456760,106.025391
1780456760,111.636261
1780456760,119.183969
1780456760,124.493461
1780456760,111.633005
1780456760,126.953921
1780456760,118.682778
1780456760,104.245187
1780456760,110.261505
1780456760,112.196907
1780456760,118.498423
1780456760,124.571559
1780456760,106.093015
1780456760,110.631850
1780456760,126.683951
1780456760,112.580110
1780456760,106.282533
1780456760,112.952856
1780456760,108.250732
1780456760,113.238977
1780456760,109.001882
1780456760,111.406657
1780456760,125.055340
1780456760,124.123654
1780456760,125.120879
1780456760,118.219325
1780456760,108.426020
1780456760,124.903760
1780456760,108.766877
1780456760,124.608771
1780456760,117.487894
1780456760,124.204570
1780456760,118.050512
1780456760,105.453436
1780456760,115.500852
1780456760,107.218023
1780456760,124.073732
1780456760,115.889577
1780456760,126.993688
1780456760,116.119020
1780456760,123.205965
1780456760,127.467419
1780456760,116.158628
1780456760,107.600823
1780456760,116.364007
1780456760,125.045286
1780456760,115.770067
1780456760,116.550986
1780456760,134.302167
1780456760,134.228296
1780456760,111.138429
1780456760,108.825498
1780456760,122.659921
1780456760,106.388537
1780456760,108.878968
1780456760,123.347634
1780456760,106.853901
1780456760,123.346790
1780456760,127.968946
1780456760,113.460672
1780456760,116.326177
1780456760,117.413122
1780456760,126.749621
1780456760,107.637574
1780456760,115.131187
1780456760,117.606392
1780456760,127.700223
1780456760,115.213516
1780456760,104.960908
1780456760,125.138683
1780456760,105.175378
1780456760,118.179914
1780456760,123.570085
1780456760,115.655048
1780456760,110.472277
1780456760,110.558364
1780456760,105.929166
1780456760,110.719628
1780456760,118.544448
1780456760,118.631456
1780456760,125.306245
1780456760,110.727889
1780456760,125.044401
1780456760,103.698334
1780456760,110.704243
1780456760,103.520451
1780456760,125.365857
1780456760,102.763704
1780456760,110.428013
1780456760,126.013378
1780456760,118.055936
1780456760,110.233157
1780456760,124.902359
1780456760,113.878184
1780456760,126.477206
1780456760,125.275332
1780456760,112.471099
1780456760,125.401310
1780456760,111.499206
1780456760,121.143572
1780456760,125.527682
1780456760,124.531000
1780456760,111.119466
1780456760,125.334014
1780456760,121.544369
1780456760,124.778677
1780456760,108.121014
1780456760,124.605785
1780456760,118.121940
1780456760,109.151365
1780456760,125.167193
1780456760,121.573020
1780456760,111.533513
1780456760,125.439354
1780456760,109.480292
1780456760,121.539835
1780456760,123.007769
1780456760,107.874570
1780456760,117.097870
1780456760,105.020092
1780456760,122.914758
1780456760,122.170952
1780456760,108.162641
1780456760,103.176832
1780456760,117.380022
1780456760,123.480958
1780456760,108.347824
1780456760,108.184718
1780456760,117.756701
1780456760,105.511979
1780456760,123.334640
1780456760,117.382160
1780456760,105.836038
1780456760,124.084624
1780456760,117.807073
1780456760,123.365035
1780456760,123.563120
1780456760,105.881700
1780456760,123.452274
1780456760,106.668806
1780456760,124.223046
1780456760,106.225257
1780456760,118.631714
1780456760,123.723848
1780456760,119.062359
1780456760,106.665358
1780456760,125.040067
1780456760,108.621616
1780456760,108.621396
1780456760,106.599662
1780456760,124.872567
1780456760,107.352209
1780456760,119.334256
1780456760,107.184301
1780456760,107.531573
1780456760,107.020901
1780456760,123.703197
1780456760,107.723450
1780456760,123.879557
1780456760,108.779180
1780456760,108.758738
1780456760,108.833166
1780456760,108.453059
1780456760,108.332710
1780456760,120.377496
1780456760,108.552160
1780456760,121.128354
1780456760,124.397603
1780456760,108.465197
1780456760,126.898085
1780456760,108.830163
1780456760,126.896705
1780456760,121.442799
1780456760,108.659902
1780456760,108.725024
1780456760,109.299485
1780456760,124.984579
1780456760,109.451117
1780456760,121.669382
1780456760,106.729829
1780456760,122.020493
1780456760,109.581254
1780456760,119.923972
1780456760,107.515156
1780456760,109.812019
1780456760,122.434630
1780456760,110.006902
1780456760,107.758483
1780456760,122.470213
1780456760,120.515202
1780456760,107.767188
1780456760,108.416486
1780456760,127.415502
1780456760,127.450161
1780456760,111.510648
1780456760,111.320392
1780456760,121.724715
1780456760,125.746555
1780456760,108.928297
1780456760,109.020299
1780456760,125.885127
1780456760,108.344301
1780456760,126.143756
1780456760,121.417864
1780456760,108.914488
1780456760,121.661308
1780456760,121.231929
1780456760,112.953948
1780456760,113.120602
1780456760,112.855938
1780456760,112.956851
1780456760,112.881388
1780456760,112.919835
1780456760,123.626833
1780456760,112.932079
1780456760,121.419490
1780456760,109.353520
1780456760,109.432404
1780456760,123.709534
1780456760,109.555047
1780456760,108.795636
1780456760,123.723024
1780456760,123.905358
1780456760,124.487984
1780456760,107.069668
1780456760,120.680803
1780456760,107.232594
1780456760,107.511380
1780456760,109.004039
1780456760,117.752369
1780456760,111.998306
1780456760,110.722440
1780456760,126.742777
1780456760,109.499196
1780456760,112.780033
1780456760,123.993738
1780456760,109.474387
1780456760,111.489405
1780456760,124.133879
1780456760,109.894785
1780456760,121.503879
1780456760,110.176158
1780456760,121.247206
1780456760,118.668871
1780456760,120.343671
1780456760,109.449775
1780456760,108.004230
1780456760,107.774374
1780456760,117.354586
1780456760,113.343558
1780456760,117.538802
1780456760,125.894347
1780456760,117.635838
1780456760,114.019390
1780456760,116.953877
1780456760,109.008589
1780456760,109.095222
1780456760,111.951835
1780456760,122.447108
1780456760,109.754129
1780456760,111.035857
1780456760,111.230409
1780456760,120.025702
1780456760,109.778730
1780456760,139.106121
1780456760,110.424703
1780456760,112.068409
1780456760,112.284750
1780456760,115.672296
1780456760,136.429519
1780456760,115.648759
1780456760,117.277547
1780456760,136.565649
1780456760,113.663125
1780456760,109.453926
1780456760,110.586757
1780456760,111.686252
1780456760,110.745575
1780456760,114.417180
1780456760,107.732842
1780456760,106.202963
1780456760,112.178240
1780456760,114.867861
1780456760,112.298607
1780456760,111.559580
1780456760,114.762773
1780456760,114.250552
1780456760,111.327262
1780456760,111.153506
1780456760,143.643757
1780456760,143.462916
1780456760,111.347326
1780456760,143.425169
1780456760,143.345729
1780456760,107.985914
1780456760,143.755027
1780456760,111.832426
1780456760,108.324272
1780456760,112.927656
1780456760,115.261878
1780456760,142.170164
1780456760,143.858550
1780456760,143.830701
1780456760,115.363581
1780456760,143.811117
1780456760,143.870834
1780456760,139.178754
1780456760,112.028718
1780456760,138.759196
1780456760,142.405420
1780456760,108.518354
1780456760,106.768509
1780456760,139.147392
1780456760,139.194301
1780456760,109.092658
1780456760,112.734692
1780456760,107.554757
1780456760,107.182470
1780456760,139.286410
1780456760,108.337127
1780456760,112.868806
1780456760,107.929053
1780456760,108.094274
1780456760,139.578626
1780456760,109.925395
1780456760,109.985027
1780456760,110.239423
1780456760,144.081904
1780456760,133.950373
1780456760,133.249992
1780456760,108.915686
1780456760,104.906405
1780456760,132.187348
1780456760,111.091477
1780456760,109.009848
1780456760,131.481922
1780456760,129.048900
1780456760,104.782494
1780456760,129.688058
1780456760,104.939644
1780456760,108.754587
1780456760,108.345574
1780456760,110.495637
1780456760,109.529174
1780456760,127.966807
1780456760,109.044302
1780456760,127.929836
1780456760,127.878536
1780456760,127.473381
1780456760,110.106592
1780456760,109.087687
1780456760,109.479357
1780456760,106.604709
1780456760,106.572630
1780456760,127.266574
1780456760,107.856200
1780456760,109.281353
1780456760,125.659674
1780456760,108.285670
1780456760,108.469440
1780456760,108.949147
1780456760,109.263611
1780456760,111.497006
1780456760,108.558245
1780456760,127.191387
1780456760,127.743723
1780456760,124.812898
1780456760,104.682989
1780456760,107.642447
1780456760,104.151058
1780456760,128.466426
1780456760,108.051753
1780456760,128.112892
1780456760,127.980380
1780456760,125.210207
1780456760,150.656743
1780456760,150.660812
1780456760,131.895470
1780456760,148.756979
1780456760,126.959309
1780456760,126.851637
1780456760,148.786882
1780456760,126.977322
1780456760,122.997103
1780456760,126.924209
1780456760,148.925507
1780456760,148.970851
1780456760,125.623897
1780456760,127.307594
1780456760,117.776141
1780456760,149.099469
1780456760,117.840987
1780456760,132.302807
1780456760,117.820195
1780456760,117.984249
1780456760,132.404177
1780456760,117.716154
1780456760,111.968097
1780456760,117.873412
1780456760,117.940747
1780456760,132.583868
1780456760,146.212271
1780456760,117.900767
1780456760,146.857980
1780456760,115.948989
1780456760,118.204944
1780456760,136.492908
1780456760,118.208720
1780456760,113.190252
1780456760,117.848787
1780456760,118.004710
1780456760,107.594300
1780456760,149.060698
1780456760,118.079404
1780456760,149.362269
1780456760,136.705123
1780456760,149.504664
1780456760,137.169143
1780456760,113.280030
1780456760,108.970045
1780456760,117.034159
1780456760,132.790204
1780456760,111.393443
1780456760,111.138231
1780456760,116.241553
1780456760,102.757479
1780456760,110.089416
1780456760,128.320833
1780456760,133.394166
1780456760,104.035339
1780456760,133.422044
1780456760,104.161435
1780456760,111.855850
1780456760,110.785684
1780456760,128.575107
1780456760,111.012021
1780456760,107.423152
1780456760,103.839301
1780456760,107.744756
1780456760,109.973540
1780456760,128.495560
1780456760,111.373359
1780456760,103.150248
1780456760,111.682936
1780456760,129.543854
1780456760,103.472254
1780456760,129.950621
1780456760,103.514154
1780456760,128.021186
1780456760,102.521027
1780456760,108.859409
1780456760,127.550686
1780456760,110.517946
1780456760,110.575934
1780456760,126.861402
1780456760,110.416227
1780456760,129.353087
1780456760,108.383500
1780456760,109.197081
1780456760,128.893471
1780456760,108.485978
1780456760,131.068762
1780456760,103.493121
1780456760,126.242377
1780456760,107.931822
1780456760,110.021387
1780456760,109.126724
1780456760,131.588447
1780456760,110.194905
1780456760,131.823185
1780456760,125.934895
1780456760,122.857200
1780456760,122.969575
1780456760,104.529216
1780456760,123.011519
1780456760,104.638041
1780456760,123.070193
1780456760,110.211597
1780456760,122.134943
1780456760,123.242624
1780456760,105.029175
1780456760,110.709330
1780456760,103.307775
1780456760,110.242661
1780456760,121.900824
1780456760,109.205775
1780456760,105.580981
1780456760,124.088494
1780456760,103.054277
1780456760,110.340995
1780456760,122.386483
1780456760,109.750263
1780456760,122.456488
1780456760,109.869864
1780456760,124.704034
1780456760,122.834849
1780456760,122.924883
1780456760,110.458510
1780456760,123.055141
1780456760,123.403136
1780456760,124.983284
1780456760,110.581409
1780456760,122.550686
1780456760,111.107939
1780456760,122.654400
1780456760,110.500149
1780456760,105.639492
1780456760,123.796040
1780456760,110.613028
1780456760,104.871828
1780456760,110.774221
1780456760,110.776123
1780456760,125.906560
1780456760,125.454842
1780456760,122.438243
1780456760,110.753193
1780456760,120.271757
1780456760,106.373749
1780456760,104.838106
1780456760,107.081489
1780456760,125.513188
1780456760,110.841240
1780456760,126.441217
1780456760,122.813975
1780456760,103.908021
1780456760,121.856956
1780456760,123.014581
1780456760,105.316804
1780456760,123.156604
1780456760,121.376129
1780456760,121.472427
1780456760,121.539281
1780456760,120.707542
1780456760,123.323945
1780456760,112.264414
1780456760,122.174072
1780456760,112.241550
1780456760,121.256896
1780456760,121.077879
1780456760,121.765406
1780456760,113.281385
1780456760,123.404143
1780456760,122.534483
1780456760,122.571982
1780456760,114.935769
1780456760,113.619536
1780456760,113.721979
1780456760,123.168002
1780456760,105.230212
1780456760,112.781169
1780456760,115.086336
1780456760,114.922001
1780456760,115.009587
1780456760,112.813636
1780456760,122.965372
1780456760,103.169343
1780456760,112.851569
1780456760,115.884727
1780456760,115.964276
1780456760,123.778388
1780456760,109.416635
1780456760,122.449796
1780456760,109.522747
1780456760,112.990400
1780456760,122.700541
1780456760,113.305516
1780456760,113.305059
1780456760,113.306835
1780456760,122.942151
1780456760,115.516791
1780456760,110.272685
1780456760,123.248211
1780456760,109.672083
1780456760,123.476885
1780456760,115.890190
1780456760,120.505990
1780456760,115.394143
1780456760,120.348725
1780456760,115.006742
1780456760,115.166560
1780456760,120.930720
1780456760,105.663007
1780456760,115.410467
1780456760,120.191412
1780456760,106.000837
1780456760,114.398728
1780456760,114.418673
1780456760,118.194802
1780456760,115.985982
1780456760,124.452916
1780456760,110.257286
1780456760,107.922441
1780456760,110.173481
1780456760,115.421757
1780456760,108.054700
1780456760,115.850908
1780456760,110.243612
1780456760,108.053813
1780456760,116.111560
1780456760,121.642201
1780456760,120.797306
1780456760,114.943188
1780456760,119.190282
1780456760,119.307254
1780456760,114.940898
1780456760,117.371311
1780456760,115.236481
1780456760,114.249117
1780456760,119.582270
1780456760,116.823873
1780456760,119.668449
1780456760,116.822288
1780456760,116.846387
1780456760,119.445179
1780456760,114.571604
1780456760,115.918281
1780456760,114.877108
1780456760,114.943991
1780456760,115.090623
1780456760,113.263555
1780456760,113.521560
1780456760,113.679830
1780456760,112.811112
1780456760,112.613136
1780456760,117.237324
1780456760,112.762671
1780456760,117.382152
1780456760,113.000448
1780456760,115.305355
1780456760,110.864548
1780456760,114.695031
1780456760,113.252453
1780456760,113.303995
1780456760,114.788947
1780456760,114.833218
1780456760,114.948018
1780456760,110.073748
1780456760,109.884018
1780456760,110.318404
1780456760,110.097810
1780456760,110.731525
1780456760,110.804621
1780456760,110.862224
1780456760,110.919031
1780456760,111.000717
1780456760,119.284145
1780456760,117.316906
1780456760,120.137135
1780456760,116.147554
1780456760,114.816065
1780456760,118.252279
1780456760,118.525750
1780456760,118.882922
1780456760,116.819739
1780456760,117.139014
1780456760,117.062927
1780456760,119.554846
1780456760,117.304855
1780456760,114.706567
1780456760,116.179599
1780456760,114.914319
1780456760,114.955578
1780456760,112.004463
1780456760,122.293409
1780456760,112.619695
1780456760,114.337433
1780456760,112.801897
1780456760,120.870420
1780456760,114.577307
1780456760,122.882369
1780456760,112.973653
1780456760,113.637797
1780456760,123.380916
1780456760,113.360776
1780456760,122.485370
1780456760,113.585006
1780456760,113.446227
1780456760,114.138447
1780456760,121.639177
1780456760,114.262105
1780456760,121.901175
1780456760,114.171971
1780456760,119.769310
1780456760,112.843469
1780456760,118.649248
1780456760,113.007189
1780456760,117.494690
1780456760,122.598243
1780456760,120.346238
1780456760,117.556115
1780456760,115.016471
1780456760,117.573980
1780456760,115.018447
1780456760,115.215672
1780456760,115.254513
1780456760,114.705629
1780456760,119.058628
1780456760,114.738734
1780456760,122.907189
1780456760,119.387192
1780456760,115.130200
1780456760,115.584960
1780456760,115.349158
1780456760,119.776501
1780456760,121.036457
1780456760,119.621937
1780456760,112.946248
1780456760,123.531740
1780456760,115.383124
1780456760,108.669832
1780456760,121.182186
1780456760,116.006603
1780456760,123.300496
1780456760,116.352948
1780456760,112.010696
1780456760,121.638038
1780456760,115.979994
1780456760,116.346656
1780456760,123.046687
1780456760,113.679550
1780456760,121.883483
1780456760,113.668831
1780456760,113.745054
1780456760,123.914667
1780456760,116.869400
1780456760,112.759633
1780456760,112.905487
1780456760,124.052656
1780456760,112.804100
1780456760,112.056695
1780456760,120.318244
1780456760,112.176688
1780456760,113.566981
1780456760,121.585624
1780456760,112.270540
1780456760,113.503142
1780456760,119.299594
1780456760,111.511335
1780456760,123.835964
1780456760,126.168063
1780456760,111.258291
1780456760,111.387183
1780456760,126.158705
1780456760,128.554580
1780456760,117.261281
1780456760,130.022207
1780456760,118.514595
1780456760,121.317119
1780456760,121.263509
1780456760,117.239859
1780456760,121.521815
1780456760,124.213016
1780456760,117.434069
1780456760,116.023633
1780456760,118.604461
1780456760,121.352726
1780456760,119.925169
1780456760,121.773910
1780456760,129.144660
1780456760,118.867615
1780456760,121.509537
1780456760,129.694449
1780456760,129.692297
1780456760,126.223370
1780456760,129.702137
1780456760,129.589911
1780456760,123.552269
1780456760,126.188543
1780456760,129.520243
1780456760,129.739900
1780456760,129.819292
1780456760,129.840877
1780456760,129.495600
1780456760,124.902615
1780456760,119.486280
1780456760,129.706942
1780456760,129.990620
1780456760,127.854442
1780456760,122.647037
1780456760,129.949148
1780456760,130.147817
1780456760,126.636443
1780456760,129.930310
1780456760,129.950974
1780456760,120.966970
1780456760,129.954041
1780456760,130.047664
1780456760,130.107389
1780456760,130.009774
1780456760,130.166331
1780456760,116.177982
1780456760,124.022036
1780456760,123.862191
1780456760,125.494712
1780456760,123.975693
1780456760,128.027672
1780456760,125.526626
1780456760,125.468013
1780456760,116.876259
1780456760,116.887266
1780456760,121.394947
1780456760,121.521804
1780456760,120.170089
1780456760,109.808275
1780456760,109.799835
1780456760,109.821130
1780456760,117.549195
1780456760,121.066513
1780456760,117.968514
1780456760,121.010270
1780456760,110.505313
1780456760,120.872330
1780456760,110.918786
1780456760,121.655939
1780456760,111.024148
1780456760,109.889172
1780456760,118.045527
1780456760,118.352607
1780456760,111.342125
1780456760,110.711514
1780456760,120.500109
1780456760,118.783822
1780456760,121.377342
1780456760,132.911142
1780456760,133.179499
1780456760,106.977936
1780456760,108.957280
1780456760,133.457901
1780456760,114.629050
1780456760,133.640171
1780456760,133.553208
1780456760,133.926426
1780456760,123.845497
1780456760,115.058987
1780456760,114.682298
1780456760,123.540876
1780456760,112.250900
1780456760,113.049679
1780456760,113.161063
1780456760,112.204729
1780456760,123.701438
1780456760,129.540798
1780456760,130.187072
1780456760,117.121150
1780456760,119.254774
1780456760,128.914566
1780456760,126.534827
1780456760,130.348072
1780456760,126.537959
1780456760,122.764240
1780456760,130.496405
1780456760,126.656158
1780456760,116.541739
1780456760,115.618795
1780456760,115.676697
1780456760,117.272473
1780456760,124.016617
1780456760,117.534807
1780456760,125.600451
1780456760,129.116086
1780456760,118.791431
1780456760,130.741945
1780456760,126.782095
1780456760,126.921836
1780456760,126.912957
1780456760,119.955371
1780456760,128.323221
1780456760,122.692649
1780456760,117.253501
1780456760,116.516064
1780456760,116.654758
1780456760,132.570899
1780456760,132.530789
1780456760,134.431413
1780456760,109.509940
1780456760,134.519663
1780456760,124.160202
1780456760,125.314440
1780456760,125.464682
1780456760,125.522680
1780456760,125.624540
1780456760,129.582910
1780456760,136.024010
1780456760,129.795339
1780456760,129.819600
1780456760,137.704375
1780456760,138.763086
1780456760,139.046378
1780456760,135.093165
1780456760,136.265196
1780456760,136.336927
1780456760,111.494309
1780456760,115.194497
1780456760,134.292916
1780456760,134.221224
1780456760,128.754871
1780456760,129.640808
1780456760,129.689587
1780456760,134.291414
1780456760,134.316355
1780456760,134.765063
1780456760,134.478405
1780456760,127.919567
1780456760,134.908999
1780456760,134.946820
1780456760,135.017014
1780456760,134.762816
1780456760,125.367418
1780456760,114.539218
1780456760,127.371661
1780456760,127.458405
1780456760,119.035192
1780456760,113.070223
1780456760,113.159950
1780456760,114.947817
1780456760,129.322024
1780456760,119.169231
1780456760,119.232617
1780456760,135.192267
1780456760,130.839724
1780456760,135.398347
1780456760,135.555648
1780456760,135.549353
1780456760,135.574197
1780456760,135.687626
1780456760,135.719038
1780456760,128.912018
1780456760,113.160864
1780456760,136.244640
1780456760,141.995800
1780456760,107.144764
1780456760,114.073952
1780456760,114.523186
1780456760,114.175280
1780456760,121.990578
1780456760,143.883199
1780456760,109.487571
1780456760,109.577423
1780456760,117.036707
1780456760,123.460364
1780456760,109.512529
1780456760,109.729747
1780456760,109.871926
1780456760,128.186671
1780456760,128.508495
1780456760,106.368619
1780456760,110.014918
1780456760,132.446068
1780456760,122.015213
1780456760,118.629147
1780456760,116.843559
1780456760,121.674056
1780456760,122.185559
1780456760,121.810282
1780456760,125.888872
1780456760,117.131005
1780456760,124.592330
1780456760,128.487466
1780456760,125.158910
1780456760,127.867572
1780456760,129.056581
1780456760,127.923426
1780456760,137.909775
1780456760,145.008327
1780456760,144.001812
1780456760,121.453563
1780456760,116.036954
1780456760,112.332625
1780456760,116.611160
1780456760,113.743492
1780456760,111.995304
1780456760,115.442397
1780456760,107.236803
1780456760,107.156875
1780456760,110.308098
1780456760,107.091630
1780456760,115.353195
1780456760,117.382851
1780456760,115.895704
1780456760,131.668559
1780456760,131.752562
1780456760,115.922304
1780456760,124.347110
1780456760,122.762118
1780456760,124.674572
1780456760,124.742545
1780456760,121.022769
1780456760,121.109676
1780456760,121.168940
1780456760,112.543302
1780456760,112.469759
1780456760,112.484094
1780456760,112.682757
1780456760,112.607487
1780456760,110.476292
1780456760,112.583850
1780456760,108.201350
1780456760,112.531718
1780456760,108.063253
1780456760,116.661281
1780456760,107.599497
1780456760,112.896473
1780456760,112.784940
1780456760,108.509824
1780456760,108.009537
1780456760,122.049278
1780456760,116.560371
1780456760,116.986020
1780456760,121.794222
1780456760,129.044169
1780456760,130.738882
1780456760,133.193215
1780456760,125.673517
1780456760,133.049912
1780456760,127.945002
1780456760,131.422500
1780456760,114.034590
1780456760,109.572255
1780456760,109.753908
1780456760,109.768109
1780456760,109.899534
1780456760,109.437507
1780456760,109.342525
1780456760,112.388051
1780456760,112.384073
1780456760,109.887001
1780456760,112.567587
1780456760,110.117889
1780456760,110.043672
1780456760,110.080171
1780456760,109.995766
1780456760,110.566640
1780456760,111.115877
1780456760,110.536756
1780456760,110.601321
1780456760,110.569596
1780456760,110.689685
1780456760,110.656842
1780456760,111.213427
1780456760,108.413757
1780456760,109.355633
1780456760,113.370292
1780456760,111.572117
1780456760,115.237791
1780456760,114.476266
1780456760,110.172976
1780456760,114.476087
1780456760,116.456369
1780456760,116.722480
1780456760,113.460445
1780456760,115.301384
1780456760,111.939316
1780456760,111.994640
1780456760,114.839969
1780456760,116.240687
1780456760,112.063572
1780456760,115.597504
1780456760,114.944942
1780456760,115.091191
1780456760,113.752811
1780456760,118.260274
1780456760,113.366309
1780456760,104.432966
1780456760,109.097422
1780456760,112.495600
1780456760,112.826111
1780456760,112.532481
1780456760,111.086406
1780456760,112.712790
1780456760,112.819971
1780456760,113.013011
1780456760,112.840998
1780456760,111.296004
1780456760,112.185460
1780456760,112.349683
1780456760,112.355926
1780456760,113.861059
1780456760,116.366915
1780456760,116.597623
1780456760,116.630267
1780456760,117.504695
1780456760,116.663178
1780456760,117.575759
1780456760,117.471858
1780456760,114.242751
1780456760,107.378875
1780456760,116.094195
1780456760,112.085910
1780456760,118.305654
1780456760,113.785486
1780456760,119.900757
1780456760,116.222533
1780456760,115.382279
1780456760,116.970499
1780456760,119.519285
1780456760,113.712670
1780456760,110.628356
1780456760,113.871080
1780456760,112.727419
1780456760,113.979072
1780456760,114.017298
1780456760,103.521027
1780456760,111.378559
1780456760,109.757712
1780456760,114.829978
1780456760,104.679941
1780456760,114.893419
1780456760,106.521446
1780456760,116.725398
1780456760,106.747875
1780456760,113.246650
1780456760,118.439387
1780456760,105.485426
1780456760,112.154691
1780456760,108.616780
1780456760,108.627255
1780456760,111.504036
1780456760,107.792292
1780456760,108.814489
1780456760,117.158174
1780456760,115.115196
1780456760,112.527316
1780456760,107.235814
1780456760,115.297206
1780456760,107.357470
1780456760,115.467637
1780456760,111.915408
1780456760,111.798075
1780456760,107.640164
1780456760,106.493218
1780456760,113.931428
1780456760,113.933789
1780456760,107.876985
1780456760,107.407122
1780456760,111.369989
1780456760,112.287249
1780456760,112.298853
1780456760,114.062238
1780456760,111.479163
1780456760,114.060124
1780456760,114.245206
1780456760,112.495543
1780456760,117.756706
1780456760,116.088939
1780456760,122.474577
1780456760,106.624481
1780456760,114.487753
1780456760,108.965389
1780456760,102.526193
1780456760,112.975079
1780456760,108.732969
1780456760,106.640180
1780456760,113.444791
1780456760,113.669381
1780456760,113.690804
1780456760,120.093833
1780456760,111.199796
1780456760,105.774450
1780456760,104.440248
1780456760,103.545084
1780456760,103.958063
1780456760,105.186124
1780456760,111.687358
1780456760,106.220522
1780456760,107.025120
1780456760,108.308507
1780456760,125.233355
1780456760,111.067360
1780456760,117.758087
1780456760,106.685186
1780456760,110.222325
1780456760,105.617156
1780456760,104.608251
1780456760,120.302796
1780456760,122.781457
1780456760,123.851201
1780456760,106.216798
1780456760,104.651738
1780456760,121.053985
1780456760,113.629051
1780456760,103.713132
1780456760,119.881195
1780456760,121.208554
1780456760,105.040623
1780456760,112.954244
1780456760,103.524151
1780456760,121.388069
1780456760,115.995402
1780456760,121.563152
1780456760,105.163149
1780456760,121.670648
1780456760,113.320756
1780456760,111.862081
1780456760,122.245973
1780456760,113.264447
1780456760,106.788914
1780456760,124.323864
1780456760,116.478776
1780456760,107.719949
1780456760,110.426730
1780456760,111.973699
1780456760,110.891501
1780456760,116.338545
1780456760,112.764172
1780456760,113.537338
1780456760,114.835097
1780456760,113.382869
1780456760,119.228731
1780456760,111.109723
1780456760,110.937338
1780456760,115.209286
1780456760,113.785267
1780456760,112.454984
1780456760,118.278292
1780456760,114.000641
1780456760,113.138056
1780456760,113.953123
1780456760,111.699915
1780456760,118.145837
1780456760,114.355773
1780456760,114.424004
1780456760,111.734573
1780456760,118.984137
1780456760,116.128913
1780456760,112.358169
1780456760,114.898625
1780456760,114.966095
1780456760,116.482921
1780456760,116.732809
1780456760,112.788511
1780456760,115.186930
1780456760,112.738289
1780456760,115.796566
1780456760,113.166903
1780456760,118.310504
1780456760,114.760869
1780456760,113.131954
1780456760,115.184238
1780456760,115.216161
1780456760,113.398076
1780456760,115.925819
1780456760,116.027821
1780456760,116.026451
1780456760,116.328384
1780456760,116.114500
1780456760,111.290659
1780456760,114.136910
1780456760,114.268531
1780456760,114.318604
1780456760,114.048909
1780456760,114.546720
1780456760,116.360801
1780456760,112.421278
1780456760,113.024708
1780456760,113.248976
1780456760,115.882551
1780456760,115.542035
1780456760,116.145688
1780456760,116.200886
1780456760,102.703453
1780456760,102.793111
1780456760,101.769512
1780456760,101.888344
1780456760,101.864656
1780456760,102.028428
1780456760,101.986709
1780456760,102.280126
1780456760,102.572549
1780456760,102.688252
1780456760,101.974410
1780456760,101.951427
1780456760,102.136803
1780456760,102.310905
1780456760,102.590684
1780456760,102.836365
1780456760,101.962866
1780456760,103.109086
1780456760,102.242401
1780456760,102.560423
1780456760,102.855422
1780456760,102.628807
1780456760,102.992752
1780456760,103.518346
1780456760,103.289717
1780456760,104.472504
1780456760,105.234738
1780456760,105.592108
1780456760,105.886868
1780456760,105.913651
1780456760,105.830660
1780456760,107.615591
1780456760,107.859087
1780456760,107.867663
1780456760,108.193405
1780456760,108.409873
1780456760,107.981298
1780456760,104.964352
1780456760,106.120376
1780456760,106.538559
1780456760,106.315605
1780456760,106.682848
1780456760,106.897963
1780456760,107.021125
1780456760,107.803791
1780456760,107.640993
1780456760,107.654420
1780456760,107.770994
1780456760,108.005870
1780456760,103.729888
1780456760,113.878320
1780456760,105.483927
1780456760,109.996627
1780456760,113.735365
1780456760,110.366085
1780456760,110.378751
1780456760,108.805417
1780456760,110.092824
1780456760,105.985290
1780456760,114.106079
1780456760,110.768263
1780456760,110.440809
1780456760,110.903580
1780456760,110.832082
1780456760,114.461143
1780456760,110.504084
1780456760,106.260402
1780456760,114.596612
1780456760,106.378403
1780456760,111.115219
1780456760,104.714445
1780456760,106.234173
1780456760,106.541528
1780456760,108.071182
1780456760,111.389191
1780456760,111.402844
1780456760,106.521666
1780456760,106.934595
1780456760,114.838458
1780456760,111.124429
1780456760,110.138968
1780456760,114.689493
1780456760,114.884343
1780456760,110.586948
1780456760,111.776092
1780456760,114.975079
1780456760,111.196434
1780456760,111.500514
1780456760,111.300455
1780456760,111.609456
1780456760,115.282898
1780456760,114.994689
1780456760,112.005974
1780456760,109.974878
1780456760,115.532973
1780456760,112.235240
1780456760,107.310840
1780456760,105.566551
1780456760,105.769135
1780456760,106.152540
1780456760,105.980208
1780456760,105.736148
1780456760,104.660791
1780456760,104.575408
1780456760,104.416314
1780456760,106.657655
1780456760,106.543460
1780456760,105.168296
1780456760,104.558451
1780456760,104.206020
1780456760,108.314734
1780456760,108.464698
1780456760,109.796938
1780456760,110.107178
1780456760,108.217150
1780456760,108.450374
1780456760,104.843391
1780456760,110.687731
1780456760,105.115908
1780456760,110.537852
1780456760,109.547178
1780456760,110.185808
1780456760,108.987371
1780456760,110.803330
1780456760,105.385053
1780456760,111.142129
1780456760,109.492507
1780456760,109.487001
1780456760,111.002456
1780456760,109.717807
1780456760,111.691542
1780456760,110.233442
1780456760,108.308789
1780456760,110.475009
1780456760,110.364392
1780456760,110.069313
1780456760,110.155478
1780456760,111.676127
1780456760,111.837506
1780456760,106.205773
1780456760,110.835034
1780456760,109.113715
1780456760,107.027495
1780456760,108.393788
1780456760,104.520190
1780456760,110.981149
1780456760,109.477106
1780456760,111.288354
1780456760,111.252841
1780456760,111.491018
1780456760,109.707406
1780456760,107.168946
1780456760,109.803146
1780456760,111.354888
1780456760,111.884490
1780456760,109.449833
1780456760,108.212492
1780456760,110.499341
1780456760,112.294964
1780456760,112.303061
1780456760,112.582046
1780456760,112.328514
1780456760,111.402841
1780456760,106.829036
1780456760,114.077662
1780456760,110.801669
1780456760,109.239764
1780456760,111.260844
1780456760,114.596335
1780456760,113.524619
1780456760,108.985581
1780456760,114.148364
1780456760,111.720341
1780456760,116.606846
1780456760,115.007775
1780456760,116.534105
1780456760,113.445526
1780456760,116.437203
1780456760,115.736793
1780456760,118.574488
1780456760,111.978728
1780456760,112.202422
1780456760,115.978270
1780456760,119.065612
1780456760,112.457605
1780456760,119.425454
1780456760,116.087339
1780456760,113.708597
1780456760,111.580244
1780456760,119.830988
1780456760,109.264604
1780456760,116.747438
1780456760,116.898784
1780456760,107.343471
1780456760,120.574602
1780456760,111.749206
1780456760,119.317945
1780456760,117.932790
1780456760,111.674909
1780456760,109.094364
1780456760,117.691022
1780456760,118.085018
1780456760,110.593704
1780456760,113.478266
1780456760,115.515382
1780456760,121.145724
1780456760,121.222452
1780456760,107.642755
1780456760,107.791660
1780456760,120.075148
1780456760,113.575872
1780456760,113.724420
1780456760,112.451342
1780456760,114.119672
1780456760,109.994373
1780456760,108.772791
1780456760,121.031986
1780456760,110.050086
1780456760,120.439847
1780456760,113.019456
1780456760,113.200883
1780456760,116.436091
1780456760,113.700169
1780456760,117.449192
1780456760,116.786602
1780456760,115.234073
1780456760,119.819208
1780456760,111.096783
1780456760,123.562667
1780456760,114.506003
1780456760,112.462614
1780456760,114.590088
1780456760,112.373182
1780456760,120.480488
1780456760,118.800760
1780456760,106.355674
1780456760,120.271090
1780456760,107.948830
1780456760,119.046505
1780456760,119.490992
1780456760,121.141069
1780456760,129.062835
1780456760,115.484969
1780456760,115.596274
1780456760,113.987597
1780456760,129.468060
1780456760,115.691538
1780456760,115.840560
1780456760,115.861863
1780456760,115.865083
1780456760,116.047495
1780456760,116.174213
1780456760,116.168618
1780456760,116.077778
1780456760,129.681599
1780456760,129.802870
1780456760,115.945188
1780456760,123.107448
1780456760,124.650920
1780456760,116.107327
1780456760,113.205770
1780456760,114.613675
1780456760,115.886616
1780456760,113.291306
1780456760,116.300838
1780456760,116.579051
1780456760,125.231994
1780456760,125.036762
1780456760,123.485979
1780456760,125.286205
1780456760,126.472856
1780456760,122.659499
1780456760,114.834912
1780456760,113.757897
1780456760,120.496794
1780456760,115.771087
1780456760,111.653597
1780456760,124.732702
1780456760,124.554335
1780456760,122.168939
1780456760,123.488632
1780456760,113.183310
1780456760,111.605439
1780456760,113.295742
1780456760,116.142181
1780456760,111.863775
1780456760,118.956955
1780456760,113.293636
1780456760,115.249528
1780456760,113.575551
1780456760,113.738763
1780456760,111.702928
1780456760,113.873525
1780456760,117.715908
1780456760,117.747252
1780456760,115.639772
1780456760,113.378501
1780456760,114.100501
1780456760,119.476140
1780456760,117.747690
1780456760,119.310266
1780456760,114.329861
1780456760,120.416080
1780456760,120.325523
1780456760,123.063312
1780456760,121.408120
1780456760,120.719280
1780456760,124.620869
1780456760,121.806497
1780456760,121.540320
1780456760,116.088984
1780456760,123.256766
1780456760,121.949614
1780456760,123.261606
1780456760,124.633968
1780456760,118.432567
1780456760,124.738523
1780456760,124.887596
1780456760,113.836822
1780456760,110.379784
1780456760,118.685397
1780456760,112.143224
1780456760,117.372470
1780456760,115.204766
1780456760,112.083916
1780456760,111.151173
1780456760,116.764029
1780456760,115.277853
1780456760,113.503703
1780456760,114.148283
1780456760,117.694464
1780456760,119.214676
1780456760,113.281959
1780456760,109.259928
1780456760,113.217937
1780456760,112.438268
1780456760,110.480573
1780456760,112.610790
1780456760,113.021991
1780456760,115.092374
1780456760,112.902076
1780456760,113.430345
1780456760,113.640002
1780456760,110.400286
1780456760,112.213914
1780456760,111.407798
1780456760,112.805104
1780456760,121.344148
1780456760,119.435750
1780456760,128.592462
1780456760,128.425716
1780456760,129.762191
1780456760,134.257281
1780456760,128.588955
1780456760,134.543830
1780456760,132.174033
1780456760,130.849411
1780456760,135.048778
1780456760,130.819752
1780456760,130.930362
1780456760,114.276374
1780456760,118.096559
1780456760,114.832120
1780456760,117.055254
1780456760,111.796990
1780456760,113.201983
1780456760,118.490144
1780456760,111.654017
1780456760,119.921819
1780456760,119.628994
1780456760,118.993559
1780456760,116.447093
1780456760,119.464490
1780456760,119.613095
1780456760,119.945809
1780456760,124.052018
1780456760,130.299613
1780456760,131.927752
1780456760,114.108814
1780456760,117.456244
1780456760,109.065328
1780456760,109.014423
1780456760,109.274183
1780456760,123.663150
1780456760,122.039114
1780456760,121.634094
1780456760,111.531303
1780456760,109.734204
1780456760,109.979932
1780456760,111.035413
1780456760,113.639572
1780456760,114.581039
1780456760,113.611217
1780456760,115.300817
1780456760,113.714368
1780456760,116.777050
1780456760,114.915730
1780456760,115.105908
1780456760,117.152962
1780456760,113.261461
1780456760,110.256631
1780456760,110.598874
1780456760,117.141457
1780456760,130.771767
1780456760,121.485566
1780456760,132.209763
1780456760,110.615193
1780456760,117.557834
1780456760,117.987014
1780456760,110.965076
1780456760,123.494771
1780456760,133.908925
1780456760,121.250939
1780456760,115.614043
1780456760,112.692279
1780456760,121.673894
1780456760,132.585142
1780456760,122.065379
1780456760,111.605585
1780456760,118.603413
1780456760,111.570945
1780456760,108.109685
1780456760,118.567007
1780456760,111.663404
1780456760,117.079772
1780456760,134.098600
1780456760,120.537747
1780456760,121.701466
1780456760,123.806947
1780456760,122.431069
1780456760,118.025469
1780456760,123.600543
1780456760,123.700864
1780456760,116.274732
1780456760,118.711781
1780456760,108.115452
1780456760,118.666020
1780456760,111.719045
1780456760,118.158577
1780456760,113.795762
1780456760,116.858880
1780456760,119.760690
1780456760,111.612996
1780456760,121.999147
1780456760,109.170367
1780456760,115.130260
1780456760,120.654716
1780456760,117.568727
1780456760,126.224454
1780456760,122.078853
1780456760,117.441264
1780456760,117.684969
1780456760,126.207719
1780456760,110.108239
1780456760,122.480341
1780456760,117.569484
1780456760,124.562144
1780456760,126.439816
1780456760,115.817263
1780456760,126.390176
1780456760,117.643659
1780456760,129.582576
1780456760,115.802296
1780456760,123.365356
1780456760,126.531684
1780456760,127.340578
1780456760,118.083187
1780456760,122.634588
1780456760,118.198042
1780456760,130.440745
1780456760,122.923093
1780456760,126.746216
1780456760,130.241483
1780456760,122.998353
1780456760,131.046676
1780456760,126.653172
1780456760,127.198094
1780456760,123.317404
1780456760,113.873592
1780456760,130.676037
1780456760,134.887649
1780456760,123.835987
1780456760,135.910412
1780456760,124.021044
1780456760,124.462908
1780456760,137.545440
1780456760,129.900923
1780456760,124.418825
1780456760,137.740314
1780456760,133.404409
1780456760,137.719295
1780456760,121.766580
1780456760,127.607838
1780456760,121.004229
1780456760,134.035079
1780456760,119.812800
1780456760,141.520276
1780456760,121.647713
1780456760,140.672940
1780456760,125.076605
1780456760,114.749037
1780456760,123.310599
1780456760,112.413218
1780456760,115.368908
1780456760,123.309549
1780456760,111.477180
1780456760,134.484347
1780456760,123.597258
1780456760,134.445340
1780456760,138.452450
1780456760,114.930059
1780456760,114.014733
1780456760,113.525826
1780456760,109.768613
1780456760,111.644431
1780456760,114.068523
1780456760,114.369748
1780456760,111.945474
1780456760,109.497319
1780456760,110.547909
1780456760,110.903604
1780456760,114.657507
1780456760,110.551067
1780456760,131.588468
1780456760,112.864997
1780456760,113.220497
1780456760,111.621816
1780456760,110.184354
1780456760,112.889159
1780456760,112.177164
1780456760,113.919614
1780456760,114.278215
1780456760,110.341784
1780456760,115.485464
1780456760,114.413203
1780456760,115.737684
1780456760,115.831392
1780456760,115.904389
1780456760,114.767469
1780456760,108.969580
1780456760,114.683331
1780456760,115.622284
1780456760,112.212911
1780456760,115.976793
1780456760,114.777322
1780456760,109.734732
1780456760,111.044226
1780456760,109.918232
1780456760,111.335897
1780456760,108.684934
1780456760,116.940288
1780456760,113.107979
1780456760,114.140044
1780456760,113.234985
1780456760,116.643111
1780456760,110.835795
1780456760,124.701681
1780456760,119.137560
1780456760,112.956795
1780456760,120.088347
1780456760,125.354681
1780456760,123.316438
1780456760,111.935478
1780456760,119.599229
1780456760,119.771715
1780456760,125.946487
1780456760,136.018810
1780456760,118.700050
1780456760,112.530524
1780456760,121.711274
1780456760,120.712432
1780456760,120.270326
1780456760,118.221153
1780456760,115.024115
1780456760,122.073405
1780456760,117.808280
1780456760,113.797078
1780456760,113.956183
1780456760,122.287482
1780456760,113.010177
1780456760,114.063632
1780456760,119.489163
1780456760,111.577396
1780456760,121.658753
1780456760,113.253558
1780456760,113.297612
1780456760,122.362542
1780456760,110.544658
1780456760,120.146404
1780456760,122.608868
1780456760,107.371593
1780456760,120.332584
1780456760,120.393011
1780456760,118.806452
1780456760,110.847752
1780456760,120.821430
1780456760,108.230218
1780456760,119.138526
1780456760,108.514863
1780456760,107.731563
1780456760,121.595796
1780456760,111.225878
1780456760,111.061659
1780456760,118.964509
1780456760,106.235564
1780456760,110.215421
1780456760,104.958877
1780456760,119.968687
1780456760,112.477077
1780456760,119.718642
1780456760,113.909358
1780456760,115.881127
1780456760,122.602585
1780456760,110.957257
1780456760,106.479442
1780456760,112.642041
1780456760,125.262140
1780456760,111.956686
1780456760,110.853407
1780456760,125.448449
1780456760,125.774720
1780456760,116.396346
1780456760,120.751718
1780456760,107.884927
1780456760,124.810516
1780456760,107.698779
1780456760,124.761232
1780456760,116.899568
1780456760,111.007433
1780456760,117.165199
1780456760,107.715149
1780456760,112.949389
1780456760,108.411856
1780456760,115.138995
1780456760,112.374154
1780456760,111.752979
1780456760,117.894188
1780456760,111.772174
1780456760,110.583178
1780456760,119.636927
1780456760,117.646270
1780456760,109.395647
1780456760,117.808732
1780456760,110.235154
1780456760,118.387453
1780456760,118.134478
1780456760,115.463464
1780456760,118.570316
1780456760,114.921986
1780456760,118.340717
1780456760,114.512986
1780456760,116.595947
1780456760,118.813868
1780456760,118.050069
1780456760,116.507697
1780456760,118.989535
1780456760,116.608076
1780456760,116.904173
1780456760,118.264689
1780456760,118.199921
1780456760,108.381659
1780456760,116.530438
1780456760,118.269573
1780456760,117.080876
1780456760,117.155334
1780456760,118.618030
1780456760,118.755699
1780456760,119.260497
1780456760,116.750044
1780456760,116.627616
1780456760,112.647261
1780456760,116.793544
1780456760,115.299073
1780456760,115.556993
1780456760,117.418438
1780456760,123.361032
1780456760,110.887971
1780456760,128.382883
1780456760,117.534067
1780456760,116.619869
1780456760,117.574448
1780456760,119.491129
1780456760,115.426052
1780456760,113.323915
1780456760,118.542041
1780456760,113.356812
1780456760,119.922971
1780456760,116.026829
1780456760,117.323727
1780456760,118.279895
1780456760,116.537550
1780456760,118.744236
1780456760,110.366261
1780456760,117.309700
1780456760,112.506417
1780456760,112.454932
1780456760,117.530269
1780456760,109.732470
1780456760,117.554418
1780456760,108.437785
1780456760,112.773512
1780456760,108.588140
1780456760,116.762727
1780456760,112.419681
1780456760,116.531821
1780456760,116.631632
1780456760,114.308524
1780456760,108.992326
1780456760,108.044562
1780456760,117.563743
1780456760,116.226825
1780456760,107.288233
1780456760,115.075493
1780456760,107.546960
1780456760,114.618493
1780456760,107.635942
1780456760,122.036253
1780456760,115.602828
1780456760,112.609324
1780456760,122.616855
1780456760,106.780458
1780456760,121.852871
1780456760,106.694814
1780456760,113.089907
1780456760,123.056155
1780456760,123.118353
1780456760,107.599206
1780456760,105.771510
1780456760,119.324895
1780456760,123.507045
1780456760,106.726440
1780456760,106.849796
1780456760,106.061739
1780456760,118.860390
1780456760,105.890633
1780456760,123.598638
1780456760,123.809800
1780456760,107.528817
1780456760,123.498619
1780456760,124.627005
1780456760,115.412562
1780456760,116.932566
1780456760,115.888472
1780456760,116.938419
1780456760,116.940457
1780456760,106.886442
1780456760,125.211918
1780456760,118.311656
1780456760,108.295148
1780456760,117.987241
1780456760,112.657571
1780456760,119.253309
1780456760,105.570074
1780456760,117.955801
1780456760,107.196771
1780456760,114.338447
1780456760,104.965408
1780456760,119.269848
1780456760,106.419275
1780456760,106.387639
1780456760,106.796473
1780456760,119.973958
1780456760,106.386285
1780456760,107.694790
1780456760,125.883058
1780456760,119.382656
1780456760,107.357169
1780456760,107.129081
1780456760,126.013309
1780456760,127.002960
1780456760,127.295740
1780456760,121.237767
1780456760,119.248420
1780456760,127.389735
1780456760,127.707810
1780456760,119.953350
1780456760,127.894185
1780456760,120.120732
1780456760,129.008987
1780456760,108.406566
1780456760,126.581105
1780456760,108.552689
1780456760,128.317405
1780456760,109.638174
1780456760,119.251264
1780456760,109.244670
1780456760,108.760741
1780456760,119.311139
1780456760,127.490362
1780456760,117.277509
1780456760,108.753794
1780456760,129.334984
1780456760,109.042802
1780456760,117.561466
1780456760,130.040550
1780456760,114.987076
1780456760,109.228842
1780456760,128.424445
1780456760,117.414769
1780456760,124.423431
1780456760,114.710350
1780456760,109.433817
1780456760,128.697494
1780456760,108.993975
1780456760,118.169215
1780456760,128.877017
1780456760,118.168209
1780456760,107.855599
1780456760,117.087740
1780456760,126.500997
1780456760,126.570282
1780456760,128.071986
1780456760,117.159108
1780456760,117.834789
1780456760,123.846554
1780456760,116.706002
1780456760,117.234729
1780456760,117.321424
1780456760,121.985923
1780456760,123.870499
1780456760,123.492050
1780456760,123.891249
1780456760,117.189660
1780456760,116.541703
1780456760,124.089776
1780456760,124.242324
1780456760,124.911587
1780456760,124.574830
1780456760,123.333514
1780456760,125.008053
1780456760,125.175029
1780456760,102.689434
1780456760,119.026993
1780456760,124.061653
1780456760,118.171158
1780456760,103.049692
1780456760,119.510224
1780456760,119.248410
1780456760,119.737394
1780456760,114.305340
1780456760,102.325143
1780456760,102.943756
1780456760,102.211160
1780456760,119.400731
1780456760,118.178852
1780456760,102.676259
1780456760,113.971574
1780456760,118.247253
1780456760,102.798007
1780456760,119.491646
1780456760,117.669576
1780456760,103.204197
1780456760,102.751740
1780456760,103.318619
1780456760,103.005205
1780456760,119.148109
1780456760,119.115482
1780456760,102.453876
1780456760,119.228152
1780456760,118.468285
1780456760,118.060072
1780456760,118.388056
1780456760,118.671077
1780456760,114.441071
1780456760,118.687025
1780456760,118.229662
1780456760,118.269348
1780456760,102.166915
1780456760,118.148307
1780456760,119.476924
1780456760,102.392809
1780456760,118.622517
1780456760,119.518337
1780456760,118.636189
1780456760,102.500734
1780456760,119.854658
1780456760,119.042409
1780456760,116.704732
1780456760,102.810882
1780456760,119.703056
1780456760,118.956168
1780456760,102.851689
1780456760,120.125774
1780456760,119.017554
1780456760,102.968004
1780456760,120.209569
1780456760,119.210286
1780456760,103.013718
1780456760,119.535903
1780456760,116.166711
1780456760,119.575385
1780456760,103.043544
1780456760,119.440344
1780456760,119.399791
1780456760,119.164875
1780456760,102.521907
1780456760,103.341549
1780456760,119.285870
1780456760,119.577424
1780456760,103.411018
1780456760,103.344088
1780456760,103.572758
1780456760,104.234341
1780456760,119.197920
1780456760,103.967486
1780456760,103.869783
1780456760,104.226943
1780456760,103.732179
1780456760,118.922014
1780456760,103.947368
1780456760,120.635028
1780456760,103.739822
1780456760,119.122481
1780456760,103.836540
1780456760,118.957392
1780456760,104.900071
1780456760,119.195430
1780456760,102.729319
1780456760,103.914264
1780456760,104.783281
1780456760,118.433716
1780456760,102.832062
1780456760,119.573223
1780456760,103.154742
1780456760,104.522275
1780456760,103.207938
1780456760,104.808355
1780456760,103.159234
1780456760,103.318913
1780456760,103.502545
1780456760,102.946861
1780456760,103.391234
1780456760,103.720164
1780456760,103.424063
1780456760,103.767566
1780456760,119.421539
1780456760,105.614648
1780456760,103.894719
1780456760,106.087232
1780456760,104.341613
1780456760,106.718635
1780456760,105.781589
1780456760,104.013458
1780456760,112.238708
1780456760,103.958736
1780456760,104.148544
1780456760,103.994675
1780456760,104.004280
1780456760,104.252150
1780456760,102.828874
1780456760,104.185109
1780456760,111.512339
1780456760,111.739228
1780456760,104.699223
1780456760,110.206608
1780456760,111.109885
1780456760,103.729263
1780456760,110.997531
1780456760,111.222292
1780456760,110.741202
1780456760,103.181430
1780456760,111.007367
1780456760,111.098741
1780456760,111.156379
1780456760,111.372331
1780456760,102.595428
1780456760,110.289019
1780456760,110.333001
1780456760,102.625431
1780456760,102.903040
1780456760,110.059684
1780456760,102.757221
1780456760,110.751794
1780456760,102.518123
1780456760,110.345435
1780456760,110.741354
1780456760,103.059781
1780456760,103.612359
1780456760,104.111513
1780456760,111.280659
1780456760,103.531607
1780456760,103.595161
1780456760,111.809434
1780456760,103.868677
1780456760,104.550982
1780456760,112.430324
1780456760,111.638980
1780456760,111.612298
1780456760,111.439340
1780456760,102.608546
1780456760,110.305350
1780456760,111.923713
1780456760,105.337366
1780456760,110.318942
1780456760,110.176480
1780456760,105.064227
1780456760,110.192663
1780456760,108.669545
1780456760,108.850993
1780456760,105.815163
1780456760,106.031104
1780456760,105.860685
1780456760,107.222452
1780456760,106.857161
1780456760,107.388684
1780456760,107.524646
1780456760,104.272277
1780456760,106.771433
1780456760,104.437729
1780456760,107.060109
1780456760,107.927800
1780456760,107.305957
1780456760,107.925979
1780456760,107.283063
1780456760,108.186852
1780456760,107.498674
1780456760,107.626299
1780456760,106.093207
1780456760,106.098791
1780456760,107.962862
1780456760,108.133568
1780456760,108.119439
1780456760,108.239776
1780456760,106.361254
1780456760,108.585818
1780456760,108.697397
1780456760,106.301495
1780456760,109.185913
1780456760,106.184237
1780456760,109.418961
1780456760,106.970666
1780456760,109.435184
1780456760,109.917668
1780456760,109.979936
1780456760,107.284359
1780456760,107.266121
1780456760,110.913385
1780456760,110.999891
1780456760,110.995004
1780456760,109.115084
1780456760,113.895295
1780456760,109.036214
1780456760,111.743451
1780456760,104.295149
1780456760,105.712658
1780456760,109.308205
1780456760,109.840758
1780456760,114.741686
1780456760,112.941903
1780456760,113.164632
1780456760,114.875833
1780456760,115.159410
1780456760,109.491634
1780456760,112.832431
1780456760,110.266585
1780456760,112.744846
1780456760,113.090536
1780456760,105.774123
1780456760,115.391502
1780456760,106.826089
1780456760,110.061451
1780456760,110.063511
1780456760,110.490116
1780456760,116.228565
1780456760,116.497828
1780456760,110.125849
1780456760,109.814744
1780456760,111.153941
1780456760,116.339589
1780456760,108.531360
1780456760,116.593571
1780456760,108.703636
1780456760,115.208970
1780456760,115.199792
1780456760,107.866343
1780456760,107.626081
1780456760,107.521049
1780456760,113.554254
1780456760,106.793034
1780456760,102.679953
1780456760,104.166462
1780456760,103.567611
1780456760,103.768125
1780456760,103.840639
1780456760,103.864552
1780456760,103.988338
1780456760,103.676470
1780456760,104.301410
1780456760,104.154500
1780456760,104.786642
1780456760,104.694142
1780456760,105.129574
1780456760,105.352151
1780456760,105.488850
1780456760,105.038141
1780456760,105.125629
1780456760,105.216315
1780456760,105.141137
1780456760,105.276830
1780456760,105.440300
1780456760,105.407234
1780456760,105.756219
1780456760,105.913834
1780456760,104.151196
1780456760,105.918438
1780456760,106.234333
1780456760,106.314504
1780456760,106.238866
1780456760,106.388837
1780456760,116.804718
1780456760,113.903230
1780456760,113.828577
1780456760,105.297694
1780456760,105.565304
1780456760,103.687682
1780456760,103.502044
1780456760,104.168981
1780456760,103.951390
1780456760,104.202109
1780456760,104.881080
1780456760,104.464015
1780456760,107.151558
1780456760,104.697887
1780456760,104.811353
1780456760,105.252965
1780456760,105.580121
1780456760,105.963843
1780456760,105.753308
1780456760,106.035930
1780456760,103.699316
1780456760,105.847910
1780456760,103.179179
1780456760,104.911602
1780456760,104.765371
1780456760,105.060156
1780456760,105.147555
1780456760,104.831274
1780456760,109.622874
1780456760,109.858910
1780456760,109.961880
1780456760,107.194947
1780456760,107.620327
1780456760,108.198036
1780456760,108.758234
1780456760,107.975740
1780456760,108.798691
1780456760,107.951049
1780456760,108.020325
1780456760,108.886057
1780456760,110.659995
1780456760,110.640053
1780456760,110.809980
1780456760,110.750951
1780456760,110.797478
1780456760,110.919711
1780456760,110.600361
1780456760,112.099146
1780456760,108.035983
1780456760,107.945413
1780456760,108.746609
1780456760,109.241075
1780456760,113.465082
1780456760,113.911412
1780456760,113.548017
1780456760,113.382191
1780456760,114.023666
1780456760,114.273872
1780456760,113.853904
1780456760,113.426042
1780456760,113.520170
1780456760,107.022730
1780456760,110.551906
1780456760,114.567513
1780456760,114.645005
1780456760,107.197331
1780456760,114.547901
1780456760,108.358565
1780456760,108.127196
1780456760,108.506283
1780456760,108.105886
1780456760,108.300184
1780456760,109.180532
1780456760,108.448906
1780456760,109.996669
1780456760,109.995731
1780456760,111.781139
1780456760,111.864070
1780456760,109.403042
1780456760,111.115549
1780456760,110.956046
1780456760,106.799702
1780456760,111.696427
1780456760,112.404045
1780456760,112.738006
1780456760,111.899092
1780456760,112.436069
1780456760,112.519651
1780456760,112.909252
1780456760,107.322303
1780456760,112.161504
1780456760,112.643651
1780456760,112.464265
1780456760,112.831549
1780456760,112.985455
1780456760,112.944623
1780456760,112.940061
1780456760,112.709093
1780456760,112.241430
1780456760,112.993517
1780456760,108.082295
1780456760,109.167095
1780456760,108.239037
1780456760,109.088737
1780456760,107.765327
1780456760,108.934633
1780456760,109.202549
1780456760,109.031043
1780456760,109.308500
1780456760,109.364413
1780456760,111.777899
1780456760,112.118566
1780456760,111.848780
1780456760,112.122679
1780456760,112.116059
1780456760,112.218989
1780456760,112.101587
1780456760,112.170065
1780456760,108.555341
1780456760,112.180908
1780456760,108.684561
1780456760,108.500712
1780456760,108.594917
1780456760,107.254090
1780456760,110.966663
1780456760,107.991403
1780456760,109.770183
1780456760,110.173214
1780456760,112.046041
1780456760,111.542964
1780456760,109.998928
1780456760,108.488334
1780456760,110.087036
1780456760,110.087786
1780456760,111.503880
1780456760,112.258453
1780456760,110.278220
1780456760,105.508560
1780456760,112.709755
1780456760,108.628440
1780456760,111.067308
1780456760,113.649392
1780456760,106.000044
1780456760,114.030543
1780456760,106.286956
1780456760,114.166899
1780456760,114.348342
1780456760,108.048793
1780456760,108.189087
1780456760,116.791535
1780456760,115.614191
1780456760,114.858122
1780456760,117.044488
1780456760,115.087426
1780456760,117.052655
1780456760,116.412881
1780456760,117.758674
1780456760,116.459047
1780456760,117.660797
1780456760,115.970926
1780456760,119.698902
1780456760,116.501258
1780456760,116.343541
1780456760,116.465825
1780456760,114.664247
1780456760,116.599899
1780456760,120.722684
1780456760,118.767519
1780456760,108.666933
1780456760,118.731654
1780456760,117.627986
1780456760,118.822924
1780456760,108.514002
1780456760,121.201740
1780456760,121.137318
1780456760,121.211120
1780456760,115.807624
1780456760,121.510835
1780456760,110.365139
1780456760,110.057629
1780456760,110.451197
1780456760,110.047025
1780456760,107.700904
1780456760,121.166025
1780456760,112.756381
1780456760,121.132914
1780456760,116.066452
1780456760,111.162330
1780456760,111.393052
1780456760,117.025361
1780456760,111.793362
1780456760,120.357764
1780456760,116.351499
1780456760,116.416852
1780456760,126.258585
1780456760,109.984533
1780456760,112.907410
1780456760,112.854167
1780456760,113.067897
1780456760,110.545049
1780456760,110.772941
1780456760,117.828481
1780456760,110.764795
1780456760,126.107522
1780456760,125.992607
1780456760,111.313153
1780456760,114.897809
1780456760,115.079478
1780456760,120.026251
1780456760,115.378451
1780456760,126.952796
1780456760,115.503874
1780456760,115.312218
1780456760,115.554525
1780456760,126.626524
1780456760,115.292881
1780456760,109.497895
1780456760,115.536004
1780456760,111.207744
1780456760,106.248542
1780456760,111.494582
1780456760,108.181863
1780456760,108.095018
1780456760,110.972597
1780456760,115.760899
1780456760,113.113466
1780456760,123.485204
1780456760,112.489803
1780456760,112.582550
1780456760,123.709199
1780456760,112.408144
1780456760,113.465886
1780456760,123.705386
1780456760,128.157671
1780456760,111.496478
1780456760,110.533284
1780456760,130.538508
1780456760,110.563050
1780456760,111.259529
1780456760,112.646184
1780456760,112.709061
1780456760,130.674370
1780456760,130.453708
1780456760,115.672693
1780456760,114.886040
1780456760,125.029445
1780456760,125.092986
1780456760,136.015765
1780456760,135.629872
1780456760,112.547830
1780456760,134.758144
1780456760,135.879185
1780456760,112.457107
1780456760,109.955914
1780456760,112.049736
1780456760,110.980791
1780456760,112.628860
1780456760,111.304152
1780456760,134.086303
1780456760,112.130466
1780456760,122.738080
1780456760,140.659161
1780456760,134.089494
1780456760,112.151845
1780456760,141.019149
1780456760,126.422833
1780456760,129.080373
1780456760,112.239238
1780456760,111.312595
1780456760,113.135641
1780456760,113.017934
1780456760,126.702573
1780456760,127.013974
1780456760,128.815144
1780456760,113.663731
1780456760,129.108155
1780456760,105.765738
1780456760,112.139926
1780456760,111.474222
1780456760,129.253545
1780456760,124.540498
1780456760,119.754278
1780456760,109.862019
1780456760,124.674699
1780456760,124.589608
1780456760,126.664512
1780456760,126.643445
1780456760,124.603157
1780456760,130.869806
1780456760,122.938147
1780456760,131.001159
1780456760,122.707777
1780456760,119.807426
1780456760,107.345444
1780456760,109.196276
1780456760,123.074153
1780456760,111.211564
1780456760,108.323827
1780456760,123.206912
1780456760,112.949315
1780456760,123.042938
1780456760,122.814654
1780456760,109.377943
1780456760,124.740912
1780456760,115.424952
1780456760,105.776347
1780456760,124.920415
1780456760,109.750922
1780456760,125.070037
1780456760,110.465134
1780456760,113.178175
1780456760,124.451031
1780456760,124.455726
1780456760,106.715039
1780456760,106.441874
1780456760,106.894152
1780456760,111.194262
1780456760,110.330137
1780456760,111.299587
1780456760,123.900087
1780456760,105.390949
1780456760,105.898712
1780456760,107.488741
1780456760,105.527863
1780456760,106.488171
1780456760,107.107856
1780456760,107.180357
1780456760,106.975376
1780456760,110.174548
1780456760,109.790412
1780456760,109.103485
1780456760,109.716745
1780456760,108.058160
1780456760,107.961363
1780456760,130.985806
1780456760,107.428915
1780456760,109.876890
1780456760,106.448338
1780456760,107.090920
1780456760,129.043345
1780456760,130.331189
1780456760,108.151372
1780456760,103.502772
1780456760,103.576675
1780456760,103.465951
1780456760,126.578983
1780456760,112.947198
1780456760,127.998352
1780456760,114.101257
1780456760,124.729388
1780456760,117.071182
1780456760,125.738781
1780456760,125.878285
1780456760,117.948812
1780456760,118.664408
1780456760,127.062756
1780456760,127.358483
1780456760,120.060154
1780456760,120.536082
1780456760,135.980379
1780456760,125.154822
1780456760,131.262907
1780456760,124.481478
1780456760,127.835039
1780456760,135.243314
1780456760,140.803675
1780456760,131.406526
1780456760,116.898348
1780456760,127.935096
1780456760,128.987494
1780456760,129.010419
1780456760,129.628373
1780456760,133.904507
1780456760,127.183845
1780456760,133.709341
1780456760,133.389040
1780456760,128.857558
1780456760,129.867882
1780456760,136.513703
1780456760,133.191447
1780456760,133.660234
1780456760,138.191747
1780456760,143.727399
1780456760,138.588400
1780456760,138.976644
1780456760,145.827695
1780456760,141.873764
1780456760,145.278305
1780456760,150.403851
1780456760,147.246460
1780456760,151.044163
1780456760,148.183540
1780456760,149.937101
1780456760,152.253869
1780456760,152.116886
1780456760,148.676979
1780456760,149.214011
1780456760,155.520442
1780456760,148.691351
1780456760,149.721544
1780456760,158.245030
1780456760,158.974481
1780456760,164.288489
1780456760,157.720836
1780456760,168.461850
1780456760,177.967252
1780456760,179.164818
1780456760,180.725399
1780456760,182.580145
1780456760,177.619778
1780456760,188.482056
1780456760,162.482473
1780456760,145.968685
1780456760,160.980541
1780456760,159.836168
1780456760,168.081367
1780456760,168.331922
1780456760,168.668193
1780456760,169.451059
1780456760,169.724599
1780456760,179.377213
1780456760,181.637917
1780456760,189.308177
1780456760,156.484789
1780456760,180.582176
1780456760,181.001495
1780456760,164.304965
1780456760,164.537486
1780456760,165.532317
1780456760,168.437786
1780456760,165.555181
1780456760,168.669063
1780456760,168.820456
1780456760,168.956097
1780456760,164.135062
1780456760,169.170795
1780456760,164.492898
1780456760,169.378830
1780456760,168.949289
1780456760,169.542086
1780456760,168.644548
1780456760,165.303760
1780456760,168.581544
1780456760,169.210832
1780456760,168.884433
1780456760,166.406676
1780456760,169.198996
1780456760,166.738053
1780456760,170.081708
1780456760,167.364426
1780456760,171.408606
1780456760,166.540604
1780456760,172.256379
1780456760,172.928916
1780456760,173.327255
1780456760,174.020990
1780456760,163.930184
1780456760,175.428112
1780456760,176.658767
1780456760,177.758283
1780456760,178.879774
1780456760,179.419335
1780456760,169.733416
1780456760,179.840818
1780456760,182.246341
1780456760,176.051978
1780456760,172.260701
1780456760,174.283102
1780456760,178.420493
1780456760,176.666303
1780456760,175.906944
1780456760,179.092060
1780456760,177.595218
1780456760,183.047887
1780456760,177.842170
1780456760,179.300393
1780456760,181.166818
1780456760,178.859365
1780456760,180.563152
1780456760,185.949082
1780456760,182.052566
1780456760,186.126334
1780456760,182.339005
1780456760,186.597114
1780456760,187.198326
1780456760,191.511336
1780456760,192.736575
1780456760,193.094594
1780456760,180.821655
1780456760,187.711050
1780456760,187.697204
1780456760,182.470460
1780456760,181.062726
1780456760,187.840481
1780456760,182.278755
1780456760,187.980561
1780456760,182.701315
1780456760,186.995435
1780456760,195.119435
1780456760,183.239072
1780456760,195.697011
1780456760,187.243914
1780456760,195.706200
1780456760,188.299471
1780456760,195.636304
1780456760,181.945252
1780456760,199.224380
1780456760,183.192630
1780456760,198.315106
1780456760,182.337287
1780456760,198.411223
1780456760,187.393441
1780456760,198.457986
1780456760,186.225291
1780456760,199.457429
1780456760,189.625209
1780456760,196.763424
1780456760,184.951683
1780456760,200.017009
1780456760,184.547549
1780456760,200.120313
1780456760,188.647337
1780456760,190.176879
1780456760,182.769327
1780456760,181.540808
1780456760,190.500793
1780456760,185.808380
1780456760,185.669318
1780456760,177.511536
1780456760,180.744623
1780456760,190.169474
1780456760,190.748801
1780456760,183.307810
1780456760,190.389351
1780456760,180.623258
1780456760,191.859658
1780456760,183.906258
1780456760,194.444069
1780456760,180.884381
1780456760,190.897929
1780456760,178.154971
1780456760,189.291605
1780456760,179.582421
1780456760,191.189028
1780456760,181.340897
1780456760,189.392978
1780456760,182.540132
1780456760,191.126426
1780456760,183.646659
1780456760,191.036832
1780456760,181.330963
1780456760,189.491840
1780456760,182.632227
1780456760,196.111941
1780456760,180.004254
1780456760,191.617013
1780456760,181.552114
1780456760,192.702685
1780456760,178.790246
1780456760,189.245177
1780456760,180.864328
1780456760,192.439039
1780456760,182.562882
1780456760,193.624792
1780456760,182.983696
1780456760,169.610807
1780456760,183.272964
1780456760,174.288795
1780456760,183.420854
1780456760,174.792478
1780456760,172.353637
1780456760,184.243026
1780456760,172.380488
1780456760,183.885365
1780456760,175.849647
1780456760,186.167334
1780456760,175.710842
1780456760,186.463211
1780456760,175.853241
1780456760,190.939780
1780456760,173.562640
1780456760,237.063972
1780456760,173.820054
1780456760,174.210188
1780456760,176.956482
1780456760,177.539636
1780456760,177.819561
1780456760,177.640587
1780456760,205.053027
1780456760,178.101322
1780456760,178.353036
1780456760,178.692168
1780456760,205.923281
1780456760,207.525972
1780456760,178.738205
1780456760,179.424397
1780456760,209.177433
1780456760,179.563292
1780456760,179.992613
1780456760,177.766273
1780456760,180.308648
1780456760,181.174939
1780456760,181.934991
1780456760,182.120312
1780456760,182.084142
1780456760,182.308283
1780456760,215.387978
1780456760,181.028472
1780456760,182.677304
1780456760,183.407383
1780456760,183.820727
1780456760,184.111189
1780456760,216.962479
1780456760,184.432996
1780456760,184.503732
1780456760,184.825085
1780456760,185.270479
1780456760,194.052098
1780456760,191.794168
1780456760,189.895063
1780456760,190.585551
1780456760,192.497514
1780456760,192.828768
1780456760,191.300290
1780456760,195.989482
1780456760,221.400029
1780456760,220.591009
1780456760,193.566159
1780456760,193.658820
1780456760,194.098504
1780456760,193.573856
1780456760,194.734314
1780456760,196.499028
1780456760,194.605000
1780456760,195.612474
1780456760,195.705363
1780456760,196.087302
1780456760,198.967013
1780456760,196.692486
1780456760,197.632591
1780456760,201.162233
1780456760,201.394824
1780456760,198.633050
1780456760,217.421031
1780456760,213.765884
1780456760,224.194439
1780456760,216.888562
1780456760,203.654393
1780456760,207.115327
1780456760,207.979487
1780456760,212.421718
1780456760,210.960181
1780456760,193.670365
1780456760,193.757880
1780456760,193.788690
1780456760,194.154499
1780456760,194.413973
1780456760,198.972268
1780456760,198.939280
1780456760,199.046074
1780456760,194.953912
1780456760,194.694595
1780456760,195.014539
1780456760,195.144385
1780456760,195.072377
1780456760,195.275756
1780456760,199.516216
1780456760,199.516344
1780456760,199.569474
1780456760,200.117526
1780456760,199.747648
1780456760,200.175763
1780456760,200.307472
1780456760,199.955500
1780456760,200.217339
1780456760,199.752622
1780456760,198.444211
1780456760,200.301777
1780456760,189.552831
1780456760,199.891915
1780456760,198.685867
1780456760,200.479248
1780456760,200.548625
1780456760,200.735416
1780456760,200.986447
1780456760,201.007133
1780456760,201.122955
1780456760,201.286930
1780456760,226.387715
1780456760,201.189998
1780456760,228.248808
1780456760,200.730435
1780456760,202.526685
1780456760,201.415964
1780456760,202.301136
1780456760,201.284043
1780456760,201.371056
1780456760,201.468295
1780456760,194.408775
1780456760,202.669762
1780456760,202.648440
1780456760,201.769766
1780456760,201.866357
1780456760,201.610317
1780456760,203.118889
1780456760,202.977935
1780456760,203.512238
1780456760,229.442509
1780456760,203.161645
1780456760,199.302045
1780456760,201.725996
1780456760,202.319536
1780456760,203.513278
1780456760,203.971121
1780456760,204.316146
1780456760,204.060346
1780456760,204.678012
1780456760,231.150609
1780456760,203.182684
1780456760,231.620133
1780456760,204.919451
1780456760,203.527407
1780456760,205.576651
1780456760,206.182726
1780456760,231.648358
1780456760,205.161278
1780456760,233.181767
1780456760,206.905928
1780456760,232.390878
1780456760,209.550668
1780456760,234.224977
1780456760,234.049148
1780456760,233.196211
1780456760,205.614742
1780456760,207.727897
1780456760,233.906280
1780456760,235.012334
1780456760,210.615150
1780456760,234.343658
1780456760,234.747795
1780456760,207.885980
1780456760,235.432176
1780456760,197.172139
1780456760,189.064784
1780456760,197.771862
1780456760,190.684996
1780456760,190.960422
1780456760,190.902847
1780456760,191.257321
1780456760,191.514842
1780456760,191.961464
1780456760,192.001418
1780456760,224.050422
1780456760,192.561577
1780456760,194.878651
1780456760,200.806014
1780456760,193.014590
1780456760,203.471075
1780456760,196.502464
1780456760,197.863607
1780456760,194.215072
1780456760,194.256276
1780456760,194.518359
1780456760,195.113049
1780456760,197.851357
1780456760,202.805156
1780456760,201.804383
1780456760,240.189576
1780456760,226.729567
1780456760,204.276738
1780456760,202.528323
1780456760,207.296757
1780456760,196.799249
1780456760,204.661451
1780456760,205.093909
1780456760,205.410702
1780456760,205.099478
1780456760,205.411332
1780456760,205.580223
1780456760,207.235622
1780456760,205.913418
1780456760,207.651981
1780456760,205.971256
1780456760,206.369121
1780456760,207.947918
1780456760,204.823120
1780456760,208.138700
1780456760,208.318665
1780456760,209.323144
1780456760,208.693438
1780456760,210.846084
1780456760,202.355104
1780456760,209.975545
1780456760,205.917809
1780456760,210.190420
1780456760,205.329625
1780456760,212.832100
1780456760,207.839390
1780456760,209.863924
1780456760,207.879049
1780456760,218.162310
1780456760,206.264364
1780456760,208.810229
1780456760,208.497115
1780456760,209.354361
1780456760,204.265129
1780456760,212.218864
1780456760,210.983795
1780456760,209.781929
1780456760,213.241551
1780456760,208.172597
1780456760,211.258533
1780456760,209.811062
1780456760,193.426926
1780456760,210.453817
1780456760,214.097382
1780456760,210.653914
1780456760,210.134862
1780456760,211.054672
1780456760,213.283077
1780456760,211.341605
1780456760,211.094754
1780456760,212.757873
1780456760,214.142605
1780456760,209.795953
1780456760,215.220717
1780456760,214.418118
1780456760,214.697983
1780456760,220.422340
1780456760,212.136511
1780456760,215.122194
1780456760,212.402359
1780456760,215.113517
1780456760,198.776071
1780456760,198.279933
1780456760,198.619886
1780456760,198.807048
1780456760,202.754177
1780456760,201.752044
1780456760,203.575964
1780456760,203.350199
1780456760,200.911299
1780456760,217.490647
1780456760,204.743776
1780456760,218.463319
1780456760,204.917473
1780456760,218.762475
1780456760,188.879235
1780456760,218.847360
1780456760,205.550246
1780456760,219.292103
1780456760,224.403746
1780456760,190.353425
1780456760,224.765495
1780456760,190.703617
1780456760,190.076104
1780456760,190.691996
1780456760,200.413088
1780456760,191.148671
1780456760,203.872935
1780456760,192.861476
1780456760,204.065400
1780456760,191.685419
1780456760,207.809910
1780456760,204.905664
1780456760,200.572752
1780456760,204.041158
1780456760,205.415789
1780456760,205.170694
1780456760,205.553301
1780456760,207.096054
1780456760,208.674439
1780456760,209.270960
1780456760,205.128929
1780456760,207.569656
1780456760,207.652763
1780456760,207.869808
1780456760,209.793993
1780456760,205.864524
1780456760,208.342600
1780456760,206.961721
1780456760,206.937375
1780456760,210.408304
1780456760,208.881554
1780456760,209.003956
1780456760,210.238927
1780456760,197.012540
1780456760,211.937068
1780456760,212.317864
1780456760,209.296994
1780456760,201.819502
1780456760,209.168825
1780456760,212.773427
1780456760,209.310743
1780456760,201.918585
1780456760,212.441916
1780456760,202.476755
1780456760,212.990743
1780456760,200.953847
1780456760,212.675000
1780456760,212.666214
1780456760,209.368842
1780456760,202.624787
1780456760,212.691371
1780456760,203.519890
1780456760,212.561595
1780456760,214.245563
1780456760,212.681549
1780456760,213.107296
1780456760,214.337127
1780456760,203.352927
1780456760,214.440254
1780456760,214.401753
1780456760,212.638441
1780456760,213.320367
1780456760,190.457630
1780456760,203.440177
1780456760,208.295751
1780456760,212.746915
1780456760,212.929366
1780456760,204.496481
1780456760,213.358236
1780456760,198.789800
1780456760,214.889208
1780456760,215.017603
1780456760,215.171017
1780456760,213.356023
1780456760,204.962077
1780456760,215.189986
1780456760,205.550780
1780456760,215.313772
1780456760,214.987115
1780456760,208.013228
1780456760,215.128624
1780456760,200.378060
1780456760,213.576371
1780456760,213.359675
1780456760,215.303255
1780456760,206.727998
1780456760,215.834024
1780456760,213.733877
1780456760,215.813051
1780456760,205.640202
1780456760,215.797880
1780456760,200.390897
1780456760,215.959710
1780456760,204.789463
1780456760,215.695242
1780456760,215.532584
1780456760,215.619774
1780456760,200.538367
1780456760,213.954223
1780456760,213.714787
1780456760,214.050816
1780456760,213.794522
1780456760,200.683480
1780456760,205.816517
1780456760,200.585874
1780456760,215.619523
1780456760,208.444280
1780456760,201.524586
1780456760,207.279986
1780456760,200.860349
1780456760,200.857522
1780456760,215.995077
1780456760,203.478294
1780456760,207.261939
1780456760,204.855307
1780456760,216.137248
1780456760,205.442458
1780456760,207.367250
1780456760,204.200192
1780456760,197.884255
1780456760,203.842550
1780456760,208.672751
1780456760,208.773827
1780456760,206.214490
1780456760,206.342259
1780456760,206.181530
1780456760,208.898634
1780456760,204.654687
1780456760,214.368611
1780456760,206.236170
1780456760,207.637596
1780456760,206.402980
1780456760,185.291171
1780456760,185.374871
1780456760,206.640417
1780456760,207.776997
1780456760,187.625326
1780456760,187.617510
1780456760,197.269570
1780456760,211.079198
1780456760,185.407555
1780456760,212.571369
1780456760,190.670175
1780456760,213.856461
1780456760,187.885436
1780456760,214.184070
1780456760,194.742176
1780456760,209.295511
1780456760,197.310105
1780456760,207.010687
1780456760,197.235024
1780456760,205.869200
1780456760,197.313809
1780456760,197.308780
1780456760,188.017487
1780456760,206.803244
1780456760,190.822166
1780456760,206.744452
1780456760,197.597673
1780456760,207.060922
1780456760,188.150909
1780456760,211.542934
1780456760,223.450220
1780456760,191.014746
1780456760,227.777466
1780456760,187.447382
1780456760,187.252667
1780456760,196.158433
1780456760,191.410848
1780456760,191.446946
1780456760,188.389854
1780456760,228.723701
1780456760,197.629837
1780456760,227.860780
1780456760,193.980987
1780456760,228.799639
1780456760,228.276269
1780456760,199.864887
1780456760,228.165652
1780456760,193.928786
1780456760,234.119352
1780456760,199.954934
1780456760,215.561238
1780456760,212.164494
1780456760,200.905692
1780456760,112.196319
1780456760,195.413381
1780456760,195.564333
1780456760,195.564948
1780456760,112.451442
1780456760,107.809376
1780456760,200.907920
1780456760,109.889151
1780456760,195.694899
1780456760,107.687082
1780456760,201.192039
1780456760,110.036033
1780456760,193.169710
1780456760,145.558604
1780456760,194.398422
1780456760,109.818318
1780456760,196.995097
1780456760,192.158915
1780456760,112.670588
1780456760,198.797060
1780456760,113.503776
1780456760,190.694413
1780456760,154.130667
1780456760,112.969525
1780456760,194.638413
1780456760,158.098062
1780456760,194.713403
1780456760,199.638319
1780456760,113.755851
1780456760,199.758247
1780456760,145.669319
1780456760,196.097057
1780456760,158.248681
1780456760,216.271163
1780456760,112.801400
1780456760,218.014026
1780456760,114.017257
1780456760,194.782824
1780456760,158.469900
1780456760,158.453905
1780456760,200.185029
1780456760,113.608411
1780456760,196.260731
1780456760,158.605083
1780456760,113.927362
1780456760,197.604289
1780456760,114.454364
1780456760,192.649535
1780456760,142.005491
1780456760,158.505464
1780456760,158.869702
1780456760,186.775798
1780456760,158.843575
1780456760,195.126833
1780456760,158.564746
1780456760,198.847707
1780456760,159.032560
1780456760,198.776638
1780456760,114.810263
1780456760,202.093243
1780456760,114.902938
1780456760,202.331077
1780456760,115.039890
1780456760,202.215150
1780456760,112.397396
1780456760,199.318048
1780456760,112.316280
1780456760,114.493169
1780456760,196.936919
1780456760,114.670008
1780456760,199.275601
1780456760,111.851034
1780456760,203.967074
1780456760,114.799581
1780456760,199.966094
1780456760,112.113455
1780456760,205.012498
1780456760,114.921360
1780456760,205.432348
1780456760,114.801574
1780456760,199.720661
1780456760,115.067063
1780456760,111.911514
1780456760,121.833403
1780456760,204.120336
1780456760,115.314692
1780456760,204.056972
1780456760,155.633710
1780456760,113.332787
1780456760,200.019483
1780456760,155.062708
1780456760,204.304658
1780456760,159.851591
1780456760,200.243923
1780456760,120.573967
1780456760,204.351620
1780456760,121.779878
1780456760,199.711542
1780456760,115.415100
1780456760,204.545547
1780456760,122.061634
1780456760,200.524938
1780456760,115.970059
1780456760,204.691535
1780456760,115.793828
1780456760,201.219544
1780456760,122.730339
1780456760,201.359317
1780456760,125.064670
1780456760,198.988454
1780456760,116.147372
1780456760,200.702676
1780456760,199.021754
1780456760,116.148101
1780456760,200.871101
1780456760,199.666482
1780456760,201.760758
1780456760,205.008231
1780456760,165.906869
1780456760,116.415713
1780456760,206.063599
1780456760,206.986559
1780456760,116.483822
1780456760,205.205988
1780456760,166.112903
1780456760,208.291151
1780456760,116.374202
1780456760,208.329990
1780456760,166.240699
1780456760,209.972632
1780456760,116.737705
1780456760,181.391013
1780456760,123.093252
1780456760,217.755648
1780456760,183.574912
1780456760,220.502385
1780456760,183.852337
1780456760,215.074905
1780456760,185.452105
1780456760,186.351736
1780456760,184.946349
1780456760,186.505531
1780456760,188.537155
1780456760,187.502471
1780456760,110.339813
1780456760,186.587225
1780456760,117.184311
1780456760,186.512567
1780456760,202.428409
1780456760,186.718740
1780456760,202.546428
1780456760,189.632088
1780456760,193.435326
1780456760,185.482085
1780456760,194.088160
1780456760,188.855512
1780456760,194.813600
1780456760,189.028319
1780456760,189.653671
1780456760,191.149393
1780456760,189.629588
1780456760,186.970133
1780456760,189.756606
1780456760,191.434549
1780456760,204.248095
1780456760,196.334604
1780456760,189.917849
1780456760,187.035031
1780456760,195.169193
1780456760,148.396872
1780456760,189.931150
1780456760,188.021225
1780456760,202.003823
1780456760,187.955812
1780456760,202.010513
1780456760,197.878373
1780456760,195.281200
1780456760,197.764816
1780456760,189.293147
1780456760,190.029156
1780456760,199.062551
1780456760,197.753516
1780456760,187.206615
1780456760,204.815710
1780456760,190.322626
1780456760,187.451954
1780456760,199.256161
1780456760,200.581588
1780456760,188.290136
1780456760,203.310280
1780456760,189.226608
1780456760,201.116591
1780456760,199.313243
1780456760,200.573094
1780456760,189.507527
1780456760,190.076576
1780456760,198.216252
1780456760,189.594024
1780456760,199.512838
1780456760,190.539509
1780456760,190.395230
1780456760,205.168017
1780456760,195.728308
1780456760,187.699872
1780456760,189.801188
1780456760,188.547485
1780456760,188.590845
1780456760,201.340483
1780456760,189.910350
1780456760,201.874116
1780456760,202.363712
1780456760,196.016490
1780456760,191.850194
1780456760,190.448209
1780456760,167.905884
1780456760,202.002006
1780456760,173.655810
1780456760,190.539669
1780456760,202.654246
1780456760,174.360723
1780456760,202.411506
1780456760,169.424929
1780456760,169.947230
1780456760,190.771852
1780456760,170.414972
1780456760,202.606995
1780456760,170.517127
1780456760,192.392506
1780456760,174.719146
1780456760,202.744033
1780456760,192.144219
1780456760,170.953098
1780456760,171.321364
1780456760,203.126513
1780456760,172.208415
1780456760,192.726067
1780456760,202.923926
1780456760,153.379762
1780456760,171.724600
1780456760,184.287954
1780456760,193.580510
1780456760,172.369503
1780456760,172.528615
1780456760,203.096972
1780456760,172.508313
1780456760,196.624855
1780456760,172.530291
1780456760,195.380021
1780456760,172.685297
1780456760,172.826448
1780456760,202.860485
1780456760,174.140828
1780456760,196.582244
1780456760,186.276212
1780456760,202.818451
1780456760,174.272420
1780456760,196.816539
1780456760,174.696256
1780456760,199.309564
1780456760,174.954392
1780456760,185.352428
1780456760,175.741582
1780456760,196.880823
1780456760,175.613276
1780456760,188.705005
1780456760,186.955278
1780456760,188.033670
1780456760,186.760687
1780456760,202.416962
1780456760,176.329554
1780456760,199.574464
1780456760,176.264212
1780456760,202.537419
1780456760,176.493412
1780456760,189.082400
1780456760,187.201015
1780456760,177.808984
1780456760,191.289487
1780456760,179.158869
1780456760,195.798968
1780456760,182.865426
1780456760,203.824980
1780456760,181.465731
1780456760,188.270949
1780456760,182.829274
1780456760,197.381522
1780456760,203.965672
1780456760,179.453896
1780456760,184.207533
1780456760,190.160845
1780456760,159.945441
1780456760,150.721093
1780456760,183.602528
1780456760,201.234024
1780456760,160.421156
1780456760,204.879686
1780456760,160.738756
1780456760,205.496829
1780456760,160.255932
1780456760,197.476451
1780456760,197.372219
1780456760,161.937462
1780456760,182.598745
1780456760,184.007599
1780456760,181.295164
1780456760,181.663833
1780456760,163.149618
1780456760,151.620978
1780456760,163.613101
1780456760,163.701169
1780456760,182.003968
1780456760,162.881422
1780456760,153.912303
1780456760,152.088641
1780456760,181.766029
1780456760,152.471330
1780456760,154.374092
1780456760,152.914253
1780456760,154.161775
1780456760,153.831884
1780456760,183.917531
1780456760,165.993773
1780456760,156.905176
1780456760,183.416678
1780456760,157.181499
1780456760,157.476086
1780456760,156.980996
1780456760,157.241944
1780456760,153.813419
1780456760,155.714779
1780456760,155.155388
1780456760,155.408829
1780456760,156.523184
1780456760,155.715598
1780456760,156.747775
1780456760,157.426318
1780456760,157.491699
1780456760,157.593948
1780456760,157.778176
1780456760,158.077821
1780456760,157.864205
1780456760,183.669892
1780456760,184.371414
1780456760,184.673816
1780456760,158.095891
1780456760,160.856995
1780456760,160.960565
1780456760,161.932367
1780456760,162.765326
1780456760,186.413017
1780456760,173.215826
1780456760,163.267354
1780456760,168.384871
1780456760,160.893768
1780456760,136.784316
1780456760,143.818965
1780456760,169.149880
1780456760,180.910831
1780456760,187.193129
1780456760,143.796236
1780456760,168.852203
1780456760,180.556280
1780456760,169.662437
1780456760,143.563561
1780456760,143.085933
1780456760,175.118267
1780456760,144.337094
1780456760,144.809757
1780456760,175.012460
1780456760,181.333462
1780456760,170.197023
1780456760,145.127757
1780456760,169.872838
1780456760,181.498131
1780456760,169.632407
1780456760,175.436590
1780456760,170.688143
1780456760,137.256902
1780456760,145.716550
1780456760,170.405459
1780456760,181.789694
1780456760,170.915154
1780456760,146.224789
1780456760,146.264891
1780456760,171.262365
1780456760,146.017545
1780456760,171.392824
1780456760,181.868017
1780456760,171.346322
1780456760,146.905096
1780456760,188.096509
1780456760,146.749030
1780456760,171.448346
1780456760,148.504397
1780456760,147.299869
1780456760,171.581990
1780456760,147.567215
1780456760,171.685922
1780456760,147.095640
1780456760,188.727486
1780456760,148.046676
1780456760,171.754302
1780456760,147.823218
1780456760,171.845614
1780456760,148.777963
1780456760,175.837979
1780456760,149.147532
1780456760,165.810326
1780456760,148.461821
1780456760,147.506689
1780456760,149.672275
1780456760,166.336610
1780456760,162.301362
1780456760,165.049467
1780456760,162.491663
1780456760,166.192387
1780456760,147.141547
1780456760,186.983890
1780456760,150.024128
1780456760,166.507601
1780456760,150.311263
1780456760,166.815000
1780456760,150.027926
1780456760,168.499950
1780456760,183.778947
1780456760,184.054532
1780456760,174.038534
1780456760,150.055200
1780456760,168.941380
1780456760,150.344160
1780456760,169.324669
1780456760,150.343352
1780456760,174.303370
1780456760,183.720542
1780456760,174.531125
1780456760,183.569782
1780456760,188.215874
1780456760,150.557620
1780456760,169.217056
1780456760,169.874011
1780456760,153.653916
1780456760,175.666052
1780456760,158.389878
1780456760,179.719759
1780456760,170.317386
1780456760,181.234762
1780456760,138.244543
1780456760,157.415159
1780456760,153.552642
1780456760,182.021421
1780456760,138.937829
1780456760,143.246337
1780456760,181.908186
1780456760,143.813130
1780456760,138.484347
1780456760,182.504865
1780456760,135.959395
1780456760,143.302151
1780456760,136.307788
1780456760,144.022853
1780456760,145.521632
1780456760,136.930796
1780456760,132.214289
1780456760,137.321949
1780456760,145.202164
1780456760,136.746778
1780456760,138.995609
1780456760,159.589310
1780456760,158.925958
1780456760,143.188295
1780456760,158.775207
1780456760,144.707026
1780456760,142.989294
1780456760,139.201564
1780456760,157.749446
1780456760,159.575902
1780456760,139.119743
1780456760,143.992190
1780456760,139.296947
1780456760,145.397273
1780456760,147.135977
1780456760,144.623026
1780456760,124.061395
1780456760,133.830597
1780456760,172.436625
1780456760,175.151457
1780456760,124.205937
1780456760,146.609501
1780456760,129.201622
1780456760,147.398874
1780456760,129.222380
1780456760,158.957574
1780456760,133.007645
1780456760,129.608752
1780456760,179.028444
1780456760,134.886428
1780456760,135.897811
1780456760,129.008525
1780456760,176.448015
1780456760,135.129746
1780456760,177.070627
1780456760,131.142160
1780456760,180.160261
1780456760,130.398517
1780456760,181.420945
1780456760,131.265243
1780456760,136.948707
1780456760,131.618533
1780456760,134.452615
1780456760,176.003390
1780456760,137.411847
1780456760,130.019872
1780456760,139.397007
1780456760,135.099522
1780456760,132.134929
1780456760,134.883574
1780456760,175.575405
1780456760,138.964404
1780456760,132.177915
1780456760,150.165277
1780456760,132.545778
1780456760,138.473041
1780456760,131.240990
1780456760,136.356617
1780456760,175.572208
1780456760,180.387058
1780456760,178.463624
1780456760,139.811213
1780456760,155.401746
1780456760,147.041420
1780456760,140.148526
1780456760,139.963339
1780456760,139.507995
1780456760,176.928486
1780456760,177.866780
1780456760,147.349070
1780456760,138.974244
1780456760,135.513261
1780456760,139.995623
1780456760,133.207657
1780456760,181.065800
1780456760,133.668751
1780456760,210.078127
1780456760,136.238318
1780456760,226.152271
1780456760,215.539919
1780456760,151.573181
1780456760,139.298830
1780456760,134.766528
1780456760,117.980205
1780456760,134.459417
1780456760,116.666922
1780456760,134.824856
1780456760,117.173674
1780456760,145.956150
1780456760,117.106532
1780456760,113.028562
1780456760,113.637731
1780456760,118.356667
1780456760,139.371979
1780456760,118.484023
1780456760,114.199201
1780456760,145.427463
1780456760,139.877472
1780456760,113.987329
1780456760,119.801795
1780456760,115.061699
1780456760,152.428080
1780456760,115.764477
1780456760,155.991187
1780456760,113.867938
1780456760,119.664826
1780456760,116.160500
1780456760,120.080712
1780456760,116.455525
1780456760,120.637851
1780456760,123.452314
1780456760,141.214260
1780456760,123.782737
1780456760,137.634123
1780456760,112.544571
1780456760,112.940087
1780456760,117.195553
1780456760,113.268817
1780456760,117.859758
1780456760,137.053257
1780456760,112.259687
1780456760,118.129634
1780456760,117.033420
1780456760,118.184543
1780456760,117.067472
1780456760,141.206401
1780456760,115.928964
1780456760,141.687751
1780456760,118.565235
1780456760,137.372683
1780456760,114.902688
1780456760,116.674796
1780456760,117.814408
1780456760,132.041297
1780456760,137.180392
1780456760,137.064477
1780456760,105.199088
1780456760,136.125192
1780456760,106.282878
1780456760,106.428258
1780456760,106.621926
1780456760,135.361867
1780456760,106.778335
1780456760,106.671064
1780456760,132.897118
1780456760,106.153544
1780456760,106.348247
1780456760,107.502690
1780456760,107.603179
1780456760,107.336488
1780456760,107.313464
1780456760,106.549397
1780456760,107.639959
1780456760,107.491019
1780456760,107.601654
1780456760,107.708715
1780456760,104.232140
1780456760,107.597578
1780456760,106.611305
1780456760,108.049399
1780456760,108.071900
1780456760,104.659004
1780456760,104.196000
1780456760,108.052400
1780456760,129.117054
1780456760,108.106529
1780456760,108.622279
1780456760,105.304751
1780456760,108.624820
1780456760,136.061917
1780456760,109.259494
1780456760,108.199402
1780456760,108.616026
1780456760,108.483875
1780456760,104.405001
1780456760,108.454697
1780456760,105.200798
1780456760,103.894731
1780456760,104.816905
1780456760,118.797746
1780456760,103.636609
1780456760,104.647637
1780456760,109.408931
1780456760,109.776696
1780456760,103.737077
1780456760,106.347734
1780456760,105.408105
1780456760,109.991630
1780456760,132.341263
1780456760,110.425171
1780456760,132.867135
1780456760,132.764462
1780456760,105.103620
1780456760,106.812803
1780456760,104.767206
1780456760,117.430287
1780456760,113.783959
1780456760,108.634736
1780456760,107.131269
1780456760,111.454773
1780456760,108.639949
1780456760,107.011169
1780456760,106.936735
1780456760,110.816402
1780456760,108.972412
1780456760,114.575917
1780456760,107.457438
1780456760,112.790555
1780456760,107.656062
1780456760,111.773115
1780456760,106.773051
1780456760,108.253951
1780456760,108.293711
1780456760,117.191961
1780456760,108.750198
1780456760,117.131116
1780456760,110.445926
1780456760,111.092883
1780456760,111.081854
1780456760,112.528864
1780456760,109.184966
1780456760,112.058843
1780456760,110.813883
1780456760,108.972076
1780456760,108.160586
1780456760,109.433486
1780456760,109.743851
1780456760,112.602148
1780456760,117.318986
1780456760,104.241765
1780456760,106.124722
1780456760,103.201750
1780456760,103.354497
1780456760,152.393568
1780456760,103.644919
1780456760,103.069032
1780456760,103.844924
1780456760,104.202878
1780456760,111.189022
1780456760,103.863787
1780456760,104.100282
1780456760,154.473710
1780456760,103.675802
1780456760,103.645364
1780456760,103.813207
1780456760,104.798610
1780456760,104.040024
1780456760,106.911810
1780456760,155.115561
1780456760,103.826226
1780456760,155.213035
1780456760,103.573164
1780456760,105.865955
1780456760,105.103770
1780456760,155.302645
1780456760,104.532630
1780456760,159.393033
1780456760,155.391839
1780456760,108.740914
1780456760,154.608709
1780456760,157.503734
1780456760,155.350717
1780456760,104.146141
1780456760,107.074963
1780456760,103.625792
1780456760,156.496179
1780456760,106.417166
1780456760,155.149760
1780456760,155.963246
1780456760,155.611821
1780456760,105.230274
1780456760,102.726007
1780456760,103.410235
1780456760,156.357051
1780456760,107.332585
1780456760,106.066886
1780456760,156.783725
1780456760,104.716871
1780456760,155.763753
1780456760,154.541496
1780456760,105.551923
1780456760,155.612474
1780456760,106.617811
1780456760,106.961556
1780456760,155.417543
1780456760,103.585988
1780456760,103.449556
1780456760,103.433590
1780456760,104.416888
1780456760,105.808879
1780456760,104.947497
1780456760,104.141890
1780456760,106.422598
1780456760,105.074372
1780456760,105.965806
1780456760,103.750998
1780456760,102.526586
1780456760,102.669374
1780456760,106.677142
1780456760,105.391375
1780456760,148.416365
1780456760,103.243831
1780456760,148.719682
1780456760,105.156047
1780456760,105.488171
1780456760,105.140993
1780456760,104.355594
1780456760,104.022964
1780456760,104.990213
1780456760,104.411323
1780456760,104.288375
1780456760,104.306570
1780456760,104.008402
1780456760,104.281854
1780456760,160.054949
1780456760,104.425722
1780456760,104.861200
1780456760,104.472369
1780456760,105.303640
1780456760,159.597127
1780456760,105.463812
1780456760,105.542757
1780456760,160.463609
1780456760,106.257494
1780456760,157.233554
1780456760,107.194865
1780456760,109.527207
1780456760,109.177085
1780456760,109.662261
1780456760,160.860788
1780456760,107.595723
1780456760,109.158242
1780456760,103.538560
1780456760,103.412400
1780456760,161.439984
1780456760,110.952104
1780456760,109.324974
1780456760,109.527059
1780456760,109.485382
1780456760,109.434074
1780456760,158.865653
1780456760,106.880992
1780456760,109.304289
1780456760,106.173436
1780456760,167.036168
1780456760,108.176738
1780456760,134.610386
1780456760,106.219268
1780456760,107.770204
1780456760,106.913014
1780456760,113.491980
1780456760,113.271001
1780456760,106.827003
1780456760,115.669241
1780456760,134.721716
1780456760,116.032034
1780456760,171.724191
1780456760,107.558614
1780456760,116.040359
1780456760,108.215205
1780456760,115.945775
1780456760,109.982386
1780456760,172.025002
1780456760,112.034312
1780456760,116.659041
1780456760,127.977887
1780456760,105.347322
1780456760,169.671520
1780456760,104.461346
1780456760,115.500997
1780456760,115.805250
1780456760,108.947379
1780456760,113.539452
1780456760,111.027860
1780456760,131.389506
1780456760,140.073695
1780456760,172.426481
1780456760,111.759505
1780456760,111.917612
1780456760,109.806333
1780456760,131.788627
1780456760,113.150640
1780456760,116.109382
1780456760,113.872797
1780456760,111.314569
1780456760,115.666874
1780456760,135.892629
1780456760,110.313284
1780456760,174.315013
1780456760,120.826983
1780456760,111.872167
1780456760,111.540982
1780456760,111.231327
1780456760,110.858590
1780456760,112.190366
1780456760,112.847965
1780456760,122.604137
1780456760,111.173921
1780456760,111.923201
1780456760,112.637455
1780456760,104.300609
1780456760,103.986978
1780456760,139.023448
1780456760,106.325379
1780456760,106.705022
1780456760,105.650842
1780456760,106.015655
1780456760,104.202596
1780456760,105.350517
1780456760,107.266632
1780456760,111.250448
1780456760,110.538763
1780456760,111.251007
1780456760,121.443647
1780456760,113.807918
1780456760,107.656147
1780456760,107.418107
1780456760,108.532510
1780456760,108.167275
1780456760,108.031433
1780456760,108.128628
1780456760,107.780008
1780456760,108.059875
1780456760,108.593393
1780456760,107.935602
1780456760,108.361170
1780456760,108.859799
1780456760,108.808024
1780456760,115.324782
1780456760,109.256596
1780456760,111.090397
1780456760,110.384859
1780456760,108.194724
1780456760,110.997358
1780456760,111.671662
1780456760,111.202015
1780456760,110.872979
1780456760,110.858888
1780456760,111.628561
1780456760,111.697442
1780456760,111.607686
1780456760,110.967295
1780456760,111.742964
1780456760,110.570552
1780456760,109.457926
1780456760,134.639006
1780456760,136.899855
1780456760,131.991298
1780456760,133.738005
1780456760,131.977885
1780456760,134.194475
1780456760,124.502410
1780456760,134.572560
1780456760,124.157283
1780456760,125.674394
1780456760,124.645029
1780456760,125.562423
1780456760,124.604538
1780456760,123.287989
1780456760,123.574863
1780456760,125.894142
1780456760,122.429170
1780456760,128.674237
1780456760,122.513529
1780456760,122.586868
1780456760,130.267875
1780456760,122.646158
1780456760,129.421387
1780456760,123.264972
1780456760,113.162182
1780456760,125.104422
1780456760,112.854275
1780456760,125.912325
1780456760,123.805751
1780456760,113.201440
1780456760,108.927484
1780456760,113.567031
1780456760,104.959889
1780456760,113.478812
1780456760,114.797330
1780456760,112.649871
1780456760,113.616870
1780456760,114.341890
1780456760,113.108216
1780456760,114.868843
1780456760,123.937308
1780456760,114.378284
1780456760,114.819707
1780456760,121.224788
1780456760,113.314020
1780456760,109.938030
1780456760,108.980678
1780456760,120.231101
1780456760,108.756420
1780456760,110.095795
1780456760,150.693955
1780456760,150.684752
1780456760,149.853687
1780456760,134.359918
1780456760,126.697466
1780456760,126.032002
1780456760,125.343852
1780456760,134.327299
1780456760,126.356226
1780456760,122.188472
1780456760,125.088317
1780456760,117.937925
1780456760,116.684050
1780456760,121.856474
1780456760,117.258931
1780456760,112.811373
1780456760,113.678112
1780456760,123.766446
1780456760,117.985462
1780456760,112.977733
1780456760,123.622569
1780456760,115.748204
1780456760,114.544504
1780456760,122.559851
1780456760,125.997640
1780456760,125.239062
1780456760,126.132794
1780456760,125.833887
1780456760,126.790178
1780456760,126.167581
1780456760,116.209605
1780456760,125.809979
1780456760,114.125163
1780456760,114.847119
1780456760,126.124731
1780456760,126.758616
1780456760,123.264792
1780456760,122.861880
1780456760,104.564057
1780456760,104.683799
1780456760,106.815527
1780456760,106.989183
1780456760,107.439468
1780456760,107.681584
1780456760,121.733307
1780456760,110.270749
1780456760,111.506176
1780456760,110.204326
1780456760,111.861582
1780456760,110.306189
1780456760,110.405479
1780456760,112.119027
1780456760,111.629255
1780456760,112.153517
1780456760,111.418746
1780456760,110.615408
1780456760,113.368845
1780456760,112.940526
1780456760,113.850193
1780456760,113.939892
1780456760,113.163487
1780456760,111.927925
1780456760,110.971189
1780456760,111.233323
1780456760,111.504778
1780456760,111.716240
1780456760,111.869986
1780456760,112.214677
1780456760,112.439398
1780456760,166.268354
1780456760,156.309595
1780456760,156.231140
1780456760,155.916923
1780456760,155.419051
1780456760,155.958452
1780456760,155.567913
1780456760,151.681136
1780456760,155.011830
1780456760,156.144191
1780456760,155.485201
1780456760,155.588663
1780456760,156.545206
1780456760,154.875573
1780456760,153.226728
1780456760,151.975268
1780456760,147.613383
1780456760,155.718839
1780456760,155.924671
1780456760,151.982407
1780456760,153.347246
1780456760,155.329797
1780456760,155.578426
1780456760,108.022559
1780456760,156.391432
1780456760,155.965230
1780456760,153.479673
1780456760,155.600602
1780456760,155.761675
1780456760,155.889294
1780456760,156.136535
1780456760,155.922705
1780456760,155.740169
1780456760,136.322333
1780456760,156.589749
1780456760,144.497723
1780456760,153.767645
1780456760,156.039571
1780456760,136.382171
1780456760,120.824711
1780456760,136.831142
1780456760,136.966149
1780456760,136.965792
1780456760,138.312211
1780456760,138.436497
1780456760,124.604846
1780456760,141.670467
1780456760,123.439165
1780456760,138.534860
1780456760,141.647277
1780456760,138.610968
1780456760,142.610932
1780456760,152.048332
1780456760,152.682308
1780456760,154.345102
1780456760,141.759891
1780456760,152.698192
1780456760,154.596913
1780456760,153.303864
1780456760,137.683483
1780456760,109.092547
1780456760,123.601232
1780456760,123.882745
1780456760,123.556372
1780456760,108.186684
1780456760,125.257299
1780456760,109.223894
1780456760,125.377896
1780456760,119.278385
1780456760,123.591498
1780456760,120.560244
1780456760,113.634313
1780456760,135.572360
1780456760,116.063916
1780456760,109.351079
1780456760,124.149917
1780456760,137.179835
1780456760,107.518037
1780456760,127.223597
1780456760,128.042213
1780456760,128.194977
1780456760,128.835584
1780456760,128.018438
1780456760,121.989227
1780456760,117.381525
1780456760,108.516720
1780456760,115.563354
1780456760,105.537078
1780456760,114.416450
1780456760,114.548927
1780456760,105.951540
1780456760,114.991653
1780456760,113.938109
1780456760,113.818725
1780456760,170.394719
1780456760,170.502003
1780456760,170.658501
1780456760,170.587145
1780456760,164.438237
1780456760,170.665207
1780456760,170.894295
1780456760,169.801913
1780456760,170.892440
1780456760,170.624090
1780456760,169.803275
1780456760,170.637372
1780456760,169.997378
1780456760,170.908517
1780456760,186.851613
1780456760,170.114448
1780456760,187.571093
1780456760,170.210472
1780456760,163.677336
1780456760,131.559642
1780456760,131.777200
1780456760,164.898456
1780456760,138.941583
1780456760,164.929621
1780456760,128.515034
1780456760,170.366997
1780456760,131.935308
1780456760,131.841139
1780456760,166.288811
1780456760,149.305169
1780456760,117.111303
1780456760,132.076059
1780456760,108.697324
1780456760,133.223233
1780456760,137.209317
1780456760,109.290442
1780456760,136.783307
1780456760,115.949891
1780456760,137.318473
1780456760,118.436016
1780456760,137.248384
1780456760,110.104816
1780456760,139.259400
1780456760,137.466910
1780456760,139.385045
1780456760,164.208459
1780456760,124.401142
1780456760,163.349827
1780456760,118.844786
1780456760,139.433177
1780456760,139.590211
1780456760,164.279437
1780456760,164.332172
1780456760,119.532756
1780456760,171.457166
1780456760,119.003386
1780456760,171.749281
1780456760,120.067708
1780456760,171.823118
1780456760,157.687508
1780456760,120.178229
1780456760,172.029272
1780456760,137.846034
1780456760,164.484098
1780456760,120.231137
1780456760,163.613637
1780456760,138.119382
1780456760,164.643816
1780456760,139.882256
1780456760,165.881377
1780456760,139.950091
1780456760,151.379312
1780456760,153.623130
1780456760,138.222700
1780456760,138.396092
1780456760,131.507520
1780456760,129.585587
1780456760,128.082426
1780456760,114.298691
1780456760,124.981218
1780456760,139.822786
1780456760,141.154153
1780456760,141.149677
1780456760,141.728906
1780456760,174.016008
1780456760,174.138403
1780456760,167.175111
1780456760,166.293568
1780456760,171.752541
1780456760,154.896723
1780456760,135.365499
1780456760,144.849918
1780456760,163.411140
1780456760,142.435739
1780456760,162.764910
1780456760,122.657686
1780456760,164.814376
1780456760,134.339471
1780456760,140.159114
1780456760,136.114094
1780456760,121.607261
1780456760,118.998926
1780456760,139.024596
1780456760,122.755939
1780456760,134.508809
1780456760,122.892135
1780456760,132.345455
1780456760,143.214293
1780456760,143.895899
1780456760,112.141611
1780456760,144.285706
1780456760,111.680982
1780456760,111.900038
1780456760,144.392929
1780456760,143.408978
1780456760,112.131710
1780456760,143.833229
1780456760,132.686586
1780456760,137.348759
1780456760,144.580441
1780456760,131.254583
1780456760,129.550807
1780456760,143.871999
1780456760,126.911966
1780456760,144.573317
1780456760,124.368321
1780456760,120.710954
1780456760,145.865394
1780456760,116.404910
1780456760,121.425740
1780456760,147.019467
1780456760,122.847381
1780456760,117.524610
1780456760,123.980037
1780456760,131.167762
1780456760,115.331320
1780456760,147.379985
1780456760,115.962097
1780456760,149.291897
1780456760,135.777052
1780456760,132.511730
1780456760,137.565426
1780456760,149.950648
1780456760,139.700611
1780456760,140.940897
1780456760,143.224391
1780456760,125.759651
1780456760,151.767408
1780456760,125.430238
1780456760,125.819078
1780456760,151.726473
1780456760,149.629103
1780456760,126.017030
1780456760,123.921039
1780456760,125.881522
1780456760,126.028782
1780456760,146.385276
1780456760,125.761040
1780456760,122.830611
1780456760,120.705689
1780456760,120.178595
1780456760,148.652694
1780456760,145.298429
1780456760,146.529246
1780456760,133.419878
1780456760,134.629669
1780456760,117.848217
1780456760,117.640410
1780456760,122.644928
1780456760,133.559673
1780456760,137.380841
1780456760,119.415510
1780456760,141.655862
1780456760,141.681445
1780456760,139.290839
1780456760,141.525756
1780456760,162.442757
1780456760,158.540999
1780456760,160.443927
1780456760,160.558297
1780456760,130.057483
1780456760,148.923425
1780456760,159.380474
1780456760,130.036172
1780456760,147.062723
1780456760,147.177792
1780456760,138.274879
1780456760,144.696279
1780456760,145.365004
1780456760,146.583252
1780456760,150.399283
1780456760,135.038253
1780456760,145.437132
1780456760,143.758727
1780456760,150.512824
1780456760,131.175798
1780456760,136.854960
1780456760,147.029750
1780456760,140.024100
1780456760,135.075638
1780456760,148.562159
1780456760,141.067018
1780456760,147.398015
1780456760,147.515388
1780456760,143.793375
1780456760,148.719439
1780456760,125.437672
1780456760,135.327825
1780456760,126.751116
1780456760,135.404912
1780456760,131.134334
1780456760,162.945768
1780456760,142.811197
1780456760,164.776677
1780456760,130.702296
1780456760,139.029163
1780456760,127.195298
1780456760,131.610912
1780456760,139.152461
1780456760,140.627962
1780456760,139.170983
1780456760,131.017425
1780456760,130.951731
1780456760,131.113303
1780456760,125.306443
1780456760,146.221936
1780456760,130.882111
1780456760,138.122808
1780456760,130.991758
1780456760,128.872720
1780456760,143.119495
1780456760,129.775903
1780456760,126.208438
1780456760,125.667229
1780456760,145.146207
1780456760,142.016125
1780456760,146.581848
1780456760,143.337051
1780456760,128.890289
1780456760,132.512078
1780456760,129.388787
1780456760,127.978038
1780456760,134.960151
1780456760,148.422917
1780456760,128.011938
1780456760,153.982142
1780456760,132.508893
1780456760,128.513039
1780456760,148.031556
1780456760,150.560391
1780456760,135.126885
1780456760,150.534377
1780456760,136.312298
1780456760,151.892922
1780456760,129.371583
1780456760,164.054287
1780456760,129.401528
1780456760,129.625586
1780456760,133.265641
1780456760,132.026460
1780456760,127.811252
1780456760,133.603049
1780456760,127.278912
1780456760,133.554125
1780456760,127.236797
1780456760,133.544448
1780456760,132.635538
1780456760,132.494605
1780456760,132.436034
1780456760,127.805935
1780456760,127.885658
1780456760,127.680093
1780456760,132.843640
1780456760,133.992481
1780456760,135.913181
1780456760,128.116768
1780456760,128.472032
1780456760,133.399390
1780456760,128.662424
1780456760,128.683764
1780456760,136.841295
1780456760,128.878408
1780456760,128.985909
1780456760,135.345922
1780456760,128.204777
1780456760,142.989217
1780456760,134.856829
1780456760,133.263378
1780456760,134.303636
1780456760,133.643109
1780456760,142.711334
1780456760,132.519920
1780456760,132.298819
1780456760,136.940651
1780456760,144.395276
1780456760,136.803697
1780456760,144.476123
1780456760,137.141695
1780456760,133.294717
1780456760,133.397793
1780456760,133.924712
1780456760,132.609343
1780456760,137.580309
1780456760,132.231451
1780456760,131.745190
1780456760,132.048718
1780456760,144.126692
1780456760,144.213361
1780456760,138.523242
1780456760,138.462934
1780456760,143.036871
1780456760,138.211665
1780456760,132.304179
1780456760,148.054321
1780456760,129.965597
1780456760,137.990896
1780456760,138.340150
1780456760,130.714519
1780456760,146.969493
1780456760,133.429692
1780456760,131.566734
1780456760,144.766362
1780456760,131.418484
1780456760,143.808269
1780456760,144.101872
1780456760,138.947264
1780456760,142.761255
1780456760,138.982446
1780456760,134.189219
1780456760,139.792146
1780456760,135.441808
1780456760,138.893669
1780456760,133.926434
1780456760,134.084606
1780456760,139.007103
1780456760,132.785046
1780456760,134.505666
1780456760,135.262177
1780456760,132.736978
1780456760,132.810492
1780456760,132.248043
1780456760,134.827042
1780456760,144.090497
1780456760,139.488149
1780456760,139.709658
1780456760,136.336621
1780456760,139.663789
1780456760,132.375446
1780456760,134.701285
1780456760,131.626169
1780456760,139.166546
1780456760,130.345679
1780456760,140.297695
1780456760,138.799990
1780456760,134.855455
1780456760,135.533262
1780456760,137.060253
1780456760,134.294092
1780456760,139.575433
1780456760,137.417192
1780456760,141.487253
1780456760,130.753876
1780456760,139.682513
1780456760,129.100982
1780456760,136.166410
1780456760,139.898222
1780456760,132.631868
1780456760,140.545779
1780456760,139.681052
1780456760,136.406785
1780456760,140.177043
1780456760,132.581933
1780456760,140.991023
1780456760,133.437533
1780456760,147.678061
1780456760,140.654290
1780456760,147.407709
1780456760,140.994888
1780456760,147.188946
1780456760,144.192123
1780456760,145.265978
1780456760,141.860380
1780456760,141.523816
1780456760,142.040581
1780456760,145.652394
1780456760,144.691818
1780456760,142.258915
1780456760,137.411976
1780456760,145.557431
1780456760,138.316039
1780456760,136.166986
1780456760,138.053052
1780456760,137.723128
1780456760,146.194339
1780456760,138.176418
1780456760,137.743291
1780456760,145.062999
1780456760,144.325651
1780456760,146.485506
1780456760,144.867500
1780456760,144.159779
1780456760,143.087784
1780456760,143.239486
1780456760,146.245697
1780456760,139.196298
1780456760,145.921619
1780456760,145.591993
1780456760,139.073443
1780456760,143.236026
1780456760,143.279775
1780456760,141.366395
1780456760,146.107686
1780456760,136.845487
1780456760,136.715007
1780456760,146.142169
1780456760,139.135730
1780456760,146.561318
1780456760,142.089509
1780456760,144.488909
1780456760,147.915263
1780456760,148.698034
1780456760,146.780005
1780456760,146.890680
1780456760,151.061128
1780456760,143.530290
1780456760,150.564181
1780456760,143.489181
1780456760,143.551580
1780456760,150.833440
1780456760,151.966468
1780456760,150.962370
1780456760,149.377779
1780456760,150.442339
1780456760,150.181693
1780456760,143.506802
1780456760,149.661195
1780456760,149.051493
1780456760,150.045206
1780456760,150.287347
1780456760,149.172807
1780456760,151.680663
1780456760,150.458940
1780456760,150.792847
1780456760,151.018752
1780456760,152.050767
1780456760,153.478412
1780456760,152.128840
1780456760,150.694073
1780456760,151.010406
1780456760,150.635386
1780456760,150.150728
1780456760,147.130287
1780456760,150.987154
1780456760,150.866614
1780456760,152.911762
1780456760,151.355692
1780456760,148.197758
1780456760,151.029771
1780456760,151.622165
1780456760,148.160080
1780456760,148.525341
1780456760,156.390366
1780456760,156.761745
1780456760,156.373396
1780456760,154.087560
1780456760,156.705658
1780456760,152.672360
1780456760,157.689376
1780456760,157.879787
1780456760,158.216139
1780456760,149.172837
1780456760,155.873422
1780456760,143.198146
1780456760,153.482263
1780456760,155.637917
1780456760,150.925099
1780456760,150.734781
1780456760,147.715167
1780456760,155.821844
1780456760,155.543423
1780456760,140.416428
1780456760,148.412526
1780456760,140.218669
1780456760,155.698596
1780456760,140.770902
1780456760,155.782259
1780456760,155.189133
1780456760,155.744871
1780456760,148.846741
1780456760,149.147682
1780456760,153.678305
1780456760,158.914625
1780456760,138.591574
1780456760,149.252351
1780456760,153.927073
1780456760,156.953025
1780456760,155.142847
1780456760,153.971645
1780456760,156.405380
1780456760,155.281149
1780456760,149.614895
1780456760,132.109338
1780456760,159.437401
1780456760,155.364650
1780456760,156.264114
1780456760,159.007128
1780456760,155.462679
1780456760,159.028380
1780456760,147.280583
1780456760,155.956543
1780456760,150.336635
1780456760,156.064921
1780456760,156.340745
1780456760,160.875945
1780456760,161.179967
1780456760,156.297717
1780456760,159.150972
1780456760,159.669714
1780456760,158.475423
1780456760,159.782456
1780456760,157.815876
1780456760,156.797292
1780456760,158.333699
1780456760,163.956264
1780456760,158.673800
1780456760,158.768571
1780456760,154.465036
1780456760,160.130120
1780456760,160.532051
1780456760,165.409404
1780456760,160.806379
1780456760,159.620426
1780456760,160.346477
1780456760,165.689761
1780456760,159.852740
1780456760,159.051119
1780456760,165.722291
1780456760,160.062076
1780456760,127.299160
1780456760,160.313969
1780456760,160.393248
1780456760,157.008383
1780456760,166.378839
1780456760,167.360676
1780456760,159.860621
1780456760,159.980807
1780456760,165.819128
1780456760,166.434642
1780456760,164.791247
1780456760,157.172991
1780456760,167.412536
1780456760,164.803250
1780456760,165.667575
1780456760,158.865492
1780456760,165.653852
1780456760,160.162951
1780456760,168.580869
1780456760,161.786523
1780456760,165.048374
1780456760,153.832196
1780456760,160.004972
1780456760,157.266683
1780456760,160.185469
1780456760,154.969158
1780456760,159.558722
1780456760,156.173606
1780456760,156.896832
1780456760,164.268012
1780456760,165.817264
1780456760,166.354054
1780456760,164.214326
1780456760,166.057508
1780456760,164.106427
1780456760,157.663329
1780456760,160.398656
1780456760,161.988779
1780456760,158.411889
1780456760,158.346168
1780456760,161.525352
1780456760,161.890840
1780456760,158.377967
1780456760,170.534358
1780456760,165.208008
1780456760,158.176428
1780456760,164.464752
1780456760,170.949016
1780456760,162.917397
1780456760,169.828174
1780456760,162.076300
1780456760,164.366449
1780456760,166.509247
1780456760,170.019504
1780456760,166.853439
1780456760,170.672348
1780456760,157.090209
1780456760,170.651208
1780456760,172.007017
1780456760,172.061883
1780456760,156.930741
1780456760,158.662141
1780456760,170.484779
1780456760,167.866607
1780456760,156.940723
1780456760,156.061835
1780456760,162.952267
1780456760,167.245418
1780456760,167.158437
1780456760,167.055960
1780456760,167.457310
1780456760,161.356412
1780456760,163.683705
1780456760,160.640300
1780456760,167.521340
1780456760,172.208076
1780456760,156.418529
1780456760,165.074976
1780456760,164.023529
1780456760,155.155367
1780456760,172.165594
1780456760,173.162065
1780456760,172.489854
1780456760,166.674960
1780456760,166.403239
1780456760,165.854801
1780456760,160.146519
1780456760,159.921965
1780456760,171.817250
1780456760,162.797124
1780456760,160.235159
1780456760,171.945206
1780456760,166.994331
1780456760,167.177855
1780456760,173.687607
1780456760,167.546276
1780456760,173.909405
1780456760,164.110906
1780456760,173.594267
1780456760,172.463565
1780456760,172.133800
1780456760,171.700825
1780456760,161.537102
1780456760,172.093383
1780456760,171.726711
1780456760,172.214300
1780456760,171.828811
1780456760,161.635935
1780456760,173.633338
1780456760,167.107932
1780456760,170.891039
1780456760,167.751153
1780456760,167.363668
1780456760,176.145080
1780456760,170.993980
1780456760,168.024828
1780456760,173.452103
1780456760,167.984512
1780456760,171.354832
1780456760,163.643850
1780456760,171.256083
1780456760,173.553917
1780456760,171.117964
1780456760,163.873727
1780456760,170.974807
1780456760,171.123624
1780456760,164.021432
1780456760,171.219287
1780456760,169.602524
1780456760,169.892508
1780456760,174.323329
1780456760,171.554517
1780456760,171.228015
1780456760,169.781857
1780456760,170.803248
1780456760,164.318580
1780456760,174.928688
1780456760,167.023691
1780456760,129.480822
1780456760,167.351359
1780456760,129.471558
1780456760,131.415093
1780456760,128.974499
1780456760,177.272156
1780456760,168.418674
1780456760,110.140420
1780456760,164.943342
1780456760,162.782473
1780456760,122.341932
1780456760,129.157035
1780456760,161.863808
1780456760,175.145232
1780456760,170.446744
1780456760,175.115169
1780456760,170.533778
1780456760,172.543247
1780456760,175.364837
1780456760,162.773574
1780456760,171.164990
1780456760,174.475133
1780456760,162.429373
1780456760,173.013319
1780456760,177.021713
1780456760,173.004451
1780456760,173.045589
1780456760,176.868886
1780456760,173.568461
1780456760,176.854196
1780456760,181.500473
1780456760,179.359998
1780456760,168.600887
1780456760,173.829631
1780456760,178.969602
1780456760,175.386436
1780456760,171.377048
1780456760,171.526247
1780456760,175.705141
1780456760,174.605437
1780456760,169.177162
1780456760,174.557914
1780456760,169.275354
1780456760,175.966845
1780456760,180.038808
1780456760,179.155579
1780456760,176.139777
1780456760,171.617978
1780456760,181.190498
1780456760,181.248380
1780456760,172.585231
1780456760,177.868478
1780456760,180.450839
1780456760,180.581359
1780456760,180.610862
1780456760,176.804261
1780456760,180.038141
1780456760,180.031877
1780456760,175.805783
1780456760,181.463746
1780456760,180.386115
1780456760,164.976535
1780456760,158.121655
1780456760,153.756627
1780456760,159.327688
1780456760,108.116146
1780456760,153.812206
1780456760,108.135851
1780456760,132.548202
1780456760,180.585142
1780456760,127.944814
1780456760,108.301115
1780456760,108.149106
1780456760,177.642374
1780456760,181.492006
1780456760,176.263975
1780456760,180.685267
1780456760,177.718199
1780456760,176.197760
1780456760,180.877875
1780456760,186.345317
1780456760,182.071342
1780456760,174.355157
1780456760,181.130303
1780456760,174.867839
1780456760,176.891354
1780456760,175.373949
1780456760,182.427214
1780456760,175.490636
1780456760,181.502712
1780456760,181.458578
1780456760,186.874687
1780456760,182.662158
1780456760,182.768441
1780456760,186.759600
1780456760,182.992907
1780456760,182.629116
1780456760,181.721101
1780456760,187.437012
1780456760,181.981997
1780456760,182.693953
1780456760,181.740603
1780456760,186.668480
1780456760,183.319778
1780456760,182.252011
1780456760,172.421309
1780456760,181.969181
1780456760,181.866557
1780456760,172.595238
1780456760,187.289737
1780456760,183.836610
1780456760,181.919001
1780456760,172.699053
1780456760,178.755249
1780456760,179.204786
1780456760,102.587295
1780456760,182.099348
1780456760,182.437454
1780456760,175.319806
1780456760,182.940301
1780456760,177.673883
1780456760,183.102024
1780456760,181.536712
1780456760,175.377067
1780456760,182.561110
1780456760,183.088758
1780456760,181.094047
1780456760,104.871891
1780456760,184.567690
1780456760,181.203366
1780456760,105.041164
1780456760,177.227410
1780456760,105.034318
1780456760,178.607099
1780456760,185.422668
1780456760,183.601832
1780456760,184.813792
1780456760,186.594425
1780456760,185.055041
1780456760,187.220498
1780456760,185.229566
1780456760,187.114587
1780456760,187.263699
1780456760,187.598874
1780456760,186.028659
1780456760,185.263499
1780456760,186.608046
1780456760,187.723785
1780456760,187.706761
1780456760,184.889036
1780456760,186.288700
1780456760,186.992195
1780456760,187.780795
1780456760,194.308525
1780456760,193.019231
1780456760,194.356819
1780456760,187.718288
1780456760,182.199404
1780456760,193.524574
1780456760,195.212222
1780456760,193.817642
1780456760,186.855253
1780456760,182.200480
1780456760,195.383289
1780456760,186.685259
1780456760,195.612977
1780456760,183.769901
1780456760,186.983305
1780456760,183.898970
1780456760,187.372010
1780456760,183.869867
1780456760,184.181870
1780456760,195.803806
1780456760,187.753716
1780456760,187.042937
1780456760,187.561998
1780456760,184.622334
1780456760,184.099454
1780456760,187.760384
1780456760,187.613962
1780456760,187.805919
1780456760,187.883079
1780456760,184.248463
1780456760,187.748877
1780456760,196.146765
1780456760,185.616768
1780456760,188.046514
1780456760,189.856371
1780456760,183.982005
1780456760,185.636258
1780456760,185.515955
1780456760,188.732852
1780456760,186.360210
1780456760,189.632634
1780456760,184.649711
1780456760,197.383090
1780456760,185.684091
1780456760,190.473597
1780456760,186.116495
1780456760,190.845818
1780456760,192.284804
1780456760,192.071750
1780456760,123.597570
1780456760,193.047889
1780456760,192.272785
1780456760,187.313114
1780456760,187.463734
1780456760,112.651680
1780456760,199.267107
1780456760,187.698680
1780456760,191.022468
1780456760,198.115227
1780456760,189.942371
1780456760,188.530196
1780456760,194.091394
1780456760,188.999381
1780456760,194.191178
1780456760,201.535742
1780456760,202.589984
1780456760,199.971079
1780456760,189.974221
1780456760,189.003302
1780456760,187.920914
1780456760,201.072861
1780456760,201.282630
1780456760,188.328801
1780456760,194.052631
1780456760,198.420771
1780456760,199.912651
1780456760,188.202432
1780456760,192.133172
1780456760,189.773933
1780456760,192.909944
1780456760,193.313442
1780456760,194.384411
1780456760,194.469548
1780456760,193.640439
1780456760,191.957827
1780456760,194.608829
1780456760,194.487520
1780456760,191.091324
1780456760,121.574025
1780456760,130.649019
1780456760,131.120186
1780456760,196.263759
1780456760,195.886975
1780456760,197.819250
1780456760,185.560569
1780456760,194.255987
1780456760,176.632951
1780456760,204.637563
1780456760,169.196538
1780456760,205.281553
1780456760,159.015335
1780456760,205.004682
1780456760,159.151875
1780456760,205.318466
1780456760,163.268936
1780456760,160.096836
1780456760,133.254087
1780456760,201.410689
1780456760,126.723455
1780456760,126.832036
1780456760,202.061426
1780456760,127.476543
1780456760,127.941944
1780456760,203.306080
1780456760,202.915675
1780456760,202.459705
1780456760,202.628050
1780456760,202.369277
1780456760,206.167832
1780456760,201.850045
1780456760,201.737569
1780456760,202.239049
1780456760,202.058761
1780456760,202.936398
1780456760,200.655308
1780456760,203.144240
1780456760,200.546406
1780456760,201.123314
1780456760,212.033663
1780456760,201.481783
1780456760,206.034247
1780456760,203.188677
1780456760,203.805920
1780456760,200.291004
1780456760,200.434280
1780456760,203.989686
1780456760,213.391093
1780456760,199.669576
1780456760,199.761104
1780456760,199.238587
1780456760,142.876816
1780456760,202.014645
1780456760,200.368100
1780456760,207.352944
1780456760,200.458373
1780456760,200.507976
1780456760,143.355695
1780456760,201.671997
1780456760,206.551629
1780456760,201.011838
1780456760,206.366801
1780456760,143.170721
1780456760,201.419982
1780456760,205.734638
1780456760,135.052395
1780456760,202.598753
1780456760,204.253729
1780456760,177.851899
1780456760,136.500784
1780456760,169.736095
1780456760,178.149335
1780456760,177.324252
1780456760,166.869054
1780456760,166.961220
1780456760,171.133588
1780456760,172.209908
1780456760,135.717543
1780456760,172.469968
1780456760,167.793918
1780456760,205.543679
1780456760,207.330784
1780456760,169.109142
1780456760,168.021455
1780456760,136.177312
1780456760,168.433274
1780456760,168.301715
1780456760,219.943536
1780456760,211.319625
1780456760,168.771518
1780456760,128.279409
1780456760,165.417877
1780456760,211.541244
1780456760,165.672380
1780456760,201.741349
1780456760,198.590853
1780456760,205.360777
1780456760,165.791670
1780456760,152.776567
1780456760,127.691356
1780456760,198.884741
1780456760,166.052954
1780456760,212.096908
1780456760,211.248192
1780456760,199.060740
1780456760,165.124951
1780456760,212.204038
1780456760,166.264858
1780456760,193.143911
1780456760,148.550578
1780456760,212.826460
1780456760,209.109112
1780456760,196.561303
1780456760,220.099210
1780456760,208.912808
1780456760,213.693271
1780456760,131.340087
1780456760,110.378396
1780456760,110.627449
1780456760,199.254985
1780456760,214.641661
1780456760,145.227897
1780456760,109.884270
1780456760,167.917842
1780456760,145.506007
1780456760,214.637916
1780456760,212.542873
1780456760,212.544514
1780456760,215.015367
1780456760,167.146973
1780456760,225.367437
1780456760,215.475992
1780456760,225.096019
1780456760,215.139765
1780456760,144.799349
1780456760,206.874941
1780456760,168.785830
1780456760,223.857173
1780456760,138.545421
1780456760,212.196409
1780456760,169.304153
1780456760,142.696091
1780456760,224.339350
1780456760,215.919983
1780456760,184.264520
1780456760,139.185499
1780456760,216.209883
1780456760,155.420629
1780456760,139.130589
1780456760,169.631735
1780456760,212.385503
1780456760,216.447401
1780456760,214.216348
1780456760,140.046369
1780456760,227.827209
1780456760,218.396853
1780456760,215.298762
1780456760,215.876019
1780456760,227.538666
1780456760,218.533112
1780456760,215.286563
1780456760,227.907969
1780456760,114.816572
1780456760,198.478473
1780456760,229.325436
1780456760,229.418433
1780456760,191.393784
1780456760,217.836662
1780456760,221.957951
1780456760,189.760129
1780456760,232.316082
1780456760,230.519639
1780456760,230.054808
1780456760,153.044470
1780456760,157.199859
1780456760,156.718034
1780456760,196.394959
1780456760,231.230126
1780456760,196.490464
1780456760,214.383090
1780456760,215.606000
1780456760,231.850158
1780456760,230.812244
1780456760,222.320499
1780456760,219.957927
1780456760,232.683428
1780456760,199.050074
1780456760,239.415908
1780456760,197.960234
1780456760,240.518760
1780456760,199.148962
1780456760,236.561580
1780456760,240.433028
1780456760,236.012753
1780456760,239.767325
1780456760,138.947077
1780456760,137.567305
1780456760,237.983890
1780456760,237.250156
1780456760,236.974681
1780456760,243.320248
1780456760,223.662683
1780456760,181.274032
1780456760,172.813804
1780456760,173.165256
1780456760,223.678877
1780456760,210.827794
1780456760,196.954086
1780456760,137.200146
1780456760,137.338337
1780456760,208.285814
1780456760,137.322874
1780456760,209.995917
1780456760,197.024929
1780456760,207.132450
1780456760,137.432310
1780456760,207.155503
1780456760,162.880900
1780456760,158.965298
1780456760,182.951052
1780456760,137.199373
1780456760,183.358168
1780456760,173.187319
1780456760,173.329927
1780456760,202.677305
1780456760,184.867977
1780456760,199.072052
1780456760,137.906122
1780456760,171.430571
1780456760,198.189304
1780456760,200.999039
1780456760,207.817863
1780456760,207.781923
1780456760,138.038764
1780456760,174.365409
1780456760,244.352665
1780456760,244.612314
1780456760,236.513288
1780456760,244.310494
1780456760,244.836900
1780456760,244.646155
1780456760,201.581481
1780456760,245.001241
1780456760,244.804743
1780456760,201.809541
1780456760,202.435072
1780456760,245.013238
1780456760,242.549780
1780456760,239.237633
1780456760,238.110602
1780456760,241.482317
1780456760,240.392805
1780456760,178.493039
1780456760,237.090368
1780456760,179.461334
1780456760,178.508635
1780456760,244.818945
1780456760,178.438853
1780456760,191.221186
1780456760,239.488071
1780456760,202.827934
1780456760,178.554106
1780456760,207.729520
1780456760,242.800352
1780456760,204.417548
1780456760,241.734336
1780456760,219.771742
1780456760,178.758921
1780456760,172.109113
1780456760,234.933262
1780456760,178.605457
1780456760,176.231994
1780456760,178.647747
1780456760,172.319230
1780456760,237.423049
1780456760,224.430070
1780456760,217.362331
1780456760,118.648271
1780456760,118.052849
1780456760,117.915383
1780456760,149.335379
1780456760,149.471941
1780456760,118.444033
1780456760,149.472616
1780456760,149.485709
1780456760,149.653809
1780456760,149.657397
1780456760,118.146729
1780456760,118.316426
1780456760,148.450091
1780456760,151.848651
1780456760,118.292817
1780456760,149.574220
1780456760,107.282755
1780456760,107.551261
1780456760,107.334151
1780456760,107.069409
1780456760,107.843038
1780456760,107.838613
1780456760,251.625148
1780456760,213.573689
1780456760,213.623121
1780456760,196.441155
1780456760,191.632769
1780456760,255.373781
1780456760,255.207013
1780456760,255.582208
1780456760,197.284316
1780456760,191.727440
1780456760,213.742025
1780456760,249.370512
1780456760,242.105201
1780456760,243.254749
1780456760,108.694323
1780456760,243.377259
1780456760,251.489238
1780456760,249.216721
1780456760,191.326289
1780456760,256.945360
1780456760,251.809535
1780456760,250.278944
1780456760,191.477460
1780456760,250.314397
1780456760,218.017375
1780456760,197.141698
1780456760,108.870262
1780456760,192.452351
1780456760,211.121542
1780456760,218.666593
1780456760,108.951100
1780456760,218.631262
1780456760,224.360684
1780456760,234.033168
1780456760,190.289696
1780456760,234.114603
1780456760,175.071260
1780456760,236.322482
1780456760,190.335196
1780456760,187.494206
1780456760,192.234702
1780456760,237.588554
1780456760,173.623548
1780456760,238.701577
1780456760,211.639038
1780456760,237.556391
1780456760,214.988179
1780456760,243.138742
1780456760,215.067891
1780456760,242.098944
1780456760,218.791334
1780456760,193.057329
1780456760,193.089175
1780456760,241.053425
1780456760,179.457523
1780456760,244.555609
1780456760,187.844350
1780456760,109.731147
1780456760,188.001419
1780456760,109.740842
1780456760,243.450989
1780456760,187.995123
1780456760,109.740130
1780456760,225.075902
1780456760,245.974814
1780456760,188.015579
1780456760,109.847784
1780456760,111.063241
1780456760,111.497980
1780456760,152.874034
1780456760,152.991781
1780456760,153.135306
1780456760,153.193260
1780456760,153.110712
1780456760,157.907615
1780456760,127.208441
1780456760,126.660894
1780456760,127.237329
1780456760,127.247101
1780456760,127.394665
1780456760,127.486356
1780456760,127.628434
1780456760,127.710917
1780456760,127.530337
1780456760,127.494939
1780456760,127.907710
1780456760,127.989189
1780456760,127.308175
1780456760,128.104385
1780456760,127.777153
1780456760,127.315079
1780456760,127.929446
1780456760,127.765385
1780456760,127.574230
1780456760,158.719349
1780456760,127.857155
1780456760,158.818616
1780456760,127.541652
1780456760,116.260341
1780456760,179.752907
1780456760,174.439207
1780456760,116.367858
1780456760,116.689299
1780456760,116.914009
1780456760,116.912015
1780456760,117.255027
1780456760,117.409740
1780456760,118.351991
1780456760,129.826164
1780456760,129.736704
1780456760,129.312512
1780456760,129.845070
1780456760,117.448300
1780456760,117.639652
1780456760,117.706021
1780456760,118.092954
1780456760,118.138690
1780456760,118.219362
1780456760,118.544338
1780456760,118.555521
1780456760,118.772355
1780456760,195.390657
1780456760,118.969918
1780456760,195.514336
1780456760,191.284606
1780456760,196.367899
1780456760,190.277826
1780456760,165.003443
1780456760,199.581287
1780456760,197.449628
1780456760,161.904751
1780456760,163.073773
1780456760,191.427105
1780456760,109.662356
1780456760,136.974779
1780456760,110.033307
1780456760,115.533605
1780456760,137.412097
1780456760,137.319926
1780456760,137.611926
1780456760,137.483973
1780456760,137.558035
1780456760,137.639571
1780456760,164.924008
1780456760,164.925791
1780456760,141.730235
1780456760,141.537979
1780456760,108.639083
1780456760,108.667159
1780456760,143.281757
1780456760,108.286028
1780456760,108.050387
1780456760,144.037073
1780456760,133.038930
1780456760,133.294835
1780456760,116.151974
1780456760,118.118670
1780456760,135.038331
1780456760,116.529164
1780456760,115.901788
1780456760,104.513970
1780456760,135.236448
1780456760,109.432931
1780456760,135.502365
1780456760,123.684769
1780456760,132.971370
1780456760,121.775571
1780456760,123.841201
1780456760,112.334575
1780456760,137.260954
1780456760,127.130394
1780456760,119.145766
1780456760,119.304396
1780456760,119.613237
1780456760,120.382071
1780456760,117.215750
1780456760,139.492661
1780456760,118.902900
1780456760,118.904988
1780456760,118.593963
1780456760,138.794889
1780456760,120.443910
1780456760,119.101632
1780456760,114.564430
1780456760,115.835308
1780456760,115.409453
1780456760,115.683349
1780456760,110.845006
1780456760,141.173099
1780456760,110.714917
1780456760,119.788765
1780456760,110.484951
1780456760,110.719511
1780456760,110.908351
1780456760,110.753178
1780456760,110.858494
1780456760,111.691104
1780456760,111.857774
1780456760,110.980887
1780456760,111.954581
1780456760,112.089029
1780456760,112.038837
1780456760,111.784991
1780456760,113.300022
1780456760,112.765240
1780456760,112.508829
1780456760,113.008041
1780456760,112.836146
1780456760,112.634235
1780456760,112.409838
1780456760,112.797929
1780456760,113.111354
1780456760,113.102821
1780456760,112.551393
1780456760,112.795636
1780456760,112.661023
1780456760,113.025872
1780456760,112.904793
1780456760,113.366618
1780456760,113.043200
1780456760,113.335030
1780456760,114.630691
1780456760,114.300008
1780456760,114.065050
1780456760,114.134487
1780456760,113.356709
1780456760,113.994224
1780456760,114.767930
1780456760,115.001407
1780456760,114.517179
1780456760,115.305382
1780456760,115.595873
1780456760,114.953943
1780456760,113.948488
1780456760,105.617315
1780456760,116.136961
1780456760,116.059707
1780456760,116.267956
1780456760,118.083571
1780456760,108.794477
1780456760,117.059187
1780456760,118.802439
1780456760,112.256820
1780456760,118.190727
1780456760,117.907359
1780456760,118.402941
1780456760,104.661610
1780456760,118.444641
1780456760,110.112352
1780456760,105.312107
1780456760,119.413170
1780456760,110.997878
1780456760,105.718214
1780456760,111.460679
1780456760,109.825731
1780456760,116.819728
1780456760,114.969662
1780456760,114.224285
1780456760,119.419803
1780456760,119.112710
1780456760,114.010389
1780456760,111.634696
1780456760,119.627728
1780456760,105.898451
1780456760,105.902974
1780456760,106.316037
1780456760,107.215097
1780456760,107.478112
1780456760,106.329800
1780456760,107.686990
1780456760,107.751372
1780456760,108.026886
1780456760,108.203725
1780456760,107.078830
1780456760,108.391106
1780456760,122.500992
1780456760,122.033927
1780456760,122.628761
1780456760,122.231355
1780456760,122.184085
1780456760,122.252172
1780456760,103.819878
1780456760,109.020497
1780456760,102.881919
1780456760,109.043081
1780456760,109.397809
1780456760,123.270764
1780456760,123.433897
1780456760,103.676505
1780456760,123.432929
1780456760,108.896611
1780456760,109.676609
1780456760,106.150920
1780456760,123.860601
1780456760,124.216837
1780456760,109.495062
1780456760,124.422952
1780456760,124.294934
1780456760,110.968714
1780456760,110.816721
1780456760,109.802242
1780456760,110.809584
1780456760,109.874430
1780456760,110.356120
1780456760,105.156996
1780456760,111.227146
1780456760,111.171453
1780456760,111.507150
1780456760,111.390841
1780456760,105.846759
1780456760,105.996972
1780456760,119.376777
1780456760,114.873983
1780456760,114.988135
1780456760,114.948608
1780456760,114.856923
1780456760,114.778490
1780456760,114.938468
1780456760,115.396071
1780456760,114.750333
1780456760,115.534570
1780456760,115.232947
1780456760,114.929683
1780456760,115.541721
1780456760,115.218928
1780456760,130.257145
1780456760,130.563438
1780456760,130.472679
1780456760,130.585024
1780456760,126.916514
1780456760,110.694975
1780456760,108.093356
1780456760,109.512299
1780456760,115.165626
1780456760,109.008085
1780456760,108.496942
1780456760,123.373437
1780456760,109.718702
1780456760,106.740297
1780456760,126.294116
1780456760,123.449769
1780456760,109.761343
1780456760,118.293533
1780456760,118.863012
1780456760,118.080385
1780456760,118.501560
1780456760,118.093531
1780456760,117.842786
1780456760,119.020090
1780456760,118.710991
1780456760,119.222718
1780456760,118.395346
1780456760,118.512760
1780456760,118.391304
1780456760,119.170659
1780456760,112.984188
1780456760,112.964491
1780456760,112.778927
1780456760,113.083775
1780456760,113.248373
1780456760,113.006457
1780456760,113.017064
1780456760,113.131445
1780456760,113.110150
1780456760,113.012125
1780456760,113.328252
1780456760,110.636527
1780456760,119.859571
1780456760,113.334161
1780456760,108.996897
1780456760,118.967635
1780456760,134.170063
1780456760,121.119832
1780456760,121.749151
1780456761,121.575700
1780456761,121.757064
1780456761,122.537844
1780456761,121.849739
1780456761,121.794229
1780456761,107.558248
1780456761,107.832865
1780456761,119.217452
1780456761,107.715441
1780456761,107.942602
1780456761,107.874686
1780456761,107.935135
1780456761,108.175050
1780456761,108.108905
1780456761,108.201202
1780456761,108.602161
1780456761,109.147883
1780456761,104.804134
1780456761,118.751596
1780456761,104.994244
1780456761,105.017038
1780456761,104.876188
1780456761,105.071726
1780456761,125.030462
1780456761,124.870517
1780456761,124.937106
1780456761,119.539410
1780456761,126.090328
1780456761,120.680124
1780456761,126.721307
1780456761,126.588174
1780456761,121.166020
1780456761,121.171990
1780456761,112.569995
1780456761,112.919100
1780456761,112.900971
1780456761,112.730545
1780456761,112.907201
1780456761,112.703213
1780456761,120.643288
1780456761,120.692778
1780456761,112.940410
1780456761,120.669774
1780456761,112.939309
1780456761,112.896776
1780456761,112.892726
1780456761,108.788977
1780456761,121.030452
1780456761,108.828221
1780456761,108.688412
1780456761,128.525075
1780456761,128.501268
1780456761,108.712817
1780456761,128.621132
1780456761,128.751177
1780456761,128.953296
1780456761,107.667919
1780456761,121.042242
1780456761,129.483886
1780456761,104.235629
1780456761,103.474162
1780456761,108.079138
1780456761,108.191582
1780456761,104.250696
1780456761,129.968018
1780456761,104.523493
1780456761,105.788587
1780456761,105.803755
1780456761,130.094319
1780456761,105.968887
1780456761,121.202167
1780456761,106.429596
1780456761,121.358448
1780456761,106.572080
1780456761,106.519031
1780456761,106.570117
1780456761,104.677836
1780456761,105.489449
1780456761,112.027625
1780456761,112.231282
1780456761,105.920444
1780456761,112.301284
1780456761,112.597953
1780456761,112.445350
1780456761,112.541029
1780456761,126.044980
1780456761,125.990880
1780456761,112.223206
1780456761,112.354095
1780456761,112.784926
1780456761,112.698625
1780456761,112.284321
1780456761,112.223605
1780456761,112.530149
1780456761,112.664911
1780456761,112.396230
1780456761,112.795546
1780456761,112.480846
1780456761,108.021807
1780456761,116.721211
1780456761,117.603461
1780456761,113.525698
1780456761,112.141552
1780456761,112.116053
1780456761,116.954895
1780456761,113.822978
1780456761,114.640050
1780456761,113.156515
1780456761,113.009581
1780456761,113.362860
1780456761,118.964924
1780456761,118.244586
1780456761,120.115602
1780456761,120.321665
1780456761,120.414803
1780456761,114.553728
1780456761,119.413768
1780456761,114.635269
1780456761,114.801362
1780456761,119.184844
1780456761,117.146552
1780456761,115.252544
1780456761,120.234779
1780456761,113.803859
1780456761,120.385087
1780456761,112.671637
1780456761,112.584482
1780456761,112.594827
1780456761,112.520817
1780456761,114.522321
1780456761,111.535159
1780456761,114.623183
1780456761,122.241681
1780456761,117.590443
1780456761,122.039565
1780456761,117.634171
1780456761,116.520542
1780456761,123.531583
1780456761,123.135094
1780456761,115.771173
1780456761,123.799085
1780456761,115.911098
1780456761,114.710233
1780456761,123.475054
1780456761,118.035124
1780456761,118.171268
1780456761,115.108809
1780456761,118.364061
1780456761,118.436418
1780456761,115.330737
1780456761,119.279389
1780456761,119.738498
1780456761,119.692656
1780456761,111.555195
1780456761,119.867076
1780456761,111.719619
1780456761,111.849819
1780456761,118.370871
1780456761,120.143512
1780456761,117.436870
1780456761,117.500744
1780456761,119.249203
1780456761,119.179996
1780456761,128.947166
1780456761,128.799513
1780456761,128.890867
1780456761,129.237739
1780456761,130.984263
1780456761,131.109288
1780456761,131.277380
1780456761,131.246853
1780456761,130.726303
1780456761,130.983880
1780456761,130.178589
1780456761,130.553510
1780456761,132.116610
1780456761,131.906879
1780456761,132.105701
1780456761,132.821417
1780456761,131.467080
1780456761,127.027149
1780456761,129.306261
1780456761,129.475494
1780456761,132.939363
1780456761,132.162591
1780456761,132.092770
1780456761,125.222364
1780456761,131.727284
1780456761,132.198558
1780456761,132.443251
1780456761,133.214337
1780456761,132.414736
1780456761,121.756177
1780456761,127.735218
1780456761,132.504237
1780456761,128.323436
1780456761,121.951683
1780456761,128.131385
1780456761,117.046165
1780456761,128.581175
1780456761,128.778952
1780456761,123.752486
1780456761,128.911125
1780456761,108.606357
1780456761,128.873086
1780456761,109.791032
1780456761,128.962199
1780456761,133.911539
1780456761,128.571905
1780456761,128.610902
1780456761,128.864568
1780456761,121.708549
1780456761,128.607511
1780456761,134.040571
1780456761,126.119930
1780456761,133.370743
1780456761,120.689028
1780456761,118.459547
1780456761,121.392108
1780456761,121.430499
1780456761,134.646837
1780456761,121.849433
1780456761,129.079627
1780456761,120.605848
1780456761,129.418617
1780456761,131.196911
1780456761,131.838131
1780456761,123.787867
1780456761,129.380618
1780456761,131.079806
1780456761,128.120414
1780456761,121.566538
1780456761,121.624933
1780456761,139.913916
1780456761,126.955007
1780456761,123.156584
1780456761,123.307776
1780456761,124.344698
1780456761,125.956661
1780456761,128.639659
1780456761,140.251700
1780456761,126.071607
1780456761,128.973884
1780456761,129.180642
1780456761,125.424332
1780456761,141.397106
1780456761,141.824557
1780456761,141.327879
1780456761,129.757520
1780456761,128.838179
1780456761,141.847509
1780456761,129.034412
1780456761,141.578640
1780456761,141.730282
1780456761,129.422744
1780456761,142.370662
1780456761,141.275354
1780456761,129.696731
1780456761,139.498834
1780456761,129.793671
1780456761,142.742851
1780456761,128.981703
1780456761,134.355297
1780456761,134.259843
1780456761,134.226344
1780456761,128.980760
1780456761,134.372775
1780456761,134.508658
1780456761,127.616704
1780456761,129.007343
1780456761,130.294452
1780456761,136.000434
1780456761,116.478999
1780456761,140.196593
1780456761,129.263614
1780456761,136.526769
1780456761,128.425793
1780456761,144.994931
1780456761,128.226491
1780456761,144.051136
1780456761,135.172386
1780456761,145.358633
1780456761,134.075784
1780456761,142.769967
1780456761,143.179316
1780456761,131.104538
1780456761,143.482881
1780456761,131.143919
1780456761,143.673659
1780456761,126.231437
1780456761,143.425357
1780456761,129.432762
1780456761,141.776744
1780456761,127.232118
1780456761,142.475733
1780456761,128.942506
1780456761,143.004586
1780456761,122.906541
1780456761,122.994749
1780456761,150.274037
1780456761,123.263706
1780456761,150.795000
1780456761,150.378712
1780456761,135.405509
1780456761,141.875911
1780456761,132.687076
1780456761,129.980497
1780456761,127.955211
1780456761,130.515792
1780456761,128.125055
1780456761,130.467477
1780456761,135.505724
1780456761,128.144553
1780456761,130.302205
1780456761,130.608241
1780456761,135.684911
1780456761,151.490149
1780456761,115.205516
1780456761,151.089111
1780456761,117.323205
1780456761,130.757463
1780456761,124.569664
1780456761,130.727666
1780456761,112.642861
1780456761,127.049534
1780456761,125.877767
1780456761,130.651566
1780456761,124.328851
1780456761,130.879774
1780456761,115.358345
1780456761,128.401099
1780456761,115.400117
1780456761,128.472150
1780456761,117.548551
1780456761,133.490407
1780456761,151.445742
1780456761,110.951623
1780456761,151.428644
1780456761,126.340945
1780456761,144.954138
1780456761,115.754886
1780456761,142.117079
1780456761,143.973833
1780456761,132.061615
1780456761,132.299296
1780456761,126.381495
1780456761,124.698011
1780456761,124.806952
1780456761,128.005549
1780456761,134.182145
1780456761,126.790919
1780456761,128.025768
1780456761,115.569444
1780456761,145.451681
1780456761,133.616114
1780456761,126.780891
1780456761,133.557182
1780456761,133.136271
1780456761,132.206990
1780456761,132.546138
1780456761,129.407937
1780456761,129.383276
1780456761,129.342745
1780456761,120.118367
1780456761,129.533724
1780456761,120.105334
1780456761,129.491489
1780456761,129.298419
1780456761,129.728314
1780456761,120.365251
1780456761,130.037563
1780456761,132.547942
1780456761,129.787640
1780456761,118.630187
1780456761,130.375829
1780456761,121.154407
1780456761,130.298054
1780456761,128.990164
1780456761,137.107364
1780456761,136.204693
1780456761,132.337445
1780456761,132.838326
1780456761,117.883378
1780456761,128.753780
1780456761,122.337720
1780456761,130.162199
1780456761,130.037917
1780456761,125.618052
1780456761,159.723507
1780456761,156.786321
1780456761,131.470106
1780456761,157.172489
1780456761,119.528598
1780456761,152.042241
1780456761,156.971819
1780456761,152.184059
1780456761,134.628759
1780456761,152.598266
1780456761,134.436518
1780456761,152.474332
1780456761,122.815173
1780456761,134.340951
1780456761,132.531112
1780456761,124.868560
1780456761,127.397019
1780456761,130.028966
1780456761,132.663103
1780456761,124.461349
1780456761,151.656965
1780456761,135.399376
1780456761,128.021514
1780456761,127.845242
1780456761,133.450347
1780456761,128.099831
1780456761,135.128172
1780456761,125.679523
1780456761,125.821852
1780456761,125.167811
1780456761,128.377108
1780456761,152.112651
1780456761,135.388142
1780456761,120.328483
1780456761,152.312685
1780456761,128.672426
1780456761,124.325159
1780456761,126.655785
1780456761,124.663487
1780456761,129.073039
1780456761,147.664197
1780456761,154.481586
1780456761,134.619531
1780456761,133.699467
1780456761,143.105104
1780456761,151.309077
1780456761,142.374643
1780456761,135.464012
1780456761,140.786096
1780456761,134.251298
1780456761,151.680321
1780456761,129.615166
1780456761,123.764106
1780456761,141.266938
1780456761,134.707755
1780456761,150.949979
1780456761,140.615333
1780456761,136.205676
1780456761,140.717323
1780456761,136.716470
1780456761,130.446894
1780456761,151.158956
1780456761,127.165763
1780456761,127.155746
1780456761,135.605428
1780456761,129.415199
1780456761,139.627989
1780456761,151.712566
1780456761,137.355956
1780456761,137.140495
1780456761,139.560219
1780456761,130.006307
1780456761,151.152249
1780456761,130.576933
1780456761,138.058222
1780456761,130.674508
1780456761,151.556624
1780456761,133.133599
1780456761,128.777603
1780456761,128.893710
1780456761,130.221726
1780456761,131.073346
1780456761,128.739388
1780456761,126.731502
1780456761,128.829289
1780456761,128.811675
1780456761,150.684746
1780456761,128.293404
1780456761,129.627194
1780456761,128.136698
1780456761,130.088503
1780456761,129.660313
1780456761,120.996903
1780456761,148.680198
1780456761,127.575852
1780456761,129.481886
1780456761,124.743680
1780456761,147.685376
1780456761,127.719106
1780456761,147.816368
1780456761,121.996924
1780456761,122.454308
1780456761,148.139029
1780456761,128.152322
1780456761,127.261854
1780456761,120.943154
1780456761,129.986120
1780456761,125.174063
1780456761,119.343966
1780456761,128.966314
1780456761,125.872724
1780456761,128.919484
1780456761,127.907276
1780456761,124.227183
1780456761,117.246030
1780456761,123.821493
1780456761,118.889074
1780456761,119.022798
1780456761,130.635838
1780456761,127.223400
1780456761,118.083328
1780456761,127.643647
1780456761,127.977022
1780456761,125.177983
1780456761,118.132539
1780456761,125.960207
1780456761,118.781507
1780456761,131.350140
1780456761,126.466742
1780456761,124.188285
1780456761,119.134451
1780456761,124.740924
1780456761,125.257925
1780456761,119.264837
1780456761,115.529813
1780456761,129.209098
1780456761,114.624933
1780456761,126.649282
1780456761,114.794762
1780456761,129.764974
1780456761,114.998731
1780456761,123.072013
1780456761,129.927834
1780456761,127.537037
1780456761,115.590004
1780456761,130.226034
1780456761,122.329548
1780456761,114.836546
1780456761,119.099749
1780456761,119.624177
1780456761,115.049539
1780456761,119.738966
1780456761,115.281444
1780456761,130.427395
1780456761,114.555636
1780456761,111.461303
1780456761,118.535289
1780456761,118.589799
1780456761,127.861836
1780456761,118.790023
1780456761,130.633994
1780456761,118.688287
1780456761,130.209448
1780456761,129.472126
1780456761,130.519500
1780456761,129.771328
1780456761,126.539396
1780456761,130.337746
1780456761,120.560377
1780456761,121.998458
1780456761,120.919659
1780456761,123.002340
1780456761,121.906729
1780456761,137.921442
1780456761,136.751789
1780456761,138.010540
1780456761,138.141012
1780456761,138.035104
1780456761,135.280032
1780456761,138.029174
1780456761,136.822758
1780456761,133.386906
1780456761,129.356141
1780456761,136.890094
1780456761,136.857998
1780456761,138.200634
1780456761,138.116185
1780456761,136.948050
1780456761,129.270194
1780456761,142.766919
1780456761,135.437940
1780456761,133.570342
1780456761,137.148107
1780456761,129.440598
1780456761,137.289128
1780456761,133.526918
1780456761,129.626922
1780456761,137.079820
1780456761,135.792544
1780456761,135.292255
1780456761,129.624638
1780456761,138.685621
1780456761,135.440171
1780456761,122.604388
1780456761,124.236947
1780456761,124.512371
1780456761,134.127228
1780456761,124.624467
1780456761,137.577705
1780456761,134.100872
1780456761,136.164795
1780456761,121.557229
1780456761,134.334712
1780456761,135.941782
1780456761,138.035650
1780456761,123.023622
1780456761,136.244412
1780456761,136.384076
1780456761,130.505088
1780456761,130.542955
1780456761,130.480136
1780456761,134.554390
1780456761,121.676992
1780456761,134.381995
1780456761,134.374279
1780456761,134.594221
1780456761,125.035295
1780456761,138.277800
1780456761,123.511760
1780456761,135.741091
1780456761,132.112006
1780456761,130.191965
1780456761,122.365460
1780456761,131.682497
1780456761,121.806670
1780456761,137.773100
1780456761,139.389886
1780456761,129.674375
1780456761,129.617027
1780456761,120.500632
1780456761,129.775990
1780456761,139.629228
1780456761,129.761738
1780456761,120.665486
1780456761,117.009518
1780456761,136.498823
1780456761,120.892160
1780456761,117.233770
1780456761,121.141811
1780456761,121.261867
1780456761,107.261262
1780456761,133.622950
1780456761,107.507513
1780456761,107.724493
1780456761,140.195203
1780456761,107.879565
1780456761,139.756234
1780456761,121.497742
1780456761,106.056398
1780456761,119.461068
1780456761,140.602112
1780456761,121.561744
1780456761,140.141294
1780456761,119.647895
1780456761,119.885008
1780456761,128.282736
1780456761,135.591484
1780456761,137.347970
1780456761,128.763896
1780456761,104.804333
1780456761,132.407873
1780456761,137.911938
1780456761,132.815202
1780456761,132.683347
1780456761,120.974048
1780456761,120.594245
1780456761,120.827273
1780456761,131.462070
1780456761,121.855676
1780456761,121.322977
1780456761,121.000432
1780456761,131.884284
1780456761,119.682440
1780456761,131.927531
1780456761,119.817690
1780456761,136.829885
1780456761,133.799197
1780456761,126.479192
1780456761,141.412992
1780456761,140.722948
1780456761,118.910915
1780456761,134.206211
1780456761,108.921422
1780456761,108.808079
1780456761,109.021597
1780456761,132.748747
1780456761,134.687968
1780456761,141.086254
1780456761,108.836266
1780456761,116.601924
1780456761,138.771744
1780456761,132.923952
1780456761,132.998434
1780456761,134.179760
1780456761,131.599651
1780456761,118.469285
1780456761,131.645326
1780456761,139.045222
1780456761,117.329867
1780456761,133.630173
1780456761,139.233317
1780456761,130.740598
1780456761,130.558207
1780456761,139.835805
1780456761,130.947782
1780456761,131.279766
1780456761,128.555387
1780456761,140.255970
1780456761,117.001740
1780456761,106.776934
1780456761,117.172408
1780456761,140.531181
1780456761,128.894852
1780456761,140.855627
1780456761,129.192010
1780456761,141.034336
1780456761,140.798087
1780456761,138.300881
1780456761,138.601976
1780456761,129.831945
1780456761,129.821068
1780456761,129.266250
1780456761,129.843040
1780456761,129.362049
1780456761,129.711838
1780456761,127.936871
1780456761,139.817326
1780456761,127.904360
1780456761,128.709226
1780456761,106.012440
1780456761,106.085186
1780456761,140.689363
1780456761,140.698670
1780456761,129.084619
1780456761,143.591999
1780456761,142.317502
1780456761,132.898264
1780456761,132.836586
1780456761,132.909796
1780456761,141.107784
1780456761,107.865357
1780456761,141.222015
1780456761,141.391763
1780456761,104.549288
1780456761,139.742492
1780456761,129.668733
1780456761,140.158870
1780456761,107.557569
1780456761,106.454892
1780456761,106.473897
1780456761,142.063538
1780456761,106.155155
1780456761,140.967720
1780456761,142.103565
1780456761,131.024716
1780456761,139.617539
1780456761,131.176068
1780456761,141.462595
1780456761,131.043462
1780456761,106.341762
1780456761,130.801519
1780456761,105.468990
1780456761,129.963120
1780456761,142.196827
1780456761,123.386681
1780456761,104.271330
1780456761,140.756828
1780456761,143.074943
1780456761,125.508633
1780456761,143.345909
1780456761,119.373366
1780456761,119.525212
1780456761,106.916001
1780456761,125.531610
1780456761,125.687106
1780456761,116.149034
1780456761,129.804719
1780456761,129.528009
1780456761,128.562122
1780456761,126.510431
1780456761,126.573615
1780456761,104.853882
1780456761,126.582791
1780456761,106.776122
1780456761,144.732053
1780456761,144.100973
1780456761,144.135297
1780456761,114.801038
1780456761,110.812537
1780456761,132.178010
1780456761,132.172477
1780456761,106.117299
1780456761,116.364565
1780456761,130.998603
1780456761,124.634568
1780456761,145.890178
1780456761,125.594788
1780456761,133.573432
1780456761,128.505411
1780456761,109.744680
1780456761,128.185509
1780456761,128.421830
1780456761,116.538881
1780456761,134.031031
1780456761,128.572049
1780456761,146.051605
1780456761,116.362050
1780456761,144.830776
1780456761,129.269167
1780456761,134.109816
1780456761,143.591922
1780456761,116.525255
1780456761,116.607614
1780456761,145.223557
1780456761,106.237288
1780456761,126.254309
1780456761,106.393167
1780456761,106.047411
1780456761,144.500877
1780456761,109.989164
1780456761,106.119559
1780456761,110.291504
1780456761,144.481950
1780456761,146.042518
1780456761,111.727727
1780456761,143.848106
1780456761,141.644859
1780456761,140.595663
1780456761,112.846748
1780456761,140.853657
1780456761,141.166572
1780456761,121.252264
1780456761,113.275384
1780456761,121.861943
1780456761,121.850805
1780456761,141.759053
1780456761,121.924477
1780456761,122.170672
1780456761,121.030176
1780456761,111.511895
1780456761,115.200709
1780456761,115.186886
1780456761,136.313047
1780456761,136.430709
1780456761,136.342876
1780456761,151.369035
1780456761,151.379068
1780456761,112.244853
1780456761,136.694910
1780456761,149.869698
1780456761,136.819926
1780456761,111.837305
1780456761,136.705132
1780456761,115.945982
1780456761,149.997578
1780456761,108.215088
1780456761,116.329131
1780456761,113.069124
1780456761,151.469036
1780456761,111.237602
1780456761,112.019352
1780456761,116.965215
1780456761,113.213020
1780456761,143.649775
1780456761,123.805163
1780456761,111.599512
1780456761,123.973309
1780456761,111.518542
1780456761,123.960258
1780456761,143.956160
1780456761,120.993788
1780456761,143.101563
1780456761,122.527217
1780456761,123.798481
1780456761,143.436947
1780456761,122.825635
1780456761,122.968595
1780456761,143.681269
1780456761,112.595688
1780456761,123.083655
1780456761,123.185849
1780456761,143.967460
1780456761,112.643707
1780456761,121.187155
1780456761,113.235892
1780456761,121.210274
1780456761,144.223508
1780456761,120.459850
1780456761,112.086687
1780456761,119.227596
1780456761,112.264543
1780456761,119.225967
1780456761,144.559661
1780456761,120.423370
1780456761,119.574623
1780456761,112.475198
1780456761,144.913202
1780456761,119.740159
1780456761,119.716943
1780456761,111.395082
1780456761,144.809363
1780456761,119.769467
1780456761,119.911630
1780456761,111.603901
1780456761,145.206582
1780456761,119.318200
1780456761,113.966573
1780456761,118.422536
1780456761,145.288794
1780456761,109.486317
1780456761,118.030912
1780456761,118.011477
1780456761,144.293468
1780456761,109.724186
1780456761,117.401969
1780456761,116.153649
1780456761,110.152840
1780456761,144.097618
1780456761,118.493018
1780456761,109.621067
1780456761,144.688587
1780456761,144.250342
1780456761,144.644389
1780456761,142.659824
1780456761,142.732915
1780456761,115.528137
1780456761,142.224855
1780456761,116.223977
1780456761,141.527257
1780456761,116.292536
1780456761,142.068542
1780456761,142.091418
1780456761,116.689295
1780456761,139.275385
1780456761,116.768203
1780456761,139.346029
1780456761,117.052177
1780456761,139.579634
1780456761,116.627046
1780456761,117.284444
1780456761,137.605439
1780456761,117.462572
1780456761,137.526768
1780456761,117.312457
1780456761,112.534743
1780456761,136.828652
1780456761,117.328755
1780456761,115.235737
1780456761,114.898629
1780456761,113.137455
1780456761,115.746116
1780456761,112.675453
1780456761,118.435978
1780456761,116.102447
1780456761,139.250828
1780456761,141.306364
1780456761,139.959028
1780456761,141.220510
1780456761,141.470402
1780456761,141.331095
1780456761,141.443462
1780456761,141.613996
1780456761,103.867630
1780456761,103.650817
1780456761,138.248881
1780456761,137.775462
1780456761,105.633107
1780456761,137.692661
1780456761,105.766147
1780456761,105.879343
1780456761,136.989926
1780456761,106.156000
1780456761,137.124464
1780456761,138.017875
1780456761,106.326951
1780456761,138.168105
1780456761,106.176301
1780456761,138.278164
1780456761,106.505639
1780456761,106.326699
1780456761,138.324610
1780456761,106.399456
1780456761,106.484762
1780456761,106.701198
1780456761,106.678967
1780456761,106.709226
1780456761,144.554396
1780456761,139.834032
1780456761,140.272135
1780456761,132.474074
1780456761,137.692388
1780456761,137.877904
1780456761,137.809284
1780456761,137.872036
1780456761,137.980674
1780456761,138.760326
1780456761,138.756028
1780456761,132.669563
1780456761,131.575749
1780456761,132.949837
1780456761,131.150718
1780456761,130.617933
1780456761,131.088082
1780456761,131.780677
1780456761,131.092552
1780456761,130.302926
1780456761,129.050434
1780456761,127.444179
1780456761,127.591830
1780456761,103.309834
1780456761,129.210375
1780456761,129.319056
1780456761,103.416251
1780456761,128.562187
1780456761,125.241833
1780456761,123.820197
1780456761,104.599064
1780456761,104.353556
1780456761,104.782642
1780456761,104.796421
1780456761,105.580796
1780456761,105.447506
1780456761,106.179320
1780456761,106.256161
1780456761,112.169272
1780456761,106.292322
1780456761,106.007942
1780456761,105.993265
1780456761,106.749482
1780456761,103.987259
1780456761,106.188849
1780456761,104.386382
1780456761,103.631064
1780456761,103.695604
1780456761,104.558971
1780456761,104.685075
1780456761,104.080110
1780456761,104.532299
1780456761,104.514103
1780456761,105.280927
1780456761,104.613531
1780456761,105.322917
1780456761,104.975762
1780456761,105.641527
1780456761,106.052338
1780456761,105.512344
1780456761,106.293081
1780456761,106.377848
1780456761,105.562449
1780456761,105.759111
1780456761,106.427256
1780456761,107.247033
1780456761,106.900043
1780456761,107.472634
1780456761,107.548808
1780456761,107.970865
1780456761,108.027045
1780456761,108.247874
1780456761,109.197009
1780456761,109.610478
1780456761,109.454055
1780456761,104.762800
1780456761,110.111501
1780456761,105.654329
1780456761,110.195015
1780456761,110.510165
1780456761,106.000786
1780456761,106.357207
1780456761,106.247994
1780456761,106.568522
1780456761,107.315238
1780456761,103.755303
1780456761,107.514445
1780456761,107.552156
1780456761,107.634876
1780456761,107.459821
1780456761,104.409609
1780456761,104.940782
1780456761,104.950328
1780456761,108.631309
1780456761,109.036102
1780456761,109.106824
1780456761,108.952771
1780456761,105.595273
1780456761,105.804915
1780456761,111.216832
1780456761,112.167083
1780456761,112.606417
1780456761,113.285008
1780456761,113.481359
1780456761,110.596957
1780456761,110.657297
1780456761,114.180779
1780456761,106.798290
1780456761,110.834285
1780456761,108.216777
1780456761,108.294560
1780456761,111.087624
1780456761,111.102029
1780456761,108.649929
1780456761,115.042847
1780456761,115.027923
1780456761,109.081914
1780456761,108.883201
1780456761,108.937721
1780456761,115.236700
1780456761,109.275465
1780456761,112.424194
1780456761,109.530419
1780456761,112.792817
1780456761,109.865560
1780456761,112.828072
1780456761,110.244407
1780456761,113.014517
1780456761,109.349387
1780456761,116.649506
1780456761,110.586527
1780456761,109.831365
1780456761,110.558829
1780456761,106.802191
1780456761,110.971697
1780456761,106.915746
1780456761,107.162694
1780456761,110.751724
1780456761,106.220146
1780456761,111.271322
1780456761,105.905204
1780456761,111.612544
1780456761,106.068180
1780456761,111.153530
1780456761,111.722632
1780456761,112.008619
1780456761,112.695228
1780456761,113.353079
1780456761,113.334371
1780456761,108.055622
1780456761,108.095616
1780456761,108.173957
1780456761,120.882157
1780456761,108.154142
1780456761,113.430670
1780456761,108.486041
1780456761,108.347725
1780456761,108.308142
1780456761,113.961137
1780456761,109.292842
1780456761,114.430557
1780456761,109.156388
1780456761,114.684726
1780456761,115.111521
1780456761,109.624875
1780456761,115.116145
1780456761,114.951459
1780456761,109.624869
1780456761,109.752422
1780456761,107.414364
1780456761,109.345399
1780456761,109.961752
1780456761,116.138475
1780456761,116.489459
1780456761,117.585110
1780456761,116.186114
1780456761,117.365412
1780456761,110.478477
1780456761,117.474397
1780456761,116.152620
1780456761,117.717327
1780456761,116.806926
1780456761,117.909075
1780456761,121.166773
1780456761,111.689650
1780456761,119.432164
1780456761,119.233338
1780456761,119.716374
1780456761,119.743745
1780456761,119.642804
1780456761,119.402179
1780456761,119.411730
1780456761,126.660048
1780456761,126.867437
1780456761,120.722119
1780456761,125.745410
1780456761,122.000878
1780456761,126.773957
1780456761,126.775175
1780456761,126.725711
1780456761,127.678498
1780456761,127.340618
1780456761,120.831944
1780456761,120.795341
1780456761,117.001700
1780456761,117.083613
1780456761,121.311062
1780456761,121.609327
1780456761,121.817804
1780456761,122.147323
1780456761,121.591277
1780456761,116.411318
1780456761,107.192983
1780456761,129.876481
1780456761,123.009463
1780456761,122.974298
1780456761,115.606366
1780456761,117.518719
1780456761,107.914677
1780456761,115.197768
1780456761,118.575182
1780456761,112.652170
1780456761,112.826825
1780456761,109.664263
1780456761,124.802954
1780456761,125.040455
1780456761,124.706809
1780456761,124.523563
1780456761,117.340880
1780456761,119.661635
1780456761,110.174781
1780456761,125.833453
1780456761,114.739373
1780456761,127.568937
1780456761,116.289536
1780456761,116.370745
1780456761,117.175421
1780456761,127.729906
1780456761,119.665918
1780456761,119.928920
1780456761,132.781010
1780456761,117.884842
1780456761,117.723554
1780456761,132.397172
1780456761,120.341800
1780456761,110.815063
1780456761,133.012097
1780456761,125.521452
1780456761,111.152289
1780456761,118.375834
1780456761,133.208052
1780456761,133.318638
1780456761,124.601053
1780456761,125.641187
1780456761,124.319054
1780456761,133.517564
1780456761,122.706507
1780456761,119.151676
1780456761,119.283248
1780456761,119.279877
1780456761,119.426982
1780456761,120.559664
1780456761,121.402047
1780456761,122.153054
1780456761,123.917889
1780456761,131.126753
1780456761,121.756594
1780456761,129.846456
1780456761,122.368833
1780456761,132.502905
1780456761,131.228451
1780456761,123.126731
1780456761,119.290896
1780456761,123.008663
1780456761,119.581745
1780456761,137.549114
1780456761,124.136484
1780456761,116.749457
1780456761,119.829621
1780456761,119.929197
1780456761,120.010826
1780456761,110.514768
1780456761,110.724627
1780456761,110.845983
1780456761,112.417437
1780456761,117.204468
1780456761,112.483208
1780456761,117.290521
1780456761,117.445062
1780456761,117.507820
1780456761,120.594118
1780456761,117.572233
1780456761,111.173863
1780456761,114.072282
1780456761,109.702107
1780456761,117.340362
1780456761,114.475547
1780456761,108.481484
1780456761,107.585632
1780456761,114.304077
1780456761,112.929790
1780456761,112.918080
1780456761,113.069823
1780456761,118.447866
1780456761,107.553426
1780456761,107.670422
1780456761,113.971632
1780456761,108.526975
1780456761,116.981685
1780456761,117.725511
1780456761,109.973700
1780456761,110.534980
1780456761,108.340436
1780456761,108.440063
1780456761,108.454681
1780456761,109.958115
1780456761,110.163111
1780456761,111.039001
1780456761,111.808627
1780456761,110.265228
1780456761,111.449775
1780456761,112.007592
1780456761,119.745151
1780456761,119.467821
1780456761,116.720260
1780456761,117.238289
1780456761,117.836210
1780456761,117.829335
1780456761,118.022106
1780456761,119.639861
1780456761,113.773042
1780456761,120.759152
1780456761,114.130006
1780456761,114.258364
1780456761,113.130804
1780456761,113.164925
1780456761,114.010770
1780456761,114.927279
1780456761,114.474582
1780456761,115.621669
1780456761,105.419498
1780456761,114.994004
1780456761,114.668507
1780456761,114.848360
1780456761,113.943766
1780456761,125.193816
1780456761,119.276836
1780456761,121.337877
1780456761,119.662091
1780456761,121.249722
1780456761,121.420665
1780456761,121.495015
1780456761,121.468370
1780456761,111.495179
1780456761,109.730606
1780456761,110.303962
1780456761,125.362419
1780456761,123.974861
1780456761,115.499356
1780456761,120.558969
1780456761,107.564378
1780456761,108.861204
1780456761,123.814575
1780456761,112.911429
1780456761,112.388777
1780456761,113.037234
1780456761,126.918583
1780456761,127.398128
1780456761,125.597750
1780456761,122.940754
1780456761,121.309152
1780456761,122.357816
1780456761,119.537597
1780456761,122.593175
1780456761,121.552672
1780456761,122.527700
1780456761,119.857952
1780456761,119.920512
1780456761,121.641793
1780456761,121.770669
1780456761,121.819823
1780456761,121.922726
1780456761,122.882289
1780456761,122.958020
1780456761,122.832203
1780456761,125.846796
1780456761,105.625248
1780456761,122.490625
1780456761,105.741604
1780456761,127.739529
1780456761,127.605611
1780456761,113.248129
1780456761,116.233140
1780456761,105.053072
1780456761,121.618046
1780456761,120.742303
1780456761,120.359909
1780456761,121.004105
1780456761,118.938451
1780456761,120.278471
1780456761,107.787124
1780456761,120.085543
1780456761,120.113836
1780456761,105.853929
1780456761,120.229739
1780456761,120.160613
1780456761,122.058009
1780456761,120.460564
1780456761,118.332566
1780456761,118.413351
1780456761,106.160417
1780456761,118.525102
1780456761,106.964966
1780456761,117.391100
1780456761,106.710023
1780456761,106.548479
1780456761,117.285736
1780456761,118.333308
1780456761,104.071413
1780456761,117.782224
1780456761,116.382417
1780456761,126.213277
1780456761,119.346633
1780456761,125.361636
1780456761,126.614867
1780456761,122.411304
1780456761,126.659029
1780456761,125.632958
1780456761,122.495219
1780456761,125.666814
1780456761,111.365647
1780456761,125.844966
1780456761,121.658252
1780456761,121.885697
1780456761,125.937645
1780456761,119.897549
1780456761,126.110285
1780456761,124.947332
1780456761,126.367537
1780456761,121.642387
1780456761,122.023813
1780456761,121.508106
1780456761,121.740820
1780456761,123.916250
1780456761,120.324351
1780456761,112.447271
1780456761,121.923160
1780456761,121.144317
1780456761,124.419209
1780456761,121.522335
1780456761,121.026983
1780456761,123.625313
1780456761,110.751411
1780456761,123.376219
1780456761,122.857363
1780456761,108.908011
1780456761,110.969026
1780456761,111.251049
1780456761,111.530509
1780456761,112.399004
1780456761,112.507759
1780456761,120.545616
1780456761,111.881922
1780456761,112.051855
1780456761,120.732386
1780456761,112.132882
1780456761,125.504585
1780456761,120.757006
1780456761,108.160961
1780456761,120.874327
1780456761,108.325351
1780456761,122.789482
1780456761,123.252806
1780456761,109.742745
1780456761,118.262309
1780456761,123.092850
1780456761,122.544085
1780456761,120.114483
1780456761,107.549275
1780456761,107.670464
1780456761,107.798977
1780456761,107.582432
1780456761,121.182592
1780456761,121.289499
1780456761,121.965839
1780456761,121.424259
1780456761,108.860150
1780456761,121.717010
1780456761,109.014206
1780456761,121.943105
1780456761,109.184340
1780456761,109.167906
1780456761,113.298185
1780456761,113.606044
1780456761,125.640317
1780456761,119.522451
1780456761,113.161014
1780456761,125.831617
1780456761,122.546115
1780456761,124.758244
1780456761,124.873332
1780456761,125.023785
1780456761,125.044237
1780456761,125.120747
1780456761,112.573977
1780456761,114.115740
1780456761,125.234554
1780456761,111.175191
1780456761,119.966644
1780456761,114.264110
1780456761,111.539928
1780456761,110.979953
1780456761,119.031713
1780456761,111.089184
1780456761,120.243292
1780456761,120.199814
1780456761,116.562365
1780456761,126.178346
1780456761,112.481352
1780456761,136.551509
1780456761,122.125794
1780456761,113.233294
1780456761,113.081496
1780456761,112.607667
1780456761,120.307663
1780456761,120.431887
1780456761,120.496255
1780456761,112.886814
1780456761,112.958600
1780456761,112.806223
1780456761,118.159952
1780456761,116.505270
1780456761,118.199137
1780456761,112.616204
1780456761,137.252468
1780456761,117.597981
1780456761,120.897996
1780456761,127.021910
1780456761,138.248079
1780456761,133.297766
1780456761,121.229223
1780456761,119.695379
1780456761,138.453913
1780456761,119.851286
1780456761,137.549748
1780456761,135.913879
1780456761,116.918784
1780456761,136.375192
1780456761,136.564572
1780456761,135.910383
1780456761,122.862814
1780456761,137.977379
1780456761,118.699446
1780456761,118.032655
1780456761,132.936048
1780456761,132.162028
1780456761,104.803970
1780456761,132.212821
1780456761,132.268977
1780456761,134.823001
1780456761,120.113553
1780456761,131.645248
1780456761,133.828824
1780456761,135.592756
1780456761,134.084559
1780456761,135.719060
1780456761,135.906214
1780456761,105.454448
1780456761,135.950734
1780456761,135.900533
1780456761,132.708108
1780456761,132.733867
1780456761,121.364271
1780456761,121.528593
1780456761,120.424008
1780456761,133.031265
1780456761,120.678300
1780456761,120.513805
1780456761,120.786567
1780456761,133.368225
1780456761,122.192660
1780456761,122.299932
1780456761,123.192712
1780456761,123.038409
1780456761,122.294349
1780456761,123.245876
1780456761,109.996105
1780456761,129.978898
1780456761,105.845265
1780456761,110.495531
1780456761,135.946904
1780456761,136.051613
1780456761,130.235972
1780456761,132.788487
1780456761,105.161299
1780456761,135.920964
1780456761,135.930996
1780456761,134.289064
1780456761,109.823911
1780456761,111.827579
1780456761,126.758303
1780456761,111.964713
1780456761,127.140873
1780456761,136.689873
1780456761,124.022256
1780456761,124.068104
1780456761,112.526508
1780456761,127.632461
1780456761,112.388408
1780456761,131.029439
1780456761,130.012973
1780456761,128.353943
1780456761,128.409573
1780456761,112.881113
1780456761,132.166953
1780456761,106.338634
1780456761,113.080342
1780456761,105.543511
1780456761,106.032434
1780456761,104.805839
1780456761,104.770306
1780456761,126.913479
1780456761,128.975701
1780456761,128.204565
1780456761,129.701265
1780456761,128.269824
1780456761,129.806709
1780456761,129.833158
1780456761,105.971436
1780456761,129.956823
1780456761,127.171635
1780456761,106.567296
1780456761,126.105733
1780456761,127.644754
1780456761,107.715959
1780456761,105.810787
1780456761,106.008560
1780456761,107.776098
1780456761,105.691399
1780456761,127.141217
1780456761,103.668672
1780456761,105.670898
1780456761,103.828498
1780456761,105.719800
1780456761,103.702273
1780456761,106.680157
1780456761,106.929420
1780456761,106.875426
1780456761,103.607904
1780456761,106.064469
1780456761,105.092833
1780456761,104.973177
1780456761,102.964535
1780456761,104.644309
1780456761,103.095284
1780456761,103.238143
1780456761,117.902627
1780456761,118.360171
1780456761,102.027136
1780456761,116.468813
1780456761,105.192815
1780456761,103.542423
1780456761,116.899224
1780456761,116.475706
1780456761,103.895567
1780456761,114.957455
1780456761,102.513590
1780456761,115.009562
1780456761,115.252365
1780456761,103.301204
1780456761,114.912933
1780456761,113.902948
1780456761,103.831663
1780456761,113.981201
1780456761,103.031797
1780456761,113.923617
1780456761,114.234796
1780456761,113.945044
1780456761,114.141533
1780456761,114.982599
1780456761,116.627130
1780456761,107.660322
1780456761,114.506817
1780456761,107.128407
1780456761,107.997067
1780456761,107.437151
1780456761,114.520539
1780456761,107.099675
1780456761,114.913306
1780456761,107.536368
1780456761,115.266183
1780456761,107.320346
1780456761,115.294816
1780456761,107.354478
1780456761,115.162243
1780456761,107.632634
1780456761,102.679623
1780456761,107.995782
1780456761,108.087691
1780456761,107.952340
1780456761,108.019963
1780456761,108.243459
1780456761,103.004037
1780456761,108.057018
1780456761,107.618527
1780456761,116.163113
1780456761,117.157293
1780456761,107.895793
1780456761,117.091919
1780456761,108.509652
1780456761,102.956801
1780456761,103.891699
1780456761,117.237557
1780456761,117.611492
1780456761,103.216552
1780456761,117.541939
1780456761,108.805110
1780456761,103.438894
1780456761,117.143363
1780456761,108.607934
1780456761,108.430453
1780456761,118.083596
1780456761,103.540840
1780456761,108.199205
1780456761,116.067281
1780456761,103.923361
1780456761,118.546094
1780456761,108.362057
1780456761,116.528371
1780456761,103.975688
1780456761,104.046682
1780456761,103.544932
1780456761,103.949847
1780456761,116.290895
1780456761,102.323861
1780456761,103.668659
1780456761,115.572780
1780456761,107.912383
1780456761,113.712761
1780456761,116.845136
1780456761,104.524557
1780456761,108.730153
1780456761,104.487159
1780456761,104.485058
1780456761,113.303626
1780456761,102.847534
1780456761,103.016898
1780456761,102.902923
1780456761,103.301210
1780456761,111.948528
1780456761,112.076352
1780456761,103.495127
1780456761,102.629974
1780456761,111.853110
1780456761,112.088551
1780456761,112.720777
1780456761,112.610294
1780456761,104.170604
1780456761,104.669313
1780456761,104.749112
1780456761,103.826126
1780456761,104.336221
1780456761,104.186553
1780456761,104.500326
1780456761,113.194962
1780456761,113.559840
1780456761,104.938461
1780456761,105.190788
1780456761,113.017316
1780456761,114.245245
1780456761,104.423329
1780456761,114.281879
1780456761,105.765445
1780456761,104.168410
1780456761,104.259627
1780456761,104.491348
1780456761,107.053989
1780456761,114.973462
1780456761,115.386379
1780456761,107.323024
1780456761,106.428465
1780456761,109.023700
1780456761,108.824264
1780456761,108.983259
1780456761,108.937457
1780456761,109.088413
1780456761,110.733855
1780456761,109.281916
1780456761,111.109659
1780456761,111.072138
1780456761,111.147867
1780456761,109.041546
1780456761,105.643129
1780456761,104.672680
1780456761,106.313177
1780456761,104.592044
1780456761,106.495412
1780456761,102.822543
1780456761,106.006011
1780456761,106.237431
1780456761,102.881317
1780456761,103.235259
1780456761,109.967875
1780456761,106.459561
1780456761,106.978629
1780456761,107.280497
1780456761,106.285195
1780456761,110.904777
1780456761,104.085808
1780456761,110.689347
1780456761,106.366987
1780456761,107.458980
1780456761,106.229965
1780456761,110.914260
1780456761,111.237783
1780456761,105.121620
1780456761,104.684978
1780456761,107.176990
1780456761,104.771898
1780456761,104.834874
1780456761,104.924818
1780456761,105.102106
1780456761,113.282548
1780456761,105.191356
1780456761,105.207651
1780456761,103.815943
1780456761,105.184248
1780456761,106.340954
1780456761,104.331877
1780456761,105.185264
1780456761,104.536987
1780456761,104.719289
1780456761,102.941215
1780456761,104.264211
1780456761,104.821995
1780456761,107.349900
1780456761,107.104318
1780456761,105.053171
1780456761,106.127498
1780456761,106.192893
1780456761,103.042238
1780456761,108.676897
1780456761,108.238254
1780456761,108.472171
1780456761,107.050959
1780456761,106.331590
1780456761,109.900698
1780456761,108.599335
1780456761,109.804525
1780456761,108.065809
1780456761,108.405298
1780456761,108.092869
1780456761,105.822002
1780456761,105.904056
1780456761,110.249240
1780456761,106.109057
1780456761,109.432305
1780456761,110.398511
1780456761,109.664846
1780456761,110.343399
1780456761,109.782503
1780456761,110.628565
1780456761,110.749778
1780456761,103.977177
1780456761,109.419407
1780456761,111.660794
1780456761,103.957683
1780456761,106.444026
1780456761,111.389868
1780456761,111.608874
1780456761,111.504056
1780456761,108.035525
1780456761,110.533016
1780456761,106.266790
1780456761,109.915759
1780456761,106.251152
1780456761,106.353807
1780456761,108.792081
1780456761,107.437411
1780456761,108.026930
1780456761,109.217550
1780456761,106.827168
1780456761,108.007113
1780456761,108.207711
1780456761,108.330920
1780456761,109.160086
1780456761,111.421382
1780456761,107.789851
1780456761,109.433421
1780456761,106.840536
1780456761,109.205793
1780456761,108.470927
1780456761,109.626876
1780456761,106.605915
1780456761,107.971540
1780456761,107.154309
1780456761,107.193176
1780456761,108.496649
1780456761,108.889456
1780456761,116.456364
1780456761,116.881535
1780456761,117.119815
1780456761,109.885607
1780456761,116.783961
1780456761,117.299997
1780456761,106.945448
1780456761,108.469048
1780456761,108.532986
1780456761,117.522970
1780456761,107.762008
1780456761,117.824099
1780456761,117.705893
1780456761,107.175246
1780456761,108.016148
1780456761,108.019543
1780456761,107.590380
1780456761,108.672929
1780456761,108.638272
1780456761,108.734299
1780456761,108.292769
1780456761,109.045036
1780456761,104.559201
1780456761,108.445960
1780456761,105.047673
1780456761,108.739915
1780456761,107.453024
1780456761,107.348353
1780456761,107.574677
1780456761,107.523461
1780456761,105.096929
1780456761,109.749567
1780456761,110.233769
1780456761,110.935828
1780456761,110.865095
1780456761,105.753327
1780456761,105.750621
1780456761,107.499529
1780456761,108.533855
1780456761,108.882058
1780456761,108.234554
1780456761,107.755804
1780456761,111.896252
1780456761,107.494629
1780456761,109.710983
1780456761,107.059241
1780456761,107.459436
1780456761,108.922026
1780456761,107.488916
1780456761,108.687446
1780456761,108.942356
1780456761,108.742611
1780456761,107.643563
1780456761,108.724487
1780456761,107.863579
1780456761,106.237655
1780456761,109.134825
1780456761,111.286597
1780456761,108.894791
1780456761,108.203499
1780456761,108.769272
1780456761,106.939245
1780456761,108.944621
1780456761,109.800819
1780456761,108.661754
1780456761,104.980671
1780456761,105.102438
1780456761,108.777053
1780456761,105.383522
1780456761,105.275065
1780456761,105.198759
1780456761,110.630464
1780456761,104.052150
1780456761,111.582650
1780456761,111.829682
1780456761,109.320394
1780456761,107.680717
1780456761,111.106991
1780456761,109.590022
1780456761,104.587910
1780456761,108.411807
1780456761,108.269473
1780456761,106.046622
1780456761,109.762525
1780456761,108.174615
1780456761,110.156304
1780456761,109.257052
1780456761,103.274785
1780456761,111.441716
1780456761,103.396756
1780456761,108.545095
1780456761,110.049662
1780456761,105.194497
1780456761,110.540279
1780456761,105.148373
1780456761,105.220599
1780456761,112.172603
1780456761,106.777160
1780456761,112.604070
1780456761,115.584362
1780456761,112.707916
1780456761,112.903149
1780456761,112.978529
1780456761,113.626780
1780456761,113.137036
1780456761,113.465453
1780456761,115.356988
1780456761,113.416093
1780456761,112.522791
1780456761,110.745097
1780456761,108.476383
1780456761,108.559486
1780456761,102.954124
1780456761,109.399338
1780456761,104.233355
1780456761,110.823024
1780456761,108.209956
1780456761,104.584099
1780456761,109.677930
1780456761,111.477477
1780456761,109.966967
1780456761,111.435031
1780456761,106.516691
1780456761,110.156282
1780456761,110.609109
1780456761,108.344725
1780456761,110.018121
1780456761,103.645781
1780456761,104.857016
1780456761,105.366359
1780456761,112.114032
1780456761,105.637850
1780456761,107.255652
1780456761,103.763853
1780456761,103.635992
1780456761,103.775253
1780456761,104.230593
1780456761,107.719668
1780456761,111.039391
1780456761,106.591993
1780456761,106.725872
1780456761,111.884461
1780456761,110.916063
1780456761,113.291513
1780456761,105.158512
1780456761,111.035088
1780456761,110.812740
1780456761,113.103229
1780456761,105.517132
1780456761,113.221076
1780456761,105.299943
1780456761,111.229002
1780456761,113.055839
1780456761,105.859031
1780456761,113.016435
1780456761,104.122104
1780456761,110.736820
1780456761,113.688622
1780456761,112.953499
1780456761,113.026559
1780456761,106.794754
1780456761,106.741985
1780456761,107.095694
1780456761,106.929591
1780456761,107.379787
1780456761,111.289448
1780456761,111.432721
1780456761,106.980773
1780456761,112.212854
1780456761,107.010238
1780456761,111.003614
1780456761,106.818423
1780456761,106.903093
1780456761,107.067039
1780456761,107.436852
1780456761,107.420459
1780456761,107.298718
1780456761,113.050439
1780456761,107.475558
1780456761,112.715734
1780456761,112.791911
1780456761,104.510223
1780456761,106.214791
1780456761,111.455727
1780456761,103.781919
1780456761,110.173091
1780456761,111.765517
1780456761,109.131121
1780456761,108.468175
1780456761,108.374241
1780456761,107.938074
1780456761,107.094409
1780456761,106.637103
1780456761,106.252323
1780456761,106.551666
1780456761,107.082985
1780456761,109.524279
1780456761,106.493560
1780456761,105.622339
1780456761,106.705378
1780456761,107.852643
1780456761,108.489546
1780456761,104.756002
1780456761,107.926140
1780456761,108.387161
1780456761,103.858953
1780456761,104.663421
1780456761,103.974923
1780456761,107.522607
1780456761,111.817768
1780456761,103.498247
1780456761,112.946634
1780456761,113.401411
1780456761,113.012948
1780456761,113.343369
1780456761,112.741327
1780456761,113.268178
1780456761,107.009328
1780456761,109.106056
1780456761,113.257622
1780456761,109.177714
1780456761,112.710438
1780456761,111.649157
1780456761,112.693317
1780456761,111.926786
1780456761,114.379097
1780456761,104.960329
1780456761,108.175441
1780456761,114.462645
1780456761,112.510614
1780456761,112.053708
1780456761,114.140521
1780456761,111.421765
1780456761,112.206122
1780456761,105.552832
1780456761,114.425747
1780456761,107.133357
1780456761,114.410950
1780456761,114.712138
1780456761,109.370985
1780456761,112.918395
1780456761,105.269954
1780456761,104.861454
1780456761,114.333732
1780456761,105.234232
1780456761,114.538478
1780456761,105.160996
1780456761,112.810167
1780456761,115.604166
1780456761,114.215841
1780456761,106.074409
1780456761,115.691781
1780456761,105.726881
1780456761,114.498977
1780456761,114.270621
1780456761,107.126315
1780456761,113.583235
1780456761,113.529635
1780456761,110.376207
1780456761,116.123242
1780456761,103.474445
1780456761,115.878655
1780456761,114.050093
1780456761,106.573079
1780456761,115.771237
1780456761,114.362514
1780456761,109.944716
1780456761,110.292482
1780456761,110.312724
1780456761,108.794938
1780456761,114.333746
1780456761,113.208630
1780456761,111.180974
1780456761,109.917390
1780456761,109.077897
1780456761,109.880135
1780456761,107.232219
1780456761,110.269318
1780456761,106.575981
1780456761,113.699718
1780456761,114.994105
1780456761,110.591855
1780456761,112.545045
1780456761,112.407095
1780456761,112.744700
1780456761,117.734173
1780456761,113.769643
1780456761,109.437539
1780456761,113.932605
1780456761,117.991679
1780456761,118.635652
1780456761,105.716140
1780456761,112.914909
1780456761,111.337680
1780456761,112.676060
1780456761,111.611149
1780456761,120.690604
1780456761,117.791479
1780456761,121.576462
1780456761,106.507676
1780456761,105.941214
1780456761,107.081904
1780456761,107.848414
1780456761,105.819714
1780456761,116.664877
1780456761,117.661037
1780456761,121.930645
1780456761,121.882326
1780456761,121.863083
1780456761,121.924374
1780456761,117.607995
1780456761,108.484562
1780456761,122.141792
1780456761,117.948253
1780456761,108.510524
1780456761,111.240216
1780456761,109.583904
1780456761,118.257572
1780456761,102.948834
1780456761,115.210503
1780456761,107.732420
1780456761,117.423416
1780456761,107.086893
1780456761,103.142396
1780456761,114.853302
1780456761,105.304424
1780456761,103.356303
1780456761,114.815052
1780456761,122.174464
1780456761,123.208636
1780456761,114.586347
1780456761,107.423159
1780456761,107.419683
1780456761,123.188473
1780456761,123.264496
1780456761,117.803453
1780456761,114.923306
1780456761,119.987321
1780456761,103.989629
1780456761,104.305337
1780456761,113.012684
1780456761,104.478151
1780456761,104.095834
1780456761,115.397870
1780456761,108.017645
1780456761,118.398684
1780456761,104.470177
1780456761,119.097885
1780456761,113.126902
1780456761,113.649551
1780456761,113.722221
1780456761,105.008362
1780456761,115.904236
1780456761,115.037099
1780456761,107.176788
1780456761,117.517833
1780456761,118.397993
1780456761,114.891240
1780456761,111.819207
1780456761,119.938446
1780456761,120.580840
1780456761,112.104988
1780456761,123.271779
1780456761,112.631538
1780456761,123.519205
1780456761,124.025152
1780456761,119.692784
1780456761,112.498787
1780456761,119.982821
1780456761,120.212143
1780456761,124.742786
1780456761,120.592637
1780456761,126.089571
1780456761,121.552434
1780456761,114.634184
1780456761,128.670266
1780456761,123.774489
1780456761,124.324160
1780456761,128.384683
1780456761,125.327539
1780456761,125.897336
1780456761,130.332104
1780456761,129.710875
1780456761,126.753547
1780456761,127.181369
1780456761,130.589953
1780456761,127.622531
1780456761,128.307460
1780456761,131.817676
1780456761,129.317485
1780456761,134.661516
1780456761,131.605688
1780456761,121.388433
1780456761,135.206903
1780456761,133.852102
1780456761,139.214584
1780456761,134.559206
1780456761,125.676108
1780456761,138.149804
1780456761,135.889172
1780456761,135.914782
1780456761,136.291692
1780456761,139.606102
1780456761,141.719342
1780456761,137.290890
1780456761,140.850719
1780456761,137.641143
1780456761,141.318293
1780456761,140.257718
1780456761,138.211798
1780456761,137.911638
1780456761,141.947218
1780456761,142.184377
1780456761,138.144504
1780456761,138.793764
1780456761,143.799754
1780456761,139.765296
1780456761,144.049094
1780456761,144.603804
1780456761,143.421796
1780456761,141.902867
1780456761,148.740450
1780456761,145.658427
1780456761,146.728398
1780456761,149.409837
1780456761,147.518834
1780456761,149.983341
1780456761,151.510540
1780456761,147.683935
1780456761,150.921061
1780456761,148.602908
1780456761,152.780441
1780456761,149.100258
1780456761,151.213243
1780456761,152.114032
1780456761,152.873380
1780456761,153.295987
1780456761,154.514002
1780456761,155.320706
1780456761,155.824346
1780456761,157.399187
1780456761,156.489111
1780456761,156.490747
1780456761,160.942361
1780456761,160.798494
1780456761,156.709667
1780456761,157.081468
1780456761,162.021409
1780456761,156.910837
1780456761,157.293023
1780456761,161.433066
1780456761,145.036145
1780456761,170.240614
1780456761,170.690739
1780456761,173.693116
1780456761,171.792080
1780456761,152.094454
1780456761,167.403518
1780456761,177.972270
1780456761,170.250835
1780456761,164.951075
1780456761,170.922924
1780456761,170.922800
1780456761,174.690529
1780456761,175.127238
1780456761,179.409683
1780456761,175.825736
1780456761,180.727412
1780456761,180.797722
1780456761,181.545255
1780456761,178.528330
1780456761,180.182247
1780456761,182.665602
1780456761,182.634692
1780456761,182.853810
1780456761,174.332187
1780456761,183.204389
1780456761,181.740886
1780456761,174.947590
1780456761,182.062803
1780456761,182.418468
1780456761,185.498595
1780456761,186.414202
1780456761,187.246849
1780456761,187.595840
1780456761,187.196843
1780456761,187.751885
1780456761,188.244147
1780456761,188.232208
1780456761,188.453347
1780456761,188.686260
1780456761,189.056011
1780456761,190.369564
1780456761,190.445332
1780456761,190.564301
1780456761,191.255875
1780456761,191.165773
1780456761,190.756390
1780456761,193.753610
1780456761,218.468235
1780456761,213.822939
1780456761,206.298621
1780456761,206.441400
1780456761,188.659595
1780456761,197.482301
1780456761,200.654114
1780456761,205.517712
1780456761,206.792770
1780456761,205.909615
1780456761,206.433365
1780456761,207.167878
1780456761,198.448019
1780456761,207.357668
1780456761,208.438169
1780456761,199.348105
1780456761,199.394962
1780456761,199.790876
1780456761,209.614828
1780456761,200.351245
1780456761,209.705705
1780456761,209.860713
1780456761,208.426403
1780456761,204.568857
1780456761,209.150491
1780456761,209.756417
1780456761,211.259966
1780456761,211.671669
1780456761,205.868729
1780456761,212.226312
1780456761,213.417570
1780456761,213.392490
1780456761,206.367020
1780456761,207.099710
1780456761,191.625204
1780456761,207.546844
1780456761,213.644861
1780456761,213.681711
1780456761,207.639134
1780456761,192.061266
1780456761,213.694748
1780456761,193.380820
1780456761,209.191143
1780456761,208.498142
1780456761,208.407235
1780456761,210.582464
1780456761,216.348857
1780456761,211.332294
1780456761,212.402155
1780456761,209.753907
1780456761,212.980254
1780456761,214.943523
1780456761,217.974398
1780456761,217.905255
1780456761,214.129157
1780456761,201.465901
1780456761,216.158843
1780456761,201.643382
1780456761,213.401720
1780456761,204.194374
1780456761,217.750744
1780456761,204.884898
1780456761,219.385312
1780456761,204.821383
1780456761,204.533088
1780456761,218.073524
1780456761,218.069470
1780456761,206.099015
1780456761,215.991794
1780456761,206.763144
1780456761,206.543235
1780456761,205.783405
1780456761,199.687302
1780456761,206.342376
1780456761,201.578458
1780456761,206.853465
1780456761,206.832954
1780456761,207.026277
1780456761,202.369106
1780456761,183.433975
1780456761,183.587925
1780456761,186.424140
1780456761,187.386658
1780456761,185.525343
1780456761,186.470833
1780456761,186.010137
1780456761,187.318006
1780456761,192.350192
1780456761,188.604527
1780456761,196.401087
1780456761,196.270789
1780456761,197.710884
1780456761,198.035597
1780456761,199.535925
1780456761,190.711112
1780456761,199.775400
1780456761,191.584338
1780456761,198.544836
1780456761,193.974282
1780456761,194.350355
1780456761,194.750751
1780456761,194.614377
1780456761,195.087268
1780456761,196.196349
1780456761,196.353540
1780456761,196.951168
1780456761,195.231211
1780456761,195.575703
1780456761,206.228568
1780456761,214.275834
1780456761,207.462770
1780456761,205.384063
1780456761,214.017872
1780456761,205.608262
1780456761,207.902448
1780456761,214.854477
1780456761,214.634797
1780456761,215.081554
1780456761,215.161502
1780456761,211.112404
1780456761,211.724012
1780456761,215.486290
1780456761,218.049604
1780456761,215.312907
1780456761,214.052400
1780456761,214.705224
1780456761,208.409219
1780456761,215.116910
1780456761,191.609730
1780456761,191.248526
1780456761,223.291797
1780456761,189.367571
1780456761,193.022165
1780456761,228.118311
1780456761,192.407931
1780456761,193.439935
1780456761,200.881998
1780456761,223.774196
1780456761,200.912707
1780456761,203.167524
1780456761,215.556426
1780456761,212.945959
1780456761,191.486732
1780456761,228.363510
1780456761,192.896734
1780456761,200.675604
1780456761,202.754833
1780456761,226.975417
1780456761,226.686994
1780456761,227.560521
1780456761,229.338100
1780456761,227.052121
1780456761,229.523602
1780456761,229.524615
1780456761,228.801682
1780456761,230.725091
1780456761,231.354852
1780456761,231.377970
1780456761,230.321005
1780456761,230.620878
1780456761,230.881814
1780456761,231.498276
1780456761,231.555654
1780456761,231.780131
1780456761,232.044352
1780456761,224.953782
1780456761,232.953301
1780456761,233.626051
1780456761,233.805105
1780456761,234.517130
1780456761,210.652761
1780456761,210.817889
1780456761,210.960286
1780456761,203.502712
1780456761,211.837451
1780456761,212.392617
1780456761,213.673215
1780456761,213.877201
1780456761,212.315570
1780456761,214.060201
1780456761,214.329693
1780456761,213.020348
1780456761,214.580113
1780456761,205.774650
1780456761,206.134020
1780456761,215.073572
1780456761,216.669015
1780456761,217.014132
1780456761,217.623888
1780456761,217.853691
1780456761,217.950766
1780456761,218.137389
1780456761,220.989033
1780456761,207.760155
1780456761,207.937794
1780456761,221.474410
1780456761,217.827457
1780456761,221.880578
1780456761,222.070400
1780456761,219.122128
1780456761,221.100728
1780456761,210.300047
1780456761,222.692946
1780456761,222.875310
1780456761,196.586745
1780456761,211.310055
1780456761,211.908627
1780456761,221.935099
1780456761,222.090171
1780456761,212.130993
1780456761,214.037025
1780456761,214.208036
1780456761,222.747536
1780456761,224.083308
1780456761,214.415580
1780456761,212.788392
1780456761,223.506921
1780456761,215.156647
1780456761,223.993130
1780456761,215.327886
1780456761,213.218193
1780456761,199.905413
1780456761,200.511635
1780456761,200.849185
1780456761,199.670684
1780456761,199.453839
1780456761,199.907320
1780456761,200.497998
1780456761,197.334671
1780456761,201.993953
1780456761,201.259069
1780456761,201.732546
1780456761,201.930865
1780456761,203.512814
1780456761,203.702735
1780456761,203.371822
1780456761,199.862303
1780456761,204.435360
1780456761,205.485388
1780456761,201.524391
1780456761,201.433531
1780456761,181.665643
1780456761,181.740873
1780456761,181.993147
1780456761,185.732715
1780456761,185.819155
1780456761,186.141074
1780456761,187.398439
1780456761,187.270491
1780456761,187.793754
1780456761,189.150711
1780456761,189.348542
1780456761,189.616915
1780456761,188.870824
1780456761,188.839288
1780456761,190.530619
1780456761,190.738425
1780456761,190.216565
1780456761,190.313691
1780456761,190.325626
1780456761,190.836418
1780456761,189.866333
1780456761,186.548927
1780456761,191.526522
1780456761,191.625031
1780456761,187.244222
1780456761,192.765514
1780456761,192.341238
1780456761,193.450007
1780456761,193.494378
1780456761,186.924623
1780456761,193.570268
1780456761,194.033427
1780456761,194.224230
1780456761,194.536417
1780456761,193.840131
1780456761,196.493763
1780456761,197.674641
1780456761,196.266867
1780456761,197.434793
1780456761,195.527411
1780456761,198.802754
1780456761,197.274132
1780456761,199.122798
1780456761,198.748366
1780456761,199.624210
1780456761,198.327326
1780456761,192.486646
1780456761,200.571727
1780456761,200.512485
1780456761,198.430082
1780456761,201.206409
1780456761,201.477928
1780456761,201.945064
1780456761,202.119793
1780456761,205.386973
1780456761,206.813422
1780456761,205.361570
1780456761,206.013670
1780456761,207.730074
1780456761,194.811927
1780456761,194.693455
1780456761,195.126323
1780456761,195.318851
1780456761,196.654816
1780456761,196.875698
1780456761,176.973328
1780456761,177.027356
1780456761,183.331688
1780456761,178.276043
1780456761,183.665752
1780456761,183.567186
1780456761,180.073222
1780456761,181.866238
1780456761,183.189448
1780456761,180.530386
1780456761,183.536440
1780456761,180.690540
1780456761,184.361333
1780456761,184.610605
1780456761,184.755709
1780456761,184.987619
1780456761,181.486006
1780456761,186.229266
1780456761,183.172082
1780456761,185.509617
1780456761,186.656928
1780456761,186.951898
1780456761,185.691072
1780456761,188.833974
1780456761,189.050996
1780456761,187.475841
1780456761,187.683583
1780456761,189.295727
1780456761,189.676907
1780456761,189.487657
1780456761,190.457977
1780456761,192.863524
1780456761,192.255259
1780456761,193.089702
1780456761,188.500362
1780456761,190.170098
1780456761,170.872412
1780456761,172.306065
1780456761,171.200666
1780456761,173.797593
1780456761,172.981896
1780456761,172.712860
1780456761,174.224467
1780456761,173.250812
1780456761,173.443530
1780456761,175.220807
1780456761,175.371316
1780456761,175.556317
1780456761,175.030485
1780456761,175.806646
1780456761,176.244573
1780456761,174.417808
1780456761,175.545937
1780456761,176.349114
1780456761,176.805758
1780456761,176.827414
1780456761,177.070885
1780456761,177.389264
1780456761,177.561871
1780456761,178.439246
1780456761,177.863947
1780456761,177.971645
1780456761,179.349323
1780456761,179.029915
1780456761,182.225526
1780456761,183.227832
1780456761,185.271287
1780456761,185.426457
1780456761,185.557151
1780456761,185.775766
1780456761,185.651249
1780456761,183.181914
1780456761,185.961910
1780456761,184.085953
1780456761,184.298137
1780456761,186.262214
1780456761,186.477024
1780456761,186.431350
1780456761,186.797240
1780456761,190.292515
1780456761,190.548872
1780456761,190.849652
1780456761,190.686238
1780456761,216.520451
1780456761,219.671335
1780456761,219.599976
1780456761,219.858942
1780456761,218.729275
1780456761,219.371983
1780456761,219.166599
1780456761,219.799222
1780456761,219.452485
1780456761,219.238911
1780456761,221.121190
1780456761,223.290245
1780456761,223.449635
1780456761,222.833912
1780456761,222.973080
1780456761,224.321232
1780456761,199.053045
1780456761,200.100201
1780456761,200.210772
1780456761,200.324395
1780456761,201.501806
1780456761,201.910459
1780456761,202.005551
1780456761,201.788364
1780456761,202.757526
1780456761,202.748373
1780456761,203.581867
1780456761,210.607754
1780456761,209.473539
1780456761,210.807941
1780456761,209.788147
1780456761,211.091339
1780456761,210.065222
1780456761,210.096490
1780456761,211.826530
1780456761,210.475455
1780456761,210.722339
1780456761,212.329212
1780456761,211.052613
1780456761,211.126224
1780456761,212.749960
1780456761,211.489381
1780456761,213.079099
1780456761,213.124361
1780456761,211.930195
1780456761,212.758469
1780456761,212.362601
1780456761,213.494744
1780456761,213.191407
1780456761,214.017064
1780456761,219.049436
1780456761,218.906824
1780456761,205.730400
1780456761,192.361074
1780456761,206.827801
1780456761,208.375157
1780456761,204.923156
1780456761,185.504875
1780456761,188.798989
1780456761,188.851438
1780456761,184.781179
1780456761,191.084011
1780456761,183.027509
1780456761,189.168646
1780456761,191.242916
1780456761,189.170602
1780456761,185.588051
1780456761,191.412598
1780456761,193.462096
1780456761,185.680300
1780456761,191.126724
1780456761,192.345021
1780456761,184.981597
1780456761,192.423978
1780456761,189.548175
1780456761,191.133651
1780456761,191.695923
1780456761,179.086475
1780456761,185.009830
1780456761,181.562045
1780456761,189.609482
1780456761,177.488966
1780456761,186.193411
1780456761,186.271513
1780456761,191.239591
1780456761,179.397808
1780456761,191.779794
1780456761,191.438692
1780456761,186.197912
1780456761,182.140669
1780456761,191.916099
1780456761,182.557079
1780456761,194.215715
1780456761,183.073142
1780456761,191.856512
1780456761,181.381039
1780456761,185.343379
1780456761,175.826384
1780456761,177.100993
1780456761,184.901398
1780456761,184.941724
1780456761,177.494850
1780456761,185.058644
1780456761,178.382026
1780456761,185.889521
1780456761,175.164707
1780456761,185.232241
1780456761,179.253701
1780456761,186.485486
1780456761,178.609998
1780456761,192.117540
1780456761,175.595675
1780456761,185.392943
1780456761,176.587480
1780456761,193.700154
1780456761,182.093885
1780456761,186.781330
1780456761,183.268403
1780456761,196.033528
1780456761,183.722081
1780456761,195.931748
1780456761,183.957857
1780456761,196.236308
1780456761,184.404285
1780456761,186.024907
1780456761,185.106837
1780456761,187.141223
1780456761,185.962053
1780456761,185.586974
1780456761,197.134651
1780456761,186.266240
1780456761,197.305110
1780456761,185.303102
1780456761,186.392156
1780456761,185.696763
1780456761,106.028367
1780456761,186.328628
1780456761,105.856098
1780456761,186.131564
1780456761,105.738233
1780456761,170.486089
1780456761,105.981423
1780456761,167.764846
1780456761,190.739259
1780456761,163.817151
1780456761,167.736746
1780456761,167.941199
1780456761,168.106747
1780456761,163.613808
1780456761,173.374605
1780456761,174.873663
1780456761,173.907320
1780456761,168.213730
1780456761,173.363018
1780456761,168.173951
1780456761,169.785143
1780456761,168.549823
1780456761,174.030741
1780456761,170.021578
1780456761,170.406640
1780456761,170.722320
1780456761,170.304750
1780456761,171.619965
1780456761,172.020080
1780456761,172.383357
1780456761,172.799808
1780456761,154.971135
1780456761,155.262400
1780456761,156.725777
1780456761,238.614027
1780456761,151.666321
1780456761,238.715187
1780456761,156.409335
1780456761,155.999257
1780456761,235.041560
1780456761,238.546002
1780456761,157.900108
1780456761,234.828672
1780456761,157.797157
1780456761,235.200502
1780456761,235.330541
1780456761,159.004944
1780456761,238.603394
1780456761,158.627238
1780456761,158.830237
1780456761,238.798932
1780456761,236.304134
1780456761,234.869384
1780456761,160.011545
1780456761,238.115205
1780456761,162.637881
1780456761,239.491875
1780456761,164.749707
1780456761,238.421241
1780456761,165.578017
1780456761,239.390345
1780456761,165.914744
1780456761,239.548351
1780456761,165.280712
1780456761,239.668271
1780456761,238.604285
1780456761,238.806020
1780456761,238.975407
1780456761,239.588658
1780456761,239.196505
1780456761,239.778243
1780456761,241.480095
1780456761,241.809901
1780456761,241.947763
1780456761,240.122087
1780456761,244.021794
1780456761,239.810076
1780456761,241.525707
1780456761,241.599543
1780456761,242.233115
1780456761,240.023777
1780456761,164.416903
1780456761,240.196058
1780456761,244.272220
1780456761,241.948369
1780456761,242.259215
1780456761,243.616120
1780456761,244.551805
1780456761,242.064519
1780456761,244.430180
1780456761,242.577014
1780456761,242.795630
1780456761,245.475117
1780456761,247.296140
1780456761,244.735749
1780456761,243.248193
1780456761,178.387724
1780456761,160.524599
1780456761,161.482571
1780456761,227.421283
1780456761,144.769549
1780456761,145.308259
1780456761,164.431745
1780456761,148.262214
1780456761,166.754716
1780456761,148.062460
1780456761,148.256283
1780456761,167.266138
1780456761,148.803826
1780456761,145.984379
1780456761,164.274070
1780456761,148.693638
1780456761,148.354301
1780456761,168.112662
1780456761,167.419512
1780456761,168.244217
1780456761,146.877073
1780456761,148.703280
1780456761,167.385507
1780456761,147.340680
1780456761,149.069002
1780456761,141.444184
1780456761,142.423119
1780456761,147.904287
1780456761,168.948354
1780456761,167.360301
1780456761,149.586261
1780456761,148.978718
1780456761,168.395679
1780456761,167.120630
1780456761,160.293179
1780456761,133.503413
1780456761,134.944375
1780456761,135.420660
1780456761,133.927316
1780456761,160.757601
1780456761,161.048520
1780456761,161.510679
1780456761,161.367525
1780456761,161.496322
1780456761,161.701088
1780456761,136.411235
1780456761,136.508737
1780456761,140.486797
1780456761,141.349143
1780456761,141.345348
1780456761,162.515852
1780456761,142.748771
1780456761,162.040940
1780456761,142.196798
1780456761,156.720320
1780456761,162.284637
1780456761,157.162076
1780456761,146.499537
1780456761,158.033761
1780456761,148.915168
1780456761,158.528242
1780456761,150.411457
1780456761,158.853971
1780456761,146.009958
1780456761,159.858451
1780456761,141.381694
1780456761,160.868140
1780456761,143.397702
1780456761,161.705236
1780456761,143.398763
1780456761,162.003221
1780456761,163.551229
1780456761,162.798222
1780456761,147.469820
1780456761,145.815478
1780456761,162.990801
1780456761,144.613716
1780456761,163.200767
1780456761,144.342008
1780456761,145.497789
1780456761,147.406951
1780456761,144.884668
1780456761,145.859034
1780456761,148.435188
1780456761,146.436294
1780456761,167.477097
1780456761,146.229008
1780456761,166.734862
1780456761,146.653635
1780456761,149.275527
1780456761,166.629356
1780456761,146.827172
1780456761,147.272832
1780456761,148.313603
1780456761,147.013240
1780456761,146.908625
1780456761,145.229849
1780456761,145.540010
1780456761,147.878672
1780456761,148.616188
1780456761,161.180276
1780456761,117.635385
1780456761,125.621174
1780456761,118.389183
1780456761,160.879792
1780456761,161.442188
1780456761,160.783849
1780456761,129.903063
1780456761,160.324260
1780456761,130.381018
1780456761,117.374170
1780456761,161.786012
1780456761,117.995374
1780456761,131.329284
1780456761,119.645831
1780456761,131.914592
1780456761,117.656056
1780456761,117.062625
1780456761,118.729188
1780456761,133.517455
1780456761,162.119654
1780456761,117.178900
1780456761,134.531840
1780456761,117.550212
1780456761,134.255261
1780456761,162.421526
1780456761,117.888914
1780456761,162.300135
1780456761,118.161822
1780456761,162.613361
1780456761,118.348468
1780456761,135.152183
1780456761,160.572378
1780456761,119.618729
1780456761,136.604125
1780456761,119.081360
1780456761,118.771344
1780456761,119.361628
1780456761,162.379879
1780456761,118.968995
1780456761,118.215561
1780456761,160.464133
1780456761,160.645471
1780456761,158.929482
1780456761,158.557571
1780456761,119.711331
1780456761,159.187314
1780456761,159.862119
1780456761,161.900933
1780456761,117.005650
1780456761,119.699033
1780456761,108.598056
1780456761,106.699527
1780456761,106.715215
1780456761,121.076633
1780456761,136.185033
1780456761,118.663587
1780456761,104.993349
1780456761,106.241749
1780456761,111.032426
1780456761,153.634825
1780456761,120.054101
1780456761,154.603242
1780456761,155.090760
1780456761,121.338548
1780456761,139.640211
1780456761,139.317204
1780456761,119.730261
1780456761,140.577906
1780456761,138.437258
1780456761,115.604767
1780456761,126.523963
1780456761,126.831665
1780456761,143.696718
1780456761,143.389457
1780456761,125.086918
1780456761,159.164670
1780456761,143.026703
1780456761,159.859805
1780456761,143.453519
1780456761,117.366475
1780456761,143.860271
1780456761,123.796544
1780456761,111.705657
1780456761,111.988161
1780456761,112.838973
1780456761,112.482432
1780456761,113.420839
1780456761,112.799983
1780456761,113.670461
1780456761,142.222058
1780456761,113.170738
1780456761,122.306411
1780456761,140.828612
1780456761,114.280127
1780456761,126.447453
1780456761,127.322868
1780456761,130.214567
1780456761,115.162407
1780456761,129.853659
1780456761,129.951085
1780456761,171.482128
1780456761,121.391527
1780456761,124.499061
1780456761,122.353744
1780456761,123.982949
1780456761,111.712912
1780456761,123.205045
1780456761,126.302186
1780456761,117.267283
1780456761,124.457487
1780456761,130.878586
1780456761,131.220710
1780456761,127.306055
1780456761,128.985382
1780456761,129.144947
1780456761,129.464980
1780456761,130.058937
1780456761,127.049769
1780456761,114.390959
1780456761,125.427631
1780456761,113.779355
1780456761,121.764809
1780456761,122.818549
1780456761,123.337533
1780456761,145.014179
1780456761,160.260039
1780456761,130.531945
1780456761,126.287843
1780456761,129.730012
1780456761,118.949099
1780456761,130.438981
1780456761,130.406598
1780456761,130.675845
1780456761,131.018962
1780456761,130.993768
1780456761,145.546387
1780456761,118.376014
1780456761,117.942788
1780456761,118.621723
1780456761,126.664916
1780456761,127.180000
1780456761,123.217271
1780456761,144.930707
1780456761,114.271730
1780456761,114.610230
1780456761,114.512739
1780456761,164.837022
1780456761,143.792991
1780456761,165.249254
1780456761,143.863910
1780456761,165.056900
1780456761,117.651143
1780456761,117.140439
1780456761,114.639460
1780456761,164.020799
1780456761,116.691298
1780456761,116.639883
1780456761,163.185861
1780456761,157.666387
1780456761,161.324597
1780456761,114.722386
1780456761,132.590898
1780456761,159.614634
1780456761,129.609061
1780456761,158.887894
1780456761,133.682356
1780456761,128.722418
1780456761,159.282592
1780456761,165.255630
1780456761,161.489571
1780456761,164.592494
1780456761,130.069196
1780456761,161.665669
1780456761,131.138496
1780456761,161.007578
1780456761,121.266668
1780456761,160.959790
1780456761,160.905114
1780456761,128.534548
1780456761,159.889420
1780456761,131.970261
1780456761,130.973278
1780456761,130.528671
1780456761,134.848536
1780456761,132.380228
1780456761,135.932534
1780456761,130.277285
1780456761,131.978497
1780456761,130.818564
1780456761,129.589641
1780456761,129.574469
1780456761,127.169115
1780456761,127.951307
1780456761,125.524271
1780456761,124.842334
1780456761,124.803421
1780456761,124.688174
1780456761,121.765300
1780456761,103.051450
1780456761,102.747740
1780456761,102.629218
1780456761,103.371963
1780456761,103.430197
1780456761,104.051539
1780456761,103.472313
1780456761,103.246944
1780456761,103.402562
1780456761,103.607718
1780456761,105.449995
1780456761,102.670741
1780456761,103.846963
1780456761,104.743378
1780456761,104.456567
1780456761,107.584184
1780456761,104.569172
1780456761,104.819374
1780456761,107.928257
1780456761,106.832330
1780456761,110.291468
1780456761,109.620633
1780456761,103.902221
1780456761,105.058942
1780456761,106.351101
1780456761,106.590584
1780456761,105.058309
1780456761,106.157141
1780456761,107.203012
1780456761,106.157132
1780456761,106.382603
1780456761,103.572780
1780456761,107.024830
1780456761,105.937998
1780456761,110.111580
1780456761,107.643820
1780456761,108.741371
1780456761,106.087524
1780456761,108.947395
1780456761,109.131488
1780456761,109.323167
1780456761,104.704475
1780456761,106.478859
1780456761,104.596252
1780456761,115.975304
1780456761,114.847623
1780456761,107.483178
1780456761,108.315352
1780456761,108.489089
1780456761,107.315684
1780456761,107.987429
1780456761,107.708422
1780456761,109.027119
1780456761,107.500285
1780456761,108.035936
1780456761,108.226344
1780456761,111.220638
1780456761,111.569244
1780456761,104.248094
1780456761,102.611037
1780456761,102.807709
1780456761,102.762336
1780456761,202.479300
1780456761,202.687085
1780456761,103.156026
1780456761,203.893702
1780456761,103.394738
1780456761,203.658060
1780456761,103.738030
1780456761,102.339780
1780456761,207.471181
1780456761,102.713110
1780456761,207.391275
1780456761,101.516651
1780456761,102.808976
1780456761,102.746944
1780456761,207.520898
1780456761,206.973939
1780456761,102.889400
1780456761,102.349539
1780456761,102.845236
1780456761,102.551522
1780456761,102.762999
1780456761,207.971786
1780456761,103.165362
1780456761,208.020702
1780456761,102.462716
1780456761,102.326591
1780456761,102.835117
1780456761,208.463547
1780456761,102.483771
1780456761,102.301472
1780456761,102.638004
1780456761,102.261328
1780456761,102.624866
1780456761,102.469456
1780456761,102.319340
1780456761,102.299086
1780456761,102.275067
1780456761,102.293160
1780456761,102.169893
1780456761,102.518322
1780456761,102.450580
1780456761,102.239132
1780456761,102.459899
1780456761,102.316127
1780456761,102.502627
1780456761,102.483496
1780456761,103.588490
1780456761,215.029176
1780456761,103.952932
1780456761,104.146094
1780456761,104.718099
1780456761,104.889610
1780456761,104.088143
1780456761,106.868308
1780456761,107.016898
1780456761,107.079139
1780456761,209.947328
1780456761,106.346567
1780456761,107.064659
1780456761,108.473440
1780456761,218.994040
1780456761,108.406236
1780456761,109.317377
1780456761,109.317815
1780456761,111.766517
1780456761,214.041015
1780456761,111.733923
1780456761,217.918150
1780456761,114.391480
1780456761,111.405771
1780456761,114.547507
1780456761,111.557959
1780456761,216.597984
1780456761,115.129966
1780456761,218.282827
1780456761,114.700857
1780456761,115.219505
1780456761,123.308602
1780456761,123.536304
1780456761,225.413974
1780456761,120.085607
1780456761,235.601826
1780456761,124.508798
1780456761,236.056128
1780456761,124.436421
1780456761,235.897323
1780456761,123.704178
1780456761,124.763999
1780456761,124.674347
1780456761,228.271709
1780456761,121.513662
1780456761,235.855319
1780456761,125.080724
1780456761,120.756818
1780456761,235.787063
1780456761,120.242370
1780456761,226.851906
1780456761,120.415010
1780456761,124.713161
1780456761,124.882688
1780456761,124.953546
1780456761,124.819609
1780456761,125.030875
1780456761,232.629641
1780456761,126.163722
1780456761,232.223676
1780456761,128.947698
1780456761,231.739339
1780456761,127.541676
1780456761,126.201615
1780456761,231.954421
1780456761,128.440949
1780456761,125.687100
1780456761,128.921565
1780456761,129.109290
1780456761,126.336013
1780456761,129.228729
1780456761,287.561941
1780456761,125.373652
1780456761,123.085783
1780456761,129.274747
1780456761,129.263527
1780456761,123.358244
1780456761,234.470769
1780456761,292.809362
1780456761,124.489047
1780456761,127.558654
1780456761,132.488383
1780456761,290.775421
1780456761,128.168855
1780456761,128.414700
1780456761,129.963072
1780456761,126.607818
1780456761,295.783278
1780456761,126.680935
1780456761,127.793277
1780456761,128.900400
1780456761,297.023968
1780456761,238.129437
1780456761,290.985504
1780456761,127.912823
1780456761,126.161265
1780456761,132.388510
1780456761,126.698335
1780456761,126.761818
1780456761,126.406445
1780456761,126.455353
1780456761,128.028292
1780456761,127.881610
1780456761,127.936091
1780456761,132.571774
1780456761,298.466548
1780456761,297.883876
1780456761,127.906898
1780456761,132.037554
1780456761,133.752538
1780456761,297.817132
1780456761,139.871836
1780456761,297.670185
1780456761,132.505551
1780456761,242.467448
1780456761,297.508765
1780456761,296.811841
1780456761,133.784551
1780456761,250.960804
1780456761,133.738612
1780456761,132.459186
1780456761,133.525979
1780456761,133.879767
1780456761,294.430211
1780456761,130.322026
1780456761,294.346507
1780456761,130.035664
1780456761,131.367525
1780456761,133.208601
1780456761,135.994703
1780456761,133.726226
1780456761,136.752334
1780456761,132.323722
1780456761,131.914617
1780456761,130.785485
1780456761,130.536574
1780456761,138.489620
1780456761,125.593572
1780456761,133.205150
1780456761,132.372772
1780456761,125.802600
1780456761,131.015653
1780456761,126.196860
1780456761,128.893158
1780456761,126.362683
1780456761,129.132651
1780456761,131.574174
1780456761,129.260648
1780456761,125.715813
1780456761,132.940736
1780456761,128.986835
1780456761,126.079685
1780456761,131.855515
1780456761,132.401435
1780456761,129.196166
1780456761,126.080705
1780456761,133.344526
1780456761,129.258763
1780456761,133.505741
1780456761,134.315804
1780456761,125.963867
1780456761,126.065598
1780456761,129.374844
1780456761,130.270006
1780456761,129.072478
1780456761,134.705839
1780456761,129.160412
1780456761,130.085615
1780456761,125.137618
1780456761,133.941557
1780456761,126.321485
1780456761,130.382709
1780456761,129.362052
1780456761,131.498095
1780456761,137.816833
1780456761,303.164502
1780456761,140.544101
1780456761,135.225397
1780456761,135.182241
1780456761,140.873142
1780456761,134.948652
1780456761,136.746727
1780456761,138.061514
1780456761,132.967921
1780456761,138.918128
1780456761,303.670261
1780456761,146.673655
1780456761,132.714841
1780456761,139.258960
1780456761,142.788842
1780456761,304.308839
1780456761,137.064914
1780456761,137.174867
1780456761,139.280018
1780456761,139.563372
1780456761,133.046181
1780456761,138.372627
1780456761,138.095600
1780456761,143.807929
1780456761,134.887634
1780456761,139.637081
1780456761,304.629382
1780456761,304.221606
1780456761,138.499118
1780456761,144.344478
1780456761,137.580403
1780456761,131.800195
1780456761,132.445540
1780456761,138.381577
1780456761,132.082672
1780456761,132.947407
1780456761,304.551640
1780456761,138.774871
1780456761,135.055859
1780456761,131.998381
1780456761,133.101940
1780456761,136.226973
1780456761,133.415733
1780456761,138.266844
1780456761,138.963472
1780456761,132.504831
1780456761,132.551484
1780456761,138.769450
1780456761,140.331355
1780456761,137.647835
1780456761,132.618713
1780456761,141.914228
1780456761,139.623264
1780456761,140.631518
1780456761,133.380630
1780456761,138.030385
1780456761,140.140646
1780456761,141.942457
1780456761,142.195402
1780456761,136.059737
1780456761,139.321141
1780456761,136.649350
1780456761,138.108011
1780456761,136.728596
1780456761,138.103224
1780456761,138.633845
1780456761,137.650267
1780456761,139.116663
1780456761,137.768407
1780456761,139.071328
1780456761,138.944047
1780456761,138.982429
1780456761,137.757113
1780456761,139.516824
1780456761,137.866105
1780456761,137.463754
1780456761,139.399724
1780456761,139.938352
1780456761,138.299017
1780456761,136.687218
1780456761,138.486556
1780456761,139.108517
1780456761,138.732996
1780456761,138.694508
1780456761,139.343252
1780456761,137.186579
1780456761,140.579186
1780456761,137.040187
1780456761,137.283698
1780456761,140.061977
1780456761,141.263860
1780456761,136.752758
1780456761,142.998358
1780456761,143.811376
1780456761,140.030835
1780456761,143.349093
1780456761,143.069470
1780456761,142.013720
1780456761,143.822479
1780456761,142.862767
1780456761,144.425882
1780456761,143.243567
1780456761,143.265280
1780456761,146.275880
1780456761,145.746524
1780456761,145.347615
1780456761,145.380500
1780456761,145.343088
1780456761,141.787670
1780456761,142.268814
1780456761,145.234537
1780456761,142.264939
1780456761,141.710663
1780456761,145.513003
1780456761,144.624630
1780456761,145.486252
1780456761,145.492074
1780456761,145.689996
1780456761,140.746117
1780456761,146.024674
1780456761,145.280432
1780456761,144.753307
1780456761,141.425988
1780456761,144.869033
1780456761,150.212226
1780456761,144.037636
1780456761,141.948527
1780456761,147.917642
1780456761,143.785144
1780456761,143.501215
1780456761,140.862932
1780456761,148.134369
1780456761,143.952146
1780456761,143.554804
1780456761,141.033630
1780456761,145.463583
1780456761,141.453381
1780456761,144.084374
1780456761,145.762687
1780456761,146.137388
1780456761,145.889455
1780456761,144.267770
1780456761,141.289795
1780456761,142.323005
1780456761,143.297052
1780456761,145.813367
1780456761,144.313274
1780456761,142.552193
1780456761,142.841769
1780456761,147.188817
1780456761,145.260228
1780456761,142.803879
1780456761,147.387923
1780456761,143.823444
1780456761,146.058207
1780456761,148.283291
1780456761,147.658050
1780456761,147.456170
1780456761,144.414459
1780456761,148.321179
1780456761,144.385044
1780456761,148.248198
1780456761,148.454456
1780456761,143.938022
1780456761,146.217622
1780456761,145.497601
1780456761,144.026184
1780456761,143.742013
1780456761,148.586829
1780456761,146.184373
1780456761,142.745582
1780456761,141.620755
1780456761,147.591361
1780456761,142.865378
1780456761,146.356324
1780456761,144.842905
1780456761,142.969788
1780456761,146.021611
1780456761,146.011963
1780456761,143.083902
1780456761,145.595091
1780456761,142.356107
1780456761,148.125467
1780456761,148.790656
1780456761,141.576178
1780456761,144.608006
1780456761,146.939305
1780456761,145.520597
1780456761,141.453250
1780456761,145.891967
1780456761,148.636002
1780456761,148.778104
1780456761,144.814113
1780456761,145.770940
1780456761,141.685333
1780456761,146.284203
1780456761,146.966092
1780456761,141.728498
1780456761,145.039703
1780456761,141.851915
1780456761,145.337064
1780456761,145.111151
1780456761,146.073190
1780456761,149.117695
1780456761,145.241579
1780456761,141.527080
1780456761,144.809936
1780456761,144.347268
1780456761,142.022136
1780456761,146.595533
1780456761,145.493748
1780456761,146.945294
1780456761,139.837851
1780456761,147.848676
1780456761,148.369370
1780456761,145.330575
1780456761,146.132698
1780456761,149.162350
1780456761,143.740801
1780456761,149.910232
1780456761,146.302563
1780456761,147.259859
1780456761,143.467904
1780456761,147.921112
1780456761,142.682086
1780456761,146.235594
1780456761,148.291964
1780456761,143.790524
1780456761,147.455578
1780456761,145.392021
1780456761,150.427437
1780456761,141.338769
1780456761,142.976614
1780456761,143.909515
1780456761,147.046486
1780456761,142.368296
1780456761,143.909083
1780456761,141.664375
1780456761,150.728565
1780456761,146.040849
1780456761,148.923654
1780456761,148.373452
1780456761,147.851522
1780456761,149.305690
1780456761,147.765887
1780456761,149.761741
1780456761,151.697016
1780456761,149.737732
1780456761,147.332687
1780456761,148.572807
1780456761,150.024425
1780456761,148.838797
1780456761,150.149036
1780456761,150.067765
1780456761,148.883209
1780456761,149.972042
1780456761,149.058505
1780456761,149.693885
1780456761,148.658161
1780456761,148.083325
1780456761,152.019052
1780456761,148.068849
1780456761,148.969987
1780456761,149.810171
1780456761,146.638431
1780456761,149.005127
1780456761,153.299021
1780456761,153.158975
1780456761,149.192091
1780456761,149.704239
1780456761,149.727075
1780456761,152.999582
1780456761,149.671127
1780456761,151.238208
1780456761,155.623053
1780456761,154.875517
1780456761,148.208715
1780456761,153.807856
1780456761,149.949485
1780456761,153.476312
1780456761,150.056865
1780456761,148.494094
1780456761,152.389874
1780456761,148.640184
1780456761,148.600142
1780456761,148.721512
1780456761,148.738057
1780456761,148.727505
1780456761,148.598792
1780456761,153.574501
1780456761,150.165303
1780456761,149.761273
1780456761,149.802132
1780456761,149.188476
1780456761,149.256950
1780456761,151.133785
1780456761,151.188131
1780456761,148.463069
1780456761,150.267435
1780456761,101.580530
1780456761,102.850318
1780456761,102.869299
1780456761,102.913993
1780456761,102.417020
1780456761,102.492967
1780456761,102.941219
1780456761,103.060762
1780456761,102.399741
1780456761,102.436260
1780456761,102.538125
1780456761,103.274715
1780456761,103.079111
1780456761,103.602689
1780456761,103.465401
1780456761,103.805230
1780456761,104.095958
1780456761,103.891136
1780456761,104.184906
1780456761,103.317376
1780456761,104.778018
1780456761,104.992796
1780456761,105.092442
1780456761,105.089511
1780456761,105.119047
1780456761,105.064249
1780456761,103.649431
1780456761,105.167692
1780456761,105.444938
1780456761,105.275358
1780456761,106.046852
1780456761,105.806937
1780456761,106.277442
1780456761,104.771015
1780456761,106.302224
1780456761,104.047926
1780456761,104.862410
1780456761,106.697038
1780456761,106.900832
1780456761,106.346847
1780456761,105.245078
1780456761,106.309691
1780456761,106.994342
1780456761,107.122536
1780456761,106.614259
1780456761,106.448800
1780456761,105.784413
1780456761,106.739268
1780456761,106.786563
1780456761,107.600184
1780456761,107.934026
1780456761,105.509078
1780456761,105.954909
1780456761,106.138060
1780456761,107.272581
1780456761,107.237741
1780456761,106.167778
1780456761,106.524202
1780456761,106.349805
1780456761,105.914349
1780456761,106.993929
1780456761,105.809122
1780456761,106.091722
1780456761,107.166193
1780456761,106.253443
1780456761,106.764240
1780456761,106.228820
1780456761,107.468224
1780456761,107.723549
1780456761,107.386379
1780456761,107.970123
1780456761,107.210462
1780456761,107.355607
1780456761,110.327325
1780456761,108.818490
1780456761,107.678469
1780456761,108.979098
1780456761,108.416735
1780456761,107.855871
1780456761,108.747723
1780456761,109.381459
1780456761,109.180623
1780456761,107.932948
1780456761,107.622404
1780456761,109.325514
1780456761,109.319526
1780456761,109.344635
1780456761,109.453228
1780456761,108.357735
1780456761,108.986550
1780456761,110.312839
1780456761,110.610969
1780456761,110.505254
1780456761,111.120770
1780456761,109.275397
1780456761,109.113490
1780456761,109.556953
1780456761,110.372674
1780456761,109.182686
1780456761,111.080331
1780456761,110.545732
1780456761,110.434008
1780456761,111.402159
1780456761,111.651388
1780456761,110.450816
1780456761,110.208865
1780456761,110.753566
1780456761,110.755576
1780456761,111.062468
1780456761,110.596013
1780456761,111.617055
1780456761,111.924790
1780456761,108.883256
1780456761,111.576419
1780456761,111.537715
1780456761,111.128552
1780456761,111.161483
1780456761,111.315194
1780456761,107.217945
1780456761,113.591412
1780456761,109.014905
1780456761,114.939330
1780456761,114.241973
1780456761,112.680946
1780456761,112.558829
1780456761,108.179093
1780456761,110.495001
1780456761,112.225400
1780456761,112.853586
1780456761,110.771827
1780456761,115.337611
1780456761,109.568425
1780456761,112.732867
1780456761,109.627675
1780456761,113.311945
1780456761,113.568792
1780456761,108.581160
1780456761,113.563669
1780456761,115.153675
1780456761,113.868573
1780456761,114.346456
1780456761,109.581514
1780456761,114.520219
1780456761,114.552726
1780456761,115.737992
1780456761,109.986191
1780456761,110.159502
1780456761,109.916886
1780456761,114.660184
1780456761,116.037894
1780456761,114.959595
1780456761,116.682379
1780456761,115.541960
1780456761,115.667092
1780456761,115.390682
1780456761,115.769203
1780456761,106.986117
1780456761,116.352703
1780456761,115.572553
1780456761,116.481726
1780456761,117.587266
1780456761,114.002143
1780456761,107.308002
1780456761,111.652625
1780456761,116.442504
1780456761,116.809102
1780456761,107.177836
1780456761,116.380730
1780456761,110.542707
1780456761,112.079733
1780456761,108.744343
1780456761,107.540050
1780456761,117.526201
1780456761,115.916556
1780456761,110.993022
1780456761,108.234490
1780456761,115.078126
1780456761,111.440394
1780456761,108.444872
1780456761,114.074280
1780456761,110.610119
1780456761,114.130942
1780456761,109.467783
1780456761,116.566524
1780456761,110.709850
1780456761,111.738911
1780456761,111.690306
1780456761,111.979513
1780456761,112.149522
1780456761,107.862567
1780456761,110.175491
1780456761,119.497625
1780456761,118.136644
1780456761,110.301074
1780456761,106.564846
1780456761,105.353711
1780456761,118.805352
1780456761,106.517926
1780456761,106.624847
1780456761,111.658479
1780456761,118.720813
1780456761,106.797629
1780456761,119.585834
1780456761,118.229312
1780456761,104.074347
1780456761,119.678306
1780456761,106.304058
1780456761,104.416033
1780456761,106.029211
1780456761,106.427707
1780456761,117.070597
1780456761,104.558500
1780456761,103.222587
1780456761,111.332938
1780456761,110.535967
1780456761,106.689097
1780456761,103.531266
1780456761,117.515641
1780456761,106.673777
1780456761,111.618647
1780456761,116.411021
1780456761,106.313930
1780456761,102.508592
1780456761,105.434233
1780456761,111.989840
1780456761,102.783960
1780456761,112.114389
1780456761,105.597243
1780456761,110.226499
1780456761,104.436915
1780456761,110.038232
1780456761,103.145457
1780456761,104.620096
1780456761,112.534429
1780456761,110.394654
1780456761,111.448648
1780456761,102.334325
1780456761,106.180514
1780456761,109.242297
1780456761,109.538903
1780456761,113.435894
1780456761,109.563995
1780456761,105.314489
1780456761,109.009578
1780456761,104.416405
1780456761,111.589889
1780456761,111.564931
1780456761,110.067512
1780456761,104.448174
1780456761,109.338740
1780456761,104.667140
1780456761,103.694394
1780456761,110.472956
1780456761,113.429418
1780456761,112.165977
1780456761,108.567590
1780456761,102.804547
1780456761,112.266372
1780456761,109.214711
1780456761,102.996506
1780456761,112.523415
1780456761,102.299730
1780456761,112.456601
1780456761,103.272651
1780456761,109.597154
1780456761,111.542981
1780456761,102.768956
1780456761,111.455532
1780456761,111.928395
1780456761,103.174422
1780456761,111.253369
1780456761,102.987956
1780456761,110.266922
1780456761,108.115074
1780456761,106.863271
1780456761,106.890806
1780456761,110.409641
1780456761,103.321109
1780456761,105.852277
1780456761,109.882024
1780456761,103.056900
1780456761,106.105264
1780456761,108.614818
1780456761,108.735906
1780456761,103.423901
1780456761,103.460319
1780456761,110.396933
1780456761,102.609407
1780456761,104.380769
1780456761,110.620127
1780456761,102.796227
1780456761,104.805458
1780456761,109.505188
1780456761,103.150872
1780456761,109.529790
1780456761,104.279470
1780456761,108.591298
1780456761,103.135149
1780456761,103.559550
1780456761,102.331053
1780456761,108.756195
1780456761,103.666896
1780456761,103.786389
1780456761,102.516200
1780456761,102.342547
1780456761,103.951567
1780456761,102.743671
1780456761,102.913105
1780456761,103.013468
1780456761,102.686104
1780456761,103.199854
1780456761,109.576853
1780456761,107.556262
1780456761,107.621130
1780456761,107.775032
1780456761,106.999428
1780456761,102.342677
1780456761,107.222020
1780456761,107.298564
1780456761,107.318350
1780456761,102.680584
1780456761,105.485760
1780456761,102.795739
1780456761,105.664772
1780456761,104.742845
1780456761,105.412029
1780456761,105.186138
1780456761,105.615493
1780456761,104.409734
1780456761,105.786152
1780456761,105.846768
1780456761,102.630710
1780456761,106.233210
1780456761,106.385119
1780456761,102.415059
1780456761,102.408432
1780456761,102.707075
1780456761,102.851454
1780456761,103.144690
1780456761,103.050505
1780456761,104.061007
1780456761,104.042994
1780456761,103.993332
1780456761,103.975426
1780456761,103.865360
1780456761,103.366610
1780456761,103.302407
1780456761,104.222573
1780456761,104.480312
1780456761,104.931347
1780456761,104.441427
1780456761,103.769800
1780456761,104.445446
1780456761,105.418732
1780456761,105.531451
1780456761,105.613459
1780456761,104.701996
1780456761,104.637906
1780456761,106.076182
1780456761,106.219876
1780456761,106.639275
1780456761,106.672335
1780456761,106.629680
1780456761,107.016502
1780456761,108.459716
1780456761,108.244569
1780456761,108.895891
1780456761,108.607572
1780456761,108.016561
1780456761,109.282397
1780456761,109.023282
1780456761,107.679967
1780456761,107.817084
1780456761,109.080832
1780456761,107.331958
1780456761,107.464876
1780456761,106.587877
1780456761,110.219515
1780456761,109.779940
1780456761,107.002266
1780456761,109.079730
1780456761,110.505795
1780456761,107.069680
1780456761,108.546986
1780456761,111.347605
1780456761,110.545141
1780456761,109.170896
1780456761,111.186852
1780456761,109.510625
1780456761,111.030396
1780456761,112.114253
1780456761,110.668507
1780456761,111.510314
1780456761,112.170048
1780456761,111.294074
1780456761,110.833055
1780456761,113.484115
1780456761,110.789707
1780456761,111.095712
1780456761,111.237755
1780456761,114.284124
1780456761,113.844502
1780456761,109.965020
1780456761,111.690604
1780456761,102.868982
1780456761,111.981507
1780456761,102.684411
1780456761,114.154192
1780456761,114.710555
1780456761,107.219730
1780456761,115.774588
1780456761,115.903574
1780456761,115.277458
1780456761,103.762404
1780456761,106.585970
1780456761,106.308759
1780456761,115.720480
1780456761,114.619623
1780456761,114.473449
1780456761,103.196672
1780456761,114.817562
1780456761,111.590145
1780456761,103.170924
1780456761,115.963649
1780456761,104.364734
1780456761,115.064465
1780456761,115.256074
1780456761,103.960313
1780456761,116.452245
1780456761,111.406279
1780456761,116.170746
1780456761,116.588762
1780456761,109.070659
1780456761,116.581939
1780456761,114.980339
1780456761,116.865161
1780456761,116.881638
1780456761,116.199408
1780456761,117.312729
1780456761,116.646181
1780456761,116.717149
1780456761,116.284195
1780456761,116.834926
1780456761,117.925100
1780456761,117.257246
1780456761,117.729733
1780456761,117.406999
1780456761,117.305955
1780456761,117.857102
1780456761,116.222935
1780456761,117.647564
1780456761,117.412811
1780456761,116.940260
1780456761,116.325100
1780456761,118.830665
1780456761,118.538183
1780456761,117.186960
1780456761,118.559504
1780456761,116.575149
1780456761,118.790515
1780456761,116.762443
1780456761,118.230463
1780456761,116.906356
1780456761,119.392689
1780456761,119.887995
1780456761,118.252999
1780456761,117.586849
1780456761,119.831582
1780456761,117.413929
1780456761,120.411354
1780456761,112.458142
1780456761,117.603965
1780456761,118.022123
1780456761,108.391854
1780456761,119.787892
1780456761,118.225848
1780456761,119.032922
1780456761,117.997048
1780456761,118.322315
1780456761,107.781896
1780456761,118.068560
1780456761,113.288083
1780456761,118.187114
1780456761,120.449952
1780456761,118.310629
1780456761,113.748685
1780456761,118.813564
1780456761,121.008469
1780456761,110.340973
1780456761,118.419896
1780456761,118.807581
1780456761,109.980827
1780456761,118.811165
1780456761,113.929195
1780456761,118.841798
1780456761,119.402039
1780456761,117.903665
1780456761,118.044581
1780456761,110.991404
1780456761,110.971601
1780456761,118.078638
1780456761,114.765907
1780456761,119.349358
1780456761,118.292997
1780456761,110.227250
1780456761,113.460759
1780456761,113.733162
1780456761,118.558503
1780456761,118.799463
1780456761,119.115167
1780456761,109.968306
1780456761,109.001227
1780456761,119.323742
1780456761,121.929460
1780456761,113.444528
1780456761,113.366547
1780456761,122.055916
1780456761,113.023863
1780456761,113.269155
1780456761,113.401081
1780456761,112.017181
1780456761,118.039169
1780456761,118.231019
1780456761,117.626364
1780456761,125.770811
1780456761,125.263428
1780456761,117.734386
1780456761,125.460694
1780456761,119.947384
1780456761,118.364488
1780456761,126.099221
1780456761,125.599999
1780456761,126.134097
1780456761,125.574026
1780456761,125.829396
1780456761,125.808975
1780456761,125.958908
1780456761,126.595617
1780456761,128.047385
1780456761,126.092195
1780456761,126.205480
1780456761,126.821328
1780456761,113.776323
1780456761,119.037974
1780456761,115.572302
1780456761,113.973427
1780456761,114.742904
1780456761,117.213893
1780456761,119.260004
1780456761,116.945834
1780456761,113.765280
1780456761,119.402916
1780456761,115.228104
1780456761,118.472475
1780456761,115.215727
1780456761,119.288271
1780456761,113.693654
1780456761,119.351959
1780456761,119.471270
1780456761,120.888189
1780456761,113.942636
1780456761,121.023425
1780456761,114.227032
1780456761,120.983987
1780456761,114.318196
1780456761,115.334726
1780456761,113.910252
1780456761,116.366053
1780456761,114.246062
1780456761,114.932924
1780456761,114.853907
1780456761,119.085852
1780456761,117.067377
1780456761,115.186600
1780456761,115.300300
1780456761,117.283422
1780456761,115.271204
1780456761,118.182297
1780456761,121.761585
1780456761,115.250392
1780456761,123.010880
1780456761,115.692673
1780456761,125.287328
1780456761,114.700074
1780456761,117.292784
1780456761,115.912642
1780456761,123.259203
1780456761,119.784725
1780456761,125.542511
1780456761,127.297824
1780456761,119.826706
1780456761,115.229711
1780456761,120.688537
1780456761,117.208540
1780456761,127.506313
1780456761,117.016132
1780456761,118.308444
1780456761,118.250962
1780456761,118.571962
1780456761,116.261438
1780456761,118.066214
1780456761,122.214250
1780456761,121.133602
1780456761,121.197269
1780456761,117.586045
1780456761,121.296547
1780456761,115.564046
1780456761,118.396146
1780456761,121.384977
1780456761,121.922154
1780456761,119.787996
1780456761,119.147006
1780456761,117.195725
1780456761,116.931150
1780456761,116.874855
1780456761,116.870979
1780456761,117.397711
1780456761,122.150076
1780456761,117.679475
1780456761,113.411721
1780456761,117.845346
1780456761,117.927374
1780456761,113.626333
1780456761,118.885510
1780456761,120.412391
1780456761,121.055513
1780456761,105.893774
1780456761,120.827861
1780456761,118.319698
1780456761,119.313702
1780456761,119.994028
1780456761,120.823727
1780456761,118.646137
1780456761,118.641466
1780456761,120.893220
1780456761,119.928718
1780456761,119.351695
1780456761,121.086074
1780456761,114.417534
1780456761,118.439949
1780456761,119.126647
1780456761,115.031895
1780456761,121.796236
1780456761,119.453410
1780456761,120.176444
1780456761,130.064678
1780456761,120.165743
1780456761,113.964959
1780456761,130.526621
1780456761,120.305233
1780456761,130.610642
1780456761,120.452598
1780456761,130.335334
1780456761,130.525867
1780456761,116.760177
1780456761,124.547772
1780456761,115.241092
1780456761,122.821368
1780456761,122.610066
1780456761,121.969560
1780456761,122.132398
1780456761,122.358388
1780456761,129.791535
1780456761,122.239092
1780456761,129.720272
1780456761,125.570673
1780456761,125.898883
1780456761,125.873686
1780456761,126.529744
1780456761,127.051939
1780456761,127.254053
1780456761,111.372068
1780456761,111.399117
1780456761,112.368308
1780456761,112.276308
1780456761,111.669687
1780456761,111.835585
1780456761,111.829435
1780456761,111.505234
1780456761,111.741102
1780456761,111.960410
1780456761,112.012274
1780456761,111.962442
1780456761,112.126358
1780456761,112.010994
1780456761,112.068069
1780456761,112.569826
1780456761,112.500784
1780456761,110.037409
1780456761,128.276312
1780456761,111.381831
1780456761,112.694007
1780456761,132.163998
1780456761,118.975646
1780456761,119.797707
1780456761,132.242560
1780456761,136.440656
1780456761,135.420970
1780456761,118.366629
1780456761,118.379990
1780456761,121.209058
1780456761,124.297141
1780456761,130.763937
1780456761,124.243454
1780456761,124.439726
1780456761,129.177785
1780456761,125.188447
1780456761,128.699293
1780456761,128.703116
1780456761,128.866811
1780456761,123.871100
1780456761,129.048228
1780456761,129.267443
1780456761,129.156951
1780456761,134.386114
1780456761,125.535741
1780456761,135.953658
1780456761,126.547829
1780456761,125.730600
1780456761,129.482048
1780456761,124.500601
1780456761,126.986889
1780456761,129.738457
1780456761,127.252160
1780456761,121.983018
1780456761,124.764814
1780456761,140.508549
1780456761,126.988290
1780456761,126.859640
1780456761,140.702795
1780456761,127.714694
1780456761,140.514766
1780456761,124.821469
1780456761,143.539542
1780456761,144.344535
1780456761,144.239721
1780456761,152.790373
1780456761,144.622743
1780456761,145.616474
1780456761,145.912831
1780456761,144.339990
1780456761,153.108934
1780456761,146.994251
1780456761,146.821800
1780456761,147.673038
1780456761,152.271399
1780456761,150.693897
1780456761,144.710101
1780456761,146.827894
1780456761,147.689028
1780456761,146.667031
1780456761,146.379956
1780456761,152.398570
1780456761,147.618895
1780456761,146.743317
1780456761,146.811043
1780456761,148.375512
1780456761,148.599380
1780456761,146.357825
1780456761,148.260921
1780456761,148.913384
1780456761,126.863593
1780456761,147.288226
1780456761,126.128254
1780456761,148.400941
1780456761,155.854370
1780456761,146.019723
1780456761,128.206815
1780456761,155.864720
1780456761,148.799333
1780456761,137.462909
1780456761,146.876050
1780456761,131.812292
1780456761,145.606884
1780456761,131.121765
1780456761,148.898293
1780456761,145.425147
1780456761,131.128141
1780456761,149.573739
1780456761,132.687817
1780456761,127.240258
1780456761,145.655213
1780456761,149.569312
1780456761,126.939081
1780456761,145.856161
1780456761,132.320896
1780456761,145.625258
1780456761,146.876718
1780456761,151.862166
1780456761,149.524143
1780456761,145.682877
1780456761,130.168481
1780456761,149.834205
1780456761,132.179807
1780456761,146.384616
1780456761,145.447960
1780456761,151.890480
1780456761,153.077255
1780456761,150.866289
1780456761,151.113686
1780456761,151.390409
1780456761,151.884655
1780456761,150.397601
1780456761,150.788520
1780456761,151.379553
1780456761,151.170719
1780456761,148.927740
1780456761,150.641977
1780456761,150.853794
1780456761,151.543671
1780456761,149.792460
1780456761,151.127871
1780456761,151.562223
1780456761,151.765515
1780456761,152.141466
1780456761,151.405521
1780456761,135.915327
1780456761,136.013891
1780456761,149.734028
1780456761,151.956662
1780456761,149.886193
1780456761,151.270096
1780456761,150.249308
1780456761,151.490435
1780456761,150.993116
1780456761,152.516405
1780456761,150.524143
1780456761,135.355207
1780456761,150.347632
1780456761,128.167894
1780456761,150.265289
1780456761,151.280619
1780456761,150.500334
1780456761,149.673184
1780456761,138.892898
1780456761,135.457253
1780456761,138.085496
1780456761,139.185384
1780456761,139.356676
1780456761,139.535487
1780456761,136.267201
1780456761,139.177877
1780456761,139.404338
1780456761,139.024103
1780456761,139.543567
1780456761,139.315331
1780456761,152.715023
1780456761,153.321569
1780456761,153.241266
1780456761,138.603654
1780456761,156.510815
1780456761,156.487886
1780456761,156.317255
1780456761,151.616148
1780456761,150.482999
1780456761,139.962147
1780456761,149.997641
1780456761,143.373974
1780456761,143.988710
1780456761,147.878772
1780456761,147.734810
1780456761,149.963038
1780456761,139.506732
1780456761,157.880844
1780456761,140.792568
1780456761,140.068275
1780456761,141.455063
1780456761,141.478516
1780456761,139.701281
1780456761,109.890604
1780456761,142.726638
1780456761,143.005655
1780456761,141.612176
1780456761,140.158646
1780456761,142.857911
1780456761,140.273285
1780456761,143.593415
1780456761,108.810567
1780456761,110.832387
1780456761,141.305072
1780456761,152.287407
1780456761,109.352205
1780456761,110.527508
1780456761,111.494219
1780456761,110.678452
1780456761,141.803856
1780456761,103.146489
1780456761,141.913506
1780456761,104.142149
1780456761,110.765886
1780456761,103.171627
1780456761,112.753843
1780456761,112.984937
1780456761,111.438889
1780456761,113.125841
1780456761,113.184063
1780456761,113.084344
1780456761,114.381451
1780456761,111.689820
1780456761,106.842696
1780456761,166.187701
1780456761,149.461626
1780456761,150.944809
1780456761,153.630471
1780456761,150.879185
1780456761,153.614063
1780456761,154.088406
1780456761,168.160047
1780456761,154.054648
1780456761,154.985067
1780456761,166.095535
1780456761,153.666945
1780456761,148.637573
1780456761,167.387138
1780456761,105.372527
1780456761,166.805961
1780456761,104.185882
1780456761,152.746688
1780456761,109.752393
1780456761,150.052001
1780456761,168.018287
1780456761,106.917704
1780456761,167.306583
1780456761,168.112836
1780456761,113.950857
1780456761,154.509893
1780456761,147.036018
1780456761,168.469646
1780456761,169.114075
1780456761,147.090439
1780456761,169.137774
1780456761,160.216744
1780456761,108.526746
1780456761,153.061896
1780456761,153.092459
1780456761,110.487260
1780456761,160.842174
1780456761,113.182363
1780456761,158.953685
1780456761,156.226853
1780456761,160.796321
1780456761,157.610729
1780456761,158.985783
1780456761,113.232457
1780456761,113.160566
1780456761,159.797772
1780456761,159.866907
1780456761,112.004834
1780456761,113.062765
1780456761,108.616088
1780456761,110.458605
1780456761,109.845075
1780456761,110.571799
1780456761,108.738796
1780456761,108.599312
1780456761,114.037882
1780456761,157.656383
1780456761,121.537504
1780456761,117.803847
1780456761,121.628524
1780456761,113.569485
1780456761,118.032343
1780456761,113.718674
1780456761,113.707092
1780456761,111.093705
1780456761,111.071462
1780456761,113.576486
1780456761,113.649101
1780456761,113.684625
1780456761,111.110500
1780456761,113.841486
1780456761,111.985542
1780456761,113.944845
1780456761,113.959426
1780456761,103.493775
1780456761,104.554105
1780456761,107.521677
1780456761,106.371485
1780456761,116.598825
1780456761,106.346915
1780456761,116.738395
1780456761,109.551390
1780456761,110.471742
1780456761,110.842148
1780456761,110.467379
1780456761,116.814409
1780456761,110.022726
1780456761,103.367186
1780456761,104.674516
1780456761,103.429135
1780456761,104.573428
1780456761,104.876969
1780456761,102.415433
1780456761,105.617901
1780456761,102.635847
1780456761,105.122667
1780456761,103.650377
1780456761,106.731240
1780456761,110.716053
1780456761,103.926863
1780456761,106.701320
1780456761,105.563644
1780456761,107.078047
1780456761,107.089819
1780456761,104.117409
1780456761,104.130211
1780456761,105.338257
1780456761,104.091864
1780456761,105.936947
1780456761,103.595058
1780456761,104.273472
1780456761,102.464176
1780456761,104.011528
1780456761,106.329329
1780456761,106.437184
1780456761,103.927507
1780456761,106.533800
1780456761,106.589264
1780456761,106.957008
1780456761,107.089193
1780456761,105.942103
1780456761,107.253322
1780456761,106.079844
1780456761,106.394239
1780456761,105.555628
1780456761,103.655320
1780456761,103.782189
1780456761,107.501722
1780456761,103.899276
1780456761,103.880015
1780456761,103.979825
1780456761,104.302979
1780456761,104.905290
1780456761,103.096870
1780456761,103.226591
1780456761,103.396945
1780456761,103.753339
1780456761,103.705560
1780456761,104.223545
1780456761,103.533866
1780456761,103.657884
1780456761,103.709868
1780456761,103.233708
1780456761,103.491252
1780456761,104.024150
1780456761,104.580333
1780456761,105.384284
1780456761,103.218726
1780456761,104.862619
1780456761,106.186084
1780456761,106.779990
1780456761,108.482411
1780456761,108.433261
1780456761,108.311889
1780456761,108.367965
1780456761,108.633485
1780456761,108.554355
1780456761,103.508516
1780456761,103.113238
1780456761,105.215352
1780456761,105.213415
1780456761,105.444551
1780456761,105.553041
1780456761,110.795431
1780456761,111.397366
1780456761,111.527222
1780456761,111.896462
1780456761,111.758776
1780456761,111.653250
1780456761,111.867266
1780456761,111.444070
1780456761,111.781749
1780456761,111.545331
1780456761,112.109277
1780456761,112.226681
1780456761,112.727375
1780456761,112.765566
1780456761,113.872008
1780456761,113.955120
1780456761,114.437124
1780456761,114.510756
1780456761,115.472996
1780456761,108.557967
1780456761,108.744634
1780456761,109.475126
1780456761,109.558308
1780456761,110.372349
1780456761,109.990555
1780456761,109.126570
1780456761,109.920487
1780456761,109.439601
1780456761,109.898319
1780456761,109.625183
1780456761,109.972521
1780456761,109.685103
1780456761,110.164978
1780456761,116.726787
1780456761,103.453612
1780456761,127.109035
1780456761,126.937125
1780456761,126.784507
1780456761,122.211825
1780456761,118.963446
1780456761,122.955349
1780456761,124.541842
1780456761,124.506472
1780456761,124.712919
1780456761,124.672126
1780456761,124.501186
1780456761,124.499050
1780456761,124.652380
1780456761,124.492967
1780456761,115.621814
1780456761,125.238192
1780456761,126.579090
1780456761,115.798867
1780456761,125.447653
1780456761,125.679912
1780456761,125.652833
1780456761,116.233634
1780456761,123.768849
1780456761,124.123600
1780456761,123.656443
1780456761,123.879173
1780456761,123.102185
1780456761,124.186547
1780456761,124.163037
1780456761,123.843144
1780456761,124.104025
1780456761,124.266240
1780456761,124.191810
1780456761,124.016233
1780456761,123.023688
1780456761,124.119991
1780456761,123.841553
1780456761,123.943861
1780456761,123.591849
1780456761,124.100815
1780456761,123.890682
1780456761,117.203042
1780456761,117.174190
1780456761,117.246182
1780456761,124.194819
1780456761,124.715895
1780456761,125.125624
1780456761,125.252848
1780456761,125.828627
1780456761,125.774556
1780456761,130.108847
1780456761,130.419375
1780456761,124.081731
1780456761,123.928101
1780456761,124.050412
1780456761,149.335515
1780456761,149.329799
1780456761,149.204152
1780456761,145.350869
1780456761,149.693654
1780456761,149.247028
1780456761,145.342774
1780456761,149.380685
1780456761,126.883023
1780456761,145.301158
1780456761,145.379363
1780456761,145.198358
1780456761,145.327858
1780456761,145.396591
1780456761,145.555496
1780456761,141.012705
1780456761,145.603518
1780456761,141.256533
1780456761,126.530125
1780456761,134.400991
1780456761,145.760775
1780456761,141.015007
1780456761,134.403599
1780456761,126.238524
1780456761,145.319465
1780456761,141.174490
1780456761,141.373354
1780456761,145.481659
1780456761,140.828870
1780456761,141.620234
1780456761,126.529627
1780456761,125.826191
1780456761,141.350179
1780456761,127.124695
1780456761,141.612365
1780456761,145.737761
1780456761,126.656646
1780456761,141.248519
1780456761,141.816445
1780456761,127.180660
1780456761,141.943390
1780456761,141.968458
1780456761,131.784637
1780456761,142.054494
1780456761,126.716041
1780456761,142.418889
1780456761,141.617254
1780456761,142.178031
1780456761,141.093425
1780456761,142.692158
1780456761,142.049332
1780456761,142.805288
1780456761,125.097877
1780456761,127.552931
1780456761,127.369931
1780456761,126.537515
1780456761,125.630051
1780456761,127.001999
1780456761,127.287435
1780456761,127.528543
1780456761,128.359421
1780456761,127.811677
1780456761,128.591381
1780456761,128.542708
1780456761,138.059600
1780456761,137.640315
1780456761,127.692701
1780456761,137.755045
1780456761,138.016893
1780456761,138.627221
1780456761,123.148304
1780456761,138.279742
1780456761,138.395158
1780456761,130.447553
1780456761,138.467887
1780456761,137.867343
1780456761,138.261049
1780456761,138.618889
1780456761,124.803168
1780456761,138.807366
1780456761,127.518360
1780456761,138.919154
1780456761,126.381875
1780456761,138.908961
1780456761,138.433177
1780456761,138.483987
1780456761,138.994036
1780456761,138.400048
1780456761,139.068533
1780456761,138.613889
1780456761,138.038255
1780456761,138.703031
1780456761,138.024737
1780456761,138.630848
1780456761,139.074501
1780456761,138.869082
1780456761,138.284272
1780456761,138.983951
1780456761,138.606401
1780456761,139.091630
1780456761,139.233277
1780456761,139.083490
1780456761,139.292761
1780456761,138.876460
1780456761,131.619023
1780456761,146.244623
1780456761,145.653954
1780456761,145.946315
1780456761,130.930806
1780456761,145.590953
1780456761,143.909864
1780456761,143.756512
1780456761,143.581014
1780456761,143.818399
1780456761,143.551033
1780456761,143.760528
1780456761,144.090142
1780456761,143.299553
1780456761,144.219091
1780456761,143.291188
1780456761,144.043987
1780456761,144.009501
1780456761,143.893821
1780456761,144.342927
1780456761,144.011377
1780456761,133.320696
1780456761,144.181364
1780456761,134.300117
1780456761,142.161183
1780456761,144.192164
1780456761,143.836170
1780456761,144.065508
1780456761,143.917985
1780456761,143.809992
1780456761,144.609358
1780456761,144.440653
1780456761,143.884515
1780456761,143.781279
1780456761,144.323767
1780456761,143.980019
1780456761,144.550552
1780456761,143.892095
1780456761,144.537479
1780456761,144.676094
1780456761,144.186910
1780456761,144.188232
1780456761,144.711944
1780456761,144.501688
1780456761,144.206739
1780456761,144.101870
1780456761,134.411204
1780456761,149.120204
1780456761,149.467312
1780456761,149.340549
1780456761,149.245897
1780456761,149.530162
1780456761,149.987832
1780456761,134.505376
1780456761,149.609746
1780456761,149.829458
1780456761,149.905978
1780456761,149.226816
1780456761,143.711462
1780456761,150.984682
1780456761,145.597274
1780456761,153.047931
1780456761,138.065143
1780456761,135.301934
1780456761,134.825450
1780456761,150.757904
1780456761,151.505775
1780456761,141.618266
1780456761,151.085969
1780456761,140.710975
1780456761,151.062005
1780456761,141.450394
1780456761,141.686887
1780456761,139.437875
1780456761,140.204804
1780456761,139.725905
1780456761,137.907170
1780456761,143.799000
1780456761,137.717321
1780456761,136.569074
1780456761,143.831716
1780456761,140.347596
1780456761,142.964132
1780456761,142.682871
1780456761,142.889035
1780456761,143.444603
1780456761,143.448644
1780456761,143.687548
1780456761,143.345969
1780456761,143.270669
1780456761,137.610658
1780456761,137.441723
1780456761,143.149292
1780456761,143.714235
1780456761,137.566206
1780456761,144.275629
1780456761,145.124435
1780456761,143.699802
1780456761,145.185854
1780456761,143.619149
1780456761,145.189279
1780456761,139.311088
1780456761,138.556619
1780456761,137.838432
1780456761,147.207435
1780456761,138.084437
1780456761,133.246128
1780456761,147.843064
1780456761,134.686714
1780456761,149.908165
1780456761,132.892943
1780456761,148.835204
1780456761,151.213657
1780456761,156.898389
1780456761,144.158867
1780456761,143.005564
1780456761,147.546306
1780456761,147.514897
1780456761,156.961265
1780456761,138.338977
1780456761,138.300492
1780456761,153.412043
1780456761,152.324518
1780456761,156.537093
1780456761,140.065226
1780456761,156.310246
1780456761,155.158011
1780456761,158.363882
1780456761,143.311001
1780456761,157.726594
1780456761,157.481596
1780456761,158.736253
1780456761,158.576525
1780456761,158.672988
1780456761,152.035220
1780456761,151.275571
1780456761,157.871341
1780456761,151.399793
1780456761,157.986736
1780456761,144.052392
1780456761,146.678319
1780456761,154.384255
1780456761,154.553868
1780456761,154.785966
1780456761,158.677327
1780456761,154.698246
1780456761,152.464648
1780456761,153.337262
1780456761,158.765869
1780456761,147.080994
1780456761,147.171379
1780456761,158.703601
1780456761,158.607168
1780456761,159.010642
1780456761,148.880566
1780456761,159.189794
1780456761,157.814371
1780456761,147.220069
1780456761,153.549724
1780456761,162.291778
1780456761,153.071619
1780456761,153.446276
1780456761,151.256513
1780456761,151.517648
1780456761,153.968337
1780456761,151.000378
1780456761,152.043015
1780456761,155.909850
1780456761,159.925244
1780456761,172.295221
1780456761,172.521115
1780456761,172.194589
1780456761,159.923863
1780456761,160.135878
1780456761,150.190188
1780456761,149.092269
1780456761,155.991171
1780456761,172.696868
1780456761,146.983101
1780456761,172.557065
1780456761,144.942074
1780456761,149.296842
1780456761,172.843684
1780456761,162.304262
1780456761,172.967526
1780456761,145.305263
1780456761,140.562379
1780456761,163.352659
1780456761,143.556754
1780456761,143.825822
1780456761,146.669079
1780456761,153.631972
1780456761,159.191434
1780456761,143.956185
1780456761,153.619133
1780456761,163.797469
1780456761,163.748928
1780456761,145.552010
1780456761,153.738712
1780456761,145.452215
1780456761,153.843322
1780456761,145.630794
1780456761,159.352717
1780456761,162.507454
1780456761,163.828584
1780456761,163.131895
1780456761,156.796039
1780456761,159.156583
1780456761,154.184812
1780456761,157.891138
1780456761,157.049170
1780456761,161.366917
1780456761,162.783401
1780456761,155.429723
1780456761,161.875419
1780456761,156.841396
1780456761,163.435480
1780456761,164.010737
1780456761,164.083646
1780456761,156.189411
1780456761,164.084334
1780456761,147.834136
1780456761,140.883950
1780456761,144.148532
1780456761,163.268671
1780456761,146.214364
1780456761,156.889929
1780456761,164.410754
1780456761,162.405638
1780456761,148.361104
1780456761,156.774895
1780456761,144.719665
1780456761,164.955398
1780456761,161.965251
1780456761,156.691392
1780456761,142.973150
1780456761,160.565093
1780456761,162.372103
1780456761,156.981964
1780456761,137.664841
1780456761,161.352437
1780456761,137.155952
1780456761,157.120127
1780456761,141.444589
1780456761,164.545122
1780456761,156.356976
1780456761,161.934812
1780456761,141.751209
1780456761,162.008293
1780456761,137.639572
1780456761,162.309953
1780456761,142.124552
1780456761,162.573893
1780456761,150.983470
1780456761,162.938102
1780456761,151.398857
1780456761,165.890739
1780456761,157.902088
1780456761,165.960648
1780456761,151.934899
1780456761,142.009099
1780456761,168.324937
1780456761,142.195357
1780456761,160.819586
1780456761,160.741360
1780456761,146.618472
1780456761,152.642977
1780456761,142.850574
1780456761,160.890419
1780456761,151.379989
1780456761,146.687634
1780456761,168.841109
1780456761,152.898761
1780456761,150.533890
1780456761,160.435682
1780456761,160.283054
1780456761,161.230397
1780456761,161.173133
1780456761,151.133067
1780456761,153.077107
1780456761,148.283069
1780456761,150.000903
1780456761,153.105707
1780456761,146.838093
1780456761,151.047085
1780456761,140.608011
1780456761,149.633322
1780456761,152.463516
1780456761,147.687649
1780456761,152.282483
1780456761,153.038046
1780456761,141.820700
1780456761,153.423107
1780456761,148.677990
1780456761,153.763823
1780456761,142.448983
1780456761,153.910942
1780456761,149.275610
1780456761,154.110313
1780456761,149.702175
1780456761,154.213292
1780456761,150.315974
1780456761,143.938044
1780456761,150.697097
1780456761,153.322926
1780456761,149.186375
1780456761,144.243689
1780456761,153.641726
1780456761,174.476232
1780456761,153.592736
1780456761,153.759014
1780456761,150.415672
1780456761,179.222873
1780456761,142.647316
1780456761,172.162093
1780456761,147.878343
1780456761,145.020313
1780456761,146.435872
1780456761,175.220861
1780456761,179.080547
1780456761,146.484490
1780456761,145.247916
1780456761,175.736981
1780456761,145.361296
1780456761,151.892817
1780456761,175.623669
1780456761,144.154856
1780456761,176.114955
1780456761,145.796673
1780456761,145.723443
1780456761,178.638254
1780456761,151.330481
1780456761,144.831387
1780456761,146.210144
1780456761,151.447977
1780456761,178.589978
1780456761,145.250967
1780456761,178.406213
1780456761,151.883167
1780456761,144.995948
1780456761,145.713319
1780456761,152.196897
1780456761,176.528448
1780456761,144.280459
1780456761,167.800572
1780456761,151.522678
1780456761,150.954634
1780456761,178.337233
1780456761,152.779344
1780456761,144.784659
1780456761,151.408922
1780456761,168.326934
1780456761,153.078989
1780456761,151.477568
1780456761,178.304331
1780456761,146.957009
1780456761,153.332996
1780456761,177.072613
1780456761,147.401516
1780456761,177.010197
1780456761,145.880829
1780456761,147.637693
1780456761,167.903001
1780456761,143.554998
1780456761,147.925164
1780456761,162.330272
1780456761,152.411275
1780456761,176.527747
1780456761,146.338803
1780456761,150.074011
1780456761,144.015026
1780456761,172.952579
1780456761,151.620988
1780456761,151.640908
1780456761,164.936538
1780456761,145.917669
1780456761,150.920065
1780456761,146.111015
1780456761,164.175482
1780456761,149.980088
1780456761,145.173010
1780456761,150.125589
1780456761,144.178143
1780456761,162.233184
1780456761,144.514545
1780456761,144.767022
1780456761,144.820753
1780456761,144.753032
1780456761,149.881675
1780456761,150.238546
1780456761,166.304829
1780456761,166.374465
1780456761,171.614002
1780456761,167.084651
1780456761,171.299263
1780456761,150.292003
1780456761,163.236051
1780456761,150.678493
1780456761,165.147020
1780456761,164.147013
1780456761,161.138226
1780456761,169.513158
1780456761,155.459442
1780456761,153.884933
1780456761,153.782010
1780456761,153.901447
1780456761,169.760074
1780456761,158.648504
1780456761,169.699503
1780456761,154.093643
1780456761,157.359131
1780456761,149.006831
1780456761,170.110133
1780456761,162.440326
1780456761,153.075721
1780456761,149.315228
1780456761,169.436975
1780456761,159.360389
1780456761,148.770283
1780456761,153.546575
1780456761,159.568702
1780456761,159.765152
1780456761,149.079004
1780456761,149.201026
1780456761,159.868972
1780456761,169.327118
1780456761,149.467635
1780456761,154.193426
1780456761,169.379664
1780456761,158.927341
1780456761,153.395446
1780456761,156.247777
1780456761,157.704177
1780456761,152.942990
1780456761,158.011751
1780456761,157.665776
1780456761,155.096370
1780456761,160.963246
1780456761,158.199648
1780456761,153.054479
1780456761,155.170810
1780456761,160.072024
1780456761,158.406841
1780456761,155.567170
1780456761,158.530524
1780456761,170.701041
1780456761,155.710288
1780456761,152.535359
1780456761,172.789703
1780456761,155.959768
1780456761,172.396012
1780456761,152.803986
1780456761,156.154283
1780456761,153.257911
1780456761,169.405238
1780456761,155.539820
1780456761,159.595519
1780456761,153.478880
1780456761,155.625378
1780456761,160.259080
1780456761,158.654633
1780456761,158.733581
1780456761,150.894011
1780456761,160.281883
1780456761,151.835371
1780456761,151.811321
1780456761,167.423414
1780456761,152.105225
1780456761,171.990896
1780456761,156.216470
1780456761,157.842737
1780456761,167.833907
1780456761,156.969787
1780456761,151.193232
1780456761,156.870740
1780456761,172.516319
1780456761,150.366699
1780456761,149.904372
1780456761,155.316031
1780456761,160.321516
1780456761,161.047716
1780456761,168.989697
1780456761,165.370013
1780456761,153.915867
1780456761,169.329514
1780456761,159.757828
1780456761,169.429347
1780456761,151.115483
1780456761,157.871263
1780456761,169.582049
1780456761,172.632580
1780456761,166.112564
1780456761,147.994850
1780456761,157.280840
1780456761,175.718204
1780456761,163.774576
1780456761,171.729317
1780456761,147.437200
1780456761,173.867012
1780456761,164.152633
1780456761,160.047588
1780456761,167.701579
1780456761,174.417713
1780456761,158.111475
1780456761,158.314106
1780456761,158.598630
1780456761,152.403061
1780456761,148.929479
1780456761,148.227327
1780456761,148.808930
1780456761,148.259877
1780456761,148.461384
1780456761,159.550865
1780456761,148.781470
1780456761,159.718474
1780456761,148.472732
1780456761,149.221324
1780456761,160.108106
1780456761,147.884917
1780456761,165.672191
1780456761,149.210727
1780456761,158.644874
1780456761,148.487547
1780456761,158.193777
1780456761,158.953280
1780456761,160.199680
1780456761,150.500395
1780456761,149.228760
1780456761,148.471434
1780456761,160.417091
1780456761,159.759335
1780456761,147.090034
1780456761,147.325042
1780456761,147.536391
1780456761,147.716553
1780456761,160.680024
1780456761,147.379235
1780456761,146.144725
1780456761,157.224951
1780456761,146.763282
1780456761,153.643227
1780456761,145.451065
1780456761,150.364205
1780456761,167.583905
1780456761,147.703756
1780456761,166.941624
1780456761,149.668750
1780456761,146.362750
1780456761,167.576731
1780456761,146.357324
1780456761,147.647171
1780456761,154.688076
1780456761,148.273455
1780456761,149.430860
1780456761,148.351256
1780456761,182.183445
1780456761,182.159966
1780456761,162.916576
1780456761,162.897194
1780456761,149.109829
1780456761,147.509997
1780456761,176.243596
1780456761,147.530272
1780456761,145.368688
1780456761,147.571555
1780456761,146.339024
1780456761,181.203192
1780456761,145.412925
1780456761,176.320002
1780456761,146.325169
1780456761,147.651076
1780456761,144.885933
1780456761,144.322459
1780456761,180.555835
1780456761,182.244424
1780456761,144.616027
1780456761,145.465788
1780456761,145.491744
1780456761,180.934462
1780456761,145.632664
1780456761,178.063060
1780456761,176.896354
1780456761,146.580683
1780456761,182.065486
1780456761,146.111594
1780456761,145.953539
1780456761,152.522523
1780456761,145.900848
1780456761,146.700945
1780456761,147.079254
1780456761,154.598558
1780456761,147.483470
1780456761,153.090005
1780456761,149.366595
1780456761,149.259897
1780456761,149.223319
1780456761,147.826301
1780456761,146.607122
1780456761,149.736056
1780456761,150.044926
1780456761,150.096448
1780456761,143.531201
1780456761,150.136721
1780456761,137.043969
1780456761,149.812279
1780456761,137.318142
1780456761,150.216695
1780456761,150.362605
1780456761,137.678071
1780456761,153.009202
1780456761,139.526405
1780456761,147.415364
1780456761,139.643649
1780456761,152.168211
1780456761,140.418769
1780456761,138.419752
1780456761,149.590937
1780456761,188.751561
1780456761,149.857760
1780456761,182.604121
1780456761,138.285523
1780456761,149.956063
1780456761,138.468275
1780456761,135.615726
1780456761,189.036542
1780456761,188.505337
1780456761,152.830107
1780456761,184.194514
1780456761,151.758052
1780456761,183.339070
1780456761,150.604910
1780456761,189.637059
1780456761,150.966770
1780456761,189.811035
1780456761,185.562269
1780456761,152.664766
1780456761,136.405749
1780456761,139.721415
1780456761,160.413807
1780456761,143.815824
1780456761,136.809154
1780456761,187.804386
1780456761,159.555565
1780456761,140.166980
1780456761,144.632613
1780456761,136.273272
1780456761,160.025328
1780456761,139.421632
1780456761,144.803459
1780456761,188.690866
1780456761,136.675606
1780456761,145.252184
1780456761,139.443986
1780456761,160.715447
1780456761,127.133130
1780456761,145.324591
1780456761,188.118355
1780456761,145.806726
1780456761,189.507862
1780456761,160.795494
1780456761,146.634990
1780456761,189.948016
1780456761,160.495386
1780456761,190.139492
1780456761,147.233035
1780456761,160.784139
1780456761,188.753702
1780456761,147.185684
1780456761,187.814472
1780456761,161.185078
1780456761,147.209676
1780456761,187.249287
1780456761,159.782996
1780456761,147.816158
1780456761,186.447804
1780456761,160.014870
1780456761,147.744400
1780456761,194.875575
1780456761,146.148493
1780456761,186.699796
1780456761,160.310511
1780456761,148.177397
1780456761,182.491335
1780456761,160.521051
1780456761,146.598629
1780456761,188.974281
1780456761,161.015257
1780456761,146.863521
1780456761,189.415739
1780456761,159.792401
1780456761,147.034205
1780456761,189.115929
1780456761,160.058377
1780456761,194.212880
1780456761,147.257897
1780456761,188.409957
1780456761,160.346166
1780456761,147.662616
1780456761,159.521407
1780456761,132.381800
1780456761,146.534049
1780456761,159.789964
1780456761,138.194540
1780456761,148.179612
1780456761,139.493392
1780456761,160.928166
1780456761,148.102587
1780456761,139.701404
1780456761,139.768386
1780456761,148.361939
1780456761,128.284833
1780456761,128.295495
1780456761,128.430683
1780456761,152.392441
1780456761,152.698199
1780456761,152.985135
1780456761,162.963942
1780456761,163.010227
1780456761,164.739539
1780456761,139.439536
1780456761,164.353745
1780456761,164.362402
1780456761,159.726131
1780456761,164.468339
1780456761,139.401394
1780456761,162.337521
1780456761,139.372336
1780456761,160.934176
1780456761,139.449512
1780456761,139.654743
1780456761,144.926317
1780456761,144.969585
1780456761,139.682679
1780456761,162.591069
1780456761,145.086308
1780456761,159.551434
1780456761,163.390551
1780456761,139.861828
1780456761,145.199727
1780456761,176.498726
1780456761,150.563242
1780456761,208.980105
1780456761,163.519823
1780456761,207.913877
1780456761,149.561726
1780456761,209.269991
1780456761,130.591761
1780456761,139.949424
1780456761,139.871551
1780456761,175.075118
1780456761,159.696160
1780456761,166.235344
1780456761,156.559365
1780456761,156.635795
1780456761,166.408383
1780456761,166.476956
1780456761,166.379852
1780456761,145.017242
1780456761,156.773937
1780456761,166.319127
1780456761,164.634320
1780456761,144.528971
1780456761,160.966519
1780456761,144.615969
1780456761,164.735083
1780456761,144.798276
1780456761,166.357616
1780456761,144.812900
1780456761,144.799290
1780456761,164.868858
1780456761,166.375930
1780456761,209.441995
1780456761,140.155347
1780456761,140.257175
1780456761,207.650969
1780456761,161.182528
1780456761,161.116053
1780456761,161.278350
1780456762,185.867600
1780456762,185.857601
1780456762,210.613007
1780456762,184.118810
1780456762,183.997991
1780456762,210.641922
1780456762,210.865804
1780456762,197.002399
1780456762,217.128247
1780456762,197.503880
1780456762,197.424254
1780456762,195.780038
1780456762,191.811165
1780456762,192.201017
1780456762,142.804814
1780456762,192.207595
1780456762,201.249646
1780456762,192.076847
1780456762,190.036382
1780456762,194.798035
1780456762,190.600237
1780456762,196.136443
1780456762,190.658179
1780456762,191.054710
1780456762,196.240497
1780456762,191.128091
1780456762,196.380906
1780456762,184.966468
1780456762,196.455668
1780456762,213.566309
1780456762,185.009485
1780456762,179.658973
1780456762,197.888064
1780456762,188.943381
1780456762,188.664838
1780456762,197.915384
1780456762,188.858501
1780456762,185.182879
1780456762,198.140165
1780456762,192.837178
1780456762,185.340746
1780456762,198.118873
1780456762,185.346566
1780456762,185.444193
1780456762,163.602985
1780456762,185.572360
1780456762,127.436428
1780456762,185.636354
1780456762,189.398456
1780456762,163.765692
1780456762,191.841263
1780456762,163.855753
1780456762,189.500722
1780456762,163.928673
1780456762,191.962684
1780456762,164.313397
1780456762,197.049649
1780456762,127.675406
1780456762,200.378497
1780456762,200.415384
1780456762,190.975901
1780456762,179.373251
1780456762,191.194401
1780456762,191.112758
1780456762,185.892842
1780456762,172.959067
1780456762,180.273928
1780456762,180.331201
1780456762,184.107808
1780456762,176.321925
1780456762,131.508729
1780456762,129.652728
1780456762,185.965795
1780456762,180.444452
1780456762,173.076019
1780456762,179.672661
1780456762,129.836114
1780456762,180.558127
1780456762,171.756631
1780456762,172.349597
1780456762,188.364293
1780456762,211.152565
1780456762,236.957079
1780456762,172.361504
1780456762,211.586742
1780456762,172.362558
1780456762,211.418493
1780456762,212.920030
1780456762,213.394564
1780456762,172.591335
1780456762,172.488655
1780456762,172.732106
1780456762,188.829376
1780456762,172.649206
1780456762,172.400764
1780456762,200.807011
1780456762,172.930482
1780456762,167.557646
1780456762,172.868490
1780456762,159.436069
1780456762,161.699793
1780456762,172.145858
1780456762,197.009063
1780456762,196.079037
1780456762,172.044008
1780456762,161.918575
1780456762,194.595126
1780456762,172.747928
1780456762,162.100034
1780456762,162.100874
1780456762,172.387606
1780456762,172.673960
1780456762,199.057080
1780456762,172.478947
1780456762,194.922081
1780456762,172.859036
1780456762,173.268480
1780456762,173.302679
1780456762,157.492421
1780456762,173.333126
1780456762,172.852113
1780456762,173.469720
1780456762,172.814268
1780456762,214.912705
1780456762,214.819136
1780456762,173.349895
1780456762,219.991812
1780456762,173.447505
1780456762,173.274084
1780456762,205.732761
1780456762,173.404082
1780456762,221.641213
1780456762,173.166641
1780456762,220.556530
1780456762,168.640270
1780456762,174.107414
1780456762,209.928893
1780456762,174.439955
1780456762,210.093286
1780456762,211.285751
1780456762,174.298253
1780456762,211.466020
1780456762,174.252332
1780456762,228.241442
1780456762,174.653743
1780456762,211.573293
1780456762,228.710045
1780456762,174.135683
1780456762,228.832970
1780456762,174.613019
1780456762,212.836151
1780456762,174.278712
1780456762,213.636127
1780456762,174.801171
1780456762,236.016644
1780456762,174.692729
1780456762,174.544318
1780456762,153.405668
1780456762,153.456927
1780456762,174.324704
1780456762,174.733694
1780456762,199.488477
1780456762,174.968414
1780456762,215.687387
1780456762,153.668005
1780456762,213.885718
1780456762,174.926106
1780456762,153.682139
1780456762,157.292479
1780456762,153.794335
1780456762,169.518348
1780456762,157.415930
1780456762,169.710461
1780456762,175.095798
1780456762,161.466842
1780456762,158.858317
1780456762,163.684992
1780456762,163.749971
1780456762,174.914639
1780456762,163.938243
1780456762,175.468590
1780456762,163.886368
1780456762,157.672432
1780456762,170.014404
1780456762,159.159723
1780456762,174.431762
1780456762,159.159196
1780456762,175.462554
1780456762,174.411958
1780456762,189.250757
1780456762,169.944138
1780456762,175.197666
1780456762,174.460625
1780456762,196.772463
1780456762,197.971966
1780456762,159.436076
1780456762,154.424416
1780456762,184.489371
1780456762,148.959592
1780456762,149.841320
1780456762,149.052773
1780456762,166.470281
1780456762,170.423401
1780456762,184.797535
1780456762,154.866130
1780456762,184.648011
1780456762,146.408859
1780456762,170.533904
1780456762,184.976363
1780456762,147.151905
1780456762,184.865796
1780456762,233.578708
1780456762,233.634345
1780456762,264.846811
1780456762,263.167974
1780456762,262.976232
1780456762,233.270971
1780456762,243.711806
1780456762,250.614128
1780456762,233.894634
1780456762,252.735705
1780456762,233.518484
1780456762,233.974022
1780456762,233.482946
1780456762,245.705431
1780456762,249.506866
1780456762,224.939244
1780456762,224.682915
1780456762,226.785362
1780456762,224.744466
1780456762,227.224454
1780456762,190.010061
1780456762,226.865593
1780456762,235.752847
1780456762,223.236189
1780456762,226.807929
1780456762,226.929198
1780456762,190.439016
1780456762,226.803936
1780456762,190.545914
1780456762,227.386798
1780456762,224.966451
1780456762,222.750744
1780456762,227.185189
1780456762,227.255147
1780456762,199.832323
1780456762,221.008421
1780456762,227.331006
1780456762,190.662924
1780456762,224.868848
1780456762,227.526684
1780456762,224.959485
1780456762,242.161685
1780456762,219.848645
1780456762,227.679765
1780456762,220.621515
1780456762,227.722156
1780456762,225.582422
1780456762,243.555330
1780456762,221.474947
1780456762,231.749980
1780456762,243.635377
1780456762,190.684898
1780456762,231.828371
1780456762,232.974193
1780456762,205.980416
1780456762,205.526134
1780456762,205.797113
1780456762,204.183341
1780456762,205.872624
1780456762,206.041541
1780456762,205.630288
1780456762,206.117487
1780456762,278.752212
1780456762,205.783550
1780456762,205.950331
1780456762,205.925525
1780456762,205.963534
1780456762,248.784271
1780456762,274.148911
1780456762,275.273006
1780456762,249.961337
1780456762,248.029407
1780456762,276.473906
1780456762,241.264526
1780456762,254.542585
1780456762,241.606865
1780456762,241.269489
1780456762,241.612240
1780456762,241.345385
1780456762,241.729420
1780456762,188.051994
1780456762,257.571058
1780456762,246.979473
1780456762,247.068110
1780456762,239.578842
1780456762,247.293427
1780456762,242.075663
1780456762,239.666129
1780456762,187.788235
1780456762,241.348182
1780456762,187.781196
1780456762,187.745053
1780456762,242.310807
1780456762,241.526631
1780456762,240.035125
1780456762,242.215233
1780456762,187.993655
1780456762,239.644030
1780456762,188.563032
1780456762,187.735605
1780456762,240.088803
1780456762,181.454934
1780456762,240.314236
1780456762,187.880337
1780456762,242.580723
1780456762,187.887533
1780456762,242.682690
1780456762,187.991476
1780456762,187.900133
1780456762,252.941344
1780456762,240.482919
1780456762,254.197844
1780456762,188.167834
1780456762,188.874808
1780456762,242.780517
1780456762,242.034889
1780456762,188.316801
1780456762,207.568737
1780456762,189.373569
1780456762,207.426640
1780456762,199.632393
1780456762,205.862445
1780456762,205.838282
1780456762,199.656641
1780456762,207.567246
1780456762,207.498795
1780456762,207.748940
1780456762,207.505752
1780456762,207.685788
1780456762,207.757052
1780456762,207.702832
1780456762,182.249378
1780456762,207.408792
1780456762,182.402517
1780456762,207.758643
1780456762,182.452170
1780456762,207.855904
1780456762,132.719369
1780456762,207.864479
1780456762,146.813205
1780456762,207.688675
1780456762,132.272426
1780456762,207.770154
1780456762,172.390292
1780456762,207.818547
1780456762,208.177519
1780456762,176.805956
1780456762,182.602169
1780456762,182.919593
1780456762,163.731059
1780456762,182.837726
1780456762,181.044315
1780456762,132.658592
1780456762,235.753175
1780456762,182.956467
1780456762,182.830297
1780456762,177.930246
1780456762,182.853793
1780456762,183.054254
1780456762,183.015017
1780456762,181.298857
1780456762,183.004807
1780456762,182.918309
1780456762,239.832368
1780456762,175.599751
1780456762,183.995986
1780456762,183.246558
1780456762,189.585546
1780456762,208.351612
1780456762,189.714550
1780456762,208.690077
1780456762,189.168370
1780456762,189.254867
1780456762,170.280477
1780456762,189.793468
1780456762,169.213703
1780456762,189.540611
1780456762,131.467270
1780456762,189.439565
1780456762,172.206963
1780456762,189.683449
1780456762,170.423325
1780456762,200.963624
1780456762,170.513981
1780456762,190.402579
1780456762,190.347907
1780456762,171.660990
1780456762,167.439510
1780456762,169.326481
1780456762,170.644140
1780456762,189.930859
1780456762,190.064556
1780456762,190.687981
1780456762,133.398588
1780456762,190.749368
1780456762,190.749277
1780456762,132.624820
1780456762,190.830946
1780456762,182.945061
1780456762,182.838987
1780456762,223.790614
1780456762,182.895433
1780456762,218.522843
1780456762,218.576204
1780456762,223.833410
1780456762,182.833047
1780456762,182.956401
1780456762,183.035903
1780456762,177.388245
1780456762,177.447028
1780456762,177.179248
1780456762,180.893764
1780456762,179.207783
1780456762,177.511288
1780456762,177.340274
1780456762,137.699491
1780456762,137.595187
1780456762,182.895558
1780456762,137.555549
1780456762,137.940271
1780456762,137.915818
1780456762,179.880634
1780456762,137.763839
1780456762,177.553575
1780456762,137.699227
1780456762,138.008709
1780456762,136.217345
1780456762,137.953394
1780456762,137.956978
1780456762,138.050723
1780456762,138.125673
1780456762,137.738010
1780456762,138.033520
1780456762,138.011321
1780456762,218.601640
1780456762,138.005504
1780456762,223.425194
1780456762,137.641387
1780456762,223.506333
1780456762,208.116581
1780456762,196.471657
1780456762,208.474842
1780456762,197.955984
1780456762,131.102032
1780456762,226.138044
1780456762,199.574031
1780456762,226.024983
1780456762,196.874880
1780456762,209.280681
1780456762,203.115387
1780456762,135.388764
1780456762,131.331722
1780456762,199.983310
1780456762,208.872701
1780456762,136.369061
1780456762,239.909639
1780456762,164.197255
1780456762,218.974814
1780456762,165.272328
1780456762,165.419864
1780456762,162.901264
1780456762,165.304952
1780456762,164.722729
1780456762,165.483289
1780456762,160.384965
1780456762,162.974000
1780456762,194.520445
1780456762,165.352968
1780456762,163.033410
1780456762,165.548756
1780456762,164.761571
1780456762,165.583760
1780456762,196.443673
1780456762,165.586171
1780456762,195.605192
1780456762,189.876122
1780456762,171.650184
1780456762,197.566218
1780456762,197.336171
1780456762,189.970384
1780456762,172.551896
1780456762,196.226412
1780456762,190.013006
1780456762,122.148203
1780456762,122.399396
1780456762,121.880890
1780456762,151.859705
1780456762,158.164319
1780456762,136.546207
1780456762,178.742365
1780456762,178.716111
1780456762,178.753586
1780456762,159.256874
1780456762,161.588064
1780456762,180.366232
1780456762,159.350145
1780456762,157.098427
1780456762,159.491898
1780456762,157.360164
1780456762,178.955895
1780456762,139.125245
1780456762,180.596176
1780456762,157.129741
1780456762,156.937943
1780456762,157.203537
1780456762,157.011912
1780456762,157.335576
1780456762,159.710949
1780456762,159.729103
1780456762,162.003366
1780456762,149.282798
1780456762,162.084629
1780456762,162.118258
1780456762,157.197455
1780456762,178.518625
1780456762,159.738223
1780456762,179.258861
1780456762,159.861027
1780456762,178.621300
1780456762,159.952657
1780456762,160.032518
1780456762,139.096956
1780456762,140.630960
1780456762,140.640849
1780456762,141.003665
1780456762,141.358259
1780456762,158.403282
1780456762,141.141322
1780456762,141.801677
1780456762,142.150148
1780456762,142.348650
1780456762,138.200363
1780456762,142.638871
1780456762,138.717784
1780456762,161.130359
1780456762,138.898227
1780456762,139.293517
1780456762,268.828822
1780456762,233.161876
1780456762,259.567050
1780456762,259.495127
1780456762,268.923599
1780456762,259.526314
1780456762,259.754365
1780456762,268.925050
1780456762,268.877543
1780456762,259.875206
1780456762,251.244485
1780456762,251.330022
1780456762,251.172732
1780456762,259.793141
1780456762,251.412765
1780456762,233.668483
1780456762,233.941367
1780456762,251.332737
1780456762,250.154451
1780456762,251.393044
1780456762,259.741357
1780456762,255.008052
1780456762,260.172518
1780456762,250.309175
1780456762,251.585974
1780456762,251.574396
1780456762,251.649771
1780456762,251.581104
1780456762,222.304728
1780456762,251.688959
1780456762,234.186906
1780456762,226.246232
1780456762,222.481204
1780456762,226.361484
1780456762,234.099435
1780456762,226.363243
1780456762,234.274612
1780456762,226.463978
1780456762,234.457026
1780456762,222.627043
1780456762,234.523092
1780456762,219.857836
1780456762,220.874697
1780456762,234.365794
1780456762,222.692788
1780456762,222.815351
1780456762,218.908944
1780456762,222.678973
1780456762,219.003623
1780456762,211.846849
1780456762,192.843639
1780456762,201.478008
1780456762,214.835471
1780456762,214.772679
1780456762,216.954599
1780456762,215.893725
1780456762,217.085831
1780456762,217.030141
1780456762,219.267058
1780456762,217.106639
1780456762,142.091611
1780456762,217.188236
1780456762,141.381573
1780456762,219.339675
1780456762,141.485702
1780456762,210.881762
1780456762,142.398893
1780456762,220.516495
1780456762,141.642799
1780456762,222.475575
1780456762,131.527379
1780456762,222.463653
1780456762,131.493771
1780456762,141.619482
1780456762,220.693647
1780456762,141.712309
1780456762,223.250391
1780456762,141.825454
1780456762,143.024221
1780456762,212.611988
1780456762,190.457484
1780456762,166.040164
1780456762,143.133767
1780456762,143.269592
1780456762,143.729965
1780456762,143.634351
1780456762,143.750009
1780456762,143.790285
1780456762,144.060558
1780456762,145.280327
1780456762,144.203883
1780456762,143.960653
1780456762,166.374636
1780456762,166.405252
1780456762,144.144630
1780456762,144.344869
1780456762,166.937391
1780456762,225.130389
1780456762,225.389230
1780456762,225.236728
1780456762,225.171643
1780456762,225.392330
1780456762,225.369228
1780456762,225.379961
1780456762,149.643833
1780456762,149.791984
1780456762,167.495642
1780456762,150.746180
1780456762,151.260813
1780456762,151.503754
1780456762,151.722564
1780456762,159.406376
1780456762,169.391442
1780456762,159.383181
1780456762,159.501873
1780456762,159.570801
1780456762,159.562280
1780456762,159.405829
1780456762,159.676977
1780456762,159.629576
1780456762,157.173841
1780456762,158.693335
1780456762,159.297558
1780456762,159.107079
1780456762,159.587979
1780456762,159.257164
1780456762,159.623880
1780456762,160.135192
1780456762,160.107980
1780456762,170.141217
1780456762,159.931302
1780456762,160.006882
1780456762,160.073130
1780456762,159.935843
1780456762,159.547036
1780456762,159.913301
1780456762,156.102705
1780456762,211.380893
1780456762,205.505401
1780456762,211.450385
1780456762,153.086310
1780456762,153.192857
1780456762,153.274928
1780456762,153.216186
1780456762,153.420538
1780456762,153.360435
1780456762,153.517977
1780456762,153.424455
1780456762,153.530942
1780456762,153.696719
1780456762,153.763218
1780456762,153.814938
1780456762,153.719680
1780456762,203.810494
1780456762,204.891760
1780456762,161.137540
1780456762,153.002846
1780456762,146.427246
1780456762,154.197162
1780456762,153.521935
1780456762,153.348314
1780456762,153.301694
1780456762,154.252884
1780456762,153.687406
1780456762,154.294900
1780456762,154.436401
1780456762,153.871499
1780456762,153.888773
1780456762,154.519874
1780456762,154.048633
1780456762,154.090634
1780456762,154.084183
1780456762,154.196274
1780456762,154.213322
1780456762,154.295206
1780456762,154.327017
1780456762,154.401299
1780456762,154.486957
1780456762,154.471902
1780456762,161.903403
1780456762,162.067384
1780456762,161.995535
1780456762,158.335926
1780456762,171.749396
1780456762,172.170525
1780456762,172.038168
1780456762,172.189186
1780456762,172.209929
1780456762,172.188653
1780456762,172.324578
1780456762,172.398535
1780456762,172.345233
1780456762,172.653681
1780456762,172.564256
1780456762,172.594010
1780456762,172.748492
1780456762,172.702076
1780456762,172.780971
1780456762,172.968513
1780456762,173.136558
1780456762,172.828727
1780456762,171.235422
1780456762,170.717555
1780456762,170.280459
1780456762,168.752840
1780456762,151.935330
1780456762,169.071615
1780456762,152.163877
1780456762,152.368816
1780456762,169.519762
1780456762,170.359159
1780456762,168.247385
1780456762,168.535367
1780456762,168.892169
1780456762,153.957031
1780456762,169.625100
1780456762,154.979685
1780456762,179.526038
1780456762,155.599754
1780456762,155.410188
1780456762,155.846218
1780456762,180.100245
1780456762,180.378064
1780456762,156.225172
1780456762,156.480061
1780456762,156.201187
1780456762,154.380861
1780456762,158.594805
1780456762,158.607688
1780456762,145.268473
1780456762,157.212672
1780456762,158.215589
1780456762,157.923817
1780456762,158.291106
1780456762,158.447665
1780456762,158.699607
1780456762,159.825973
1780456762,160.972334
1780456762,162.143850
1780456762,162.220872
1780456762,162.800558
1780456762,162.342957
1780456762,162.512905
1780456762,193.395271
1780456762,184.026459
1780456762,193.464050
1780456762,164.483695
1780456762,169.522097
1780456762,169.634073
1780456762,169.485763
1780456762,193.793938
1780456762,184.253465
1780456762,169.781741
1780456762,184.360231
1780456762,184.387653
1780456762,164.838780
1780456762,165.192723
1780456762,169.738074
1780456762,169.648077
1780456762,169.789379
1780456762,167.002181
1780456762,176.690346
1780456762,178.109489
1780456762,178.220674
1780456762,167.100641
1780456762,178.283435
1780456762,163.654422
1780456762,178.511803
1780456762,178.584767
1780456762,178.590955
1780456762,178.685368
1780456762,159.114486
1780456762,174.500463
1780456762,178.584416
1780456762,178.649408
1780456762,178.878731
1780456762,178.886278
1780456762,178.946590
1780456762,178.917312
1780456762,167.653296
1780456762,167.954675
1780456762,174.834107
1780456762,175.962038
1780456762,185.479664
1780456762,149.392090
1780456762,149.506313
1780456762,148.232538
1780456762,148.028554
1780456762,148.211955
1780456762,149.488539
1780456762,214.872170
1780456762,215.833944
1780456762,215.309765
1780456762,208.231696
1780456762,208.275336
1780456762,208.403746
1780456762,208.446093
1780456762,216.205462
1780456762,216.182272
1780456762,186.969013
1780456762,186.939395
1780456762,187.125442
1780456762,187.179192
1780456762,187.338296
1780456762,187.296941
1780456762,208.728697
1780456762,187.506053
1780456762,208.491071
1780456762,187.626736
1780456762,187.639543
1780456762,187.739170
1780456762,187.784580
1780456762,209.053178
1780456762,187.953447
1780456762,208.784090
1780456762,208.881467
1780456762,209.120900
1780456762,187.224683
1780456762,187.455160
1780456762,187.864611
1780456762,187.556336
1780456762,187.681736
1780456762,187.850059
1780456762,187.912274
1780456762,187.187381
1780456762,188.357797
1780456762,188.001215
1780456762,188.177380
1780456762,188.180784
1780456762,188.280173
1780456762,188.450922
1780456762,188.429980
1780456762,187.819896
1780456762,187.966760
1780456762,187.889652
1780456762,188.087694
1780456762,188.144429
1780456762,188.242352
1780456762,188.325684
1780456762,195.482587
1780456762,191.277234
1780456762,191.295620
1780456762,195.524315
1780456762,179.152814
1780456762,181.501485
1780456762,220.420542
1780456762,220.189604
1780456762,220.287814
1780456762,186.523538
1780456762,186.678576
1780456762,186.669554
1780456762,220.492161
1780456762,220.689275
1780456762,189.585198
1780456762,190.132436
1780456762,189.801811
1780456762,132.851600
1780456762,132.638520
1780456762,137.886876
1780456762,180.828695
1780456762,195.901040
1780456762,195.520014
1780456762,195.950017
1780456762,194.804490
1780456762,192.752154
1780456762,192.835305
1780456762,194.869803
1780456762,196.031859
1780456762,195.448798
1780456762,192.870440
1780456762,166.767108
1780456762,166.780527
1780456762,189.719020
1780456762,186.263276
1780456762,189.752047
1780456762,185.063181
1780456762,181.528033
1780456762,165.805754
1780456762,185.054674
1780456762,183.855438
1780456762,184.227049
1780456762,184.091899
1780456762,185.237407
1780456762,184.681394
1780456762,185.327045
1780456762,178.931738
1780456762,180.132198
1780456762,185.581969
1780456762,186.828860
1780456762,186.814252
1780456762,189.159887
1780456762,189.218924
1780456762,187.060049
1780456762,181.826205
1780456762,182.047008
1780456762,182.487089
1780456762,182.559513
1780456762,183.838293
1780456762,183.397855
1780456762,183.369870
1780456762,184.106202
1780456762,169.539432
1780456762,204.879133
1780456762,204.895158
1780456762,205.011279
1780456762,205.570159
1780456762,202.237640
1780456762,204.873726
1780456762,205.384938
1780456762,205.490224
1780456762,205.031381
1780456762,206.107201
1780456762,206.012043
1780456762,206.260937
1780456762,205.377836
1780456762,171.511702
1780456762,171.766208
1780456762,185.997326
1780456762,172.013322
1780456762,172.353209
1780456762,172.503374
1780456762,173.465774
1780456762,179.940962
1780456762,180.095250
1780456762,251.020438
1780456762,249.694520
1780456762,249.683835
1780456762,251.513422
1780456762,249.821928
1780456762,251.959658
1780456762,252.074511
1780456762,251.830323
1780456762,251.528178
1780456762,252.429507
1780456762,252.049140
1780456762,252.258493
1780456762,252.358376
1780456762,249.102108
1780456762,231.545740
1780456762,172.536066
1780456762,233.511663
1780456762,172.652224
1780456762,180.088052
1780456762,172.808190
1780456762,209.289999
1780456762,181.448546
1780456762,182.778733
1780456762,184.117263
1780456762,210.734747
1780456762,213.306928
1780456762,199.048281
1780456762,214.141455
1780456762,184.346142
1780456762,214.342194
1780456762,171.983666
1780456762,216.728634
1780456762,227.687885
1780456762,232.340489
1780456762,214.543636
1780456762,228.622148
1780456762,234.352080
1780456762,216.744277
1780456762,226.686239
1780456762,227.859246
1780456762,216.380268
1780456762,228.830256
1780456762,234.536620
1780456762,234.608790
1780456762,234.676438
1780456762,233.546071
1780456762,235.983757
1780456762,237.749714
1780456762,240.726696
1780456762,245.461318
1780456762,253.298086
1780456762,251.758863
1780456762,234.963800
1780456762,236.208830
1780456762,236.251792
1780456762,237.497312
1780456762,238.054613
1780456762,239.965573
1780456762,249.537059
1780456762,242.227874
1780456762,244.407323
1780456762,187.113651
1780456762,188.686078
1780456762,186.951884
1780456762,189.882819
1780456762,189.854276
1780456762,191.404034
1780456762,191.255875
1780456762,197.288604
1780456762,191.441074
1780456762,196.195815
1780456762,199.165610
1780456762,197.465967
1780456762,199.711519
1780456762,198.731368
1780456762,200.056903
1780456762,202.867819
1780456762,204.118420
1780456762,202.976166
1780456762,204.314194
1780456762,206.649764
1780456762,207.962712
1780456762,198.864894
1780456762,202.522506
1780456762,200.431543
1780456762,205.726876
1780456762,210.485637
1780456762,209.249888
1780456762,214.886333
1780456762,211.806022
1780456762,214.634814
1780456762,215.393512
1780456762,215.502840
1780456762,216.431523
1780456762,216.331671
1780456762,216.586193
1780456762,219.064792
1780456762,226.655691
1780456762,218.672860
1780456762,234.402228
1780456762,234.628920
1780456762,168.446200
1780456762,174.273444
1780456762,205.412824
1780456762,204.717993
1780456762,204.965035
1780456762,204.950038
1780456762,217.080427
1780456762,209.484316
1780456762,212.976219
1780456762,217.220436
1780456762,226.289917
1780456762,224.922953
1780456762,225.042837
1780456762,224.803049
1780456762,237.635315
1780456762,237.641745
1780456762,235.389892
1780456762,225.088106
1780456762,221.669354
1780456762,228.218110
1780456762,237.724868
1780456762,218.320277
1780456762,228.406034
1780456762,229.789016
1780456762,229.760152
1780456762,201.591102
1780456762,229.878688
1780456762,214.536266
1780456762,204.579719
1780456762,235.797658
1780456762,232.315164
1780456762,211.951809
1780456762,235.947946
1780456762,235.903110
1780456762,215.032606
1780456762,236.082507
1780456762,236.184054
1780456762,217.781319
1780456762,227.311818
1780456762,199.361408
1780456762,201.013289
1780456762,222.608823
1780456762,225.399115
1780456762,218.056120
1780456762,226.071085
1780456762,225.606089
1780456762,187.003340
1780456762,229.094272
1780456762,229.271978
1780456762,229.346770
1780456762,229.253499
1780456762,238.644336
1780456762,238.566863
1780456762,230.762198
1780456762,232.667204
1780456762,230.471264
1780456762,216.086538
1780456762,221.589892
1780456762,225.188605
1780456762,224.004227
1780456762,215.095656
1780456762,228.017772
1780456762,230.357859
1780456762,225.425482
1780456762,225.360420
1780456762,229.453604
1780456762,184.612218
1780456762,184.767612
1780456762,184.758782
1780456762,230.694379
1780456762,186.021602
1780456762,186.245023
1780456762,184.788478
1780456762,187.778611
1780456762,189.570950
1780456762,187.892242
1780456762,189.281543
1780456762,190.108600
1780456762,191.793156
1780456762,192.164717
1780456762,193.372677
1780456762,215.800499
1780456762,186.790896
1780456762,186.955528
1780456762,193.940064
1780456762,215.969452
1780456762,218.798359
1780456762,220.103253
1780456762,222.763779
1780456762,224.030098
1780456762,230.736452
1780456762,233.039093
1780456762,219.115417
1780456762,224.773016
1780456762,220.498103
1780456762,223.234998
1780456762,226.039729
1780456762,226.202025
1780456762,225.229495
1780456762,195.795433
1780456762,197.813053
1780456762,198.321459
1780456762,204.824481
1780456762,189.415643
1780456762,208.255357
1780456762,207.152458
1780456762,208.380476
1780456762,209.582242
1780456762,209.642670
1780456762,209.746132
1780456762,209.811726
1780456762,215.564661
1780456762,217.488120
1780456762,205.270348
1780456762,208.565056
1780456762,204.202366
1780456762,208.671887
1780456762,208.781078
1780456762,209.999209
1780456762,210.222685
1780456762,210.152215
1780456762,210.115009
1780456762,216.540643
1780456762,216.699187
1780456762,210.323009
1780456762,218.058900
1780456762,219.229454
1780456762,170.353278
1780456762,170.386839
1780456762,170.347866
1780456762,170.428389
1780456762,170.526125
1780456762,170.423382
1780456762,170.945933
1780456762,170.855689
1780456762,170.959090
1780456762,190.526936
1780456762,190.572202
1780456762,170.873954
1780456762,193.027849
1780456762,194.278601
1780456762,196.109534
1780456762,194.619205
1780456762,233.441652
1780456762,233.300007
1780456762,233.462081
1780456762,233.555775
1780456762,229.188060
1780456762,226.710486
1780456762,229.440296
1780456762,229.440887
1780456762,231.261259
1780456762,231.382379
1780456762,232.416419
1780456762,232.419862
1780456762,223.125441
1780456762,223.247487
1780456762,226.994361
1780456762,223.123137
1780456762,225.688121
1780456762,216.187115
1780456762,225.358288
1780456762,215.185933
1780456762,229.066762
1780456762,232.025289
1780456762,234.863469
1780456762,215.424404
1780456762,145.375808
1780456762,145.352633
1780456762,145.087539
1780456762,145.253542
1780456762,145.646919
1780456762,145.765953
1780456762,145.855831
1780456762,146.003782
1780456762,146.250893
1780456762,146.124242
1780456762,146.449520
1780456762,146.612329
1780456762,191.051963
1780456762,191.039806
1780456762,200.811641
1780456762,210.231969
1780456762,211.610836
1780456762,211.605013
1780456762,212.807833
1780456762,222.441589
1780456762,214.032048
1780456762,221.447662
1780456762,221.478694
1780456762,222.674426
1780456762,226.482934
1780456762,224.208089
1780456762,226.592837
1780456762,226.660399
1780456762,230.417465
1780456762,229.200837
1780456762,229.199598
1780456762,230.636845
1780456762,231.904668
1780456762,232.005024
1780456762,232.138049
1780456762,236.123459
1780456762,223.097724
1780456762,236.232873
1780456762,236.344215
1780456762,237.644803
1780456762,237.757812
1780456762,240.269056
1780456762,261.757777
1780456762,264.552794
1780456762,264.046345
1780456762,264.679804
1780456762,264.254449
1780456762,263.630312
1780456762,263.828700
1780456762,146.869268
1780456762,147.105270
1780456762,148.895966
1780456762,230.121391
1780456762,229.849966
1780456762,230.105207
1780456762,223.989485
1780456762,229.855694
1780456762,229.878121
1780456762,230.357127
1780456762,214.049622
1780456762,215.121063
1780456762,224.174662
1780456762,224.166959
1780456762,224.219399
1780456762,211.412899
1780456762,211.707487
1780456762,227.480909
1780456762,237.325057
1780456762,242.193513
1780456762,252.670229
1780456762,200.795526
1780456762,251.854922
1780456762,201.017959
1780456762,252.962273
1780456762,215.908041
1780456762,252.786491
1780456762,217.089786
1780456762,231.359349
1780456762,219.992679
1780456762,236.282943
1780456762,251.973349
1780456762,237.497024
1780456762,237.764913
1780456762,237.576816
1780456762,237.626246
1780456762,200.831461
1780456762,237.731495
1780456762,201.131716
1780456762,250.526177
1780456762,201.592089
1780456762,252.072756
1780456762,254.651360
1780456762,252.229540
1780456762,254.752345
1780456762,252.204384
1780456762,257.155684
1780456762,237.821311
1780456762,257.223083
1780456762,253.556329
1780456762,258.396442
1780456762,254.804395
1780456762,258.464627
1780456762,220.527028
1780456762,230.807979
1780456762,201.893128
1780456762,228.457421
1780456762,201.285259
1780456762,201.389412
1780456762,201.457490
1780456762,201.551256
1780456762,229.893670
1780456762,224.173013
1780456762,165.531766
1780456762,221.160950
1780456762,218.906525
1780456762,166.173260
1780456762,166.362787
1780456762,238.000425
1780456762,254.522258
1780456762,278.706403
1780456762,249.640385
1780456762,278.749163
1780456762,277.479579
1780456762,276.419949
1780456762,247.805885
1780456762,273.058007
1780456762,272.916807
1780456762,272.904830
1780456762,275.437826
1780456762,234.018049
1780456762,275.408191
1780456762,234.244009
1780456762,276.803621
1780456762,242.722042
1780456762,241.296936
1780456762,242.458196
1780456762,246.428946
1780456762,246.433861
1780456762,248.568216
1780456762,249.144824
1780456762,251.642452
1780456762,253.027243
1780456762,253.015683
1780456762,253.092284
1780456762,254.356622
1780456762,255.617528
1780456762,255.753588
1780456762,262.545708
1780456762,257.231305
1780456762,263.784256
1780456762,269.802306
1780456762,255.850621
1780456762,270.407750
1780456762,271.014204
1780456762,272.015540
1780456762,272.708179
1780456762,234.776583
1780456762,235.051597
1780456762,237.629262
1780456762,237.536106
1780456762,235.328101
1780456762,279.052335
1780456762,279.072441
1780456762,249.888872
1780456762,236.431000
1780456762,260.396247
1780456762,231.974727
1780456762,260.334100
1780456762,246.273821
1780456762,254.965085
1780456762,260.314138
1780456762,251.309081
1780456762,239.047221
1780456762,243.600528
1780456762,245.113014
1780456762,246.374760
1780456762,149.701619
1780456762,232.136285
1780456762,149.857016
1780456762,232.198007
1780456762,149.851742
1780456762,236.816775
1780456762,150.295847
1780456762,171.858579
1780456762,172.083783
1780456762,172.272082
1780456762,238.960415
1780456762,239.282189
1780456762,235.172146
1780456762,235.113830
1780456762,233.842065
1780456762,234.221014
1780456762,153.063999
1780456762,174.670463
1780456762,174.260032
1780456762,174.549894
1780456762,174.217191
1780456762,174.350888
1780456762,245.088167
1780456762,234.797592
1780456762,174.220364
1780456762,245.101243
1780456762,244.019732
1780456762,237.017614
1780456762,241.483534
1780456762,235.061063
1780456762,191.330983
1780456762,153.397369
1780456762,241.801538
1780456762,244.056620
1780456762,241.786135
1780456762,242.987578
1780456762,235.186913
1780456762,235.447019
1780456762,153.607170
1780456762,241.871547
1780456762,235.586440
1780456762,153.881578
1780456762,234.199470
1780456762,234.772391
1780456762,235.299562
1780456762,154.781020
1780456762,235.303979
1780456762,235.743411
1780456762,155.171090
1780456762,235.808206
1780456762,236.147410
1780456762,234.970147
1780456762,235.173505
1780456762,194.012639
1780456762,238.134820
1780456762,236.610224
1780456762,254.617445
1780456762,238.308895
1780456762,240.167035
1780456762,235.495088
1780456762,235.371045
1780456762,240.263509
1780456762,156.311357
1780456762,235.582643
1780456762,234.751285
1780456762,219.079815
1780456762,219.332612
1780456762,157.334149
1780456762,219.518288
1780456762,219.732418
1780456762,219.971412
1780456762,195.690372
1780456762,220.279279
1780456762,220.558354
1780456762,220.967133
1780456762,246.535239
1780456762,221.752828
1780456762,221.714670
1780456762,246.979122
1780456762,245.220264
1780456762,230.966626
1780456762,238.485113
1780456762,247.106932
1780456762,231.374349
1780456762,248.217908
1780456762,186.315704
1780456762,247.850615
1780456762,186.351676
1780456762,232.025920
1780456762,187.816084
1780456762,186.681660
1780456762,232.466817
1780456762,246.636893
1780456762,247.465265
1780456762,187.157091
1780456762,247.033872
1780456762,187.690337
1780456762,244.639175
1780456762,243.187240
1780456762,187.087719
1780456762,227.155013
1780456762,226.854093
1780456762,226.678631
1780456762,226.832449
1780456762,227.258706
1780456762,241.992132
1780456762,227.326557
1780456762,167.358523
1780456762,226.792062
1780456762,166.845297
1780456762,166.923393
1780456762,167.191452
1780456762,168.242796
1780456762,168.615037
1780456762,204.131644
1780456762,188.138952
1780456762,192.154000
1780456762,219.072322
1780456762,192.355067
1780456762,224.934948
1780456762,192.733667
1780456762,219.697991
1780456762,193.241874
1780456762,219.929427
1780456762,225.370791
1780456762,225.551019
1780456762,225.740265
1780456762,192.633313
1780456762,206.862044
1780456762,192.488183
1780456762,208.189750
1780456762,225.932917
1780456762,192.432272
1780456762,207.104325
1780456762,206.214041
1780456762,225.917064
1780456762,207.448316
1780456762,193.759267
1780456762,226.715931
1780456762,193.386189
1780456762,193.432579
1780456762,226.536192
1780456762,227.294924
1780456762,193.219536
1780456762,227.675104
1780456762,227.817825
1780456762,193.930322
1780456762,195.537859
1780456762,191.980146
1780456762,228.258268
1780456762,194.554005
1780456762,195.989471
1780456762,229.106420
1780456762,196.346015
1780456762,211.757095
1780456762,229.307380
1780456762,229.575161
1780456762,211.972962
1780456762,229.707463
1780456762,196.569767
1780456762,212.085904
1780456762,196.851232
1780456762,212.382272
1780456762,212.660013
1780456762,230.392674
1780456762,230.645364
1780456762,197.349615
1780456762,198.808546
1780456762,174.067685
1780456762,174.273182
1780456762,236.658364
1780456762,236.729255
1780456762,236.754269
1780456762,155.710182
1780456762,158.295658
1780456762,157.741749
1780456762,158.340392
1780456762,158.623187
1780456762,174.536102
1780456762,177.082959
1780456762,177.618080
1780456762,177.419983
1780456762,199.665909
1780456762,198.581786
1780456762,177.593983
1780456762,177.541118
1780456762,236.875690
1780456762,177.811354
1780456762,177.813108
1780456762,199.666925
1780456762,228.305042
1780456762,198.759319
1780456762,177.410406
1780456762,177.537144
1780456762,177.551826
1780456762,177.659307
1780456762,177.768846
1780456762,200.119814
1780456762,199.191143
1780456762,163.206088
1780456762,163.198797
1780456762,163.993334
1780456762,164.404540
1780456762,164.300461
1780456762,161.736153
1780456762,164.422187
1780456762,161.873336
1780456762,161.999381
1780456762,164.592859
1780456762,162.175776
1780456762,165.817979
1780456762,162.423369
1780456762,166.144429
1780456762,162.544530
1780456762,164.096933
1780456762,163.324773
1780456762,164.044578
1780456762,163.239164
1780456762,163.331066
1780456762,163.369444
1780456762,201.467141
1780456762,201.441345
1780456762,180.536693
1780456762,179.326684
1780456762,179.403479
1780456762,180.358747
1780456762,240.995927
1780456762,240.969720
1780456762,179.405172
1780456762,240.612400
1780456762,181.048425
1780456762,181.391277
1780456762,181.232407
1780456762,182.275145
1780456762,182.411369
1780456762,202.739769
1780456762,203.068309
1780456762,203.318680
1780456762,204.405241
1780456762,204.618405
1780456762,204.860169
1780456762,205.114671
1780456762,146.006172
1780456762,145.883191
1780456762,146.052682
1780456762,176.500954
1780456762,176.402091
1780456762,176.336772
1780456762,176.231802
1780456762,174.938295
1780456762,177.090866
1780456762,176.577256
1780456762,175.100506
1780456762,177.257069
1780456762,175.484995
1780456762,175.433007
1780456762,175.064971
1780456762,177.448486
1780456762,176.981349
1780456762,177.340298
1780456762,174.702330
1780456762,177.494781
1780456762,174.817851
1780456762,177.338523
1780456762,175.491913
1780456762,177.208909
1780456762,189.583349
1780456762,176.830201
1780456762,177.124828
1780456762,146.981546
1780456762,190.119443
1780456762,190.227313
1780456762,190.446613
1780456762,213.676495
1780456762,177.979710
1780456762,173.056433
1780456762,177.875663
1780456762,177.828616
1780456762,178.189800
1780456762,177.923407
1780456762,178.577445
1780456762,177.784921
1780456762,172.930870
1780456762,213.755690
1780456762,173.001325
1780456762,178.804907
1780456762,177.935141
1780456762,147.976182
1780456762,213.950381
1780456762,214.151063
1780456762,214.167103
1780456762,214.405520
1780456762,191.828131
1780456762,191.884686
1780456762,214.605101
1780456762,192.134592
1780456762,214.251595
1780456762,214.330616
1780456762,214.330931
1780456762,150.623558
1780456762,192.688190
1780456762,192.791299
1780456762,214.527450
1780456762,193.296075
1780456762,193.415702
1780456762,215.270460
1780456762,215.377478
1780456762,177.788425
1780456762,215.622848
1780456762,178.034821
1780456762,215.928001
1780456762,179.010610
1780456762,152.240003
1780456762,176.931815
1780456762,152.520050
1780456762,154.538046
1780456762,177.835911
1780456762,218.986047
1780456762,219.152561
1780456762,156.028293
1780456762,219.289987
1780456762,219.478667
1780456762,219.978118
1780456762,219.607104
1780456762,219.806596
1780456762,156.997172
1780456762,219.948043
1780456762,220.096920
1780456762,220.828874
1780456762,220.209338
1780456762,157.515091
1780456762,220.390175
1780456762,220.362997
1780456762,187.936586
1780456762,187.710328
1780456762,186.537584
1780456762,182.637343
1780456762,186.968294
1780456762,185.768590
1780456762,185.856356
1780456762,187.285390
1780456762,185.561008
1780456762,182.318677
1780456762,182.562407
1780456762,185.805336
1780456762,182.320772
1780456762,158.338354
1780456762,185.523475
1780456762,185.939373
1780456762,185.664564
1780456762,189.086865
1780456762,182.803519
1780456762,186.068124
1780456762,185.927352
1780456762,239.333244
1780456762,239.329514
1780456762,239.463322
1780456762,239.494778
1780456762,239.479800
1780456762,185.454143
1780456762,239.620867
1780456762,185.394793
1780456762,239.473356
1780456762,187.873853
1780456762,238.684494
1780456762,185.669620
1780456762,238.698386
1780456762,187.506299
1780456762,239.120785
1780456762,185.811609
1780456762,238.956833
1780456762,185.996874
1780456762,185.990324
1780456762,186.118208
1780456762,185.568330
1780456762,253.224676
1780456762,253.342328
1780456762,239.657224
1780456762,253.447505
1780456762,239.754779
1780456762,239.821924
1780456762,239.962828
1780456762,239.959902
1780456762,240.034707
1780456762,240.141034
1780456762,240.251123
1780456762,239.191741
1780456762,239.260331
1780456762,240.396790
1780456762,186.211063
1780456762,239.920119
1780456762,239.432379
1780456762,239.541191
1780456762,239.548383
1780456762,240.703250
1780456762,223.090654
1780456762,223.209854
1780456762,223.324543
1780456762,240.072626
1780456762,240.469403
1780456762,240.709794
1780456762,186.691047
1780456762,186.957927
1780456762,223.959287
1780456762,223.489429
1780456762,189.389609
1780456762,189.532956
1780456762,189.781658
1780456762,189.559851
1780456762,187.402487
1780456762,187.132176
1780456762,189.994014
1780456762,186.978863
1780456762,187.727387
1780456762,187.908302
1780456762,187.526893
1780456762,163.872336
1780456762,164.462187
1780456762,163.855481
1780456762,164.127759
1780456762,164.424925
1780456762,163.861919
1780456762,164.373745
1780456762,164.353316
1780456762,164.687283
1780456762,164.357581
1780456762,164.012923
1780456762,163.904646
1780456762,164.433146
1780456762,164.583355
1780456762,164.586041
1780456762,165.427786
1780456762,164.884189
1780456762,189.945295
1780456762,189.919128
1780456762,189.545810
1780456762,189.714477
1780456762,189.497794
1780456762,165.759437
1780456762,189.950997
1780456762,232.071093
1780456762,249.055540
1780456762,249.617445
1780456762,249.792891
1780456762,249.979255
1780456762,145.380744
1780456762,235.997076
1780456762,236.304093
1780456762,235.700200
1780456762,236.903576
1780456762,237.688885
1780456762,148.648188
1780456762,149.258816
1780456762,239.122357
1780456762,174.876598
1780456762,239.024848
1780456762,149.997056
1780456762,239.486688
1780456762,150.703758
1780456762,199.967245
1780456762,204.736427
1780456762,204.815237
1780456762,201.164245
1780456762,200.943933
1780456762,205.589022
1780456762,205.769833
1780456762,206.151254
1780456762,205.889922
1780456762,206.319107
1780456762,174.632319
1780456762,174.628195
1780456762,176.317053
1780456762,177.540369
1780456762,177.380871
1780456762,152.252560
1780456762,177.906081
1780456762,177.600272
1780456762,177.710246
1780456762,177.976920
1780456762,176.610731
1780456762,176.598073
1780456762,206.806342
1780456762,177.038711
1780456762,176.860851
1780456762,177.112102
1780456762,176.826497
1780456762,241.726069
1780456762,178.081215
1780456762,176.520299
1780456762,178.162970
1780456762,241.860329
1780456762,205.412122
1780456762,257.860794
1780456762,258.050120
1780456762,257.951304
1780456762,257.914922
1780456762,258.055545
1780456762,242.213434
1780456762,153.821969
1780456762,153.663972
1780456762,206.354141
1780456762,156.542928
1780456762,156.507501
1780456762,156.516067
1780456762,157.008327
1780456762,156.508914
1780456762,157.077116
1780456762,155.841708
1780456762,182.306359
1780456762,182.188902
1780456762,184.800742
1780456762,145.546186
1780456762,160.639413
1780456762,160.464799
1780456762,160.634481
1780456762,160.589354
1780456762,160.355070
1780456762,160.296627
1780456762,160.468698
1780456762,160.521997
1780456762,160.596916
1780456762,159.969969
1780456762,186.767758
1780456762,160.289135
1780456762,210.127191
1780456762,160.454752
1780456762,160.291940
1780456762,161.581679
1780456762,161.473851
1780456762,160.604352
1780456762,161.518624
1780456762,250.944881
1780456762,251.036621
1780456762,159.041266
1780456762,147.008477
1780456762,160.954706
1780456762,214.542287
1780456762,146.929959
1780456762,214.847914
1780456762,146.468767
1780456762,146.594004
1780456762,251.895010
1780456762,216.601245
1780456762,217.023761
1780456762,217.138622
1780456762,269.184032
1780456762,269.083567
1780456762,269.115217
1780456762,269.693698
1780456762,217.354971
1780456762,269.623441
1780456762,269.390440
1780456762,269.319183
1780456762,269.537623
1780456762,269.730704
1780456762,243.880672
1780456762,171.090788
1780456762,269.375461
1780456762,214.094217
1780456762,269.556786
1780456762,244.157595
1780456762,217.346985
1780456762,214.352481
1780456762,190.118475
1780456762,244.298398
1780456762,171.220853
1780456762,244.400475
1780456762,244.088097
1780456762,243.993744
1780456762,171.219726
1780456762,244.132673
1780456762,171.450308
1780456762,244.116610
1780456762,244.291316
1780456762,244.406137
1780456762,244.670159
1780456762,244.476436
1780456762,270.249168
1780456762,244.756906
1780456762,244.703596
1780456762,269.393408
1780456762,190.462527
1780456762,171.563429
1780456762,270.479265
1780456762,270.443105
1780456762,170.920556
1780456762,171.045843
1780456762,270.038250
1780456762,218.001148
1780456762,171.163327
1780456762,171.082313
1780456762,171.980529
1780456762,172.040366
1780456762,171.352998
1780456762,171.452996
1780456762,171.510518
1780456762,171.571171
1780456762,171.386673
1780456762,171.944016
1780456762,171.507895
1780456762,171.075881
1780456762,171.756729
1780456762,171.721867
1780456762,172.171184
1780456762,171.866162
1780456762,215.843474
1780456762,215.708039
1780456762,148.954562
1780456762,176.488769
1780456762,190.694412
1780456762,215.899830
1780456762,216.115484
1780456762,191.296770
1780456762,192.063790
1780456762,173.013239
1780456762,172.985235
1780456762,192.393063
1780456762,216.832317
1780456762,217.011814
1780456762,217.056520
1780456762,172.099724
1780456762,193.706709
1780456762,171.808862
1780456762,194.293120
1780456762,167.372970
1780456762,172.175020
1780456762,194.623321
1780456762,167.754155
1780456762,194.417567
1780456762,171.194621
1780456762,153.614107
1780456762,168.226187
1780456762,194.767707
1780456762,166.431248
1780456762,178.102328
1780456762,153.805716
1780456762,166.351589
1780456762,195.069434
1780456762,176.967176
1780456762,164.682116
1780456762,168.744490
1780456762,154.036054
1780456762,164.528178
1780456762,174.737065
1780456762,195.521114
1780456762,169.049447
1780456762,174.827751
1780456762,174.923766
1780456762,169.185116
1780456762,196.850297
1780456762,174.617779
1780456762,169.294460
1780456762,169.541194
1780456762,175.444562
1780456762,166.827000
1780456762,197.416025
1780456762,175.674643
1780456762,175.548761
1780456762,171.384204
1780456762,197.730693
1780456762,170.483275
1780456762,197.953861
1780456762,175.406715
1780456762,197.308196
1780456762,197.417928
1780456762,197.858114
1780456762,199.287277
1780456762,176.525784
1780456762,176.772029
1780456762,176.090791
1780456762,200.289217
1780456762,199.975259
1780456762,198.216071
1780456762,169.768763
1780456762,169.946583
1780456762,187.470078
1780456762,161.945543
1780456762,280.616632
1780456762,161.822722
1780456762,161.708934
1780456762,281.667234
1780456762,159.833386
1780456762,161.244974
1780456762,163.234099
1780456762,230.385613
1780456762,228.309167
1780456762,176.819992
1780456762,177.013636
1780456762,177.561495
1780456762,176.700039
1780456762,175.380746
1780456762,177.837623
1780456762,179.242082
1780456762,178.494561
1780456762,177.168163
1780456762,177.489718
1780456762,179.846998
1780456762,177.507002
1780456762,163.218877
1780456762,163.333401
1780456762,143.473392
1780456762,163.361002
1780456762,179.288792
1780456762,181.419604
1780456762,178.083894
1780456762,179.174149
1780456762,178.903162
1780456762,178.588456
1780456762,178.253807
1780456762,179.088244
1780456762,179.529371
1780456762,179.108768
1780456762,179.368881
1780456762,179.089465
1780456762,178.904012
1780456762,178.677759
1780456762,178.732812
1780456762,233.099460
1780456762,233.131065
1780456762,233.098490
1780456762,188.670135
1780456762,188.746644
1780456762,233.076371
1780456762,180.462768
1780456762,180.393572
1780456762,180.025630
1780456762,180.487902
1780456762,180.102430
1780456762,180.233012
1780456762,180.465977
1780456762,180.397965
1780456762,169.689452
1780456762,169.741414
1780456762,181.820423
1780456762,170.302059
1780456762,181.854385
1780456762,183.318742
1780456762,183.428922
1780456762,181.903442
1780456762,183.425832
1780456762,183.517545
1780456762,183.478091
1780456762,184.395966
1780456762,171.459761
1780456762,171.682360
1780456762,171.627858
1780456762,172.029297
1780456762,172.164015
1780456762,172.697781
1780456762,238.958974
1780456762,188.923804
1780456762,172.770522
1780456762,175.725338
1780456762,175.665433
1780456762,174.537883
1780456762,176.816308
1780456762,176.508987
1780456762,175.924364
1780456762,176.923299
1780456762,191.486067
1780456762,177.299859
1780456762,192.347425
1780456762,177.660533
1780456762,176.940331
1780456762,177.475755
1780456762,178.356927
1780456762,189.812177
1780456762,191.712820
1780456762,198.131634
1780456762,177.350402
1780456762,178.910567
1780456762,177.483650
1780456762,198.660252
1780456762,177.578455
1780456762,178.785991
1780456762,177.768298
1780456762,179.092740
1780456762,179.240206
1780456762,178.060314
1780456762,178.366955
1780456762,179.870298
1780456762,179.499369
1780456762,179.912107
1780456762,180.039138
1780456762,180.683119
1780456762,180.297507
1780456762,179.860765
1780456762,179.826950
1780456762,179.669764
1780456762,179.834202
1780456762,193.654431
1780456762,157.410591
1780456762,157.283808
1780456762,157.366191
1780456762,157.281059
1780456762,157.365810
1780456762,157.556696
1780456762,193.821138
1780456762,157.539542
1780456762,157.401738
1780456762,180.249389
1780456762,156.473032
1780456762,202.518994
1780456762,194.403045
1780456762,194.419112
1780456762,155.944293
1780456762,203.047269
1780456762,203.310994
1780456762,194.734932
1780456762,183.606419
1780456762,194.854488
1780456762,155.281949
1780456762,155.299531
1780456762,183.890995
1780456762,155.394626
1780456762,184.018279
1780456762,195.371503
1780456762,155.597760
1780456762,184.213174
1780456762,184.383460
1780456762,152.380918
1780456762,152.378038
1780456762,184.556353
1780456762,184.751774
1780456762,149.489930
1780456762,149.551161
1780456762,184.773898
1780456762,149.996113
1780456762,184.837200
1780456762,184.659557
1780456762,150.197653
1780456762,184.583118
1780456762,168.438741
1780456762,168.061309
1780456762,198.194403
1780456762,168.299219
1780456762,168.223323
1780456762,168.404850
1780456762,168.398876
1780456762,168.740243
1780456762,144.361884
1780456762,168.487534
1780456762,198.669863
1780456762,160.082105
1780456762,161.270469
1780456762,168.836893
1780456762,160.172744
1780456762,199.034726
1780456762,169.592787
1780456762,198.889610
1780456762,160.319015
1780456762,146.301992
1780456762,160.205595
1780456762,146.386943
1780456762,158.938890
1780456762,160.424318
1780456762,159.084694
1780456762,160.228605
1780456762,164.095161
1780456762,150.124633
1780456762,150.094490
1780456762,124.185010
1780456762,124.180794
1780456762,124.279902
1780456762,150.243470
1780456762,160.667113
1780456762,163.079094
1780456762,129.465072
1780456762,128.490436
1780456762,124.392325
1780456762,124.465967
1780456762,129.533000
1780456762,128.303102
1780456762,129.227498
1780456762,130.021120
1780456762,130.093072
1780456762,130.149746
1780456762,119.645415
1780456762,119.798363
1780456762,119.808620
1780456762,120.054193
1780456762,119.880437
1780456762,139.871362
1780456762,120.202073
1780456762,147.131678
1780456762,120.281629
1780456762,139.900128
1780456762,146.860790
1780456762,178.918865
1780456762,147.227827
1780456762,147.036242
1780456762,147.206706
1780456762,147.300023
1780456762,121.513904
1780456762,121.526502
1780456762,148.826245
1780456762,148.793383
1780456762,121.331667
1780456762,121.552753
1780456762,121.191702
1780456762,121.516822
1780456762,148.870201
1780456762,121.677473
1780456762,121.850859
1780456762,121.212513
1780456762,121.315989
1780456762,121.294576
1780456762,148.892552
1780456762,149.138425
1780456762,148.940755
1780456762,121.503802
1780456762,149.008407
1780456762,121.740273
1780456762,148.929747
1780456762,121.332758
1780456762,148.950613
1780456762,143.847245
1780456762,143.831410
1780456762,136.827300
1780456762,136.710738
1780456762,135.937076
1780456762,136.890922
1780456762,136.152610
1780456762,136.355387
1780456762,137.237081
1780456762,136.766204
1780456762,137.578278
1780456762,136.511180
1780456762,137.923581
1780456762,136.693338
1780456762,136.655843
1780456762,137.650621
1780456762,118.597029
1780456762,137.502865
1780456762,136.360230
1780456762,119.301803
1780456762,136.587742
1780456762,138.012530
1780456762,136.456131
1780456762,138.007175
1780456762,136.586846
1780456762,137.487514
1780456762,137.127857
1780456762,136.916064
1780456762,118.744257
1780456762,137.362609
1780456762,138.303475
1780456762,137.943232
1780456762,119.755374
1780456762,137.395662
1780456762,137.995247
1780456762,119.901288
1780456762,124.476475
1780456762,133.618290
1780456762,159.577191
1780456762,133.677357
1780456762,138.220615
1780456762,133.690852
1780456762,160.246438
1780456762,159.784387
1780456762,137.389889
1780456762,159.615359
1780456762,119.780039
1780456762,120.232340
1780456762,138.349143
1780456762,119.621947
1780456762,138.311730
1780456762,120.256513
1780456762,121.001047
1780456762,120.556127
1780456762,138.925257
1780456762,138.818924
1780456762,138.682701
1780456762,194.767930
1780456762,195.300914
1780456762,183.786574
1780456762,181.738303
1780456762,181.986317
1780456762,196.622017
1780456762,196.705567
1780456762,137.906923
1780456762,138.468716
1780456762,179.850387
1780456762,138.290592
1780456762,179.879268
1780456762,180.211309
1780456762,197.742947
1780456762,138.907303
1780456762,138.742062
1780456762,197.772985
1780456762,138.894464
1780456762,174.062329
1780456762,139.014180
1780456762,174.176994
1780456762,139.065683
1780456762,198.263121
1780456762,134.822424
1780456762,187.146839
1780456762,139.624721
1780456762,187.420773
1780456762,125.414358
1780456762,167.945490
1780456762,136.925693
1780456762,187.916991
1780456762,168.372089
1780456762,135.158677
1780456762,136.158435
1780456762,136.140783
1780456762,175.759643
1780456762,133.620831
1780456762,133.775361
1780456762,150.477073
1780456762,176.946908
1780456762,151.224879
1780456762,177.076435
1780456762,128.434663
1780456762,137.564202
1780456762,129.666028
1780456762,129.686433
1780456762,129.482111
1780456762,180.164932
1780456762,153.709395
1780456762,180.224982
1780456762,153.787904
1780456762,131.537826
1780456762,131.139716
1780456762,131.398052
1780456762,131.686384
1780456762,130.714961
1780456762,131.185453
1780456762,131.864454
1780456762,133.726837
1780456762,156.570119
1780456762,150.831273
1780456762,150.803427
1780456762,156.656650
1780456762,150.726524
1780456762,157.153948
1780456762,157.059038
1780456762,150.859808
1780456762,157.259743
1780456762,135.725190
1780456762,135.331509
1780456762,133.623667
1780456762,136.005547
1780456762,134.174787
1780456762,134.056568
1780456762,136.817794
1780456762,135.540128
1780456762,143.670013
1780456762,141.275361
1780456762,141.329688
1780456762,134.209254
1780456762,178.710762
1780456762,178.919210
1780456762,135.645202
1780456762,179.041082
1780456762,135.527393
1780456762,136.440031
1780456762,134.696782
1780456762,179.195783
1780456762,135.170483
1780456762,135.224882
1780456762,136.387770
1780456762,135.446014
1780456762,136.611207
1780456762,137.217936
1780456762,154.308358
1780456762,154.512112
1780456762,160.331732
1780456762,154.344016
1780456762,136.472934
1780456762,160.423541
1780456762,136.560022
1780456762,160.487076
1780456762,136.858347
1780456762,172.354822
1780456762,141.928608
1780456762,134.451125
1780456762,172.291864
1780456762,179.203701
1780456762,172.515000
1780456762,136.380778
1780456762,179.255393
1780456762,136.690904
1780456762,134.254379
1780456762,135.128585
1780456762,140.045268
1780456762,137.187079
1780456762,137.171587
1780456762,138.864107
1780456762,138.765266
1780456762,138.628801
1780456762,138.344716
1780456762,137.052410
1780456762,139.373033
1780456762,138.547073
1780456762,139.335569
1780456762,139.353329
1780456762,138.491879
1780456762,137.042271
1780456762,138.878163
1780456762,138.194563
1780456762,137.422240
1780456762,138.881913
1780456762,138.103588
1780456762,138.215751
1780456762,138.273494
1780456762,138.072845
1780456762,139.304524
1780456762,138.604582
1780456762,138.485144
1780456762,138.597065
1780456762,139.343546
1780456762,138.611877
1780456762,138.499026
1780456762,138.905634
1780456762,138.873513
1780456762,140.463902
1780456762,169.662969
1780456762,168.928029
1780456762,169.979195
1780456762,168.737678
1780456762,169.624893
1780456762,135.114966
1780456762,135.129104
1780456762,135.237977
1780456762,129.237937
1780456762,129.271191
1780456762,129.241402
1780456762,129.254366
1780456762,135.275484
1780456762,114.451905
1780456762,113.970700
1780456762,114.714612
1780456762,160.934190
1780456762,115.840822
1780456762,160.512576
1780456762,115.852689
1780456762,143.360685
1780456762,161.151584
1780456762,140.924042
1780456762,166.980773
1780456762,141.045491
1780456762,140.657247
1780456762,114.812629
1780456762,115.835084
1780456762,140.705241
1780456762,116.051413
1780456762,143.245676
1780456762,116.039882
1780456762,140.847775
1780456762,115.913848
1780456762,140.938481
1780456762,116.195802
1780456762,144.010000
1780456762,141.069002
1780456762,143.301445
1780456762,141.109773
1780456762,140.795218
1780456762,140.847227
1780456762,141.279091
1780456762,140.925863
1780456762,142.438981
1780456762,143.076270
1780456762,141.022599
1780456762,116.794828
1780456762,143.843268
1780456762,116.345548
1780456762,116.297800
1780456762,113.584204
1780456762,144.165827
1780456762,117.514199
1780456762,116.983877
1780456762,139.535221
1780456762,117.523348
1780456762,117.286428
1780456762,117.683794
1780456762,117.521546
1780456762,118.127731
1780456762,145.203318
1780456762,118.349711
1780456762,144.727265
1780456762,145.254654
1780456762,116.711090
1780456762,119.890200
1780456762,119.687947
1780456762,142.703286
1780456762,143.096479
1780456762,121.115345
1780456762,143.596478
1780456762,121.627740
1780456762,112.053160
1780456762,122.924398
1780456762,122.493553
1780456762,148.902687
1780456762,149.078063
1780456762,149.265357
1780456762,149.174726
1780456762,149.561012
1780456762,149.837352
1780456762,123.757740
1780456762,121.092150
1780456762,124.376253
1780456762,121.654900
1780456762,150.693193
1780456762,114.275288
1780456762,125.103723
1780456762,139.278322
1780456762,140.287951
1780456762,145.930372
1780456762,162.222133
1780456762,177.366578
1780456762,169.777242
1780456762,170.004421
1780456762,170.313055
1780456762,184.592706
1780456762,178.402574
1780456762,184.962185
1780456762,179.649697
1780456762,179.638462
1780456762,180.461301
1780456762,181.034097
1780456762,186.302767
1780456762,180.782647
1780456762,187.430775
1780456762,172.648068
1780456762,173.034215
1780456762,188.078332
1780456762,188.928343
1780456762,174.360065
1780456762,195.378665
1780456762,181.387087
1780456762,196.158190
1780456762,182.073853
1780456762,196.748455
1780456762,184.847920
1780456762,197.481419
1780456762,198.710249
1780456762,192.386449
1780456762,184.436578
1780456762,199.056322
1780456762,199.773012
1780456762,187.331379
1780456762,200.052251
1780456762,192.888809
1780456762,201.322799
1780456762,193.335329
1780456762,201.556336
1780456762,201.842974
1780456762,194.262105
1780456762,202.666082
1780456762,194.560742
1780456762,202.837871
1780456762,201.221290
1780456762,203.307465
1780456762,203.314688
1780456762,205.827196
1780456762,205.819135
1780456762,203.678693
1780456762,203.836352
1780456762,203.949222
1780456762,196.365147
1780456762,204.307899
1780456762,196.800286
1780456762,207.284408
1780456762,197.234233
1780456762,197.197267
1780456762,189.440842
1780456762,189.210305
1780456762,189.883988
1780456762,189.818962
1780456762,190.540135
1780456762,190.403616
1780456762,190.700171
1780456762,191.073052
1780456762,193.349525
1780456762,194.190804
1780456762,194.425561
1780456762,194.417439
1780456762,195.468667
1780456762,195.858977
1780456762,196.273585
1780456762,209.969427
1780456762,204.898783
1780456762,205.731248
1780456762,208.370188
1780456762,208.616191
1780456762,209.076142
1780456762,209.521969
1780456762,207.861132
1780456762,210.092507
1780456762,210.672960
1780456762,210.753393
1780456762,208.907385
1780456762,216.411816
1780456762,210.974042
1780456762,207.329669
1780456762,207.597666
1780456762,207.854284
1780456762,217.569628
1780456762,217.006252
1780456762,208.545915
1780456762,208.877051
1780456762,218.305449
1780456762,217.431666
1780456762,208.728108
1780456762,209.325654
1780456762,209.405148
1780456762,209.812596
1780456762,219.585901
1780456762,219.367269
1780456762,219.376909
1780456762,187.177595
1780456762,220.123751
1780456762,220.372537
1780456762,210.233325
1780456762,210.402984
1780456762,220.700247
1780456762,220.643322
1780456762,210.998600
1780456762,211.177364
1780456762,221.784281
1780456762,221.942670
1780456762,227.369045
1780456762,227.456380
1780456762,221.472063
1780456762,221.567608
1780456762,221.823316
1780456762,221.201527
1780456762,221.866525
1780456762,228.257922
1780456762,228.346793
1780456762,214.031604
1780456762,216.601146
1780456762,218.679139
1780456762,231.658647
1780456762,235.521212
1780456762,235.715336
1780456762,194.293356
1780456762,228.869929
1780456762,239.151899
1780456762,219.265109
1780456762,219.446428
1780456762,204.805441
1780456762,232.236743
1780456762,205.595295
1780456762,233.074492
1780456762,206.266260
1780456762,233.763681
1780456762,233.975963
1780456762,207.081369
1780456762,239.962769
1780456762,240.274409
1780456762,239.815504
1780456762,207.899085
1780456762,219.347586
1780456762,219.502799
1780456762,219.747575
1780456762,219.818905
1780456762,219.971857
1780456762,228.865178
1780456762,229.097153
1780456762,220.407277
1780456762,224.703124
1780456762,222.807113
1780456762,225.045265
1780456762,225.946899
1780456762,225.304372
1780456762,225.483268
1780456762,225.784711
1780456762,225.786343
1780456762,226.146912
1780456762,209.656800
1780456762,209.570099
1780456762,210.227374
1780456762,198.112697
1780456762,210.266246
1780456762,203.768869
1780456762,203.960543
1780456762,204.365353
1780456762,198.954126
1780456762,210.541721
1780456762,197.427373
1780456762,201.555851
1780456762,201.849600
1780456762,202.060052
1780456762,211.086289
1780456762,211.886769
1780456762,196.236733
1780456762,202.620995
1780456762,196.841188
1780456762,212.103797
1780456762,212.472175
1780456762,196.476182
1780456762,206.572289
1780456762,210.522155
1780456762,211.927553
1780456762,212.512748
1780456762,212.901954
1780456762,213.290142
1780456762,211.614257
1780456762,213.721967
1780456762,225.338525
1780456762,213.959186
1780456762,206.637084
1780456762,208.253136
1780456762,214.548070
1780456762,225.789062
1780456762,212.672450
1780456762,226.050063
1780456762,214.711830
1780456762,226.315144
1780456762,226.556082
1780456762,215.006047
1780456762,226.809468
1780456762,213.912870
1780456762,227.111874
1780456762,214.807264
1780456762,227.456015
1780456762,235.583436
1780456762,235.702103
1780456762,216.213393
1780456762,216.408640
1780456762,216.625613
1780456762,216.792634
1780456762,237.106628
1780456762,235.164985
1780456762,241.920885
1780456762,249.328878
1780456762,242.527297
1780456762,234.417487
1780456762,243.262793
1780456762,235.666886
1780456762,243.912962
1780456762,243.904313
1780456762,213.071272
1780456762,211.825889
1780456762,212.137108
1780456762,212.797059
1780456762,212.956914
1780456762,210.339569
1780456762,210.581880
1780456762,210.929258
1780456762,211.057157
1780456762,190.632795
1780456762,214.721437
1780456762,211.971336
1780456762,209.870677
1780456762,215.544264
1780456762,215.793240
1780456762,211.337793
1780456762,216.063352
1780456762,213.279389
1780456762,213.545088
1780456762,216.789081
1780456762,213.264609
1780456762,214.356259
1780456762,242.536477
1780456762,244.236797
1780456762,250.555521
1780456762,224.388326
1780456762,218.188168
1780456762,218.395563
1780456762,218.512182
1780456762,219.090605
1780456762,219.311701
1780456762,219.453816
1780456762,219.659104
1780456762,225.312907
1780456762,225.380182
1780456762,218.891284
1780456762,225.787199
1780456762,226.181853
1780456762,226.198594
1780456762,225.930001
1780456762,223.609257
1780456762,209.554041
1780456762,226.377054
1780456762,213.488425
1780456762,209.777257
1780456762,213.671112
1780456762,209.968403
1780456762,213.929982
1780456762,213.914351
1780456762,214.151004
1780456762,210.509121
1780456762,210.673493
1780456762,210.889226
1780456762,211.106109
1780456762,218.078986
1780456762,213.262119
1780456762,228.198502
1780456762,228.622122
1780456762,213.649446
1780456762,228.674518
1780456762,215.005852
1780456762,228.908133
1780456762,215.228278
1780456762,195.786612
1780456762,197.215553
1780456762,209.766439
1780456762,197.582941
1780456762,197.675891
1780456762,197.824729
1780456762,195.411430
1780456762,201.150985
1780456762,197.069277
1780456762,197.204685
1780456762,198.393274
1780456762,204.590996
1780456762,212.616768
1780456762,205.471511
1780456762,212.904039
1780456762,213.105689
1780456762,213.178306
1780456762,205.967326
1780456762,205.930708
1780456762,214.986056
1780456762,206.309208
1780456762,216.008650
1780456762,206.561395
1780456762,206.719506
1780456762,216.048087
1780456762,216.837889
1780456762,207.036967
1780456762,207.155172
1780456762,207.317831
1780456762,200.889527
1780456762,204.696275
1780456762,204.750937
1780456762,211.126492
1780456762,211.717498
1780456762,205.736309
1780456762,205.944696
1780456762,224.006095
1780456762,206.696792
1780456762,225.069742
1780456762,212.775005
1780456762,225.353466
1780456762,212.453301
1780456762,228.378562
1780456762,225.691849
1780456762,212.174628
1780456762,229.478655
1780456762,210.189105
1780456762,229.882528
1780456762,218.523435
1780456762,235.506638
1780456762,211.373896
1780456762,211.973951
1780456762,235.836705
1780456762,212.590586
1780456762,236.199285
1780456762,230.941794
1780456762,213.132554
1780456762,223.366548
1780456762,230.710706
1780456762,223.795112
1780456762,228.008217
1780456762,224.095761
1780456762,237.188101
1780456762,231.277066
1780456762,224.362043
1780456762,232.219548
1780456762,214.378314
1780456762,231.866790
1780456762,214.711710
1780456762,238.399700
1780456762,219.512015
1780456762,265.006740
1780456762,225.044721
1780456762,222.857822
1780456762,225.462758
1780456762,231.754062
1780456762,231.900664
1780456762,220.202389
1780456762,220.948692
1780456762,232.450796
1780456762,220.752667
1780456762,232.802968
1780456762,226.847330
1780456762,232.673779
1780456762,227.063986
1780456762,233.013928
1780456762,221.919877
1780456762,225.340356
1780456762,223.519338
1780456762,215.116498
1780456762,224.258401
1780456762,190.547991
1780456762,231.332592
1780456762,234.208073
1780456762,231.710656
1780456762,234.698101
1780456762,232.045694
1780456762,217.132619
1780456762,234.674681
1780456762,235.511152
1780456762,227.134561
1780456762,226.945049
1780456762,235.610905
1780456762,225.616704
1780456762,235.634822
1780456762,203.918409
1780456762,229.058021
1780456762,203.599098
1780456762,222.660136
1780456762,219.334305
1780456762,193.039615
1780456762,204.203203
1780456762,204.419447
1780456762,204.506847
1780456762,204.573483
1780456762,207.964581
1780456762,205.449470
1780456762,205.015361
1780456762,208.281696
1780456762,208.188413
1780456762,205.344188
1780456762,208.595679
1780456762,208.725660
1780456762,208.827901
1780456762,218.562081
1780456762,206.136094
1780456762,208.986824
1780456762,209.290545
1780456762,206.408180
1780456762,219.690794
1780456762,209.507677
1780456762,209.587201
1780456762,210.719388
1780456762,210.761673
1780456762,220.749505
1780456762,207.242712
1780456762,211.622662
1780456762,211.532027
1780456762,211.592235
1780456762,211.649414
1780456762,208.367736
1780456762,210.929812
1780456762,210.950600
1780456762,211.186580
1780456762,216.602930
1780456762,217.552810
1780456762,209.114476
1780456762,217.445085
1780456762,218.260286
1780456762,218.330045
1780456762,212.025101
1780456762,218.918504
1780456762,218.408979
1780456762,218.871226
1780456762,210.333541
1780456762,210.555889
1780456762,219.878916
1780456762,211.648866
1780456762,219.633704
1780456762,220.825362
1780456762,204.567563
1780456762,222.124366
1780456762,211.174632
1780456762,211.422271
1780456762,220.804349
1780456762,221.459051
1780456762,211.813123
1780456762,221.761802
1780456762,212.144560
1780456762,212.029858
1780456762,200.600496
1780456762,212.446572
1780456762,223.025736
1780456762,223.921241
1780456762,215.034782
1780456762,212.885247
1780456762,216.851686
1780456762,228.320695
1780456762,227.449328
1780456762,217.105433
1780456762,227.858062
1780456762,229.344099
1780456762,217.084154
1780456762,217.231928
1780456762,221.477416
1780456762,217.866258
1780456762,217.445990
1780456762,219.328179
1780456762,223.234565
1780456762,218.393147
1780456762,223.187963
1780456762,219.804798
1780456762,218.386249
1780456762,220.037124
1780456762,218.650579
1780456762,218.922338
1780456762,224.243718
1780456762,219.564828
1780456762,201.098956
1780456762,204.093803
1780456762,202.633479
1780456762,202.679846
1780456762,232.480012
1780456762,202.837605
1780456762,241.317539
1780456762,201.437102
1780456762,201.451989
1780456762,223.670644
1780456762,204.381432
1780456762,233.775951
1780456762,201.442721
1780456762,241.395352
1780456762,195.485368
1780456762,234.586532
1780456762,202.860218
1780456762,241.483480
1780456762,195.590356
1780456762,241.664412
1780456762,197.382122
1780456762,241.741592
1780456762,204.649295
1780456762,241.814202
1780456762,204.382817
1780456762,241.716199
1780456762,218.959570
1780456762,231.297240
1780456762,216.479735
1780456762,221.671283
1780456762,241.665574
1780456762,241.797429
1780456762,203.275536
1780456762,234.817142
1780456762,203.346447
1780456762,235.345106
1780456762,205.086936
1780456762,255.332743
1780456762,205.054417
1780456762,206.269256
1780456762,199.106281
1780456762,206.363068
1780456762,200.529904
1780456762,202.138858
1780456762,248.928937
1780456762,204.789194
1780456762,233.102761
1780456762,202.283382
1780456762,222.141769
1780456762,210.335667
1780456762,201.010922
1780456762,131.183850
1780456762,206.617315
1780456762,118.114467
1780456762,203.533711
1780456762,130.833273
1780456762,205.556547
1780456762,110.598358
1780456762,212.366723
1780456762,111.832259
1780456762,111.814454
1780456762,203.686648
1780456762,111.961442
1780456762,210.255182
1780456762,112.928232
1780456762,212.935924
1780456762,211.310133
1780456762,114.530497
1780456762,204.110980
1780456762,114.270798
1780456762,213.059417
1780456762,113.494868
1780456762,109.949990
1780456762,218.468810
1780456762,111.674379
1780456762,199.709601
1780456762,112.174209
1780456762,200.226756
1780456762,200.660908
1780456762,113.157272
1780456762,204.312651
1780456762,109.855440
1780456762,206.065755
1780456762,135.542490
1780456762,205.652646
1780456762,114.261784
1780456762,205.673222
1780456762,110.868327
1780456762,113.592407
1780456762,205.769283
1780456762,121.380691
1780456762,203.052503
1780456762,202.972085
1780456762,114.133643
1780456762,205.705416
1780456762,114.617189
1780456762,204.566776
1780456762,111.528540
1780456762,205.820855
1780456762,116.353319
1780456762,205.900461
1780456762,116.882927
1780456762,206.371659
1780456762,200.067586
1780456762,206.422852
1780456762,114.047125
1780456762,206.083924
1780456762,116.822785
1780456762,206.169884
1780456762,139.642505
1780456762,204.649524
1780456762,206.241830
1780456762,204.801179
1780456762,206.556243
1780456762,206.627991
1780456762,206.475603
1780456762,217.960589
1780456762,206.594475
1780456762,218.000406
1780456762,220.693633
1780456762,218.478443
1780456762,218.340675
1780456762,218.443265
1780456762,218.377269
1780456762,218.503520
1780456762,216.517426
1780456762,225.062671
1780456762,227.989110
1780456762,117.440319
1780456762,218.499585
1780456762,224.011646
1780456762,207.122536
1780456762,202.969481
1780456762,216.809412
1780456762,205.464394
1780456762,202.959833
1780456762,203.000032
1780456762,218.899313
1780456762,195.987878
1780456762,200.117416
1780456762,194.303911
1780456762,194.071490
1780456762,205.714165
1780456762,196.181696
1780456762,205.686934
1780456762,177.471298
1780456762,205.840703
1780456762,196.389246
1780456762,203.283325
1780456762,207.447697
1780456762,196.514930
1780456762,205.974542
1780456762,195.584585
1780456762,205.800874
1780456762,195.719010
1780456762,204.679000
1780456762,195.632266
1780456762,178.897842
1780456762,195.910925
1780456762,189.096521
1780456762,194.676746
1780456762,190.486014
1780456762,196.808649
1780456762,190.635361
1780456762,195.996026
1780456762,189.089485
1780456762,195.883852
1780456762,190.630143
1780456762,195.969743
1780456762,189.238004
1780456762,190.598853
1780456762,197.069617
1780456762,190.843129
1780456762,196.921431
1780456762,190.705836
1780456762,197.042114
1780456762,185.467145
1780456762,196.355268
1780456762,190.877554
1780456762,190.957818
1780456762,196.295436
1780456762,197.270875
1780456762,189.540300
1780456762,196.485502
1780456762,185.624067
1780456762,197.432271
1780456762,189.599933
1780456762,197.481353
1780456762,186.804766
1780456762,197.036052
1780456762,191.268953
1780456762,197.589811
1780456762,183.164704
1780456762,197.095658
1780456762,184.755256
1780456762,196.802969
1780456762,189.008312
1780456762,196.982410
1780456762,191.461115
1780456762,197.770800
1780456762,191.537799
1780456762,197.880007
1780456762,179.106376
1780456762,197.882729
1780456762,186.085784
1780456762,197.512120
1780456762,191.689981
1780456762,197.436261
1780456762,191.650833
1780456762,197.299788
1780456762,195.459112
1780456762,195.694565
1780456762,193.309043
1780456762,191.651634
1780456762,198.349601
1780456762,186.257300
1780456762,198.731951
1780456762,191.908118
1780456762,197.726817
1780456762,195.576649
1780456762,198.212527
1780456762,195.825102
1780456762,197.473630
1780456762,193.542564
1780456762,198.960180
1780456762,194.782178
1780456762,197.843686
1780456762,193.634502
1780456762,198.440833
1780456762,193.699586
1780456762,196.043934
1780456762,197.772482
1780456762,198.012096
1780456762,193.787355
1780456762,195.982326
1780456762,197.970119
1780456762,194.986977
1780456762,198.583635
1780456762,195.075726
1780456762,198.698767
1780456762,197.769461
1780456762,198.774423
1780456762,197.774518
1780456762,195.228018
1780456762,199.370737
1780456762,196.250486
1780456762,199.925164
1780456762,192.463978
1780456762,200.888888
1780456762,196.559658
1780456762,199.790989
1780456762,198.092309
1780456762,200.124030
1780456762,199.610676
1780456762,196.459944
1780456762,196.462388
1780456762,200.746700
1780456762,200.328894
1780456762,195.518827
1780456762,198.646840
1780456762,198.730601
1780456762,201.367801
1780456762,198.389892
1780456762,201.192218
1780456762,196.803797
1780456762,198.937827
1780456762,198.896947
1780456762,205.740969
1780456762,196.790827
1780456762,180.065952
1780456762,204.899979
1780456762,196.999511
1780456762,221.036953
1780456762,196.916079
1780456762,198.617569
1780456762,198.701288
1780456762,202.037773
1780456762,198.062104
1780456762,179.805335
1780456762,196.940543
1780456762,180.889079
1780456762,171.502469
1780456762,191.572885
1780456762,180.422823
1780456762,169.292049
1780456762,182.796755
1780456762,169.569480
1780456762,169.947685
1780456762,186.139369
1780456762,170.152042
1780456762,180.786151
1780456762,170.702811
1780456762,180.777863
1780456762,181.181985
1780456762,171.800582
1780456762,171.363713
1780456762,183.201626
1780456762,171.581947
1780456762,184.546396
1780456762,172.230988
1780456762,183.319475
1780456762,169.391110
1780456762,180.762454
1780456762,173.021210
1780456762,180.958629
1780456762,172.762589
1780456762,192.143979
1780456762,176.511940
1780456762,192.271627
1780456762,176.239396
1780456762,181.167238
1780456762,172.306025
1780456762,181.343812
1780456762,173.302777
1780456762,183.503664
1780456762,177.492097
1780456762,187.267440
1780456762,187.338361
1780456762,172.809602
1780456762,181.551784
1780456762,165.613108
1780456762,180.979304
1780456762,164.920757
1780456762,168.604029
1780456762,169.040515
1780456762,179.906580
1780456762,170.438510
1780456762,181.354026
1780456762,171.049350
1780456762,177.980777
1780456762,163.803149
1780456762,170.332206
1780456762,164.562607
1780456762,181.691193
1780456762,162.338445
1780456762,181.925533
1780456762,163.614323
1780456762,173.135974
1780456762,174.183003
1780456762,171.465304
1780456762,181.535495
1780456762,164.964722
1780456762,181.966422
1780456762,164.297383
1780456762,181.937759
1780456762,169.558834
1780456762,181.453985
1780456762,171.837714
1780456762,164.968715
1780456762,181.856897
1780456762,181.830047
1780456762,169.823476
1780456762,181.552157
1780456762,169.934287
1780456762,182.322982
1780456762,172.231744
1780456762,182.097391
1780456762,164.857668
1780456762,181.910053
1780456762,169.869527
1780456762,165.651094
1780456762,180.935408
1780456762,165.999659
1780456762,182.264539
1780456762,170.237740
1780456762,182.612418
1780456762,166.877864
1780456762,180.061296
1780456762,179.350100
1780456762,166.748221
1780456762,182.725315
1780456762,167.176701
1780456762,179.871109
1780456762,170.489891
1780456762,166.466342
1780456762,182.773334
1780456762,184.752825
1780456762,170.649825
1780456762,184.859248
1780456762,172.103253
1780456762,167.979633
1780456762,168.253425
1780456762,184.309417
1780456762,168.353481
1780456762,182.573512
1780456762,156.593575
1780456762,181.353337
1780456762,173.413885
1780456762,196.967176
1780456762,173.009784
1780456762,178.131253
1780456762,168.153730
1780456762,158.156124
1780456762,168.998485
1780456762,168.926916
1780456762,159.016416
1780456762,159.506374
1780456762,169.304741
1780456762,163.224162
1780456762,169.539975
1780456762,162.976423
1780456762,162.854968
1780456762,150.982807
1780456762,169.819693
1780456762,142.343327
1780456762,151.696137
1780456762,149.938128
1780456762,152.828520
1780456762,152.058643
1780456762,150.204030
1780456762,153.246433
1780456762,164.141626
1780456762,151.030910
1780456762,152.125950
1780456762,150.485650
1780456762,154.610248
1780456762,153.527884
1780456762,164.466969
1780456762,170.511929
1780456762,165.133200
1780456762,164.997764
1780456762,157.072422
1780456762,153.074760
1780456762,164.796010
1780456762,153.983591
1780456762,151.798892
1780456762,155.043938
1780456762,152.141107
1780456762,153.524322
1780456762,142.270353
1780456762,159.296499
1780456762,170.528099
1780456762,155.370783
1780456762,154.543603
1780456762,144.492405
1780456762,155.595966
1780456762,171.100824
1780456762,146.439093
1780456762,155.991192
1780456762,150.303236
1780456762,156.213073
1780456762,165.154613
1780456762,156.536062
1780456762,165.569448
1780456762,171.395145
1780456762,154.589784
1780456762,148.429854
1780456762,156.743714
1780456762,148.684896
1780456762,148.970450
1780456762,156.923458
1780456762,148.796407
1780456762,157.089525
1780456762,149.508707
1780456762,157.322560
1780456762,169.974469
1780456762,168.107445
1780456762,156.453849
1780456762,157.786190
1780456762,170.577652
1780456762,157.978506
1780456762,159.328542
1780456762,155.188550
1780456762,158.543792
1780456762,158.755504
1780456762,151.757543
1780456762,171.057319
1780456762,163.954853
1780456762,155.489945
1780456762,162.729038
1780456762,163.979582
1780456762,158.553783
1780456762,142.597452
1780456762,159.106567
1780456762,143.173872
1780456762,159.305728
1780456762,143.784837
1780456762,171.403932
1780456762,153.743390
1780456762,159.627460
1780456762,160.273188
1780456762,133.394031
1780456762,160.823542
1780456762,136.850279
1780456762,161.116286
1780456762,135.910290
1780456762,161.500647
1780456762,137.348721
1780456762,161.679801
1780456762,157.956925
1780456762,161.877368
1780456762,157.256901
1780456762,162.347574
1780456762,137.215660
1780456762,162.223447
1780456762,162.603605
1780456762,136.432617
1780456762,145.414327
1780456762,138.410947
1780456762,163.015784
1780456762,136.723669
1780456762,172.031174
1780456762,140.304733
1780456762,163.595102
1780456762,138.669865
1780456762,139.892542
1780456762,163.844272
1780456762,164.857638
1780456762,138.144373
1780456762,164.056484
1780456762,141.185870
1780456762,172.530384
1780456762,140.189569
1780456762,164.340714
1780456762,141.346855
1780456762,172.776206
1780456762,139.813678
1780456762,164.276996
1780456762,144.888943
1780456762,164.761287
1780456762,164.433214
1780456762,143.129562
1780456762,175.454522
1780456762,140.519320
1780456762,163.173108
1780456762,145.335245
1780456762,158.841832
1780456762,154.465139
1780456762,141.805201
1780456762,160.950149
1780456762,145.973575
1780456762,142.213062
1780456762,163.771199
1780456762,151.900203
1780456762,144.599035
1780456762,147.198579
1780456762,143.032139
1780456762,153.980198
1780456762,145.907567
1780456762,147.172961
1780456762,156.195747
1780456762,164.481465
1780456762,144.261493
1780456762,140.328362
1780456762,165.120643
1780456762,145.802716
1780456762,147.823868
1780456762,145.976532
1780456762,162.546269
1780456762,146.991673
1780456762,148.727721
1780456762,166.929725
1780456762,147.116712
1780456762,167.149690
1780456762,148.178242
1780456762,148.372776
1780456762,149.989257
1780456762,149.008789
1780456762,150.237403
1780456762,168.682773
1780456762,144.191653
1780456762,169.854411
1780456762,145.866998
1780456762,169.377984
1780456762,131.952029
1780456762,163.423573
1780456762,152.784083
1780456762,168.054116
1780456762,152.657182
1780456762,150.755152
1780456762,143.878028
1780456762,151.256347
1780456762,155.533579
1780456762,171.588583
1780456762,166.479380
1780456762,158.500434
1780456762,166.942507
1780456762,151.604243
1780456762,158.904335
1780456762,145.299488
1780456762,148.975604
1780456762,161.935865
1780456762,168.021165
1780456762,152.789300
1780456762,124.570699
1780456762,126.423554
1780456762,151.706893
1780456762,143.592959
1780456762,129.652291
1780456762,130.432824
1780456762,162.573561
1780456762,130.853217
1780456762,130.186828
1780456762,140.596980
1780456762,131.133751
1780456762,131.738368
1780456762,133.222275
1780456762,132.785148
1780456762,144.811677
1780456762,140.934189
1780456762,131.657250
1780456762,134.538098
1780456762,132.061619
1780456762,135.133266
1780456762,108.604335
1780456762,146.093776
1780456762,112.726115
1780456762,135.511828
1780456762,117.107687
1780456762,119.462573
1780456762,135.769898
1780456762,136.248634
1780456762,157.443836
1780456762,117.303060
1780456762,136.138561
1780456762,110.756976
1780456762,110.480371
1780456762,136.706387
1780456762,120.216201
1780456762,146.744634
1780456762,110.265784
1780456762,136.851886
1780456762,117.845311
1780456762,137.165831
1780456762,111.110719
1780456762,111.407875
1780456762,129.412624
1780456762,118.039345
1780456762,112.105878
1780456762,141.446360
1780456762,129.112178
1780456762,139.454161
1780456762,129.906261
1780456762,142.380413
1780456762,129.972623
1780456762,119.181744
1780456762,130.630828
1780456762,118.952410
1780456762,156.755916
1780456762,118.602360
1780456762,133.294290
1780456762,117.474538
1780456762,141.982853
1780456762,118.797399
1780456762,132.342390
1780456762,120.343869
1780456762,135.040178
1780456762,116.689896
1780456762,134.412756
1780456762,123.573942
1780456762,134.625381
1780456762,121.773865
1780456762,234.673335
1780456762,112.379525
1780456762,238.921401
1780456762,120.776491
1780456762,131.461412
1780456762,117.920186
1780456762,131.884753
1780456762,113.190565
1780456762,120.753719
1780456762,132.284429
1780456762,111.216636
1780456762,129.676790
1780456762,117.272802
1780456762,123.132491
1780456762,117.473625
1780456762,137.245093
1780456762,142.534110
1780456762,130.228232
1780456762,118.689222
1780456762,137.427027
1780456762,116.494519
1780456762,121.451696
1780456762,131.138482
1780456762,140.433047
1780456762,141.234625
1780456762,121.715628
1780456762,142.627553
1780456762,116.029574
1780456762,108.249145
1780456762,124.464238
1780456762,109.381791
1780456762,120.933660
1780456762,118.941322
1780456762,119.494684
1780456762,113.828457
1780456762,144.269389
1780456762,140.134395
1780456762,119.998906
1780456762,108.017398
1780456762,129.807323
1780456762,141.762517
1780456762,123.172693
1780456762,123.515667
1780456762,107.760669
1780456762,152.010038
1780456762,116.728427
1780456762,122.550655
1780456762,122.234566
1780456762,152.248276
1780456762,129.877133
1780456762,127.768714
1780456762,108.514739
1780456762,150.452229
1780456762,152.480437
1780456762,124.607398
1780456762,130.577823
1780456762,142.998935
1780456762,120.777488
1780456762,109.775367
1780456762,121.163352
1780456762,118.191943
1780456762,121.350882
1780456762,121.527427
1780456762,121.737214
1780456762,145.236552
1780456762,139.789610
1780456762,135.175079
1780456762,114.125721
1780456762,114.716694
1780456762,119.296777
1780456762,143.071322
1780456762,131.639476
1780456762,110.926577
1780456762,108.349635
1780456762,129.133975
1780456762,125.601673
1780456762,111.528642
1780456762,133.744437
1780456762,111.317584
1780456762,131.097077
1780456762,112.112863
1780456762,108.836228
1780456762,112.576062
1780456762,110.307612
1780456762,112.571061
1780456762,110.539018
1780456762,113.272543
1780456762,125.425783
1780456762,113.508679
1780456762,114.178508
1780456762,106.970653
1780456762,131.903937
1780456762,111.707498
1780456762,113.321008
1780456762,130.188460
1780456762,110.009184
1780456762,112.312081
1780456762,130.089697
1780456762,111.209446
1780456762,109.176020
1780456762,108.388736
1780456762,107.400800
1780456762,111.843576
1780456762,107.886528
1780456762,132.029338
1780456762,107.257934
1780456762,108.251980
1780456762,128.434103
1780456762,109.053751
1780456762,106.800648
1780456762,130.571212
1780456762,109.567426
1780456762,106.962705
1780456762,106.197781
1780456762,128.984007
1780456762,128.894226
1780456762,106.209454
1780456762,129.480367
1780456762,104.916189
1780456762,129.722736
1780456762,103.644841
1780456762,103.921393
1780456762,103.242816
1780456762,103.291925
1780456762,102.719970
1780456762,103.292092
1780456762,102.929324
1780456762,103.952184
1780456762,102.994659
1780456762,105.899892
1780456762,136.499080
1780456762,136.597236
1780456762,107.060302
1780456762,106.174006
1780456762,136.735702
1780456762,135.551014
1780456762,136.741685
1780456762,104.617793
1780456762,104.733116
1780456762,104.389342
1780456762,104.564365
1780456762,137.557423
1780456762,137.560913
1780456762,137.143123
1780456762,104.718660
1780456762,104.513454
1780456762,104.093723
1780456762,103.930332
1780456762,102.773084
1780456762,103.878551
1780456762,124.602763
1780456762,103.472390
1780456762,137.129168
1780456762,103.768491
1780456762,125.505486
1780456762,122.771357
1780456762,103.067040
1780456762,121.833596
1780456762,102.775259
1780456762,119.258941
1780456762,104.592661
1780456762,126.010296
1780456762,125.926183
1780456762,123.490162
1780456762,103.209447
1780456762,106.471222
1780456762,140.567900
1780456762,103.602908
1780456762,139.768057
1780456762,103.584115
1780456762,106.167355
1780456762,105.739838
1780456762,102.532478
1780456762,127.719217
1780456762,126.099500
1780456762,125.465928
1780456762,124.070594
1780456762,105.058007
1780456762,104.774061
1780456762,121.314320
1780456762,104.275574
1780456762,104.573927
1780456762,104.224086
1780456762,102.845770
1780456762,104.036875
1780456762,103.238813
1780456762,103.848658
1780456762,103.207986
1780456762,103.356156
1780456762,103.353061
1780456762,103.719463
1780456762,104.311731
1780456762,103.363425
1780456762,105.377444
1780456762,105.210441
1780456762,104.919348
1780456762,104.154132
1780456762,105.273025
1780456762,104.270090
1780456762,104.296082
1780456762,104.024186
1780456762,104.204916
1780456762,103.787114
1780456762,105.979414
1780456762,105.695244
1780456762,105.770231
1780456762,117.140104
1780456762,105.763501
1780456762,106.591543
1780456762,106.501797
1780456762,118.057399
1780456762,107.497893
1780456762,104.806733
1780456762,107.230251
1780456762,105.515185
1780456762,106.346997
1780456762,105.990186
1780456762,104.218725
1780456762,104.786133
1780456762,106.736956
1780456762,104.451374
1780456762,106.695439
1780456762,104.346495
1780456762,119.206858
1780456762,118.737690
1780456762,109.621483
1780456762,116.784029
1780456762,107.970912
1780456762,107.670552
1780456762,107.737872
1780456762,106.746612
1780456762,120.200758
1780456762,105.378406
1780456762,107.348032
1780456762,120.823153
1780456762,105.771795
1780456762,141.550185
1780456762,102.535725
1780456762,102.586183
1780456762,102.483092
1780456762,102.884701
1780456762,102.773287
1780456762,102.728462
1780456762,102.819793
1780456762,102.670842
1780456762,102.716250
1780456762,102.559083
1780456762,102.834898
1780456762,102.726538
1780456762,102.986510
1780456762,104.305450
1780456762,104.212945
1780456762,133.191867
1780456762,103.069377
1780456762,102.805993
1780456762,133.616040
1780456762,134.085054
1780456762,135.416048
1780456762,103.290195
1780456762,131.026976
1780456762,134.335270
1780456762,104.659848
1780456762,132.419558
1780456762,105.564908
1780456762,103.713724
1780456762,131.730581
1780456762,104.081439
1780456762,103.802182
1780456762,103.675302
1780456762,132.016836
1780456762,125.121524
1780456762,112.492439
1780456762,103.803646
1780456762,103.686373
1780456762,103.706981
1780456762,103.357967
1780456762,103.081461
1780456762,103.168634
1780456762,133.176383
1780456762,133.476519
1780456762,104.006886
1780456762,133.496060
1780456762,126.391948
1780456762,104.085638
1780456762,126.626264
1780456762,103.213284
1780456762,133.849453
1780456762,104.696021
1780456762,125.748127
1780456762,133.968735
1780456762,104.244192
1780456762,103.304178
1780456762,126.395131
1780456762,125.234080
1780456762,104.114428
1780456762,103.618731
1780456762,127.163724
1780456762,124.780383
1780456762,103.782416
1780456762,127.262764
1780456762,125.329670
1780456762,123.430093
1780456762,125.872840
1780456762,103.237998
1780456762,102.949804
1780456762,121.934572
1780456762,104.481181
1780456762,105.641179
1780456762,103.565286
1780456762,134.804133
1780456762,104.040961
1780456762,127.370842
1780456762,104.818392
1780456762,135.240639
1780456762,125.879575
1780456762,135.004830
1780456762,134.898600
1780456762,106.052589
1780456762,123.679533
1780456762,135.620623
1780456762,107.139309
1780456762,131.927520
1780456762,109.928682
1780456762,136.366671
1780456762,131.380244
1780456762,105.345296
1780456762,131.582993
1780456762,130.546137
1780456762,102.697357
1780456762,102.736378
1780456762,143.639005
1780456762,102.728296
1780456762,103.829124
1780456762,102.934588
1780456762,102.707250
1780456762,102.475514
1780456762,142.715046
1780456762,102.642588
1780456762,142.906053
1780456762,102.809193
1780456762,102.556393
1780456762,102.641070
1780456762,102.576403
1780456762,144.524092
1780456762,144.485705
1780456762,102.299885
1780456762,103.209097
1780456762,103.131004
1780456762,103.089986
1780456762,102.770297
1780456762,145.320237
1780456762,103.166972
1780456762,102.479646
1780456762,102.428017
1780456762,102.565441
1780456762,102.940679
1780456762,103.077330
1780456762,103.387406
1780456762,139.130636
1780456762,141.351033
1780456762,127.914268
1780456762,108.404858
1780456762,109.027425
1780456762,116.680850
1780456762,116.396807
1780456762,118.942948
1780456762,116.622206
1780456762,116.490627
1780456762,116.623523
1780456762,116.444789
1780456762,106.856613
1780456762,116.458856
1780456762,119.684865
1780456762,118.432875
1780456762,116.898579
1780456762,110.758125
1780456762,108.448641
1780456762,111.348324
1780456762,109.315107
1780456762,116.755147
1780456762,117.973612
1780456762,107.382101
1780456762,105.399262
1780456762,116.874134
1780456762,106.907052
1780456762,105.798244
1780456762,107.238340
1780456762,106.643223
1780456762,125.647875
1780456762,123.680492
1780456762,114.712446
1780456762,116.964401
1780456762,117.596132
1780456762,123.221152
1780456762,123.734159
1780456762,123.871814
1780456762,123.868323
1780456762,104.185859
1780456762,111.731008
1780456762,107.907345
1780456762,108.276338
1780456762,110.290754
1780456762,107.015010
1780456762,111.685104
1780456762,108.322861
1780456762,107.102683
1780456762,117.109264
1780456762,117.487922
1780456762,113.958553
1780456762,116.395814
1780456762,114.252941
1780456762,116.185465
1780456762,115.030002
1780456762,113.999623
1780456762,129.797187
1780456762,106.691584
1780456762,106.471121
1780456762,107.121426
1780456762,106.138229
1780456762,105.504819
1780456762,105.527463
1780456762,107.623649
1780456762,112.988834
1780456762,118.723198
1780456762,118.724794
1780456762,121.651075
1780456762,121.628122
1780456762,109.690975
1780456762,118.960967
1780456762,107.416366
1780456762,118.996951
1780456762,105.326730
1780456762,104.962959
1780456762,119.117954
1780456762,106.510082
1780456762,118.564433
1780456762,105.535562
1780456762,110.115237
1780456762,123.134329
1780456762,105.686680
1780456762,115.282769
1780456762,115.375404
1780456762,115.018698
1780456762,113.710528
1780456762,111.691508
1780456762,113.290547
1780456762,111.174970
1780456762,111.973696
1780456762,114.875408
1780456762,115.084408
1780456762,113.537428
1780456762,114.104419
1780456762,111.254383
1780456762,111.349059
1780456762,114.795152
1780456762,105.283050
1780456762,113.954764
1780456762,112.763125
1780456762,109.114817
1780456762,112.764304
1780456762,112.191226
1780456762,112.902018
1780456762,104.163746
1780456762,104.810841
1780456762,108.610268
1780456762,107.748473
1780456762,121.817774
1780456762,120.904581
1780456762,121.006083
1780456762,119.612277
1780456762,120.974182
1780456762,119.734245
1780456762,111.727437
1780456762,121.106775
1780456762,111.559416
1780456762,146.519454
1780456762,115.306495
1780456762,145.277452
1780456762,115.306633
1780456762,144.741464
1780456762,145.465363
1780456762,111.755918
1780456762,116.317624
1780456762,118.756056
1780456762,107.274827
1780456762,120.082318
1780456762,114.136649
1780456762,120.790773
1780456762,115.553364
1780456762,121.089620
1780456762,119.537161
1780456762,150.698485
1780456762,118.955300
1780456762,144.675312
1780456762,119.676432
1780456762,145.168704
1780456762,118.841163
1780456762,146.004396
1780456762,148.574698
1780456762,145.373077
1780456762,107.352005
1780456762,111.258063
1780456762,109.787944
1780456762,109.870666
1780456762,109.902787
1780456762,109.859913
1780456762,109.429822
1780456762,111.218796
1780456762,109.425886
1780456762,109.490562
1780456762,110.971102
1780456762,109.662591
1780456762,108.313610
1780456762,109.564665
1780456762,108.437328
1780456762,108.435934
1780456762,109.779627
1780456762,107.162104
1780456762,109.691956
1780456762,108.624166
1780456762,107.298881
1780456762,107.311976
1780456762,107.314299
1780456762,107.497274
1780456762,108.857369
1780456762,108.442848
1780456762,107.266460
1780456762,105.908996
1780456762,107.233280
1780456762,106.334628
1780456762,107.564731
1780456762,107.570260
1780456762,118.746827
1780456762,115.578679
1780456762,115.795230
1780456762,112.917193
1780456762,119.172805
1780456762,116.097094
1780456762,103.240309
1780456762,103.331140
1780456762,111.776586
1780456762,111.770070
1780456762,107.229979
1780456762,106.928098
1780456762,109.394036
1780456762,107.876330
1780456762,108.723932
1780456762,105.814879
1780456762,103.169956
1780456762,107.921260
1780456762,102.819558
1780456762,121.444332
1780456762,102.739439
1780456762,121.842529
1780456762,118.436651
1780456762,118.723196
1780456762,118.648202
1780456762,121.353363
1780456762,115.479775
1780456762,118.706274
1780456762,116.854127
1780456762,118.740383
1780456762,117.167842
1780456762,117.106143
1780456762,104.036622
1780456762,117.218350
1780456762,117.300159
1780456762,118.516635
1780456762,103.281142
1780456762,109.238329
1780456762,108.368691
1780456762,116.036052
1780456762,105.718231
1780456762,114.812053
1780456762,108.807890
1780456762,116.070746
1780456762,106.248450
1780456762,106.355145
1780456762,114.731394
1780456762,112.290331
1780456762,117.367523
1780456762,107.941671
1780456762,117.505272
1780456762,112.395625
1780456762,117.578231
1780456762,116.207664
1780456762,113.699773
1780456762,117.663495
1780456762,117.810535
1780456762,113.769243
1780456762,117.888138
1780456762,103.911757
1780456762,113.867943
1780456762,115.115663
1780456762,109.677431
1780456762,109.241347
1780456762,103.204865
1780456762,107.831753
1780456762,108.297734
1780456762,121.368499
1780456762,121.236154
1780456762,121.208466
1780456762,121.398408
1780456762,112.281019
1780456762,121.493198
1780456762,117.289102
1780456762,113.602172
1780456762,121.558821
1780456762,114.788846
1780456762,104.059806
1780456762,121.569062
1780456762,103.498987
1780456762,121.377506
1780456762,104.075533
1780456762,121.740826
1780456762,106.756943
1780456762,103.613508
1780456762,106.932802
1780456762,107.625434
1780456762,103.641160
1780456762,112.584890
1780456762,104.624817
1780456762,108.097465
1780456762,109.137864
1780456762,106.677799
1780456762,106.413748
1780456762,106.695557
1780456762,106.742312
1780456762,103.901114
1780456762,103.974972
1780456762,103.984725
1780456762,104.430371
1780456762,103.415168
1780456762,103.454920
1780456762,103.429326
1780456762,106.121102
1780456762,103.465628
1780456762,103.517468
1780456762,103.608382
1780456762,106.382374
1780456762,102.654021
1780456762,106.519934
1780456762,102.677028
1780456762,102.714043
1780456762,106.712103
1780456762,102.731001
1780456762,106.066858
1780456762,102.908124
1780456762,102.971082
1780456762,106.280374
1780456762,102.959641
1780456762,106.426863
1780456762,103.489646
1780456762,103.403025
1780456762,103.232373
1780456762,103.319560
1780456762,103.110576
1780456762,103.286408
1780456762,102.453549
1780456762,102.601649
1780456762,102.730918
1780456762,102.757507
1780456762,102.939575
1780456762,102.976415
1780456762,103.030980
1780456762,103.121515
1780456762,102.236427
1780456762,102.606986
1780456762,102.729433
1780456762,102.919766
1780456762,102.945400
1780456762,103.032082
1780456762,103.113709
1780456762,103.138229
1780456762,103.223435
1780456762,103.319936
1780456762,102.109832
1780456762,102.660204
1780456762,102.763635
1780456762,102.788483
1780456762,101.618175
1780456762,102.871487
1780456762,103.001440
1780456762,103.115835
1780456762,103.082084
1780456762,103.010370
1780456762,103.334607
1780456762,103.224672
1780456762,102.395918
1780456762,102.763097
1780456762,101.622468
1780456762,102.881563
1780456762,103.007734
1780456762,103.021333
1780456762,103.013743
1780456762,103.000389
1780456762,103.167635
1780456762,102.489210
1780456762,102.504291
1780456762,102.655847
1780456762,102.745904
1780456762,102.720276
1780456762,102.841207
1780456762,102.849851
1780456762,103.036197
1780456762,102.266051
1780456762,102.661603
1780456762,102.712787
1780456762,102.739294
1780456762,102.698943
1780456762,102.787209
1780456762,102.888311
1780456762,102.927260
1780456762,101.738721
1780456762,102.986065
1780456762,103.150019
1780456762,102.619332
1780456762,102.491656
1780456762,102.686089
1780456762,102.747534
1780456762,102.830998
1780456762,102.881461
1780456762,102.705845
1780456762,102.806454
1780456762,103.093431
1780456762,102.978094
1780456762,101.772793
1780456762,102.296667
1780456762,102.374329
1780456762,102.420833
1780456762,102.422053
1780456762,102.491272
1780456762,102.549853
1780456762,102.656869
1780456762,102.658819
1780456762,102.710254
1780456762,102.757399
1780456762,102.850943
1780456762,102.200670
1780456762,102.325282
1780456762,102.333744
1780456762,102.412538
1780456762,102.456793
1780456762,102.604572
1780456762,102.566254
1780456762,102.725308
1780456762,102.982889
1780456762,101.675536
1780456762,102.255943
1780456762,102.296433
1780456762,102.457271
1780456762,101.410288
1780456762,102.643748
1780456762,101.614686
1780456762,102.987129
1780456762,102.990708
1780456762,103.128412
1780456762,103.164910
1780456762,103.444425
1780456762,102.357500
1780456762,102.374188
1780456762,102.486050
1780456762,102.454746
1780456762,102.541943
1780456762,101.417618
1780456762,102.623960
1780456762,102.786940
1780456762,101.609189
1780456762,102.140989
1780456762,102.235705
1780456762,102.423203
1780456762,102.397101
1780456762,102.460257
1780456762,102.547854
1780456762,102.616574
1780456762,102.714204
1780456762,102.716585
1780456762,102.992543
1780456762,102.171919
1780456762,102.332159
1780456762,102.401264
1780456762,102.537621
1780456762,102.579932
1780456762,102.653801
1780456762,102.790501
1780456762,102.835216
1780456762,102.888611
1780456762,102.967225
1780456762,101.841177
1780456762,102.341172
1780456762,102.461969
1780456762,102.515738
1780456762,102.501886
1780456762,101.504044
1780456762,102.933709
1780456762,103.064833
1780456762,103.098379
1780456762,103.253109
1780456762,103.379807
1780456762,103.468661
1780456762,102.444255
1780456762,102.594548
1780456762,102.729051
1780456762,102.683339
1780456762,101.541188
1780456762,102.883562
1780456762,102.890946
1780456762,102.936558
1780456762,102.993283
1780456762,102.403896
1780456762,102.444400
1780456762,102.702000
1780456762,102.851010
1780456762,102.741693
1780456762,102.922830
1780456762,103.127807
1780456762,103.095713
1780456762,103.315409
1780456762,102.324508
1780456762,102.327834
1780456762,102.556655
1780456762,102.609535
1780456762,102.658976
1780456762,102.689388
1780456762,102.906547
1780456762,102.795362
1780456762,102.955561
1780456762,102.916069
1780456762,102.976483
1780456762,102.370610
1780456762,102.469793
1780456762,102.530674
1780456762,102.550757
1780456762,102.665447
1780456762,102.623541
1780456762,102.780046
1780456762,103.010945
1780456762,103.038986
1780456762,103.113748
1780456762,103.163210
1780456762,102.437119
1780456762,102.547069
1780456762,102.517102
1780456762,101.424661
1780456762,102.701281
1780456762,102.732071
1780456762,102.832253
1780456762,103.003998
1780456762,103.151755
1780456762,102.309768
1780456762,102.443055
1780456762,102.347381
1780456762,102.484371
1780456762,102.519723
1780456762,102.271619
1780456762,102.634594
1780456762,102.716971
1780456762,102.352721
1780456762,102.704565
1780456762,102.935128
1780456762,102.875206
1780456762,102.667301
1780456762,102.594861
1780456762,102.911580
1780456762,102.878930
1780456762,102.926809
1780456762,102.802219
1780456762,102.901826
1780456762,103.202690
1780456762,103.153379
1780456762,103.113193
1780456762,103.016934
1780456762,104.596029
1780456762,103.207879
1780456762,103.807646
1780456762,103.250541
1780456762,105.035638
1780456762,103.467857
1780456762,105.001644
1780456762,103.613880
1780456762,105.262878
1780456762,103.718617
1780456762,105.492114
1780456762,103.894567
1780456762,104.171408
1780456762,104.510598
1780456762,105.621015
1780456762,104.444955
1780456762,105.287866
1780456762,105.094381
1780456762,106.533907
1780456762,105.250238
1780456762,106.278208
1780456762,106.888460
1780456762,104.663537
1780456762,104.023192
1780456762,106.648516
1780456762,106.645021
1780456762,105.977746
1780456762,105.361865
1780456762,104.745713
1780456762,104.100563
1780456762,103.831257
1780456762,106.188240
1780456762,103.745801
1780456762,107.219486
1780456762,106.609178
1780456762,105.203819
1780456762,106.724133
1780456762,104.777787
1780456762,105.784403
1780456762,105.694435
1780456762,106.249939
1780456762,107.915989
1780456762,108.085363
1780456762,108.442677
1780456762,106.414994
1780456762,106.963471
1780456762,105.250929
1780456762,106.787136
1780456762,103.719193
1780456762,106.877844
1780456762,103.505424
1780456762,106.889822
1780456762,104.907656
1780456762,106.359475
1780456762,107.107096
1780456762,105.460954
1780456762,103.882821
1780456762,109.384668
1780456762,105.450161
1780456762,106.641310
1780456762,105.779653
1780456762,107.556006
1780456762,108.225198
1780456762,107.561976
1780456762,108.362289
1780456762,106.961900
1780456762,105.822931
1780456762,110.510355
1780456762,107.907969
1780456762,108.619492
1780456762,110.321264
1780456762,109.895521
1780456762,104.360782
1780456762,108.905896
1780456762,109.578883
1780456762,108.340093
1780456762,110.163291
1780456762,109.578156
1780456762,108.444053
1780456762,109.677832
1780456762,108.927729
1780456762,110.513076
1780456762,109.194366
1780456762,108.711644
1780456762,109.928010
1780456762,111.560895
1780456762,108.013826
1780456762,111.631221
1780456762,112.458451
1780456762,108.173169
1780456762,111.656414
1780456762,108.696195
1780456762,110.754262
1780456762,107.124807
1780456762,108.784165
1780456762,108.658151
1780456762,107.866097
1780456762,111.224799
1780456762,108.654205
1780456762,107.164042
1780456762,109.720685
1780456762,110.224292
1780456762,108.407888
1780456762,109.287347
1780456762,111.270784
1780456762,109.005756
1780456762,110.166860
1780456762,110.128486
1780456762,108.889592
1780456762,108.577148
1780456762,111.980785
1780456762,108.912400
1780456762,106.047624
1780456762,112.072398
1780456762,109.074213
1780456762,111.472852
1780456762,110.025153
1780456762,107.421991
1780456762,109.194543
1780456762,112.017902
1780456762,109.014973
1780456762,108.597464
1780456762,107.507126
1780456762,109.850740
1780456762,112.137496
1780456762,110.509299
1780456762,107.403370
1780456762,111.340112
1780456762,108.300384
1780456762,111.782707
1780456762,111.292392
1780456762,107.070639
1780456762,110.470181
1780456762,112.923204
1780456762,111.086659
1780456762,110.925857
1780456762,110.600723
1780456762,111.984068
1780456762,111.437589
1780456762,110.625216
1780456762,112.289902
1780456762,111.777096
1780456762,110.727474
1780456762,110.119583
1780456762,114.199941
1780456762,112.241704
1780456762,112.106078
1780456762,110.971624
1780456762,113.548505
1780456762,112.459616
1780456762,112.533152
1780456762,116.315743
1780456762,112.771291
1780456762,113.208653
1780456762,129.052497
1780456762,125.168506
1780456762,125.095414
1780456762,125.516119
1780456762,127.851512
1780456762,129.694273
1780456762,130.539674
1780456762,129.075903
1780456762,128.495699
1780456762,128.923287
1780456762,126.960618
1780456762,125.414328
1780456762,124.369560
1780456762,125.977394
1780456762,125.259640
1780456762,128.674135
1780456762,129.931332
1780456762,127.100186
1780456762,124.743526
1780456762,125.285502
1780456762,128.424445
1780456762,134.826254
1780456762,131.549255
1780456762,134.186622
1780456762,130.699667
1780456762,131.334280
1780456762,131.469378
1780456762,134.834080
1780456762,134.979956
1780456762,129.138633
1780456762,131.289750
1780456762,127.558845
1780456762,127.919645
1780456762,134.507531
1780456762,127.302306
1780456762,130.957470
1780456762,128.942158
1780456762,133.029164
1780456762,127.793027
1780456762,132.930838
1780456762,129.392387
1780456762,130.888011
1780456762,133.649299
1780456762,132.874000
1780456762,131.423693
1780456762,133.028039
1780456762,131.426234
1780456762,131.464523
1780456762,133.113421
1780456762,133.758094
1780456762,131.705011
1780456762,133.256480
1780456762,131.418310
1780456762,132.556897
1780456762,133.370634
1780456762,132.731347
1780456762,132.606835
1780456762,133.906800
1780456762,133.123444
1780456762,133.047782
1780456762,133.017899
1780456762,136.931309
1780456762,136.785486
1780456762,134.783439
1780456762,134.706678
1780456762,138.271852
1780456762,134.690291
1780456762,138.443795
1780456762,134.761952
1780456762,138.336775
1780456762,132.493300
1780456762,134.122954
1780456762,134.194685
1780456762,132.398900
1780456762,133.524072
1780456762,133.370034
1780456762,131.660258
1780456762,132.745096
1780456762,133.952482
1780456762,131.150569
1780456762,138.757672
1780456762,138.905155
1780456762,132.941129
1780456762,134.641324
1780456762,138.988564
1780456762,134.391493
1780456762,136.710032
1780456762,134.582134
1780456762,135.088618
1780456762,134.636036
1780456762,137.230487
1780456762,135.021331
1780456762,139.936738
1780456762,137.934275
1780456762,135.258442
1780456762,137.010826
1780456762,140.465302
1780456762,138.320868
1780456762,138.903368
1780456762,140.498089
1780456762,135.750268
1780456762,132.704211
1780456762,136.769470
1780456762,136.322362
1780456762,139.980231
1780456762,133.837623
1780456762,133.182742
1780456762,137.158736
1780456762,132.650356
1780456762,136.427820
1780456762,137.027444
1780456762,139.861211
1780456762,139.717493
1780456762,136.805898
1780456762,134.290055
1780456762,136.364159
1780456762,140.008740
1780456762,136.171380
1780456762,140.206450
1780456762,139.774009
1780456762,136.322410
1780456762,132.322727
1780456762,136.688634
1780456762,134.687888
1780456762,140.400948
1780456762,136.547290
1780456762,136.744814
1780456762,136.360095
1780456762,137.769598
1780456762,136.374269
1780456762,136.877892
1780456762,137.798843
1780456762,139.627953
1780456762,138.779736
1780456762,139.635727
1780456762,138.748735
1780456762,135.744209
1780456762,136.331076
1780456762,136.441418
1780456762,139.159895
1780456762,133.244561
1780456762,135.809189
1780456762,140.143303
1780456762,140.994418
1780456762,140.580014
1780456762,133.116364
1780456762,134.055220
1780456762,133.446626
1780456762,138.029893
1780456762,135.490435
1780456762,138.417348
1780456762,134.315994
1780456762,138.334875
1780456762,138.470827
1780456762,136.825827
1780456762,142.532595
1780456762,144.667157
1780456762,145.066357
1780456762,141.094091
1780456762,145.685789
1780456762,148.657447
1780456762,148.653879
1780456762,148.596189
1780456762,145.322605
1780456762,143.202154
1780456762,143.444945
1780456762,144.321355
1780456762,146.093388
1780456762,141.225686
1780456762,141.995648
1780456762,133.485975
1780456762,138.313870
1780456762,145.283275
1780456762,140.389214
1780456762,148.836056
1780456762,142.137712
1780456762,140.947586
1780456762,137.660740
1780456762,148.825779
1780456762,134.255359
1780456762,148.811175
1780456762,148.929955
1780456762,136.429273
1780456762,149.100080
1780456762,137.088684
1780456762,149.027536
1780456762,140.516438
1780456762,140.352899
1780456762,141.361162
1780456762,143.466660
1780456762,148.985978
1780456762,141.309422
1780456762,140.801237
1780456762,142.207056
1780456762,134.407192
1780456762,145.919855
1780456762,135.347776
1780456762,134.566196
1780456762,142.689270
1780456762,141.295959
1780456762,139.181558
1780456762,139.420477
1780456762,139.100722
1780456762,141.094003
1780456762,140.205924
1780456762,145.993621
1780456762,138.157986
1780456762,137.996823
1780456762,145.840747
1780456762,138.727907
1780456762,137.947419
1780456762,146.285493
1780456762,139.357746
1780456762,142.567059
1780456762,145.691528
1780456762,138.161697
1780456762,143.463168
1780456762,144.519418
1780456762,140.329451
1780456762,136.650153
1780456762,143.262338
1780456762,147.938156
1780456762,140.901477
1780456762,141.122513
1780456762,144.795970
1780456762,141.450468
1780456762,150.777877
1780456762,140.429802
1780456762,145.634217
1780456762,142.620768
1780456762,141.586861
1780456762,138.045860
1780456762,139.640533
1780456762,141.813928
1780456762,145.890462
1780456762,141.862021
1780456762,136.297648
1780456762,145.467351
1780456762,136.752173
1780456762,137.006547
1780456762,142.216818
1780456762,140.123721
1780456762,140.296904
1780456762,139.534146
1780456762,142.732604
1780456762,145.658659
1780456762,145.816979
1780456762,141.507175
1780456762,138.069229
1780456762,142.630805
1780456762,146.917227
1780456762,137.580989
1780456762,139.505675
1780456762,142.596278
1780456762,147.219485
1780456762,146.168974
1780456762,137.766251
1780456762,141.168764
1780456762,145.937221
1780456762,139.414830
1780456762,145.714190
1780456762,141.000125
1780456762,140.058178
1780456762,141.851435
1780456762,141.493232
1780456762,141.438425
1780456762,141.488594
1780456762,145.704615
1780456762,143.929069
1780456762,140.873790
1780456762,153.858984
1780456762,144.908646
1780456762,143.145258
1780456762,154.253905
1780456762,154.033419
1780456762,154.033097
1780456762,153.979777
1780456762,153.864669
1780456762,141.935988
1780456762,150.796935
1780456762,143.959513
1780456762,149.212734
1780456762,141.522332
1780456762,146.754880
1780456762,148.973092
1780456762,140.701863
1780456762,149.711737
1780456762,142.941165
1780456762,146.912278
1780456762,147.078983
1780456762,150.272314
1780456762,143.409701
1780456762,141.954854
1780456762,156.378686
1780456762,153.830931
1780456762,140.321581
1780456762,143.102719
1780456762,146.223999
1780456762,139.873977
1780456762,153.863317
1780456762,145.938672
1780456762,151.318833
1780456762,145.056541
1780456762,156.450153
1780456762,154.141961
1780456762,146.215906
1780456762,141.153062
1780456762,144.100002
1780456762,150.752266
1780456762,147.100485
1780456762,157.333889
1780456762,150.787297
1780456762,145.678249
1780456762,156.339984
1780456762,143.585198
1780456762,143.747771
1780456762,141.923399
1780456762,149.498749
1780456762,143.699834
1780456762,157.340181
1780456762,156.531615
1780456762,147.708142
1780456762,157.919851
1780456762,151.053458
1780456762,141.716684
1780456762,151.721569
1780456762,148.260720
1780456762,158.485426
1780456762,157.262664
1780456762,144.683099
1780456762,151.226830
1780456762,155.594312
1780456762,148.757685
1780456762,152.300407
1780456762,153.193312
1780456762,148.425055
1780456762,147.773583
1780456762,152.424308
1780456762,153.066839
1780456762,149.416126
1780456762,156.662432
1780456762,129.138361
1780456762,149.698690
1780456762,149.839624
1780456762,128.273335
1780456762,150.137258
1780456762,150.119996
1780456762,126.380197
1780456762,125.744395
1780456762,125.843546
1780456762,154.443190
1780456762,153.914508
1780456762,154.484789
1780456762,153.935663
1780456762,153.762020
1780456762,153.161383
1780456762,154.011148
1780456762,153.966036
1780456762,149.812481
1780456762,153.221332
1780456762,151.394772
1780456762,150.062293
1780456762,152.955516
1780456762,151.849749
1780456762,158.494749
1780456762,162.562711
1780456762,150.527875
1780456762,125.292670
1780456762,152.704538
1780456762,147.528376
1780456762,151.136644
1780456762,158.591881
1780456762,152.545201
1780456762,151.540298
1780456762,158.687655
1780456762,152.456908
1780456762,153.987731
1780456762,149.119565
1780456762,148.618160
1780456762,152.129105
1780456762,152.390351
1780456762,126.929635
1780456762,126.930653
1780456762,126.976902
1780456762,150.331233
1780456762,159.094400
1780456762,127.461849
1780456762,159.262522
1780456762,152.450459
1780456762,150.425518
1780456762,148.766324
1780456762,127.066606
1780456762,155.294594
1780456762,154.550650
1780456762,163.533948
1780456762,155.247912
1780456762,164.061170
1780456762,164.854560
1780456762,151.640419
1780456762,161.517470
1780456762,154.068947
1780456762,156.747364
1780456762,141.331245
1780456762,153.374306
1780456762,154.779084
1780456762,151.253238
1780456762,151.573109
1780456762,166.148044
1780456762,153.554019
1780456762,166.973479
1780456762,151.818686
1780456762,155.618602
1780456762,155.222969
1780456762,152.018472
1780456762,164.477898
1780456762,152.060532
1780456762,141.348891
1780456762,165.822579
1780456762,166.828149
1780456762,157.712498
1780456762,167.484769
1780456762,162.150295
1780456762,155.663657
1780456762,151.557884
1780456762,156.341222
1780456762,127.292717
1780456762,154.706790
1780456762,159.949270
1780456762,158.090496
1780456762,156.012836
1780456762,166.093988
1780456762,154.987684
1780456762,163.486315
1780456762,154.730398
1780456762,158.702963
1780456762,169.337506
1780456762,155.931375
1780456762,158.263739
1780456762,154.845760
1780456762,159.511696
1780456762,159.839070
1780456762,158.590198
1780456762,154.731087
1780456762,158.174455
1780456762,154.547161
1780456762,160.101073
1780456762,158.793194
1780456762,160.076260
1780456762,167.978894
1780456762,157.608742
1780456762,162.474891
1780456762,168.107851
1780456762,155.554586
1780456762,155.536312
1780456762,170.356837
1780456762,162.413901
1780456762,161.917359
1780456762,149.513667
1780456762,151.513658
1780456762,168.257548
1780456762,167.897116
1780456762,167.885267
1780456762,164.049193
1780456762,168.263613
1780456762,164.420971
1780456762,168.421262
1780456762,161.903933
1780456762,169.767194
1780456762,166.262465
1780456762,159.612981
1780456762,160.961159
1780456762,169.203473
1780456762,168.438716
1780456762,171.003526
1780456762,170.889912
1780456762,163.057767
1780456762,162.181979
1780456762,171.390991
1780456762,167.117667
1780456762,167.332882
1780456762,162.556600
1780456762,158.375687
1780456762,171.727405
1780456762,163.554542
1780456762,163.552951
1780456762,157.801956
1780456762,164.375031
1780456762,138.706636
1780456762,159.331441
1780456762,140.017589
1780456762,148.422107
1780456762,142.319895
1780456762,161.937138
1780456762,150.667015
1780456762,148.177264
1780456762,149.650993
1780456762,147.196858
1780456762,167.631908
1780456762,168.167968
1780456762,167.241577
1780456762,175.891619
1780456762,167.249128
1780456762,167.027735
1780456762,167.676205
1780456762,167.192518
1780456762,176.287935
1780456762,167.069938
1780456762,167.382775
1780456762,141.235685
1780456762,149.685592
1780456762,145.582618
1780456762,149.336071
1780456762,149.384973
1780456762,148.631958
1780456762,148.865568
1780456762,149.010889
1780456762,143.497623
1780456762,143.473820
1780456762,139.175766
1780456762,146.783053
1780456762,147.133304
1780456762,180.908510
1780456762,172.493456
1780456762,172.944287
1780456762,161.256249
1780456762,181.832838
1780456762,172.727254
1780456762,181.563995
1780456762,170.778217
1780456762,163.390390
1780456762,169.244476
1780456762,138.115688
1780456762,170.729372
1780456762,161.373215
1780456762,160.004513
1780456762,161.696752
1780456762,159.916483
1780456762,161.790725
1780456762,161.371349
1780456762,176.033954
1780456762,160.161043
1780456762,162.589392
1780456762,158.943890
1780456762,157.648942
1780456762,161.673062
1780456762,170.380107
1780456762,181.263980
1780456762,160.303465
1780456762,173.315022
1780456762,139.620896
1780456762,142.244596
1780456762,142.368078
1780456762,141.765352
1780456762,140.427203
1780456762,142.029176
1780456762,140.998142
1780456762,138.299521
1780456762,163.041765
1780456762,163.214888
1780456762,159.452774
1780456762,160.750936
1780456762,156.800239
1780456762,138.665326
1780456762,159.483785
1780456762,149.773730
1780456762,152.053141
1780456762,140.246451
1780456762,158.220138
1780456762,142.815577
1780456762,140.565098
1780456762,140.973594
1780456762,142.638582
1780456762,141.302730
1780456762,141.810352
1780456762,141.962778
1780456762,130.048499
1780456762,140.918175
1780456762,143.943574
1780456762,141.127353
1780456762,144.156462
1780456762,138.936032
1780456762,144.370401
1780456762,139.765813
1780456762,140.023351
1780456762,144.400615
1780456762,140.125651
1780456762,184.187282
1780456762,183.798254
1780456762,185.022548
1780456762,187.302913
1780456762,185.293682
1780456762,193.453978
1780456762,183.705325
1780456762,193.145667
1780456762,193.384208
1780456762,193.570450
1780456762,184.931341
1780456762,184.730054
1780456762,185.112445
1780456762,185.552329
1780456762,193.386099
1780456762,179.441531
1780456762,184.632694
1780456762,191.787828
1780456762,194.186822
1780456762,178.728902
1780456762,192.248448
1780456762,194.577104
1780456762,194.467532
1780456762,184.029015
1780456762,193.064992
1780456762,193.966705
1780456762,193.299169
1780456762,193.939866
1780456762,192.981360
1780456762,193.666786
1780456762,194.628754
1780456762,191.990897
1780456762,193.679637
1780456762,183.414827
1780456762,194.333503
1780456762,193.410440
1780456762,181.241995
1780456762,184.679328
1780456762,184.579668
1780456762,182.467466
1780456762,140.371350
1780456762,185.298323
1780456762,194.745406
1780456762,180.423736
1780456762,194.746131
1780456762,185.273956
1780456762,182.866011
1780456762,185.947951
1780456762,190.789202
1780456762,194.488203
1780456762,182.105684
1780456762,194.310953
1780456762,191.578709
1780456762,166.795105
1780456762,183.563232
1780456762,143.191884
1780456762,186.227353
1780456762,192.214523
1780456762,180.048881
1780456762,181.649031
1780456762,190.442497
1780456762,140.851429
1780456762,190.906104
1780456762,164.435177
1780456762,183.744474
1780456762,191.418791
1780456762,194.916231
1780456762,164.608987
1780456762,131.868696
1780456762,124.878218
1780456762,182.545659
1780456762,190.938633
1780456762,165.911234
1780456762,141.089792
1780456762,183.569594
1780456762,192.560288
1780456762,184.629903
1780456762,194.192116
1780456762,193.484976
1780456762,170.013596
1780456762,185.106207
1780456762,179.249379
1780456762,194.356256
1780456762,141.360091
1780456762,167.549011
1780456762,185.183704
1780456762,142.844569
1780456762,142.847100
1780456762,131.307736
1780456762,143.107473
1780456762,130.582212
1780456762,144.398727
1780456762,130.895091
1780456762,144.693561
1780456762,143.809028
1780456762,144.006303
1780456762,144.135201
1780456762,131.560448
1780456762,144.822634
1780456762,143.690277
1780456762,188.437181
1780456762,196.530490
1780456762,189.559109
1780456762,189.551811
1780456762,186.264287
1780456762,186.228680
1780456762,188.955669
1780456762,181.439194
1780456762,188.614762
1780456762,184.959691
1780456762,186.277295
1780456762,169.376640
1780456762,157.800169
1780456762,186.756796
1780456762,170.949954
1780456762,181.760061
1780456762,170.984827
1780456762,159.141151
1780456762,173.721032
1780456762,166.216195
1780456762,189.399160
1780456762,197.348943
1780456762,173.662376
1780456762,169.764620
1780456762,183.201920
1780456762,150.132578
1780456762,197.619513
1780456762,130.667895
1780456762,151.854979
1780456762,197.878077
1780456762,149.084043
1780456762,178.277669
1780456762,154.575857
1780456762,171.413254
1780456762,158.349878
1780456762,156.051172
1780456762,157.263344
1780456762,154.748122
1780456762,159.630024
1780456762,154.864197
1780456762,178.274036
1780456762,156.218144
1780456762,158.609795
1780456762,158.588762
1780456762,180.362626
1780456762,182.551644
1780456762,198.571483
1780456762,164.188984
1780456762,164.345964
1780456762,175.132154
1780456762,154.575033
1780456762,176.619782
1780456762,192.810973
1780456762,170.223480
1780456762,156.011506
1780456762,157.369167
1780456762,161.066874
1780456762,157.446329
1780456762,161.064073
1780456762,161.015000
1780456762,158.693234
1780456762,158.683494
1780456762,173.091662
1780456762,161.164356
1780456762,192.796400
1780456762,195.049082
1780456762,203.933236
1780456762,205.549181
1780456762,176.730397
1780456762,153.575376
1780456762,137.057870
1780456762,145.845030
1780456762,143.564742
1780456762,144.759214
1780456762,145.876041
1780456762,143.618656
1780456762,144.789330
1780456762,153.812102
1780456762,171.355256
1780456762,172.589272
1780456762,159.366227
1780456762,177.275444
1780456762,171.566654
1780456762,180.111445
1780456762,157.779801
1780456762,178.696879
1780456762,154.029342
1780456762,154.032275
1780456762,169.519265
1780456762,154.130651
1780456762,172.816595
1780456762,159.142888
1780456762,171.725678
1780456762,144.470803
1780456762,180.756948
1780456762,154.769428
1780456762,180.950386
1780456762,141.243809
1780456762,139.905386
1780456762,143.956389
1780456762,208.581382
1780456762,177.933209
1780456762,194.623680
1780456762,199.847206
1780456762,146.752276
1780456762,172.789440
1780456762,173.929007
1780456762,177.409274
1780456762,174.049319
1780456762,146.452151
1780456762,170.823006
1780456762,147.111669
1780456762,181.638459
1780456762,165.105822
1780456762,167.592442
1780456762,171.482838
1780456762,166.485100
1780456762,166.513599
1780456762,179.708037
1780456762,182.019385
1780456762,171.634498
1780456762,151.987727
1780456762,147.218748
1780456762,152.077384
1780456762,188.520031
1780456762,169.651159
1780456762,215.063874
1780456762,179.193270
1780456762,214.657307
1780456762,194.438985
1780456762,173.837612
1780456762,194.655791
1780456762,193.751099
1780456762,167.798369
1780456762,103.123429
1780456762,194.041671
1780456762,193.113078
1780456762,165.815254
1780456762,190.726747
1780456762,154.157684
1780456762,173.005402
1780456762,104.444326
1780456762,104.477807
1780456762,177.187525
1780456762,104.457412
1780456762,154.638179
1780456762,104.240688
1780456762,104.658974
1780456762,170.795180
1780456762,154.715349
1780456762,153.923696
1780456762,159.825173
1780456762,152.776463
1780456762,156.708200
1780456762,154.394039
1780456762,152.971460
1780456762,109.211724
1780456762,108.994785
1780456762,109.082159
1780456762,109.007155
1780456762,109.481672
1780456762,109.265742
1780456762,109.586411
1780456762,109.472909
1780456762,109.503666
1780456762,109.940760
1780456762,109.645772
1780456762,118.148530
1780456762,118.187628
1780456762,107.485249
1780456762,112.094802
1780456762,118.423746
1780456762,118.976226
1780456762,118.933707
1780456762,119.301258
1780456762,108.653444
1780456762,108.546547
1780456762,113.475139
1780456762,113.480716
1780456762,109.228539
1780456762,120.454668
1780456762,114.310317
1780456762,120.548529
1780456762,110.513959
1780456762,115.059536
1780456762,115.456703
1780456762,115.753785
1780456762,116.404458
1780456762,121.169292
1780456762,121.282629
1780456762,121.090879
1780456762,121.427115
1780456762,121.932217
1780456762,107.708822
1780456762,107.673771
1780456762,110.228062
1780456763,129.120616
1780456763,113.405863
1780456763,129.378540
1780456763,130.412908
1780456763,115.126995
1780456763,139.355589
1780456763,132.511529
1780456763,132.681330
1780456763,116.902949
1780456763,117.384887
1780456763,117.200282
1780456763,117.392437
1780456763,129.483328
1780456763,129.570592
1780456763,119.320084
1780456763,129.700545
1780456763,108.122773
1780456763,108.283545
1780456763,108.426432
1780456763,119.558382
1780456763,119.647672
1780456763,119.531286
1780456763,119.672766
1780456763,118.879776
1780456763,118.632270
1780456763,111.796269
1780456763,111.590787
1780456763,112.192486
1780456763,111.809861
1780456763,112.018268
1780456763,111.676506
1780456763,110.108151
1780456763,123.874928
1780456763,124.650375
1780456763,123.476723
1780456763,123.936160
1780456763,124.119087
1780456763,124.474647
1780456763,124.956964
1780456763,125.938276
1780456763,108.851323
1780456763,108.656216
1780456763,127.302055
1780456763,107.785416
1780456763,118.383679
1780456763,128.697571
1780456763,118.391083
1780456763,110.941160
1780456763,111.193435
1780456763,111.064783
1780456763,111.158554
1780456763,112.021664
1780456763,112.957569
1780456763,112.937376
1780456763,113.472577
1780456763,113.218152
1780456763,121.364477
1780456763,121.619899
1780456763,121.539894
1780456763,121.328927
1780456763,121.746699
1780456763,114.688057
1780456763,121.576628
1780456763,114.762807
1780456763,114.628001
1780456763,121.289607
1780456763,121.661164
1780456763,110.988882
1780456763,121.796068
1780456763,121.615318
1780456763,121.670401
1780456763,111.087574
1780456763,119.145450
1780456763,114.518193
1780456763,114.579112
1780456763,114.711807
1780456763,114.819608
1780456763,115.129373
1780456763,115.124078
1780456763,114.790376
1780456763,112.251795
1780456763,116.062615
1780456763,115.990658
1780456763,116.167799
1780456763,112.482577
1780456763,116.153552
1780456763,116.469128
1780456763,116.190539
1780456763,113.035810
1780456763,113.111173
1780456763,116.893089
1780456763,116.460047
1780456763,113.660817
1780456763,116.966399
1780456763,113.772867
1780456763,117.559282
1780456763,117.146866
1780456763,117.658482
1780456763,118.435423
1780456763,109.552395
1780456763,113.525576
1780456763,113.945383
1780456763,114.216753
1780456763,114.248513
1780456763,114.620975
1780456763,114.182561
1780456763,112.611682
1780456763,114.726617
1780456763,109.654143
1780456763,109.559403
1780456763,113.267911
1780456763,113.174452
1780456763,113.418876
1780456763,113.348250
1780456763,113.507564
1780456763,112.728085
1780456763,115.615594
1780456763,110.781570
1780456763,110.738610
1780456763,111.361141
1780456763,110.826765
1780456763,107.757643
1780456763,111.842588
1780456763,111.489929
1780456763,111.178524
1780456763,107.338874
1780456763,123.987362
1780456763,124.099665
1780456763,123.490259
1780456763,121.949549
1780456763,118.212577
1780456763,124.644217
1780456763,122.535689
1780456763,122.752546
1780456763,125.111440
1780456763,121.842487
1780456763,116.837199
1780456763,119.550716
1780456763,123.003160
1780456763,125.086046
1780456763,121.752815
1780456763,123.475005
1780456763,123.749303
1780456763,114.249065
1780456763,119.378140
1780456763,127.450504
1780456763,126.615586
1780456763,126.392016
1780456763,126.505370
1780456763,126.627258
1780456763,126.472574
1780456763,127.456968
1780456763,119.385888
1780456763,127.096592
1780456763,126.647212
1780456763,126.061401
1780456763,126.818987
1780456763,126.757481
1780456763,127.728322
1780456763,120.773464
1780456763,128.830804
1780456763,120.656743
1780456763,127.053544
1780456763,126.583954
1780456763,126.685792
1780456763,127.063641
1780456763,126.954067
1780456763,127.339435
1780456763,126.343722
1780456763,122.558507
1780456763,121.032490
1780456763,118.140503
1780456763,122.678169
1780456763,125.947277
1780456763,127.040481
1780456763,121.486082
1780456763,127.522968
1780456763,130.845076
1780456763,129.272691
1780456763,120.014009
1780456763,117.162183
1780456763,128.334287
1780456763,120.116992
1780456763,134.560487
1780456763,121.054653
1780456763,146.432611
1780456763,124.083002
1780456763,121.714997
1780456763,125.226630
1780456763,121.324258
1780456763,120.508860
1780456763,139.189956
1780456763,137.957367
1780456763,116.295791
1780456763,120.713356
1780456763,122.273950
1780456763,148.187646
1780456763,123.812940
1780456763,147.109213
1780456763,125.703400
1780456763,121.626254
1780456763,122.866180
1780456763,119.209734
1780456763,142.454308
1780456763,142.167517
1780456763,142.741651
1780456763,115.320074
1780456763,142.770261
1780456763,119.693005
1780456763,143.227049
1780456763,143.161193
1780456763,141.717676
1780456763,114.809276
1780456763,143.228639
1780456763,140.417770
1780456763,143.472974
1780456763,139.455035
1780456763,113.756478
1780456763,115.825125
1780456763,113.378185
1780456763,113.627223
1780456763,117.842005
1780456763,135.739133
1780456763,112.979991
1780456763,113.444308
1780456763,113.505939
1780456763,114.861763
1780456763,114.249183
1780456763,113.035227
1780456763,115.880279
1780456763,120.926065
1780456763,141.147625
1780456763,120.306097
1780456763,120.190742
1780456763,141.160570
1780456763,117.798906
1780456763,118.122587
1780456763,109.645456
1780456763,115.312510
1780456763,118.062528
1780456763,109.741571
1780456763,118.133566
1780456763,110.081916
1780456763,118.232677
1780456763,110.293908
1780456763,113.656164
1780456763,117.925344
1780456763,118.348793
1780456763,107.527316
1780456763,116.946367
1780456763,116.250585
1780456763,146.199025
1780456763,123.999622
1780456763,125.692546
1780456763,146.878747
1780456763,125.218109
1780456763,146.996682
1780456763,114.540730
1780456763,144.165808
1780456763,144.482873
1780456763,113.587724
1780456763,146.639472
1780456763,123.287421
1780456763,143.939200
1780456763,146.662541
1780456763,144.239933
1780456763,144.222955
1780456763,147.351662
1780456763,147.386666
1780456763,125.223439
1780456763,146.671549
1780456763,146.852760
1780456763,147.082310
1780456763,144.234671
1780456763,147.620359
1780456763,147.002857
1780456763,146.743345
1780456763,147.149760
1780456763,147.246194
1780456763,147.106304
1780456763,125.003058
1780456763,142.447546
1780456763,147.649350
1780456763,142.490131
1780456763,146.010225
1780456763,147.549625
1780456763,145.346997
1780456763,145.036725
1780456763,146.979900
1780456763,144.997538
1780456763,144.067938
1780456763,147.626620
1780456763,147.140764
1780456763,143.908950
1780456763,148.153347
1780456763,147.804869
1780456763,136.406123
1780456763,144.333875
1780456763,132.749065
1780456763,144.801006
1780456763,133.786984
1780456763,140.611548
1780456763,144.940537
1780456763,147.822192
1780456763,142.047384
1780456763,150.491110
1780456763,132.546914
1780456763,134.014212
1780456763,125.432845
1780456763,134.251629
1780456763,151.352012
1780456763,138.997569
1780456763,138.893869
1780456763,151.333994
1780456763,144.612220
1780456763,134.325485
1780456763,148.325590
1780456763,139.097312
1780456763,151.565880
1780456763,145.295838
1780456763,142.722646
1780456763,137.162747
1780456763,148.510094
1780456763,151.604347
1780456763,148.389454
1780456763,145.492927
1780456763,148.866784
1780456763,137.391000
1780456763,151.974331
1780456763,136.593534
1780456763,136.647825
1780456763,146.390510
1780456763,131.607423
1780456763,144.305163
1780456763,141.018260
1780456763,116.919728
1780456763,119.397956
1780456763,120.145892
1780456763,127.315981
1780456763,118.763367
1780456763,133.119537
1780456763,142.889551
1780456763,119.903255
1780456763,124.608092
1780456763,146.129967
1780456763,145.672468
1780456763,134.125352
1780456763,128.398946
1780456763,145.941156
1780456763,123.798929
1780456763,124.301268
1780456763,134.969220
1780456763,116.032498
1780456763,146.494818
1780456763,143.448502
1780456763,151.436561
1780456763,143.611854
1780456763,132.979198
1780456763,125.064405
1780456763,124.770205
1780456763,151.259836
1780456763,131.665740
1780456763,147.108219
1780456763,124.408630
1780456763,142.716813
1780456763,132.528512
1780456763,147.083406
1780456763,122.353691
1780456763,116.657903
1780456763,147.221920
1780456763,148.568852
1780456763,146.952326
1780456763,121.789976
1780456763,125.729711
1780456763,120.634293
1780456763,120.803797
1780456763,144.339207
1780456763,144.317730
1780456763,145.564768
1780456763,116.500977
1780456763,143.038577
1780456763,136.378204
1780456763,135.216913
1780456763,120.528947
1780456763,120.617370
1780456763,128.201306
1780456763,128.280100
1780456763,120.556048
1780456763,119.577092
1780456763,116.761283
1780456763,131.013169
1780456763,125.819931
1780456763,129.208404
1780456763,131.403643
1780456763,124.947831
1780456763,126.957550
1780456763,131.957257
1780456763,122.161807
1780456763,132.879226
1780456763,127.190405
1780456763,121.187348
1780456763,123.031711
1780456763,119.972132
1780456763,121.751699
1780456763,127.996114
1780456763,132.380702
1780456763,127.766384
1780456763,127.047441
1780456763,122.964203
1780456763,128.731468
1780456763,123.158980
1780456763,128.486304
1780456763,118.522204
1780456763,126.069705
1780456763,128.671707
1780456763,118.924224
1780456763,122.954567
1780456763,119.029066
1780456763,122.719147
1780456763,121.475402
1780456763,122.555931
1780456763,120.901226
1780456763,122.653773
1780456763,123.368708
1780456763,119.535869
1780456763,126.227115
1780456763,128.911384
1780456763,120.136306
1780456763,126.394123
1780456763,119.782385
1780456763,122.599137
1780456763,119.356732
1780456763,122.928752
1780456763,119.898982
1780456763,122.806911
1780456763,120.984928
1780456763,125.841456
1780456763,124.862501
1780456763,126.253638
1780456763,123.738311
1780456763,129.026842
1780456763,125.285266
1780456763,151.865277
1780456763,153.578773
1780456763,124.942698
1780456763,151.980752
1780456763,143.467744
1780456763,149.055330
1780456763,143.228228
1780456763,121.127797
1780456763,148.570758
1780456763,155.741597
1780456763,142.822983
1780456763,154.585474
1780456763,142.906344
1780456763,154.560687
1780456763,146.565809
1780456763,121.259739
1780456763,155.507843
1780456763,151.248560
1780456763,143.286089
1780456763,149.659660
1780456763,155.782324
1780456763,146.747797
1780456763,154.727891
1780456763,146.957405
1780456763,140.439177
1780456763,141.951493
1780456763,146.949577
1780456763,147.859873
1780456763,145.564545
1780456763,145.552409
1780456763,146.989454
1780456763,142.174015
1780456763,147.892743
1780456763,134.590966
1780456763,130.114075
1780456763,134.793275
1780456763,146.254826
1780456763,142.334009
1780456763,142.357310
1780456763,142.434427
1780456763,136.126188
1780456763,148.259003
1780456763,144.673588
1780456763,133.906698
1780456763,149.811481
1780456763,143.988958
1780456763,120.343923
1780456763,122.804464
1780456763,145.386147
1780456763,124.275572
1780456763,148.280802
1780456763,127.523583
1780456763,132.163278
1780456763,131.799971
1780456763,148.623051
1780456763,129.322890
1780456763,150.252100
1780456763,144.968874
1780456763,136.493555
1780456763,148.635441
1780456763,145.868635
1780456763,129.617671
1780456763,130.852964
1780456763,146.296344
1780456763,128.163857
1780456763,142.990550
1780456763,142.887614
1780456763,150.769534
1780456763,145.680374
1780456763,130.910685
1780456763,147.357571
1780456763,134.825797
1780456763,147.834267
1780456763,142.874236
1780456763,143.171687
1780456763,144.871043
1780456763,121.069797
1780456763,128.456456
1780456763,122.294053
1780456763,144.396328
1780456763,120.859615
1780456763,152.690784
1780456763,121.204777
1780456763,152.012837
1780456763,144.824709
1780456763,152.023704
1780456763,124.983868
1780456763,122.969994
1780456763,115.615958
1780456763,125.310575
1780456763,118.043169
1780456763,130.122076
1780456763,128.010989
1780456763,129.160723
1780456763,121.966912
1780456763,126.580949
1780456763,122.085936
1780456763,118.868907
1780456763,129.409785
1780456763,126.319021
1780456763,130.099140
1780456763,126.421812
1780456763,134.335171
1780456763,134.483836
1780456763,131.915167
1780456763,128.908672
1780456763,127.857739
1780456763,127.611883
1780456763,129.115021
1780456763,127.047965
1780456763,129.333382
1780456763,125.759206
1780456763,133.360823
1780456763,129.238723
1780456763,128.000684
1780456763,129.523593
1780456763,125.981021
1780456763,125.961904
1780456763,124.686617
1780456763,127.298563
1780456763,128.938277
1780456763,128.158191
1780456763,127.237191
1780456763,125.080867
1780456763,125.788016
1780456763,128.429573
1780456763,125.741614
1780456763,125.326139
1780456763,128.927241
1780456763,126.038856
1780456763,129.059363
1780456763,123.619647
1780456763,126.148558
1780456763,125.466565
1780456763,127.382812
1780456763,126.134029
1780456763,125.076039
1780456763,126.127764
1780456763,118.280746
1780456763,119.860995
1780456763,126.617470
1780456763,118.798968
1780456763,119.094297
1780456763,127.373208
1780456763,126.061725
1780456763,127.572718
1780456763,146.962565
1780456763,119.257556
1780456763,125.183683
1780456763,147.119157
1780456763,121.269141
1780456763,139.652942
1780456763,102.666027
1780456763,125.747093
1780456763,141.602120
1780456763,126.032052
1780456763,105.022635
1780456763,137.974354
1780456763,102.803187
1780456763,126.531655
1780456763,135.608294
1780456763,105.541382
1780456763,104.087851
1780456763,129.432846
1780456763,129.508732
1780456763,105.688745
1780456763,106.364644
1780456763,133.378215
1780456763,104.407135
1780456763,103.654065
1780456763,134.699508
1780456763,106.733335
1780456763,103.133884
1780456763,133.698938
1780456763,106.826089
1780456763,131.823022
1780456763,103.581330
1780456763,107.150706
1780456763,102.473503
1780456763,126.730781
1780456763,106.660807
1780456763,128.318511
1780456763,102.727858
1780456763,107.500096
1780456763,124.410145
1780456763,104.184576
1780456763,107.198539
1780456763,131.034110
1780456763,102.026149
1780456763,107.645249
1780456763,131.094148
1780456763,107.595662
1780456763,104.620446
1780456763,129.421478
1780456763,106.905861
1780456763,104.438188
1780456763,102.583094
1780456763,131.545165
1780456763,104.626051
1780456763,107.114718
1780456763,102.755090
1780456763,131.393537
1780456763,108.429629
1780456763,131.250012
1780456763,106.887504
1780456763,103.034036
1780456763,103.266093
1780456763,130.124579
1780456763,106.337994
1780456763,106.572911
1780456763,125.082655
1780456763,103.335444
1780456763,124.647931
1780456763,103.471435
1780456763,105.109297
1780456763,103.648614
1780456763,106.512739
1780456763,105.375571
1780456763,102.700147
1780456763,106.830205
1780456763,103.075682
1780456763,104.631603
1780456763,112.948015
1780456763,104.758324
1780456763,113.199802
1780456763,104.877936
1780456763,113.277037
1780456763,102.486322
1780456763,110.652905
1780456763,105.655819
1780456763,111.623342
1780456763,104.356460
1780456763,111.607898
1780456763,104.498377
1780456763,111.382086
1780456763,105.816433
1780456763,111.780468
1780456763,106.135416
1780456763,111.607711
1780456763,106.129889
1780456763,111.677844
1780456763,103.766514
1780456763,105.288579
1780456763,111.998567
1780456763,103.759067
1780456763,103.809739
1780456763,104.216980
1780456763,105.589787
1780456763,112.094542
1780456763,104.082198
1780456763,113.045209
1780456763,105.686979
1780456763,104.222698
1780456763,104.483224
1780456763,111.934996
1780456763,104.271565
1780456763,105.993856
1780456763,113.502768
1780456763,104.438660
1780456763,105.020318
1780456763,103.359392
1780456763,104.928129
1780456763,113.694598
1780456763,104.961162
1780456763,105.340727
1780456763,104.961049
1780456763,105.484332
1780456763,114.153843
1780456763,105.025541
1780456763,104.951956
1780456763,103.732098
1780456763,113.750291
1780456763,105.926826
1780456763,105.452816
1780456763,102.586038
1780456763,114.491710
1780456763,105.256112
1780456763,105.641201
1780456763,104.087783
1780456763,102.888150
1780456763,113.238829
1780456763,102.941336
1780456763,106.049681
1780456763,113.394606
1780456763,102.890281
1780456763,106.270471
1780456763,113.537457
1780456763,103.211113
1780456763,103.003037
1780456763,106.864641
1780456763,105.459108
1780456763,103.173856
1780456763,115.097969
1780456763,107.002728
1780456763,106.114971
1780456763,113.488105
1780456763,103.472302
1780456763,104.263775
1780456763,113.683614
1780456763,113.740109
1780456763,103.677541
1780456763,103.816601
1780456763,113.939468
1780456763,103.936967
1780456763,112.844195
1780456763,104.389548
1780456763,112.673039
1780456763,103.897413
1780456763,113.671627
1780456763,113.727591
1780456763,106.445544
1780456763,104.269948
1780456763,111.533307
1780456763,102.520678
1780456763,111.541974
1780456763,105.251004
1780456763,111.582625
1780456763,105.607082
1780456763,111.744089
1780456763,105.657320
1780456763,110.597822
1780456763,103.453643
1780456763,105.607614
1780456763,106.242341
1780456763,106.185129
1780456763,109.141535
1780456763,109.887632
1780456763,106.039665
1780456763,109.872105
1780456763,104.310339
1780456763,111.660027
1780456763,106.140455
1780456763,106.493750
1780456763,110.016273
1780456763,104.957009
1780456763,104.653784
1780456763,110.313111
1780456763,111.109073
1780456763,105.028082
1780456763,110.763216
1780456763,104.950168
1780456763,111.234449
1780456763,111.271609
1780456763,105.308542
1780456763,111.458360
1780456763,107.855590
1780456763,105.614762
1780456763,111.758757
1780456763,107.752730
1780456763,112.043225
1780456763,111.378003
1780456763,108.904974
1780456763,111.151861
1780456763,107.948819
1780456763,104.826315
1780456763,111.729194
1780456763,110.997047
1780456763,109.276387
1780456763,111.036265
1780456763,108.019075
1780456763,112.663697
1780456763,109.708968
1780456763,113.192969
1780456763,109.759744
1780456763,108.502503
1780456763,107.435280
1780456763,113.231108
1780456763,111.513651
1780456763,107.768915
1780456763,107.792317
1780456763,111.550699
1780456763,110.127158
1780456763,112.074088
1780456763,110.733696
1780456763,107.977436
1780456763,110.562603
1780456763,108.254317
1780456763,113.867797
1780456763,108.115813
1780456763,111.027871
1780456763,110.675550
1780456763,110.425040
1780456763,104.881802
1780456763,109.025242
1780456763,108.119766
1780456763,108.250233
1780456763,111.856890
1780456763,112.061459
1780456763,112.604888
1780456763,108.717547
1780456763,112.369844
1780456763,110.218812
1780456763,112.627400
1780456763,113.222046
1780456763,112.486070
1780456763,113.351349
1780456763,113.268834
1780456763,112.452297
1780456763,109.082090
1780456763,112.425298
1780456763,112.226920
1780456763,112.414604
1780456763,112.661435
1780456763,109.243958
1780456763,112.747174
1780456763,108.226816
1780456763,111.030036
1780456763,112.989266
1780456763,108.513762
1780456763,114.029954
1780456763,113.891564
1780456763,111.136409
1780456763,108.819456
1780456763,114.123365
1780456763,113.337429
1780456763,111.827912
1780456763,107.808914
1780456763,106.450197
1780456763,109.600117
1780456763,106.578565
1780456763,110.993576
1780456763,109.821135
1780456763,106.875426
1780456763,112.769136
1780456763,108.883407
1780456763,112.824329
1780456763,113.221585
1780456763,107.830233
1780456763,107.759846
1780456763,109.227576
1780456763,115.889338
1780456763,116.252227
1780456763,113.574359
1780456763,109.467660
1780456763,113.391301
1780456763,114.025130
1780456763,106.193534
1780456763,115.525167
1780456763,111.630339
1780456763,108.596555
1780456763,116.769922
1780456763,108.974028
1780456763,108.819702
1780456763,114.889995
1780456763,108.959555
1780456763,109.123483
1780456763,109.503888
1780456763,115.217325
1780456763,109.231821
1780456763,109.507545
1780456763,109.279469
1780456763,109.710325
1780456763,109.378941
1780456763,104.378793
1780456763,117.573662
1780456763,109.629088
1780456763,109.428128
1780456763,115.407729
1780456763,109.472663
1780456763,109.447858
1780456763,115.740050
1780456763,114.442777
1780456763,109.521643
1780456763,103.072075
1780456763,114.742627
1780456763,103.159656
1780456763,110.733087
1780456763,102.906421
1780456763,109.904786
1780456763,119.122417
1780456763,108.315086
1780456763,110.720885
1780456763,114.191081
1780456763,104.473799
1780456763,102.704287
1780456763,110.829472
1780456763,111.997883
1780456763,111.756396
1780456763,105.086952
1780456763,103.977313
1780456763,111.204428
1780456763,111.782277
1780456763,111.320936
1780456763,112.517482
1780456763,112.100701
1780456763,112.761516
1780456763,112.019340
1780456763,112.954501
1780456763,112.300870
1780456763,112.043756
1780456763,112.039708
1780456763,112.243494
1780456763,113.467879
1780456763,113.417610
1780456763,113.678789
1780456763,113.467591
1780456763,110.902919
1780456763,111.729474
1780456763,110.950066
1780456763,113.506485
1780456763,112.689042
1780456763,112.911045
1780456763,112.893054
1780456763,111.956387
1780456763,113.750922
1780456763,104.563485
1780456763,112.244628
1780456763,110.789476
1780456763,111.995036
1780456763,114.976591
1780456763,115.233811
1780456763,115.035555
1780456763,110.022152
1780456763,112.888151
1780456763,111.416674
1780456763,113.252802
1780456763,111.496915
1780456763,105.507737
1780456763,115.407460
1780456763,110.433010
1780456763,114.777513
1780456763,112.115176
1780456763,115.375635
1780456763,111.956746
1780456763,112.107913
1780456763,112.520305
1780456763,113.946782
1780456763,112.338702
1780456763,112.417386
1780456763,112.451282
1780456763,115.857038
1780456763,118.039657
1780456763,112.731042
1780456763,110.651765
1780456763,118.347997
1780456763,117.376004
1780456763,112.977400
1780456763,114.421969
1780456763,118.687635
1780456763,118.149044
1780456763,111.275500
1780456763,113.525318
1780456763,113.538847
1780456763,110.100995
1780456763,113.570210
1780456763,110.832978
1780456763,115.600943
1780456763,111.808437
1780456763,114.344899
1780456763,114.453888
1780456763,109.205948
1780456763,112.414829
1780456763,111.013255
1780456763,111.315929
1780456763,111.328864
1780456763,111.510666
1780456763,111.524869
1780456763,110.224223
1780456763,111.439380
1780456763,111.726021
1780456763,115.981019
1780456763,109.362402
1780456763,111.805965
1780456763,111.650632
1780456763,118.015346
1780456763,111.810151
1780456763,111.965076
1780456763,109.809583
1780456763,111.900267
1780456763,112.029200
1780456763,111.831153
1780456763,118.461641
1780456763,111.979598
1780456763,112.168334
1780456763,117.349197
1780456763,112.211387
1780456763,112.078174
1780456763,114.351382
1780456763,110.281496
1780456763,112.412597
1780456763,117.273884
1780456763,112.778842
1780456763,111.851961
1780456763,113.320680
1780456763,117.824070
1780456763,112.822558
1780456763,110.619952
1780456763,110.905633
1780456763,112.152898
1780456763,118.359442
1780456763,112.380529
1780456763,111.238678
1780456763,118.129116
1780456763,113.171960
1780456763,111.471239
1780456763,111.503980
1780456763,113.242925
1780456763,118.763864
1780456763,109.668898
1780456763,111.346610
1780456763,112.949838
1780456763,109.992852
1780456763,111.991803
1780456763,119.155633
1780456763,118.803171
1780456763,110.770482
1780456763,119.152017
1780456763,106.306074
1780456763,111.083621
1780456763,119.659292
1780456763,112.550796
1780456763,110.970075
1780456763,118.442699
1780456763,104.473909
1780456763,111.709972
1780456763,111.186634
1780456763,111.849231
1780456763,118.275247
1780456763,120.596518
1780456763,111.969795
1780456763,112.124279
1780456763,120.225856
1780456763,120.780907
1780456763,110.845074
1780456763,112.486872
1780456763,120.395673
1780456763,112.025141
1780456763,116.330689
1780456763,112.730873
1780456763,116.757135
1780456763,110.854734
1780456763,109.939586
1780456763,117.026329
1780456763,104.124100
1780456763,111.857975
1780456763,110.574839
1780456763,110.807108
1780456763,111.036635
1780456763,111.297936
1780456763,111.193516
1780456763,111.397550
1780456763,111.454958
1780456763,105.735777
1780456763,105.825026
1780456763,111.669501
1780456763,111.640838
1780456763,105.393449
1780456763,111.803450
1780456763,111.681037
1780456763,106.299594
1780456763,112.101127
1780456763,111.364916
1780456763,111.521452
1780456763,105.223896
1780456763,111.661654
1780456763,111.650379
1780456763,110.495451
1780456763,106.181655
1780456763,110.676308
1780456763,107.036098
1780456763,111.978138
1780456763,109.770199
1780456763,109.963295
1780456763,107.513416
1780456763,112.870822
1780456763,107.762648
1780456763,110.294685
1780456763,112.911477
1780456763,104.253409
1780456763,110.550841
1780456763,112.970477
1780456763,109.584826
1780456763,108.245904
1780456763,113.420416
1780456763,113.297026
1780456763,109.846692
1780456763,108.495088
1780456763,113.464289
1780456763,112.447135
1780456763,113.671616
1780456763,110.102564
1780456763,104.370221
1780456763,113.602625
1780456763,110.292221
1780456763,111.631518
1780456763,105.117382
1780456763,111.719760
1780456763,109.387284
1780456763,111.789296
1780456763,108.998100
1780456763,103.245636
1780456763,109.682643
1780456763,103.402929
1780456763,103.606531
1780456763,109.921525
1780456763,108.848364
1780456763,103.941190
1780456763,103.999207
1780456763,110.349255
1780456763,108.267766
1780456763,103.954834
1780456763,104.180304
1780456763,104.429564
1780456763,104.574252
1780456763,103.081892
1780456763,104.741374
1780456763,104.519034
1780456763,104.901604
1780456763,104.653438
1780456763,104.981852
1780456763,105.375168
1780456763,105.517056
1780456763,105.275542
1780456763,105.572435
1780456763,105.661992
1780456763,102.960932
1780456763,102.974430
1780456763,105.607118
1780456763,105.316315
1780456763,103.188098
1780456763,102.009284
1780456763,103.298592
1780456763,105.871553
1780456763,103.345614
1780456763,102.387617
1780456763,106.117522
1780456763,102.526693
1780456763,102.599377
1780456763,102.613339
1780456763,106.368122
1780456763,102.691688
1780456763,106.506922
1780456763,102.824097
1780456763,105.376471
1780456763,103.033308
1780456763,105.561116
1780456763,103.229053
1780456763,106.969066
1780456763,104.854191
1780456763,103.555104
1780456763,107.930684
1780456763,103.698768
1780456763,108.094387
1780456763,103.878260
1780456763,107.655148
1780456763,102.960494
1780456763,103.207371
1780456763,108.792451
1780456763,105.885084
1780456763,103.481011
1780456763,104.678962
1780456763,102.684166
1780456763,102.896958
1780456763,104.223631
1780456763,104.434459
1780456763,103.460192
1780456763,103.715606
1780456763,104.404167
1780456763,103.383077
1780456763,101.816635
1780456763,103.586422
1780456763,104.010858
1780456763,104.202303
1780456763,104.203759
1780456763,104.573658
1780456763,104.488073
1780456763,104.492555
1780456763,104.970848
1780456763,105.119190
1780456763,105.150217
1780456763,105.062965
1780456763,105.322450
1780456763,105.462802
1780456763,104.641313
1780456763,104.384918
1780456763,106.099036
1780456763,105.886602
1780456763,104.998702
1780456763,105.487618
1780456763,105.994885
1780456763,105.995514
1780456763,106.240870
1780456763,105.752580
1780456763,106.345285
1780456763,104.334561
1780456763,104.842527
1780456763,105.994427
1780456763,105.136740
1780456763,103.166706
1780456763,106.682603
1780456763,106.178024
1780456763,106.379379
1780456763,106.530526
1780456763,102.776167
1780456763,107.146039
1780456763,106.372149
1780456763,105.578934
1780456763,103.740291
1780456763,106.834003
1780456763,105.811594
1780456763,103.797288
1780456763,106.723364
1780456763,107.015969
1780456763,107.747237
1780456763,107.149772
1780456763,106.996908
1780456763,105.428176
1780456763,107.405957
1780456763,107.397421
1780456763,108.325546
1780456763,107.740848
1780456763,108.449822
1780456763,108.365806
1780456763,104.022698
1780456763,108.684968
1780456763,108.674176
1780456763,109.018579
1780456763,108.660562
1780456763,104.223711
1780456763,108.713079
1780456763,108.509243
1780456763,108.408215
1780456763,109.197595
1780456763,110.526162
1780456763,108.792934
1780456763,110.856313
1780456763,112.105239
1780456763,112.114859
1780456763,112.221534
1780456763,110.847440
1780456763,110.927322
1780456763,111.066207
1780456763,112.466261
1780456763,111.002968
1780456763,103.639009
1780456763,112.846029
1780456763,110.299909
1780456763,113.592286
1780456763,105.390517
1780456763,113.684849
1780456763,113.812613
1780456763,114.141996
1780456763,114.360711
1780456763,107.524534
1780456763,114.735974
1780456763,107.555798
1780456763,115.053477
1780456763,114.539714
1780456763,112.500398
1780456763,114.913235
1780456763,115.922712
1780456763,114.902582
1780456763,115.702005
1780456763,115.059090
1780456763,107.919578
1780456763,117.124490
1780456763,110.600936
1780456763,116.500533
1780456763,117.454448
1780456763,116.732670
1780456763,109.044831
1780456763,116.996904
1780456763,111.201689
1780456763,117.593696
1780456763,117.186127
1780456763,113.539832
1780456763,113.574962
1780456763,111.541374
1780456763,111.678998
1780456763,117.999202
1780456763,118.060885
1780456763,109.829258
1780456763,109.978268
1780456763,111.828329
1780456763,118.218878
1780456763,110.573905
1780456763,111.822607
1780456763,112.434701
1780456763,112.237270
1780456763,112.605953
1780456763,112.571282
1780456763,112.674504
1780456763,112.343011
1780456763,113.139114
1780456763,112.854784
1780456763,112.857041
1780456763,113.521962
1780456763,106.117991
1780456763,106.490459
1780456763,106.273858
1780456763,113.949920
1780456763,113.829402
1780456763,113.358298
1780456763,106.573031
1780456763,106.649961
1780456763,113.612688
1780456763,107.386849
1780456763,107.655219
1780456763,107.633019
1780456763,107.759501
1780456763,107.740201
1780456763,107.929419
1780456763,107.562836
1780456763,107.619271
1780456763,109.403116
1780456763,109.183041
1780456763,109.324487
1780456763,109.402271
1780456763,105.765736
1780456763,108.915840
1780456763,121.761950
1780456763,112.230261
1780456763,121.982193
1780456763,112.385775
1780456763,116.540369
1780456763,117.093685
1780456763,117.957521
1780456763,117.271062
1780456763,118.706029
1780456763,125.304229
1780456763,125.410265
1780456763,125.540776
1780456763,125.537999
1780456763,117.584696
1780456763,129.881147
1780456763,130.417861
1780456763,130.215638
1780456763,131.077381
1780456763,129.952144
1780456763,121.435340
1780456763,121.732219
1780456763,123.591883
1780456763,111.479142
1780456763,111.937103
1780456763,123.346150
1780456763,123.204988
1780456763,112.891503
1780456763,131.318865
1780456763,123.569893
1780456763,122.004022
1780456763,131.207971
1780456763,120.458238
1780456763,114.175974
1780456763,128.667233
1780456763,123.433576
1780456763,123.497196
1780456763,119.950505
1780456763,133.251442
1780456763,133.405803
1780456763,125.690059
1780456763,133.534218
1780456763,130.674198
1780456763,114.899351
1780456763,115.351502
1780456763,133.559340
1780456763,133.563225
1780456763,126.017474
1780456763,120.450036
1780456763,133.931856
1780456763,133.682417
1780456763,113.718831
1780456763,115.161203
1780456763,131.534767
1780456763,118.468878
1780456763,119.556811
1780456763,120.052149
1780456763,120.865051
1780456763,120.278792
1780456763,120.680193
1780456763,117.660134
1780456763,122.008653
1780456763,121.478055
1780456763,128.281851
1780456763,128.357768
1780456763,128.387933
1780456763,130.445045
1780456763,124.760738
1780456763,122.443456
1780456763,120.075958
1780456763,124.494858
1780456763,107.409473
1780456763,125.704838
1780456763,120.250067
1780456763,120.296331
1780456763,120.376606
1780456763,142.058082
1780456763,141.880060
1780456763,142.381066
1780456763,142.000846
1780456763,142.545531
1780456763,142.743438
1780456763,142.775512
1780456763,142.278399
1780456763,122.971845
1780456763,142.600017
1780456763,142.740288
1780456763,129.793243
1780456763,129.886199
1780456763,129.786797
1780456763,129.877769
1780456763,130.031961
1780456763,130.085673
1780456763,142.996897
1780456763,143.254026
1780456763,143.261978
1780456763,130.531625
1780456763,130.328394
1780456763,143.486697
1780456763,104.896333
1780456763,126.460086
1780456763,111.330589
1780456763,122.679838
1780456763,112.774394
1780456763,113.773416
1780456763,121.403860
1780456763,127.471673
1780456763,131.532867
1780456763,122.587211
1780456763,122.496268
1780456763,122.683540
1780456763,111.351071
1780456763,122.944102
1780456763,123.457596
1780456763,123.505177
1780456763,128.252618
1780456763,128.326296
1780456763,128.174996
1780456763,123.180239
1780456763,128.440221
1780456763,123.360714
1780456763,133.762919
1780456763,139.455952
1780456763,147.352253
1780456763,112.227429
1780456763,114.410772
1780456763,114.766978
1780456763,147.615468
1780456763,116.067626
1780456763,116.522944
1780456763,124.685785
1780456763,117.565294
1780456763,114.520412
1780456763,116.643928
1780456763,116.603867
1780456763,110.208359
1780456763,115.581426
1780456763,116.365580
1780456763,115.899477
1780456763,117.278448
1780456763,118.104248
1780456763,118.207637
1780456763,110.436215
1780456763,110.602084
1780456763,110.729741
1780456763,110.938176
1780456763,102.741272
1780456763,103.084517
1780456763,104.073963
1780456763,113.358115
1780456763,115.911280
1780456763,115.994383
1780456763,106.202271
1780456763,105.797436
1780456763,106.422665
1780456763,105.721020
1780456763,105.864582
1780456763,106.097875
1780456763,106.660671
1780456763,108.175724
1780456763,108.067722
1780456763,106.562229
1780456763,111.978866
1780456763,108.182705
1780456763,106.948510
1780456763,107.027820
1780456763,107.125975
1780456763,113.287782
1780456763,113.137451
1780456763,107.229095
1780456763,111.099673
1780456763,105.729117
1780456763,111.247522
1780456763,110.923691
1780456763,107.349773
1780456763,113.517230
1780456763,105.669492
1780456763,106.957722
1780456763,107.029344
1780456763,111.840176
1780456763,104.407138
1780456763,104.474265
1780456763,107.721834
1780456763,110.545465
1780456763,105.268587
1780456763,108.207949
1780456763,110.839474
1780456763,110.845880
1780456763,112.027282
1780456763,108.440681
1780456763,110.567425
1780456763,111.900526
1780456763,106.121064
1780456763,106.386468
1780456763,107.271648
1780456763,108.337030
1780456763,108.977536
1780456763,109.130470
1780456763,109.136351
1780456763,103.485923
1780456763,107.135316
1780456763,107.205753
1780456763,109.887101
1780456763,107.201571
1780456763,107.396870
1780456763,105.077913
1780456763,106.537758
1780456763,108.516811
1780456763,108.824089
1780456763,109.244308
1780456763,113.258001
1780456763,113.360472
1780456763,113.387056
1780456763,111.311494
1780456763,111.805768
1780456763,113.313321
1780456763,113.396995
1780456763,113.382698
1780456763,113.376006
1780456763,113.419592
1780456763,113.988992
1780456763,113.861285
1780456763,113.589876
1780456763,109.378424
1780456763,111.473677
1780456763,114.302852
1780456763,117.350748
1780456763,112.342997
1780456763,112.332651
1780456763,115.020039
1780456763,114.896018
1780456763,117.853228
1780456763,116.628859
1780456763,115.006996
1780456763,116.541832
1780456763,115.372480
1780456763,118.345060
1780456763,106.230316
1780456763,106.733644
1780456763,106.081371
1780456763,107.925211
1780456763,106.577996
1780456763,106.485762
1780456763,108.973811
1780456763,116.527807
1780456763,114.238739
1780456763,118.063632
1780456763,114.725605
1780456763,115.300987
1780456763,115.697743
1780456763,107.526331
1780456763,106.293513
1780456763,107.991668
1780456763,107.400676
1780456763,119.622941
1780456763,108.163306
1780456763,108.387368
1780456763,108.393081
1780456763,119.021082
1780456763,119.972915
1780456763,102.666006
1780456763,102.871772
1780456763,115.076112
1780456763,113.441923
1780456763,115.147122
1780456763,113.664959
1780456763,114.824739
1780456763,115.114603
1780456763,115.541772
1780456763,102.961482
1780456763,126.806000
1780456763,105.326657
1780456763,103.423775
1780456763,106.586326
1780456763,104.361975
1780456763,118.984468
1780456763,120.223355
1780456763,107.323728
1780456763,120.662402
1780456763,121.356318
1780456763,121.178002
1780456763,127.004997
1780456763,126.969418
1780456763,105.946173
1780456763,105.944464
1780456763,104.288990
1780456763,103.742285
1780456763,104.995514
1780456763,107.014954
1780456763,105.691332
1780456763,105.013538
1780456763,105.546079
1780456763,102.693709
1780456763,108.178969
1780456763,104.384582
1780456763,102.049230
1780456763,102.639532
1780456763,103.280649
1780456763,103.464952
1780456763,103.809925
1780456763,104.015247
1780456763,103.851016
1780456763,104.092618
1780456763,104.604483
1780456763,104.610604
1780456763,104.718552
1780456763,105.220384
1780456763,105.432760
1780456763,105.118879
1780456763,104.470261
1780456763,104.680548
1780456763,103.603037
1780456763,105.852345
1780456763,105.638122
1780456763,105.961845
1780456763,106.071948
1780456763,106.850874
1780456763,105.947283
1780456763,106.221839
1780456763,104.124674
1780456763,103.465489
1780456763,105.803226
1780456763,106.119745
1780456763,103.526486
1780456763,103.516327
1780456763,106.473062
1780456763,106.390562
1780456763,106.939656
1780456763,106.520717
1780456763,105.247449
1780456763,107.359816
1780456763,102.461481
1780456763,102.981946
1780456763,103.972262
1780456763,104.308377
1780456763,109.709421
1780456763,110.745914
1780456763,110.063241
1780456763,110.722230
1780456763,107.547871
1780456763,111.474289
1780456763,103.990799
1780456763,104.890658
1780456763,104.163349
1780456763,107.720625
1780456763,109.723432
1780456763,107.684899
1780456763,109.928007
1780456763,110.337155
1780456763,107.770923
1780456763,110.752442
1780456763,107.670530
1780456763,107.972067
1780456763,106.202126
1780456763,108.707306
1780456763,108.170555
1780456763,111.236743
1780456763,108.922698
1780456763,111.803833
1780456763,112.466956
1780456763,112.105477
1780456763,114.328004
1780456763,114.195381
1780456763,112.041847
1780456763,108.302272
1780456763,106.836398
1780456763,106.692492
1780456763,108.481340
1780456763,106.890581
1780456763,108.585021
1780456763,105.144001
1780456763,105.226647
1780456763,104.999559
1780456763,105.001988
1780456763,105.000118
1780456763,105.200371
1780456763,110.548596
1780456763,105.736493
1780456763,106.434954
1780456763,107.259861
1780456763,105.923512
1780456763,106.830842
1780456763,106.041568
1780456763,107.858179
1780456763,102.969450
1780456763,104.244518
1780456763,102.894160
1780456763,104.637839
1780456763,104.267966
1780456763,104.337525
1780456763,104.808685
1780456763,103.123135
1780456763,105.843018
1780456763,107.654221
1780456763,104.602474
1780456763,105.909872
1780456763,106.131992
1780456763,105.927051
1780456763,108.479562
1780456763,103.435394
1780456763,101.992880
1780456763,103.551300
1780456763,103.342131
1780456763,103.333318
1780456763,103.510708
1780456763,103.577436
1780456763,103.475337
1780456763,103.725048
1780456763,103.624444
1780456763,103.045833
1780456763,103.131201
1780456763,103.432970
1780456763,103.761472
1780456763,103.577741
1780456763,103.587962
1780456763,103.280425
1780456763,103.349601
1780456763,102.634355
1780456763,104.008627
1780456763,102.536635
1780456763,102.855764
1780456763,103.646257
1780456763,102.731404
1780456763,102.552818
1780456763,103.724073
1780456763,102.925864
1780456763,103.646827
1780456763,102.851119
1780456763,104.455371
1780456763,104.232274
1780456763,104.426409
1780456763,104.532683
1780456763,104.663924
1780456763,103.086148
1780456763,104.463409
1780456763,103.698882
1780456763,102.490577
1780456763,104.443922
1780456763,102.828627
1780456763,104.632577
1780456763,104.862088
1780456763,103.981211
1780456763,105.931921
1780456763,104.108415
1780456763,105.024944
1780456763,104.675227
1780456763,105.215038
1780456763,106.344155
1780456763,103.009429
1780456763,106.318136
1780456763,102.786591
1780456763,103.160890
1780456763,105.387408
1780456763,105.608278
1780456763,105.780578
1780456763,103.630800
1780456763,107.044873
1780456763,103.217628
1780456763,103.637621
1780456763,106.965837
1780456763,107.211040
1780456763,105.819475
1780456763,105.680751
1780456763,106.305549
1780456763,105.968322
1780456763,106.247482
1780456763,107.593122
1780456763,106.566948
1780456763,107.796884
1780456763,106.329122
1780456763,106.135326
1780456763,107.716858
1780456763,104.306025
1780456763,104.534201
1780456763,107.636983
1780456763,107.811160
1780456763,107.611924
1780456763,104.939864
1780456763,104.919968
1780456763,107.569466
1780456763,104.963228
1780456763,103.497524
1780456763,107.567468
1780456763,106.487046
1780456763,105.540684
1780456763,105.345883
1780456763,106.542479
1780456763,106.851112
1780456763,105.071031
1780456763,106.562230
1780456763,104.989257
1780456763,104.323248
1780456763,107.290406
1780456763,106.896652
1780456763,107.087278
1780456763,107.043026
1780456763,107.283516
1780456763,106.703328
1780456763,108.505344
1780456763,106.839560
1780456763,108.544543
1780456763,108.628752
1780456763,107.993700
1780456763,107.830594
1780456763,107.743649
1780456763,107.679518
1780456763,108.879006
1780456763,105.964380
1780456763,108.226441
1780456763,107.798252
1780456763,108.422706
1780456763,106.217291
1780456763,110.953870
1780456763,109.123850
1780456763,111.527661
1780456763,112.464812
1780456763,111.500164
1780456763,112.756169
1780456763,112.664998
1780456763,111.341226
1780456763,112.370572
1780456763,111.942577
1780456763,106.110974
1780456763,109.401842
1780456763,106.066360
1780456763,105.638555
1780456763,103.847911
1780456763,105.997790
1780456763,113.888241
1780456763,114.785287
1780456763,103.816759
1780456763,115.609531
1780456763,115.675187
1780456763,114.712502
1780456763,114.793726
1780456763,113.047922
1780456763,115.349705
1780456763,110.160047
1780456763,114.591203
1780456763,117.249831
1780456763,117.512705
1780456763,112.288080
1780456763,110.775384
1780456763,115.647691
1780456763,116.426129
1780456763,116.788678
1780456763,108.027121
1780456763,112.399575
1780456763,115.784495
1780456763,107.517915
1780456763,107.473771
1780456763,115.965091
1780456763,109.510241
1780456763,109.281412
1780456763,104.631975
1780456763,113.452594
1780456763,104.390797
1780456763,113.567317
1780456763,109.442773
1780456763,104.530131
1780456763,108.239980
1780456763,109.666976
1780456763,104.823685
1780456763,108.087396
1780456763,113.683727
1780456763,107.019357
1780456763,112.480928
1780456763,111.182337
1780456763,108.593682
1780456763,109.920290
1780456763,111.594625
1780456763,123.520707
1780456763,106.958990
1780456763,112.243133
1780456763,112.821770
1780456763,121.647903
1780456763,122.486833
1780456763,110.881223
1780456763,113.020963
1780456763,112.625448
1780456763,114.368204
1780456763,120.352596
1780456763,114.380542
1780456763,113.257055
1780456763,113.958917
1780456763,121.837540
1780456763,121.397241
1780456763,121.979992
1780456763,112.024499
1780456763,110.595850
1780456763,118.584818
1780456763,118.712824
1780456763,120.398784
1780456763,112.862866
1780456763,111.088220
1780456763,110.985382
1780456763,119.297978
1780456763,115.155083
1780456763,114.176260
1780456763,114.980544
1780456763,115.853762
1780456763,112.598124
1780456763,115.929518
1780456763,116.327426
1780456763,116.618911
1780456763,116.711172
1780456763,119.045032
1780456763,116.875085
1780456763,115.717397
1780456763,120.745338
1780456763,109.936461
1780456763,114.134693
1780456763,117.849683
1780456763,113.249810
1780456763,115.300178
1780456763,117.909374
1780456763,118.811613
1780456763,116.062644
1780456763,119.552383
1780456763,120.815554
1780456763,116.502185
1780456763,112.814070
1780456763,117.493601
1780456763,117.316062
1780456763,125.523184
1780456763,115.615919
1780456763,116.330509
1780456763,116.761155
1780456763,116.098170
1780456763,116.056475
1780456763,117.103258
1780456763,116.217282
1780456763,117.469212
1780456763,114.636378
1780456763,115.434078
1780456763,116.197366
1780456763,115.968215
1780456763,116.578081
1780456763,117.968869
1780456763,116.148130
1780456763,117.940889
1780456763,116.855315
1780456763,117.430911
1780456763,117.212506
1780456763,117.214941
1780456763,114.882694
1780456763,115.460524
1780456763,114.921983
1780456763,116.980843
1780456763,117.039416
1780456763,112.411056
1780456763,117.363962
1780456763,115.956592
1780456763,115.182943
1780456763,114.075456
1780456763,115.082183
1780456763,115.189224
1780456763,113.048903
1780456763,117.163336
1780456763,116.912923
1780456763,117.068504
1780456763,111.735420
1780456763,112.974331
1780456763,117.186411
1780456763,113.671757
1780456763,114.016988
1780456763,120.564977
1780456763,121.590627
1780456763,124.774834
1780456763,120.285099
1780456763,125.400428
1780456763,121.069866
1780456763,121.467124
1780456763,121.270374
1780456763,124.863542
1780456763,121.625182
1780456763,121.491023
1780456763,125.373137
1780456763,125.082033
1780456763,121.853231
1780456763,123.141595
1780456763,121.857393
1780456763,120.777228
1780456763,119.234993
1780456763,121.310169
1780456763,122.187676
1780456763,121.399266
1780456763,120.603097
1780456763,121.618953
1780456763,120.566326
1780456763,121.358458
1780456763,121.064077
1780456763,123.324724
1780456763,121.152352
1780456763,121.492650
1780456763,121.974809
1780456763,123.682542
1780456763,119.470729
1780456763,121.383726
1780456763,119.933946
1780456763,121.863663
1780456763,122.397767
1780456763,116.027684
1780456763,118.998760
1780456763,121.630927
1780456763,121.362154
1780456763,117.062959
1780456763,114.857770
1780456763,118.103408
1780456763,115.274950
1780456763,115.495013
1780456763,118.732771
1780456763,122.528628
1780456763,118.499058
1780456763,118.178840
1780456763,123.060053
1780456763,119.193219
1780456763,119.374861
1780456763,116.008510
1780456763,115.904256
1780456763,119.806367
1780456763,118.392378
1780456763,119.420656
1780456763,114.291815
1780456763,113.100679
1780456763,119.745352
1780456763,115.827794
1780456763,113.879742
1780456763,121.180518
1780456763,114.494831
1780456763,117.985060
1780456763,119.021961
1780456763,119.259708
1780456763,119.955789
1780456763,115.793585
1780456763,119.340010
1780456763,120.276668
1780456763,115.948830
1780456763,123.972071
1780456763,116.064035
1780456763,124.221197
1780456763,116.888995
1780456763,116.234927
1780456763,124.717902
1780456763,124.376567
1780456763,119.331763
1780456763,124.360771
1780456763,112.429846
1780456763,115.013409
1780456763,106.604403
1780456763,111.939956
1780456763,114.814236
1780456763,109.342411
1780456763,115.032813
1780456763,115.322622
1780456763,109.702059
1780456763,113.989534
1780456763,116.945310
1780456763,117.528218
1780456763,125.341634
1780456763,127.926429
1780456763,124.084736
1780456763,127.014178
1780456763,120.136529
1780456763,119.697991
1780456763,127.171397
1780456763,120.250781
1780456763,117.127031
1780456763,117.868790
1780456763,111.957327
1780456763,112.174131
1780456763,119.166030
1780456763,112.354046
1780456763,112.629329
1780456763,121.894979
1780456763,114.686119
1780456763,121.672052
1780456763,115.954675
1780456763,125.264355
1780456763,121.856801
1780456763,111.963704
1780456763,118.240402
1780456763,121.429910
1780456763,114.357799
1780456763,112.215598
1780456763,121.999341
1780456763,112.380041
1780456763,119.329307
1780456763,125.254613
1780456763,115.087056
1780456763,117.257251
1780456763,107.591627
1780456763,113.091823
1780456763,122.172158
1780456763,107.201323
1780456763,121.813418
1780456763,112.728958
1780456763,121.050519
1780456763,111.519191
1780456763,121.308066
1780456763,111.427357
1780456763,111.884553
1780456763,111.780919
1780456763,113.815634
1780456763,111.800979
1780456763,110.728781
1780456763,114.030583
1780456763,109.917263
1780456763,115.231094
1780456763,114.647217
1780456763,110.173649
1780456763,106.959161
1780456763,127.085121
1780456763,115.533659
1780456763,126.867180
1780456763,113.650374
1780456763,126.838045
1780456763,113.080827
1780456763,108.728074
1780456763,124.314848
1780456763,109.673112
1780456763,113.899026
1780456763,128.718389
1780456763,124.119909
1780456763,124.197676
1780456763,124.386320
1780456763,124.294718
1780456763,127.390691
1780456763,122.427332
1780456763,126.614171
1780456763,126.842597
1780456763,109.015310
1780456763,124.440130
1780456763,110.239296
1780456763,126.995326
1780456763,126.761535
1780456763,127.071876
1780456763,107.579783
1780456763,126.869733
1780456763,125.237230
1780456763,129.407293
1780456763,125.506895
1780456763,127.212712
1780456763,124.017113
1780456763,121.466569
1780456763,110.216182
1780456763,122.160693
1780456763,109.148338
1780456763,111.171599
1780456763,107.782991
1780456763,106.633221
1780456763,111.312214
1780456763,118.228435
1780456763,124.142822
1780456763,122.846140
1780456763,106.362216
1780456763,124.138852
1780456763,124.544019
1780456763,124.202411
1780456763,108.283649
1780456763,123.704256
1780456763,112.431593
1780456763,131.729561
1780456763,108.558874
1780456763,124.000728
1780456763,114.384303
1780456763,108.566327
1780456763,122.745938
1780456763,125.130434
1780456763,121.667178
1780456763,124.971857
1780456763,119.762110
1780456763,118.911391
1780456763,127.689208
1780456763,119.413293
1780456763,121.818218
1780456763,125.510066
1780456763,125.177418
1780456763,123.393828
1780456763,119.202986
1780456763,125.085836
1780456763,113.123325
1780456763,115.228944
1780456763,119.095912
1780456763,125.570434
1780456763,123.401143
1780456763,117.801215
1780456763,123.602186
1780456763,118.528953
1780456763,123.514973
1780456763,118.468139
1780456763,109.402276
1780456763,119.215299
1780456763,118.849413
1780456763,119.094989
1780456763,121.719420
1780456763,120.201261
1780456763,120.524781
1780456763,119.604554
1780456763,127.484384
1780456763,119.422493
1780456763,122.747201
1780456763,127.265377
1780456763,112.059294
1780456763,123.131779
1780456763,120.657643
1780456763,119.777861
1780456763,122.959624
1780456763,107.907706
1780456763,107.652916
1780456763,124.354982
1780456763,124.548516
1780456763,120.237964
1780456763,130.528786
1780456763,110.535005
1780456763,122.936626
1780456763,121.534726
1780456763,106.890503
1780456763,114.946030
1780456763,130.007507
1780456763,121.298615
1780456763,122.080231
1780456763,123.107180
1780456763,124.710285
1780456763,121.915814
1780456763,122.701352
1780456763,124.592555
1780456763,119.972938
1780456763,123.087211
1780456763,121.483297
1780456763,120.868615
1780456763,121.171616
1780456763,121.939126
1780456763,131.931109
1780456763,121.414567
1780456763,109.620926
1780456763,115.158444
1780456763,110.489362
1780456763,108.776994
1780456763,112.289644
1780456763,110.500581
1780456763,113.140285
1780456763,118.979734
1780456763,109.770825
1780456763,122.669721
1780456763,125.160798
1780456763,120.154014
1780456763,121.693211
1780456763,110.940820
1780456763,108.862627
1780456763,120.569340
1780456763,109.190509
1780456763,107.593410
1780456763,109.978685
1780456763,126.152017
1780456763,115.171000
1780456763,106.089733
1780456763,115.190993
1780456763,115.602161
1780456763,109.707091
1780456763,126.205670
1780456763,108.572554
1780456763,108.370629
1780456763,121.594098
1780456763,123.140693
1780456763,115.232181
1780456763,108.840396
1780456763,107.581033
1780456763,115.953800
1780456763,115.411489
1780456763,109.196521
1780456763,106.711266
1780456763,109.276612
1780456763,115.663697
1780456763,120.970126
1780456763,119.694491
1780456763,116.710766
1780456763,115.568622
1780456763,121.636707
1780456763,115.361735
1780456763,122.353020
1780456763,115.256767
1780456763,107.744795
1780456763,116.865455
1780456763,122.120392
1780456763,116.000485
1780456763,121.407215
1780456763,114.567820
1780456763,105.229936
1780456763,116.321637
1780456763,107.230814
1780456763,110.004591
1780456763,129.878155
1780456763,122.897548
1780456763,104.804335
1780456763,114.035179
1780456763,128.501285
1780456763,106.117926
1780456763,108.289978
1780456763,115.640656
1780456763,106.222004
1780456763,128.771333
1780456763,129.210381
1780456763,105.501685
1780456763,105.526118
1780456763,125.636507
1780456763,119.684296
1780456763,115.588084
1780456763,119.740525
1780456763,128.652317
1780456763,126.027942
1780456763,104.826280
1780456763,119.857568
1780456763,115.666304
1780456763,113.205751
1780456763,105.320594
1780456763,128.632425
1780456763,126.361845
1780456763,104.411063
1780456763,115.814163
1780456763,104.009136
1780456763,113.438640
1780456763,126.969204
1780456763,116.163021
1780456763,120.784400
1780456763,127.072663
1780456763,107.882664
1780456763,104.687979
1780456763,115.807995
1780456763,107.657918
1780456763,107.806551
1780456763,116.645286
1780456763,106.406406
1780456763,115.757155
1780456763,114.382967
1780456763,107.595311
1780456763,127.122695
1780456763,116.705232
1780456763,114.397867
1780456763,105.146516
1780456763,127.130633
1780456763,105.132241
1780456763,104.872907
1780456763,104.895586
1780456763,116.874647
1780456763,127.213743
1780456763,104.753231
1780456763,127.246357
1780456763,115.504277
1780456763,122.068043
1780456763,127.509602
1780456763,121.832325
1780456763,114.642712
1780456763,122.278738
1780456763,113.629997
1780456763,115.352075
1780456763,116.068139
1780456763,103.162630
1780456763,114.006109
1780456763,122.519966
1780456763,115.409464
1780456763,105.399510
1780456763,116.159569
1780456763,128.214410
1780456763,115.180750
1780456763,105.417081
1780456763,115.381161
1780456763,115.296992
1780456763,114.844831
1780456763,123.058829
1780456763,114.398166
1780456763,114.972481
1780456763,113.466037
1780456763,114.535827
1780456763,105.860719
1780456763,122.534782
1780456763,128.995337
1780456763,114.793291
1780456763,129.019520
1780456763,104.998105
1780456763,115.478012
1780456763,121.887347
1780456763,115.175961
1780456763,128.303249
1780456763,128.697675
1780456763,127.290125
1780456763,122.298305
1780456763,113.936095
1780456763,112.892319
1780456763,122.383979
1780456763,114.850345
1780456763,130.228070
1780456763,112.648434
1780456763,114.585486
1780456763,108.182687
1780456763,113.177934
1780456763,122.885411
1780456763,129.753023
1780456763,108.561362
1780456763,129.947839
1780456763,122.517678
1780456763,129.837553
1780456763,128.474631
1780456763,128.880238
1780456763,127.342418
1780456763,109.205551
1780456763,129.081385
1780456763,127.257350
1780456763,123.199984
1780456763,122.989509
1780456763,129.509427
1780456763,114.925900
1780456763,123.334151
1780456763,130.020873
1780456763,111.316835
1780456763,128.498009
1780456763,115.777563
1780456763,108.726177
1780456763,115.776987
1780456763,108.559317
1780456763,115.379339
1780456763,123.661182
1780456763,130.648953
1780456763,129.041414
1780456763,129.265492
1780456763,113.398311
1780456763,113.745418
1780456763,115.497307
1780456763,112.800908
1780456763,121.352630
1780456763,109.481453
1780456763,112.999741
1780456763,114.764123
1780456763,128.889668
1780456763,109.780099
1780456763,113.332224
1780456763,112.496745
1780456763,110.976336
1780456763,129.805134
1780456763,128.509863
1780456763,128.345661
1780456763,128.007069
1780456763,128.286195
1780456763,112.070750
1780456763,112.027361
1780456763,107.638929
1780456763,111.720057
1780456763,107.435079
1780456763,112.047209
1780456763,107.757503
1780456763,107.057861
1780456763,107.563123
1780456763,107.181137
1780456763,112.905930
1780456763,112.882946
1780456763,112.211813
1780456763,112.423222
1780456763,130.512418
1780456763,130.264193
1780456763,116.566094
1780456763,113.597625
1780456763,115.968512
1780456763,116.013966
1780456763,130.328680
1780456763,125.813058
1780456763,115.172613
1780456763,121.376082
1780456763,109.963720
1780456763,121.643829
1780456763,110.183920
1780456763,110.662629
1780456763,115.052548
1780456763,117.645014
1780456763,117.973102
1780456763,121.873346
1780456763,120.267031
1780456763,108.298135
1780456763,116.873970
1780456763,114.415678
1780456763,110.606536
1780456763,110.091325
1780456763,109.843075
1780456763,115.758983
1780456763,117.055329
1780456763,110.236776
1780456763,113.725260
1780456763,115.417694
1780456763,130.581185
1780456763,115.699032
1780456763,118.710225
1780456763,125.265847
1780456763,118.762004
1780456763,114.893153
1780456763,113.748470
1780456763,130.142491
1780456763,124.004959
1780456763,130.352626
1780456763,124.124535
1780456763,114.502283
1780456763,116.721170
1780456763,114.621691
1780456763,111.255621
1780456763,131.708577
1780456763,121.843174
1780456763,119.132128
1780456763,120.928695
1780456763,123.067690
1780456763,114.806139
1780456763,112.826681
1780456763,117.633186
1780456763,120.140603
1780456763,115.545451
1780456763,111.691331
1780456763,118.826440
1780456763,129.629679
1780456763,110.382953
1780456763,118.707652
1780456763,110.037120
1780456763,110.920788
1780456763,109.801392
1780456763,111.038117
1780456763,118.951072
1780456763,109.859690
1780456763,117.658891
1780456763,136.293974
1780456763,116.686571
1780456763,136.591881
1780456763,123.972177
1780456763,128.914248
1780456763,114.366913
1780456763,113.815370
1780456763,115.616781
1780456763,115.805962
1780456763,115.918081
1780456763,115.506950
1780456763,112.406219
1780456763,128.314719
1780456763,121.898821
1780456763,115.630015
1780456763,116.632253
1780456763,122.027629
1780456763,125.700489
1780456763,125.490552
1780456763,122.234853
1780456763,125.810445
1780456763,122.637223
1780456763,132.958417
1780456763,124.092317
1780456763,137.141768
1780456763,123.952196
1780456763,118.897112
1780456763,123.403621
1780456763,118.107318
1780456763,115.954892
1780456763,119.262984
1780456763,136.770839
1780456763,121.083665
1780456763,136.117596
1780456763,130.888870
1780456763,118.664502
1780456763,119.730631
1780456763,114.591394
1780456763,114.510827
1780456763,118.378854
1780456763,136.074886
1780456763,114.635563
1780456763,115.438008
1780456763,109.580246
1780456763,114.096723
1780456763,113.514319
1780456763,114.220427
1780456763,135.806217
1780456763,119.375025
1780456763,120.372597
1780456763,118.795508
1780456763,111.221028
1780456763,129.968634
1780456763,131.148377
1780456763,110.866067
1780456763,111.220840
1780456763,109.756346
1780456763,110.318811
1780456763,110.026438
1780456763,124.284042
1780456763,119.720575
1780456763,119.558619
1780456763,120.766688
1780456763,122.318142
1780456763,119.583645
1780456763,124.126056
1780456763,109.328329
1780456763,119.746592
1780456763,133.063258
1780456763,123.840925
1780456763,124.401706
1780456763,133.266764
1780456763,124.236833
1780456763,130.330098
1780456763,120.381196
1780456763,123.833464
1780456763,123.494806
1780456763,124.277383
1780456763,123.792653
1780456763,123.939407
1780456763,118.790365
1780456763,124.647534
1780456763,123.094947
1780456763,123.009861
1780456763,125.002923
1780456763,118.439300
1780456763,128.132028
1780456763,118.827386
1780456763,112.437576
1780456763,124.116710
1780456763,112.652065
1780456763,122.556768
1780456763,123.685238
1780456763,120.951223
1780456763,116.716423
1780456763,118.868014
1780456763,124.151779
1780456763,121.164399
1780456763,118.942132
1780456763,121.088893
1780456763,116.968219
1780456763,122.880872
1780456763,115.858002
1780456763,122.169524
1780456763,118.910928
1780456763,122.976745
1780456763,121.140387
1780456763,131.207212
1780456763,111.888060
1780456763,122.830025
1780456763,112.623595
1780456763,122.772421
1780456763,122.532004
1780456763,122.904845
1780456763,110.377596
1780456763,124.954525
1780456763,111.016263
1780456763,117.046743
1780456763,105.858935
1780456763,113.293480
1780456763,122.954467
1780456763,116.816798
1780456763,113.234179
1780456763,116.767982
1780456763,131.194859
1780456763,113.507851
1780456763,133.987841
1780456763,116.893642
1780456763,105.159227
1780456763,131.731405
1780456763,106.826555
1780456763,106.910822
1780456763,130.130921
1780456763,117.734154
1780456763,117.515753
1780456763,106.165243
1780456763,117.620130
1780456763,121.602485
1780456763,106.472066
1780456763,117.917807
1780456763,121.762746
1780456763,105.986338
1780456763,117.412675
1780456763,105.922189
1780456763,117.602571
1780456763,121.378677
1780456763,106.726583
1780456763,106.062871
1780456763,106.513686
1780456763,117.927779
1780456763,107.334774
1780456763,118.089621
1780456763,106.378482
1780456763,117.070285
1780456763,105.550384
1780456763,119.907235
1780456763,117.497013
1780456763,120.191719
1780456763,126.957488
1780456763,127.709763
1780456763,127.818590
1780456763,129.677094
1780456763,129.535630
1780456763,119.507897
1780456763,127.759965
1780456763,129.257187
1780456763,108.600707
1780456763,108.551040
1780456763,124.206078
1780456763,130.192018
1780456763,128.173054
1780456763,118.193209
1780456763,117.551571
1780456763,125.918518
1780456763,127.835169
1780456763,118.586121
1780456763,117.651219
1780456763,106.838125
1780456763,106.558428
1780456763,106.934439
1780456763,127.613663
1780456763,115.442909
1780456763,128.621619
1780456763,118.850980
1780456763,116.403419
1780456763,107.155070
1780456763,116.452394
1780456763,107.336261
1780456763,116.453471
1780456763,119.760189
1780456763,119.929858
1780456763,114.856215
1780456763,120.097132
1780456763,119.112515
1780456763,114.512425
1780456763,113.966291
1780456763,113.995669
1780456763,113.246273
1780456763,113.654816
1780456763,114.553299
1780456763,120.593829
1780456763,113.837381
1780456763,120.681145
1780456763,120.895641
1780456763,120.365531
1780456763,113.988083
1780456763,118.500156
1780456763,119.416776
1780456763,117.788538
1780456763,114.143346
1780456763,114.151378
1780456763,112.723459
1780456763,112.838738
1780456763,114.208227
1780456763,112.856947
1780456763,117.963022
1780456763,121.174259
1780456763,116.119224
1780456763,114.016484
1780456763,107.393183
1780456763,117.895123
1780456763,115.308115
1780456763,117.974980
1780456763,116.018522
1780456763,115.963007
1780456763,110.516763
1780456763,105.603867
1780456763,116.218006
1780456763,107.883552
1780456763,115.402189
1780456763,114.040892
1780456763,116.342859
1780456763,116.203060
1780456763,114.149361
1780456763,106.629445
1780456763,106.889948
1780456763,107.035639
1780456763,116.510148
1780456763,107.213250
1780456763,141.622776
1780456763,140.519885
1780456763,104.394521
1780456763,140.781479
1780456763,140.785418
1780456763,104.329956
1780456763,136.715565
1780456763,137.485401
1780456763,104.950135
1780456763,104.923852
1780456763,105.539278
1780456763,139.996725
1780456763,141.734167
1780456763,106.043899
1780456763,140.073844
1780456763,106.227227
1780456763,139.145402
1780456763,139.731088
1780456763,139.064031
1780456763,139.318574
1780456763,139.719037
1780456763,107.234082
1780456763,139.431810
1780456763,104.314052
1780456763,108.321159
1780456763,141.590801
1780456763,143.025407
1780456763,139.306353
1780456763,140.223959
1780456763,140.605119
1780456763,141.318938
1780456763,140.888296
1780456763,141.692419
1780456763,104.786256
1780456763,141.764665
1780456763,137.509382
1780456763,104.694352
1780456763,136.463265
1780456763,136.467874
1780456763,133.363368
1780456763,133.920611
1780456763,136.973090
1780456763,136.852201
1780456763,136.142431
1780456763,133.736218
1780456763,133.702489
1780456763,135.055921
1780456763,104.033473
1780456763,107.707704
1780456763,132.331875
1780456763,103.772192
1780456763,134.426167
1780456763,132.325667
1780456763,104.182989
1780456763,132.238091
1780456763,103.971248
1780456763,132.368753
1780456763,104.432121
1780456763,132.288426
1780456763,131.126037
1780456763,129.580564
1780456763,103.799283
1780456763,104.161702
1780456763,104.116405
1780456763,107.704658
1780456763,131.948829
1780456763,105.258251
1780456763,108.748021
1780456763,131.813774
1780456763,108.453380
1780456763,130.062088
1780456763,109.078301
1780456763,126.930697
1780456763,120.055691
1780456763,110.119069
1780456763,119.258500
1780456763,110.137771
1780456763,119.575077
1780456763,110.190267
1780456763,107.450408
1780456763,129.845565
1780456763,111.661460
1780456763,126.955164
1780456763,108.946391
1780456763,126.055242
1780456763,125.104508
1780456763,123.077378
1780456763,110.350275
1780456763,123.111114
1780456763,115.508999
1780456763,112.358526
1780456763,111.826764
1780456763,112.099506
1780456763,111.826983
1780456763,112.092238
1780456763,115.836836
1780456763,125.804704
1780456763,125.837046
1780456763,112.962115
1780456763,125.830013
1780456763,125.771798
1780456763,114.361160
1780456763,114.487198
1780456763,114.686751
1780456763,112.034912
1780456763,112.285734
1780456763,112.193840
1780456763,112.445908
1780456763,109.786668
1780456763,112.945611
1780456763,109.848771
1780456763,112.740290
1780456763,112.205372
1780456763,112.347430
1780456763,112.609922
1780456763,112.821060
1780456763,130.067203
1780456763,112.354254
1780456763,119.228961
1780456763,119.398638
1780456763,119.721630
1780456763,119.645527
1780456763,120.020961
1780456763,119.867491
1780456763,120.141120
1780456763,120.553488
1780456763,120.308917
1780456763,120.568262
1780456763,128.049612
1780456763,128.447204
1780456763,129.536984
1780456763,128.521476
1780456763,115.643356
1780456763,128.683160
1780456763,115.707236
1780456763,128.646926
1780456763,115.624238
1780456763,115.738020
1780456763,116.134282
1780456763,115.579120
1780456763,116.041140
1780456763,115.705019
1780456763,116.312422
1780456763,119.982212
1780456763,115.851031
1780456763,115.989479
1780456763,130.624366
1780456763,130.822149
1780456763,131.126388
1780456763,110.766160
1780456763,113.228176
1780456763,110.817976
1780456763,113.127972
1780456763,103.361686
1780456763,106.696754
1780456763,104.776853
1780456763,105.181641
1780456763,134.161239
1780456763,134.599258
1780456763,134.775729
1780456763,105.402876
1780456763,107.264498
1780456763,105.712512
1780456763,124.685535
1780456763,124.780240
1780456763,124.812260
1780456763,124.894230
1780456763,124.969538
1780456763,117.457021
1780456763,124.925947
1780456763,123.893530
1780456763,117.399187
1780456763,124.484131
1780456763,124.528980
1780456763,111.046436
1780456763,116.526458
1780456763,111.002583
1780456763,116.922041
1780456763,115.619920
1780456763,130.181747
1780456763,119.156844
1780456763,120.967114
1780456763,119.248129
1780456763,111.403968
1780456763,119.375843
1780456763,146.990803
1780456763,106.691325
1780456763,130.581379
1780456763,106.751050
1780456763,111.562615
1780456763,111.963462
1780456763,106.785892
1780456763,115.374032
1780456763,121.238600
1780456763,118.945622
1780456763,121.353750
1780456763,121.400206
1780456763,130.923714
1780456763,131.230470
1780456763,110.073626
1780456763,140.774243
1780456763,140.107891
1780456763,139.908860
1780456763,140.224566
1780456763,136.976259
1780456763,110.950253
1780456763,117.119539
1780456763,117.425414
1780456763,151.018159
1780456763,113.176531
1780456763,109.956503
1780456763,135.467107
1780456763,138.305556
1780456763,137.726198
1780456763,138.372854
1780456763,123.398537
1780456763,138.351305
1780456763,151.166517
1780456763,151.153040
1780456763,151.114099
1780456763,138.268982
1780456763,114.967045
1780456763,114.748692
1780456763,116.928805
1780456763,105.210331
1780456763,130.101783
1780456763,128.730807
1780456763,128.799813
1780456763,125.219506
1780456763,115.395041
1780456763,125.264421
1780456763,109.648144
1780456763,125.366212
1780456763,125.427193
1780456763,109.653229
1780456763,109.521455
1780456763,125.358952
1780456763,109.611463
1780456763,120.673442
1780456763,111.595772
1780456763,111.701285
1780456763,111.871784
1780456763,111.766600
1780456763,111.833545
1780456763,113.419781
1780456763,105.892173
1780456763,114.093064
1780456763,114.998015
1780456763,113.921887
1780456763,114.231455
1780456763,112.165630
1780456763,114.019647
1780456763,112.929950
1780456763,114.400314
1780456763,113.341438
1780456763,107.444609
1780456763,116.052446
1780456763,116.009405
1780456763,111.986243
1780456763,119.621670
1780456763,113.690712
1780456763,119.753379
1780456763,115.486451
1780456763,116.208666
1780456763,115.526156
1780456763,125.959623
1780456763,112.323302
1780456763,118.831959
1780456763,120.226314
1780456763,113.603334
1780456763,107.466544
1780456763,113.289900
1780456763,119.966524
1780456763,120.552941
1780456763,120.679563
1780456763,118.428542
1780456763,119.240420
1780456763,128.784184
1780456763,137.681319
1780456763,127.421980
1780456763,128.396602
1780456763,139.884541
1780456763,139.744721
1780456763,116.047255
1780456763,120.830236
1780456763,120.821468
1780456763,120.895923
1780456763,117.829544
1780456763,132.091972
1780456763,136.164793
1780456763,120.828544
1780456763,132.558732
1780456763,120.836627
1780456763,138.240305
1780456763,120.819427
1780456763,128.881233
1780456763,131.492771
1780456763,125.029920
1780456763,126.283312
1780456763,123.785212
1780456763,126.066069
1780456763,123.950517
1780456763,126.594457
1780456763,128.696182
1780456763,124.461447
1780456763,125.970471
1780456763,128.762785
1780456763,128.914695
1780456763,125.453326
1780456763,123.348483
1780456763,119.344080
1780456763,115.004386
1780456763,120.901513
1780456763,115.034543
1780456763,123.417395
1780456763,134.166622
1780456763,126.887582
1780456763,135.505011
1780456763,123.997178
1780456763,120.194025
1780456763,133.942120
1780456763,120.374161
1780456763,129.007929
1780456763,128.004728
1780456763,140.537589
1780456763,131.585172
1780456763,123.606763
1780456763,130.236768
1780456763,141.071515
1780456763,132.437946
1780456763,129.654908
1780456763,140.220234
1780456763,142.682412
1780456763,141.269621
1780456763,141.794450
1780456763,141.997100
1780456763,151.859502
1780456763,151.958000
1780456763,153.920997
1780456763,122.458576
1780456763,122.945011
1780456763,122.773755
1780456763,123.244404
1780456763,124.273814
1780456763,125.498970
1780456763,129.733946
1780456763,132.022291
1780456763,132.521888
1780456763,136.878323
1780456763,133.538983
1780456763,134.561539
1780456763,142.760321
1780456763,135.587850
1780456763,129.321728
1780456763,129.630766
1780456763,126.627285
1780456763,128.445209
1780456763,132.454443
1780456763,106.525623
1780456763,111.008380
1780456763,111.143263
1780456763,107.263406
1780456763,135.295695
1780456763,135.842162
1780456763,116.403483
1780456763,126.428080
1780456763,135.759878
1780456763,135.147994
1780456763,136.785095
1780456763,137.991710
1780456763,137.514388
1780456763,139.195187
1780456763,140.159020
1780456763,140.265586
1780456763,142.790873
1780456763,135.971162
1780456763,143.717633
1780456763,160.881580
1780456763,143.602327
1780456763,148.756138
1780456763,161.669601
1780456763,141.321125
1780456763,139.498817
1780456763,139.943231
1780456763,121.027786
1780456763,121.489080
1780456763,122.814336
1780456763,142.976134
1780456763,147.753804
1780456763,144.064858
1780456763,124.176680
1780456763,145.611541
1780456763,145.974071
1780456763,146.121031
1780456763,146.019137
1780456763,147.278246
1780456763,135.321222
1780456763,135.595145
1780456763,124.356331
1780456763,139.029880
1780456763,142.109557
1780456763,141.132447
1780456763,138.018200
1780456763,143.099408
1780456763,146.571999
1780456763,141.653835
1780456763,147.012422
1780456763,150.186567
1780456763,137.577225
1780456763,140.339138
1780456763,141.244979
1780456763,141.389436
1780456763,143.085017
1780456763,144.324818
1780456763,149.881601
1780456763,164.370594
1780456763,157.558099
1780456763,157.401737
1780456763,164.693123
1780456763,155.848617
1780456763,168.203152
1780456763,156.008978
1780456763,168.490490
1780456763,156.206624
1780456763,168.684858
1780456763,156.355213
1780456763,169.851675
1780456763,158.447070
1780456763,158.616111
1780456763,158.668653
1780456763,165.848984
1780456763,166.726706
1780456763,158.945451
1780456763,166.204595
1780456763,167.542831
1780456763,167.399496
1780456763,167.694299
1780456763,163.363016
1780456763,169.790940
1780456763,168.010141
1780456763,164.242683
1780456763,164.324885
1780456763,174.369428
1780456763,164.103543
1780456763,164.429073
1780456763,177.057240
1780456763,165.327099
1780456763,171.251453
1780456763,165.563012
1780456763,147.803102
1780456763,153.107432
1780456763,173.202394
1780456763,155.048217
1780456763,168.878689
1780456763,152.932467
1780456763,173.604563
1780456763,155.092879
1780456763,175.328107
1780456763,158.261892
1780456763,158.714663
1780456763,159.676428
1780456763,172.641404
1780456763,168.843198
1780456763,173.023275
1780456763,169.113418
1780456763,178.674598
1780456763,169.879297
1780456763,138.611907
1780456763,181.078221
1780456763,164.165694
1780456763,127.096554
1780456763,143.810470
1780456763,183.610388
1780456763,156.673427
1780456763,188.093787
1780456763,156.820745
1780456763,162.649338
1780456763,188.427424
1780456763,164.072636
1780456763,167.155624
1780456763,166.948750
1780456763,167.529229
1780456763,167.536718
1780456763,190.071942
1780456763,138.730456
1780456763,151.980558
1780456763,153.129356
1780456763,153.521691
1780456763,155.732309
1780456763,155.798697
1780456763,152.659902
1780456763,166.912360
1780456763,169.402830
1780456763,159.861261
1780456763,160.684783
1780456763,161.931245
1780456763,162.039692
1780456763,162.252495
1780456763,165.801715
1780456763,162.566663
1780456763,166.862553
1780456763,169.506652
1780456763,167.799908
1780456763,171.339551
1780456763,162.468717
1780456763,163.928929
1780456763,165.951406
1780456763,166.132044
1780456763,166.280058
1780456763,167.927842
1780456763,169.430657
1780456763,168.192814
1780456763,169.104763
1780456763,167.011767
1780456763,170.246089
1780456763,169.488846
1780456763,172.078771
1780456763,172.531327
1780456763,173.623633
1780456763,172.318281
1780456763,183.632880
1780456763,174.379395
1780456763,188.877740
1780456763,148.729473
1780456763,147.075526
1780456763,148.953253
1780456763,165.570724
1780456763,165.359858
1780456763,167.413981
1780456763,169.684260
1780456763,154.492833
1780456763,168.350947
1780456763,173.518892
1780456763,174.441991
1780456763,157.843437
1780456763,154.476111
1780456763,147.079825
1780456763,155.211827
1780456763,158.202023
1780456763,152.052375
1780456763,150.706574
1780456763,153.166917
1780456763,149.140095
1780456763,152.082034
1780456763,151.660050
1780456763,142.538627
1780456763,161.770522
1780456763,152.805938
1780456763,177.264532
1780456763,128.673316
1780456763,164.029392
1780456763,164.120611
1780456763,154.797678
1780456763,164.751339
1780456763,165.105028
1780456763,165.685728
1780456763,179.208347
1780456763,155.770329
1780456763,181.663065
1780456763,166.268871
1780456763,155.419902
1780456763,182.932270
1780456763,153.809891
1780456763,183.025893
1780456763,183.391540
1780456763,168.441690
1780456763,183.723150
1780456763,171.484431
1780456763,171.599534
1780456763,172.119503
1780456763,157.742210
1780456763,157.758950
1780456763,158.016186
1780456763,162.437617
1780456763,166.519793
1780456763,166.984250
1780456763,143.103996
1780456763,163.948680
1780456763,142.782010
1780456763,147.328464
1780456763,144.724300
1780456763,160.455263
1780456763,149.340037
1780456763,149.612980
1780456763,149.091059
1780456763,193.739099
1780456763,205.327099
1780456763,201.434058
1780456763,159.688735
1780456763,173.155278
1780456763,160.322356
1780456763,160.728679
1780456763,160.903039
1780456763,203.003387
1780456763,167.602240
1780456763,172.266911
1780456763,210.393103
1780456763,203.729500
1780456763,164.776594
1780456763,172.981722
1780456763,162.408787
1780456763,162.763751
1780456763,174.025667
1780456763,213.410357
1780456763,194.712082
1780456763,186.659821
1780456763,155.959307
1780456763,157.118045
1780456763,175.275672
1780456763,158.726567
1780456763,157.612221
1780456763,158.312394
1780456763,159.579517
1780456763,147.666914
1780456763,147.740735
1780456763,148.080221
1780456763,151.575938
1780456763,181.553402
1780456763,150.115205
1780456763,182.055256
1780456763,154.654745
1780456763,172.137887
1780456763,161.643814
1780456763,161.124318
1780456763,160.200191
1780456763,160.442637
1780456763,174.853157
1780456763,161.023879
1780456763,162.409572
1780456763,192.141963
1780456763,154.111422
1780456763,178.808025
1780456763,170.671378
1780456763,183.518171
1780456763,180.922887
1780456763,170.021058
1780456763,174.230762
1780456763,181.546843
1780456763,197.327891
1780456763,171.908290
1780456763,184.992718
1780456763,185.297392
1780456763,176.355591
1780456763,199.909607
1780456763,177.119454
1780456763,173.933976
1780456763,187.231276
1780456763,202.085333
1780456763,187.858465
1780456763,179.024407
1780456763,202.662109
1780456763,159.365488
1780456763,189.945843
1780456763,167.918072
1780456763,203.892848
1780456763,163.030864
1780456763,204.126203
1780456763,163.333387
1780456763,192.035461
1780456763,193.684741
1780456763,192.203259
1780456763,189.627373
1780456763,179.946191
1780456763,180.104333
1780456763,179.915325
1780456763,192.043397
1780456763,180.432958
1780456763,204.436626
1780456763,198.152695
1780456763,206.708120
1780456763,189.515554
1780456763,205.717483
1780456763,210.697421
1780456763,190.073531
1780456763,210.601171
1780456763,190.186134
1780456763,190.432715
1780456763,190.522106
1780456763,205.922145
1780456763,212.026307
1780456763,192.146583
1780456763,211.588690
1780456763,211.736160
1780456763,211.901736
1780456763,212.121136
1780456763,178.811131
1780456763,194.738441
1780456763,178.916366
1780456763,194.678538
1780456763,195.917612
1780456763,200.787057
1780456763,170.362676
1780456763,172.084328
1780456763,168.232532
1780456763,168.202696
1780456763,156.797452
1780456763,168.368258
1780456763,158.535151
1780456763,158.383544
1780456763,183.130181
1780456763,180.778439
1780456763,206.584100
1780456763,184.474950
1780456763,184.551756
1780456763,208.534060
1780456763,184.664446
1780456763,205.026413
1780456763,166.711623
1780456763,166.905970
1780456763,186.069078
1780456763,158.156536
1780456763,167.497212
1780456763,186.682627
1780456763,186.070493
1780456763,187.448614
1780456763,175.380531
1780456763,183.550724
1780456763,162.922221
1780456763,160.878408
1780456763,180.139351
1780456763,162.046153
1780456763,173.746787
1780456763,169.444076
1780456763,177.913675
1780456763,159.282176
1780456763,190.140769
1780456763,174.227117
1780456763,160.962984
1780456763,186.535881
1780456763,186.832565
1780456763,167.836759
1780456763,191.174967
1780456763,169.866320
1780456763,176.604845
1780456763,172.338664
1780456763,170.915921
1780456763,177.015731
1780456763,173.180322
1780456763,179.160602
1780456763,193.622245
1780456763,183.893579
1780456763,183.928021
1780456763,184.272101
1780456763,179.058410
1780456763,200.542925
1780456763,179.416014
1780456763,177.362583
1780456763,179.221533
1780456763,179.133661
1780456763,180.049799
1780456763,180.043005
1780456763,184.495212
1780456763,180.582259
1780456763,184.876107
1780456763,183.710774
1780456763,183.818511
1780456763,185.183233
1780456763,184.238438
1780456763,185.706681
1780456763,184.387782
1780456763,184.592181
1780456763,184.213125
1780456763,184.880305
1780456763,184.547351
1780456763,185.248135
1780456763,185.499059
1780456763,184.690614
1780456763,186.580823
1780456763,186.822684
1780456763,185.179403
1780456763,187.059259
1780456763,187.420198
1780456763,187.113611
1780456763,186.661909
1780456763,182.723097
1780456763,179.990038
1780456763,183.056892
1780456763,186.558311
1780456763,187.469556
1780456763,188.071764
1780456763,210.181044
1780456763,187.014053
1780456763,210.374349
1780456763,215.582803
1780456763,213.440074
1780456763,202.527076
1780456763,185.581236
1780456763,190.015689
1780456763,190.389001
1780456763,191.001976
1780456763,191.806059
1780456763,191.445840
1780456763,191.318663
1780456763,191.588644
1780456763,186.514837
1780456763,192.137082
1780456763,192.367660
1780456763,181.609929
1780456763,200.399875
1780456763,188.478714
1780456763,203.749964
1780456763,194.245906
1780456763,194.140144
1780456763,188.845160
1780456763,190.927242
1780456763,204.755321
1780456763,196.161080
1780456763,175.068920
1780456763,194.509897
1780456763,176.472370
1780456763,189.716269
1780456763,207.541112
1780456763,190.071503
1780456763,174.969882
1780456763,208.036515
1780456763,183.036906
1780456763,178.305679
1780456763,189.129979
1780456763,176.585121
1780456763,198.276585
1780456763,185.731723
1780456763,192.140149
1780456763,195.168382
1780456763,178.324180
1780456763,192.717538
1780456763,182.561702
1780456763,197.749016
1780456763,195.719915
1780456763,181.423424
1780456763,208.765811
1780456763,182.016473
1780456763,209.416601
1780456763,186.018480
1780456763,208.060771
1780456763,211.827337
1780456763,210.352995
1780456763,184.666085
1780456763,197.320370
1780456763,211.235694
1780456763,210.798443
1780456763,222.409439
1780456763,187.748842
1780456763,212.528889
1780456763,189.853793
1780456763,200.018304
1780456763,189.999175
1780456763,217.167782
1780456763,201.331012
1780456763,201.371423
1780456763,200.341418
1780456763,202.001729
1780456763,201.035350
1780456763,203.428606
1780456763,198.830915
1780456763,201.674668
1780456763,201.882391
1780456763,201.623861
1780456763,166.492236
1780456763,169.107282
1780456763,166.745444
1780456763,199.439206
1780456763,169.832447
1780456763,203.365214
1780456763,171.104314
1780456763,163.907382
1780456763,174.607680
1780456763,171.682782
1780456763,179.476214
1780456763,204.450985
1780456763,208.608100
1780456763,184.385797
1780456763,204.652602
1780456763,197.109851
1780456763,209.863675
1780456763,175.439445
1780456763,208.404293
1780456763,199.029786
1780456763,179.805438
1780456763,209.293137
1780456763,211.197917
1780456763,186.303181
1780456763,210.006168
1780456763,186.649500
1780456763,203.221240
1780456763,189.722440
1780456763,212.035554
1780456763,195.033046
1780456763,210.634849
1780456763,212.478699
1780456763,187.535242
1780456763,212.312350
1780456763,199.417321
1780456763,214.023249
1780456763,214.221361
1780456763,203.606072
1780456763,211.411940
1780456763,213.095786
1780456763,213.476778
1780456763,213.122844
1780456763,214.135114
1780456763,224.529591
1780456763,197.234451
1780456763,224.873264
1780456763,205.749270
1780456763,229.520911
1780456763,206.049854
1780456763,212.656241
1780456763,179.174907
1780456763,209.077660
1780456763,172.459242
1780456763,214.383115
1780456763,213.077044
1780456763,211.827937
1780456763,213.185473
1780456763,179.593610
1780456763,188.393440
1780456763,216.758784
1780456763,213.139728
1780456763,189.150680
1780456763,213.314708
1780456763,191.918962
1780456763,214.921561
1780456763,202.477122
1780456763,193.499599
1780456763,215.378938
1780456763,193.858875
1780456763,217.381664
1780456763,193.318405
1780456763,216.709298
1780456763,201.232858
1780456763,218.447739
1780456763,195.352733
1780456763,203.467706
1780456763,216.723210
1780456763,219.005289
1780456763,213.795193
1780456763,238.015461
1780456763,238.340044
1780456763,217.495892
1780456763,204.012577
1780456763,218.206109
1780456763,218.946025
1780456763,219.452565
1780456763,219.751492
1780456763,199.387412
1780456763,219.873565
1780456763,214.291402
1780456763,220.421729
1780456763,214.640984
1780456763,200.071231
1780456763,220.256609
1780456763,220.580120
1780456763,220.148648
1780456763,230.785841
1780456763,204.149691
1780456763,222.009878
1780456763,212.415603
1780456763,221.592764
1780456763,217.454993
1780456763,217.582149
1780456763,213.494611
1780456763,201.249867
1780456763,204.342904
1780456763,201.274784
1780456763,204.860899
1780456763,204.580877
1780456763,205.081713
1780456763,214.229154
1780456763,214.235312
1780456763,208.648104
1780456763,214.625718
1780456763,209.021193
1780456763,214.988766
1780456763,215.322595
1780456763,209.478506
1780456763,207.222496
1780456763,209.754642
1780456763,215.687223
1780456763,211.079522
1780456763,208.455189
1780456763,210.010348
1780456763,215.882441
1780456763,203.074123
1780456763,216.417091
1780456763,194.237225
1780456763,205.411669
1780456763,216.920448
1780456763,213.330528
1780456763,213.490168
1780456763,206.875435
1780456763,213.720812
1780456763,207.749933
1780456763,217.338329
1780456763,216.940907
1780456763,209.538007
1780456763,185.314272
1780456763,192.341663
1780456763,192.304258
1780456763,172.952722
1780456763,173.043607
1780456763,200.084465
1780456763,187.900841
1780456763,219.901817
1780456763,220.000326
1780456763,209.678793
1780456763,203.783741
1780456763,202.223121
1780456763,160.278280
1780456763,185.630484
1780456763,183.089997
1780456763,205.603855
1780456763,207.216218
1780456763,166.112029
1780456763,208.234288
1780456763,207.414752
1780456763,177.534679
1780456763,190.352205
1780456763,177.784927
1780456763,187.104430
1780456763,178.897489
1780456763,207.566643
1780456763,198.934094
1780456763,204.461306
1780456763,199.526854
1780456763,212.001835
1780456763,199.127765
1780456763,163.935382
1780456763,208.070833
1780456763,208.431946
1780456763,199.823344
1780456763,208.582787
1780456763,170.601867
1780456763,208.614405
1780456763,186.414771
1780456763,208.693780
1780456763,190.677445
1780456763,202.355918
1780456763,163.856947
1780456763,208.892567
1780456763,163.718565
1780456763,207.530689
1780456763,153.927394
1780456763,216.938885
1780456763,195.998429
1780456763,198.184201
1780456763,218.150217
1780456763,208.977580
1780456763,171.855473
1780456763,160.565087
1780456763,211.278588
1780456763,209.362398
1780456763,198.580194
1780456763,214.533120
1780456763,198.430889
1780456763,173.450556
1780456763,158.277151
1780456763,158.457376
1780456763,218.473660
1780456763,198.291827
1780456763,170.388591
1780456763,161.980561
1780456763,216.096140
1780456763,160.433272
1780456763,180.843271
1780456763,166.822165
1780456763,219.796356
1780456763,187.790378
1780456763,180.981498
1780456763,160.818104
1780456763,220.189250
1780456763,200.027179
1780456763,203.578987
1780456763,188.085927
1780456763,163.592509
1780456763,181.158867
1780456763,171.215525
1780456763,208.661183
1780456763,199.999656
1780456763,174.287812
1780456763,178.443218
1780456763,192.737358
1780456763,206.925306
1780456763,194.021978
1780456763,189.913885
1780456763,207.146338
1780456763,182.962148
1780456763,162.828743
1780456763,183.396004
1780456763,197.601809
1780456763,162.740753
1780456763,200.903211
1780456763,200.579771
1780456763,197.698538
1780456763,200.899259
1780456763,200.541863
1780456763,208.624567
1780456763,193.086345
1780456763,210.128006
1780456763,187.587673
1780456763,194.379377
1780456763,164.894008
1780456763,209.999483
1780456763,202.448568
1780456763,210.201547
1780456763,203.628950
1780456763,196.715877
1780456763,201.261620
1780456763,209.918740
1780456763,210.043315
1780456763,167.066050
1780456763,204.430607
1780456763,200.880288
1780456763,212.577617
1780456763,210.322470
1780456763,164.766385
1780456763,212.605812
1780456763,180.701674
1780456763,212.657343
1780456763,189.244762
1780456763,176.832798
1780456763,165.080981
1780456763,214.016437
1780456763,210.749283
1780456763,180.842268
1780456763,205.920721
1780456763,180.696208
1780456763,180.050365
1780456763,193.661513
1780456763,204.207301
1780456763,181.211857
1780456763,191.017625
1780456763,174.115270
1780456763,213.915900
1780456763,193.926572
1780456763,181.135085
1780456763,182.477147
1780456763,165.084376
1780456763,198.608538
1780456763,212.230064
1780456763,175.178622
1780456763,182.594114
1780456763,190.139903
1780456763,213.925362
1780456763,185.645532
1780456763,191.124463
1780456763,191.058792
1780456763,196.468142
1780456763,198.188914
1780456763,171.715708
1780456763,219.164018
1780456763,202.266562
1780456763,220.295944
1780456763,175.999840
1780456763,197.854426
1780456763,197.981635
1780456763,170.638068
1780456763,174.377035
1780456763,220.404259
1780456763,198.045642
1780456763,170.987649
1780456763,180.831235
1780456763,205.448465
1780456763,198.186680
1780456763,171.796563
1780456763,196.867866
1780456763,207.139340
1780456763,179.410436
1780456763,180.648633
1780456763,198.005072
1780456763,161.090897
1780456763,171.700819
1780456763,207.480472
1780456763,166.712151
1780456763,201.926689
1780456763,177.396125
1780456763,174.833373
1780456763,191.659078
1780456763,166.298947
1780456763,175.597449
1780456763,198.732956
1780456763,166.718499
1780456763,191.813415
1780456763,210.931599
1780456763,143.171621
1780456763,162.039385
1780456763,176.546002
1780456763,224.371631
1780456763,182.069764
1780456763,175.729613
1780456763,182.257196
1780456763,207.797665
1780456763,182.334189
1780456763,214.975991
1780456763,162.874237
1780456763,215.408316
1780456763,221.165644
1780456763,182.577662
1780456763,183.630141
1780456763,215.607630
1780456763,190.637338
1780456763,215.679073
1780456763,185.599705
1780456763,183.839579
1780456763,144.791310
1780456763,192.580034
1780456763,146.424793
1780456763,183.949064
1780456763,144.238705
1780456763,193.993848
1780456763,176.941788
1780456763,168.198862
1780456763,149.523262
1780456763,155.016541
1780456763,178.612252
1780456763,163.505739
1780456763,147.315111
1780456763,161.275394
1780456763,178.256632
1780456763,182.899806
1780456763,156.980777
1780456763,187.472841
1780456763,165.253256
1780456763,194.583318
1780456763,184.472170
1780456763,184.474909
1780456763,151.122695
1780456763,188.815629
1780456763,148.856403
1780456763,181.059245
1780456763,178.183894
1780456763,194.702598
1780456763,161.029337
1780456763,194.635054
1780456763,179.759711
1780456763,187.837963
1780456763,212.901040
1780456763,187.966705
1780456763,154.858527
1780456763,190.282675
1780456763,195.001521
1780456763,195.068982
1780456763,195.016886
1780456763,216.721188
1780456763,209.258151
1780456763,193.665267
1780456763,195.197368
1780456763,195.356497
1780456763,183.740930
1780456763,182.050269
1780456763,175.991633
1780456763,195.298824
1780456763,215.881662
1780456763,184.014147
1780456763,180.288140
1780456763,199.100137
1780456763,199.172950
1780456763,204.867767
1780456763,211.082811
1780456763,215.097075
1780456763,212.375296
1780456763,192.939263
1780456763,188.530247
1780456763,209.584673
1780456763,188.566941
1780456763,212.541573
1780456763,187.454362
1780456763,234.983584
1780456763,161.216273
1780456763,146.658935
1780456763,226.728824
1780456763,148.927203
1780456763,149.356287
1780456763,175.296232
1780456763,150.494019
1780456763,149.281880
1780456763,159.778955
1780456763,149.678543
1780456763,156.739120
1780456763,152.171912
1780456763,162.606086
1780456763,159.265522
1780456763,163.681280
1780456763,153.049536
1780456763,175.294539
1780456763,229.354101
1780456763,122.764240
1780456763,132.644571
1780456763,218.928547
1780456763,132.565770
1780456763,226.676195
1780456763,157.234838
1780456763,219.743945
1780456763,184.636638
1780456763,227.655165
1780456763,149.637468
1780456763,149.413659
1780456763,161.641933
1780456763,168.708744
1780456763,226.881331
1780456763,181.921247
1780456763,229.810792
1780456763,190.586093
1780456763,221.244880
1780456763,187.829128
1780456763,187.819843
1780456763,221.428339
1780456763,187.933435
1780456763,228.469491
1780456763,188.095367
1780456763,188.111416
1780456763,133.964694
1780456763,225.521338
1780456763,189.770472
1780456763,236.790162
1780456763,189.788538
1780456763,190.929472
1780456763,193.338659
1780456763,158.406889
1780456763,189.956841
1780456763,192.082819
1780456763,227.780021
1780456763,165.033092
1780456763,192.188416
1780456763,193.487938
1780456763,231.866767
1780456763,193.569651
1780456763,232.093478
1780456763,212.468547
1780456763,137.917581
1780456763,193.568402
1780456763,161.450085
1780456763,193.975704
1780456763,193.599901
1780456763,184.442849
1780456763,163.509140
1780456763,212.690947
1780456763,162.986628
1780456763,200.900167
1780456763,161.603674
1780456763,195.674172
1780456763,141.875462
1780456763,141.754875
1780456763,194.643299
1780456763,154.937098
1780456763,232.513856
1780456763,151.810134
1780456763,189.108126
1780456763,145.334404
1780456763,195.877569
1780456763,144.898809
1780456763,232.747245
1780456763,146.302429
1780456763,146.704216
1780456763,201.299444
1780456763,198.860715
1780456763,162.091526
1780456763,198.934030
1780456763,153.188891
1780456763,203.628716
1780456763,154.288181
1780456763,232.483983
1780456763,156.146535
1780456763,206.868036
1780456763,155.606673
1780456763,157.866693
1780456763,232.775208
1780456763,158.526926
1780456763,172.021431
1780456763,232.997664
1780456763,148.054066
1780456763,208.351282
1780456763,160.079393
1780456763,210.157725
1780456763,173.673261
1780456763,238.262487
1780456763,174.444162
1780456763,215.521349
1780456763,173.913817
1780456763,236.503016
1780456763,174.820541
1780456763,238.514146
1780456763,189.861203
1780456763,221.558996
1780456763,203.223662
1780456763,225.308556
1780456763,159.408628
1780456763,196.661072
1780456763,175.183051
1780456763,231.405472
1780456763,146.410024
1780456763,237.066858
1780456763,136.953709
1780456763,196.602983
1780456763,185.954988
1780456763,198.480030
1780456763,143.333986
1780456763,138.689231
1780456763,231.480701
1780456763,186.945085
1780456763,203.739791
1780456763,187.002833
1780456763,233.559008
1780456763,150.491616
1780456763,228.952604
1780456763,187.143396
1780456763,204.507302
1780456763,160.287074
1780456763,190.026614
1780456763,160.306963
1780456763,203.736364
1780456763,150.351084
1780456763,227.719389
1780456763,141.840756
1780456763,229.115896
1780456763,160.732369
1780456763,183.349954
1780456763,166.943971
1780456763,223.583909
1780456763,169.119770
1780456763,227.857093
1780456763,169.294759
1780456763,151.576534
1780456763,224.935542
1780456763,220.303183
1780456763,223.953374
1780456763,212.842415
1780456763,215.771822
1780456763,213.205928
1780456763,222.570407
1780456763,213.062159
1780456763,225.392351
1780456763,226.740109
1780456763,214.721358
1780456763,225.535647
1780456763,214.602646
1780456763,227.971221
1780456763,217.328607
1780456763,231.319100
1780456763,231.437803
1780456763,217.771949
1780456763,222.305355
1780456763,231.515360
1780456763,225.782827
1780456763,227.149629
1780456763,227.068216
1780456763,181.071811
1780456763,233.022200
1780456763,227.341406
1780456763,215.167145
1780456763,230.472026
1780456763,228.882980
1780456763,233.313653
1780456763,228.855014
1780456763,215.704796
1780456763,185.500053
1780456763,205.457494
1780456763,231.036445
1780456763,220.851706
1780456763,218.223677
1780456763,231.121010
1780456763,218.804393
1780456763,221.787008
1780456763,217.419421
1780456763,218.808418
1780456763,231.152241
1780456763,218.947541
1780456763,220.288865
1780456763,239.451693
1780456763,239.948400
1780456763,229.547228
1780456763,231.417529
1780456763,209.723052
1780456763,181.434091
1780456763,209.617481
1780456763,198.366184
1780456763,203.662214
1780456763,209.790992
1780456763,206.162745
1780456763,210.594060
1780456763,211.740682
1780456763,212.964892
1780456763,174.670442
1780456763,207.443536
1780456763,180.572141
1780456763,202.840105
1780456763,183.268651
1780456763,202.908467
1780456763,183.486569
1780456763,206.663502
1780456763,211.059012
1780456763,211.124551
1780456763,190.163858
1780456763,213.433086
1780456763,185.005760
1780456763,183.056689
1780456763,185.885302
1780456763,186.172123
1780456763,175.135285
1780456763,191.931020
1780456763,186.700135
1780456763,190.535569
1780456763,214.596050
1780456763,215.885562
1780456763,198.076658
1780456763,216.023388
1780456763,216.336232
1780456763,216.343258
1780456763,175.378011
1780456763,183.347100
1780456763,174.583813
1780456763,218.115425
1780456763,199.434249
1780456763,220.491941
1780456763,169.890035
1780456763,211.536679
1780456763,199.788384
1780456763,221.231536
1780456763,176.654689
1780456763,212.219083
1780456763,214.634134
1780456763,200.318015
1780456763,218.458283
1780456763,205.580392
1780456763,191.808604
1780456763,207.956814
1780456763,207.007153
1780456763,195.045687
1780456763,209.351417
1780456763,196.382906
1780456763,177.445166
1780456763,212.718807
1780456763,177.982441
1780456763,215.039408
1780456763,215.779861
1780456763,178.357812
1780456763,215.238922
1780456763,179.157866
1780456763,140.220547
1780456763,136.596063
1780456763,138.955240
1780456763,140.706172
1780456763,147.095832
1780456763,147.239879
1780456763,180.078424
1780456763,192.267659
1780456763,132.208089
1780456763,190.704325
1780456763,125.106157
1780456763,140.141614
1780456763,192.489647
1780456763,156.438681
1780456763,149.045370
1780456763,157.853670
1780456763,159.156253
1780456763,166.781106
1780456763,172.400770
1780456763,167.236173
1780456763,167.516917
1780456763,170.438522
1780456763,169.525917
1780456763,195.698272
1780456763,156.950430
1780456763,172.884901
1780456763,154.063176
1780456763,139.230096
1780456763,141.000367
1780456763,149.373876
1780456763,142.900043
1780456763,121.539090
1780456763,122.231504
1780456763,161.599387
1780456763,120.743306
1780456763,118.080695
1780456763,154.643315
1780456763,135.036033
1780456763,163.065576
1780456763,122.539298
1780456763,139.836955
1780456763,119.289947
1780456763,158.727881
1780456763,143.450410
1780456763,157.826527
1780456763,158.946835
1780456763,132.054761
1780456763,161.379034
1780456763,144.630627
1780456763,155.468261
1780456763,120.163605
1780456763,162.460005
1780456763,151.634203
1780456763,166.372472
1780456763,167.567140
1780456763,122.142670
1780456763,151.891318
1780456763,149.525724
1780456763,123.021340
1780456763,183.970258
1780456763,142.061343
1780456763,144.417264
1780456763,164.029539
1780456763,175.885540
1780456763,128.063014
1780456763,128.523362
1780456763,129.720454
1780456763,134.939120
1780456763,137.313318
1780456763,137.629575
1780456763,136.219610
1780456763,126.785922
1780456763,197.292934
1780456763,155.009208
1780456763,150.415905
1780456763,161.977609
1780456763,188.776369
1780456763,127.519133
1780456763,198.406659
1780456763,150.262463
1780456763,159.478901
1780456763,149.840819
1780456763,148.895121
1780456763,147.485698
1780456763,128.454321
1780456763,177.298018
1780456763,128.020375
1780456763,179.489705
1780456763,127.763757
1780456763,182.163493
1780456763,192.385009
1780456763,149.919446
1780456763,182.917130
1780456763,180.864187
1780456763,128.139208
1780456763,149.954059
1780456763,127.774379
1780456763,147.163768
1780456763,149.955814
1780456763,127.808844
1780456763,147.891848
1780456763,130.730197
1780456763,150.872073
1780456763,130.856480
1780456763,162.974129
1780456763,163.049476
1780456763,167.013448
1780456763,127.554519
1780456763,157.152811
1780456763,153.735286
1780456763,131.088391
1780456763,131.107310
1780456763,131.126550
1780456763,129.673539
1780456763,129.324505
1780456763,128.555158
1780456763,127.711836
1780456763,152.984206
1780456763,119.971006
1780456763,120.179863
1780456763,134.453007
1780456763,131.614577
1780456763,131.575897
1780456763,131.705253
1780456763,164.356203
1780456763,128.805710
1780456763,165.637891
1780456763,132.328117
1780456763,175.556739
1780456763,128.577313
1780456763,136.504061
1780456763,126.222608
1780456763,128.655459
1780456763,165.045440
1780456763,128.267633
1780456763,153.547957
1780456763,124.471487
1780456763,122.519189
1780456763,165.663160
1780456763,122.588274
1780456763,122.540188
1780456763,158.703399
1780456763,122.295357
1780456763,156.824377
1780456763,121.719304
1780456763,121.864180
1780456763,136.360036
1780456763,122.269628
1780456763,135.488538
1780456763,138.881824
1780456763,122.342704
1780456763,121.901176
1780456763,134.453203
1780456763,121.961444
1780456763,144.964602
1780456763,121.756714
1780456763,135.635185
1780456763,144.376311
1780456763,146.625864
1780456763,152.123067
1780456763,144.568513
1780456763,151.303122
1780456763,143.719799
1780456763,123.783758
1780456763,121.464468
1780456763,151.909412
1780456763,121.313181
1780456763,125.873404
1780456763,138.319839
1780456763,127.476287
1780456763,127.141185
1780456763,137.483449
1780456763,125.843384
1780456763,126.741211
1780456763,148.480171
1780456763,117.817470
1780456763,118.183037
1780456763,116.725056
1780456763,141.025801
1780456763,141.036433
1780456763,118.857759
1780456763,149.796612
1780456763,121.274240
1780456763,118.951763
1780456763,151.200266
1780456763,131.264651
1780456763,130.748626
1780456763,123.540643
1780456763,121.539899
1780456763,121.886889
1780456763,121.168415
1780456763,121.469096
1780456763,122.767942
1780456763,123.387781
1780456763,123.063223
1780456763,121.399782
1780456763,143.020629
1780456763,121.905977
1780456763,121.236381
1780456763,122.663630
1780456763,121.146999
1780456763,122.490613
1780456763,118.187386
1780456763,143.111648
1780456763,143.268011
1780456763,140.776148
1780456763,143.343613
1780456763,118.110927
1780456763,119.540533
1780456763,119.017214
1780456763,136.994137
1780456763,124.914513
1780456763,121.977208
1780456763,124.835242
1780456763,125.171221
1780456763,117.563464
1780456763,125.337660
1780456763,121.719740
1780456763,121.967781
1780456763,134.350564
1780456763,143.386241
1780456763,141.995869
1780456763,127.133728
1780456763,120.982925
1780456763,143.884374
1780456763,120.708605
1780456763,126.628692
1780456763,126.892343
1780456763,128.567141
1780456763,117.859479
1780456763,128.393253
1780456763,116.097446
1780456763,128.850200
1780456763,119.536587
1780456763,128.588715
1780456763,126.636271
1780456763,136.731582
1780456763,105.816944
1780456763,105.870526
1780456763,105.783087
1780456763,105.591925
1780456763,128.938873
1780456763,129.148179
1780456763,128.546592
1780456763,126.261420
1780456763,126.138581
1780456763,129.338316
1780456763,149.674199
1780456763,134.032281
1780456763,132.907732
1780456763,172.080000
1780456763,139.276203
1780456763,132.715560
1780456763,133.031219
1780456763,135.022218
1780456763,118.337052
1780456763,127.618594
1780456763,126.428205
1780456763,117.843196
1780456763,119.034970
1780456763,117.709989
1780456763,146.090692
1780456763,117.947975
1780456763,123.834684
1780456763,154.514067
1780456763,124.460405
1780456763,124.564584
1780456763,156.013099
1780456763,124.983665
1780456763,151.475648
1780456763,151.692305
1780456763,137.546695
1780456763,152.071124
1780456763,125.426118
1780456763,125.391054
1780456763,152.479206
1780456763,126.196263
1780456763,136.963543
1780456763,122.236581
1780456763,123.312550
1780456763,123.613388
1780456763,118.895432
1780456763,121.349526
1780456763,121.713336
1780456763,121.072081
1780456763,122.108026
1780456763,123.245448
1780456763,122.544424
1780456763,121.685298
1780456763,114.919450
1780456763,128.049477
1780456763,115.395707
1780456763,121.421124
1780456763,113.643699
1780456763,116.079276
1780456763,124.749127
1780456763,115.129976
1780456763,122.976940
1780456763,112.890070
1780456763,112.794354
1780456763,111.691410
1780456763,110.438607
1780456763,110.239626
1780456763,110.713789
1780456763,114.818085
1780456763,124.116275
1780456763,118.375746
1780456763,116.326705
1780456763,115.214688
1780456763,110.671190
1780456763,109.529885
1780456763,115.213234
1780456763,109.347454
1780456763,111.395785
1780456763,109.152585
1780456763,107.121346
1780456763,107.196229
1780456763,147.369698
1780456763,115.540554
1780456763,114.953330
1780456763,115.365371
1780456763,115.750893
1780456763,113.055780
1780456763,112.872459
1780456763,114.451642
1780456763,116.410221
1780456763,113.790474
1780456763,151.235816
1780456763,111.704083
1780456763,151.898183
1780456763,110.068776
1780456763,109.202186
1780456763,118.420978
1780456763,111.992589
1780456763,113.533089
1780456763,111.440079
1780456763,111.656891
1780456763,110.258080
1780456763,110.105655
1780456763,113.604315
1780456763,109.783491
1780456763,109.375470
1780456763,127.528554
1780456763,123.212946
1780456763,130.931920
1780456763,126.369511
1780456763,117.989796
1780456763,126.476548
1780456763,128.676729
1780456763,111.941608
1780456763,126.528971
1780456763,111.565708
1780456763,126.089410
1780456763,112.062133
1780456763,111.825948
1780456763,126.359826
1780456763,111.889005
1780456763,126.777287
1780456763,124.640591
1780456763,124.593564
1780456763,123.932652
1780456763,122.876241
1780456763,123.497459
1780456763,123.106813
1780456763,125.545499
1780456763,125.500118
1780456763,124.506741
1780456763,124.166104
1780456763,123.913752
1780456763,125.213302
1780456763,124.481843
1780456763,133.736946
1780456763,132.556067
1780456763,121.370418
1780456763,121.637160
1780456763,114.435179
1780456763,117.117986
1780456763,121.042283
1780456763,116.088667
1780456763,116.454310
1780456763,114.791742
1780456763,111.381265
1780456763,115.656026
1780456763,115.159540
1780456763,115.482036
1780456763,112.590032
1780456763,114.021965
1780456763,112.914248
1780456763,113.460551
1780456763,113.797577
1780456763,114.246044
1780456763,113.384696
1780456763,154.081430
1780456763,153.922047
1780456763,154.739187
1780456763,153.415191
1780456763,153.279539
1780456763,152.494431
1780456763,151.604707
1780456763,150.294015
1780456763,153.794304
1780456763,150.612774
1780456763,148.002475
1780456763,150.703946
1780456763,151.193176
1780456763,151.496237
1780456763,151.027536
1780456763,135.448658
1780456763,134.695488
1780456763,134.566473
1780456763,134.030742
1780456763,134.297243
1780456763,134.168778
1780456763,137.845660
1780456763,139.450241
1780456763,133.900513
1780456763,142.946764
1780456763,129.497931
1780456763,177.247730
1780456763,197.691670
1780456763,196.280661
1780456763,157.161328
1780456763,176.145367
1780456763,148.299528
1780456763,137.881211
1780456763,156.867032
1780456763,137.730701
1780456763,137.875902
1780456763,148.798833
1780456763,136.372694
1780456763,150.179590
1780456763,150.179573
1780456763,134.158135
1780456763,148.917341
1780456763,134.069044
1780456763,131.342512
1780456763,132.804751
1780456763,133.710685
1780456763,131.598630
1780456763,134.647634
1780456763,131.543407
1780456763,164.988484
1780456763,164.643029
1780456763,163.896694
1780456763,163.632278
1780456763,163.257755
1780456763,164.610874
1780456763,161.887233
1780456763,163.156997
1780456763,148.866567
1780456763,161.177198
1780456763,144.027105
1780456763,160.966204
1780456763,165.132159
1780456763,165.544059
1780456763,157.772075
1780456763,164.994440
1780456763,162.697320
1780456763,144.246849
1780456763,149.368585
1780456763,151.042978
1780456763,151.610218
1780456763,150.182218
1780456763,162.281837
1780456763,151.342715
1780456763,149.444231
1780456763,150.276106
1780456763,126.277334
1780456763,143.994490
1780456763,137.800693
1780456763,139.257679
1780456763,138.475188
1780456763,137.566932
1780456763,146.511904
1780456763,144.979335
1780456763,145.218653
1780456763,167.045704
1780456763,148.455268
1780456763,145.910139
1780456763,147.484881
1780456763,147.716077
1780456763,149.577450
1780456763,150.357840
1780456763,151.184152
1780456763,150.644015
1780456763,145.697499
1780456763,167.557418
1780456763,162.850714
1780456763,162.925570
1780456763,144.474995
1780456763,162.289606
1780456763,160.995365
1780456763,142.494806
1780456763,139.343234
1780456763,151.816077
1780456763,138.788219
1780456763,139.086897
1780456763,150.626975
1780456763,147.750869
1780456763,143.560216
1780456763,160.979296
1780456763,140.425684
1780456763,141.838729
1780456763,140.154469
1780456763,141.914972
1780456763,143.148292
1780456763,143.430684
1780456763,143.592457
1780456763,143.678938
1780456763,143.372508
1780456763,124.017424
1780456763,132.712752
1780456763,143.786762
1780456763,127.824692
1780456763,125.800565
1780456763,154.436545
1780456763,170.985517
1780456763,154.729519
1780456763,135.642047
1780456763,170.973804
1780456763,178.263825
1780456763,132.453542
1780456763,176.676460
1780456763,132.872374
1780456763,177.087651
1780456763,178.342143
1780456763,155.240955
1780456763,131.875981
1780456763,164.427145
1780456763,131.371081
1780456763,132.185556
1780456763,144.767831
1780456763,163.908649
1780456763,163.979644
1780456763,154.769883
1780456763,132.627839
1780456763,154.553708
1780456763,156.148478
1780456763,142.046042
1780456763,132.832576
1780456763,132.380429
1780456763,142.545553
1780456763,132.529641
1780456763,142.086588
1780456763,143.235011
1780456763,141.161332
1780456763,141.142836
1780456763,133.752586
1780456763,143.030949
1780456763,141.252352
1780456763,143.524756
1780456763,137.409344
1780456763,143.449722
1780456763,142.028217
1780456763,143.515645
1780456763,142.072172
1780456763,143.628223
1780456763,116.528221
1780456763,143.954504
1780456763,144.270660
1780456763,132.558681
1780456763,145.553484
1780456763,140.304619
1780456763,145.282708
1780456763,132.516935
1780456763,149.977255
1780456763,141.335438
1780456763,145.388725
1780456763,141.131965
1780456763,165.415483
1780456763,133.690717
1780456763,141.575394
1780456763,117.404668
1780456763,115.522247
1780456763,115.893234
1780456763,121.433887
1780456763,121.814400
1780456763,121.842391
1780456763,122.337720
1780456763,115.689511
1780456763,124.872920
1780456763,121.187781
1780456763,122.107678
1780456763,121.776118
1780456763,105.846642
1780456763,104.674928
1780456763,123.008078
1780456763,133.445552
1780456763,134.961365
1780456763,121.195743
1780456763,123.134258
1780456763,127.111929
1780456763,111.237250
1780456763,122.245657
1780456763,123.248878
1780456763,127.288074
1780456763,111.414341
1780456763,127.392014
1780456763,123.438912
1780456763,121.440329
1780456763,120.311911
1780456763,110.438554
1780456763,128.800713
1780456763,121.517654
1780456763,127.388471
1780456763,110.576143
1780456763,111.533085
1780456763,122.376664
1780456763,106.634996
1780456763,106.829211
1780456763,105.969355
1780456763,169.640893
1780456763,137.908079
1780456763,138.210197
1780456763,139.410668
1780456763,141.740727
1780456763,139.837780
1780456763,138.526609
1780456763,139.890185
1780456763,137.525437
1780456763,141.477775
1780456763,140.585773
1780456763,104.228412
1780456763,141.956496
1780456763,141.956282
1780456763,142.651667
1780456763,171.223220
1780456763,142.770987
1780456763,115.019923
1780456763,143.329197
1780456763,116.866748
1780456763,148.822468
1780456763,141.177210
1780456763,117.614273
1780456763,148.974385
1780456763,117.350330
1780456763,122.061774
1780456763,118.264311
1780456763,121.296038
1780456763,118.528412
1780456763,125.335536
1780456763,113.500826
1780456763,121.415225
1780456763,111.037431
1780456763,126.506964
1780456763,119.174205
1780456763,115.537505
1780456763,119.068415
1780456763,119.201746
1780456763,119.172202
1780456763,119.244337
1780456763,120.150511
1780456763,136.926651
1780456763,138.426809
1780456763,112.624373
1780456763,136.992240
1780456763,138.416190
1780456763,129.719824
1780456763,125.749420
1780456763,137.041629
1780456763,115.866122
1780456763,125.708193
1780456763,119.327876
1780456763,117.880818
1780456763,137.160260
1780456763,137.139474
1780456763,137.232885
1780456763,110.163528
1780456763,169.635078
1780456763,119.725075
1780456763,119.565225
1780456763,119.395240
1780456763,109.272117
1780456763,109.515033
1780456763,169.775878
1780456763,178.670482
1780456763,177.950305
1780456763,162.677292
1780456763,110.427580
1780456763,161.001881
1780456763,109.324078
1780456763,110.773551
1780456763,161.210978
1780456763,109.426623
1780456763,109.617800
1780456763,149.602390
1780456763,147.674021
1780456763,109.518925
1780456763,139.703785
1780456763,138.428119
1780456763,139.813348
1780456763,139.809985
1780456763,109.404363
1780456763,139.969129
1780456763,138.443371
1780456763,140.089625
1780456763,139.803600
1780456763,138.584089
1780456763,140.055250
1780456763,138.718134
1780456763,137.225790
1780456763,141.135468
1780456763,138.516024
1780456763,132.540048
1780456763,137.357689
1780456763,161.375123
1780456763,137.334971
1780456763,105.073032
1780456763,137.515693
1780456763,161.500936
1780456763,112.456379
1780456763,171.046075
1780456763,126.830976
1780456763,126.049435
1780456763,128.074271
1780456763,133.037067
1780456763,126.100456
1780456763,137.723480
1780456763,130.178575
1780456763,139.131741
1780456763,137.814524
1780456763,131.380619
1780456763,139.037114
1780456763,146.368978
1780456763,140.677217
1780456763,137.958658
1780456763,139.214611
1780456763,143.145669
1780456763,109.070792
1780456763,108.230868
1780456763,108.368302
1780456763,138.540850
1780456763,138.724693
1780456763,125.092665
1780456763,117.832487
1780456763,125.101380
1780456763,113.461709
1780456763,124.241600
1780456763,124.848852
1780456763,124.313437
1780456763,147.827733
1780456763,122.920037
1780456763,119.828315
1780456763,122.929846
1780456763,109.831825
1780456763,122.991705
1780456763,139.162360
1780456763,147.098766
1780456763,147.132404
1780456763,107.916703
1780456763,123.145582
1780456763,109.650222
1780456763,109.190595
1780456763,109.999910
1780456763,108.775138
1780456763,119.004597
1780456763,138.288490
1780456763,138.433250
1780456763,104.843710
1780456763,131.687955
1780456763,130.839416
1780456763,104.627553
1780456763,130.909848
1780456763,129.972821
1780456763,130.234144
1780456763,110.971668
1780456763,116.564936
1780456763,124.904362
1780456763,124.031512
1780456763,151.794621
1780456763,115.473142
1780456763,151.288323
1780456763,169.214355
1780456763,124.223764
1780456763,130.666561
1780456763,124.280822
1780456763,124.246143
1780456763,167.842523
1780456763,115.694482
1780456763,102.798336
1780456763,122.018328
1780456763,147.644036
1780456763,122.026820
1780456763,132.288055
1780456763,122.177669
1780456763,121.271066
1780456763,106.311679
1780456763,122.205725
1780456763,109.242613
1780456763,121.551861
1780456763,130.986706
1780456763,131.001801
1780456763,139.301831
1780456763,120.261485
1780456763,120.165126
1780456763,131.229001
1780456763,131.276095
1780456763,130.736355
1780456763,130.943084
1780456763,110.042211
1780456763,102.901655
1780456763,127.666377
1780456763,124.758533
1780456763,103.096619
1780456763,103.396335
1780456763,123.153636
1780456763,103.818698
1780456763,123.955467
1780456763,102.905533
1780456763,108.168634
1780456763,120.523480
1780456763,120.485571
1780456763,108.432838
1780456763,147.323248
1780456763,148.649547
1780456763,147.333401
1780456763,148.647723
1780456763,148.893909
1780456763,147.522197
1780456763,108.945579
1780456763,109.912784
1780456763,113.506200
1780456763,116.077863
1780456763,136.882510
1780456763,116.922888
1780456763,136.732916
1780456763,108.004179
1780456763,143.027257
1780456763,120.650702
1780456763,125.988517
1780456763,122.594669
1780456763,147.880866
1780456763,109.175477
1780456763,123.947750
1780456763,106.929135
1780456763,116.305051
1780456763,122.677770
1780456763,108.116970
1780456763,104.005110
1780456763,106.776652
1780456763,105.864692
1780456763,105.888137
1780456763,103.349537
1780456763,103.319463
1780456763,105.775900
1780456763,105.476433
1780456763,106.290231
1780456763,110.269894
1780456763,110.313136
1780456763,110.749366
1780456763,110.738127
1780456763,109.802730
1780456763,103.527023
1780456763,102.434210
1780456763,107.854360
1780456763,111.641068
1780456763,111.167623
1780456763,110.579518
1780456763,107.363300
1780456763,110.697455
1780456763,106.777427
1780456763,103.915983
1780456763,105.397526
1780456763,103.930624
1780456763,109.577192
1780456763,105.404167
1780456763,104.154278
1780456763,110.500992
1780456763,104.445400
1780456763,104.414923
1780456763,110.034595
1780456763,104.709371
1780456763,110.255889
1780456763,110.613873
1780456763,124.844605
1780456763,124.687668
1780456763,124.827897
1780456763,120.968680
1780456763,102.550699
1780456763,111.420871
1780456763,123.070133
1780456763,102.623119
1780456763,102.640989
1780456763,125.049906
1780456763,111.461963
1780456763,124.547539
1780456763,110.500683
1780456763,102.756488
1780456763,123.341594
1780456763,122.755680
1780456763,110.766598
1780456763,121.307310
1780456763,120.438069
1780456763,110.917323
1780456763,117.109238
1780456763,108.471400
1780456763,102.405356
1780456763,103.967263
1780456763,103.633295
1780456763,103.705012
1780456763,117.394874
1780456763,111.596308
1780456763,102.562754
1780456763,107.585699
1780456763,102.703871
1780456763,107.780322
1780456763,116.991231
1780456763,116.899968
1780456763,104.637380
1780456763,105.190613
1780456763,102.663798
1780456763,118.108832
1780456763,118.597226
1780456763,118.698486
1780456763,103.497215
1780456763,103.704868
1780456763,105.063790
1780456763,107.772255
1780456763,105.133286
1780456763,105.138946
1780456763,106.644393
1780456763,105.290268
1780456763,106.645707
1780456763,105.254116
1780456763,118.233149
1780456763,105.236111
1780456763,118.222999
1780456763,104.054352
1780456763,105.295732
1780456763,105.260972
1780456763,104.459510
1780456763,103.433106
1780456763,103.516809
1780456763,104.900458
1780456763,103.969078
1780456763,104.977323
1780456763,105.249023
1780456763,118.281580
1780456763,105.338958
1780456763,104.235139
1780456763,116.951261
1780456763,117.958307
1780456763,116.038906
1780456763,105.654955
1780456763,105.978828
1780456763,105.058869
1780456763,104.988173
1780456763,117.714948
1780456763,119.818815
1780456763,104.780375
1780456763,105.005025
1780456763,105.135649
1780456763,116.672043
1780456763,118.469920
1780456763,117.432506
1780456763,102.737899
1780456763,114.813993
1780456763,114.762465
1780456763,101.754851
1780456763,113.955229
1780456763,103.193703
1780456763,114.346039
1780456763,114.762405
1780456763,103.694239
1780456763,103.953154
1780456763,113.141906
1780456763,104.593248
1780456763,115.455966
1780456763,113.340808
1780456763,104.642366
1780456763,112.919606
1780456763,113.025996
1780456763,106.296935
1780456763,106.448314
1780456763,106.156435
1780456763,106.783420
1780456763,106.813313
1780456763,106.758887
1780456763,107.989323
1780456763,110.548724
1780456763,107.038547
1780456763,109.595402
1780456763,109.144680
1780456763,108.349996
1780456763,108.069976
1780456763,109.318497
1780456763,108.751429
1780456763,107.670042
1780456763,109.788682
1780456763,109.465247
1780456763,108.332454
1780456763,111.893468
1780456763,109.789644
1780456763,112.059628
1780456763,109.299115
1780456763,109.224908
1780456763,108.832649
1780456763,110.192469
1780456763,112.258747
1780456763,109.539221
1780456763,108.850838
1780456763,108.872954
1780456763,111.901066
1780456763,112.594811
1780456763,111.434281
1780456763,111.863190
1780456763,111.878227
1780456763,111.011608
1780456763,111.833950
1780456763,111.388952
1780456763,111.437440
1780456763,112.072098
1780456763,112.131729
1780456763,112.395741
1780456763,111.784130
1780456763,112.390972
1780456763,111.572240
1780456763,115.011377
1780456763,112.081983
1780456763,112.993692
1780456763,108.759453
1780456763,113.038994
1780456763,108.272622
1780456763,106.864911
1780456763,109.008818
1780456763,113.514298
1780456763,113.456932
1780456763,108.454949
1780456763,113.414989
1780456763,110.123045
1780456763,110.922973
1780456763,110.424059
1780456763,108.395823
1780456763,113.871874
1780456763,108.619735
1780456763,113.994965
1780456763,116.622450
1780456763,114.028624
1780456763,112.147649
1780456763,112.266081
1780456763,117.042544
1780456763,114.176375
1780456763,116.697203
1780456763,112.409719
1780456763,117.194077
1780456763,114.699387
1780456763,117.031721
1780456763,116.948619
1780456763,112.992418
1780456763,115.516664
1780456763,117.641554
1780456763,113.417478
1780456763,118.217230
1780456763,113.604004
1780456763,114.408382
1780456763,118.484788
1780456763,120.447355
1780456763,118.744635
1780456763,118.343517
1780456763,118.975292
1780456763,114.842098
1780456763,115.186623
1780456763,120.206462
1780456763,114.456471
1780456763,121.418350
1780456763,119.507389
1780456763,121.519991
1780456763,120.992342
1780456763,121.206312
1780456763,114.365440
1780456763,109.691200
1780456763,121.545444
1780456763,119.870230
1780456763,121.600668
1780456763,109.740761
1780456763,116.403527
1780456763,121.704625
1780456763,119.966567
1780456763,113.472803
1780456763,116.790314
1780456763,122.037247
1780456763,122.153084
1780456763,116.872077
1780456763,122.219723
1780456763,116.931081
1780456763,122.275754
1780456763,117.020456
1780456763,122.456486
1780456763,115.970502
1780456763,122.968828
1780456763,121.874294
1780456763,116.032925
1780456763,118.411779
1780456763,121.894308
1780456763,121.712671
1780456763,118.785431
1780456763,118.897365
1780456763,123.048637
1780456763,122.222844
1780456763,116.377413
1780456763,114.830698
1780456763,119.094443
1780456763,122.952495
1780456763,116.577004
1780456763,123.076397
1780456763,113.930608
1780456763,123.213671
1780456763,119.213158
1780456763,115.147994
1780456763,123.356955
1780456763,117.225093
1780456763,122.641829
1780456763,117.912276
1780456763,110.734889
1780456763,119.701956
1780456763,122.804232
1780456763,122.226828
1780456763,117.993203
1780456763,116.639409
1780456763,123.236726
1780456763,111.223819
1780456763,119.058114
1780456763,122.431256
1780456763,115.953116
1780456763,121.781928
1780456763,119.213075
1780456763,117.838183
1780456763,124.012964
1780456763,118.597891
1780456763,118.789427
1780456763,122.344763
1780456763,119.581139
1780456763,123.074803
1780456763,118.897753
1780456763,122.519775
1780456763,123.425371
1780456763,118.443530
1780456763,119.978631
1780456763,123.393873
1780456763,123.172662
1780456763,119.357894
1780456763,123.315317
1780456763,120.029976
1780456763,122.943594
1780456763,119.539456
1780456763,119.639652
1780456763,123.309803
1780456763,120.413997
1780456763,123.361755
1780456763,119.948444
1780456763,127.620418
1780456763,123.626295
1780456763,123.659896
1780456763,123.718423
1780456763,127.785994
1780456763,123.786020
1780456763,123.662546
1780456763,123.878185
1780456763,123.643572
1780456763,120.147760
1780456763,127.134328
1780456763,124.044391
1780456763,127.362637
1780456763,118.992996
1780456763,128.237691
1780456763,119.381446
1780456763,128.255081
1780456763,126.752998
1780456763,118.300426
1780456763,122.129745
1780456763,127.679553
1780456763,128.354484
1780456763,118.511408
1780456763,122.355526
1780456763,123.717534
1780456763,117.787828
1780456763,127.300704
1780456763,128.689278
1780456763,121.828018
1780456763,120.780854
1780456763,128.841815
1780456763,121.417674
1780456763,128.503131
1780456763,118.232177
1780456763,124.828315
1780456763,125.210373
1780456763,121.451444
1780456763,116.897550
1780456763,124.790372
1780456763,116.796690
1780456763,123.902100
1780456763,116.918060
1780456763,128.357445
1780456763,123.149339
1780456763,116.959744
1780456763,124.255691
1780456763,123.014176
1780456763,128.055679
1780456763,128.617390
1780456763,126.884312
1780456763,128.445331
1780456763,125.713450
1780456763,127.296681
1780456763,127.202077
1780456763,127.070094
1780456763,125.319154
1780456763,126.844565
1780456763,124.366975
1780456763,125.123560
1780456763,126.170762
1780456763,125.268752
1780456763,128.133707
1780456763,143.061986
1780456763,143.456393
1780456763,142.795921
1780456763,143.581766
1780456763,143.022639
1780456763,143.722247
1780456763,143.617512
1780456763,142.829909
1780456763,143.415031
1780456763,143.319063
1780456763,143.458773
1780456763,142.512522
1780456763,141.983352
1780456763,144.087641
1780456763,143.079251
1780456763,142.935388
1780456763,142.154418
1780456763,144.158703
1780456763,143.602186
1780456763,143.088845
1780456763,143.683680
1780456763,145.973580
1780456763,143.186415
1780456763,144.051458
1780456763,143.714998
1780456763,144.064074
1780456763,147.251704
1780456763,144.939634
1780456763,147.360772
1780456763,147.407480
1780456763,145.271810
1780456763,144.143334
1780456763,147.716540
1780456763,144.276500
1780456763,144.485828
1780456763,144.985756
1780456763,145.107817
1780456763,141.617552
1780456763,144.968816
1780456763,148.753141
1780456763,141.791882
1780456763,139.998755
1780456763,149.437195
1780456763,143.546877
1780456763,149.729798
1780456763,148.119174
1780456763,144.037102
1780456763,144.282752
1780456763,144.604458
1780456763,144.814155
1780456763,145.886189
1780456763,139.415885
1780456763,139.604801
1780456763,139.012385
1780456763,140.048434
1780456763,146.497716
1780456763,153.334845
1780456763,142.243831
1780456763,146.328783
1780456763,150.090456
1780456763,140.768208
1780456763,154.527336
1780456763,141.373654
1780456763,140.803456
1780456763,141.227597
1780456763,153.619483
1780456763,154.713631
1780456763,141.853547
1780456763,144.966186
1780456763,142.259975
1780456763,151.054119
1780456763,151.671826
1780456763,143.539002
1780456763,155.739552
1780456763,156.288488
1780456763,151.115229
1780456763,157.060877
1780456763,149.171934
1780456763,156.421455
1780456763,152.290380
1780456763,143.595294
1780456763,143.674971
1780456763,152.222792
1780456763,148.797505
1780456763,151.230852
1780456763,146.648639
1780456763,154.349212
1780456763,154.416692
1780456763,146.352177
1780456763,146.728023
1780456763,144.276974
1780456763,146.744514
1780456763,146.433974
1780456763,154.643489
1780456763,145.202917
1780456763,149.474495
1780456763,144.989371
1780456763,145.192608
1780456763,157.726064
1780456763,135.851654
1780456763,145.136240
1780456763,149.795316
1780456763,149.524348
1780456763,149.781361
1780456763,153.812592
1780456763,157.735454
1780456763,147.072061
1780456763,157.649478
1780456763,156.652189
1780456763,144.839213
1780456763,151.600013
1780456763,148.748437
1780456763,149.390397
1780456763,150.089644
1780456763,148.921381
1780456763,144.483324
1780456763,144.963762
1780456763,147.650853
1780456763,144.657371
1780456763,154.450386
1780456763,145.449407
1780456763,153.267822
1780456763,151.916839
1780456763,146.327848
1780456763,152.101153
1780456763,153.845441
1780456763,145.738735
1780456763,151.924112
1780456763,152.158224
1780456763,150.259230
1780456763,145.640629
1780456763,146.881773
1780456763,141.144129
1780456763,152.705571
1780456763,152.063426
1780456763,150.507152
1780456763,145.816398
1780456763,131.672433
1780456763,151.210488
1780456763,150.779128
1780456763,146.010884
1780456763,146.990099
1780456763,146.086936
1780456763,137.193605
1780456763,147.453771
1780456763,146.744059
1780456763,145.016280
1780456763,145.651796
1780456763,147.752204
1780456763,141.688105
1780456763,141.156929
1780456763,138.170105
1780456763,143.143662
1780456763,141.054260
1780456763,154.295252
1780456763,140.914529
1780456763,149.177049
1780456763,141.015025
1780456763,149.411032
1780456763,142.410274
1780456763,137.516356
1780456763,141.221903
1780456763,157.298339
1780456763,142.530128
1780456763,149.515968
1780456763,138.845574
1780456763,149.556021
1780456763,136.611479
1780456763,149.561686
1780456763,137.750954
1780456763,152.609249
1780456763,140.109326
1780456763,141.376834
1780456763,140.295369
1780456763,136.889405
1780456763,137.009504
1780456763,137.122629
1780456763,139.586330
1780456763,134.053746
1780456763,134.104414
1780456763,139.008209
1780456763,164.942663
1780456763,137.495989
1780456763,134.069936
1780456763,137.955176
1780456763,165.141585
1780456763,161.697162
1780456763,138.252389
1780456763,137.144466
1780456763,133.479046
1780456763,162.377515
1780456763,138.674736
1780456763,130.417439
1780456763,161.227858
1780456763,162.027822
1780456763,161.954419
1780456763,118.403463
1780456763,139.618128
1780456763,118.727983
1780456763,161.227260
1780456763,118.856511
1780456763,118.944811
1780456763,161.085110
1780456763,139.293726
1780456763,161.213772
1780456763,165.879316
1780456763,139.633935
1780456763,165.267027
1780456763,162.555094
1780456763,164.487256
1780456763,140.152285
1780456763,156.809395
1780456763,162.264787
1780456763,162.524531
1780456763,162.111868
1780456763,158.782390
1780456763,156.509183
1780456763,156.635200
1780456763,156.650664
1780456763,157.006129
1780456763,164.684157
1780456763,164.839935
1780456763,157.155333
1780456763,151.522089
1780456763,146.521268
1780456763,157.026559
1780456763,155.959737
1780456763,157.341359
1780456763,156.457026
1780456763,156.795361
1780456763,156.858407
1780456763,157.091416
1780456763,148.119908
1780456763,151.819548
1780456763,148.106859
1780456763,133.628770
1780456763,151.742293
1780456763,137.185405
1780456763,137.321491
1780456763,131.557874
1780456763,150.566442
1780456763,151.808943
1780456763,131.683439
1780456763,137.242061
1780456763,131.699761
1780456763,120.175904
1780456763,131.813807
1780456763,151.978115
1780456763,133.862864
1780456763,152.073018
1780456763,132.058635
1780456763,133.986732
1780456763,137.629157
1780456763,165.627591
1780456763,147.055734
1780456763,141.107177
1780456763,137.601694
1780456763,161.733507
1780456763,137.570192
1780456763,134.397866
1780456763,165.853751
1780456763,140.860789
1780456763,164.354340
1780456763,162.354858
1780456763,162.685567
1780456763,171.000979
1780456763,115.033200
1780456763,167.800924
1780456763,162.154987
1780456763,168.285194
1780456763,166.261467
1780456763,166.639686
1780456763,168.537130
1780456763,166.820384
1780456763,165.578880
1780456763,166.541543
1780456763,119.418204
1780456763,174.934272
1780456763,170.628282
1780456763,118.298515
1780456763,118.370547
1780456763,166.786568
1780456763,166.983731
1780456763,175.533394
1780456763,167.222521
1780456763,175.543473
1780456763,167.765548
1780456763,172.365981
1780456763,173.800128
1780456763,169.183280
1780456763,146.802283
1780456763,146.789555
1780456763,146.965343
1780456763,146.957552
1780456763,176.407379
1780456763,177.109175
1780456763,176.727014
1780456763,177.345656
1780456763,156.768862
1780456763,177.333649
1780456763,156.779207
1780456763,177.749217
1780456763,156.832889
1780456763,177.981057
1780456763,174.485125
1780456763,174.835484
1780456763,158.400258
1780456763,121.954275
1780456763,158.259027
1780456763,120.236009
1780456763,123.147811
1780456763,178.492188
1780456763,173.498127
1780456763,171.196977
1780456763,158.453049
1780456763,171.205107
1780456763,171.169669
1780456763,171.386953
1780456763,176.580379
1780456763,178.227175
1780456763,168.466485
1780456763,169.571326
1780456763,178.324651
1780456763,119.078495
1780456763,171.240270
1780456763,178.513220
1780456763,171.069176
1780456763,178.628613
1780456763,171.002340
1780456763,121.865503
1780456763,171.322371
1780456763,171.775234
1780456763,165.296976
1780456763,150.093637
1780456763,152.407143
1780456763,153.799866
1780456763,155.079260
1780456763,156.253457
1780456763,157.637978
1780456763,171.916488
1780456763,171.562744
1780456763,150.407318
1780456763,162.470787
1780456763,155.288851
1780456763,181.487434
1780456763,181.357359
1780456763,180.300836
1780456763,180.606822
1780456763,181.359154
1780456763,137.661740
1780456763,137.711323
1780456763,182.765366
1780456763,181.355078
1780456763,181.322898
1780456763,137.765144
1780456763,156.476514
1780456763,179.596423
1780456763,152.859679
1780456763,152.888048
1780456763,154.223535
1780456763,152.884777
1780456763,150.792749
1780456763,185.989317
1780456763,152.218697
1780456763,186.005653
1780456763,185.470940
1780456763,185.201495
1780456763,185.246403
1780456763,153.328316
1780456763,184.411467
1780456763,137.279747
1780456763,137.465854
1780456763,137.311086
1780456763,137.472656
1780456763,184.182157
1780456763,188.186692
1780456763,183.124784
1780456763,137.293120
1780456763,128.437788
1780456763,137.238562
1780456763,131.537515
1780456763,137.415797
1780456763,131.604311
1780456763,186.485348
1780456763,182.373939
1780456763,186.935716
1780456763,137.581408
1780456763,120.921235
1780456763,147.346930
1780456763,142.683942
1780456763,147.581647
1780456763,147.513838
1780456763,147.637157
1780456763,147.677150
1780456763,116.882877
1780456763,116.896757
1780456763,188.299293
1780456763,192.739118
1780456763,188.173200
1780456763,188.323938
1780456763,187.517165
1780456763,193.460187
1780456763,134.246608
1780456763,108.151613
1780456763,147.781339
1780456763,194.343923
1780456763,148.033050
1780456763,194.868808
1780456763,148.183508
1780456763,132.156812
1780456763,196.167942
1780456763,196.395477
1780456763,196.581502
1780456763,132.376836
1780456763,196.003448
1780456763,197.628258
1780456763,146.736026
1780456763,141.647812
1780456763,197.763546
1780456763,196.112691
1780456763,149.714691
1780456763,196.694756
1780456763,195.342885
1780456763,165.486679
1780456763,132.320864
1780456763,128.798490
1780456763,168.929028
1780456763,158.084774
1780456763,158.012765
1780456763,198.231469
1780456763,196.056851
1780456763,146.578015
1780456763,195.537176
1780456763,196.108768
1780456763,196.100521
1780456763,197.863756
1780456763,158.519118
1780456763,198.027199
1780456763,158.509366
1780456763,158.295186
1780456763,158.693423
1780456763,158.380374
1780456763,192.376606
1780456763,158.482547
1780456763,119.743703
1780456763,158.560716
1780456763,119.864035
1780456763,158.630225
1780456763,158.651202
1780456763,129.086221
1780456763,158.733950
1780456763,130.216495
1780456763,116.859536
1780456763,131.047511
1780456763,130.277441
1780456763,135.944445
1780456763,127.340702
1780456763,135.889505
1780456763,140.206429
1780456763,141.668043
1780456763,147.294320
1780456763,148.450789
1780456763,194.874023
1780456763,128.386677
1780456763,129.190447
1780456763,118.301129
1780456763,121.490593
1780456763,128.336813
1780456763,201.740713
1780456763,146.295425
1780456763,144.658199
1780456763,112.467761
1780456763,111.928735
1780456763,203.391528
1780456763,123.283239
1780456763,134.454257
1780456763,199.144789
1780456763,126.804227
1780456763,140.719745
1780456763,135.971970
1780456763,199.610348
1780456763,200.696838
1780456763,117.720437
1780456763,109.994414
1780456763,202.973107
1780456763,201.558011
1780456763,201.721518
1780456763,203.628708
1780456763,123.212065
1780456763,115.001407
1780456763,203.207221
1780456763,204.475796
1780456763,122.397840
1780456763,207.253378
1780456763,204.829815
1780456763,199.824967
1780456763,203.436269
1780456763,200.291157
1780456763,200.295901
1780456763,200.139445
1780456763,198.203943
1780456763,198.033852
1780456763,113.305544
1780456763,198.066067
1780456763,200.610921
1780456763,198.450788
1780456763,204.487866
1780456763,198.156840
1780456763,111.443373
1780456763,186.244955
1780456763,198.290173
1780456763,190.005260
1780456763,198.279302
1780456763,197.793897
1780456763,201.199649
1780456763,204.262747
1780456763,186.520770
1780456763,201.255774
1780456763,184.583673
1780456763,201.865517
1780456763,186.588695
1780456763,205.690368
1780456763,201.214438
1780456763,182.194771
1780456763,205.995911
1780456763,144.446655
1780456763,144.708704
1780456763,206.767200
1780456763,206.484102
1780456763,161.430698
1780456763,206.811828
1780456763,202.349623
1780456763,119.249640
1780456763,207.248551
1780456763,209.640290
1780456763,119.003570
1780456763,208.633810
1780456763,119.095043
1780456763,209.201991
1780456763,118.946586
1780456763,119.743131
1780456763,207.250255
1780456763,114.768108
1780456763,146.205119
1780456763,146.487136
1780456763,164.899420
1780456763,207.247444
1780456763,165.074611
1780456763,165.143335
1780456763,204.853188
1780456763,159.435720
1780456763,156.744401
1780456763,173.984160
1780456763,208.229281
1780456763,211.743396
1780456763,208.094799
1780456763,206.492806
1780456763,155.755063
1780456763,103.728611
1780456763,206.171008
1780456763,207.236812
1780456763,206.099220
1780456763,207.688527
1780456763,207.764302
1780456763,207.522910
1780456763,149.837902
1780456763,206.869784
1780456763,152.783363
1780456763,148.813110
1780456763,105.099967
1780456763,201.705296
1780456763,201.842552
1780456763,149.560897
1780456763,149.341366
1780456763,202.079704
1780456763,208.217080
1780456763,209.809170
1780456763,200.590320
1780456763,200.585403
1780456763,209.884529
1780456763,202.837869
1780456763,107.653597
1780456763,107.839039
1780456763,107.883240
1780456763,107.975198
1780456763,211.134269
1780456763,200.784771
1780456763,108.019346
1780456763,107.905672
1780456763,108.023959
1780456763,151.003878
1780456763,150.678623
1780456763,143.308657
1780456763,142.583705
1780456763,141.944385
1780456763,180.956740
1780456763,212.348778
1780456763,202.178637
1780456763,198.572524
1780456763,198.986152
1780456763,208.660448
1780456763,208.738544
1780456763,208.835913
1780456763,163.867681
1780456763,205.676652
1780456763,223.450895
1780456763,184.128565
1780456763,184.814700
1780456763,197.600254
1780456763,199.946519
1780456763,196.996675
1780456763,185.620144
1780456763,186.817140
1780456763,187.583412
1780456763,133.722682
1780456763,186.224630
1780456763,129.750552
1780456763,155.001056
1780456763,155.933445
1780456763,156.263552
1780456763,158.802099
1780456763,136.450027
1780456763,130.471609
1780456763,158.866087
1780456763,157.995823
1780456763,145.759897
1780456763,130.460349
1780456763,147.587126
1780456763,145.277778
1780456763,177.319635
1780456763,130.200654
1780456763,178.699020
1780456763,172.327946
1780456763,118.694825
1780456763,166.900270
1780456763,118.736375
1780456763,118.521992
1780456763,118.645787
1780456763,118.683330
1780456763,166.639124
1780456763,163.272436
1780456763,163.225913
1780456763,163.568507
1780456763,163.938880
1780456763,139.436803
1780456763,164.173421
1780456763,159.832129
1780456763,155.893587
1780456763,154.707630
1780456763,154.802077
1780456763,154.863971
1780456763,152.563484
1780456763,165.095811
1780456763,165.112076
1780456763,152.094652
1780456763,163.870858
1780456763,152.118057
1780456763,164.013959
1780456763,162.032624
1780456763,162.145525
1780456763,162.211395
1780456763,160.430181
1780456763,152.268377
1780456763,151.357685
1780456763,152.215221
1780456763,142.612183
1780456763,136.816811
1780456763,139.245246
1780456763,141.625967
1780456763,142.652375
1780456763,141.052099
1780456763,139.081796
1780456763,140.627339
1780456763,101.826467
1780456763,138.845133
1780456763,138.662342
1780456763,141.781915
1780456763,137.947316
1780456763,137.537505
1780456763,136.947444
1780456763,136.575595
1780456763,103.122470
1780456763,103.458291
1780456763,103.602431
1780456763,103.815720
1780456763,103.904445
1780456763,103.000978
1780456763,104.368532
1780456763,103.248189
1780456763,104.327694
1780456763,104.421656
1780456763,103.313036
1780456763,103.576711
1780456763,103.538372
1780456763,104.866070
1780456763,103.860535
1780456763,104.841511
1780456763,105.280698
1780456763,102.963849
1780456763,104.164825
1780456763,105.798971
1780456763,104.795964
1780456763,106.389930
1780456763,105.188483
1780456763,106.439418
1780456763,104.626704
1780456763,103.115303
1780456763,104.035893
1780456763,103.575006
1780456763,104.496406
1780456763,105.550430
1780456763,105.655520
1780456763,106.021547
1780456763,106.186785
1780456763,106.825142
1780456763,106.810421
1780456763,106.812609
1780456763,106.485120
1780456763,107.126758
1780456763,107.375476
1780456763,107.123339
1780456763,106.012052
1780456763,107.355975
1780456763,106.963241
1780456763,107.722248
1780456763,106.785957
1780456763,107.945713
1780456763,108.189346
1780456763,108.353983
1780456763,109.269063
1780456763,109.648973
1780456764,108.883911
1780456764,109.199798
1780456764,107.205284
1780456764,110.936496
1780456764,111.596103
1780456764,110.531548
1780456764,110.795260
1780456764,108.469774
1780456764,108.511372
1780456764,111.823876
1780456764,111.786333
1780456764,110.910078
1780456764,112.103019
1780456764,112.400540
1780456764,111.736868
1780456764,111.822173
1780456764,111.783181
1780456764,113.106158
1780456764,113.208353
1780456764,111.311542
1780456764,114.532959
1780456764,114.528106
1780456764,114.505875
1780456764,111.429783
1780456764,117.439300
1780456764,111.506125
1780456764,114.706623
1780456764,117.435204
1780456764,115.193673
1780456764,117.445612
1780456764,117.750490
1780456764,117.836773
1780456764,117.721067
1780456764,104.023472
1780456764,117.987401
1780456764,118.087183
1780456764,117.707439
1780456764,118.090510
1780456764,117.695917
1780456764,113.288760
1780456764,107.241090
1780456764,107.438749
1780456764,107.348007
1780456764,107.621175
1780456764,107.688071
1780456764,116.956212
1780456764,117.069781
1780456764,117.111645
1780456764,120.188696
1780456764,120.417990
1780456764,120.425237
1780456764,117.560704
1780456764,117.866831
1780456764,118.703081
1780456764,118.199476
1780456764,118.125584
1780456764,119.565025
1780456764,119.686111
1780456764,119.697490
1780456764,111.917429
1780456764,111.868626
1780456764,112.035407
1780456764,111.976987
1780456764,112.118388
1780456764,111.927235
1780456764,112.097078
1780456764,112.118060
1780456764,112.281239
1780456764,112.191181
1780456764,112.481038
1780456764,111.666775
1780456764,110.928528
1780456764,119.617768
1780456764,103.788736
1780456764,114.212859
1780456764,104.597614
1780456764,115.220591
1780456764,115.562720
1780456764,115.615716
1780456764,115.145580
1780456764,114.548196
1780456764,114.982823
1780456764,106.445587
1780456764,115.663903
1780456764,115.602126
1780456764,115.122871
1780456764,115.664468
1780456764,115.046715
1780456764,115.881787
1780456764,115.748062
1780456764,115.672040
1780456764,115.363569
1780456764,115.046254
1780456764,115.328339
1780456764,115.668522
1780456764,115.828683
1780456764,115.728527
1780456764,115.788081
1780456764,106.737294
1780456764,115.953840
1780456764,115.995592
1780456764,115.808822
1780456764,115.966755
1780456764,116.550224
1780456764,107.542976
1780456764,116.452721
1780456764,116.570288
1780456764,116.374043
1780456764,107.717751
1780456764,107.854340
1780456764,107.495059
1780456764,116.440083
1780456764,116.744987
1780456764,116.749355
1780456764,117.091503
1780456764,108.674293
1780456764,108.823392
1780456764,108.963051
1780456764,109.066442
1780456764,117.728628
1780456764,107.040915
1780456764,107.114612
1780456764,119.852886
1780456764,111.570982
1780456764,114.565445
1780456764,106.952310
1780456764,123.390852
1780456764,106.390479
1780456764,114.909575
1780456764,123.887205
1780456764,107.345213
1780456764,115.254551
1780456764,107.648247
1780456764,113.195862
1780456764,115.714862
1780456764,115.692093
1780456764,113.394750
1780456764,124.790963
1780456764,114.514740
1780456764,108.893494
1780456764,109.672552
1780456764,109.762936
1780456764,109.684091
1780456764,109.686817
1780456764,114.748763
1780456764,114.748898
1780456764,118.139289
1780456764,113.191372
1780456764,126.809122
1780456764,125.269082
1780456764,126.747227
1780456764,126.859353
1780456764,125.715405
1780456764,126.841832
1780456764,121.152741
1780456764,115.187776
1780456764,121.623461
1780456764,111.096841
1780456764,121.986332
1780456764,122.061109
1780456764,110.920073
1780456764,121.633410
1780456764,119.164343
1780456764,111.070353
1780456764,121.581469
1780456764,111.067244
1780456764,121.636970
1780456764,133.972633
1780456764,119.307619
1780456764,134.644611
1780456764,122.097070
1780456764,111.326485
1780456764,111.190965
1780456764,111.264918
1780456764,135.329575
1780456764,135.483839
1780456764,112.665117
1780456764,111.922355
1780456764,135.259623
1780456764,112.666760
1780456764,135.196515
1780456764,128.200621
1780456764,136.216339
1780456764,133.446843
1780456764,123.572604
1780456764,123.389403
1780456764,122.778923
1780456764,122.789889
1780456764,122.714820
1780456764,122.196869
1780456764,111.769073
1780456764,122.076860
1780456764,122.315697
1780456764,111.876699
1780456764,122.303659
1780456764,111.856556
1780456764,111.679519
1780456764,111.879625
1780456764,112.051704
1780456764,122.335474
1780456764,111.907752
1780456764,122.235956
1780456764,122.154386
1780456764,122.369897
1780456764,122.592961
1780456764,122.572921
1780456764,122.195445
1780456764,111.928988
1780456764,122.592981
1780456764,122.584107
1780456764,122.553364
1780456764,122.520523
1780456764,122.860587
1780456764,122.593189
1780456764,123.261326
1780456764,112.520669
1780456764,117.294996
1780456764,123.586477
1780456764,113.195337
1780456764,131.139235
1780456764,131.141346
1780456764,131.115487
1780456764,117.413336
1780456764,123.275040
1780456764,117.331414
1780456764,117.655483
1780456764,138.041131
1780456764,131.717876
1780456764,128.561021
1780456764,140.293849
1780456764,128.542785
1780456764,139.401852
1780456764,117.855048
1780456764,127.425812
1780456764,123.437074
1780456764,123.788928
1780456764,121.235609
1780456764,125.320881
1780456764,131.330731
1780456764,141.718775
1780456764,131.731238
1780456764,125.390139
1780456764,130.268095
1780456764,136.207738
1780456764,140.867469
1780456764,136.151824
1780456764,141.252276
1780456764,141.901772
1780456764,126.872704
1780456764,132.014576
1780456764,134.455047
1780456764,135.868720
1780456764,140.752268
1780456764,130.552503
1780456764,120.532304
1780456764,128.353859
1780456764,118.914140
1780456764,142.010677
1780456764,122.374737
1780456764,128.680846
1780456764,130.775330
1780456764,137.646585
1780456764,122.304337
1780456764,130.925092
1780456764,128.810396
1780456764,138.844324
1780456764,122.397211
1780456764,131.047951
1780456764,130.949794
1780456764,124.241120
1780456764,122.545116
1780456764,131.090043
1780456764,122.868375
1780456764,122.765453
1780456764,130.403990
1780456764,131.202495
1780456764,130.855656
1780456764,130.883666
1780456764,124.181926
1780456764,126.453958
1780456764,121.261252
1780456764,130.671396
1780456764,119.916779
1780456764,114.662767
1780456764,116.849751
1780456764,121.512917
1780456764,120.538457
1780456764,120.901015
1780456764,131.605782
1780456764,124.317891
1780456764,120.766892
1780456764,120.954928
1780456764,132.587996
1780456764,129.982182
1780456764,130.843652
1780456764,133.093870
1780456764,133.870381
1780456764,133.837169
1780456764,133.362869
1780456764,126.048577
1780456764,134.617904
1780456764,126.463041
1780456764,129.054083
1780456764,129.503399
1780456764,119.188055
1780456764,129.878875
1780456764,130.028816
1780456764,116.619518
1780456764,129.723585
1780456764,129.348212
1780456764,134.889233
1780456764,133.875164
1780456764,134.239460
1780456764,134.269161
1780456764,134.635783
1780456764,134.778930
1780456764,135.670286
1780456764,134.820138
1780456764,132.644912
1780456764,136.047820
1780456764,128.481575
1780456764,136.369190
1780456764,128.683267
1780456764,129.041303
1780456764,129.146628
1780456764,121.547029
1780456764,121.803512
1780456764,122.145393
1780456764,129.256610
1780456764,137.078306
1780456764,129.395146
1780456764,129.753654
1780456764,129.985873
1780456764,130.256135
1780456764,121.756735
1780456764,119.273439
1780456764,133.261116
1780456764,138.192516
1780456764,133.493448
1780456764,123.353518
1780456764,128.797789
1780456764,138.471060
1780456764,138.510082
1780456764,138.547118
1780456764,116.089689
1780456764,119.067498
1780456764,134.141316
1780456764,118.315933
1780456764,118.343018
1780456764,119.153704
1780456764,116.493396
1780456764,139.398683
1780456764,139.294112
1780456764,117.089304
1780456764,133.682426
1780456764,119.027641
1780456764,127.242036
1780456764,127.353161
1780456764,127.471501
1780456764,129.629839
1780456764,127.277305
1780456764,127.499790
1780456764,129.872530
1780456764,117.200442
1780456764,135.328939
1780456764,130.699702
1780456764,135.336000
1780456764,141.194624
1780456764,137.240997
1780456764,139.497388
1780456764,135.619475
1780456764,129.246877
1780456764,136.083909
1780456764,133.025441
1780456764,133.376174
1780456764,133.355788
1780456764,133.642216
1780456764,130.934378
1780456764,133.530212
1780456764,133.856423
1780456764,141.752578
1780456764,123.670594
1780456764,123.711472
1780456764,126.988222
1780456764,127.071243
1780456764,124.743425
1780456764,130.509596
1780456764,125.983801
1780456764,131.305784
1780456764,133.865388
1780456764,126.014916
1780456764,133.599209
1780456764,124.786273
1780456764,127.080723
1780456764,126.074441
1780456764,133.778380
1780456764,120.029827
1780456764,122.365289
1780456764,133.716814
1780456764,132.460739
1780456764,133.568615
1780456764,120.678272
1780456764,119.420796
1780456764,131.943322
1780456764,131.703070
1780456764,128.143355
1780456764,132.011706
1780456764,128.397710
1780456764,129.427413
1780456764,132.115656
1780456764,124.188607
1780456764,128.320382
1780456764,124.308871
1780456764,128.402105
1780456764,127.183617
1780456764,125.725882
1780456764,129.581498
1780456764,128.609772
1780456764,122.064402
1780456764,129.597512
1780456764,121.978342
1780456764,132.575304
1780456764,127.374746
1780456764,136.414918
1780456764,128.816441
1780456764,136.641193
1780456764,122.165387
1780456764,136.193881
1780456764,136.421863
1780456764,122.283201
1780456764,130.108720
1780456764,144.864414
1780456764,130.025952
1780456764,121.013432
1780456764,130.182741
1780456764,129.097450
1780456764,139.593991
1780456764,129.044646
1780456764,119.115896
1780456764,119.576288
1780456764,122.775108
1780456764,122.777858
1780456764,122.808139
1780456764,127.087198
1780456764,122.053447
1780456764,127.301592
1780456764,128.439351
1780456764,128.164573
1780456764,122.944321
1780456764,128.942645
1780456764,121.447813
1780456764,127.252194
1780456764,127.032878
1780456764,127.267858
1780456764,121.504351
1780456764,119.508243
1780456764,126.156474
1780456764,122.492484
1780456764,122.642714
1780456764,128.585279
1780456764,123.795475
1780456764,121.258624
1780456764,121.657953
1780456764,123.157909
1780456764,120.516558
1780456764,120.688842
1780456764,117.344201
1780456764,116.466359
1780456764,146.947836
1780456764,136.201029
1780456764,142.354162
1780456764,146.951827
1780456764,143.643411
1780456764,132.464456
1780456764,136.941268
1780456764,131.449403
1780456764,142.715049
1780456764,134.776934
1780456764,131.030623
1780456764,134.789303
1780456764,143.628272
1780456764,136.570592
1780456764,116.678040
1780456764,135.181533
1780456764,131.195895
1780456764,116.387856
1780456764,136.090460
1780456764,126.415041
1780456764,131.924618
1780456764,114.608451
1780456764,121.357937
1780456764,116.047099
1780456764,116.685983
1780456764,143.270806
1780456764,132.318848
1780456764,120.830656
1780456764,114.808987
1780456764,145.257934
1780456764,112.653974
1780456764,132.599037
1780456764,136.405129
1780456764,127.605559
1780456764,110.973634
1780456764,140.727066
1780456764,111.241089
1780456764,131.777873
1780456764,130.965756
1780456764,131.732127
1780456764,107.530971
1780456764,107.535946
1780456764,133.234186
1780456764,120.066634
1780456764,134.081158
1780456764,110.043947
1780456764,110.157635
1780456764,132.809555
1780456764,108.627931
1780456764,141.108946
1780456764,132.947226
1780456764,107.035046
1780456764,129.067840
1780456764,108.417369
1780456764,107.111255
1780456764,132.402862
1780456764,141.223950
1780456764,139.701111
1780456764,135.772300
1780456764,132.287626
1780456764,131.033131
1780456764,112.116854
1780456764,110.945621
1780456764,125.947943
1780456764,126.803304
1780456764,111.669109
1780456764,111.719069
1780456764,130.084925
1780456764,109.366943
1780456764,112.276085
1780456764,135.527921
1780456764,125.793396
1780456764,140.357671
1780456764,131.182345
1780456764,135.570088
1780456764,131.319201
1780456764,110.362237
1780456764,120.692637
1780456764,107.427458
1780456764,126.173240
1780456764,125.814800
1780456764,134.807233
1780456764,109.139407
1780456764,131.550599
1780456764,140.698026
1780456764,125.417256
1780456764,141.859432
1780456764,142.572377
1780456764,109.189136
1780456764,143.322397
1780456764,109.981307
1780456764,124.936357
1780456764,141.285089
1780456764,124.411871
1780456764,137.310851
1780456764,137.402916
1780456764,133.683256
1780456764,137.499797
1780456764,136.803366
1780456764,136.882661
1780456764,119.837538
1780456764,137.621963
1780456764,138.914178
1780456764,137.440854
1780456764,139.022877
1780456764,125.390453
1780456764,126.142119
1780456764,124.828003
1780456764,125.608428
1780456764,125.632769
1780456764,124.891844
1780456764,123.187444
1780456764,123.156929
1780456764,125.050658
1780456764,124.753593
1780456764,122.927291
1780456764,122.305034
1780456764,124.889318
1780456764,122.444345
1780456764,121.879247
1780456764,126.820744
1780456764,120.589288
1780456764,127.013422
1780456764,124.537537
1780456764,121.364690
1780456764,126.812313
1780456764,121.150529
1780456764,121.401402
1780456764,130.800579
1780456764,128.109187
1780456764,126.188478
1780456764,127.797857
1780456764,122.530636
1780456764,120.901324
1780456764,124.761255
1780456764,126.267915
1780456764,127.454064
1780456764,126.788786
1780456764,122.363181
1780456764,126.266910
1780456764,120.681247
1780456764,121.509375
1780456764,121.577097
1780456764,121.697199
1780456764,123.459866
1780456764,120.652148
1780456764,125.379874
1780456764,148.186539
1780456764,142.365107
1780456764,138.952025
1780456764,124.738797
1780456764,134.978359
1780456764,138.992659
1780456764,143.840661
1780456764,134.527236
1780456764,126.277560
1780456764,123.479991
1780456764,123.248476
1780456764,124.566918
1780456764,137.197752
1780456764,123.523224
1780456764,117.299319
1780456764,120.610252
1780456764,104.312142
1780456764,135.577634
1780456764,103.582224
1780456764,136.875545
1780456764,102.661432
1780456764,137.315903
1780456764,120.066281
1780456764,122.836793
1780456764,120.997826
1780456764,122.941996
1780456764,135.400036
1780456764,104.189849
1780456764,134.750485
1780456764,104.245592
1780456764,137.342243
1780456764,135.790020
1780456764,136.579071
1780456764,105.189366
1780456764,105.578391
1780456764,104.271786
1780456764,125.615098
1780456764,136.381810
1780456764,104.324324
1780456764,135.244445
1780456764,105.002780
1780456764,124.742999
1780456764,134.829867
1780456764,127.292408
1780456764,127.309187
1780456764,127.253282
1780456764,139.555464
1780456764,127.993175
1780456764,126.146764
1780456764,125.970013
1780456764,138.070828
1780456764,124.371477
1780456764,122.170416
1780456764,137.336471
1780456764,138.666386
1780456764,124.857281
1780456764,122.916873
1780456764,124.936840
1780456764,136.394523
1780456764,103.982017
1780456764,104.174601
1780456764,134.565178
1780456764,134.479365
1780456764,104.235766
1780456764,132.095589
1780456764,121.069946
1780456764,121.181933
1780456764,132.121987
1780456764,104.256614
1780456764,123.549361
1780456764,104.301817
1780456764,125.413045
1780456764,121.123617
1780456764,104.393393
1780456764,132.373219
1780456764,134.975778
1780456764,135.508494
1780456764,104.488972
1780456764,122.011894
1780456764,104.565518
1780456764,125.024542
1780456764,136.079367
1780456764,136.091429
1780456764,132.193922
1780456764,136.389241
1780456764,106.066766
1780456764,123.899708
1780456764,123.618416
1780456764,106.156594
1780456764,137.354280
1780456764,132.114595
1780456764,132.638198
1780456764,121.541193
1780456764,124.041706
1780456764,131.802191
1780456764,131.962828
1780456764,121.185980
1780456764,131.956619
1780456764,124.231268
1780456764,131.805149
1780456764,132.393686
1780456764,132.235919
1780456764,124.071741
1780456764,123.528696
1780456764,121.090986
1780456764,109.301688
1780456764,132.201899
1780456764,127.902940
1780456764,128.369790
1780456764,125.922012
1780456764,108.886626
1780456764,126.744363
1780456764,126.531973
1780456764,126.839455
1780456764,107.860166
1780456764,109.599973
1780456764,133.050828
1780456764,125.445097
1780456764,125.318457
1780456764,123.962761
1780456764,129.095010
1780456764,122.568073
1780456764,132.970214
1780456764,124.040737
1780456764,104.569720
1780456764,133.514418
1780456764,108.333727
1780456764,133.771283
1780456764,133.547323
1780456764,126.622390
1780456764,103.250388
1780456764,103.298767
1780456764,126.065963
1780456764,123.567740
1780456764,126.566516
1780456764,133.518619
1780456764,126.301197
1780456764,133.802759
1780456764,126.677513
1780456764,124.281729
1780456764,101.726012
1780456764,131.810407
1780456764,132.001800
1780456764,102.882703
1780456764,134.476705
1780456764,126.899335
1780456764,132.691980
1780456764,125.064942
1780456764,132.494669
1780456764,125.232062
1780456764,126.333090
1780456764,129.299559
1780456764,126.416868
1780456764,125.691855
1780456764,125.738094
1780456764,132.180730
1780456764,125.629859
1780456764,108.923433
1780456764,102.753346
1780456764,133.552384
1780456764,133.619656
1780456764,132.174733
1780456764,135.117912
1780456764,132.981749
1780456764,130.424131
1780456764,131.302990
1780456764,131.546684
1780456764,130.693408
1780456764,133.142048
1780456764,131.025859
1780456764,130.577544
1780456764,134.901991
1780456764,132.328997
1780456764,130.947812
1780456764,132.514576
1780456764,103.730131
1780456764,103.771412
1780456764,130.239832
1780456764,103.851582
1780456764,128.973947
1780456764,129.028691
1780456764,129.102285
1780456764,131.460752
1780456764,131.447517
1780456764,130.944008
1780456764,131.166960
1780456764,103.024827
1780456764,130.031704
1780456764,130.063159
1780456764,122.748450
1780456764,114.610925
1780456764,103.783306
1780456764,114.898114
1780456764,103.718494
1780456764,115.146417
1780456764,103.892325
1780456764,115.187909
1780456764,115.351164
1780456764,115.376899
1780456764,104.706756
1780456764,115.483336
1780456764,104.819983
1780456764,115.554319
1780456764,103.390272
1780456764,115.063488
1780456764,115.176180
1780456764,104.554486
1780456764,105.667348
1780456764,115.243956
1780456764,115.292348
1780456764,115.246761
1780456764,105.629297
1780456764,115.324500
1780456764,103.891226
1780456764,114.361401
1780456764,114.446931
1780456764,114.063171
1780456764,113.082785
1780456764,113.147406
1780456764,113.257535
1780456764,113.421094
1780456764,107.286001
1780456764,107.193991
1780456764,113.526216
1780456764,108.695781
1780456764,106.615511
1780456764,108.665223
1780456764,108.901314
1780456764,105.460218
1780456764,114.086441
1780456764,114.120406
1780456764,109.103460
1780456764,106.722208
1780456764,109.119676
1780456764,109.110138
1780456764,106.946874
1780456764,106.688495
1780456764,105.511643
1780456764,114.486254
1780456764,114.556421
1780456764,106.263108
1780456764,106.328710
1780456764,106.089726
1780456764,110.010626
1780456764,115.314890
1780456764,110.022216
1780456764,104.856109
1780456764,108.739649
1780456764,110.070184
1780456764,112.332892
1780456764,115.475388
1780456764,104.991936
1780456764,115.514750
1780456764,105.067791
1780456764,109.240231
1780456764,109.146478
1780456764,110.682072
1780456764,115.677163
1780456764,115.669235
1780456764,115.913652
1780456764,115.360671
1780456764,110.425551
1780456764,115.424726
1780456764,106.742379
1780456764,113.806831
1780456764,114.685655
1780456764,115.013691
1780456764,106.736732
1780456764,106.775492
1780456764,114.344602
1780456764,114.293930
1780456764,113.947329
1780456764,110.658384
1780456764,110.575029
1780456764,110.512022
1780456764,110.349014
1780456764,110.672680
1780456764,114.461177
1780456764,107.296965
1780456764,106.372234
1780456764,115.326187
1780456764,108.364471
1780456764,115.089687
1780456764,108.369198
1780456764,115.843868
1780456764,108.439270
1780456764,114.279368
1780456764,115.865193
1780456764,106.101686
1780456764,108.609828
1780456764,115.830721
1780456764,107.256487
1780456764,115.943448
1780456764,109.278945
1780456764,109.206212
1780456764,109.205391
1780456764,107.911890
1780456764,109.028944
1780456764,109.322388
1780456764,104.810812
1780456764,106.043384
1780456764,107.907604
1780456764,108.716180
1780456764,104.925639
1780456764,108.254123
1780456764,113.470178
1780456764,108.304148
1780456764,113.730714
1780456764,105.359456
1780456764,114.110780
1780456764,119.545646
1780456764,107.800987
1780456764,120.787994
1780456764,113.808485
1780456764,107.923509
1780456764,111.593047
1780456764,117.756208
1780456764,114.028201
1780456764,107.415167
1780456764,119.720645
1780456764,107.496100
1780456764,117.958915
1780456764,107.342203
1780456764,120.340871
1780456764,120.236480
1780456764,118.118981
1780456764,112.481114
1780456764,110.245884
1780456764,112.678931
1780456764,118.147197
1780456764,113.988954
1780456764,110.666713
1780456764,112.908267
1780456764,111.916095
1780456764,110.764402
1780456764,110.807578
1780456764,110.581694
1780456764,112.866173
1780456764,120.000156
1780456764,120.047289
1780456764,114.164417
1780456764,114.630334
1780456764,115.116867
1780456764,115.278439
1780456764,113.591728
1780456764,121.652578
1780456764,116.059509
1780456764,116.433138
1780456764,121.936919
1780456764,116.295050
1780456764,109.767937
1780456764,110.029280
1780456764,116.326354
1780456764,122.181354
1780456764,116.410754
1780456764,109.950440
1780456764,110.213743
1780456764,116.470539
1780456764,110.502915
1780456764,122.430051
1780456764,122.629822
1780456764,110.336337
1780456764,110.586080
1780456764,122.627316
1780456764,123.058382
1780456764,110.815178
1780456764,105.656333
1780456764,105.734479
1780456764,113.211931
1780456764,105.870919
1780456764,115.341984
1780456764,120.047562
1780456764,120.128552
1780456764,120.205581
1780456764,109.472094
1780456764,121.549720
1780456764,121.485317
1780456764,113.217017
1780456764,108.067134
1780456764,108.145071
1780456764,108.220022
1780456764,123.859551
1780456764,123.946090
1780456764,124.060319
1780456764,111.936281
1780456764,111.266501
1780456764,112.337285
1780456764,112.324427
1780456764,112.401517
1780456764,112.387848
1780456764,111.407410
1780456764,112.235199
1780456764,114.866780
1780456764,112.544849
1780456764,112.500310
1780456764,112.171976
1780456764,112.148184
1780456764,112.643619
1780456764,112.500150
1780456764,112.786660
1780456764,111.709924
1780456764,112.426999
1780456764,115.231943
1780456764,112.342633
1780456764,110.891197
1780456764,114.723963
1780456764,114.389147
1780456764,103.251090
1780456764,113.514247
1780456764,113.792169
1780456764,113.568086
1780456764,107.022723
1780456764,108.158145
1780456764,103.888445
1780456764,103.990383
1780456764,113.853632
1780456764,104.024127
1780456764,103.595619
1780456764,113.858234
1780456764,113.745280
1780456764,110.754059
1780456764,114.222003
1780456764,104.369758
1780456764,110.918378
1780456764,114.843101
1780456764,112.471916
1780456764,104.513064
1780456764,111.308259
1780456764,114.527878
1780456764,102.797209
1780456764,104.887783
1780456764,115.230161
1780456764,110.713137
1780456764,102.933597
1780456764,114.693993
1780456764,105.122474
1780456764,116.429477
1780456764,116.010833
1780456764,104.160204
1780456764,116.277762
1780456764,116.427251
1780456764,115.815415
1780456764,116.011377
1780456764,110.169488
1780456764,116.424933
1780456764,110.380705
1780456764,111.671762
1780456764,110.705078
1780456764,102.749018
1780456764,110.870949
1780456764,111.079197
1780456764,105.785482
1780456764,108.014701
1780456764,118.068470
1780456764,106.196834
1780456764,112.855083
1780456764,113.031202
1780456764,108.507905
1780456764,113.074402
1780456764,110.479480
1780456764,108.638979
1780456764,108.634667
1780456764,110.302163
1780456764,109.197797
1780456764,102.832498
1780456764,107.333474
1780456764,109.472647
1780456764,107.640358
1780456764,109.708114
1780456764,109.530715
1780456764,107.855469
1780456764,110.524396
1780456764,110.818325
1780456764,108.644304
1780456764,108.579121
1780456764,111.374095
1780456764,104.716632
1780456764,111.433111
1780456764,111.257002
1780456764,103.324771
1780456764,111.429809
1780456764,111.499472
1780456764,106.088070
1780456764,111.526532
1780456764,106.277058
1780456764,109.967653
1780456764,106.763380
1780456764,112.073701
1780456764,106.914577
1780456764,110.203234
1780456764,105.983329
1780456764,110.633160
1780456764,102.353460
1780456764,110.731653
1780456764,107.480369
1780456764,102.540034
1780456764,104.076473
1780456764,106.305322
1780456764,111.069899
1780456764,102.772893
1780456764,110.995478
1780456764,106.787729
1780456764,102.943179
1780456764,108.176045
1780456764,103.093747
1780456764,106.991007
1780456764,101.949761
1780456764,107.401459
1780456764,103.547556
1780456764,103.623224
1780456764,102.409977
1780456764,108.824233
1780456764,103.762626
1780456764,103.837110
1780456764,109.109086
1780456764,103.942009
1780456764,102.816492
1780456764,108.015350
1780456764,108.341597
1780456764,103.098563
1780456764,108.282782
1780456764,109.549683
1780456764,107.163491
1780456764,109.907961
1780456764,102.373093
1780456764,106.690428
1780456764,105.060979
1780456764,105.484080
1780456764,110.844541
1780456764,110.856734
1780456764,114.499065
1780456764,110.734977
1780456764,114.856016
1780456764,110.883860
1780456764,111.037693
1780456764,109.652633
1780456764,114.898830
1780456764,111.187976
1780456764,109.835165
1780456764,113.399078
1780456764,111.156595
1780456764,113.684146
1780456764,115.344008
1780456764,113.794305
1780456764,111.258529
1780456764,114.913638
1780456764,115.432579
1780456764,115.151873
1780456764,116.442050
1780456764,110.153873
1780456764,115.576895
1780456764,111.780565
1780456764,107.373549
1780456764,109.540716
1780456764,109.633744
1780456764,105.197659
1780456764,105.361572
1780456764,105.516540
1780456764,105.639253
1780456764,106.660992
1780456764,106.928767
1780456764,108.272304
1780456764,108.060389
1780456764,108.395066
1780456764,108.353506
1780456764,108.437538
1780456764,108.756104
1780456764,108.419195
1780456764,109.598171
1780456764,109.519096
1780456764,110.029254
1780456764,115.807290
1780456764,109.558902
1780456764,110.932687
1780456764,109.751881
1780456764,109.605370
1780456764,109.915355
1780456764,109.678210
1780456764,109.851388
1780456764,110.161278
1780456764,110.096241
1780456764,110.318338
1780456764,109.903888
1780456764,110.577932
1780456764,110.494411
1780456764,110.671906
1780456764,111.205482
1780456764,112.323162
1780456764,112.107387
1780456764,114.717184
1780456764,114.515837
1780456764,114.703197
1780456764,114.656583
1780456764,108.949266
1780456764,112.836401
1780456764,112.678380
1780456764,113.491568
1780456764,105.760218
1780456764,114.836599
1780456764,114.550941
1780456764,114.791355
1780456764,115.170614
1780456764,114.637200
1780456764,116.012158
1780456764,109.559793
1780456764,112.915083
1780456764,109.393048
1780456764,109.581647
1780456764,108.816509
1780456764,108.478801
1780456764,108.774132
1780456764,108.851304
1780456764,109.114126
1780456764,109.366794
1780456764,109.147495
1780456764,108.737574
1780456764,109.560512
1780456764,111.514166
1780456764,110.326272
1780456764,114.471588
1780456764,108.133256
1780456764,106.263384
1780456764,116.158212
1780456764,111.379135
1780456764,105.207977
1780456764,110.893354
1780456764,112.001217
1780456764,124.537192
1780456764,125.020730
1780456764,124.690941
1780456764,124.651111
1780456764,125.385644
1780456764,124.816538
1780456764,107.423532
1780456764,125.016819
1780456764,124.950257
1780456764,104.483531
1780456764,126.578137
1780456764,117.390832
1780456764,119.060044
1780456764,105.345332
1780456764,122.907250
1780456764,119.190774
1780456764,117.967949
1780456764,122.995741
1780456764,126.389174
1780456764,123.130756
1780456764,104.674344
1780456764,126.514736
1780456764,126.673441
1780456764,103.968897
1780456764,114.235105
1780456764,120.864094
1780456764,114.823301
1780456764,117.577917
1780456764,109.640780
1780456764,115.024448
1780456764,120.887243
1780456764,120.124479
1780456764,120.736200
1780456764,120.868027
1780456764,117.369165
1780456764,121.362230
1780456764,121.447984
1780456764,119.785437
1780456764,120.103582
1780456764,119.894634
1780456764,120.104313
1780456764,113.931366
1780456764,113.992069
1780456764,117.162692
1780456764,118.441892
1780456764,112.981698
1780456764,114.313582
1780456764,114.462308
1780456764,116.379338
1780456764,112.867975
1780456764,118.964731
1780456764,123.606925
1780456764,112.697975
1780456764,123.967054
1780456764,123.947453
1780456764,121.192615
1780456764,119.741123
1780456764,116.444255
1780456764,125.340839
1780456764,125.258685
1780456764,118.520039
1780456764,122.533689
1780456764,128.474990
1780456764,122.654982
1780456764,111.661082
1780456764,108.458601
1780456764,111.176102
1780456764,111.852389
1780456764,130.834735
1780456764,116.475337
1780456764,137.295578
1780456764,137.088942
1780456764,122.056762
1780456764,118.753063
1780456764,120.153613
1780456764,127.651206
1780456764,122.971545
1780456764,124.420849
1780456764,125.678872
1780456764,130.021326
1780456764,131.868637
1780456764,137.757619
1780456764,123.946142
1780456764,132.285033
1780456764,119.299626
1780456764,120.639327
1780456764,119.422170
1780456764,112.723026
1780456764,106.837643
1780456764,117.361431
1780456764,128.970755
1780456764,128.142466
1780456764,129.782061
1780456764,117.696878
1780456764,129.604175
1780456764,129.923441
1780456764,119.490383
1780456764,120.556789
1780456764,122.284902
1780456764,107.230569
1780456764,123.561318
1780456764,126.930881
1780456764,107.558458
1780456764,121.541711
1780456764,117.395662
1780456764,116.396109
1780456764,113.150470
1780456764,114.521407
1780456764,120.718916
1780456764,127.898349
1780456764,130.001554
1780456764,130.004633
1780456764,116.580911
1780456764,130.206056
1780456764,120.082569
1780456764,117.998328
1780456764,119.510456
1780456764,109.822062
1780456764,120.622690
1780456764,109.862006
1780456764,116.879845
1780456764,117.155541
1780456764,124.911412
1780456764,108.177697
1780456764,116.381503
1780456764,125.064598
1780456764,124.057772
1780456764,125.153801
1780456764,119.457475
1780456764,119.622228
1780456764,119.401873
1780456764,119.457516
1780456764,122.266100
1780456764,119.743853
1780456764,116.727382
1780456764,119.533646
1780456764,123.833724
1780456764,119.812487
1780456764,122.084976
1780456764,103.468772
1780456764,119.980912
1780456764,117.260208
1780456764,104.024025
1780456764,116.897095
1780456764,116.945128
1780456764,111.489223
1780456764,103.850841
1780456764,105.751613
1780456764,117.894310
1780456764,117.068035
1780456764,114.738286
1780456764,116.494016
1780456764,115.390399
1780456764,115.494948
1780456764,114.405348
1780456764,105.551052
1780456764,117.510880
1780456764,108.571902
1780456764,117.813776
1780456764,117.835672
1780456764,117.782725
1780456764,118.062326
1780456764,117.889722
1780456764,119.287715
1780456764,119.452511
1780456764,117.740259
1780456764,119.166765
1780456764,118.521509
1780456764,118.617867
1780456764,113.262541
1780456764,118.756888
1780456764,109.695198
1780456764,119.184274
1780456764,117.123540
1780456764,117.248246
1780456764,116.645797
1780456764,116.480394
1780456764,118.604050
1780456764,118.458078
1780456764,116.420084
1780456764,119.180516
1780456764,118.930783
1780456764,119.255372
1780456764,111.946856
1780456764,105.936814
1780456764,118.851166
1780456764,119.245420
1780456764,119.822353
1780456764,116.869738
1780456764,103.618968
1780456764,102.895652
1780456764,122.340182
1780456764,114.236537
1780456764,120.899389
1780456764,118.633966
1780456764,105.994088
1780456764,121.165497
1780456764,118.875027
1780456764,119.696033
1780456764,122.880692
1780456764,116.500549
1780456764,120.324702
1780456764,120.608538
1780456764,117.391939
1780456764,120.563154
1780456764,123.707465
1780456764,117.481473
1780456764,120.843189
1780456764,118.446966
1780456764,107.657761
1780456764,125.718797
1780456764,125.567979
1780456764,116.818915
1780456764,119.469717
1780456764,122.277320
1780456764,122.311617
1780456764,121.184755
1780456764,119.573498
1780456764,120.280238
1780456764,121.250458
1780456764,120.561803
1780456764,118.289776
1780456764,120.960347
1780456764,121.265776
1780456764,122.244363
1780456764,120.867953
1780456764,117.143772
1780456764,118.733964
1780456764,120.291623
1780456764,119.271458
1780456764,109.727587
1780456764,112.384744
1780456764,118.628588
1780456764,120.359184
1780456764,119.947433
1780456764,119.623013
1780456764,120.196628
1780456764,119.694000
1780456764,111.729316
1780456764,104.334118
1780456764,104.509884
1780456764,112.428429
1780456764,113.097653
1780456764,124.602011
1780456764,124.802925
1780456764,104.688950
1780456764,112.988069
1780456764,113.994345
1780456764,103.166384
1780456764,114.232706
1780456764,114.374756
1780456764,115.705553
1780456764,114.455951
1780456764,103.899671
1780456764,103.936374
1780456764,111.602288
1780456764,112.596870
1780456764,111.149102
1780456764,115.530487
1780456764,117.138692
1780456764,112.497360
1780456764,113.438282
1780456764,112.512501
1780456764,114.094250
1780456764,113.831634
1780456764,114.533880
1780456764,115.019190
1780456764,112.975230
1780456764,105.928344
1780456764,112.150389
1780456764,113.390844
1780456764,113.259014
1780456764,105.690131
1780456764,107.808914
1780456764,113.504073
1780456764,108.018209
1780456764,105.642793
1780456764,108.430413
1780456764,114.229673
1780456764,114.065273
1780456764,113.431463
1780456764,107.069178
1780456764,106.986466
1780456764,107.024635
1780456764,113.462712
1780456764,111.987751
1780456764,106.024698
1780456764,107.925900
1780456764,107.843011
1780456764,108.062376
1780456764,106.171562
1780456764,106.113799
1780456764,110.819972
1780456764,109.574428
1780456764,107.692338
1780456764,107.130868
1780456764,112.780195
1780456764,107.669173
1780456764,112.836865
1780456764,107.747687
1780456764,114.867033
1780456764,111.005709
1780456764,111.663677
1780456764,111.976445
1780456764,106.621824
1780456764,106.835636
1780456764,111.994868
1780456764,112.119940
1780456764,107.891751
1780456764,106.752492
1780456764,112.356031
1780456764,106.852032
1780456764,107.530457
1780456764,112.179430
1780456764,112.357634
1780456764,112.541841
1780456764,103.836286
1780456764,114.298871
1780456764,114.384638
1780456764,108.383194
1780456764,114.558952
1780456764,105.704667
1780456764,112.399032
1780456764,108.385240
1780456764,108.428736
1780456764,112.600905
1780456764,106.006432
1780456764,106.090665
1780456764,114.109315
1780456764,105.720451
1780456764,114.091322
1780456764,114.170112
1780456764,106.057821
1780456764,114.287533
1780456764,114.372617
1780456764,108.900171
1780456764,108.957448
1780456764,108.967924
1780456764,115.864762
1780456764,109.356423
1780456764,105.768150
1780456764,109.357486
1780456764,109.369436
1780456764,109.607378
1780456764,108.416403
1780456764,116.132128
1780456764,106.821242
1780456764,111.382657
1780456764,107.394229
1780456764,105.669046
1780456764,111.748262
1780456764,112.921603
1780456764,106.075944
1780456764,116.751492
1780456764,107.920418
1780456764,117.113202
1780456764,112.109803
1780456764,108.188533
1780456764,111.990839
1780456764,103.768744
1780456764,104.667015
1780456764,115.112436
1780456764,115.196283
1780456764,114.885682
1780456764,115.287411
1780456764,111.697939
1780456764,115.209731
1780456764,115.264182
1780456764,111.712583
1780456764,114.461561
1780456764,114.992572
1780456764,108.785918
1780456764,111.580091
1780456764,113.429796
1780456764,116.998539
1780456764,116.152636
1780456764,114.947313
1780456764,114.069216
1780456764,116.646728
1780456764,117.587773
1780456764,112.323737
1780456764,116.945035
1780456764,109.221798
1780456764,112.407681
1780456764,116.964923
1780456764,109.229764
1780456764,110.710391
1780456764,109.834361
1780456764,110.486709
1780456764,109.967169
1780456764,107.535859
1780456764,107.632508
1780456764,111.090276
1780456764,111.246715
1780456764,110.233920
1780456764,107.980587
1780456764,108.229838
1780456764,108.366208
1780456764,108.439183
1780456764,108.514585
1780456764,109.025125
1780456764,109.154786
1780456764,110.964853
1780456764,107.951841
1780456764,108.374372
1780456764,112.709091
1780456764,109.077636
1780456764,109.426971
1780456764,110.769878
1780456764,108.414244
1780456764,108.973463
1780456764,108.765929
1780456764,109.188154
1780456764,109.280121
1780456764,102.994113
1780456764,103.663268
1780456764,103.918265
1780456764,104.420879
1780456764,104.583839
1780456764,104.702544
1780456764,104.670544
1780456764,104.501310
1780456764,104.789031
1780456764,104.685745
1780456764,105.233649
1780456764,105.657156
1780456764,105.801468
1780456764,105.487974
1780456764,105.606419
1780456764,105.566557
1780456764,105.637326
1780456764,105.782139
1780456764,106.672917
1780456764,104.071068
1780456764,102.747307
1780456764,107.425448
1780456764,107.626098
1780456764,107.389835
1780456764,107.560547
1780456764,107.666654
1780456764,107.804404
1780456764,107.623393
1780456764,107.869178
1780456764,107.589987
1780456764,105.186105
1780456764,107.536489
1780456764,108.020262
1780456764,107.802790
1780456764,107.663731
1780456764,108.236540
1780456764,108.068581
1780456764,108.145548
1780456764,108.394001
1780456764,107.751568
1780456764,108.345770
1780456764,107.993450
1780456764,104.283906
1780456764,107.317810
1780456764,108.126224
1780456764,103.494517
1780456764,108.185431
1780456764,108.831242
1780456764,106.741012
1780456764,109.011232
1780456764,107.969383
1780456764,104.811416
1780456764,108.527058
1780456764,109.254787
1780456764,107.072261
1780456764,109.235502
1780456764,109.218176
1780456764,106.958499
1780456764,106.911570
1780456764,107.142471
1780456764,108.989169
1780456764,109.502894
1780456764,104.920393
1780456764,109.708600
1780456764,107.266040
1780456764,107.532535
1780456764,109.820861
1780456764,109.897041
1780456764,105.331810
1780456764,107.549768
1780456764,109.727960
1780456764,109.242388
1780456764,104.092520
1780456764,107.210703
1780456764,105.240510
1780456764,107.417332
1780456764,107.386639
1780456764,107.176694
1780456764,105.368214
1780456764,104.430849
1780456764,106.024941
1780456764,108.132048
1780456764,105.669436
1780456764,105.005924
1780456764,106.030394
1780456764,105.893335
1780456764,106.787036
1780456764,108.756409
1780456764,108.980120
1780456764,107.219448
1780456764,106.660529
1780456764,109.572596
1780456764,109.581021
1780456764,111.255919
1780456764,111.883739
1780456764,106.271032
1780456764,107.735817
1780456764,106.438972
1780456764,107.725046
1780456764,106.299408
1780456764,107.147687
1780456764,107.219012
1780456764,107.083741
1780456764,107.160512
1780456764,108.677258
1780456764,107.399904
1780456764,107.354006
1780456764,107.546907
1780456764,107.391757
1780456764,111.132560
1780456764,108.860821
1780456764,108.790466
1780456764,108.737484
1780456764,111.777538
1780456764,107.657928
1780456764,109.663144
1780456764,108.002089
1780456764,112.585661
1780456764,112.494566
1780456764,109.558125
1780456764,107.478981
1780456764,107.594026
1780456764,107.137534
1780456764,104.862729
1780456764,105.126722
1780456764,105.614179
1780456764,104.207482
1780456764,105.517106
1780456764,105.507743
1780456764,104.584501
1780456764,112.190642
1780456764,112.717837
1780456764,113.344230
1780456764,111.469321
1780456764,112.227753
1780456764,113.186986
1780456764,113.334117
1780456764,109.224647
1780456764,105.802617
1780456764,112.652400
1780456764,111.494349
1780456764,113.226497
1780456764,114.268941
1780456764,112.258092
1780456764,112.508181
1780456764,112.632155
1780456764,112.553634
1780456764,115.026801
1780456764,113.073222
1780456764,112.822845
1780456764,110.699866
1780456764,107.417594
1780456764,107.851167
1780456764,112.047309
1780456764,108.039656
1780456764,109.623229
1780456764,108.457230
1780456764,108.405903
1780456764,110.233400
1780456764,110.298297
1780456764,109.885337
1780456764,110.407183
1780456764,110.838081
1780456764,113.858514
1780456764,110.839636
1780456764,112.361280
1780456764,113.587838
1780456764,113.824486
1780456764,111.337286
1780456764,113.214961
1780456764,107.962184
1780456764,111.191918
1780456764,107.232423
1780456764,108.045382
1780456764,109.140939
1780456764,111.558562
1780456764,103.040238
1780456764,103.124802
1780456764,108.820814
1780456764,111.364097
1780456764,111.601630
1780456764,111.701307
1780456764,109.401557
1780456764,109.267728
1780456764,106.521659
1780456764,109.064618
1780456764,110.866353
1780456764,108.809401
1780456764,103.247263
1780456764,108.121139
1780456764,112.618640
1780456764,105.765195
1780456764,105.550264
1780456764,112.395113
1780456764,105.827916
1780456764,105.969785
1780456764,112.569522
1780456764,112.647275
1780456764,108.970659
1780456764,108.865667
1780456764,109.902056
1780456764,105.983944
1780456764,109.062305
1780456764,105.873758
1780456764,103.649415
1780456764,104.577726
1780456764,104.306937
1780456764,104.132138
1780456764,103.814522
1780456764,104.561906
1780456764,104.676608
1780456764,104.655054
1780456764,104.515592
1780456764,110.596718
1780456764,109.414238
1780456764,104.695410
1780456764,105.052907
1780456764,106.316741
1780456764,104.933913
1780456764,105.073501
1780456764,106.613553
1780456764,103.094768
1780456764,105.184671
1780456764,103.262460
1780456764,104.080083
1780456764,109.739617
1780456764,104.483816
1780456764,103.882166
1780456764,103.350928
1780456764,110.403879
1780456764,105.929911
1780456764,104.271394
1780456764,109.140150
1780456764,104.478126
1780456764,104.549060
1780456764,106.293734
1780456764,104.231132
1780456764,103.593032
1780456764,109.451359
1780456764,103.594357
1780456764,107.772846
1780456764,104.765598
1780456764,104.223292
1780456764,107.817039
1780456764,104.267321
1780456764,109.801849
1780456764,103.720943
1780456764,109.049949
1780456764,108.524861
1780456764,108.390546
1780456764,109.457170
1780456764,103.162135
1780456764,105.422417
1780456764,106.129238
1780456764,108.140691
1780456764,105.471528
1780456764,109.076164
1780456764,105.584408
1780456764,109.975182
1780456764,109.644750
1780456764,109.757164
1780456764,110.113788
1780456764,105.258502
1780456764,109.903695
1780456764,110.385993
1780456764,103.358476
1780456764,109.684371
1780456764,106.062809
1780456764,109.917901
1780456764,110.743361
1780456764,103.665422
1780456764,109.538806
1780456764,110.653854
1780456764,109.472495
1780456764,109.112799
1780456764,110.705891
1780456764,110.272744
1780456764,110.140307
1780456764,104.502872
1780456764,109.927491
1780456764,106.733556
1780456764,111.613448
1780456764,112.068481
1780456764,113.461892
1780456764,113.237643
1780456764,112.829688
1780456764,105.077935
1780456764,105.856728
1780456764,105.974088
1780456764,113.446851
1780456764,105.635976
1780456764,114.571132
1780456764,114.281363
1780456764,105.748357
1780456764,115.414058
1780456764,106.126381
1780456764,106.575631
1780456764,114.587483
1780456764,106.607121
1780456764,115.648574
1780456764,116.185751
1780456764,105.616429
1780456764,105.698230
1780456764,106.485771
1780456764,116.190461
1780456764,106.602229
1780456764,107.034723
1780456764,106.547555
1780456764,107.133489
1780456764,108.252560
1780456764,107.759254
1780456764,105.522663
1780456764,105.666336
1780456764,113.902743
1780456764,106.673996
1780456764,106.807869
1780456764,113.882057
1780456764,106.143127
1780456764,113.991340
1780456764,106.627797
1780456764,114.043632
1780456764,109.062016
1780456764,106.016764
1780456764,106.040813
1780456764,106.184611
1780456764,110.343964
1780456764,105.954125
1780456764,114.265593
1780456764,104.974807
1780456764,113.547455
1780456764,106.929251
1780456764,114.542146
1780456764,106.964503
1780456764,106.311838
1780456764,116.861879
1780456764,105.025197
1780456764,107.888383
1780456764,115.223614
1780456764,108.331788
1780456764,107.946341
1780456764,117.361572
1780456764,113.797836
1780456764,105.704479
1780456764,106.335658
1780456764,117.611404
1780456764,107.393720
1780456764,107.373941
1780456764,117.263695
1780456764,116.412629
1780456764,116.915721
1780456764,104.116573
1780456764,110.818162
1780456764,104.744726
1780456764,110.028537
1780456764,112.232379
1780456764,112.431727
1780456764,112.060450
1780456764,112.413996
1780456764,118.324038
1780456764,108.593138
1780456764,110.368143
1780456764,118.228269
1780456764,107.202966
1780456764,107.456384
1780456764,107.458872
1780456764,110.263725
1780456764,110.516623
1780456764,107.492816
1780456764,108.868341
1780456764,108.937128
1780456764,109.096455
1780456764,109.195521
1780456764,102.788599
1780456764,112.953901
1780456764,108.413963
1780456764,113.440067
1780456764,103.815166
1780456764,112.631537
1780456764,113.009550
1780456764,104.015458
1780456764,112.922266
1780456764,111.366235
1780456764,104.905283
1780456764,111.461376
1780456764,111.561056
1780456764,110.371657
1780456764,110.390093
1780456764,104.195139
1780456764,112.165438
1780456764,112.093232
1780456764,110.887771
1780456764,104.217430
1780456764,104.548724
1780456764,111.197322
1780456764,111.424167
1780456764,106.497029
1780456764,105.600756
1780456764,105.717271
1780456764,106.698622
1780456764,106.589499
1780456764,111.597032
1780456764,106.750844
1780456764,105.837727
1780456764,111.508276
1780456764,111.691429
1780456764,112.284706
1780456764,111.726261
1780456764,110.948661
1780456764,105.949458
1780456764,111.154482
1780456764,110.599361
1780456764,110.922203
1780456764,106.524544
1780456764,110.763322
1780456764,109.482165
1780456764,108.895971
1780456764,108.857514
1780456764,106.002494
1780456764,111.251220
1780456764,110.930408
1780456764,118.968863
1780456764,112.992952
1780456764,113.252386
1780456764,113.038277
1780456764,113.180851
1780456764,117.218680
1780456764,106.101559
1780456764,104.364072
1780456764,104.532484
1780456764,110.777806
1780456764,104.916097
1780456764,105.457505
1780456764,111.122248
1780456764,121.291012
1780456764,116.380395
1780456764,105.834955
1780456764,119.697051
1780456764,119.650426
1780456764,111.168642
1780456764,116.475756
1780456764,116.239944
1780456764,116.773217
1780456764,119.927628
1780456764,112.018921
1780456764,104.215274
1780456764,106.287841
1780456764,109.084656
1780456764,106.692325
1780456764,106.941471
1780456764,105.012860
1780456764,107.408607
1780456764,107.061573
1780456764,115.986564
1780456764,117.399309
1780456764,117.538426
1780456764,115.693966
1780456764,108.576014
1780456764,108.851052
1780456764,115.842475
1780456764,115.915983
1780456764,109.112502
1780456764,109.036245
1780456764,116.137146
1780456764,117.750514
1780456764,109.299062
1780456764,108.941421
1780456764,109.166671
1780456764,106.505665
1780456764,107.833588
1780456764,108.295346
1780456764,109.393273
1780456764,116.379386
1780456764,108.871857
1780456764,118.921057
1780456764,114.302501
1780456764,104.375244
1780456764,108.851693
1780456764,114.876433
1780456764,107.125291
1780456764,117.263605
1780456764,107.815715
1780456764,119.842111
1780456764,106.347333
1780456764,107.898236
1780456764,117.422114
1780456764,107.823178
1780456764,115.283059
1780456764,115.240596
1780456764,106.358436
1780456764,116.725464
1780456764,108.171533
1780456764,115.919578
1780456764,116.643978
1780456764,114.151358
1780456764,114.227204
1780456764,114.358180
1780456764,107.185130
1780456764,114.238497
1780456764,106.932124
1780456764,114.273982
1780456764,115.285416
1780456764,110.268500
1780456764,115.498393
1780456764,108.256906
1780456764,108.953304
1780456764,109.775773
1780456764,104.956903
1780456764,107.588765
1780456764,104.607338
1780456764,106.035662
1780456764,109.127731
1780456764,107.043116
1780456764,108.410290
1780456764,107.581193
1780456764,109.196851
1780456764,107.209086
1780456764,105.736995
1780456764,107.899216
1780456764,104.175691
1780456764,105.047918
1780456764,112.929208
1780456764,114.278605
1780456764,117.362824
1780456764,112.751801
1780456764,112.949914
1780456764,113.063724
1780456764,112.260051
1780456764,116.527291
1780456764,112.200746
1780456764,111.510210
1780456764,114.900426
1780456764,112.478100
1780456764,113.564558
1780456764,115.851603
1780456764,115.090788
1780456764,115.632909
1780456764,110.104348
1780456764,116.963811
1780456764,112.807385
1780456764,111.623553
1780456764,116.511457
1780456764,109.186204
1780456764,111.668792
1780456764,109.333907
1780456764,118.297518
1780456764,111.840942
1780456764,119.011171
1780456764,119.253729
1780456764,115.841344
1780456764,108.534990
1780456764,121.175919
1780456764,116.855262
1780456764,121.273768
1780456764,116.391788
1780456764,109.738013
1780456764,119.770151
1780456764,119.950423
1780456764,110.819003
1780456764,120.282733
1780456764,109.984130
1780456764,121.455897
1780456764,121.686430
1780456764,120.229573
1780456764,107.398964
1780456764,120.147727
1780456764,119.722874
1780456764,105.952992
1780456764,118.159644
1780456764,119.275769
1780456764,115.105873
1780456764,120.306549
1780456764,107.735183
1780456764,115.781829
1780456764,108.366816
1780456764,115.972137
1780456764,116.391154
1780456764,115.842538
1780456764,120.566232
1780456764,120.022817
1780456764,122.654230
1780456764,123.363878
1780456764,106.681081
1780456764,118.604275
1780456764,123.399909
1780456764,123.683550
1780456764,106.897415
1780456764,123.786670
1780456764,123.860794
1780456764,108.557939
1780456764,123.751374
1780456764,121.108082
1780456764,123.857227
1780456764,112.581132
1780456764,114.127437
1780456764,113.209844
1780456764,120.099630
1780456764,120.300580
1780456764,120.374009
1780456764,117.332124
1780456764,117.808994
1780456764,117.243597
1780456764,119.310999
1780456764,117.082969
1780456764,117.557105
1780456764,107.244517
1780456764,104.645977
1780456764,109.838477
1780456764,118.387349
1780456764,120.321042
1780456764,119.588741
1780456764,120.773284
1780456764,120.847984
1780456764,118.717512
1780456764,107.969604
1780456764,120.523577
1780456764,115.233820
1780456764,121.305569
1780456764,108.504542
1780456764,121.109831
1780456764,120.933015
1780456764,108.033661
1780456764,108.350391
1780456764,121.321768
1780456764,120.659314
1780456764,108.196837
1780456764,103.966529
1780456764,120.860698
1780456764,108.523576
1780456764,106.500426
1780456764,111.502788
1780456764,117.696292
1780456764,112.300019
1780456764,121.944567
1780456764,107.368090
1780456764,119.518884
1780456764,119.890114
1780456764,105.222614
1780456764,113.968553
1780456764,120.214666
1780456764,120.650030
1780456764,114.451624
1780456764,120.922292
1780456764,108.372292
1780456764,109.178314
1780456764,122.400565
1780456764,109.290304
1780456764,104.849865
1780456764,120.837739
1780456764,110.680420
1780456764,108.762986
1780456764,108.291837
1780456764,110.843064
1780456764,108.296069
1780456764,107.010521
1780456764,103.730800
1780456764,119.689025
1780456764,105.436515
1780456764,111.848874
1780456764,119.471370
1780456764,120.397909
1780456764,120.642305
1780456764,102.412757
1780456764,103.113552
1780456764,122.559807
1780456764,107.638352
1780456764,120.845262
1780456764,107.981427
1780456764,121.210225
1780456764,108.642267
1780456764,106.665462
1780456764,118.078145
1780456764,106.530071
1780456764,108.688695
1780456764,118.384760
1780456764,111.811664
1780456764,116.105468
1780456764,128.563816
1780456764,111.041312
1780456764,118.259580
1780456764,109.963785
1780456764,110.088732
1780456764,120.254272
1780456764,117.978326
1780456764,111.912715
1780456764,111.730904
1780456764,118.900737
1780456764,111.344972
1780456764,120.900779
1780456764,120.190397
1780456764,123.330759
1780456764,116.477028
1780456764,125.074056
1780456764,121.308977
1780456764,122.101693
1780456764,116.901336
1780456764,122.145234
1780456764,112.221423
1780456764,129.900797
1780456764,117.294397
1780456764,115.042896
1780456764,104.052072
1780456764,120.384598
1780456764,115.206162
1780456764,115.050597
1780456764,109.308889
1780456764,109.616855
1780456764,111.601234
1780456764,111.448307
1780456764,130.160805
1780456764,117.862077
1780456764,104.831527
1780456764,104.672776
1780456764,115.126337
1780456764,115.934600
1780456764,122.752629
1780456764,104.074412
1780456764,113.376000
1780456764,114.381685
1780456764,121.904910
1780456764,104.172884
1780456764,121.846999
1780456764,128.114572
1780456764,114.507325
1780456764,121.346445
1780456764,121.739458
1780456764,105.702937
1780456764,106.801795
1780456764,113.113437
1780456764,106.989830
1780456764,126.984260
1780456764,106.514188
1780456764,106.691152
1780456764,124.110393
1780456764,117.507624
1780456764,106.840820
1780456764,107.717362
1780456764,113.769467
1780456764,112.412972
1780456764,107.852538
1780456764,117.661287
1780456764,114.502263
1780456764,117.376199
1780456764,122.649155
1780456764,107.042781
1780456764,115.671496
1780456764,114.394305
1780456764,107.960549
1780456764,108.112193
1780456764,114.458500
1780456764,117.942213
1780456764,118.023253
1780456764,106.851115
1780456764,113.279323
1780456764,114.850710
1780456764,113.829970
1780456764,115.557693
1780456764,115.419950
1780456764,118.749447
1780456764,114.336922
1780456764,117.885815
1780456764,116.266253
1780456764,116.112353
1780456764,106.323676
1780456764,115.624291
1780456764,106.527346
1780456764,115.500853
1780456764,115.703609
1780456764,110.013497
1780456764,108.340079
1780456764,110.224556
1780456764,108.326372
1780456764,108.493717
1780456764,108.267990
1780456764,107.997733
1780456764,110.432679
1780456764,115.838302
1780456764,110.451065
1780456764,103.801216
1780456764,111.979231
1780456764,112.421557
1780456764,110.330705
1780456764,112.369480
1780456764,109.123244
1780456764,109.405998
1780456764,109.407069
1780456764,117.519071
1780456764,118.397383
1780456764,110.587697
1780456764,118.510018
1780456764,112.821590
1780456764,107.253041
1780456764,109.298002
1780456764,109.487713
1780456764,104.230042
1780456764,112.247170
1780456764,112.268221
1780456764,108.778014
1780456764,107.982811
1780456764,113.239488
1780456764,110.224841
1780456764,112.872647
1780456764,113.352335
1780456764,105.702304
1780456764,109.474865
1780456764,111.108943
1780456764,111.538854
1780456764,113.455643
1780456764,111.420012
1780456764,111.418910
1780456764,109.048908
1780456764,111.337516
1780456764,110.154249
1780456764,113.035973
1780456764,109.486656
1780456764,110.540020
1780456764,109.519210
1780456764,108.069658
1780456764,107.566311
1780456764,110.808804
1780456764,108.147219
1780456764,108.068936
1780456764,107.661736
1780456764,107.637372
1780456764,111.490137
1780456764,108.147665
1780456764,108.082304
1780456764,111.371468
1780456764,113.275322
1780456764,109.020508
1780456764,112.510277
1780456764,108.592756
1780456764,112.262980
1780456764,106.339781
1780456764,106.518215
1780456764,106.600583
1780456764,108.495595
1780456764,108.353114
1780456764,112.584825
1780456764,112.443985
1780456764,112.883677
1780456764,112.476685
1780456764,116.151254
1780456764,116.359965
1780456764,107.694391
1780456764,107.835158
1780456764,116.733514
1780456764,107.875489
1780456764,111.781083
1780456764,117.214912
1780456764,117.505538
1780456764,117.599640
1780456764,111.670629
1780456764,108.260988
1780456764,117.661805
1780456764,117.758774
1780456764,117.915833
1780456764,116.085710
1780456764,118.030971
1780456764,116.263364
1780456764,118.292359
1780456764,113.102798
1780456764,110.594334
1780456764,109.947566
1780456764,118.951510
1780456764,119.126512
1780456764,120.056201
1780456764,115.127498
1780456764,118.250344
1780456764,114.522967
1780456764,119.781220
1780456764,118.485634
1780456764,119.975566
1780456764,118.196056
1780456764,106.964475
1780456764,119.288311
1780456764,108.765111
1780456764,110.388215
1780456764,106.671752
1780456764,107.291278
1780456764,119.513934
1780456764,106.577962
1780456764,109.216201
1780456764,119.800303
1780456764,109.312458
1780456764,107.820428
1780456764,110.015185
1780456764,107.882850
1780456764,108.272161
1780456764,107.287665
1780456764,119.614147
1780456764,107.448795
1780456764,107.643377
1780456764,125.036203
1780456764,121.930985
1780456764,122.898804
1780456764,121.550181
1780456764,121.534342
1780456764,125.438887
1780456764,123.408046
1780456764,121.526581
1780456764,122.086402
1780456764,121.633728
1780456764,115.000404
1780456764,114.992696
1780456764,118.606813
1780456764,113.309286
1780456764,118.814312
1780456764,120.609863
1780456764,118.747708
1780456764,107.196538
1780456764,108.731115
1780456764,111.026101
1780456764,115.046338
1780456764,111.841060
1780456764,103.408560
1780456764,110.222788
1780456764,108.667592
1780456764,110.070697
1780456764,118.051842
1780456764,119.409649
1780456764,122.405058
1780456764,119.841269
1780456764,116.025770
1780456764,116.300816
1780456764,118.362833
1780456764,119.502059
1780456764,119.702591
1780456764,118.561989
1780456764,122.493334
1780456764,118.465660
1780456764,116.631518
1780456764,116.707233
1780456764,114.743679
1780456764,116.179796
1780456764,122.734662
1780456764,114.599097
1780456764,120.451520
1780456764,122.514610
1780456764,110.670924
1780456764,122.454313
1780456764,119.552547
1780456764,118.999749
1780456764,123.132925
1780456764,116.333011
1780456764,116.860295
1780456764,103.159910
1780456764,111.631446
1780456764,111.128604
1780456764,120.030088
1780456764,113.540260
1780456764,122.054506
1780456764,113.617360
1780456764,103.569501
1780456764,103.398484
1780456764,112.579600
1780456764,113.753344
1780456764,114.909455
1780456764,113.873118
1780456764,117.348728
1780456764,113.531468
1780456764,116.281046
1780456764,103.609482
1780456764,115.162168
1780456764,103.213927
1780456764,113.555361
1780456764,112.270548
1780456764,112.533306
1780456764,104.451947
1780456764,121.244796
1780456764,111.678880
1780456764,111.931585
1780456764,112.111139
1780456764,116.506759
1780456764,114.382717
1780456764,112.739771
1780456764,115.142334
1780456764,114.976998
1780456764,115.105848
1780456764,114.655950
1780456764,105.049649
1780456764,114.953694
1780456764,115.289808
1780456764,114.992555
1780456764,105.079972
1780456764,113.446751
1780456764,105.544345
1780456764,113.311442
1780456764,115.434098
1780456764,114.389541
1780456764,106.024050
1780456764,114.179107
1780456764,114.686172
1780456764,106.348708
1780456764,106.738823
1780456764,113.956403
1780456764,114.188000
1780456764,107.400609
1780456764,106.324643
1780456764,112.699877
1780456764,107.572370
1780456764,109.214297
1780456764,108.848295
1780456764,109.120146
1780456764,109.647796
1780456764,109.627549
1780456764,109.374348
1780456764,110.116938
1780456764,105.477838
1780456764,111.106538
1780456764,105.744325
1780456764,107.871486
1780456764,112.586294
1780456764,112.551307
1780456764,112.546247
1780456764,111.670500
1780456764,104.997667
1780456764,103.385046
1780456764,103.983660
1780456764,105.083832
1780456764,111.419843
1780456764,110.164785
1780456764,110.206096
1780456764,110.345101
1780456764,110.388919
1780456764,107.366995
1780456764,107.330462
1780456764,107.073324
1780456764,107.496880
1780456764,106.372321
1780456764,107.505722
1780456764,107.240099
1780456764,104.761439
1780456764,107.207016
1780456764,105.588354
1780456764,106.057308
1780456764,106.459063
1780456764,107.186388
1780456764,106.455002
1780456764,106.666167
1780456764,106.579358
1780456764,106.791714
1780456764,106.874144
1780456764,106.359850
1780456764,104.716951
1780456764,103.772591
1780456764,106.655923
1780456764,105.838642
1780456764,104.513620
1780456764,107.256661
1780456764,103.850373
1780456764,105.571203
1780456764,105.806291
1780456764,106.519540
1780456764,107.631962
1780456764,105.263707
1780456764,107.888271
1780456764,108.046620
1780456764,108.002323
1780456764,106.759949
1780456764,105.277599
1780456764,106.789901
1780456764,111.452825
1780456764,105.471521
1780456764,111.330693
1780456764,111.446297
1780456764,107.702680
1780456764,106.840032
1780456764,108.029740
1780456764,106.138968
1780456764,105.441286
1780456764,107.177012
1780456764,107.891106
1780456764,106.513590
1780456764,103.915402
1780456764,104.202596
1780456764,109.440237
1780456764,108.645750
1780456764,104.202956
1780456764,110.661371
1780456764,110.513308
1780456764,110.655202
1780456764,104.766873
1780456764,103.313894
1780456764,104.404387
1780456764,102.984367
1780456764,103.821871
1780456764,102.656012
1780456764,104.825394
1780456764,106.231053
1780456764,104.512123
1780456764,104.982683
1780456764,103.622943
1780456764,108.088445
1780456764,104.035238
1780456764,108.465915
1780456764,108.093461
1780456764,105.225858
1780456764,105.385267
1780456764,105.202508
1780456764,103.571821
1780456764,104.655173
1780456764,103.718518
1780456764,107.546558
1780456764,103.606287
1780456764,104.626613
1780456764,103.417015
1780456764,108.069564
1780456764,104.205403
1780456764,104.089035
1780456764,104.446310
1780456764,108.224391
1780456764,102.872649
1780456764,103.194058
1780456764,102.894501
1780456764,103.111920
1780456764,108.931024
1780456764,102.662221
1780456764,109.690486
1780456764,109.443250
1780456764,106.923876
1780456764,103.253405
1780456764,110.508075
1780456764,110.952666
1780456764,111.064157
1780456764,111.593550
1780456764,115.191192
1780456764,112.789619
1780456764,114.432360
1780456764,114.126814
1780456764,114.268611
1780456764,115.302498
1780456764,115.506626
1780456764,115.219588
1780456764,116.363300
1780456764,116.731041
1780456764,117.283716
1780456764,117.680201
1780456764,107.941237
1780456764,108.126251
1780456764,108.307586
1780456764,109.578963
1780456764,110.040818
1780456764,110.405255
1780456764,110.656703
1780456764,110.981277
1780456764,114.092148
1780456764,111.309469
1780456764,114.528674
1780456764,114.846034
1780456764,116.126386
1780456764,116.976717
1780456764,118.288431
1780456764,118.655369
1780456764,113.274019
1780456764,118.871439
1780456764,119.195639
1780456764,119.363300
1780456764,114.080139
1780456764,114.346092
1780456764,109.714668
1780456764,113.527768
1780456764,111.511533
1780456764,111.921073
1780456764,116.258599
1780456764,112.743850
1780456764,114.782182
1780456764,116.243329
1780456764,115.164620
1780456764,117.297430
1780456764,115.176974
1780456764,115.900922
1780456764,113.883636
1780456764,113.809548
1780456764,117.091632
1780456764,117.526853
1780456764,119.446695
1780456764,119.816944
1780456764,120.210703
1780456764,120.562193
1780456764,117.494965
1780456764,119.492847
1780456764,119.667368
1780456764,118.321831
1780456764,120.472053
1780456764,121.550641
1780456764,121.848775
1780456764,122.281794
1780456764,121.852209
1780456764,121.013013
1780456764,121.626399
1780456764,121.609521
1780456764,121.776333
1780456764,122.434007
1780456764,123.454869
1780456764,123.379959
1780456764,137.412724
1780456764,126.272391
1780456764,126.763932
1780456764,127.222170
1780456764,127.433411
1780456764,128.081249
1780456764,110.560447
1780456764,110.673797
1780456764,111.257248
1780456764,112.433411
1780456764,112.535159
1780456764,112.694082
1780456764,114.850608
1780456764,113.146056
1780456764,113.727022
1780456764,114.088699
1780456764,115.740217
1780456764,114.166572
1780456764,116.919777
1780456764,116.152023
1780456764,118.811468
1780456764,118.981764
1780456764,117.520892
1780456764,116.730901
1780456764,122.485754
1780456764,116.350433
1780456764,118.035572
1780456764,121.014098
1780456764,124.736923
1780456764,116.152446
1780456764,127.948686
1780456764,121.395783
1780456764,125.176498
1780456764,128.614807
1780456764,124.301179
1780456764,127.029624
1780456764,124.815964
1780456764,122.675736
1780456764,128.568177
1780456764,133.130308
1780456764,132.676502
1780456764,126.292049
1780456764,126.281384
1780456764,130.130855
1780456764,130.338516
1780456764,131.407153
1780456764,128.906970
1780456764,134.024481
1780456764,134.634623
1780456764,134.844048
1780456764,135.009448
1780456764,135.142495
1780456764,137.237390
1780456764,137.643568
1780456764,138.720296
1780456764,128.959709
1780456764,139.191883
1780456764,140.314419
1780456764,140.747029
1780456764,140.431617
1780456764,143.872584
1780456764,140.750617
1780456764,145.114977
1780456764,141.528228
1780456764,141.239451
1780456764,142.379447
1780456764,141.909465
1780456764,144.496666
1780456764,145.169288
1780456764,140.569726
1780456764,146.403993
1780456764,141.567560
1780456764,146.237378
1780456764,146.600815
1780456764,121.319223
1780456764,121.524074
1780456764,121.764484
1780456764,125.985509
1780456764,126.248817
1780456764,126.499488
1780456764,126.713967
1780456764,126.694282
1780456764,126.951252
1780456764,128.044745
1780456764,128.445920
1780456764,127.082758
1780456764,129.748140
1780456764,131.244617
1780456764,130.083865
1780456764,131.889729
1780456764,130.134004
1780456764,132.333725
1780456764,132.761730
1780456764,133.225410
1780456764,132.954131
1780456764,130.718807
1780456764,133.849446
1780456764,136.053802
1780456764,144.184411
1780456764,144.091736
1780456764,144.596368
1780456764,146.036343
1780456764,143.663714
1780456764,145.999759
1780456764,143.017329
1780456764,147.510938
1780456764,147.703441
1780456764,148.489118
1780456764,148.648232
1780456764,148.186634
1780456764,148.632657
1780456764,154.028080
1780456764,149.909295
1780456764,150.037088
1780456764,150.030714
1780456764,149.941725
1780456764,150.878653
1780456764,151.219906
1780456764,151.851260
1780456764,158.838330
1780456764,175.379880
1780456764,160.054023
1780456764,163.247664
1780456764,164.704597
1780456764,167.449116
1780456764,168.029317
1780456764,168.445456
1780456764,168.136132
1780456764,170.726559
1780456764,183.426718
1780456764,187.598246
1780456764,184.495273
1780456764,184.604787
1780456764,182.805544
1780456764,183.368628
1780456764,190.013881
1780456764,196.707116
1780456764,199.995191
1780456764,200.557877
1780456764,201.293690
1780456764,200.695563
1780456764,207.699047
1780456764,213.018541
1780456764,213.368363
1780456764,211.854439
1780456764,213.092698
1780456764,216.553812
1780456764,218.911566
1780456764,210.795143
1780456764,218.549777
1780456764,217.739201
1780456764,212.592281
1780456764,233.035901
1780456764,217.798331
1780456764,219.506752
1780456764,219.557344
1780456764,220.021095
1780456764,220.318700
1780456764,221.175157
1780456764,220.609741
1780456764,221.499881
1780456764,221.930785
1780456764,227.311777
1780456764,225.110804
1780456764,225.406349
1780456764,228.013310
1780456764,230.671405
1780456764,230.946631
1780456764,231.154184
1780456764,229.510931
1780456764,231.694515
1780456764,230.558839
1780456764,233.814507
1780456764,213.129278
1780456764,234.568183
1780456764,235.108959
1780456764,236.937820
1780456764,238.341149
1780456764,228.825370
1780456764,240.619241
1780456764,240.617314
1780456764,239.348261
1780456764,240.557639
1780456764,243.934605
1780456764,244.284420
1780456764,236.771875
1780456764,236.716108
1780456764,244.625089
1780456764,239.255213
1780456764,243.574488
1780456764,245.166178
1780456764,237.103054
1780456764,244.672544
1780456764,246.890971
1780456764,244.678630
1780456764,240.029567
1780456764,240.305962
1780456764,245.642988
1780456764,217.636490
1780456764,248.453309
1780456764,240.601590
1780456764,241.778346
1780456764,246.601093
1780456764,241.037285
1780456764,247.086733
1780456764,243.131508
1780456764,247.349608
1780456764,235.065131
1780456764,239.313151
1780456764,236.476282
1780456764,249.345531
1780456764,242.748598
1780456764,218.817601
1780456764,214.391131
1780456764,222.400069
1780456764,222.553829
1780456764,223.155818
1780456764,222.738497
1780456764,221.135752
1780456764,221.342526
1780456764,221.399036
1780456764,224.018392
1780456764,199.479655
1780456764,224.323392
1780456764,224.498247
1780456764,221.319479
1780456764,221.441393
1780456764,221.673360
1780456764,221.986067
1780456764,221.736727
1780456764,202.634576
1780456764,204.508698
1780456764,239.745055
1780456764,204.972042
1780456764,241.388984
1780456764,241.359516
1780456764,210.560576
1780456764,257.274363
1780456764,205.189484
1780456764,241.379330
1780456764,207.679100
1780456764,222.496293
1780456764,211.127925
1780456764,223.029947
1780456764,207.713554
1780456764,226.622401
1780456764,207.784057
1780456764,223.119239
1780456764,210.398553
1780456764,227.552489
1780456764,209.693207
1780456764,222.963757
1780456764,211.611619
1780456764,228.000475
1780456764,210.606880
1780456764,228.004056
1780456764,211.575783
1780456764,223.128054
1780456764,211.315673
1780456764,228.142305
1780456764,211.772544
1780456764,222.929773
1780456764,210.658668
1780456764,231.946182
1780456764,210.870947
1780456764,231.640796
1780456764,208.199474
1780456764,231.452369
1780456764,210.873006
1780456764,231.561771
1780456764,211.000095
1780456764,234.000092
1780456764,211.209421
1780456764,211.005881
1780456764,234.094249
1780456764,211.241990
1780456764,234.563209
1780456764,211.378322
1780456764,228.192075
1780456764,211.191636
1780456764,228.032108
1780456764,211.470021
1780456764,235.064747
1780456764,211.321129
1780456764,229.356237
1780456764,211.563265
1780456764,235.100123
1780456764,211.500251
1780456764,235.063099
1780456764,212.393234
1780456764,231.973212
1780456764,212.548468
1780456764,228.307323
1780456764,212.612035
1780456764,228.410571
1780456764,212.521490
1780456764,234.967032
1780456764,212.481146
1780456764,228.904836
1780456764,232.268262
1780456764,212.662057
1780456764,238.052394
1780456764,212.558992
1780456764,232.778434
1780456764,212.834484
1780456764,232.925235
1780456764,210.459601
1780456764,232.924639
1780456764,212.902080
1780456764,234.616327
1780456764,213.172426
1780456764,238.036289
1780456764,213.427870
1780456764,235.525318
1780456764,213.132003
1780456764,238.197982
1780456764,212.150350
1780456764,238.063347
1780456764,214.394265
1780456764,232.445249
1780456764,212.397069
1780456764,238.810535
1780456764,212.511253
1780456764,240.545333
1780456764,213.386897
1780456764,240.758894
1780456764,240.760886
1780456764,240.718085
1780456764,232.702787
1780456764,213.495696
1780456764,231.351894
1780456764,212.424562
1780456764,232.815344
1780456764,212.526322
1780456764,217.362702
1780456764,213.623911
1780456764,217.473012
1780456764,212.982976
1780456764,202.576137
1780456764,197.420049
1780456764,214.009024
1780456764,218.207142
1780456764,213.598865
1780456764,224.761335
1780456764,223.325087
1780456764,224.944357
1780456764,215.822516
1780456764,215.542512
1780456764,214.547971
1780456764,225.011955
1780456764,216.323123
1780456764,226.752661
1780456764,213.185589
1780456764,226.827994
1780456764,216.027189
1780456764,225.197996
1780456764,216.407931
1780456764,224.996646
1780456764,212.341415
1780456764,216.428075
1780456764,217.805571
1780456764,227.443807
1780456764,217.088173
1780456764,216.538947
1780456764,227.550876
1780456764,224.924723
1780456764,217.972521
1780456764,213.548386
1780456764,227.994510
1780456764,228.048126
1780456764,218.107097
1780456764,218.919589
1780456764,218.222539
1780456764,224.515684
1780456764,227.967176
1780456764,196.855876
1780456764,225.085125
1780456764,200.546668
1780456764,225.416363
1780456764,200.596127
1780456764,225.225186
1780456764,200.760619
1780456764,218.188025
1780456764,197.401028
1780456764,203.217538
1780456764,200.879342
1780456764,203.281640
1780456764,200.958631
1780456764,200.976054
1780456764,203.126161
1780456764,200.892599
1780456764,203.690935
1780456764,203.317249
1780456764,201.068940
1780456764,203.856402
1780456764,200.962041
1780456764,204.091305
1780456764,200.957537
1780456764,203.530252
1780456764,198.526508
1780456764,203.537476
1780456764,204.007381
1780456764,204.244904
1780456764,203.785259
1780456764,201.216571
1780456764,206.076368
1780456764,209.710825
1780456764,201.238869
1780456764,209.788694
1780456764,203.864099
1780456764,204.183256
1780456764,206.265905
1780456764,204.153539
1780456764,206.287901
1780456764,199.983639
1780456764,206.210185
1780456764,200.107800
1780456764,198.928992
1780456764,206.361333
1780456764,200.175722
1780456764,209.912440
1780456764,200.210500
1780456764,205.884518
1780456764,208.261148
1780456764,200.207576
1780456764,200.351767
1780456764,205.839318
1780456764,206.572734
1780456764,205.922334
1780456764,208.794049
1780456764,203.489459
1780456764,203.708627
1780456764,208.797531
1780456764,203.768503
1780456764,204.788270
1780456764,203.951660
1780456764,205.914943
1780456764,203.103581
1780456764,203.933062
1780456764,210.478139
1780456764,203.901357
1780456764,204.466867
1780456764,211.538352
1780456764,206.017260
1780456764,204.015668
1780456764,206.112491
1780456764,204.288088
1780456764,213.186185
1780456764,204.280412
1780456764,213.250647
1780456764,204.260730
1780456764,209.129431
1780456764,213.355708
1780456764,204.649994
1780456764,210.883687
1780456764,197.375218
1780456764,204.091481
1780456764,210.878466
1780456764,228.890175
1780456764,211.849818
1780456764,204.404272
1780456764,212.751128
1780456764,196.092694
1780456764,213.543939
1780456764,257.185250
1780456764,212.879951
1780456764,140.763304
1780456764,213.739076
1780456764,142.053597
1780456764,213.705255
1780456764,110.271442
1780456764,110.777641
1780456764,213.779157
1780456764,108.817091
1780456764,215.612868
1780456764,141.493221
1780456764,214.936382
1780456764,109.066242
1780456764,217.439449
1780456764,142.407568
1780456764,109.914509
1780456764,213.069288
1780456764,109.674426
1780456764,214.815477
1780456764,112.232084
1780456764,211.085078
1780456764,111.737862
1780456764,211.376258
1780456764,111.916034
1780456764,211.252703
1780456764,141.836920
1780456764,211.522650
1780456764,142.075850
1780456764,211.290938
1780456764,110.936647
1780456764,211.493563
1780456764,112.499105
1780456764,211.522536
1780456764,211.631209
1780456764,143.179870
1780456764,213.388460
1780456764,111.776665
1780456764,214.326869
1780456764,112.308204
1780456764,207.940516
1780456764,143.614785
1780456764,213.600246
1780456764,143.759184
1780456764,216.419816
1780456764,143.733355
1780456764,188.089987
1780456764,113.852222
1780456764,198.238639
1780456764,113.514433
1780456764,198.389994
1780456764,111.869517
1780456764,113.192787
1780456764,198.507340
1780456764,198.426504
1780456764,143.442480
1780456764,194.116957
1780456764,114.199434
1780456764,199.829996
1780456764,113.529139
1780456764,199.870989
1780456764,114.690315
1780456764,198.526981
1780456764,114.898924
1780456764,200.836131
1780456764,195.005714
1780456764,144.210085
1780456764,203.531139
1780456764,115.092281
1780456764,115.399895
1780456764,200.087464
1780456764,115.697881
1780456764,200.066656
1780456764,114.773402
1780456764,204.320704
1780456764,144.457136
1780456764,190.469742
1780456764,144.944305
1780456764,200.398016
1780456764,116.988137
1780456764,189.657920
1780456764,115.497391
1780456764,197.680054
1780456764,196.858449
1780456764,218.014960
1780456764,193.343124
1780456764,258.998994
1780456764,189.920921
1780456764,200.436944
1780456764,199.039117
1780456764,194.186972
1780456764,200.361976
1780456764,197.827290
1780456764,200.667779
1780456764,198.047150
1780456764,196.905994
1780456764,199.195004
1780456764,199.308743
1780456764,198.015224
1780456764,200.845964
1780456764,205.557824
1780456764,200.749623
1780456764,205.304965
1780456764,193.793679
1780456764,205.652922
1780456764,204.296331
1780456764,205.618509
1780456764,201.011346
1780456764,201.092972
1780456764,205.738472
1780456764,150.355737
1780456764,150.271629
1780456764,201.915952
1780456764,198.605380
1780456764,198.544681
1780456764,205.932005
1780456764,199.776117
1780456764,207.620353
1780456764,206.628389
1780456764,207.680234
1780456764,206.688629
1780456764,205.587097
1780456764,205.891364
1780456764,211.845046
1780456764,206.703207
1780456764,214.471748
1780456764,207.884882
1780456764,202.249349
1780456764,213.460710
1780456764,202.329835
1780456764,197.182075
1780456764,185.106576
1780456764,195.175833
1780456764,188.858230
1780456764,179.053784
1780456764,197.720183
1780456764,197.945264
1780456764,186.171992
1780456764,206.001483
1780456764,186.624358
1780456764,202.533965
1780456764,202.496683
1780456764,188.980319
1780456764,188.881331
1780456764,203.792868
1780456764,187.907428
1780456764,203.972139
1780456764,206.506976
1780456764,192.831344
1780456764,191.855319
1780456764,206.415817
1780456764,206.436104
1780456764,194.669569
1780456764,200.394363
1780456764,189.077519
1780456764,194.705381
1780456764,193.233984
1780456764,190.317472
1780456764,199.228755
1780456764,206.451522
1780456764,195.630392
1780456764,207.255230
1780456764,189.276188
1780456764,200.500657
1780456764,195.686357
1780456764,206.584531
1780456764,197.063468
1780456764,199.410576
1780456764,187.324166
1780456764,214.319661
1780456764,203.086094
1780456764,186.998945
1780456764,187.706594
1780456764,166.552186
1780456764,182.338600
1780456764,152.115466
1780456764,188.667777
1780456764,166.743432
1780456764,189.564898
1780456764,153.114815
1780456764,192.673461
1780456764,168.065356
1780456764,186.532959
1780456764,168.194412
1780456764,195.309129
1780456764,167.057757
1780456764,196.749050
1780456764,153.700724
1780456764,196.821188
1780456764,189.556272
1780456764,154.040130
1780456764,168.415314
1780456764,189.883701
1780456764,154.639676
1780456764,189.799984
1780456764,155.363000
1780456764,156.173970
1780456764,190.920725
1780456764,189.753330
1780456764,156.012605
1780456764,190.905409
1780456764,140.186521
1780456764,190.982929
1780456764,140.483698
1780456764,191.094403
1780456764,142.298727
1780456764,141.672979
1780456764,143.125007
1780456764,145.060346
1780456764,145.011782
1780456764,144.649347
1780456764,145.348311
1780456764,145.742287
1780456764,146.145066
1780456764,146.034946
1780456764,146.444266
1780456764,119.190122
1780456764,147.255778
1780456764,147.788412
1780456764,193.628772
1780456764,148.689908
1780456764,134.187579
1780456764,192.108891
1780456764,129.234140
1780456764,193.384689
1780456764,133.819704
1780456764,197.699111
1780456764,130.582086
1780456764,193.765813
1780456764,148.541924
1780456764,131.496411
1780456764,130.983521
1780456764,198.602614
1780456764,131.259360
1780456764,199.284485
1780456764,131.059665
1780456764,200.995052
1780456764,152.458548
1780456764,131.516327
1780456764,201.107643
1780456764,132.374473
1780456764,170.233688
1780456764,132.753063
1780456764,189.031860
1780456764,132.081795
1780456764,170.855002
1780456764,132.655730
1780456764,121.562464
1780456764,133.041823
1780456764,173.421764
1780456764,153.408509
1780456764,175.279728
1780456764,152.966423
1780456764,181.067508
1780456764,133.835015
1780456764,190.359334
1780456764,153.392528
1780456764,174.835755
1780456764,153.118966
1780456764,175.023575
1780456764,134.109081
1780456764,177.601021
1780456764,134.732093
1780456764,174.731531
1780456764,135.285636
1780456764,174.587633
1780456764,154.339587
1780456764,183.938958
1780456764,154.249874
1780456764,181.572479
1780456764,136.083986
1780456764,183.616398
1780456764,135.790765
1780456764,182.452011
1780456764,135.256876
1780456764,179.144305
1780456764,136.605500
1780456764,186.988278
1780456764,136.552372
1780456764,181.234605
1780456764,137.610998
1780456764,191.727115
1780456764,182.156906
1780456764,183.988889
1780456764,148.268958
1780456764,190.243578
1780456764,121.458764
1780456764,190.528900
1780456764,122.240040
1780456764,186.097841
1780456764,122.488545
1780456764,122.753161
1780456764,185.959586
1780456764,123.011883
1780456764,185.748077
1780456764,123.346856
1780456764,179.091510
1780456764,123.680064
1780456764,191.333075
1780456764,124.734100
1780456764,179.718895
1780456764,124.904623
1780456764,164.563361
1780456764,164.367910
1780456764,127.390846
1780456764,163.986284
1780456764,128.433045
1780456764,164.934041
1780456764,131.415454
1780456764,162.098840
1780456764,149.750510
1780456764,165.439847
1780456764,127.997542
1780456764,165.324803
1780456764,126.282263
1780456764,164.362349
1780456764,126.526079
1780456764,185.789356
1780456764,129.758428
1780456764,162.616634
1780456764,129.232861
1780456764,165.739337
1780456764,130.131809
1780456764,187.881207
1780456764,130.417170
1780456764,166.000311
1780456764,131.229134
1780456764,165.386339
1780456764,131.565639
1780456764,166.930559
1780456764,135.377213
1780456764,166.260940
1780456764,153.552905
1780456764,188.260805
1780456764,132.418525
1780456764,170.467866
1780456764,130.510720
1780456764,170.781501
1780456764,189.234985
1780456764,154.928246
1780456764,171.000563
1780456764,130.825194
1780456764,134.808782
1780456764,169.583380
1780456764,191.114922
1780456764,154.150758
1780456764,154.126636
1780456764,172.125408
1780456764,128.707739
1780456764,171.794213
1780456764,154.362321
1780456764,189.209446
1780456764,132.401259
1780456764,190.955449
1780456764,133.743474
1780456764,154.180696
1780456764,264.567738
1780456764,154.559494
1780456764,207.774097
1780456764,250.981274
1780456764,264.525332
1780456764,146.154606
1780456764,146.375665
1780456764,114.468606
1780456764,114.205701
1780456764,113.252197
1780456764,210.313070
1780456764,185.473514
1780456764,210.612290
1780456764,115.183191
1780456764,114.893203
1780456764,146.895110
1780456764,192.215216
1780456764,147.328963
1780456764,193.220100
1780456764,114.211868
1780456764,147.292589
1780456764,113.096894
1780456764,147.999249
1780456764,147.544375
1780456764,147.869601
1780456764,148.471257
1780456764,117.140403
1780456764,147.280841
1780456764,147.866870
1780456764,115.941826
1780456764,128.186874
1780456764,104.498016
1780456764,106.883008
1780456764,107.335363
1780456764,107.784971
1780456764,107.135094
1780456764,109.258813
1780456764,109.447884
1780456764,109.924523
1780456764,112.197461
1780456764,110.375569
1780456764,184.268680
1780456764,111.974832
1780456764,185.795271
1780456764,114.243322
1780456764,116.023363
1780456764,185.738782
1780456764,109.924074
1780456764,139.342140
1780456764,111.210088
1780456764,111.365204
1780456764,113.283995
1780456764,111.859152
1780456764,112.404007
1780456764,111.780544
1780456764,147.057992
1780456764,111.173899
1780456764,110.781852
1780456764,113.531397
1780456764,108.372778
1780456764,114.125865
1780456764,103.979820
1780456764,114.198779
1780456764,129.086116
1780456764,114.522701
1780456764,129.264100
1780456764,148.184035
1780456764,109.736508
1780456764,112.400839
1780456764,112.606418
1780456764,113.268787
1780456764,113.446883
1780456764,108.424784
1780456764,107.835020
1780456764,132.005852
1780456764,106.271427
1780456764,136.080965
1780456764,103.466149
1780456764,134.727617
1780456764,105.293693
1780456764,106.290567
1780456764,104.544962
1780456764,132.066826
1780456764,132.497229
1780456764,105.508738
1780456764,108.652226
1780456764,103.778242
1780456764,113.228501
1780456764,149.179946
1780456764,108.692887
1780456764,103.572677
1780456764,113.219248
1780456764,103.587580
1780456764,113.237526
1780456764,112.479194
1780456764,103.525575
1780456764,112.248474
1780456764,111.936874
1780456764,111.799773
1780456764,137.238869
1780456764,108.305209
1780456764,112.361365
1780456764,106.915993
1780456764,111.934410
1780456764,150.532741
1780456764,135.919284
1780456764,149.986620
1780456764,110.478305
1780456764,136.793019
1780456764,136.543806
1780456764,109.818534
1780456764,110.193214
1780456764,107.179817
1780456764,111.813739
1780456764,153.070802
1780456764,152.522857
1780456764,109.282706
1780456764,108.888618
1780456764,106.531981
1780456764,106.575067
1780456764,152.011413
1780456764,106.116925
1780456764,191.318856
1780456764,106.169009
1780456764,107.636617
1780456764,106.736438
1780456764,107.098207
1780456764,107.040035
1780456764,106.723465
1780456764,107.168514
1780456764,103.229454
1780456764,104.765972
1780456764,102.764941
1780456764,108.191788
1780456764,111.289310
1780456764,107.739200
1780456764,105.652397
1780456764,104.843581
1780456764,104.403919
1780456764,104.802495
1780456764,104.332215
1780456764,138.994377
1780456764,120.589653
1780456764,107.684671
1780456764,106.907884
1780456764,106.218155
1780456764,120.943943
1780456764,139.807381
1780456764,108.425004
1780456764,120.974047
1780456764,115.227619
1780456764,108.377395
1780456764,120.972730
1780456764,106.458259
1780456764,114.917502
1780456764,115.934839
1780456764,108.561927
1780456764,144.946407
1780456764,107.955988
1780456764,103.568857
1780456764,107.941463
1780456764,159.592107
1780456764,123.069812
1780456764,141.083969
1780456764,108.691656
1780456764,115.215454
1780456764,108.255001
1780456764,145.083657
1780456764,112.197833
1780456764,146.798139
1780456764,105.719581
1780456764,112.238381
1780456764,131.183748
1780456764,152.470084
1780456764,105.740739
1780456764,112.394678
1780456764,146.246846
1780456764,105.579323
1780456764,147.316621
1780456764,103.607053
1780456764,146.439477
1780456764,130.800000
1780456764,103.236533
1780456764,146.927455
1780456764,130.910139
1780456764,103.462695
1780456764,105.399288
1780456764,147.072175
1780456764,112.907165
1780456764,103.865816
1780456764,105.659391
1780456764,109.155321
1780456764,101.980101
1780456764,123.789867
1780456764,144.571692
1780456764,123.060932
1780456764,157.301036
1780456764,107.527961
1780456764,108.427323
1780456764,155.515959
1780456764,149.409838
1780456764,106.990432
1780456764,149.162411
1780456764,148.125305
1780456764,102.357708
1780456764,146.027102
1780456764,102.901276
1780456764,105.955528
1780456764,146.416566
1780456764,129.603327
1780456764,146.529807
1780456764,146.807714
1780456764,126.144474
1780456764,102.961245
1780456764,146.912061
1780456764,147.030496
1780456764,106.490259
1780456764,103.974713
1780456764,112.700573
1780456764,127.121655
1780456764,102.725369
1780456764,109.115760
1780456764,101.741679
1780456764,104.247764
1780456764,109.016721
1780456764,112.894231
1780456764,102.822089
1780456764,108.913974
1780456764,160.353881
1780456764,125.361986
1780456764,108.811585
1780456764,106.005830
1780456764,101.303312
1780456764,103.764349
1780456764,108.496477
1780456764,102.607262
1780456764,102.400847
1780456764,110.434648
1780456764,103.610336
1780456764,102.651317
1780456764,119.319573
1780456764,103.659950
1780456764,119.785393
1780456764,103.606645
1780456764,109.019803
1780456764,107.842037
1780456764,103.710077
1780456764,119.608425
1780456764,114.069190
1780456764,119.614574
1780456764,109.765329
1780456764,119.059640
1780456764,108.980830
1780456764,119.191637
1780456764,105.491228
1780456764,118.586859
1780456764,102.655298
1780456764,105.735274
1780456764,109.135199
1780456764,130.084784
1780456764,128.898774
1780456764,163.927475
1780456764,107.600166
1780456764,106.823065
1780456764,163.658699
1780456764,115.209321
1780456764,103.507534
1780456764,113.987590
1780456764,102.924160
1780456764,114.546080
1780456764,109.021054
1780456764,108.846746
1780456764,102.582529
1780456764,112.510217
1780456764,136.106480
1780456764,112.994923
1780456764,111.745492
1780456764,103.088929
1780456764,111.230048
1780456764,107.903416
1780456764,164.778795
1780456764,104.580498
1780456764,118.050109
1780456764,140.008416
1780456764,129.663352
1780456764,111.146824
1780456764,103.268047
1780456764,107.079872
1780456764,103.402079
1780456764,108.265956
1780456764,102.934726
1780456764,106.417461
1780456764,110.877068
1780456764,102.845379
1780456764,109.519968
1780456764,109.910461
1780456764,110.826651
1780456764,108.090880
1780456764,103.156598
1780456764,108.858135
1780456764,165.643772
1780456764,110.491458
1780456764,110.261615
1780456764,106.093989
1780456764,109.935067
1780456764,110.345402
1780456764,118.273105
1780456764,103.257901
1780456764,105.939846
1780456764,106.030468
1780456764,117.938347
1780456764,103.870073
1780456764,110.870727
1780456764,153.633101
1780456764,104.442608
1780456764,110.723531
1780456764,106.140014
1780456764,105.272369
1780456764,121.853766
1780456764,143.480110
1780456764,108.207028
1780456764,104.477498
1780456764,112.867821
1780456764,103.770504
1780456764,212.447308
1780456764,108.700723
1780456764,105.502039
1780456764,113.929619
1780456764,108.050495
1780456764,143.884413
1780456764,104.590075
1780456764,102.953515
1780456764,107.219707
1780456764,212.793903
1780456764,105.444173
1780456764,115.381903
1780456764,104.774736
1780456764,102.522424
1780456764,115.343639
1780456764,105.978860
1780456764,102.690534
1780456764,108.563127
1780456764,103.157660
1780456764,105.410450
1780456764,107.361239
1780456764,105.348296
1780456764,105.266062
1780456764,115.151461
1780456764,115.032374
1780456764,102.549008
1780456764,102.408754
1780456764,113.516514
1780456764,102.672526
1780456764,106.498421
1780456764,105.673671
1780456764,106.469632
1780456764,106.003230
1780456764,105.694046
1780456764,102.916806
1780456764,102.984851
1780456764,106.186753
1780456764,103.170179
1780456764,102.823903
1780456764,103.508151
1780456764,106.478503
1780456764,103.525145
1780456764,106.594975
1780456764,156.745119
1780456764,156.004931
1780456764,103.228505
1780456764,106.870485
1780456764,157.052376
1780456764,152.012759
1780456764,103.335635
1780456764,107.166611
1780456764,107.141431
1780456764,103.449855
1780456764,102.992728
1780456764,107.361608
1780456764,107.115920
1780456764,157.268561
1780456764,154.235658
1780456764,107.133582
1780456764,154.895283
1780456764,152.935377
1780456764,104.201044
1780456764,107.805275
1780456764,104.210873
1780456764,153.845275
1780456764,155.560933
1780456764,107.371578
1780456764,105.819554
1780456764,107.384257
1780456764,105.907187
1780456764,158.097495
1780456764,104.219308
1780456764,152.451579
1780456764,154.105637
1780456764,105.875189
1780456764,107.674058
1780456764,152.615600
1780456764,159.815865
1780456764,104.789261
1780456764,152.698315
1780456764,150.534380
1780456764,107.913517
1780456764,152.876029
1780456764,103.859127
1780456764,104.123476
1780456764,152.337810
1780456764,150.891384
1780456764,103.544429
1780456764,103.510921
1780456764,103.412109
1780456764,104.317853
1780456764,151.438591
1780456764,104.365231
1780456764,104.557159
1780456764,148.144356
1780456764,103.998952
1780456764,149.713059
1780456764,104.805955
1780456764,104.496817
1780456764,104.377541
1780456764,141.764909
1780456764,150.924953
1780456764,150.712229
1780456764,102.826495
1780456764,104.494611
1780456764,138.104855
1780456764,103.241059
1780456764,221.111702
1780456764,104.465342
1780456764,105.429422
1780456764,104.922947
1780456764,105.496540
1780456764,105.226248
1780456764,140.351548
1780456764,151.790440
1780456764,104.788295
1780456764,138.185828
1780456764,105.747464
1780456764,104.163977
1780456764,136.978117
1780456764,117.381127
1780456764,137.678841
1780456764,144.115832
1780456764,105.246756
1780456764,103.919359
1780456764,141.178209
1780456764,222.699896
1780456764,135.676808
1780456764,103.378283
1780456764,137.353212
1780456764,104.547954
1780456764,104.046580
1780456764,104.349155
1780456764,136.809919
1780456764,104.200460
1780456764,104.261041
1780456764,102.715802
1780456764,138.085930
1780456764,103.926778
1780456764,104.348206
1780456764,130.235086
1780456764,103.930705
1780456764,103.814404
1780456764,103.743851
1780456764,210.544971
1780456764,103.743217
1780456764,103.248883
1780456764,103.054052
1780456764,103.915746
1780456764,210.132287
1780456764,103.887967
1780456764,103.229785
1780456764,103.109919
1780456764,210.605838
1780456764,223.826073
1780456764,101.460632
1780456764,104.103800
1780456764,210.329717
1780456764,102.467120
1780456764,103.678946
1780456764,223.860184
1780456764,208.770543
1780456764,208.735917
1780456764,102.628861
1780456764,224.748149
1780456764,102.669698
1780456764,224.092117
1780456764,208.843143
1780456764,102.621304
1780456764,224.600360
1780456764,102.520285
1780456764,208.989308
1780456764,224.907080
1780456764,102.487844
1780456764,103.909688
1780456764,102.525162
1780456764,103.779706
1780456764,102.605080
1780456764,102.390358
1780456764,104.616769
1780456764,209.377942
1780456764,102.496940
1780456764,102.909327
1780456764,101.720942
1780456764,224.738338
1780456764,225.288507
1780456764,102.609139
1780456764,102.732389
1780456764,209.744383
1780456764,102.537233
1780456764,102.594644
1780456764,102.517253
1780456764,102.649582
1780456764,102.375437
1780456764,102.625475
1780456764,210.507424
1780456764,102.372491
1780456764,225.066107
1780456764,224.890746
1780456764,102.838895
1780456764,224.834737
1780456764,102.673526
1780456764,102.543327
1780456764,102.417057
1780456764,102.820012
1780456764,101.474157
1780456764,103.064590
1780456764,102.262647
1780456764,102.903454
1780456764,102.857409
1780456764,102.295889
1780456764,102.898224
1780456764,226.138974
1780456764,102.440147
1780456764,102.953077
1780456764,102.683746
1780456764,226.247739
1780456764,102.507600
1780456764,102.649653
1780456764,226.265773
1780456764,102.525318
1780456764,225.566783
1780456764,226.924532
1780456764,225.986132
1780456764,225.200431
1780456764,226.061085
1780456764,102.790630
1780456764,102.454682
1780456764,225.994607
1780456764,103.036237
1780456764,102.358065
1780456764,102.372036
1780456764,103.133824
1780456764,102.921861
1780456764,101.300042
1780456764,102.964648
1780456764,102.589231
1780456764,226.709896
1780456764,102.239227
1780456764,102.695938
1780456764,102.688938
1780456764,102.419510
1780456764,102.368951
1780456764,102.338268
1780456764,102.321157
1780456764,102.174516
1780456764,102.357200
1780456764,102.308083
1780456764,102.329211
1780456764,102.326424
1780456764,102.314463
1780456764,102.261297
1780456764,102.399340
1780456764,102.385914
1780456764,102.337545
1780456764,102.340122
1780456764,102.299833
1780456764,102.352540
1780456764,102.757151
1780456764,102.667308
1780456764,102.528873
1780456764,228.173314
1780456764,102.550576
1780456764,228.363686
1780456764,103.117754
1780456764,227.462276
1780456764,102.687480
1780456764,103.026953
1780456764,229.032748
1780456764,103.560464
1780456764,102.756195
1780456764,228.303119
1780456764,102.599310
1780456764,103.371474
1780456764,103.675082
1780456764,102.538731
1780456764,102.532278
1780456764,102.369168
1780456764,102.292537
1780456764,102.320384
1780456764,101.599579
1780456764,102.297696
1780456764,102.394406
1780456764,102.428239
1780456764,102.352711
1780456764,102.506227
1780456764,102.475203
1780456764,102.091511
1780456764,102.323360
1780456764,102.338990
1780456764,101.805039
1780456764,103.232812
1780456764,103.465209
1780456764,102.071507
1780456764,103.152007
1780456764,103.577066
1780456764,103.009901
1780456764,103.128483
1780456764,102.841898
1780456764,103.098202
1780456764,102.906882
1780456764,102.643344
1780456764,103.478031
1780456764,102.473952
1780456764,102.756890
1780456764,103.056315
1780456764,103.453328
1780456764,101.905757
1780456764,102.667927
1780456764,103.167477
1780456764,102.552415
1780456764,102.854646
1780456764,103.188183
1780456764,102.913704
1780456764,101.322881
1780456764,102.780272
1780456764,102.514106
1780456764,102.741413
1780456764,103.002139
1780456764,141.306463
1780456764,102.739284
1780456764,102.507928
1780456764,102.365948
1780456764,102.656193
1780456764,102.309525
1780456764,102.466160
1780456764,220.206648
1780456764,102.309181
1780456764,102.203345
1780456764,102.388331
1780456764,224.742580
1780456764,102.373157
1780456764,102.424349
1780456764,225.470115
1780456764,225.630467
1780456764,102.487335
1780456764,102.503585
1780456764,102.478921
1780456764,102.658415
1780456764,102.419606
1780456764,102.520398
1780456764,102.420307
1780456764,226.349973
1780456764,102.773356
1780456764,102.793101
1780456764,102.737240
1780456764,102.734149
1780456764,227.030951
1780456764,102.640002
1780456764,102.748477
1780456764,102.751128
1780456764,103.061194
1780456764,231.626232
1780456764,102.736041
1780456764,231.785431
1780456764,103.343794
1780456764,103.352653
1780456764,103.308790
1780456764,103.544294
1780456764,232.222821
1780456764,103.271371
1780456764,103.244791
1780456764,103.114189
1780456764,102.900219
1780456764,232.464375
1780456764,232.768427
1780456764,233.206215
1780456764,233.725254
1780456764,233.678679
1780456764,233.815702
1780456764,105.254606
1780456764,151.531591
1780456764,103.927419
1780456764,234.477202
1780456764,106.143796
1780456764,105.221198
1780456764,233.783349
1780456764,105.725731
1780456764,104.698960
1780456764,234.569065
1780456764,235.764619
1780456764,106.102593
1780456764,104.486825
1780456764,235.109947
1780456764,103.613389
1780456764,105.756946
1780456764,235.090411
1780456764,104.214598
1780456764,105.876664
1780456764,235.768798
1780456764,105.276993
1780456764,103.790824
1780456764,234.347869
1780456764,106.338497
1780456764,102.579728
1780456764,104.387226
1780456764,153.403563
1780456764,105.087593
1780456764,102.545125
1780456764,237.439090
1780456764,156.596635
1780456764,107.089736
1780456764,105.372287
1780456764,102.854206
1780456764,237.153613
1780456764,103.248893
1780456764,104.750460
1780456764,105.269780
1780456764,106.680832
1780456764,104.656513
1780456764,102.892416
1780456764,156.041641
1780456764,106.897610
1780456764,105.574756
1780456764,155.950561
1780456764,105.446801
1780456764,102.808891
1780456764,105.225422
1780456764,107.165814
1780456764,119.305499
1780456764,145.245504
1780456764,103.318504
1780456764,102.687376
1780456764,104.919918
1780456764,103.594272
1780456764,104.228816
1780456764,145.894481
1780456764,108.018935
1780456764,108.030590
1780456764,143.804937
1780456764,144.298863
1780456764,107.330857
1780456764,142.966909
1780456764,107.001446
1780456764,140.079397
1780456764,137.996070
1780456764,109.106094
1780456764,137.988869
1780456764,137.907380
1780456764,108.141381
1780456764,107.303891
1780456764,103.142045
1780456764,140.676539
1780456764,139.076793
1780456764,149.734064
1780456764,107.817634
1780456764,108.391306
1780456764,107.202059
1780456764,139.061655
1780456764,147.535040
1780456764,131.036586
1780456764,139.046352
1780456764,137.590689
1780456764,136.847475
1780456764,139.661679
1780456764,138.760720
1780456764,141.699590
1780456764,138.751174
1780456764,149.587508
1780456764,137.985096
1780456764,139.531317
1780456764,138.676799
1780456764,139.636717
1780456764,130.413345
1780456764,103.424933
1780456764,113.621246
1780456764,104.070069
1780456764,115.602766
1780456764,115.415243
1780456764,113.571676
1780456764,112.869607
1780456764,113.656679
1780456764,126.503247
1780456764,126.321497
1780456764,127.353470
1780456764,130.942587
1780456764,132.283253
1780456764,119.540573
1780456764,119.632366
1780456764,110.716804
1780456764,110.138826
1780456764,108.092350
1780456764,111.383672
1780456764,128.280171
1780456764,104.602149
1780456764,133.650499
1780456764,128.658708
1780456764,132.751121
1780456764,105.740145
1780456764,119.135269
1780456764,163.639411
1780456764,161.465235
1780456764,120.943083
1780456764,120.192555
1780456764,164.248251
1780456764,103.856670
1780456764,126.989445
1780456764,103.480094
1780456764,104.357057
1780456764,104.767130
1780456764,103.128692
1780456764,104.887325
1780456764,105.962999
1780456764,134.803974
1780456764,119.870020
1780456764,118.164927
1780456764,119.876607
1780456764,128.059778
1780456764,110.070771
1780456764,106.157005
1780456764,106.293827
1780456764,110.677038
1780456764,105.595127
1780456764,103.085499
1780456764,108.542281
1780456764,104.049709
1780456764,103.582459
1780456764,104.383351
1780456764,103.643152
1780456764,103.250803
1780456764,103.099723
1780456764,105.075470
1780456764,106.397263
1780456764,106.248140
1780456764,104.980942
1780456764,106.148211
1780456764,109.720345
1780456764,106.009871
1780456764,105.022616
1780456764,104.732913
1780456764,105.070078
1780456764,105.357179
1780456764,112.199720
1780456764,111.749377
1780456764,112.768227
1780456764,112.539655
1780456764,112.706960
1780456764,112.570886
1780456764,112.952354
1780456764,113.265458
1780456764,113.076870
1780456764,112.909231
1780456764,114.472902
1780456764,115.915089
1780456764,112.599679
1780456764,118.303319
1780456764,117.546166
1780456764,117.030759
1780456764,117.746472
1780456764,116.682727
1780456764,114.112484
1780456764,119.114988
1780456764,117.637915
1780456764,113.055417
1780456764,123.043712
1780456764,118.309719
1780456764,117.929565
1780456764,140.633737
1780456764,137.205134
1780456764,135.364237
1780456764,138.487000
1780456764,137.547206
1780456764,137.046227
1780456764,133.122700
1780456764,131.683395
1780456764,135.037320
1780456764,130.173281
1780456764,132.013510
1780456764,130.532338
1780456764,136.222217
1780456764,127.045072
1780456764,133.286310
1780456764,127.689314
1780456764,135.484745
1780456764,127.771861
1780456764,128.438273
1780456764,124.243941
1780456764,124.317240
1780456764,124.593099
1780456764,128.558141
1780456764,124.084537
1780456764,124.781845
1780456764,123.851275
1780456764,124.993253
1780456764,125.456596
1780456764,130.194841
1780456764,125.669810
1780456764,115.235150
1780456764,126.621751
1780456764,124.076657
1780456764,126.711938
1780456764,132.471124
1780456764,128.188088
1780456764,128.070173
1780456764,127.608162
1780456764,124.091729
1780456764,121.410310
1780456764,126.053776
1780456764,116.599438
1780456764,125.928573
1780456764,126.050327
1780456764,121.945487
1780456764,126.232407
1780456764,124.965246
1780456764,120.923104
1780456764,121.510125
1780456764,116.478569
1780456764,119.056116
1780456764,116.129457
1780456764,118.954165
1780456764,123.930052
1780456764,126.353646
1780456764,126.303323
1780456764,121.597041
1780456764,126.120964
1780456764,120.906516
1780456764,123.705795
1780456764,117.466963
1780456764,125.699825
1780456764,120.911790
1780456764,123.737019
1780456764,121.316333
1780456764,121.674326
1780456764,122.226861
1780456764,119.066384
1780456764,117.960819
1780456764,121.952336
1780456764,117.414548
1780456764,117.090614
1780456764,117.076896
1780456764,123.341535
1780456764,117.223940
1780456764,121.316872
1780456764,129.249849
1780456764,124.156907
1780456764,122.890238
1780456764,125.390192
1780456764,126.088613
1780456764,129.859935
1780456764,129.873446
1780456764,130.022179
1780456764,129.376061
1780456764,129.917555
1780456764,134.276493
1780456764,131.231328
1780456764,130.635849
1780456764,137.053241
1780456764,136.975074
1780456764,130.581818
1780456764,130.719699
1780456764,136.486587
1780456764,132.645799
1780456764,136.495436
1780456764,135.301602
1780456764,132.381304
1780456764,132.653421
1780456764,130.704761
1780456764,134.760758
1780456764,135.439435
1780456764,136.862747
1780456764,135.408571
1780456764,135.376724
1780456764,130.234809
1780456764,136.684067
1780456764,146.128040
1780456764,146.829374
1780456764,141.626958
1780456764,144.114817
1780456764,139.348299
1780456764,146.242096
1780456764,141.214527
1780456764,145.541638
1780456764,141.393531
1780456764,145.639554
1780456764,137.718002
1780456764,138.856157
1780456764,138.058876
1780456764,138.203155
1780456764,138.181195
1780456764,138.039995
1780456764,137.941793
1780456764,137.996900
1780456764,138.689735
1780456764,138.449204
1780456764,139.032070
1780456764,138.690128
1780456764,140.077894
1780456764,138.621195
1780456764,140.161072
1780456764,140.604410
1780456764,138.914060
1780456764,140.592198
1780456764,140.492220
1780456764,139.873191
1780456764,135.629325
1780456764,136.069292
1780456764,140.613161
1780456764,139.866122
1780456764,140.492820
1780456764,140.270836
1780456764,140.611109
1780456764,138.327372
1780456764,140.808184
1780456764,139.146155
1780456764,135.842248
1780456764,139.292241
1780456764,135.793933
1780456764,140.263167
1780456764,139.098342
1780456764,140.044257
1780456764,134.937903
1780456764,136.270679
1780456764,138.494439
1780456764,138.857977
1780456764,140.780401
1780456764,139.177613
1780456764,135.096836
1780456764,139.354235
1780456764,135.787649
1780456764,136.778674
1780456764,141.222010
1780456764,138.977547
1780456764,138.691205
1780456764,141.096235
1780456764,131.202382
1780456764,134.300684
1780456764,137.554003
1780456764,136.266478
1780456764,136.823848
1780456764,135.442094
1780456764,135.418231
1780456764,140.149766
1780456764,141.967566
1780456764,135.199359
1780456764,137.852773
1780456764,138.772269
1780456764,142.856893
1780456764,134.032568
1780456764,138.841342
1780456764,141.230827
1780456764,140.913601
1780456764,146.549516
1780456764,141.660834
1780456764,145.808044
1780456764,143.483419
1780456764,145.882921
1780456764,147.203648
1780456764,146.318250
1780456764,142.441505
1780456764,143.896849
1780456764,146.629498
1780456764,141.927595
1780456764,148.523854
1780456764,143.148104
1780456764,149.119924
1780456764,142.397491
1780456764,138.398501
1780456764,143.196379
1780456764,142.831149
1780456764,147.571720
1780456764,145.905241
1780456764,145.829466
1780456764,149.650593
1780456764,142.589092
1780456764,139.921333
1780456764,145.312359
1780456764,148.660695
1780456764,145.380214
1780456764,149.811815
1780456764,138.796151
1780456764,143.554533
1780456764,145.708320
1780456764,140.929168
1780456764,149.865937
1780456764,142.441663
1780456764,144.010551
1780456764,145.024682
1780456764,142.565257
1780456764,139.914334
1780456764,141.765625
1780456764,138.988418
1780456764,143.811627
1780456764,144.129284
1780456764,146.181730
1780456764,144.123246
1780456764,144.745531
1780456764,145.255394
1780456764,144.718947
1780456764,141.878084
1780456764,144.718997
1780456764,144.864003
1780456764,146.063832
1780456764,142.546704
1780456764,142.047365
1780456764,141.188632
1780456764,143.451401
1780456764,146.507093
1780456764,143.697029
1780456764,143.231303
1780456764,143.895760
1780456764,142.531937
1780456764,143.340075
1780456764,142.880241
1780456764,144.627107
1780456764,144.011621
1780456764,143.376845
1780456764,145.833736
1780456764,149.222696
1780456764,149.187041
1780456764,150.802740
1780456764,148.325170
1780456764,145.124006
1780456764,148.456465
1780456764,146.252829
1780456764,147.945794
1780456764,150.070497
1780456764,148.392390
1780456764,148.222522
1780456764,150.058695
1780456764,146.227860
1780456764,156.931834
1780456764,149.085030
1780456764,157.184866
1780456764,150.659247
1780456764,151.258351
1780456764,151.342266
1780456764,152.874203
1780456764,145.843439
1780456764,149.861055
1780456764,155.490980
1780456764,149.409105
1780456764,146.247646
1780456764,145.144155
1780456764,148.764521
1780456764,151.867686
1780456764,148.175723
1780456764,152.143635
1780456764,156.157654
1780456764,152.626046
1780456764,154.136223
1780456764,158.599203
1780456764,159.503962
1780456764,151.865840
1780456764,156.566600
1780456764,160.103815
1780456764,156.780896
1780456764,156.852386
1780456764,160.122244
1780456764,151.563505
1780456764,152.071724
1780456764,154.915467
1780456764,152.054899
1780456764,176.802816
1780456764,176.144411
1780456764,176.511588
1780456764,155.241854
1780456764,173.780105
1780456764,171.650630
1780456764,173.541100
1780456764,174.758614
1780456764,170.624294
1780456764,176.325844
1780456764,176.051054
1780456764,169.072137
1780456764,171.250143
1780456764,169.470433
1780456764,171.161258
1780456764,169.804721
1780456764,171.374340
1780456764,165.446739
1780456764,175.810788
1780456764,169.279445
1780456764,175.556181
1780456764,166.520603
1780456764,166.596471
1780456764,161.278867
1780456764,170.195178
1780456764,167.728394
1780456764,161.201677
1780456764,167.174534
1780456764,167.888984
1780456764,169.324770
1780456764,161.962442
1780456764,174.013593
1780456764,165.703639
1780456764,158.966233
1780456764,159.048442
1780456764,168.110649
1780456764,162.187598
1780456764,168.773324
1780456764,162.891504
1780456764,169.544712
1780456764,162.452598
1780456764,161.677038
1780456764,159.938621
1780456764,162.685412
1780456764,159.925904
1780456764,161.630183
1780456764,159.774398
1780456764,159.878150
1780456764,163.194681
1780456764,161.554804
1780456764,160.030328
1780456764,162.011623
1780456764,165.556875
1780456764,161.395735
1780456764,161.722235
1780456764,166.078813
1780456764,160.363496
1780456764,159.663622
1780456764,161.891300
1780456764,166.380587
1780456764,162.530885
1780456764,155.714231
1780456764,151.932093
1780456764,161.710092
1780456764,152.793819
1780456764,153.461550
1780456764,159.543469
1780456764,156.052244
1780456764,158.175572
1780456764,162.304920
1780456764,159.919005
1780456764,159.864674
1780456764,162.391401
1780456764,157.848191
1780456764,156.592751
1780456764,161.963105
1780456764,162.506370
1780456764,163.896528
1780456764,156.840108
1780456764,158.902066
1780456764,159.087395
1780456764,160.171861
1780456764,157.070309
1780456764,160.411785
1780456764,163.264784
1780456764,160.536612
1780456764,156.918774
1780456764,156.964518
1780456764,159.175867
1780456764,154.062600
1780456764,163.085354
1780456764,164.106948
1780456764,159.404804
1780456764,154.978901
1780456764,157.072430
1780456764,159.886492
1780456764,159.377809
1780456764,155.179745
1780456764,157.124032
1780456764,155.198097
1780456764,154.770865
1780456764,155.309267
1780456764,153.080209
1780456764,159.824862
1780456764,152.756712
1780456764,162.013956
1780456764,163.418176
1780456764,154.288037
1780456764,157.781795
1780456764,157.756075
1780456764,154.046358
1780456764,158.412991
1780456764,153.749537
1780456764,156.053643
1780456764,162.351484
1780456764,162.321774
1780456764,159.686764
1780456764,158.183874
1780456764,159.611007
1780456764,160.421229
1780456764,160.401422
1780456764,162.702379
1780456764,160.477002
1780456764,155.020991
1780456764,161.382722
1780456764,159.809503
1780456764,158.679326
1780456764,153.047967
1780456764,155.101005
1780456764,160.085337
1780456764,162.301327
1780456764,159.796026
1780456764,155.786999
1780456764,158.474343
1780456764,158.625010
1780456764,156.413418
1780456764,158.636340
1780456764,156.678787
1780456764,158.735244
1780456764,153.051360
1780456764,159.629012
1780456764,162.011531
1780456764,152.229057
1780456764,154.719269
1780456764,156.758588
1780456764,159.121464
1780456764,158.280650
1780456764,158.664954
1780456764,162.048153
1780456764,158.845933
1780456764,162.847652
1780456764,158.781561
1780456764,162.608657
1780456764,159.490098
1780456764,159.134387
1780456764,159.746318
1780456764,157.384174
1780456764,155.764991
1780456764,159.745601
1780456764,165.373922
1780456764,155.885847
1780456764,156.167024
1780456764,156.739100
1780456764,155.852148
1780456764,156.238433
1780456764,157.079545
1780456764,156.151373
1780456764,156.210865
1780456764,156.583970
1780456764,157.972234
1780456764,156.765699
1780456764,157.216283
1780456764,156.862291
1780456764,156.749911
1780456764,146.972209
1780456764,148.902054
1780456764,149.168389
1780456764,164.881946
1780456764,159.101523
1780456764,164.951595
1780456764,150.316804
1780456764,149.489780
1780456764,166.496583
1780456764,149.929944
1780456764,155.884512
1780456764,165.690326
1780456764,159.990790
1780456764,160.097856
1780456764,164.071340
1780456764,160.308940
1780456764,158.690545
1780456764,158.623094
1780456764,158.851228
1780456764,163.978730
1780456764,160.250915
1780456764,150.434270
1780456764,154.815441
1780456764,150.430475
1780456764,160.253414
1780456764,153.634621
1780456764,160.193681
1780456764,157.939483
1780456764,157.867813
1780456764,153.654136
1780456764,158.122013
1780456764,150.825830
1780456764,163.548430
1780456764,161.982618
1780456764,168.585834
1780456764,163.655367
1780456764,154.241529
1780456764,166.344223
1780456764,164.591881
1780456764,154.799938
1780456764,164.400275
1780456764,159.110856
1780456764,164.962738
1780456764,164.970818
1780456764,169.012348
1780456764,169.281272
1780456764,164.786664
1780456764,171.829796
1780456764,149.228030
1780456764,149.344336
1780456764,165.392988
1780456764,165.098828
1780456764,166.203517
1780456764,165.059120
1780456764,148.880559
1780456764,165.269909
1780456764,147.737680
1780456764,171.256123
1780456764,165.321080
1780456764,147.842885
1780456764,171.631054
1780456764,165.660242
1780456764,148.056760
1780456764,172.346632
1780456764,171.418473
1780456764,147.147935
1780456764,162.749313
1780456764,169.361902
1780456764,164.786620
1780456764,169.334543
1780456764,169.699474
1780456764,156.180970
1780456764,159.035328
1780456764,168.050905
1780456764,159.314944
1780456764,173.526381
1780456764,146.861674
1780456764,159.835769
1780456764,173.148111
1780456764,173.931701
1780456764,147.414433
1780456764,147.709043
1780456764,168.538762
1780456764,147.999472
1780456764,168.987026
1780456764,156.909875
1780456764,171.770981
1780456764,173.361944
1780456764,161.267396
1780456764,169.088243
1780456764,164.450800
1780456764,169.237220
1780456764,165.171232
1780456764,171.238628
1780456764,173.535323
1780456764,170.772095
1780456764,177.650883
1780456764,170.839975
1780456764,145.188088
1780456764,171.336361
1780456764,170.829412
1780456764,171.454267
1780456764,178.279581
1780456764,171.909151
1780456764,174.978500
1780456764,178.254642
1780456764,176.953473
1780456764,157.503693
1780456764,172.946657
1780456764,145.904626
1780456764,179.229984
1780456764,161.651820
1780456764,145.299700
1780456764,157.467735
1780456764,178.285982
1780456764,145.687909
1780456764,174.741617
1780456764,155.246332
1780456764,173.341542
1780456764,180.602029
1780456764,174.065323
1780456764,176.638992
1780456764,177.004045
1780456764,178.739776
1780456764,176.315178
1780456764,176.673342
1780456764,174.235432
1780456764,174.793820
1780456764,171.485159
1780456764,145.432477
1780456764,175.095231
1780456764,146.872694
1780456764,160.461150
1780456764,144.578513
1780456764,176.129905
1780456764,156.151584
1780456764,176.227990
1780456764,157.513453
1780456764,145.345025
1780456764,178.279360
1780456764,173.362111
1780456764,143.977175
1780456764,157.192767
1780456764,177.011465
1780456764,157.311191
1780456764,178.868479
1780456764,156.401886
1780456764,177.610945
1780456764,176.065444
1780456764,142.711386
1780456764,183.933634
1780456764,183.943033
1780456764,152.826150
1780456764,143.053209
1780456764,184.361696
1780456764,154.789368
1780456764,184.465255
1780456764,180.759811
1780456764,175.328545
1780456764,134.135000
1780456764,175.544799
1780456764,179.466604
1780456764,181.386695
1780456764,134.528877
1780456764,134.811062
1780456764,135.148593
1780456764,185.650567
1780456764,176.653272
1780456764,177.512811
1780456764,156.444846
1780456764,179.934046
1780456764,134.099593
1780456764,134.213094
1780456764,186.246361
1780456764,151.296589
1780456764,134.863874
1780456764,151.628026
1780456764,180.738116
1780456764,134.947354
1780456764,156.249493
1780456764,133.610254
1780456764,133.716565
1780456764,182.666031
1780456764,155.425938
1780456764,134.597064
1780456764,155.649464
1780456764,133.817826
1780456764,133.990164
1780456764,188.173700
1780456764,183.108125
1780456764,183.220384
1780456764,134.134553
1780456764,187.410928
1780456764,187.537770
1780456764,183.271902
1780456764,183.535023
1780456764,187.237669
1780456764,190.027647
1780456764,183.247562
1780456764,182.695160
1780456764,187.469282
1780456764,192.745963
1780456764,187.483437
1780456764,184.795478
1780456764,190.537888
1780456764,133.845786
1780456764,155.389404
1780456764,182.962908
1780456764,155.543258
1780456764,184.521086
1780456764,154.479914
1780456764,133.215666
1780456764,132.633854
1780456764,180.380100
1780456764,132.932666
1780456764,184.141006
1780456764,152.744365
1780456764,186.576403
1780456764,153.000241
1780456764,179.515194
1780456764,186.663043
1780456764,186.538844
1780456764,130.045930
1780456764,153.394656
1780456764,130.521586
1780456764,152.665712
1780456764,181.028737
1780456764,150.201691
1780456764,197.096712
1780456764,187.277715
1780456764,196.996194
1780456764,196.391630
1780456764,195.928273
1780456764,195.651214
1780456764,195.993282
1780456764,131.134041
1780456764,197.040588
1780456764,190.499622
1780456764,185.425570
1780456764,153.336626
1780456764,189.167907
1780456764,130.470887
1780456764,181.641872
1780456764,150.935609
1780456764,196.733495
1780456764,130.754775
1780456764,185.115881
1780456764,149.847975
1780456764,191.472462
1780456764,196.949016
1780456764,182.054500
1780456764,131.155353
1780456764,191.403162
1780456764,149.005090
1780456764,188.614525
1780456764,195.437407
1780456764,189.597418
1780456764,182.578016
1780456764,148.540741
1780456764,189.128637
1780456764,174.043710
1780456764,130.872499
1780456764,181.907842
1780456764,190.534980
1780456764,190.003249
1780456764,131.301872
1780456764,182.294255
1780456764,189.723397
1780456764,192.177398
1780456764,176.450256
1780456764,190.834664
1780456764,182.891768
1780456764,195.962136
1780456764,174.372984
1780456764,184.535981
1780456764,190.693076
1780456764,186.621935
1780456764,196.606187
1780456764,195.252360
1780456764,183.844943
1780456764,195.618954
1780456764,182.947561
1780456764,193.106560
1780456764,197.479572
1780456764,169.717697
1780456764,191.881644
1780456764,192.216786
1780456764,179.947216
1780456764,169.954691
1780456764,151.893535
1780456764,177.832977
1780456764,198.554783
1780456764,164.794772
1780456764,131.767779
1780456764,192.613358
1780456764,151.535031
1780456764,165.366737
1780456764,165.383890
1780456764,176.164847
1780456764,132.928079
1780456764,164.377870
1780456764,193.355481
1780456764,163.446447
1780456764,174.747224
1780456764,193.044543
1780456764,174.820260
1780456764,178.674545
1780456764,172.813643
1780456764,173.146835
1780456764,194.439754
1780456764,133.432365
1780456764,201.785107
1780456764,172.284143
1780456764,132.518742
1780456764,197.018147
1780456764,195.046379
1780456764,172.669838
1780456764,171.367550
1780456764,185.389540
1780456764,132.899801
1780456764,171.557442
1780456764,206.647802
1780456764,192.606533
1780456764,160.579613
1780456764,196.932126
1780456764,124.397896
1780456764,181.194645
1780456764,173.831736
1780456764,159.668192
1780456764,174.049105
1780456764,170.086980
1780456764,170.603553
1780456764,208.762338
1780456764,163.896700
1780456764,156.071987
1780456764,208.773625
1780456764,162.444518
1780456764,197.787944
1780456764,126.380766
1780456764,209.262729
1780456764,197.723815
1780456764,200.354313
1780456764,209.117159
1780456764,191.918188
1780456764,154.707378
1780456764,154.535943
1780456764,201.301809
1780456764,170.434529
1780456764,184.317402
1780456764,207.210789
1780456764,183.053788
1780456764,155.443021
1780456764,184.205011
1780456764,184.405678
1780456764,194.862703
1780456764,210.582579
1780456764,210.024968
1780456764,207.927513
1780456764,204.652514
1780456764,155.373331
1780456764,174.910381
1780456764,155.394492
1780456764,199.888131
1780456764,155.472456
1780456764,207.807566
1780456764,153.588474
1780456764,151.414438
1780456764,210.456087
1780456764,174.304241
1780456764,167.200384
1780456764,208.311833
1780456764,168.708616
1780456764,159.711113
1780456764,173.147384
1780456764,197.125373
1780456764,171.773680
1780456764,159.962985
1780456764,170.780964
1780456764,195.711382
1780456764,166.950161
1780456764,201.647735
1780456764,166.933825
1780456764,171.167177
1780456764,170.089201
1780456764,198.022630
1780456764,167.459648
1780456764,205.344082
1780456764,193.185533
1780456764,161.470319
1780456764,187.041829
1780456764,148.804519
1780456764,184.820127
1780456764,195.990990
1780456764,166.669247
1780456764,167.013600
1780456764,213.702442
1780456764,161.951960
1780456764,140.845164
1780456764,211.577592
1780456764,196.984501
1780456764,204.082735
1780456764,129.766035
1780456764,195.108330
1780456764,191.749848
1780456764,199.359898
1780456764,130.368399
1780456764,209.855655
1780456764,192.198175
1780456764,206.644147
1780456764,130.923258
1780456764,193.962929
1780456764,192.775165
1780456764,184.070448
1780456764,130.256327
1780456764,206.530060
1780456764,194.746065
1780456764,163.326744
1780456764,166.855045
1780456764,163.533054
1780456764,193.935991
1780456764,166.918061
1780456764,208.667699
1780456764,165.972454
1780456764,194.265083
1780456764,174.040479
1780456764,131.472832
1780456764,201.907680
1780456764,182.700314
1780456764,164.445107
1780456764,172.888999
1780456764,207.980057
1780456764,166.763742
1780456764,196.387470
1780456764,195.472177
1780456764,167.016395
1780456764,194.296713
1780456764,172.464734
1780456764,182.480300
1780456764,167.328384
1780456764,133.022106
1780456764,192.571825
1780456764,196.244648
1780456764,189.308058
1780456764,196.717490
1780456764,195.469520
1780456764,191.889630
1780456764,193.290636
1780456764,192.129908
1780456764,170.327463
1780456764,167.308537
1780456764,189.892952
1780456764,169.192926
1780456764,189.070155
1780456764,191.553787
1780456764,197.803687
1780456764,192.915018
1780456764,168.277869
1780456764,189.181731
1780456764,189.585676
1780456764,189.493354
1780456764,191.346210
1780456764,191.344254
1780456764,192.720530
1780456764,167.634557
1780456764,190.582696
1780456764,187.656043
1780456764,167.922283
1780456764,189.223563
1780456764,186.466855
1780456764,188.003583
1780456764,191.412655
1780456764,166.385996
1780456764,166.938417
1780456764,195.380977
1780456764,195.406148
1780456764,166.930405
1780456764,167.147110
1780456764,167.169256
1780456764,220.947993
1780456764,226.490205
1780456764,226.532602
1780456764,180.675708
1780456764,180.847752
1780456764,181.398829
1780456764,179.507597
1780456764,200.364441
1780456764,178.402996
1780456764,199.873212
1780456764,189.078522
1780456764,146.552843
1780456764,142.781798
1780456764,145.398086
1780456764,145.459183
1780456764,142.754347
1780456764,186.520496
1780456764,186.516658
1780456764,134.611067
1780456764,141.578655
1780456764,202.035489
1780456764,179.222674
1780456764,179.428431
1780456764,139.637972
1780456764,166.446068
1780456764,138.876716
1780456764,200.096966
1780456764,198.997219
1780456764,176.370439
1780456764,177.217963
1780456764,181.004165
1780456764,180.982045
1780456764,182.501268
1780456764,181.026489
1780456764,179.860329
1780456764,180.559811
1780456764,174.110827
1780456764,221.282852
1780456764,222.747777
1780456764,214.609886
1780456764,178.592294
1780456764,204.733556
1780456764,174.940150
1780456764,169.442856
1780456764,177.629428
1780456764,162.037897
1780456764,177.724360
1780456764,167.250812
1780456764,177.687657
1780456764,168.469249
1780456764,177.850250
1780456764,173.844719
1780456764,179.159634
1780456764,168.556622
1780456764,185.575108
1780456764,183.199462
1780456764,161.155450
1780456764,214.170551
1780456764,214.354579
1780456764,222.034423
1780456764,222.105787
1780456764,235.483552
1780456764,234.338613
1780456764,221.961913
1780456764,233.379744
1780456764,244.319134
1780456764,184.017103
1780456764,184.022147
1780456764,195.542840
1780456764,232.955131
1780456764,184.158933
1780456764,181.547496
1780456764,189.312320
1780456764,182.801821
1780456764,182.882016
1780456764,237.739776
1780456764,194.419491
1780456764,181.564919
1780456764,244.655974
1780456764,237.972855
1780456764,240.706021
1780456764,223.116683
1780456764,217.830451
1780456764,218.679846
1780456764,217.933721
1780456764,220.369429
1780456764,235.036492
1780456764,219.087488
1780456764,219.287168
1780456764,216.860870
1780456764,231.049208
1780456764,216.260216
1780456764,216.366555
1780456764,215.470443
1780456764,219.061286
1780456764,234.853936
1780456764,219.452347
1780456764,172.679913
1780456764,171.602407
1780456764,177.170733
1780456764,177.297256
1780456764,172.900449
1780456764,155.278998
1780456764,177.417439
1780456764,171.664524
1780456764,171.744188
1780456764,171.808301
1780456764,177.554310
1780456764,171.861774
1780456764,222.048271
1780456764,234.645367
1780456764,225.538169
1780456764,240.526623
1780456764,233.647242
1780456764,242.084247
1780456764,236.336689
1780456764,243.488567
1780456764,240.620265
1780456764,215.563023
1780456764,216.886359
1780456764,213.163291
1780456764,218.289402
1780456764,222.796667
1780456764,226.394567
1780456764,229.350656
1780456764,225.037024
1780456764,225.196231
1780456764,226.771171
1780456764,258.115356
1780456764,272.436062
1780456764,269.615675
1780456764,272.504652
1780456764,270.916510
1780456764,272.484630
1780456764,191.463653
1780456764,272.390326
1780456764,272.663784
1780456764,191.585803
1780456764,275.507833
1780456764,273.870807
1780456764,157.010385
1780456764,289.804653
1780456764,284.930751
1780456764,236.271358
1780456764,285.009778
1780456764,286.442938
1780456764,228.489701
1780456764,215.175087
1780456764,235.078837
1780456764,196.351699
1780456764,211.690601
1780456764,217.679598
1780456764,218.536888
1780456764,287.949249
1780456764,277.878114
1780456764,235.312179
1780456764,221.194395
1780456764,288.082867
1780456764,222.531591
1780456764,158.063102
1780456764,158.134184
1780456764,269.242599
1780456764,279.509456
1780456764,158.395254
1780456764,279.694291
1780456764,261.462431
1780456764,265.296747
1780456764,269.245207
1780456764,196.937016
1780456764,197.217298
1780456764,270.697180
1780456764,197.132670
1780456764,127.681810
1780456764,271.184616
1780456764,211.237275
1780456764,271.270077
1780456764,213.538601
1780456764,221.824106
1780456764,274.254581
1780456764,158.740149
1780456764,271.447482
1780456764,197.294295
1780456764,269.892454
1780456764,275.617332
1780456764,214.947058
1780456764,263.566911
1780456764,260.569146
1780456764,247.904620
1780456764,246.691774
1780456764,253.021547
1780456764,150.284926
1780456764,259.602021
1780456764,232.738128
1780456764,262.583694
1780456764,235.086888
1780456764,260.790843
1780456764,262.657948
1780456764,233.989849
1780456764,244.334383
1780456764,237.676332
1780456764,255.939424
1780456764,249.606209
1780456764,232.702763
1780456764,257.215984
1780456764,245.633281
1780456764,258.568853
1780456764,248.318544
1780456764,287.362458
1780456764,277.601903
1780456764,279.042179
1780456764,275.942418
1780456764,281.653050
1780456764,276.205324
1780456764,276.245844
1780456764,287.387094
1780456764,277.738378
1780456764,283.243721
1780456764,287.716794
1780456764,326.934606
1780456764,326.936617
1780456764,326.709373
1780456764,326.913658
1780456764,260.825122
1780456764,327.079601
1780456764,321.396514
1780456764,258.050672
1780456764,246.198893
1780456764,260.867023
1780456764,256.601650
1780456764,244.987204
1780456764,255.449402
1780456764,326.941610
1780456764,256.641058
1780456764,256.847408
1780456764,258.263655
1780456764,319.527450
1780456764,301.930400
1780456764,320.507928
1780456764,242.846635
1780456764,281.278848
1780456764,242.790994
1780456764,281.217665
1780456764,319.515546
1780456764,242.977498
1780456764,319.725448
1780456764,243.070930
1780456764,282.680519
1780456764,319.718106
1780456764,284.176288
1780456764,246.746449
1780456764,306.071921
1780456764,246.800565
1780456764,306.076062
1780456764,232.452113
1780456764,236.061033
1780456764,307.335966
1780456764,237.986364
1780456764,236.166945
1780456764,307.444901
1780456764,238.087633
1780456764,319.764907
1780456764,240.578673
1780456764,319.769908
1780456764,319.861863
1780456764,240.691882
1780456764,243.256955
1780456764,242.092667
1780456765,158.344193
1780456765,300.406651
1780456765,287.558390
1780456765,298.944644
1780456765,298.755448
1780456765,300.424528
1780456765,299.052060
1780456765,297.446967
1780456765,295.925483
1780456765,336.903746
1780456765,334.201575
1780456765,336.884637
1780456765,334.109937
1780456765,334.569968
1780456765,198.573972
1780456765,198.559715
1780456765,198.603833
1780456765,198.695052
1780456765,341.983438
1780456765,198.812763
1780456765,342.213375
1780456765,198.608595
1780456765,342.268713
1780456765,333.103466
1780456765,198.733735
1780456765,331.662571
1780456765,198.734083
1780456765,336.227319
1780456765,334.680608
1780456765,325.288551
1780456765,322.755794
1780456765,324.264137
1780456765,322.504064
1780456765,322.650900
1780456765,321.030663
1780456765,322.486636
1780456765,322.339424
1780456765,150.767081
1780456765,191.537406
1780456765,151.148942
1780456765,191.603307
1780456765,150.543051
1780456765,191.701274
1780456765,312.659566
1780456765,150.752978
1780456765,150.360148
1780456765,150.785796
1780456765,150.091954
1780456765,150.803248
1780456765,150.733704
1780456765,151.034254
1780456765,150.825914
1780456765,150.794505
1780456765,151.268993
1780456765,150.700464
1780456765,151.447373
1780456765,150.866209
1780456765,151.579533
1780456765,151.295931
1780456765,151.591307
1780456765,150.004790
1780456765,150.619756
1780456765,151.603339
1780456765,150.363027
1780456765,314.367108
1780456765,150.410214
1780456765,318.459753
1780456765,150.689695
1780456765,150.792425
1780456765,309.616772
1780456765,151.367181
1780456765,320.371548
1780456765,151.108470
1780456765,151.692649
1780456765,151.627431
1780456765,151.574461
1780456765,344.808542
1780456765,343.169864
1780456765,344.765743
1780456765,343.275406
1780456765,346.133876
1780456765,350.291499
1780456765,348.999281
1780456765,346.106886
1780456765,350.239704
1780456765,350.502985
1780456765,346.304875
1780456765,351.794318
1780456765,347.589598
1780456765,347.667041
1780456765,173.103862
1780456765,297.386670
1780456765,173.138705
1780456765,300.809620
1780456765,182.006715
1780456765,164.887989
1780456765,183.191013
1780456765,166.533196
1780456765,183.152560
1780456765,164.936680
1780456765,183.331846
1780456765,184.499015
1780456765,169.257117
1780456765,184.206132
1780456765,188.161794
1780456765,169.373146
1780456765,297.859086
1780456765,178.736736
1780456765,190.157728
1780456765,177.925447
1780456765,184.170035
1780456765,175.694423
1780456765,190.371152
1780456765,190.315729
1780456765,188.328402
1780456765,192.785966
1780456765,188.420992
1780456765,192.802385
1780456765,190.482508
1780456765,192.819599
1780456765,150.947630
1780456765,154.919585
1780456765,154.942117
1780456765,154.861662
1780456765,260.405036
1780456765,154.935000
1780456765,155.241553
1780456765,155.225272
1780456765,155.300812
1780456765,155.192332
1780456765,166.956458
1780456765,155.192959
1780456765,167.752307
1780456765,163.300330
1780456765,170.714013
1780456765,278.519676
1780456765,169.417130
1780456765,164.609173
1780456765,164.598591
1780456765,170.802293
1780456765,155.204053
1780456765,298.488047
1780456765,155.461216
1780456765,300.495774
1780456765,155.165381
1780456765,300.756730
1780456765,296.101481
1780456765,166.018748
1780456765,344.394245
1780456765,345.945951
1780456765,346.107550
1780456765,334.248889
1780456765,346.125263
1780456765,335.548935
1780456765,347.356286
1780456765,334.396907
1780456765,348.500495
1780456765,346.315048
1780456765,338.382826
1780456765,328.340791
1780456765,339.775358
1780456765,330.867365
1780456765,335.823669
1780456765,333.361608
1780456765,337.349718
1780456765,333.440766
1780456765,332.302218
1780456765,339.270975
1780456765,335.944374
1780456765,343.105697
1780456765,316.585638
1780456765,336.109505
1780456765,341.830171
1780456765,157.776672
1780456765,343.384629
1780456765,157.879062
1780456765,343.617374
1780456765,157.877125
1780456765,158.050803
1780456765,345.162603
1780456765,158.080056
1780456765,303.652722
1780456765,158.088198
1780456765,306.839353
1780456765,157.860398
1780456765,306.916870
1780456765,157.823125
1780456765,157.675502
1780456765,157.919722
1780456765,157.246153
1780456765,157.871319
1780456765,157.844077
1780456765,317.025419
1780456765,308.302653
1780456765,321.209234
1780456765,307.119665
1780456765,321.331175
1780456765,322.552227
1780456765,364.810010
1780456765,361.107878
1780456765,364.408577
1780456765,364.598007
1780456765,365.175450
1780456765,167.463846
1780456765,167.780391
1780456765,166.802978
1780456765,167.177044
1780456765,167.703340
1780456765,167.337783
1780456765,166.802085
1780456765,167.695116
1780456765,338.937696
1780456765,341.356988
1780456765,167.188081
1780456765,342.600141
1780456765,331.082954
1780456765,167.621234
1780456765,331.161138
1780456765,331.135207
1780456765,318.276859
1780456765,168.032479
1780456765,167.820082
1780456765,335.138232
1780456765,167.459692
1780456765,168.372445
1780456765,335.097168
1780456765,146.838173
1780456765,183.666168
1780456765,348.706881
1780456765,183.556887
1780456765,183.430082
1780456765,348.773278
1780456765,346.189013
1780456765,183.754256
1780456765,347.611368
1780456765,183.678592
1780456765,183.512775
1780456765,333.501651
1780456765,184.034441
1780456765,183.830321
1780456765,327.076200
1780456765,338.801946
1780456765,184.101356
1780456765,346.475627
1780456765,313.821668
1780456765,337.718917
1780456765,313.793266
1780456765,295.286771
1780456765,339.065577
1780456765,316.332905
1780456765,336.462236
1780456765,183.992267
1780456765,183.752500
1780456765,336.560602
1780456765,321.086189
1780456765,338.089370
1780456765,184.310155
1780456765,184.215617
1780456765,339.328422
1780456765,184.473089
1780456765,338.112030
1780456765,184.622105
1780456765,341.034500
1780456765,184.004537
1780456765,184.194549
1780456765,344.512071
1780456765,334.224634
1780456765,335.478450
1780456765,335.548585
1780456765,334.238348
1780456765,336.745218
1780456765,335.510592
1780456765,335.486979
1780456765,335.669648
1780456765,336.818809
1780456765,147.698245
1780456765,146.573444
1780456765,147.312370
1780456765,148.042680
1780456765,147.387314
1780456765,149.470658
1780456765,170.599967
1780456765,169.525966
1780456765,167.346088
1780456765,168.491756
1780456765,164.979194
1780456765,165.077313
1780456765,165.067084
1780456765,166.221842
1780456765,165.101660
1780456765,166.371511
1780456765,157.865884
1780456765,167.562196
1780456765,374.584110
1780456765,374.148129
1780456765,374.333333
1780456765,374.555057
1780456765,374.851171
1780456765,375.325968
1780456765,339.921811
1780456765,339.930956
1780456765,375.277600
1780456765,375.497506
1780456765,375.754305
1780456765,375.973467
1780456765,375.078492
1780456765,375.159600
1780456765,375.374528
1780456765,375.975852
1780456765,155.451538
1780456765,376.108298
1780456765,155.712017
1780456765,154.030885
1780456765,156.628316
1780456765,369.321789
1780456765,369.350428
1780456765,369.532007
1780456765,369.835988
1780456765,367.112325
1780456765,364.468929
1780456765,362.860354
1780456765,334.914788
1780456765,362.157599
1780456765,361.134759
1780456765,358.895930
1780456765,356.643265
1780456765,161.562745
1780456765,160.090250
1780456765,340.114859
1780456765,340.316166
1780456765,336.930545
1780456765,161.215953
1780456765,337.082562
1780456765,336.113615
1780456765,336.352200
1780456765,336.505940
1780456765,333.011126
1780456765,328.720143
1780456765,326.643812
1780456765,163.111073
1780456765,167.444381
1780456765,166.747311
1780456765,166.536169
1780456765,166.604543
1780456765,334.597050
1780456765,335.779944
1780456765,334.737072
1780456765,335.927518
1780456765,336.000757
1780456765,337.258527
1780456765,198.185934
1780456765,198.162490
1780456765,198.816753
1780456765,198.708002
1780456765,197.881513
1780456765,198.327106
1780456765,198.062025
1780456765,194.883457
1780456765,198.320400
1780456765,195.000100
1780456765,193.812960
1780456765,183.879426
1780456765,191.584962
1780456765,196.162073
1780456765,190.409219
1780456765,186.301631
1780456765,198.100731
1780456765,198.155128
1780456765,198.672341
1780456765,198.400212
1780456765,190.865783
1780456765,199.131645
1780456765,190.393545
1780456765,199.700650
1780456765,190.508668
1780456765,188.399608
1780456765,399.100740
1780456765,394.911585
1780456765,393.775346
1780456765,392.449898
1780456765,395.364128
1780456765,393.626356
1780456765,394.989729
1780456765,177.408545
1780456765,177.623123
1780456765,178.195022
1780456765,179.329962
1780456765,394.455059
1780456765,180.229157
1780456765,393.586486
1780456765,180.496400
1780456765,392.457835
1780456765,395.884560
1780456765,393.548566
1780456765,392.497771
1780456765,175.276654
1780456765,392.940800
1780456765,180.910933
1780456765,391.610689
1780456765,352.632943
1780456765,361.471637
1780456765,329.338144
1780456765,390.514582
1780456765,176.309029
1780456765,362.037750
1780456765,358.290516
1780456765,357.001711
1780456765,355.862223
1780456765,354.480781
1780456765,355.851676
1780456765,355.917076
1780456765,292.382548
1780456765,212.342949
1780456765,292.471923
1780456765,353.399950
1780456765,212.346338
1780456765,348.958452
1780456765,355.857550
1780456765,177.652302
1780456765,183.376053
1780456765,183.392068
1780456765,179.244035
1780456765,184.730577
1780456765,184.742133
1780456765,186.908532
1780456765,185.467250
1780456765,249.886643
1780456765,180.625194
1780456765,193.036776
1780456765,180.557596
1780456765,180.510415
1780456765,193.015488
1780456765,180.903038
1780456765,193.289701
1780456765,181.096269
1780456765,193.107023
1780456765,181.025529
1780456765,180.129602
1780456765,192.784350
1780456765,179.185977
1780456765,193.052055
1780456765,179.363500
1780456765,193.527486
1780456765,178.710119
1780456765,178.770669
1780456765,190.510809
1780456765,190.846306
1780456765,191.150913
1780456765,191.468974
1780456765,191.762210
1780456765,191.816683
1780456765,191.693027
1780456765,181.212555
1780456765,181.431309
1780456765,192.783665
1780456765,191.120893
1780456765,176.049945
1780456765,176.293436
1780456765,196.237200
1780456765,251.680610
1780456765,195.434612
1780456765,209.503742
1780456765,250.828529
1780456765,209.676583
1780456765,197.541360
1780456765,252.386800
1780456765,197.731535
1780456765,209.857888
1780456765,244.955482
1780456765,196.306179
1780456765,210.301400
1780456765,245.217469
1780456765,196.487038
1780456765,210.376182
1780456765,245.061166
1780456765,196.704062
1780456765,210.482028
1780456765,235.849489
1780456765,199.434766
1780456765,210.819505
1780456765,235.685089
1780456765,210.943082
1780456765,232.858178
1780456765,224.178277
1780456765,196.876105
1780456765,224.299611
1780456765,224.712953
1780456765,199.980188
1780456765,224.921881
1780456765,177.902648
1780456765,225.313909
1780456765,225.318135
1780456765,178.137479
1780456765,225.587614
1780456765,217.390356
1780456765,177.510135
1780456765,222.652832
1780456765,177.786203
1780456765,217.845825
1780456765,223.610165
1780456765,217.340509
1780456765,224.060195
1780456765,217.734374
1780456765,210.352773
1780456765,225.042696
1780456765,225.448639
1780456765,225.484957
1780456765,225.192273
1780456765,225.846778
1780456765,215.235148
1780456765,180.930891
1780456765,215.418347
1780456765,214.748185
1780456765,298.335545
1780456765,205.035298
1780456765,380.941557
1780456765,379.661975
1780456765,239.428742
1780456765,180.995296
1780456765,382.292177
1780456765,239.550666
1780456765,205.829472
1780456765,214.605551
1780456765,181.118214
1780456765,235.091834
1780456765,235.393654
1780456765,235.487641
1780456765,214.078201
1780456765,180.742244
1780456765,206.133193
1780456765,213.490281
1780456765,213.729323
1780456765,212.980435
1780456765,216.000657
1780456765,211.652502
1780456765,200.736215
1780456765,190.162227
1780456765,182.235967
1780456765,190.605884
1780456765,207.384756
1780456765,190.908231
1780456765,207.600112
1780456765,191.211260
1780456765,207.996913
1780456765,190.381029
1780456765,208.202944
1780456765,178.849945
1780456765,210.757419
1780456765,207.581340
1780456765,210.683137
1780456765,210.526284
1780456765,210.494512
1780456765,210.704399
1780456765,210.759371
1780456765,190.258402
1780456765,208.733765
1780456765,373.568456
1780456765,210.634035
1780456765,383.007041
1780456765,177.998840
1780456765,209.029807
1780456765,358.781406
1780456765,188.522372
1780456765,210.923981
1780456765,358.981603
1780456765,209.260288
1780456765,177.380532
1780456765,304.669317
1780456765,211.328076
1780456765,304.690624
1780456765,211.995692
1780456765,187.926662
1780456765,274.539184
1780456765,211.510155
1780456765,189.362833
1780456765,212.290943
1780456765,273.970232
1780456765,176.964682
1780456765,211.655513
1780456765,266.628835
1780456765,209.885592
1780456765,188.732865
1780456765,212.718051
1780456765,260.588658
1780456765,211.959521
1780456765,177.561874
1780456765,306.065081
1780456765,210.930302
1780456765,189.517939
1780456765,262.553680
1780456765,177.259074
1780456765,212.821446
1780456765,213.974913
1780456765,260.676477
1780456765,189.039984
1780456765,260.105285
1780456765,177.420352
1780456765,252.084470
1780456765,189.221754
1780456765,182.714137
1780456765,216.137224
1780456765,184.434210
1780456765,185.748477
1780456765,216.173920
1780456765,257.354359
1780456765,213.906031
1780456765,190.847850
1780456765,214.023851
1780456765,179.021004
1780456765,259.478047
1780456765,181.917640
1780456765,183.264499
1780456765,215.785413
1780456765,214.027064
1780456765,215.893502
1780456765,257.479588
1780456765,214.006747
1780456765,180.969666
1780456765,254.484336
1780456765,254.416608
1780456765,254.359916
1780456765,257.327278
1780456765,216.953495
1780456765,213.936730
1780456765,216.352375
1780456765,213.983891
1780456765,214.893997
1780456765,185.669751
1780456765,258.232458
1780456765,214.756975
1780456765,195.767588
1780456765,214.944991
1780456765,217.035169
1780456765,196.087190
1780456765,182.365810
1780456765,217.245248
1780456765,258.007909
1780456765,215.527688
1780456765,216.098348
1780456765,217.914305
1780456765,211.735439
1780456765,241.276154
1780456765,219.001138
1780456765,218.632124
1780456765,258.891078
1780456765,168.676557
1780456765,218.823550
1780456765,217.620155
1780456765,257.804226
1780456765,217.578071
1780456765,218.607089
1780456765,256.980753
1780456765,219.471247
1780456765,218.763351
1780456765,256.004414
1780456765,221.422923
1780456765,214.407003
1780456765,256.287373
1780456765,185.843831
1780456765,219.414459
1780456765,220.521214
1780456765,186.104311
1780456765,259.127050
1780456765,259.452018
1780456765,259.395313
1780456765,171.173582
1780456765,259.486009
1780456765,215.229577
1780456765,259.765809
1780456765,215.265835
1780456765,259.337742
1780456765,203.978153
1780456765,205.729376
1780456765,205.695741
1780456765,205.850258
1780456765,259.478939
1780456765,206.552991
1780456765,259.480582
1780456765,185.483098
1780456765,215.592849
1780456765,255.285065
1780456765,222.825564
1780456765,259.096132
1780456765,186.950848
1780456765,185.689420
1780456765,256.723340
1780456765,221.492040
1780456765,221.782767
1780456765,221.648592
1780456765,215.985282
1780456765,247.747773
1780456765,223.138632
1780456765,172.128031
1780456765,216.191142
1780456765,217.542055
1780456765,171.160793
1780456765,259.958038
1780456765,216.319707
1780456765,223.447398
1780456765,247.840751
1780456765,216.386555
1780456765,186.484738
1780456765,223.622556
1780456765,216.515261
1780456765,245.880431
1780456765,216.918313
1780456765,217.061797
1780456765,186.941226
1780456765,227.716490
1780456765,245.385179
1780456765,171.930041
1780456765,222.604656
1780456765,226.888812
1780456765,223.354230
1780456765,225.598197
1780456765,246.484653
1780456765,176.706873
1780456765,223.521644
1780456765,225.749967
1780456765,246.631967
1780456765,186.381296
1780456765,215.896760
1780456765,225.216955
1780456765,246.502926
1780456765,217.727025
1780456765,223.782338
1780456765,242.216330
1780456765,224.093443
1780456765,232.328955
1780456765,223.617225
1780456765,173.081455
1780456765,216.511298
1780456765,223.288777
1780456765,223.748093
1780456765,172.115546
1780456765,224.501649
1780456765,222.557080
1780456765,246.855441
1780456765,223.090148
1780456765,220.195885
1780456765,240.861360
1780456765,187.670259
1780456765,154.025901
1780456765,221.533082
1780456765,210.007509
1780456765,248.228593
1780456765,215.084425
1780456765,221.770737
1780456765,186.764372
1780456765,221.960773
1780456765,210.541811
1780456765,248.040789
1780456765,215.459111
1780456765,168.884645
1780456765,219.949437
1780456765,248.413796
1780456765,210.908098
1780456765,220.018473
1780456765,184.860442
1780456765,241.927582
1780456765,211.040964
1780456765,219.979871
1780456765,182.630680
1780456765,210.759206
1780456765,159.190388
1780456765,242.273851
1780456765,220.115332
1780456765,210.941796
1780456765,160.489824
1780456765,239.765347
1780456765,249.167410
1780456765,211.619328
1780456765,239.941116
1780456765,158.210941
1780456765,211.068541
1780456765,225.640613
1780456765,211.866679
1780456765,156.057528
1780456765,211.919790
1780456765,211.273612
1780456765,225.691542
1780456765,240.141721
1780456765,212.128697
1780456765,225.854653
1780456765,211.540686
1780456765,180.888971
1780456765,212.327422
1780456765,226.382730
1780456765,212.989215
1780456765,211.278576
1780456765,228.664282
1780456765,211.427744
1780456765,213.219501
1780456765,154.356555
1780456765,212.653300
1780456765,213.294796
1780456765,227.070275
1780456765,214.663785
1780456765,214.097598
1780456765,151.375240
1780456765,243.309248
1780456765,243.681912
1780456765,230.311291
1780456765,243.904158
1780456765,154.977381
1780456765,213.203224
1780456765,214.494797
1780456765,215.819346
1780456765,207.458276
1780456765,215.986386
1780456765,216.110298
1780456765,216.166539
1780456765,230.980177
1780456765,231.740621
1780456765,232.499631
1780456765,232.912197
1780456765,232.097427
1780456765,231.752904
1780456765,213.686331
1780456765,214.900711
1780456765,143.970031
1780456765,144.146669
1780456765,206.770274
1780456765,153.506507
1780456765,230.229541
1780456765,202.060559
1780456765,200.473779
1780456765,230.369201
1780456765,144.350264
1780456765,230.817985
1780456765,230.717616
1780456765,144.856956
1780456765,245.674830
1780456765,245.938291
1780456765,231.209497
1780456765,246.213229
1780456765,246.042604
1780456765,246.083870
1780456765,236.131060
1780456765,246.202158
1780456765,145.316960
1780456765,235.555733
1780456765,246.390980
1780456765,236.675015
1780456765,246.533730
1780456765,234.384501
1780456765,145.294620
1780456765,198.789533
1780456765,231.629287
1780456765,246.247347
1780456765,246.332994
1780456765,200.513623
1780456765,231.738567
1780456765,145.629305
1780456765,231.831948
1780456765,145.820791
1780456765,234.992406
1780456765,233.306793
1780456765,146.996125
1780456765,195.326351
1780456765,236.039037
1780456765,196.872766
1780456765,192.806019
1780456765,195.312912
1780456765,192.285870
1780456765,217.867477
1780456765,217.889094
1780456765,213.053640
1780456765,214.444914
1780456765,215.622357
1780456765,216.821146
1780456765,205.324500
1780456765,206.719393
1780456765,209.240390
1780456765,208.047616
1780456765,212.049866
1780456765,209.740612
1780456765,212.156144
1780456765,234.632143
1780456765,239.016684
1780456765,242.316048
1780456765,210.721162
1780456765,220.515322
1780456765,220.706205
1780456765,234.747465
1780456765,240.659708
1780456765,240.868253
1780456765,242.598775
1780456765,207.577731
1780456765,154.187315
1780456765,154.511159
1780456765,154.974650
1780456765,196.255127
1780456765,192.819595
1780456765,245.912156
1780456765,247.393439
1780456765,260.024821
1780456765,247.671554
1780456765,247.875478
1780456765,248.011524
1780456765,228.484556
1780456765,218.651070
1780456765,258.312905
1780456765,218.542636
1780456765,219.683804
1780456765,220.876498
1780456765,222.192707
1780456765,217.986957
1780456765,218.035179
1780456765,216.885187
1780456765,216.928314
1780456765,214.670545
1780456765,213.508850
1780456765,177.733004
1780456765,214.926054
1780456765,202.846545
1780456765,215.218154
1780456765,214.128934
1780456765,157.628418
1780456765,212.935030
1780456765,210.112184
1780456765,210.469063
1780456765,210.970922
1780456765,208.523257
1780456765,210.959264
1780456765,158.448301
1780456765,159.022469
1780456765,158.703400
1780456765,222.645375
1780456765,208.684449
1780456765,207.400946
1780456765,239.136187
1780456765,154.442691
1780456765,232.247137
1780456765,205.197242
1780456765,210.302659
1780456765,210.297476
1780456765,209.820495
1780456765,232.491165
1780456765,232.562395
1780456765,210.561816
1780456765,232.677760
1780456765,235.178917
1780456765,238.858661
1780456765,238.806553
1780456765,203.307267
1780456765,205.591174
1780456765,227.674675
1780456765,227.463910
1780456765,207.012274
1780456765,229.334407
1780456765,230.423465
1780456765,209.901878
1780456765,230.525093
1780456765,231.829367
1780456765,231.929892
1780456765,230.701549
1780456765,210.439232
1780456765,232.070214
1780456765,233.208999
1780456765,207.598273
1780456765,224.467419
1780456765,226.814261
1780456765,228.406250
1780456765,225.818076
1780456765,143.442030
1780456765,228.499976
1780456765,228.489357
1780456765,204.231211
1780456765,228.613548
1780456765,228.899864
1780456765,144.032368
1780456765,228.979484
1780456765,144.660700
1780456765,225.703446
1780456765,225.789959
1780456765,229.458306
1780456765,198.515867
1780456765,205.662717
1780456765,226.146129
1780456765,226.043929
1780456765,226.171568
1780456765,250.543347
1780456765,226.411125
1780456765,206.105931
1780456765,250.777395
1780456765,246.219790
1780456765,245.533786
1780456765,205.214168
1780456765,245.478251
1780456765,244.557612
1780456765,205.688992
1780456765,204.033359
1780456765,203.168445
1780456765,203.031218
1780456765,205.208385
1780456765,228.903994
1780456765,207.262783
1780456765,203.083136
1780456765,204.013907
1780456765,193.655106
1780456765,193.730600
1780456765,219.768094
1780456765,219.893162
1780456765,221.424428
1780456765,204.187742
1780456765,185.370373
1780456765,233.392767
1780456765,203.587706
1780456765,174.679930
1780456765,234.457457
1780456765,200.029460
1780456765,190.211221
1780456765,172.345397
1780456765,217.366540
1780456765,200.842446
1780456765,217.562307
1780456765,201.532005
1780456765,252.809569
1780456765,252.282183
1780456765,192.339720
1780456765,192.417935
1780456765,252.282186
1780456765,252.028694
1780456765,192.521911
1780456765,252.580370
1780456765,217.152833
1780456765,180.494619
1780456765,218.698074
1780456765,202.507655
1780456765,217.725546
1780456765,234.697450
1780456765,238.685035
1780456765,238.851271
1780456765,234.731594
1780456765,238.880232
1780456765,176.337086
1780456765,176.491295
1780456765,176.719172
1780456765,215.073215
1780456765,176.851881
1780456765,213.882765
1780456765,177.039135
1780456765,212.199418
1780456765,177.212253
1780456765,195.208407
1780456765,172.925929
1780456765,182.787962
1780456765,211.514280
1780456765,174.285244
1780456765,167.917133
1780456765,210.523462
1780456765,164.260256
1780456765,236.789530
1780456765,164.361406
1780456765,209.716294
1780456765,164.487191
1780456765,164.612995
1780456765,205.724226
1780456765,205.243155
1780456765,237.474125
1780456765,156.830069
1780456765,234.855820
1780456765,156.878093
1780456765,201.335956
1780456765,157.101054
1780456765,225.178955
1780456765,184.481630
1780456765,236.558872
1780456765,224.863493
1780456765,226.149031
1780456765,226.146207
1780456765,230.335297
1780456765,231.529691
1780456765,231.590016
1780456765,232.813780
1780456765,214.676096
1780456765,218.001200
1780456765,219.313826
1780456765,207.001974
1780456765,212.962784
1780456765,248.124296
1780456765,247.030496
1780456765,245.962709
1780456765,239.608908
1780456765,239.608576
1780456765,254.990203
1780456765,238.410347
1780456765,254.030017
1780456765,238.445363
1780456765,237.435854
1780456765,238.783376
1780456765,236.395740
1780456765,236.594118
1780456765,237.184122
1780456765,237.374047
1780456765,236.241474
1780456765,227.089359
1780456765,235.954094
1780456765,235.164058
1780456765,235.309230
1780456765,235.511345
1780456765,234.651682
1780456765,234.925322
1780456765,233.873797
1780456765,234.205001
1780456765,233.625991
1780456765,233.734745
1780456765,233.216982
1780456765,230.895399
1780456765,189.881105
1780456765,231.786676
1780456765,215.850421
1780456765,238.494141
1780456765,232.172120
1780456765,232.406275
1780456765,231.862222
1780456765,231.953300
1780456765,232.403967
1780456765,230.112072
1780456765,246.639004
1780456765,231.522239
1780456765,230.205716
1780456765,298.590043
1780456765,298.569281
1780456765,232.637954
1780456765,298.174821
1780456765,298.713906
1780456765,299.036261
1780456765,299.131007
1780456765,245.938895
1780456765,239.943826
1780456765,301.401706
1780456765,301.411506
1780456765,301.512119
1780456765,301.527583
1780456765,301.527730
1780456765,244.578724
1780456765,301.684650
1780456765,245.984862
1780456765,301.841713
1780456765,301.944600
1780456765,240.776924
1780456765,241.125555
1780456765,241.156825
1780456765,302.372977
1780456765,274.254676
1780456765,274.234542
1780456765,266.004600
1780456765,239.852257
1780456765,237.974073
1780456765,267.484167
1780456765,237.965224
1780456765,303.193286
1780456765,236.773309
1780456765,235.697230
1780456765,304.173150
1780456765,236.602905
1780456765,303.447729
1780456765,238.180952
1780456765,237.259173
1780456765,237.424240
1780456765,304.966820
1780456765,237.536485
1780456765,237.583860
1780456765,303.260988
1780456765,235.778402
1780456765,302.298423
1780456765,224.540313
1780456765,234.951365
1780456765,205.817744
1780456765,222.335937
1780456765,224.750222
1780456765,197.800812
1780456765,199.346943
1780456765,204.790394
1780456765,213.892806
1780456765,200.217506
1780456765,302.838260
1780456765,302.243375
1780456765,179.447369
1780456765,178.188763
1780456765,293.072549
1780456765,293.138607
1780456765,195.986278
1780456765,238.751893
1780456765,191.916785
1780456765,293.349163
1780456765,294.583715
1780456765,295.067830
1780456765,196.207120
1780456765,197.344737
1780456765,302.365965
1780456765,225.515409
1780456765,302.633432
1780456765,238.752252
1780456765,225.621823
1780456765,299.361160
1780456765,239.068348
1780456765,302.491720
1780456765,302.585618
1780456765,226.048179
1780456765,239.294891
1780456765,303.024640
1780456765,238.153172
1780456765,303.081379
1780456765,303.031582
1780456765,303.820900
1780456765,304.108911
1780456765,228.565385
1780456765,240.142670
1780456765,228.955691
1780456765,229.008527
1780456765,239.591364
1780456765,291.287484
1780456765,229.354827
1780456765,305.648579
1780456765,305.416585
1780456765,305.453573
1780456765,240.468224
1780456765,229.222078
1780456765,305.067505
1780456765,279.857558
1780456765,228.232191
1780456765,240.253163
1780456765,304.502014
1780456765,304.967841
1780456765,239.374380
1780456765,211.430834
1780456765,304.433794
1780456765,304.511061
1780456765,209.893395
1780456765,186.650059
1780456765,305.302602
1780456765,226.740513
1780456765,304.774493
1780456765,226.912929
1780456765,293.463298
1780456765,187.430912
1780456765,187.555613
1780456765,187.660926
1780456765,295.459274
1780456765,187.912873
1780456765,159.554301
1780456765,159.511519
1780456765,159.492464
1780456765,273.189616
1780456765,159.677918
1780456765,187.315930
1780456765,266.721452
1780456765,159.920305
1780456765,160.137487
1780456765,184.718642
1780456765,160.143567
1780456765,211.852481
1780456765,160.510721
1780456765,304.776211
1780456765,300.352114
1780456765,211.705766
1780456765,211.949940
1780456765,144.442361
1780456765,306.041264
1780456765,296.337345
1780456765,301.738533
1780456765,276.699034
1780456765,157.958066
1780456765,303.830580
1780456765,296.890993
1780456765,161.697889
1780456765,215.010832
1780456765,158.609963
1780456765,296.479072
1780456765,158.780007
1780456765,158.598410
1780456765,158.710433
1780456765,159.444526
1780456765,298.350807
1780456765,159.171618
1780456765,159.468930
1780456765,214.217065
1780456765,159.507110
1780456765,159.664033
1780456765,159.476994
1780456765,159.521034
1780456765,269.415833
1780456765,281.375318
1780456765,268.147253
1780456765,153.480026
1780456765,153.882913
1780456765,153.786878
1780456765,153.906817
1780456765,154.124437
1780456765,154.217763
1780456765,286.752200
1780456765,154.304722
1780456765,154.416350
1780456765,293.961834
1780456765,154.202387
1780456765,162.763070
1780456765,163.007487
1780456765,163.194446
1780456765,163.461946
1780456765,154.677965
1780456765,154.743601
1780456765,163.513596
1780456765,285.379347
1780456765,284.279575
1780456765,284.342801
1780456765,285.539945
1780456765,283.113502
1780456765,283.232194
1780456765,155.489661
1780456765,155.261898
1780456765,155.595985
1780456765,155.500820
1780456765,156.028624
1780456765,275.599711
1780456765,277.071608
1780456765,165.116889
1780456765,165.477326
1780456765,165.328261
1780456765,165.612358
1780456765,165.395399
1780456765,165.161052
1780456765,165.224163
1780456765,277.439683
1780456765,256.820018
1780456765,260.279774
1780456765,257.012174
1780456765,262.906979
1780456765,265.292312
1780456765,264.047669
1780456765,155.871522
1780456765,156.022690
1780456765,268.677418
1780456765,270.199629
1780456765,156.017605
1780456765,272.672635
1780456765,156.227522
1780456765,156.416841
1780456765,156.381909
1780456765,156.769186
1780456765,128.394344
1780456765,277.262347
1780456765,277.391159
1780456765,278.634335
1780456765,257.980539
1780456765,261.400601
1780456765,156.600744
1780456765,128.790019
1780456765,277.636389
1780456765,276.416999
1780456765,276.518381
1780456765,275.319730
1780456765,251.710386
1780456765,257.407955
1780456765,274.280887
1780456765,271.398757
1780456765,250.992460
1780456765,271.838142
1780456765,151.932683
1780456765,114.790972
1780456765,282.094285
1780456765,280.966499
1780456765,115.000356
1780456765,283.820400
1780456765,152.640519
1780456765,152.178967
1780456765,152.053470
1780456765,152.333594
1780456765,289.552126
1780456765,289.704304
1780456765,299.668089
1780456765,318.208610
1780456765,152.852502
1780456765,152.800341
1780456765,152.710024
1780456765,299.757382
1780456765,107.285832
1780456765,267.252035
1780456765,120.045926
1780456765,120.164733
1780456765,272.232607
1780456765,273.660277
1780456765,277.754668
1780456765,279.992397
1780456765,121.082703
1780456765,279.095400
1780456765,283.033179
1780456765,284.612361
1780456765,122.453651
1780456765,280.798035
1780456765,272.623398
1780456765,271.445460
1780456765,269.413432
1780456765,274.087204
1780456765,280.059225
1780456765,275.412151
1780456765,123.098796
1780456765,279.943597
1780456765,281.445206
1780456765,284.244124
1780456765,281.440900
1780456765,281.675355
1780456765,123.585966
1780456765,290.831544
1780456765,293.418234
1780456765,259.627319
1780456765,262.296058
1780456765,267.781686
1780456765,259.774216
1780456765,266.624902
1780456765,268.870387
1780456765,266.732700
1780456765,270.151661
1780456765,268.249867
1780456765,214.701558
1780456765,214.651184
1780456765,210.454740
1780456765,210.442972
1780456765,118.735774
1780456765,118.642810
1780456765,118.229900
1780456765,118.210731
1780456765,118.390227
1780456765,118.516445
1780456765,118.804744
1780456765,237.841824
1780456765,238.002901
1780456765,238.119817
1780456765,238.197581
1780456765,116.688906
1780456765,255.887487
1780456765,116.827639
1780456765,116.995029
1780456765,312.260010
1780456765,303.591925
1780456765,117.381123
1780456765,117.496866
1780456765,118.009818
1780456765,118.587930
1780456765,117.469535
1780456765,118.745049
1780456765,238.310433
1780456765,238.364707
1780456765,185.872802
1780456765,186.787424
1780456765,186.799393
1780456765,186.881468
1780456765,187.822136
1780456765,187.650008
1780456765,188.146317
1780456765,188.040571
1780456765,187.801120
1780456765,187.883092
1780456765,188.296524
1780456765,188.270018
1780456765,188.431544
1780456765,189.309217
1780456765,188.823109
1780456765,188.983832
1780456765,189.195719
1780456765,231.236426
1780456765,231.337874
1780456765,231.390038
1780456765,246.349464
1780456765,194.066031
1780456765,194.137902
1780456765,231.331808
1780456765,231.407320
1780456765,231.484100
1780456765,231.602812
1780456765,231.582397
1780456765,194.422994
1780456765,194.165749
1780456765,182.435901
1780456765,182.517030
1780456765,182.341971
1780456765,182.359631
1780456765,172.325982
1780456765,172.369503
1780456765,172.246451
1780456765,172.316583
1780456765,172.429893
1780456765,172.420568
1780456765,172.363726
1780456765,173.054724
1780456765,173.161382
1780456765,172.401340
1780456765,172.469830
1780456765,172.693999
1780456765,183.904331
1780456765,184.009248
1780456765,183.385292
1780456765,183.432559
1780456765,196.439425
1780456765,196.565327
1780456765,178.272667
1780456765,178.283215
1780456765,177.923701
1780456765,178.007019
1780456765,196.944785
1780456765,178.186839
1780456765,177.530779
1780456765,141.248702
1780456765,141.082552
1780456765,177.702277
1780456765,178.715302
1780456765,141.452411
1780456765,141.103826
1780456765,178.753453
1780456765,178.197250
1780456765,178.407673
1780456765,141.485021
1780456765,141.399096
1780456765,179.015276
1780456765,118.540877
1780456765,178.978312
1780456765,140.618201
1780456765,178.810547
1780456765,118.582507
1780456765,178.925938
1780456765,140.854264
1780456765,140.958353
1780456765,178.993578
1780456765,178.195050
1780456765,179.169399
1780456765,179.357577
1780456765,141.192168
1780456765,141.273454
1780456765,141.389115
1780456765,179.455980
1780456765,117.324424
1780456765,117.384890
1780456765,117.166886
1780456765,117.030911
1780456765,179.563458
1780456765,178.971167
1780456765,179.044738
1780456765,106.260443
1780456765,133.005083
1780456765,136.664150
1780456765,137.978161
1780456765,136.997966
1780456765,120.181622
1780456765,120.187489
1780456765,121.821299
1780456765,120.302489
1780456765,122.169488
1780456765,119.867886
1780456765,138.040893
1780456765,122.198107
1780456765,121.805463
1780456765,121.737386
1780456765,122.193005
1780456765,122.112570
1780456765,119.981015
1780456765,116.933352
1780456765,162.748121
1780456765,117.201490
1780456765,116.434919
1780456765,162.968808
1780456765,117.568827
1780456765,117.548471
1780456765,163.044455
1780456765,115.606863
1780456765,115.850685
1780456765,163.121120
1780456765,163.221330
1780456765,116.327953
1780456765,116.958715
1780456765,163.255148
1780456765,139.016100
1780456765,122.655773
1780456765,163.280772
1780456765,117.213801
1780456765,122.548241
1780456765,138.527120
1780456765,122.783266
1780456765,122.798483
1780456765,184.622186
1780456765,125.120041
1780456765,124.646489
1780456765,123.240598
1780456765,124.922354
1780456765,185.652157
1780456765,185.888332
1780456765,125.405821
1780456765,186.087386
1780456765,185.121287
1780456765,125.549684
1780456765,185.234587
1780456765,139.430748
1780456765,119.256496
1780456765,119.269481
1780456765,139.862761
1780456765,124.332119
1780456765,123.626928
1780456765,119.836543
1780456765,140.393568
1780456765,140.276287
1780456765,120.249413
1780456765,120.205318
1780456765,124.253335
1780456765,140.948358
1780456765,120.689236
1780456765,143.088397
1780456765,142.948191
1780456765,120.767850
1780456765,141.003921
1780456765,142.853512
1780456765,142.778781
1780456765,120.932079
1780456765,125.153630
1780456765,143.360754
1780456765,120.899506
1780456765,121.061241
1780456765,141.481755
1780456765,143.146722
1780456765,142.693402
1780456765,121.155745
1780456765,121.865817
1780456765,127.569836
1780456765,142.692586
1780456765,125.556036
1780456765,142.655474
1780456765,122.056818
1780456765,125.898244
1780456765,143.020192
1780456765,128.027854
1780456765,142.879188
1780456765,125.993263
1780456765,142.835047
1780456765,142.914562
1780456765,129.543862
1780456765,143.112439
1780456765,126.601995
1780456765,143.241816
1780456765,118.706894
1780456765,131.258331
1780456765,130.502164
1780456765,128.641759
1780456765,131.833595
1780456765,128.320297
1780456765,128.628389
1780456765,124.127674
1780456765,125.132558
1780456765,125.302204
1780456765,145.498692
1780456765,128.641989
1780456765,124.495851
1780456765,124.720176
1780456765,125.247108
1780456765,125.386574
1780456765,129.235747
1780456765,131.553473
1780456765,125.626907
1780456765,132.304460
1780456765,132.676628
1780456765,132.324681
1780456765,133.155684
1780456765,132.469038
1780456765,132.101252
1780456765,132.411812
1780456765,132.530626
1780456765,130.401847
1780456765,132.121194
1780456765,121.405205
1780456765,126.891888
1780456765,126.525348
1780456765,126.643645
1780456765,126.545061
1780456765,126.913559
1780456765,126.859486
1780456765,127.210570
1780456765,127.326281
1780456765,127.444535
1780456765,128.363267
1780456765,127.107827
1780456765,127.578772
1780456765,134.150013
1780456765,135.001233
1780456765,135.329575
1780456765,134.698559
1780456765,135.122148
1780456765,118.423546
1780456765,134.741803
1780456765,135.367328
1780456765,118.908950
1780456765,119.343364
1780456765,117.475294
1780456765,135.534454
1780456765,135.276823
1780456765,135.523555
1780456765,125.029451
1780456765,117.680910
1780456765,135.579678
1780456765,132.346953
1780456765,120.850870
1780456765,132.015483
1780456765,135.960135
1780456765,120.588233
1780456765,136.200733
1780456765,119.135766
1780456765,131.952663
1780456765,120.967860
1780456765,136.735305
1780456765,121.072110
1780456765,112.283015
1780456765,122.058123
1780456765,132.315949
1780456765,121.708876
1780456765,113.907427
1780456765,123.602336
1780456765,117.900232
1780456765,122.967092
1780456765,123.971844
1780456765,123.775719
1780456765,124.255929
1780456765,122.356131
1780456765,124.122363
1780456765,118.108997
1780456765,122.122830
1780456765,116.158153
1780456765,130.551469
1780456765,108.098019
1780456765,116.228138
1780456765,126.042567
1780456765,124.689035
1780456765,124.994547
1780456765,125.044891
1780456765,122.449579
1780456765,127.300361
1780456765,126.920769
1780456765,127.230880
1780456765,124.981935
1780456765,127.266523
1780456765,121.123890
1780456765,137.761016
1780456765,128.246999
1780456765,128.166296
1780456765,124.935567
1780456765,128.307261
1780456765,128.062579
1780456765,125.660695
1780456765,137.799222
1780456765,127.997180
1780456765,128.496593
1780456765,128.664647
1780456765,138.223001
1780456765,125.043542
1780456765,128.872852
1780456765,128.820450
1780456765,128.289849
1780456765,129.061617
1780456765,129.038009
1780456765,123.665558
1780456765,129.425630
1780456765,122.712125
1780456765,117.066248
1780456765,116.038213
1780456765,120.865875
1780456765,122.700455
1780456765,121.712878
1780456765,130.942202
1780456765,126.232232
1780456765,125.937697
1780456765,125.842679
1780456765,126.219774
1780456765,116.479283
1780456765,116.255633
1780456765,115.675823
1780456765,131.511052
1780456765,132.429325
1780456765,132.310634
1780456765,130.857084
1780456765,132.311918
1780456765,132.692819
1780456765,130.967656
1780456765,130.926208
1780456765,130.893183
1780456765,111.235268
1780456765,111.124891
1780456765,111.276655
1780456765,132.685950
1780456765,115.944593
1780456765,133.121677
1780456765,133.448014
1780456765,127.332394
1780456765,117.529357
1780456765,133.846868
1780456765,133.571585
1780456765,130.866231
1780456765,117.937668
1780456765,131.709976
1780456765,131.017707
1780456765,111.341644
1780456765,126.081761
1780456765,127.147540
1780456765,111.910041
1780456765,111.941662
1780456765,113.755959
1780456765,133.551562
1780456765,129.689064
1780456765,133.805838
1780456765,133.690057
1780456765,133.747954
1780456765,102.477848
1780456765,112.473408
1780456765,112.800328
1780456765,133.049433
1780456765,133.042828
1780456765,133.165637
1780456765,133.306696
1780456765,133.291491
1780456765,133.336279
1780456765,102.473932
1780456765,129.341493
1780456765,129.234851
1780456765,103.265743
1780456765,123.634295
1780456765,133.674507
1780456765,133.772638
1780456765,133.825012
1780456765,133.811148
1780456765,128.961916
1780456765,122.693721
1780456765,102.849175
1780456765,134.444821
1780456765,102.626599
1780456765,130.463547
1780456765,103.045213
1780456765,102.863037
1780456765,132.682179
1780456765,128.693963
1780456765,132.694463
1780456765,132.742614
1780456765,132.806548
1780456765,128.250577
1780456765,132.967944
1780456765,133.005303
1780456765,127.014492
1780456765,127.105626
1780456765,126.862453
1780456765,125.937233
1780456765,125.867009
1780456765,125.909519
1780456765,125.904975
1780456765,125.646440
1780456765,125.398587
1780456765,103.306338
1780456765,126.357743
1780456765,126.795122
1780456765,125.906685
1780456765,125.728834
1780456765,125.236119
1780456765,124.373175
1780456765,105.578926
1780456765,104.885456
1780456765,102.864113
1780456765,105.745848
1780456765,105.314326
1780456765,106.309514
1780456765,105.432824
1780456765,120.323285
1780456765,104.989635
1780456765,113.089915
1780456765,113.344687
1780456765,113.382370
1780456765,113.607620
1780456765,113.704041
1780456765,113.430475
1780456765,113.910785
1780456765,114.076536
1780456765,114.226328
1780456765,115.352651
1780456765,109.306253
1780456765,114.877555
1780456765,108.625745
1780456765,103.947964
1780456765,114.819095
1780456765,110.545454
1780456765,114.838401
1780456765,108.655540
1780456765,108.621261
1780456765,115.412787
1780456765,115.448808
1780456765,115.508266
1780456765,108.969521
1780456765,104.744156
1780456765,115.579490
1780456765,104.941445
1780456765,116.136001
1780456765,116.069990
1780456765,115.436587
1780456765,105.482647
1780456765,116.522126
1780456765,116.519063
1780456765,117.068822
1780456765,106.919099
1780456765,116.901028
1780456765,115.930293
1780456765,111.684686
1780456765,107.102224
1780456765,116.307636
1780456765,116.397889
1780456765,107.302641
1780456765,116.818096
1780456765,105.715290
1780456765,107.300999
1780456765,103.533994
1780456765,116.594452
1780456765,116.767648
1780456765,116.117412
1780456765,116.933611
1780456765,116.051969
1780456765,107.685628
1780456765,116.024804
1780456765,108.190923
1780456765,111.452214
1780456765,116.361064
1780456765,116.480090
1780456765,116.223018
1780456765,115.341635
1780456765,116.700309
1780456765,116.608026
1780456765,118.977786
1780456765,119.006119
1780456765,119.130365
1780456765,119.927419
1780456765,120.006094
1780456765,119.654985
1780456765,120.111732
1780456765,103.130764
1780456765,103.408997
1780456765,105.549773
1780456765,123.858135
1780456765,118.652831
1780456765,105.594960
1780456765,122.532592
1780456765,104.610960
1780456765,104.632981
1780456765,119.188963
1780456765,104.826482
1780456765,114.790557
1780456765,114.051797
1780456765,113.869395
1780456765,104.471219
1780456765,126.910346
1780456765,114.997220
1780456765,111.577342
1780456765,117.046750
1780456765,109.218048
1780456765,110.694597
1780456765,113.252791
1780456765,110.854040
1780456765,111.211629
1780456765,109.940155
1780456765,112.633618
1780456765,110.066660
1780456765,115.286768
1780456765,109.864335
1780456765,114.769911
1780456765,111.112271
1780456765,115.238160
1780456765,112.853729
1780456765,117.681581
1780456765,114.431654
1780456765,116.492350
1780456765,112.801204
1780456765,117.234772
1780456765,109.832760
1780456765,118.680834
1780456765,114.684185
1780456765,118.552344
1780456765,117.104884
1780456765,118.661504
1780456765,119.181128
1780456765,118.840195
1780456765,118.951216
1780456765,110.670220
1780456765,110.635166
1780456765,117.758727
1780456765,110.293583
1780456765,120.011667
1780456765,132.544018
1780456765,110.269362
1780456765,127.065668
1780456765,127.916762
1780456765,128.139089
1780456765,129.378884
1780456765,124.856474
1780456765,125.018236
1780456765,108.456793
1780456765,126.512039
1780456765,111.428064
1780456765,129.866755
1780456765,133.058330
1780456765,111.493581
1780456765,129.026310
1780456765,129.118117
1780456765,112.302814
1780456765,134.632347
1780456765,130.101783
1780456765,110.165656
1780456765,110.019111
1780456765,112.344943
1780456765,107.007983
1780456765,108.193090
1780456765,125.589278
1780456765,114.675976
1780456765,111.896983
1780456765,111.175004
1780456765,109.220132
1780456765,108.006877
1780456765,107.839036
1780456765,126.257830
1780456765,124.944492
1780456765,107.021587
1780456765,126.891356
1780456765,108.963677
1780456765,126.033457
1780456765,108.239548
1780456765,125.126108
1780456765,106.084265
1780456765,125.307684
1780456765,135.448691
1780456765,133.740845
1780456765,135.448510
1780456765,133.723713
1780456765,105.750908
1780456765,114.239404
1780456765,136.359615
1780456765,130.239607
1780456765,115.862807
1780456765,109.946800
1780456765,110.863996
1780456765,116.311435
1780456765,112.128612
1780456765,126.823522
1780456765,113.771117
1780456765,126.754760
1780456765,126.972885
1780456765,125.811576
1780456765,125.528563
1780456765,129.172134
1780456765,127.786421
1780456765,127.990684
1780456765,127.588013
1780456765,127.912197
1780456765,109.334940
1780456765,127.740295
1780456765,125.549431
1780456765,110.390440
1780456765,124.698278
1780456765,126.164771
1780456765,106.641584
1780456765,109.915786
1780456765,108.620071
1780456765,124.540988
1780456765,122.245911
1780456765,106.315025
1780456765,121.339870
1780456765,105.613732
1780456765,120.668352
1780456765,122.440122
1780456765,109.733346
1780456765,121.638303
1780456765,122.746401
1780456765,121.408299
1780456765,120.134571
1780456765,118.875459
1780456765,122.115403
1780456765,107.133937
1780456765,120.065112
1780456765,118.687812
1780456765,118.314580
1780456765,106.897961
1780456765,120.171166
1780456765,116.436484
1780456765,106.575141
1780456765,116.568580
1780456765,118.318864
1780456765,117.463013
1780456765,115.823367
1780456765,109.438215
1780456765,116.067437
1780456765,116.521761
1780456765,116.326615
1780456765,107.837226
1780456765,116.646807
1780456765,116.288126
1780456765,116.292512
1780456765,115.942832
1780456765,113.678180
1780456765,123.992996
1780456765,122.869521
1780456765,111.126140
1780456765,111.526899
1780456765,122.446650
1780456765,109.958939
1780456765,110.220167
1780456765,109.593700
1780456765,109.239042
1780456765,109.921522
1780456765,109.630752
1780456765,111.709345
1780456765,111.343431
1780456765,109.408370
1780456765,109.352439
1780456765,118.399052
1780456765,110.494060
1780456765,109.561350
1780456765,108.124843
1780456765,109.330301
1780456765,108.081276
1780456765,109.503209
1780456765,110.555653
1780456765,111.471755
1780456765,109.943615
1780456765,110.013023
1780456765,106.132898
1780456765,119.883146
1780456765,121.091554
1780456765,121.109953
1780456765,119.238954
1780456765,121.137847
1780456765,106.395603
1780456765,115.380687
1780456765,113.519365
1780456765,114.379443
1780456765,113.851171
1780456765,115.727231
1780456765,110.999716
1780456765,103.701811
1780456765,113.917483
1780456765,104.450494
1780456765,115.976381
1780456765,104.493827
1780456765,111.528547
1780456765,116.974605
1780456765,116.871237
1780456765,116.565213
1780456765,112.904360
1780456765,112.551012
1780456765,119.002490
1780456765,118.394319
1780456765,118.476843
1780456765,112.049785
1780456765,112.834910
1780456765,115.085798
1780456765,118.595851
1780456765,119.367016
1780456765,114.580442
1780456765,114.646448
1780456765,113.212792
1780456765,118.430593
1780456765,118.317363
1780456765,110.658844
1780456765,116.427322
1780456765,116.516354
1780456765,116.741834
1780456765,112.673131
1780456765,114.176432
1780456765,116.458413
1780456765,115.582480
1780456765,111.086974
1780456765,117.035688
1780456765,116.312382
1780456765,111.297987
1780456765,111.637244
1780456765,111.584371
1780456765,111.820575
1780456765,118.094076
1780456765,105.032127
1780456765,115.979604
1780456765,118.580608
1780456765,117.907097
1780456765,118.133306
1780456765,112.312549
1780456765,114.360507
1780456765,110.576787
1780456765,110.678393
1780456765,110.431892
1780456765,110.795995
1780456765,110.260349
1780456765,110.931188
1780456765,110.807061
1780456765,110.625005
1780456765,118.443800
1780456765,118.312737
1780456765,104.666722
1780456765,110.650162
1780456765,118.360421
1780456765,112.999695
1780456765,111.632048
1780456765,111.976630
1780456765,110.156603
1780456765,113.724106
1780456765,117.409295
1780456765,105.012185
1780456765,113.155015
1780456765,111.105239
1780456765,112.107006
1780456765,113.833738
1780456765,111.421795
1780456765,113.948546
1780456765,111.793688
1780456765,136.927278
1780456765,137.520812
1780456765,136.934266
1780456765,136.454219
1780456765,136.611285
1780456765,136.620556
1780456765,141.426100
1780456765,134.142996
1780456765,110.013862
1780456765,140.211763
1780456765,109.499824
1780456765,140.130419
1780456765,117.523828
1780456765,117.681833
1780456765,137.172448
1780456765,137.195607
1780456765,110.193982
1780456765,140.822818
1780456765,111.702755
1780456765,137.396718
1780456765,111.804275
1780456765,105.190896
1780456765,105.325194
1780456765,112.713380
1780456765,144.287334
1780456765,144.403225
1780456765,109.606286
1780456765,143.880955
1780456765,143.866546
1780456765,113.449429
1780456765,113.530538
1780456765,114.382045
1780456765,140.097153
1780456765,144.982359
1780456765,114.822403
1780456765,118.847948
1780456765,119.990022
1780456765,120.676750
1780456765,144.137569
1780456765,143.726627
1780456765,144.398306
1780456765,118.899967
1780456765,113.744805
1780456765,105.717738
1780456765,141.863271
1780456765,106.051331
1780456765,148.219097
1780456765,148.301882
1780456765,126.901332
1780456765,125.107514
1780456765,149.978058
1780456765,118.617983
1780456765,116.280000
1780456765,145.183965
1780456765,145.973092
1780456765,117.171236
1780456765,151.303521
1780456765,151.366621
1780456765,151.658501
1780456765,150.943720
1780456765,114.574466
1780456765,146.988741
1780456765,111.638122
1780456765,113.249590
1780456765,113.246340
1780456765,111.672859
1780456765,111.653695
1780456765,151.604501
1780456765,113.837233
1780456765,151.503372
1780456765,110.090134
1780456765,145.658540
1780456765,108.963552
1780456765,107.897820
1780456765,152.544277
1780456765,152.020760
1780456765,150.150828
1780456765,151.854367
1780456765,148.847374
1780456765,149.069316
1780456765,147.841001
1780456765,148.989565
1780456765,149.665674
1780456765,149.795670
1780456765,147.866519
1780456765,146.568785
1780456765,147.318676
1780456765,117.372026
1780456765,146.472074
1780456765,146.549235
1780456765,149.880627
1780456765,117.539300
1780456765,117.318563
1780456765,149.697574
1780456765,119.126691
1780456765,117.081158
1780456765,119.120898
1780456765,147.959005
1780456765,149.087333
1780456765,118.647383
1780456765,119.249905
1780456765,148.636161
1780456765,147.376821
1780456765,147.483370
1780456765,148.572068
1780456765,146.028336
1780456765,146.174354
1780456765,146.235094
1780456765,148.617317
1780456765,145.840794
1780456765,147.180274
1780456765,116.303390
1780456765,146.157954
1780456765,146.078490
1780456765,119.055711
1780456765,147.979350
1780456765,118.882091
1780456765,115.930966
1780456765,117.196614
1780456765,114.809291
1780456765,117.042855
1780456765,117.185024
1780456765,114.921047
1780456765,113.445463
1780456765,148.612959
1780456765,114.402769
1780456765,148.250762
1780456765,148.368565
1780456765,146.645700
1780456765,148.874874
1780456765,148.717907
1780456765,114.332277
1780456765,146.748548
1780456765,113.888122
1780456765,113.781619
1780456765,148.383426
1780456765,113.690142
1780456765,113.940326
1780456765,146.905007
1780456765,116.267589
1780456765,149.469014
1780456765,115.912426
1780456765,111.090037
1780456765,115.944949
1780456765,116.728273
1780456765,149.727552
1780456765,116.312094
1780456765,150.033801
1780456765,116.504550
1780456765,116.047622
1780456765,151.426617
1780456765,116.664197
1780456765,116.997219
1780456765,117.177073
1780456765,151.305795
1780456765,116.120657
1780456765,113.677984
1780456765,115.751760
1780456765,149.456491
1780456765,114.924891
1780456765,105.675290
1780456765,116.455920
1780456765,113.746261
1780456765,149.628147
1780456765,114.978290
1780456765,116.620869
1780456765,115.071920
1780456765,116.170408
1780456765,115.572060
1780456765,115.517580
1780456765,116.725798
1780456765,116.813244
1780456765,149.818859
1780456765,111.600928
1780456765,111.685319
1780456765,111.780026
1780456765,111.489816
1780456765,150.136835
1780456765,107.852152
1780456765,114.747092
1780456765,154.386884
1780456765,154.194655
1780456765,154.414255
1780456765,107.974420
1780456765,108.165719
1780456765,108.100086
1780456765,154.497024
1780456765,153.486504
1780456765,114.960686
1780456765,106.012565
1780456765,148.782463
1780456765,106.006467
1780456765,105.998442
1780456765,114.853444
1780456765,114.809592
1780456765,153.881854
1780456765,108.348449
1780456765,114.211283
1780456765,113.665179
1780456765,108.472127
1780456765,153.232473
1780456765,112.799955
1780456765,152.609106
1780456765,153.413978
1780456765,111.403939
1780456765,112.658329
1780456765,113.781200
1780456765,153.834410
1780456765,153.095870
1780456765,153.119369
1780456765,113.048404
1780456765,151.372434
1780456765,111.534914
1780456765,109.241421
1780456765,109.206644
1780456765,113.606452
1780456765,109.245677
1780456765,109.216697
1780456765,111.342867
1780456765,148.724904
1780456765,111.363212
1780456765,109.017037
1780456765,110.767980
1780456765,112.140638
1780456765,157.599250
1780456765,157.239762
1780456765,112.355877
1780456765,157.453504
1780456765,112.237467
1780456765,155.341874
1780456765,151.175406
1780456765,156.588350
1780456765,156.861615
1780456765,155.339205
1780456765,156.365069
1780456765,157.322672
1780456765,156.967072
1780456765,157.311279
1780456765,116.775371
1780456765,157.553346
1780456765,157.647208
1780456765,156.014959
1780456765,154.689466
1780456765,148.827442
1780456765,148.592512
1780456765,148.439541
1780456765,148.924231
1780456765,112.647416
1780456765,112.602395
1780456765,156.047760
1780456765,155.929258
1780456765,111.624409
1780456765,110.974691
1780456765,112.678935
1780456765,156.628219
1780456765,155.474369
1780456765,156.895306
1780456765,155.515180
1780456765,157.670446
1780456765,112.166194
1780456765,112.236536
1780456765,112.853021
1780456765,110.806313
1780456765,156.847946
1780456765,111.180640
1780456765,155.039508
1780456765,112.549892
1780456765,153.834495
1780456765,151.849583
1780456765,155.562486
1780456765,154.946276
1780456765,153.478186
1780456765,153.394606
1780456765,153.482783
1780456765,113.794655
1780456765,112.859066
1780456765,112.818627
1780456765,150.018885
1780456765,148.164107
1780456765,148.169531
1780456765,115.211072
1780456765,147.429049
1780456765,115.183990
1780456765,147.547171
1780456765,112.790816
1780456765,113.764444
1780456765,109.270102
1780456765,113.751815
1780456765,117.941756
1780456765,118.592645
1780456765,114.973936
1780456765,110.197904
1780456765,114.970034
1780456765,118.928914
1780456765,115.694611
1780456765,115.485450
1780456765,154.889692
1780456765,116.084995
1780456765,155.665621
1780456765,114.352515
1780456765,109.610656
1780456765,109.149374
1780456765,150.051529
1780456765,158.738356
1780456765,149.807277
1780456765,158.299946
1780456765,118.032159
1780456765,150.155688
1780456765,156.680554
1780456765,158.871760
1780456765,118.326139
1780456765,117.239751
1780456765,117.510627
1780456765,155.229881
1780456765,118.949468
1780456765,120.999325
1780456765,155.421155
1780456765,158.665419
1780456765,158.490395
1780456765,118.440031
1780456765,156.559525
1780456765,120.013072
1780456765,150.229532
1780456765,119.940594
1780456765,120.556932
1780456765,120.636458
1780456765,150.403334
1780456765,149.042341
1780456765,157.038933
1780456765,117.595043
1780456765,120.045961
1780456765,122.497843
1780456765,119.755047
1780456765,120.020568
1780456765,148.496624
1780456765,119.302666
1780456765,150.037525
1780456765,103.702585
1780456765,120.581967
1780456765,121.592712
1780456765,102.811129
1780456765,103.039554
1780456765,120.446259
1780456765,118.490275
1780456765,117.569052
1780456765,118.421836
1780456765,119.418968
1780456765,119.352636
1780456765,105.419259
1780456765,123.248279
1780456765,124.042198
1780456765,106.152632
1780456765,106.149813
1780456765,124.221433
1780456765,119.167351
1780456765,124.262488
1780456765,120.292208
1780456765,124.434100
1780456765,124.522005
1780456765,125.048717
1780456765,120.046996
1780456765,120.111533
1780456765,119.227989
1780456765,119.424083
1780456765,119.278121
1780456765,104.421582
1780456765,118.821089
1780456765,118.498575
1780456765,117.610316
1780456765,104.297205
1780456765,118.005145
1780456765,104.482699
1780456765,144.831123
1780456765,117.818524
1780456765,140.683205
1780456765,105.295492
1780456765,118.252819
1780456765,105.145096
1780456765,117.606419
1780456765,105.392552
1780456765,143.104041
1780456765,143.523513
1780456765,105.329137
1780456765,117.482192
1780456765,143.049104
1780456765,117.644215
1780456765,141.969728
1780456765,117.120806
1780456765,142.799384
1780456765,117.312131
1780456765,117.198830
1780456765,142.183301
1780456765,117.334090
1780456765,142.869995
1780456765,116.380122
1780456765,142.679190
1780456765,143.374100
1780456765,102.559267
1780456765,143.458615
1780456765,117.434563
1780456765,104.251432
1780456765,143.717015
1780456765,104.361865
1780456765,142.251163
1780456765,103.246119
1780456765,142.531167
1780456765,145.023327
1780456765,145.054480
1780456765,145.184973
1780456765,144.306126
1780456765,145.712597
1780456765,143.673291
1780456765,142.680578
1780456765,142.623938
1780456765,118.827433
1780456765,145.439806
1780456765,143.610159
1780456765,119.822950
1780456765,147.105572
1780456765,144.180546
1780456765,141.766313
1780456765,104.661269
1780456765,120.268861
1780456765,148.051087
1780456765,145.167814
1780456765,120.688247
1780456765,121.553184
1780456765,104.344700
1780456765,139.957374
1780456765,121.278964
1780456765,118.479414
1780456765,119.551608
1780456765,149.483383
1780456765,146.533435
1780456765,102.642203
1780456765,142.671870
1780456765,114.247911
1780456765,120.631346
1780456765,116.200576
1780456765,105.238216
1780456765,121.751545
1780456765,147.114058
1780456765,126.159807
1780456765,108.687356
1780456765,106.906920
1780456765,123.568580
1780456765,139.113336
1780456765,123.839805
1780456765,148.853626
1780456765,109.693934
1780456765,108.633043
1780456765,124.423883
1780456765,121.861226
1780456765,124.671174
1780456765,109.213180
1780456765,140.207968
1780456765,121.805079
1780456765,124.365719
1780456765,149.929927
1780456765,149.592597
1780456765,109.409977
1780456765,126.090812
1780456765,110.333122
1780456765,111.747654
1780456765,110.497658
1780456765,151.231287
1780456765,114.898585
1780456765,117.142144
1780456765,117.496603
1780456765,125.406683
1780456765,120.673922
1780456765,121.098387
1780456765,119.295463
1780456765,109.496788
1780456765,109.720086
1780456765,118.671712
1780456765,121.806680
1780456765,116.488986
1780456765,130.779763
1780456765,116.931951
1780456765,115.569176
1780456765,129.699819
1780456765,124.470620
1780456765,110.621881
1780456765,123.078488
1780456765,113.304222
1780456765,126.658182
1780456765,121.777113
1780456765,114.435388
1780456765,131.178705
1780456765,131.648025
1780456765,131.920762
1780456765,131.856449
1780456765,131.822542
1780456765,119.023184
1780456765,132.282202
1780456765,131.094076
1780456765,133.006359
1780456765,123.307609
1780456765,120.085259
1780456765,124.773671
1780456765,134.325880
1780456765,136.791003
1780456765,128.944052
1780456765,138.652996
1780456765,125.359681
1780456765,140.351840
1780456765,140.141737
1780456765,139.451205
1780456765,139.595518
1780456765,142.211836
1780456765,141.996259
1780456765,129.292970
1780456765,174.544199
1780456765,132.834818
1780456765,134.373011
1780456765,146.535363
1780456765,146.618192
1780456765,147.681944
1780456765,146.721501
1780456765,147.043257
1780456765,135.745792
1780456765,136.159835
1780456765,150.484497
1780456765,148.856248
1780456765,148.951525
1780456765,156.724853
1780456765,149.547606
1780456765,149.028165
1780456765,143.071470
1780456765,141.022985
1780456765,156.605329
1780456765,157.780142
1780456765,159.798863
1780456765,159.514329
1780456765,157.152307
1780456765,161.149933
1780456765,155.225343
1780456765,155.560956
1780456765,169.231456
1780456765,171.959955
1780456765,173.401687
1780456765,160.509141
1780456765,167.381598
1780456765,176.489009
1780456765,173.533265
1780456765,163.032359
1780456765,176.111514
1780456765,180.783104
1780456765,163.353325
1780456765,162.018600
1780456765,165.200443
1780456765,193.505595
1780456765,192.288170
1780456765,170.807026
1780456765,186.219686
1780456765,194.130621
1780456765,180.223240
1780456765,181.922804
1780456765,199.099996
1780456765,205.516573
1780456765,212.034526
1780456765,209.965132
1780456765,211.941995
1780456765,212.175474
1780456765,213.814799
1780456765,214.759330
1780456765,211.909286
1780456765,213.972179
1780456765,212.507236
1780456765,212.946889
1780456765,215.289794
1780456765,215.731018
1780456765,214.913895
1780456765,214.853409
1780456765,213.294733
1780456765,213.599688
1780456765,216.531217
1780456765,216.675470
1780456765,214.731983
1780456765,216.309703
1780456765,217.782891
1780456765,217.873360
1780456765,215.589352
1780456765,218.239029
1780456765,218.702060
1780456765,202.288457
1780456765,221.062649
1780456765,200.703515
1780456765,201.563307
1780456765,209.442959
1780456765,209.425563
1780456765,209.683287
1780456765,203.313121
1780456765,203.512557
1780456765,204.082594
1780456765,211.406976
1780456765,211.847403
1780456765,214.764002
1780456765,212.265861
1780456765,205.041628
1780456765,205.225306
1780456765,206.997292
1780456765,228.900033
1780456765,215.662856
1780456765,188.656435
1780456765,207.484449
1780456765,226.708987
1780456765,213.436188
1780456765,226.963518
1780456765,214.429523
1780456765,229.871322
1780456765,214.673676
1780456765,228.920229
1780456765,209.075257
1780456765,230.417574
1780456765,217.159849
1780456765,230.432470
1780456765,215.592429
1780456765,229.549213
1780456765,229.749801
1780456765,231.255053
1780456765,211.692987
1780456765,230.235105
1780456765,218.832895
1780456765,232.080079
1780456765,219.144636
1780456765,231.108117
1780456765,211.410044
1780456765,231.458327
1780456765,216.137833
1780456765,231.493265
1780456765,239.658996
1780456765,219.968349
1780456765,240.144372
1780456765,220.202749
1780456765,241.433415
1780456765,220.589839
1780456765,241.676981
1780456765,220.980340
1780456765,243.096237
1780456765,217.405936
1780456765,217.718655
1780456765,243.437991
1780456765,217.927654
1780456765,243.741406
1780456765,243.792391
1780456765,192.733261
1780456765,244.306539
1780456765,222.318506
1780456765,244.587119
1780456765,218.851284
1780456765,244.738072
1780456765,219.193391
1780456765,245.141061
1780456765,219.532660
1780456765,245.208356
1780456765,219.827685
1780456765,246.640684
1780456765,223.457657
1780456765,236.570406
1780456765,247.719580
1780456765,224.091198
1780456765,247.995250
1780456765,220.516491
1780456765,248.340068
1780456765,221.172290
1780456765,249.896996
1780456765,250.189566
1780456765,225.028276
1780456765,250.233165
1780456765,221.934146
1780456765,226.199183
1780456765,251.699869
1780456765,252.295679
1780456765,253.046812
1780456765,222.710081
1780456765,253.179657
1780456765,223.005250
1780456765,253.475252
1780456765,253.788462
1780456765,227.716097
1780456765,254.066266
1780456765,228.414726
1780456765,228.410196
1780456765,223.830158
1780456765,204.475651
1780456765,224.289671
1780456765,204.904047
1780456765,227.452270
1780456765,205.398878
1780456765,227.808492
1780456765,209.741262
1780456765,228.270377
1780456765,209.020965
1780456765,228.514031
1780456765,206.822823
1780456765,228.936387
1780456765,226.817213
1780456765,231.114989
1780456765,231.549623
1780456765,231.902359
1780456765,239.584079
1780456765,239.960242
1780456765,230.028274
1780456765,237.026613
1780456765,198.375168
1780456765,231.923461
1780456765,240.404834
1780456765,232.242496
1780456765,233.217179
1780456765,239.000113
1780456765,239.230591
1780456765,233.234158
1780456765,239.588725
1780456765,238.421207
1780456765,241.846603
1780456765,241.841822
1780456765,243.796826
1780456765,241.692801
1780456765,240.384369
1780456765,239.103829
1780456765,240.641378
1780456765,239.335464
1780456765,244.575557
1780456765,244.654828
1780456765,242.998264
1780456765,242.665457
1780456765,242.937652
1780456765,242.548215
1780456765,241.504547
1780456765,241.602434
1780456765,245.344875
1780456765,241.896090
1780456765,242.020338
1780456765,245.864493
1780456765,246.024065
1780456765,246.343452
1780456765,244.220635
1780456765,246.657189
1780456765,244.548375
1780456765,244.693639
1780456765,244.782996
1780456765,245.227636
1780456765,228.019941
1780456765,231.468103
1780456765,228.243138
1780456765,248.209602
1780456765,248.486310
1780456765,242.345758
1780456765,242.433282
1780456765,242.385761
1780456765,206.649448
1780456765,208.402773
1780456765,208.248882
1780456765,208.598961
1780456765,207.128088
1780456765,208.089385
1780456765,210.666008
1780456765,211.039209
1780456765,208.391400
1780456765,210.143928
1780456765,212.391413
1780456765,207.417194
1780456765,205.219369
1780456765,210.614259
1780456765,208.454148
1780456765,209.423146
1780456765,212.119429
1780456765,211.032908
1780456765,212.217803
1780456765,211.296332
1780456765,214.113408
1780456765,214.144545
1780456765,213.906444
1780456765,212.846231
1780456765,206.834934
1780456765,209.660087
1780456765,209.732043
1780456765,210.578627
1780456765,215.188860
1780456765,215.226005
1780456765,211.103179
1780456765,211.335057
1780456765,215.184821
1780456765,211.499373
1780456765,215.546455
1780456765,216.394676
1780456765,216.270384
1780456765,216.795486
1780456765,213.523791
1780456765,214.519739
1780456765,214.812026
1780456765,223.476503
1780456765,215.098342
1780456765,223.248076
1780456765,217.817603
1780456765,224.209961
1780456765,219.456491
1780456765,223.102435
1780456765,218.304957
1780456765,223.137569
1780456765,218.385081
1780456765,223.540133
1780456765,218.803447
1780456765,219.164042
1780456765,225.431778
1780456765,225.071411
1780456765,223.898184
1780456765,225.282582
1780456765,225.914018
1780456765,226.077999
1780456765,231.608054
1780456765,225.759448
1780456765,227.282976
1780456765,226.078670
1780456765,232.286241
1780456765,232.353028
1780456765,232.832012
1780456765,225.562642
1780456765,228.854953
1780456765,228.995235
1780456765,233.265842
1780456765,227.342092
1780456765,227.791810
1780456765,233.617035
1780456765,228.058486
1780456765,227.784403
1780456765,228.015852
1780456765,218.030269
1780456765,234.405331
1780456765,228.682549
1780456765,236.601881
1780456765,229.634592
1780456765,236.898510
1780456765,234.764401
1780456765,234.977072
1780456765,234.958668
1780456765,237.878091
1780456765,238.569377
1780456765,238.407022
1780456765,237.543653
1780456765,235.697248
1780456765,236.041314
1780456765,237.906754
1780456765,234.683476
1780456765,234.832774
1780456765,236.366550
1780456765,240.456504
1780456765,240.554429
1780456765,236.739020
1780456765,236.794575
1780456765,240.907941
1780456765,241.507927
1780456765,237.194780
1780456765,238.717751
1780456765,238.730891
1780456765,238.892565
1780456765,239.264591
1780456765,249.222012
1780456765,249.298850
1780456765,249.362139
1780456765,249.582487
1780456765,246.204917
1780456765,250.077555
1780456765,250.169390
1780456765,246.576343
1780456765,249.740016
1780456765,230.784448
1780456765,232.320537
1780456765,227.800953
1780456765,232.234394
1780456765,232.584161
1780456765,232.922740
1780456765,182.110443
1780456765,216.323591
1780456765,223.048539
1780456765,216.415213
1780456765,195.811966
1780456765,199.796897
1780456765,227.590910
1780456765,201.279929
1780456765,227.776996
1780456765,201.402349
1780456765,227.888108
1780456765,201.516688
1780456765,225.233991
1780456765,201.357128
1780456765,227.880985
1780456765,201.345863
1780456765,227.423425
1780456765,202.764792
1780456765,227.504686
1780456765,201.678918
1780456765,227.629998
1780456765,202.912338
1780456765,227.609889
1780456765,202.979804
1780456765,228.008038
1780456765,205.652054
1780456765,227.802765
1780456765,227.797628
1780456765,206.204257
1780456765,227.912241
1780456765,206.186351
1780456765,226.665807
1780456765,205.941300
1780456765,233.677637
1780456765,206.010483
1780456765,232.768042
1780456765,204.616563
1780456765,233.907191
1780456765,206.334300
1780456765,228.403179
1780456765,203.857907
1780456765,228.141656
1780456765,206.071324
1780456765,228.213384
1780456765,207.613181
1780456765,228.339187
1780456765,203.850912
1780456765,233.012586
1780456765,206.330974
1780456765,218.822913
1780456765,206.455342
1780456765,228.589642
1780456765,206.492325
1780456765,211.129203
1780456765,211.445150
1780456765,209.811652
1780456765,213.059692
1780456765,209.884171
1780456765,212.212727
1780456765,209.942125
1780456765,213.257068
1780456765,210.010906
1780456765,209.379474
1780456765,206.627313
1780456765,209.345134
1780456765,206.567034
1780456765,189.525197
1780456765,213.144045
1780456765,213.425903
1780456765,187.629102
1780456765,221.092927
1780456765,213.385246
1780456765,213.587282
1780456765,187.924847
1780456765,214.887736
1780456765,221.365716
1780456765,189.800500
1780456765,214.671160
1780456765,219.001341
1780456765,214.953252
1780456765,215.135636
1780456765,191.875477
1780456765,218.116540
1780456765,195.816032
1780456765,216.099304
1780456765,225.013631
1780456765,215.376156
1780456765,192.015758
1780456765,216.884815
1780456765,189.106100
1780456765,212.095877
1780456765,194.204812
1780456765,218.200387
1780456765,225.691837
1780456765,219.304686
1780456765,225.830460
1780456765,219.730398
1780456765,225.827272
1780456765,220.333912
1780456765,192.141827
1780456765,224.732713
1780456765,199.878229
1780456765,220.466929
1780456765,196.295899
1780456765,220.466376
1780456765,200.459355
1780456765,220.503137
1780456765,219.871080
1780456765,220.572552
1780456765,221.671217
1780456765,200.960752
1780456765,221.736021
1780456765,193.731647
1780456765,222.854349
1780456765,196.592418
1780456765,196.630711
1780456765,223.992950
1780456765,201.115930
1780456765,228.017817
1780456765,201.866885
1780456765,228.068100
1780456765,228.058225
1780456765,202.050435
1780456765,228.173383
1780456765,198.173684
1780456765,228.052023
1780456765,201.575477
1780456765,234.458895
1780456765,201.476843
1780456765,234.491755
1780456765,198.785312
1780456765,235.431038
1780456765,198.399151
1780456765,228.210402
1780456765,199.042755
1780456765,235.408122
1780456765,199.130199
1780456765,228.435040
1780456765,200.387418
1780456765,235.761155
1780456765,199.002826
1780456765,235.671949
1780456765,199.247284
1780456765,235.942560
1780456765,201.188255
1780456765,236.123626
1780456765,199.265861
1780456765,228.622975
1780456765,202.229360
1780456765,236.166388
1780456765,201.328162
1780456765,229.628630
1780456765,202.176837
1780456765,228.762589
1780456765,201.795059
1780456765,236.378695
1780456765,236.346122
1780456765,200.785694
1780456765,202.765590
1780456765,219.408583
1780456765,227.315133
1780456765,200.934958
1780456765,219.465668
1780456765,202.313549
1780456765,202.411588
1780456765,106.835017
1780456765,187.727395
1780456765,201.576826
1780456765,107.336143
1780456765,191.901174
1780456765,105.907742
1780456765,193.630426
1780456765,138.280072
1780456765,195.773554
1780456765,106.844630
1780456765,196.960712
1780456765,131.980309
1780456765,192.803308
1780456765,235.379879
1780456765,193.320150
1780456765,219.904627
1780456765,197.569550
1780456765,107.382630
1780456765,214.840633
1780456765,223.305901
1780456765,215.309435
1780456765,224.138572
1780456765,193.578268
1780456765,215.624054
1780456765,216.951856
1780456765,221.494284
1780456765,193.965706
1780456765,225.408154
1780456765,225.911010
1780456765,217.366635
1780456765,188.295266
1780456765,217.443942
1780456765,222.186025
1780456765,194.006732
1780456765,222.212138
1780456765,181.504817
1780456765,226.149915
1780456765,215.819289
1780456765,188.664459
1780456765,222.199360
1780456765,182.042899
1780456765,188.861755
1780456765,194.198070
1780456765,223.331901
1780456765,217.628814
1780456765,191.578670
1780456765,194.354116
1780456765,217.721852
1780456765,221.320704
1780456765,219.153296
1780456765,223.724764
1780456765,219.318475
1780456765,222.614256
1780456765,220.517362
1780456765,220.410796
1780456765,227.346131
1780456765,219.389278
1780456765,223.746516
1780456765,221.563240
1780456765,192.584598
1780456765,191.507001
1780456765,219.523065
1780456765,177.868895
1780456765,209.642827
1780456765,206.550172
1780456765,220.630672
1780456765,187.654452
1780456765,190.855065
1780456765,209.815581
1780456765,186.722417
1780456765,209.790448
1780456765,192.010818
1780456765,186.775376
1780456765,192.047969
1780456765,186.865776
1780456765,185.525656
1780456765,186.769935
1780456765,224.163020
1780456765,206.895957
1780456765,196.176642
1780456765,186.887337
1780456765,203.627793
1780456765,208.462658
1780456765,186.795942
1780456765,204.295660
1780456765,210.223905
1780456765,204.052279
1780456765,209.824802
1780456765,174.563877
1780456765,204.173691
1780456765,188.105525
1780456765,173.132996
1780456765,207.726858
1780456765,205.840016
1780456765,188.244065
1780456765,205.682336
1780456765,207.711462
1780456765,205.756377
1780456765,210.381868
1780456765,181.749371
1780456765,206.135033
1780456765,188.342598
1780456765,206.182266
1780456765,210.262313
1780456765,206.129385
1780456765,188.450790
1780456765,191.578659
1780456765,210.156828
1780456765,210.321486
1780456765,168.539318
1780456765,191.688755
1780456765,151.076517
1780456765,189.829124
1780456765,174.025970
1780456765,208.105309
1780456765,154.017783
1780456765,208.291164
1780456765,190.048848
1780456765,152.739263
1780456765,166.015981
1780456765,208.231458
1780456765,166.062179
1780456765,210.705719
1780456765,175.023471
1780456765,134.073281
1780456765,174.549669
1780456765,210.863732
1780456765,182.267813
1780456765,211.030045
1780456765,208.530116
1780456765,154.566583
1780456765,153.505133
1780456765,214.344378
1780456765,155.012267
1780456765,214.325164
1780456765,210.931307
1780456765,190.763465
1780456765,213.733658
1780456765,182.544645
1780456765,190.839224
1780456765,182.599448
1780456765,215.960097
1780456765,154.320231
1780456765,156.442944
1780456765,190.928011
1780456765,190.879636
1780456765,158.937858
1780456765,213.959490
1780456765,155.682177
1780456765,193.937207
1780456765,160.603809
1780456765,194.272284
1780456765,159.950772
1780456765,216.311699
1780456765,161.345638
1780456765,192.461455
1780456765,161.770746
1780456765,184.512582
1780456765,216.996743
1780456765,217.038999
1780456765,161.217907
1780456765,217.495407
1780456765,189.412242
1780456765,194.533922
1780456765,155.350064
1780456765,218.100253
1780456765,156.415907
1780456765,169.791119
1780456765,218.176156
1780456765,156.624196
1780456765,194.622445
1780456765,159.766508
1780456765,193.672150
1780456765,169.985621
1780456765,193.350034
1780456765,160.910431
1780456765,187.447110
1780456765,170.267175
1780456765,194.671169
1780456765,217.894026
1780456765,162.528582
1780456765,199.003571
1780456765,134.432416
1780456765,170.566246
1780456765,189.903914
1780456765,165.021249
1780456765,175.239179
1780456765,176.007516
1780456765,199.111802
1780456765,166.367012
1780456765,163.658817
1780456765,162.896098
1780456765,191.464366
1780456765,196.213186
1780456765,191.724272
1780456765,199.263678
1780456765,195.018360
1780456765,199.350134
1780456765,195.149751
1780456765,197.130460
1780456765,141.746336
1780456765,141.832660
1780456765,142.285577
1780456765,196.473887
1780456765,142.993241
1780456765,171.261760
1780456765,143.061871
1780456765,165.691876
1780456765,143.336609
1780456765,166.080586
1780456765,144.698133
1780456765,197.468894
1780456765,143.738483
1780456765,199.678946
1780456765,144.197519
1780456765,202.980749
1780456765,146.655217
1780456765,203.511977
1780456765,203.619388
1780456765,170.165206
1780456765,203.692999
1780456765,147.319929
1780456765,201.589287
1780456765,147.557155
1780456765,205.794256
1780456765,148.122793
1780456765,201.604767
1780456765,170.349826
1780456765,201.716569
1780456765,206.968737
1780456765,148.881956
1780456765,201.813077
1780456765,149.254132
1780456765,206.437020
1780456765,146.185968
1780456765,171.937501
1780456765,149.535125
1780456765,202.814323
1780456765,149.192149
1780456765,203.443290
1780456765,146.594111
1780456765,170.399325
1780456765,206.748754
1780456765,149.982311
1780456765,148.085129
1780456765,165.165194
1780456765,170.852692
1780456765,202.986864
1780456765,147.428085
1780456765,172.386309
1780456765,149.055030
1780456765,203.284273
1780456765,170.922657
1780456765,172.608970
1780456765,148.909525
1780456765,203.622143
1780456765,204.259218
1780456765,171.200335
1780456765,203.854266
1780456765,171.299046
1780456765,152.013513
1780456765,205.645895
1780456765,206.902422
1780456765,151.753758
1780456765,205.769057
1780456765,151.567478
1780456765,207.564821
1780456765,162.281785
1780456765,166.673563
1780456765,205.817510
1780456765,165.492881
1780456765,207.902358
1780456765,155.899960
1780456765,207.248955
1780456765,208.057618
1780456765,206.796128
1780456765,207.263887
1780456765,156.344384
1780456765,183.073668
1780456765,154.733960
1780456765,215.030740
1780456765,167.750533
1780456765,155.260294
1780456765,177.594124
1780456765,138.505518
1780456765,137.895324
1780456765,155.727547
1780456765,164.905487
1780456765,153.105214
1780456765,165.995153
1780456765,163.472197
1780456765,139.302891
1780456765,165.003006
1780456765,162.554460
1780456765,162.151395
1780456765,153.246695
1780456765,163.042575
1780456765,162.343029
1780456765,153.924689
1780456765,137.177917
1780456765,167.778153
1780456765,139.377883
1780456765,156.181270
1780456765,137.808463
1780456765,114.873283
1780456765,139.325842
1780456765,133.625938
1780456765,138.061318
1780456765,134.312077
1780456765,138.616162
1780456765,139.237443
1780456765,134.008671
1780456765,138.592770
1780456765,134.656061
1780456765,139.999950
1780456765,135.221192
1780456765,135.057816
1780456765,139.014521
1780456765,135.456849
1780456765,162.860137
1780456765,162.798357
1780456765,139.983665
1780456765,140.539955
1780456765,134.977727
1780456765,140.385846
1780456765,163.409103
1780456765,141.187622
1780456765,136.682689
1780456765,136.938195
1780456765,139.118124
1780456765,164.531819
1780456765,136.299390
1780456765,135.933749
1780456765,170.305077
1780456765,139.283665
1780456765,140.965621
1780456765,136.662763
1780456765,170.334409
1780456765,137.880288
1780456765,170.585238
1780456765,142.729475
1780456765,165.091105
1780456765,141.251655
1780456765,157.758455
1780456765,115.456066
1780456765,143.518118
1780456765,116.095885
1780456765,169.097810
1780456765,115.986285
1780456765,166.254620
1780456765,116.298640
1780456765,142.314091
1780456765,114.771046
1780456765,142.807445
1780456765,116.445188
1780456765,142.481684
1780456765,115.015711
1780456765,142.808746
1780456765,144.136230
1780456765,142.747557
1780456765,143.991970
1780456765,115.383233
1780456765,152.020192
1780456765,117.037023
1780456765,154.863437
1780456765,117.237633
1780456765,154.183484
1780456765,115.719517
1780456765,153.670136
1780456765,117.723172
1780456765,153.830582
1780456765,139.385089
1780456765,154.778199
1780456765,116.244779
1780456765,128.485614
1780456765,117.495234
1780456765,130.852220
1780456765,118.999114
1780456765,117.062950
1780456765,149.387479
1780456765,119.571031
1780456765,126.620577
1780456765,119.067972
1780456765,129.713779
1780456765,153.076751
1780456765,128.837341
1780456765,120.055741
1780456765,158.609518
1780456765,159.848046
1780456765,124.677519
1780456765,123.473965
1780456765,158.827111
1780456765,160.072574
1780456765,120.329564
1780456765,131.591548
1780456765,121.701506
1780456765,130.785198
1780456765,121.409483
1780456765,161.798472
1780456765,118.066153
1780456765,160.595990
1780456765,122.162217
1780456765,158.916848
1780456765,127.304440
1780456765,130.322166
1780456765,118.670893
1780456765,159.939896
1780456765,151.803783
1780456765,162.169515
1780456765,119.237140
1780456765,161.589133
1780456765,124.099837
1780456765,129.995770
1780456765,153.413927
1780456765,162.462745
1780456765,132.706329
1780456765,124.395388
1780456765,132.991644
1780456765,161.925909
1780456765,133.194699
1780456765,119.960701
1780456765,132.229356
1780456765,120.044922
1780456765,132.548454
1780456765,119.310278
1780456765,120.789739
1780456765,133.618396
1780456765,121.219093
1780456765,133.616137
1780456765,123.312816
1780456765,134.202088
1780456765,121.172202
1780456765,134.000645
1780456765,124.020704
1780456765,134.001320
1780456765,147.503458
1780456765,134.409883
1780456765,148.886607
1780456765,134.725170
1780456765,121.829779
1780456765,134.832295
1780456765,125.268846
1780456765,135.390559
1780456765,125.460434
1780456765,135.401562
1780456765,123.408679
1780456765,135.186831
1780456765,157.335220
1780456765,135.747681
1780456765,126.947050
1780456765,135.264320
1780456765,126.421689
1780456765,135.869073
1780456765,125.235346
1780456765,136.323886
1780456765,129.273386
1780456765,116.963047
1780456765,128.586922
1780456765,145.476337
1780456765,154.179591
1780456765,129.151796
1780456765,155.483168
1780456765,129.814364
1780456765,128.837541
1780456765,154.481890
1780456765,124.036779
1780456765,228.094057
1780456765,130.439693
1780456765,234.981335
1780456765,156.991767
1780456765,104.767619
1780456765,126.251012
1780456765,126.770061
1780456765,105.660667
1780456765,130.743517
1780456765,156.582837
1780456765,106.721043
1780456765,152.381447
1780456765,106.918615
1780456765,152.499852
1780456765,110.628670
1780456765,128.170080
1780456765,106.319517
1780456765,161.669772
1780456765,136.509040
1780456765,127.294561
1780456765,106.750144
1780456765,108.349319
1780456765,153.369543
1780456765,108.432010
1780456765,154.510059
1780456765,107.281037
1780456765,152.793640
1780456765,107.531948
1780456765,108.905709
1780456765,131.246436
1780456765,106.226726
1780456765,111.663762
1780456765,137.686369
1780456765,111.030430
1780456765,108.107773
1780456765,111.248990
1780456765,111.527355
1780456765,129.578221
1780456765,112.228742
1780456765,135.613445
1780456765,141.544527
1780456765,134.723999
1780456765,111.999683
1780456765,109.798050
1780456765,142.779522
1780456765,134.379156
1780456765,145.708628
1780456765,108.109346
1780456765,145.790903
1780456765,112.655115
1780456765,108.677058
1780456765,109.891666
1780456765,109.618133
1780456765,145.958345
1780456765,109.134421
1780456765,112.913137
1780456765,110.778314
1780456765,113.168857
1780456765,139.719492
1780456765,113.523256
1780456765,141.297019
1780456765,110.854721
1780456765,113.407443
1780456765,133.735785
1780456765,146.183930
1780456765,113.872413
1780456765,114.044022
1780456765,114.422656
1780456765,115.072890
1780456765,114.277675
1780456765,115.319491
1780456765,116.221757
1780456765,146.961579
1780456765,147.726931
1780456765,147.229450
1780456765,147.577092
1780456765,146.518793
1780456765,115.056444
1780456765,115.654602
1780456765,147.731547
1780456765,114.892644
1780456765,147.554421
1780456765,103.652075
1780456765,103.784718
1780456765,125.076692
1780456765,127.964476
1780456765,124.991698
1780456765,125.106892
1780456765,104.517952
1780456765,103.581594
1780456765,104.534318
1780456765,126.853529
1780456765,104.899387
1780456765,105.223019
1780456765,105.106073
1780456765,127.203926
1780456765,105.793565
1780456765,128.839622
1780456765,129.271759
1780456765,129.085099
1780456765,126.935674
1780456765,106.121469
1780456765,130.233638
1780456765,106.344052
1780456765,106.520989
1780456765,106.715969
1780456765,106.851654
1780456765,107.311242
1780456765,107.488461
1780456765,107.672631
1780456765,107.839938
1780456765,108.057026
1780456765,103.270839
1780456765,103.932907
1780456765,126.005604
1780456765,104.259636
1780456765,104.253461
1780456765,124.353857
1780456765,102.841453
1780456765,125.396069
1780456765,104.745592
1780456765,104.831838
1780456765,104.695227
1780456765,104.024077
1780456765,104.179468
1780456765,104.624086
1780456765,104.980906
1780456765,104.838081
1780456765,126.608177
1780456765,128.396755
1780456765,105.617018
1780456765,128.897695
1780456765,106.519866
1780456765,103.677464
1780456765,102.731796
1780456765,128.333996
1780456765,103.871746
1780456765,103.038540
1780456765,126.638894
1780456765,103.479829
1780456765,128.053899
1780456765,129.444067
1780456765,129.426234
1780456765,129.351483
1780456765,129.308557
1780456765,102.784958
1780456765,126.885879
1780456765,105.588678
1780456765,104.019997
1780456765,103.853316
1780456765,104.486224
1780456765,127.568494
1780456765,127.918123
1780456765,127.840161
1780456765,127.757712
1780456765,127.865919
1780456765,103.519984
1780456765,101.532769
1780456765,127.919408
1780456765,128.076609
1780456765,102.267064
1780456765,102.425168
1780456765,103.088760
1780456765,132.300624
1780456765,111.415159
1780456765,111.195884
1780456765,111.199960
1780456765,137.773358
1780456765,106.814384
1780456765,137.681928
1780456765,110.619436
1780456765,133.695105
1780456765,103.942810
1780456765,109.708383
1780456765,103.055249
1780456765,110.701747
1780456765,105.173902
1780456765,111.929521
1780456765,111.300448
1780456765,109.256179
1780456765,112.456247
1780456765,108.636807
1780456765,109.186265
1780456765,110.169328
1780456765,110.435569
1780456765,133.593987
1780456765,133.617056
1780456765,110.370706
1780456765,108.634362
1780456765,102.692500
1780456765,108.990868
1780456765,134.823592
1780456765,134.081286
1780456765,134.068186
1780456765,134.056011
1780456765,108.522936
1780456765,109.213066
1780456765,134.273093
1780456765,132.387666
1780456765,107.165697
1780456765,132.028632
1780456765,106.604269
1780456765,108.350461
1780456765,130.492082
1780456765,105.775268
1780456765,105.804707
1780456765,108.320474
1780456765,107.876136
1780456765,107.928601
1780456765,107.667087
1780456765,107.582109
1780456765,107.442471
1780456765,107.641428
1780456765,107.393871
1780456765,102.567871
1780456765,107.098918
1780456765,107.401670
1780456765,107.012949
1780456765,106.314341
1780456765,106.270296
1780456765,106.933163
1780456765,106.268061
1780456765,105.826224
1780456765,105.655463
1780456765,105.670246
1780456765,105.638913
1780456765,105.396459
1780456765,105.688868
1780456765,104.825432
1780456765,105.146497
1780456765,104.975333
1780456765,103.208151
1780456765,105.179444
1780456765,105.841529
1780456765,105.234719
1780456765,104.991100
1780456765,104.798674
1780456765,104.612800
1780456765,133.769394
1780456765,105.344101
1780456765,103.709793
1780456765,136.502553
1780456765,104.313651
1780456765,136.223996
1780456765,133.071425
1780456765,136.308395
1780456765,132.901944
1780456765,134.474374
1780456765,104.085944
1780456765,104.623910
1780456765,136.703053
1780456765,102.762690
1780456765,103.237716
1780456765,136.819608
1780456765,102.764552
1780456765,135.274196
1780456765,104.085792
1780456765,130.238425
1780456765,102.754091
1780456765,129.855965
1780456765,103.230300
1780456765,101.710511
1780456765,102.812134
1780456765,102.816929
1780456765,102.800967
1780456765,102.435479
1780456765,102.446435
1780456765,101.645140
1780456765,102.370820
1780456765,102.572350
1780456765,102.589911
1780456765,103.080242
1780456765,102.969750
1780456765,132.083320
1780456765,134.143877
1780456765,102.421379
1780456765,134.330633
1780456765,102.289163
1780456765,134.634642
1780456765,133.869600
1780456765,135.306885
1780456765,135.942771
1780456765,104.177032
1780456765,132.274394
1780456765,128.191470
1780456765,134.183488
1780456765,127.955605
1780456765,122.986993
1780456765,123.060357
1780456765,122.918088
1780456765,122.179199
1780456765,122.214177
1780456765,123.040619
1780456765,135.031314
1780456765,128.388923
1780456765,121.390006
1780456765,121.641348
1780456765,103.412087
1780456765,133.381731
1780456765,121.456243
1780456765,121.426555
1780456765,133.806381
1780456765,132.897770
1780456765,122.253515
1780456765,121.564586
1780456765,128.790761
1780456765,128.529465
1780456765,122.074299
1780456765,151.409629
1780456765,105.968010
1780456765,130.160445
1780456765,122.086262
1780456765,122.027477
1780456765,134.320169
1780456765,122.910931
1780456765,132.736853
1780456765,133.165010
1780456765,123.286389
1780456765,123.195154
1780456765,107.934004
1780456765,105.770353
1780456765,105.632577
1780456765,123.500882
1780456765,111.090045
1780456765,135.724417
1780456765,133.739243
1780456765,123.734753
1780456765,135.237589
1780456765,153.499979
1780456765,123.549893
1780456765,106.727206
1780456765,107.099983
1780456765,154.803990
1780456765,108.490521
1780456765,106.451745
1780456765,122.889540
1780456765,108.349065
1780456765,107.266022
1780456765,123.605046
1780456765,107.818158
1780456765,155.343236
1780456765,104.525123
1780456765,107.749155
1780456765,122.933442
1780456765,107.433028
1780456765,101.952049
1780456765,132.866042
1780456765,123.951880
1780456765,104.652793
1780456765,107.834082
1780456765,123.381278
1780456765,104.200100
1780456765,122.894451
1780456765,105.073248
1780456765,102.839469
1780456765,108.280431
1780456765,108.957158
1780456765,104.028948
1780456765,117.604568
1780456765,122.632317
1780456765,103.371061
1780456765,102.524702
1780456765,155.240603
1780456765,153.280006
1780456765,108.920608
1780456765,123.841716
1780456765,108.913386
1780456765,118.010757
1780456765,124.720400
1780456765,118.129583
1780456765,108.503932
1780456765,154.048857
1780456765,111.728011
1780456765,122.846885
1780456765,123.207288
1780456765,102.772842
1780456765,110.679073
1780456765,103.035894
1780456765,120.421671
1780456765,103.440045
1780456765,124.087995
1780456765,103.973848
1780456765,147.689219
1780456765,123.211639
1780456765,104.029484
1780456765,103.828722
1780456765,156.523002
1780456765,103.627532
1780456765,122.812791
1780456765,153.966399
1780456765,123.542054
1780456765,123.339718
1780456765,149.935938
1780456765,132.908156
1780456765,123.367011
1780456765,131.353846
1780456765,135.924067
1780456765,150.415453
1780456765,123.280772
1780456765,123.230110
1780456765,123.719110
1780456765,122.713974
1780456765,105.320059
1780456765,123.208533
1780456765,122.774208
1780456765,122.513481
1780456765,122.603991
1780456765,118.966254
1780456765,122.427974
1780456765,105.553901
1780456765,122.272045
1780456765,105.037848
1780456765,122.202629
1780456765,133.014618
1780456765,122.560462
1780456765,121.884742
1780456765,152.838153
1780456765,129.413634
1780456765,122.436472
1780456765,138.876246
1780456765,119.695977
1780456765,136.942524
1780456765,103.811576
1780456765,129.893104
1780456765,150.850332
1780456765,135.722634
1780456765,103.896725
1780456765,121.862638
1780456765,121.735410
1780456765,133.440853
1780456765,104.227307
1780456765,107.811131
1780456765,122.180977
1780456765,132.762972
1780456765,135.831100
1780456765,107.712647
1780456765,122.811124
1780456765,122.362942
1780456765,104.469363
1780456765,122.399359
1780456765,122.872180
1780456765,110.808033
1780456765,132.688241
1780456765,132.769561
1780456765,106.893090
1780456765,103.254484
1780456765,122.978777
1780456765,128.276460
1780456765,104.749476
1780456765,123.693060
1780456765,103.727433
1780456765,151.106020
1780456765,123.509032
1780456765,104.174814
1780456765,134.303597
1780456765,123.742673
1780456765,128.402619
1780456765,104.116750
1780456765,124.342181
1780456765,125.045706
1780456765,123.343906
1780456765,155.480067
1780456765,107.702177
1780456765,107.655026
1780456765,107.768680
1780456765,124.809020
1780456765,156.248989
1780456765,125.781512
1780456765,108.495316
1780456765,123.453952
1780456765,108.332891
1780456765,124.147692
1780456765,108.978475
1780456765,155.516837
1780456765,156.940801
1780456765,109.021955
1780456765,109.440329
1780456765,114.446946
1780456765,106.288076
1780456765,124.293145
1780456765,102.878863
1780456765,116.561299
1780456765,154.047224
1780456765,124.241907
1780456765,156.351745
1780456765,108.575181
1780456765,124.809274
1780456765,108.642021
1780456765,149.734291
1780456765,109.753434
1780456765,152.690726
1780456765,155.508977
1780456765,105.009448
1780456765,118.290992
1780456765,124.256882
1780456765,124.540302
1780456765,119.450098
1780456765,108.859043
1780456765,148.961760
1780456765,138.503377
1780456765,150.978297
1780456765,138.223252
1780456765,120.976418
1780456765,119.476474
1780456765,118.894924
1780456765,117.692949
1780456765,119.196616
1780456765,118.039758
1780456765,151.360987
1780456765,118.308038
1780456765,150.824665
1780456765,148.020786
1780456765,147.841691
1780456765,139.086556
1780456765,117.977693
1780456765,143.514958
1780456765,147.169368
1780456765,103.518681
1780456765,117.976238
1780456765,117.811618
1780456765,123.102000
1780456765,103.821276
1780456765,117.429729
1780456765,103.936822
1780456765,108.943250
1780456765,102.883179
1780456765,103.027620
1780456765,103.057212
1780456765,101.993311
1780456765,103.063595
1780456765,102.950099
1780456765,103.234193
1780456765,103.014513
1780456765,102.859021
1780456765,114.789604
1780456765,139.160006
1780456765,115.075938
1780456765,115.158599
1780456765,115.263159
1780456765,115.629074
1780456765,115.084194
1780456765,142.411008
1780456765,147.806336
1780456765,152.640045
1780456765,116.906386
1780456765,117.602060
1780456765,108.860917
1780456765,108.858961
1780456765,110.183056
1780456765,114.708447
1780456765,108.655771
1780456765,103.698046
1780456765,132.667652
1780456765,114.420634
1780456765,132.754519
1780456765,107.609508
1780456765,108.759612
1780456765,108.743811
1780456765,109.490221
1780456765,105.940199
1780456765,111.640602
1780456765,110.347093
1780456765,103.904514
1780456765,108.257941
1780456765,109.490014
1780456765,112.100951
1780456765,139.791895
1780456765,103.347750
1780456765,108.272596
1780456765,115.643093
1780456765,115.007500
1780456765,116.266686
1780456765,104.876779
1780456765,112.598584
1780456765,108.470245
1780456765,108.351739
1780456765,104.970434
1780456765,108.926328
1780456765,106.215035
1780456765,106.876223
1780456765,108.604763
1780456765,122.724199
1780456765,123.554832
1780456765,124.026824
1780456765,122.388408
1780456765,123.567016
1780456765,123.097167
1780456765,123.282843
1780456765,124.431411
1780456765,108.099084
1780456765,122.567973
1780456765,105.865623
1780456765,109.609894
1780456765,110.989060
1780456765,120.866235
1780456765,112.382157
1780456765,109.814488
1780456765,111.950998
1780456765,113.995616
1780456765,121.763042
1780456765,110.883873
1780456765,114.923496
1780456765,121.873558
1780456765,112.613479
1780456765,111.521392
1780456765,112.891372
1780456765,111.905666
1780456765,109.672773
1780456765,108.720665
1780456765,114.169172
1780456765,108.033589
1780456765,106.737551
1780456765,116.805678
1780456765,115.525640
1780456765,105.209673
1780456765,115.366706
1780456765,104.284842
1780456765,105.939773
1780456765,114.848724
1780456765,116.904347
1780456765,116.319611
1780456765,113.308235
1780456765,114.170797
1780456765,108.025312
1780456765,115.587028
1780456765,114.065036
1780456765,114.822475
1780456765,114.440241
1780456765,106.717992
1780456765,112.034208
1780456765,113.119317
1780456765,114.183178
1780456765,121.636898
1780456765,113.824448
1780456765,114.130313
1780456765,120.422893
1780456765,119.488653
1780456765,120.415010
1780456765,105.174541
1780456765,110.137098
1780456765,108.435469
1780456765,107.408006
1780456765,103.617018
1780456765,109.252794
1780456765,108.272959
1780456765,116.580711
1780456765,110.368339
1780456765,118.174917
1780456765,106.983784
1780456765,110.218491
1780456765,107.130257
1780456765,103.152548
1780456765,107.134498
1780456765,104.585200
1780456765,103.476973
1780456765,111.173185
1780456765,109.687625
1780456765,119.090605
1780456765,118.087071
1780456765,119.799607
1780456765,111.379852
1780456765,119.936213
1780456765,109.806995
1780456765,117.067336
1780456765,119.532576
1780456765,103.581393
1780456765,118.102874
1780456765,119.317997
1780456765,117.635847
1780456765,117.615706
1780456765,118.143238
1780456765,108.809325
1780456765,107.441381
1780456765,104.446915
1780456765,102.863991
1780456765,107.053410
1780456765,115.656993
1780456765,104.864074
1780456765,116.873905
1780456765,116.851408
1780456765,103.667909
1780456765,118.856325
1780456765,106.326935
1780456765,107.947490
1780456765,105.065558
1780456765,117.003478
1780456765,118.672404
1780456765,105.060079
1780456765,106.388065
1780456765,117.202452
1780456765,122.263152
1780456765,121.219157
1780456765,104.398080
1780456765,119.611554
1780456765,121.646912
1780456765,104.743949
1780456765,118.065994
1780456765,106.035204
1780456765,106.231061
1780456765,104.755124
1780456765,104.761136
1780456765,103.498221
1780456765,103.653606
1780456765,119.622337
1780456765,117.469756
1780456765,103.779572
1780456765,105.300326
1780456765,117.687988
1780456765,103.791237
1780456765,102.523415
1780456765,117.381607
1780456765,117.356325
1780456765,105.339638
1780456765,102.570933
1780456765,105.534014
1780456765,102.749891
1780456765,105.654945
1780456765,117.169694
1780456765,104.418307
1780456765,104.493411
1780456765,117.415980
1780456765,104.630284
1780456765,118.558106
1780456765,103.588556
1780456765,119.621262
1780456765,102.765620
1780456765,103.921693
1780456765,104.015799
1780456765,102.908489
1780456765,102.862423
1780456765,118.274006
1780456765,118.265104
1780456765,103.010343
1780456765,117.751180
1780456765,117.846641
1780456765,117.333996
1780456765,118.127626
1780456765,103.678086
1780456765,117.907348
1780456765,117.028483
1780456765,102.798100
1780456765,102.848720
1780456765,118.366687
1780456765,116.757976
1780456765,103.330914
1780456765,102.579204
1780456765,102.612514
1780456765,117.511200
1780456765,116.958493
1780456765,116.225687
1780456765,117.909819
1780456765,115.402681
1780456765,115.525955
1780456765,103.223738
1780456765,118.412636
1780456765,115.700160
1780456765,115.859736
1780456765,114.810120
1780456765,115.122932
1780456765,103.348828
1780456765,102.659319
1780456765,115.257329
1780456765,102.657193
1780456765,115.147884
1780456765,102.830103
1780456765,115.405320
1780456765,115.440677
1780456765,102.910442
1780456765,102.950887
1780456765,115.573257
1780456765,103.166440
1780456765,115.070654
1780456765,115.176948
1780456765,102.364136
1780456765,102.428327
1780456765,115.379324
1780456765,102.828872
1780456765,102.969062
1780456765,102.938836
1780456765,103.008387
1780456765,102.959481
1780456765,103.098065
1780456765,115.587444
1780456765,115.558612
1780456765,114.406651
1780456765,116.075754
1780456765,114.602086
1780456765,116.016123
1780456765,102.460779
1780456765,102.457555
1780456765,115.059434
1780456765,102.458664
1780456765,102.626552
1780456765,115.118604
1780456765,115.306980
1780456765,102.841925
1780456765,114.300520
1780456765,114.321269
1780456765,103.273988
1780456765,103.251935
1780456765,103.327240
1780456765,103.261070
1780456765,103.291976
1780456765,114.572240
1780456765,102.405958
1780456765,102.474068
1780456765,114.571295
1780456765,102.826137
1780456765,115.121538
1780456765,102.887839
1780456765,102.877702
1780456765,102.898381
1780456765,102.784692
1780456765,103.016693
1780456765,103.032729
1780456765,114.333435
1780456765,102.325806
1780456765,113.136409
1780456765,102.360337
1780456765,114.604751
1780456765,113.471078
1780456765,113.568208
1780456765,103.044133
1780456765,113.823749
1780456765,102.969546
1780456765,102.985864
1780456765,103.095007
1780456765,103.136511
1780456765,103.219593
1780456765,103.106266
1780456765,103.186353
1780456765,103.085951
1780456765,112.688837
1780456765,112.723441
1780456765,102.154599
1780456765,112.838609
1780456765,111.799511
1780456765,110.861664
1780456765,102.571728
1780456765,102.586612
1780456765,111.056332
1780456765,102.728923
1780456765,111.145907
1780456765,103.077890
1780456765,111.298115
1780456765,103.164875
1780456765,110.714711
1780456765,103.103333
1780456765,103.241878
1780456765,110.782641
1780456765,103.379947
1780456765,111.060831
1780456765,103.523799
1780456765,103.442123
1780456765,110.586229
1780456765,110.774064
1780456765,102.536180
1780456765,103.801177
1780456765,103.909962
1780456765,103.915138
1780456765,110.924792
1780456765,110.961262
1780456765,103.973558
1780456765,103.030783
1780456765,111.124774
1780456765,104.208251
1780456765,103.102172
1780456765,103.087006
1780456765,103.539290
1780456765,103.304438
1780456765,103.164932
1780456765,102.930366
1780456765,103.903913
1780456765,104.613751
1780456765,104.727440
1780456765,103.252376
1780456765,104.961993
1780456765,103.949783
1780456765,102.954441
1780456765,105.105075
1780456765,103.435725
1780456765,105.233475
1780456765,104.533138
1780456765,105.345304
1780456765,104.670634
1780456765,105.403945
1780456765,105.360041
1780456765,104.279704
1780456765,103.925290
1780456765,105.184580
1780456765,105.917609
1780456765,105.922633
1780456765,105.827997
1780456765,103.054442
1780456765,106.148748
1780456765,106.127427
1780456765,104.991990
1780456765,104.673850
1780456765,105.046079
1780456765,105.952981
1780456765,105.631605
1780456765,104.731020
1780456765,105.614943
1780456765,103.671715
1780456765,104.068068
1780456765,106.289055
1780456765,107.093415
1780456765,103.896623
1780456765,106.535463
1780456765,104.136902
1780456765,105.280324
1780456765,106.988401
1780456765,107.411499
1780456765,105.435765
1780456765,106.060774
1780456765,105.598735
1780456765,108.065848
1780456765,108.081434
1780456765,107.126665
1780456765,106.465747
1780456765,106.142811
1780456765,106.421787
1780456765,106.277076
1780456765,106.289392
1780456765,107.595508
1780456765,109.034098
1780456765,105.821971
1780456765,106.458913
1780456765,106.902885
1780456765,109.322308
1780456765,106.232525
1780456765,107.109191
1780456765,106.580919
1780456765,106.406781
1780456765,107.450780
1780456765,109.889276
1780456765,109.816369
1780456765,107.760297
1780456765,110.710424
1780456765,110.676298
1780456765,107.012524
1780456765,108.193451
1780456765,111.383123
1780456765,107.285621
1780456765,107.449663
1780456765,107.453978
1780456765,108.251847
1780456765,107.960330
1780456765,104.440928
1780456765,111.536861
1780456765,111.387679
1780456765,112.187086
1780456765,107.093933
1780456765,112.358806
1780456765,112.175011
1780456765,112.165998
1780456765,106.455322
1780456765,112.156602
1780456765,111.948744
1780456765,108.546939
1780456765,108.803458
1780456765,106.586585
1780456765,106.643586
1780456765,112.339735
1780456765,112.370606
1780456765,105.947199
1780456765,108.234982
1780456765,111.979971
1780456765,111.932515
1780456765,108.208617
1780456765,109.680846
1780456765,106.076831
1780456765,108.903149
1780456765,112.267693
1780456765,108.594398
1780456765,113.258050
1780456765,106.117866
1780456765,112.874154
1780456765,106.561878
1780456765,106.917543
1780456765,108.946728
1780456765,109.193784
1780456765,113.385871
1780456765,109.107875
1780456765,110.264149
1780456765,106.596016
1780456765,110.116740
1780456765,112.948938
1780456765,113.970011
1780456765,109.706121
1780456765,107.277512
1780456765,108.742437
1780456765,114.070245
1780456765,113.837626
1780456765,109.603508
1780456765,113.430612
1780456765,105.483096
1780456765,104.634948
1780456765,109.993482
1780456765,108.655412
1780456765,113.763120
1780456765,113.914116
1780456765,114.029253
1780456765,115.048104
1780456765,111.443406
1780456765,114.836041
1780456765,109.869775
1780456765,110.448109
1780456765,113.711123
1780456765,114.401924
1780456765,114.879633
1780456765,115.357840
1780456765,114.558226
1780456765,110.391827
1780456765,115.521017
1780456765,114.876545
1780456765,114.365471
1780456765,110.257651
1780456765,109.992728
1780456765,113.088104
1780456765,110.172171
1780456765,108.727958
1780456765,107.268843
1780456765,113.132521
1780456765,115.238079
1780456765,115.580286
1780456765,107.336702
1780456765,115.991327
1780456765,115.835752
1780456765,115.848281
1780456765,115.715295
1780456765,106.695619
1780456765,107.631349
1780456765,116.019602
1780456765,107.221830
1780456765,116.171871
1780456765,116.172811
1780456765,112.823488
1780456765,112.737112
1780456765,111.025458
1780456765,113.466787
1780456765,118.534629
1780456765,113.055277
1780456765,118.802346
1780456765,113.299151
1780456765,112.682158
1780456765,113.086111
1780456765,118.330264
1780456765,117.992057
1780456765,113.240167
1780456765,112.471159
1780456765,118.580722
1780456765,110.196975
1780456765,118.337816
1780456765,113.216466
1780456765,119.652615
1780456765,118.406835
1780456765,119.353211
1780456765,112.898149
1780456765,110.690527
1780456765,109.712069
1780456765,113.195802
1780456765,110.332069
1780456765,113.748298
1780456765,110.855581
1780456765,110.572895
1780456765,114.337226
1780456765,109.833473
1780456765,112.793103
1780456765,119.196568
1780456765,114.200452
1780456765,118.094680
1780456765,114.368627
1780456765,117.240617
1780456765,113.693570
1780456765,114.211608
1780456765,116.573487
1780456765,115.464186
1780456765,115.605239
1780456765,112.658968
1780456765,115.847845
1780456765,116.215826
1780456765,111.703416
1780456765,120.194857
1780456765,110.503551
1780456765,113.822714
1780456765,112.017256
1780456765,112.096226
1780456765,112.591813
1780456765,116.723812
1780456765,112.802198
1780456765,118.278095
1780456765,113.929050
1780456765,115.261716
1780456765,116.862297
1780456765,113.319813
1780456765,116.663377
1780456765,120.803522
1780456765,112.060198
1780456765,115.829248
1780456765,115.787726
1780456765,120.596035
1780456765,113.759173
1780456765,118.598739
1780456765,119.195854
1780456765,112.302208
1780456765,120.267992
1780456765,119.839828
1780456765,118.253083
1780456765,115.317515
1780456765,114.241660
1780456765,120.768160
1780456765,120.900343
1780456765,111.469808
1780456765,119.798981
1780456765,119.954483
1780456765,113.108322
1780456765,114.846886
1780456765,115.671539
1780456765,113.692446
1780456765,119.286942
1780456765,115.781025
1780456765,119.250149
1780456765,119.451116
1780456765,120.348055
1780456765,112.717108
1780456765,115.093741
1780456765,120.649617
1780456765,121.691923
1780456765,112.604274
1780456765,121.484983
1780456765,117.297404
1780456765,115.201219
1780456765,116.669898
1780456765,115.172834
1780456765,115.293782
1780456765,121.554567
1780456765,119.901535
1780456765,121.695229
1780456765,114.933824
1780456765,123.222609
1780456765,120.708445
1780456765,114.610786
1780456765,115.520742
1780456765,109.120576
1780456765,121.723879
1780456765,119.085394
1780456765,121.802291
1780456765,116.632394
1780456765,121.889492
1780456765,121.092727
1780456765,121.908986
1780456765,120.991126
1780456765,123.232294
1780456765,109.450836
1780456765,124.217780
1780456765,117.073089
1780456765,114.756027
1780456765,121.669927
1780456765,120.809493
1780456765,117.764087
1780456765,120.833335
1780456765,119.018123
1780456765,121.451655
1780456765,117.647900
1780456765,117.493138
1780456765,118.168091
1780456765,118.464946
1780456765,121.475798
1780456765,118.975152
1780456765,109.950063
1780456765,118.093510
1780456765,115.834083
1780456765,117.103313
1780456765,121.512534
1780456765,119.422119
1780456765,110.255722
1780456765,123.911349
1780456765,110.157281
1780456765,125.239561
1780456765,117.722218
1780456765,120.093503
1780456765,118.639141
1780456765,118.201629
1780456765,117.994558
1780456765,122.752223
1780456765,120.408390
1780456765,120.921993
1780456765,120.007545
1780456765,122.249836
1780456765,117.998597
1780456765,123.171169
1780456765,121.257169
1780456765,120.121926
1780456765,121.681546
1780456765,118.461522
1780456765,118.677577
1780456765,121.873276
1780456765,118.493262
1780456765,125.462208
1780456765,118.978162
1780456765,122.461770
1780456765,122.964812
1780456765,121.782768
1780456765,126.949119
1780456765,118.958704
1780456765,123.028769
1780456765,122.708780
1780456765,121.532603
1780456765,119.879366
1780456765,125.820704
1780456765,125.086337
1780456765,122.801803
1780456765,127.278111
1780456765,119.737098
1780456765,119.369895
1780456765,125.714642
1780456765,119.857395
1780456765,119.397242
1780456765,120.035110
1780456765,127.446660
1780456765,124.087325
1780456765,120.109579
1780456765,126.030073
1780456765,126.195648
1780456765,124.221640
1780456765,127.915644
1780456765,125.619672
1780456765,119.905122
1780456765,126.300711
1780456765,120.398613
1780456765,123.968625
1780456765,123.578887
1780456765,122.974299
1780456765,127.514507
1780456765,120.434055
1780456765,120.658761
1780456765,120.470822
1780456765,124.494082
1780456765,125.158935
1780456765,125.620478
1780456765,128.163326
1780456765,124.385344
1780456765,128.163717
1780456765,129.955476
1780456765,123.099072
1780456765,121.147297
1780456765,125.956252
1780456765,121.570802
1780456765,124.319895
1780456765,124.916649
1780456765,126.170201
1780456765,124.923922
1780456765,123.514695
1780456765,130.547147
1780456765,128.421371
1780456765,128.557594
1780456765,131.705205
1780456765,131.880228
1780456765,123.634097
1780456765,126.029004
1780456765,130.793439
1780456765,124.836419
1780456765,124.055522
1780456765,125.989325
1780456765,123.448284
1780456765,127.580831
1780456765,126.016217
1780456765,124.518635
1780456765,128.465023
1780456765,127.719990
1780456765,126.933947
1780456765,128.308062
1780456765,125.799917
1780456765,123.129989
1780456765,128.617956
1780456765,127.695899
1780456765,131.537849
1780456765,131.012064
1780456765,129.021895
1780456765,127.469015
1780456765,117.405371
1780456765,127.236284
1780456765,119.907296
1780456765,127.471043
1780456765,131.531063
1780456765,128.850721
1780456765,124.758806
1780456765,125.995544
1780456765,125.958958
1780456765,119.230968
1780456765,126.199820
1780456765,128.526953
1780456765,123.836816
1780456765,127.530397
1780456765,129.185063
1780456765,132.220560
1780456765,117.590193
1780456765,128.113182
1780456765,117.697750
1780456765,127.415156
1780456765,124.987035
1780456765,128.286228
1780456765,129.151226
1780456765,127.764804
1780456765,116.987423
1780456765,132.037833
1780456765,124.945185
1780456765,126.909244
1780456765,129.084878
1780456765,129.252060
1780456765,127.941521
1780456765,127.322493
1780456765,129.288403
1780456765,127.375800
1780456765,127.848462
1780456765,121.267547
1780456765,125.873972
1780456765,127.848648
1780456765,128.098877
1780456765,133.998953
1780456765,129.813308
1780456765,133.369555
1780456765,129.856298
1780456765,127.467072
1780456765,126.607852
1780456765,128.397867
1780456765,133.864196
1780456765,128.462253
1780456765,121.991820
1780456765,129.567629
1780456765,129.391523
1780456765,121.762315
1780456765,133.619776
1780456765,130.863142
1780456765,132.834300
1780456765,121.803488
1780456765,121.780228
1780456765,129.406992
1780456765,133.368386
1780456765,133.193915
1780456765,127.878135
1780456765,121.004979
1780456765,132.471422
1780456765,131.686451
1780456765,140.231570
1780456765,134.634804
1780456765,132.646069
1780456765,133.590430
1780456765,131.977715
1780456765,139.517455
1780456765,133.963972
1780456765,134.869117
1780456765,140.830642
1780456765,134.433194
1780456765,135.921942
1780456765,135.517581
1780456765,141.509465
1780456765,140.102967
1780456765,141.450560
1780456765,141.935863
1780456765,141.492222
1780456765,135.999851
1780456765,134.825610
1780456765,133.743931
1780456765,142.452899
1780456765,135.991579
1780456765,142.018266
1780456765,140.189568
1780456765,142.269618
1780456765,136.166141
1780456765,135.045690
1780456765,134.988457
1780456765,135.315715
1780456765,141.769908
1780456765,139.497310
1780456765,135.503267
1780456765,126.821514
1780456765,143.328136
1780456765,135.248634
1780456765,143.208535
1780456765,143.160618
1780456765,135.788029
1780456765,143.160573
1780456765,142.852826
1780456765,141.165268
1780456765,143.109221
1780456765,139.532968
1780456765,142.925690
1780456765,130.836488
1780456765,143.287096
1780456765,143.293772
1780456765,137.163518
1780456765,130.764625
1780456765,130.484022
1780456765,130.483593
1780456765,143.516119
1780456765,143.285782
1780456765,144.271377
1780456765,130.702555
1780456765,144.580213
1780456765,142.456057
1780456765,143.713817
1780456765,131.799354
1780456765,136.675499
1780456765,142.066103
1780456765,127.710385
1780456765,136.889623
1780456765,143.545279
1780456765,138.021376
1780456765,143.917495
1780456765,127.985673
1780456765,129.182440
1780456765,143.985025
1780456765,143.677071
1780456765,137.771201
1780456765,128.158957
1780456765,144.237906
1780456765,136.690965
1780456765,143.774719
1780456765,138.692153
1780456765,143.030835
1780456765,144.098161
1780456765,143.955205
1780456765,144.500967
1780456765,125.763641
1780456765,145.865401
1780456765,132.337010
1780456765,137.720581
1780456765,128.515490
1780456765,137.453102
1780456765,137.686448
1780456765,125.080281
1780456765,139.118345
1780456765,133.050581
1780456765,125.285323
1780456765,140.781780
1780456765,140.737103
1780456765,139.102870
1780456765,118.349505
1780456765,138.578264
1780456765,138.359343
1780456765,139.111197
1780456765,123.629522
1780456765,133.546648
1780456765,140.653894
1780456765,123.818140
1780456765,138.900327
1780456765,133.821845
1780456765,133.405558
1780456765,134.008000
1780456765,119.552990
1780456765,119.528231
1780456765,123.205297
1780456765,119.511555
1780456765,145.434622
1780456765,139.189274
1780456765,146.370673
1780456765,133.212619
1780456765,140.953955
1780456765,120.023306
1780456765,115.436633
1780456765,132.444394
1780456765,115.467543
1780456765,115.533163
1780456765,140.856467
1780456765,144.443828
1780456765,115.767098
1780456765,139.903830
1780456765,142.594328
1780456765,141.221890
1780456765,143.023168
1780456765,142.474133
1780456765,140.705099
1780456765,135.901286
1780456765,150.070488
1780456765,141.691325
1780456765,135.931007
1780456765,141.335505
1780456765,141.539156
1780456765,142.635349
1780456765,133.843574
1780456765,141.734715
1780456765,142.787338
1780456765,143.644713
1780456765,141.824347
1780456765,117.438258
1780456765,133.349795
1780456765,142.080714
1780456765,142.480512
1780456765,143.549817
1780456765,117.358085
1780456765,117.621983
1780456765,143.054070
1780456765,117.557881
1780456765,117.660470
1780456765,143.775895
1780456765,142.460995
1780456765,137.545652
1780456765,117.943272
1780456765,138.428611
1780456765,143.886041
1780456765,149.893402
1780456765,148.551799
1780456765,129.675075
1780456765,137.555896
1780456765,143.060864
1780456765,136.728427
1780456765,118.503590
1780456765,138.144272
1780456765,125.396848
1780456765,138.229974
1780456765,149.741594
1780456765,137.500077
1780456765,132.593378
1780456765,145.663738
1780456765,149.740383
1780456765,143.607902
1780456765,144.180340
1780456765,150.842448
1780456765,143.800654
1780456765,116.933762
1780456765,133.099635
1780456765,120.219431
1780456765,144.004488
1780456765,117.142076
1780456765,149.996612
1780456765,137.640804
1780456765,139.981312
1780456765,145.636379
1780456765,119.957335
1780456765,137.925769
1780456765,120.691556
1780456765,151.464311
1780456765,150.107822
1780456765,151.765446
1780456765,151.496967
1780456765,145.245117
1780456765,140.092732
1780456765,121.222546
1780456765,139.660870
1780456765,145.925300
1780456765,139.595946
1780456765,133.658902
1780456765,121.040721
1780456765,141.223387
1780456765,140.533818
1780456765,140.756834
1780456765,121.586153
1780456765,139.980166
1780456765,140.085034
1780456765,146.521698
1780456765,152.216583
1780456765,141.399279
1780456765,152.624445
1780456765,119.551844
1780456765,153.651746
1780456765,152.932766
1780456765,152.551320
1780456765,122.281056
1780456765,119.886979
1780456765,142.054540
1780456765,140.786572
1780456765,152.737817
1780456765,133.913410
1780456765,140.852697
1780456765,130.638263
1780456765,152.402285
1780456765,153.110303
1780456765,152.875348
1780456765,122.915375
1780456765,153.003956
1780456765,141.285132
1780456765,140.936249
1780456765,154.361182
1780456765,141.354983
1780456765,141.514283
1780456765,153.302564
1780456765,142.179870
1780456765,153.755975
1780456765,141.636260
1780456765,154.400107
1780456765,130.579997
1780456765,142.940705
1780456765,154.046609
1780456765,154.633076
1780456765,143.135902
1780456765,154.596422
1780456765,153.392809
1780456765,141.650368
1780456765,153.942908
1780456765,141.648066
1780456765,142.149483
1780456765,131.328316
1780456765,141.670035
1780456765,154.007403
1780456765,141.701366
1780456765,154.361310
1780456765,142.590094
1780456765,143.717865
1780456765,144.889619
1780456765,142.686871
1780456765,143.829974
1780456765,144.258915
1780456765,142.683962
1780456765,131.401150
1780456765,144.543527
1780456765,126.795393
1780456765,126.737855
1780456765,143.150271
1780456765,143.550433
1780456765,143.000318
1780456765,158.135847
1780456765,145.038990
1780456765,146.936299
1780456765,143.631282
1780456765,145.095138
1780456765,144.891499
1780456765,127.098666
1780456765,143.419645
1780456765,142.779098
1780456765,144.292634
1780456765,145.575606
1780456765,159.069915
1780456765,158.394705
1780456765,146.034003
1780456765,158.915026
1780456765,122.696355
1780456765,144.461591
1780456765,144.776954
1780456765,140.503958
1780456765,140.750147
1780456765,125.730575
1780456765,144.821335
1780456765,124.665851
1780456765,145.012205
1780456765,140.942734
1780456765,147.446036
1780456765,123.558283
1780456765,141.229613
1780456765,125.119052
1780456765,159.158575
1780456765,145.377854
1780456765,140.375825
1780456765,110.977832
1780456765,147.808547
1780456765,148.269100
1780456765,126.855343
1780456765,146.978057
1780456765,146.155508
1780456765,139.724832
1780456765,147.299365
1780456765,110.249410
1780456765,115.519401
1780456765,141.112410
1780456765,137.789909
1780456765,143.617230
1780456765,124.823086
1780456765,159.992044
1780456765,159.953612
1780456765,109.435639
1780456765,125.200624
1780456765,130.870224
1780456765,138.286991
1780456765,109.565214
1780456765,115.966176
1780456765,137.367222
1780456765,148.407067
1780456765,116.084336
1780456765,109.777238
1780456765,115.004178
1780456765,137.603875
1780456765,115.229503
1780456765,108.894962
1780456765,115.162526
1780456765,137.789006
1780456765,114.222835
1780456765,111.778781
1780456765,138.049190
1780456765,115.589823
1780456765,126.397203
1780456765,109.113133
1780456765,112.085590
1780456765,115.995972
1780456765,113.568776
1780456765,149.573725
1780456765,149.227125
1780456765,137.466190
1780456765,109.428441
1780456765,150.311972
1780456765,113.980604
1780456765,112.632525
1780456765,149.599326
1780456765,149.472280
1780456765,149.753671
1780456765,116.748905
1780456765,111.715407
1780456765,150.628338
1780456765,151.039285
1780456765,151.616561
1780456765,150.774064
1780456765,139.472417
1780456765,115.899989
1780456765,150.199172
1780456765,139.764954
1780456765,112.308270
1780456765,117.259935
1780456765,150.309709
1780456765,151.429337
1780456765,109.620865
1780456765,113.918842
1780456765,133.854670
1780456765,111.156918
1780456765,151.170853
1780456765,150.712946
1780456765,151.764776
1780456765,111.637333
1780456765,110.162470
1780456765,134.469891
1780456765,152.013572
1780456765,110.232911
1780456765,114.637662
1780456765,114.764285
1780456765,134.505710
1780456765,111.768827
1780456765,141.041274
1780456765,152.108823
1780456765,151.435947
1780456765,152.374460
1780456765,112.627591
1780456765,152.633630
1780456765,135.533441
1780456765,114.484827
1780456765,152.423703
1780456765,111.804551
1780456765,113.244016
1780456765,111.888266
1780456765,109.462886
1780456765,113.442582
1780456765,136.001630
1780456765,153.166507
1780456765,113.795139
1780456765,153.333834
1780456765,133.733622
1780456765,111.853165
1780456765,153.864933
1780456765,153.201527
1780456765,110.215486
1780456765,110.314597
1780456765,153.676167
1780456765,129.250168
1780456765,137.196029
1780456765,153.725647
1780456765,153.524196
1780456765,133.261717
1780456765,106.485660
1780456765,153.953737
1780456765,142.531026
1780456765,155.810550
1780456765,112.785966
1780456765,112.316204
1780456765,133.758183
1780456765,156.114432
1780456765,155.610722
1780456765,143.216371
1780456765,111.693776
1780456765,133.132161
1780456765,156.161561
1780456765,155.533319
1780456765,155.039963
1780456765,132.044177
1780456765,110.888478
1780456765,154.981311
1780456765,156.313260
1780456765,144.258070
1780456765,130.370721
1780456765,155.134580
1780456765,111.400922
1780456765,125.227382
1780456765,122.315687
1780456765,140.028871
1780456765,124.874656
1780456765,144.815860
1780456765,125.401668
1780456765,111.714260
1780456765,157.327601
1780456765,124.942968
1780456765,123.985944
1780456765,112.141402
1780456765,158.292766
1780456765,123.060590
1780456765,112.363988
1780456765,118.595749
1780456765,114.535433
1780456765,118.656708
1780456765,118.835586
1780456765,117.466066
1780456765,119.344153
1780456765,119.389658
1780456765,112.441758
1780456765,112.326520
1780456765,110.328572
1780456765,119.991286
1780456765,118.036555
1780456765,118.619569
1780456765,112.929198
1780456765,143.001213
1780456765,148.004688
1780456765,112.089366
1780456765,118.332553
1780456765,113.314586
1780456765,143.341301
1780456765,143.341459
1780456765,118.837458
1780456765,111.197995
1780456765,116.900598
1780456765,115.749535
1780456765,117.296539
1780456765,118.053389
1780456765,117.031136
1780456765,122.320419
1780456765,115.372119
1780456765,115.409162
1780456765,115.497580
1780456765,111.257362
1780456765,117.330055
1780456765,113.425858
1780456765,115.682968
1780456765,145.686308
1780456765,117.439786
1780456765,138.922270
1780456765,131.430340
1780456765,114.038984
1780456765,115.294899
1780456765,129.464157
1780456765,129.418898
1780456765,128.381312
1780456765,118.587046
1780456765,118.672467
1780456765,128.358954
1780456765,122.941317
1780456765,147.323634
1780456765,112.358527
1780456765,122.395037
1780456765,144.932431
1780456765,163.378461
1780456765,165.302802
1780456765,128.226218
1780456765,162.591565
1780456765,112.707931
1780456765,126.922101
1780456765,155.789117
1780456765,141.642535
1780456765,142.800822
1780456765,154.581022
1780456765,148.120893
1780456765,160.538399
1780456765,136.156200
1780456765,165.946882
1780456765,120.099193
1780456765,153.616728
1780456765,122.948699
1780456765,165.919928
1780456765,144.384118
1780456765,144.380130
1780456765,165.583698
1780456765,149.033797
1780456765,117.246816
1780456765,146.878489
1780456765,117.522190
1780456765,147.000977
1780456765,116.335545
1780456765,120.230523
1780456765,114.684428
1780456765,135.762488
1780456765,117.896391
1780456765,117.922218
1780456765,116.210844
1780456765,119.336993
1780456765,141.426585
1780456765,139.237675
1780456765,150.759998
1780456765,147.550238
1780456765,167.101423
1780456765,147.764743
1780456765,148.061605
1780456765,147.957673
1780456765,150.352189
1780456765,138.705127
1780456765,150.724603
1780456765,118.871268
1780456765,118.830924
1780456765,116.976764
1780456765,133.568736
1780456765,131.264086
1780456765,114.407435
1780456765,145.658710
1780456765,133.757556
1780456765,146.974102
1780456765,146.940953
1780456765,117.087002
1780456765,114.516390
1780456765,132.564175
1780456765,130.201357
1780456765,112.884679
1780456765,110.489360
1780456765,132.374279
1780456765,120.225947
1780456765,133.840696
1780456765,133.903570
1780456765,150.549699
1780456765,143.707284
1780456765,133.658910
1780456765,119.770675
1780456765,139.502792
1780456765,136.129811
1780456765,135.530997
1780456765,135.688501
1780456765,127.202374
1780456765,156.772748
1780456765,124.829717
1780456765,125.639880
1780456765,151.654141
1780456765,122.898677
1780456765,144.022976
1780456765,135.964913
1780456765,136.262998
1780456765,136.355514
1780456765,136.759229
1780456765,135.767047
1780456765,134.102078
1780456765,128.411876
1780456765,125.933897
1780456765,128.500776
1780456765,125.936452
1780456765,122.096027
1780456765,122.102014
1780456765,128.747117
1780456765,126.185472
1780456765,127.441704
1780456765,123.879054
1780456765,121.115906
1780456765,121.239244
1780456765,121.224763
1780456765,126.418491
1780456765,120.190056
1780456765,120.183908
1780456765,127.710914
1780456765,126.562624
1780456765,118.906629
1780456765,135.062882
1780456765,133.542360
1780456765,135.312777
1780456765,121.562999
1780456765,120.412623
1780456765,138.941206
1780456765,124.133210
1780456765,153.465797
1780456765,160.153488
1780456765,158.043520
1780456765,145.837204
1780456765,161.461018
1780456765,159.275159
1780456765,141.699306
1780456765,147.199247
1780456765,142.792579
1780456765,139.200567
1780456765,139.017713
1780456765,139.234352
1780456765,143.122659
1780456765,139.201672
1780456765,143.033654
1780456765,142.789842
1780456765,148.880485
1780456765,142.067758
1780456765,152.995291
1780456765,139.168128
1780456765,153.138704
1780456765,139.583871
1780456765,137.945771
1780456765,135.317511
1780456765,135.638355
1780456765,155.566978
1780456765,142.439806
1780456765,158.888439
1780456765,129.779786
1780456765,129.849486
1780456765,143.557772
1780456765,156.807694
1780456765,130.530240
1780456765,147.922190
1780456765,131.217618
1780456765,143.486442
1780456765,154.659933
1780456765,143.542060
1780456765,145.579101
1780456765,145.173862
1780456765,135.776027
1780456765,145.497500
1780456765,145.316567
1780456765,135.356863
1780456765,135.503643
1780456765,144.731045
1780456765,132.551587
1780456765,133.728579
1780456765,147.991776
1780456765,141.138662
1780456765,137.202484
1780456765,145.439939
1780456765,112.571978
1780456765,147.187113
1780456765,147.274162
1780456765,136.222721
1780456765,137.964815
1780456765,136.882053
1780456765,116.116393
1780456765,116.148353
1780456765,132.842813
1780456765,132.925416
1780456765,130.357515
1780456765,116.213031
1780456765,121.302112
1780456765,122.716799
1780456765,116.373670
1780456765,112.267727
1780456765,133.786794
1780456765,142.104351
1780456765,144.329867
1780456765,142.203804
1780456765,128.112553
1780456765,129.182835
1780456765,143.863484
1780456765,138.205877
1780456765,134.402751
1780456765,103.478335
1780456765,103.892207
1780456765,106.272495
1780456765,109.057730
1780456765,106.936705
1780456765,108.085111
1780456765,106.507598
1780456765,108.787640
1780456765,108.890684
1780456765,110.318054
1780456765,110.489516
1780456765,110.519808
1780456765,110.423670
1780456765,110.506932
1780456765,110.592202
1780456765,109.238656
1780456765,113.384826
1780456765,104.827618
1780456765,108.997425
1780456765,108.998012
1780456765,109.080975
1780456765,105.488966
1780456765,105.736139
1780456765,105.819417
1780456765,104.291278
1780456765,105.438665
1780456765,108.103856
1780456765,107.992409
1780456765,108.101399
1780456765,108.182203
1780456765,108.265149
1780456765,108.213063
1780456765,107.575579
1780456765,103.208496
1780456765,105.203243
1780456765,105.173306
1780456765,105.300035
1780456765,105.354150
1780456765,105.990073
1780456765,103.480562
1780456765,108.296640
1780456765,103.528238
1780456765,103.800998
1780456765,106.582475
1780456765,106.563004
1780456765,105.643086
1780456765,105.246056
1780456765,105.677750
1780456765,111.374998
1780456765,107.460800
1780456765,106.597848
1780456765,107.855373
1780456765,111.673496
1780456765,106.997895
1780456765,107.313562
1780456765,107.304127
1780456765,107.363600
1780456765,107.641220
1780456765,107.633802
1780456765,108.016345
1780456765,104.856762
1780456765,104.628780
1780456765,104.559057
1780456765,104.893846
1780456765,106.591318
1780456765,105.065156
1780456765,106.660078
1780456765,106.680574
1780456765,104.101828
1780456765,106.816014
1780456765,113.135761
1780456765,112.956099
1780456765,107.361184
1780456765,103.867496
1780456765,116.114705
1780456765,115.952219
1780456765,116.055829
1780456765,116.435551
1780456765,116.158521
1780456766,113.150780
1780456766,113.122001
1780456766,113.126881
1780456766,113.244549
1780456766,111.356285
1780456766,113.270763
1780456766,113.350188
1780456766,111.287646
1780456766,117.395341
1780456766,117.522528
1780456766,117.131757
1780456766,107.026420
1780456766,109.556167
1780456766,112.258759
1780456766,106.013512
1780456766,106.902495
1780456766,109.651705
1780456766,109.735355
1780456766,109.723675
1780456766,106.036298
1780456766,112.385486
1780456766,108.204319
1780456766,107.130066
1780456766,105.294553
1780456766,106.336603
1780456766,106.668072
1780456766,107.161826
1780456766,107.115405
1780456766,106.168808
1780456766,109.529108
1780456766,109.451428
1780456766,103.729201
1780456766,103.686872
1780456766,103.534876
1780456766,104.026210
1780456766,104.087756
1780456766,103.876896
1780456766,103.740085
1780456766,104.116933
1780456766,112.892708
1780456766,113.809432
1780456766,113.122061
1780456766,113.080773
1780456766,105.598939
1780456766,113.506310
1780456766,114.548040
1780456766,113.387822
1780456766,111.682866
1780456766,114.710241
1780456766,114.504749
1780456766,114.687759
1780456766,116.469223
1780456766,115.065539
1780456766,116.505365
1780456766,117.926903
1780456766,109.489801
1780456766,106.395282
1780456766,105.099448
1780456766,118.216832
1780456766,106.531476
1780456766,111.991477
1780456766,118.368716
1780456766,112.287652
1780456766,106.932552
1780456766,118.478541
1780456766,112.283687
1780456766,115.483408
1780456766,107.140877
1780456766,106.317336
1780456766,118.529356
1780456766,117.392797
1780456766,107.010695
1780456766,118.813213
1780456766,113.681945
1780456766,117.636068
1780456766,109.701006
1780456766,111.306742
1780456766,117.810494
1780456766,117.847485
1780456766,109.678278
1780456766,118.873222
1780456766,117.769629
1780456766,113.949814
1780456766,116.102131
1780456766,110.437829
1780456766,114.562092
1780456766,117.526967
1780456766,114.693299
1780456766,115.183969
1780456766,110.686547
1780456766,116.579186
1780456766,116.592520
1780456766,116.584978
1780456766,109.486587
1780456766,116.238524
1780456766,116.466034
1780456766,116.493912
1780456766,116.372530
1780456766,116.443703
1780456766,116.891822
1780456766,116.162873
1780456766,125.161401
1780456766,123.379106
1780456766,116.076716
1780456766,114.888429
1780456766,116.326646
1780456766,116.186178
1780456766,115.014635
1780456766,123.634736
1780456766,116.255019
1780456766,121.971326
1780456766,116.402333
1780456766,114.280585
1780456766,114.692706
1780456766,114.212150
1780456766,114.950068
1780456766,116.376721
1780456766,110.891455
1780456766,110.804071
1780456766,115.193499
1780456766,113.745033
1780456766,110.148094
1780456766,119.243332
1780456766,108.217919
1780456766,122.335614
1780456766,109.827185
1780456766,121.733105
1780456766,110.594443
1780456766,122.920134
1780456766,107.080882
1780456766,112.502168
1780456766,112.581861
1780456766,115.610692
1780456766,120.535608
1780456766,111.345971
1780456766,112.862442
1780456766,112.571652
1780456766,116.929396
1780456766,112.925240
1780456766,107.471946
1780456766,114.240338
1780456766,117.058077
1780456766,111.010693
1780456766,111.534531
1780456766,115.241344
1780456766,118.138583
1780456766,115.681319
1780456766,111.445622
1780456766,123.499755
1780456766,108.463922
1780456766,123.540353
1780456766,119.867896
1780456766,123.505271
1780456766,118.304844
1780456766,115.888001
1780456766,119.667873
1780456766,119.898349
1780456766,118.391214
1780456766,122.537331
1780456766,114.437808
1780456766,123.480307
1780456766,111.919356
1780456766,121.364474
1780456766,111.766131
1780456766,111.982703
1780456766,113.133070
1780456766,116.211675
1780456766,123.270305
1780456766,110.774572
1780456766,116.150718
1780456766,123.836266
1780456766,113.532569
1780456766,108.974996
1780456766,112.437264
1780456766,123.363752
1780456766,123.284658
1780456766,126.961944
1780456766,127.140552
1780456766,123.117503
1780456766,123.168864
1780456766,127.247015
1780456766,126.972873
1780456766,127.256322
1780456766,127.211165
1780456766,127.134993
1780456766,127.192652
1780456766,125.532271
1780456766,125.610701
1780456766,122.346604
1780456766,122.625952
1780456766,124.401264
1780456766,124.301001
1780456766,124.190453
1780456766,124.415955
1780456766,117.304713
1780456766,126.042691
1780456766,121.386698
1780456766,126.054424
1780456766,122.758466
1780456766,126.016339
1780456766,118.628609
1780456766,117.329360
1780456766,117.374425
1780456766,104.106462
1780456766,109.484764
1780456766,110.934098
1780456766,117.088916
1780456766,117.257941
1780456766,117.259349
1780456766,110.118477
1780456766,113.798766
1780456766,117.857589
1780456766,109.186459
1780456766,122.673584
1780456766,117.835308
1780456766,118.750009
1780456766,121.135409
1780456766,117.955029
1780456766,114.584462
1780456766,116.030981
1780456766,124.520868
1780456766,126.235115
1780456766,109.605492
1780456766,113.876988
1780456766,124.409499
1780456766,124.518854
1780456766,114.989108
1780456766,126.079578
1780456766,116.555153
1780456766,116.846930
1780456766,119.113963
1780456766,115.432693
1780456766,109.291382
1780456766,109.125263
1780456766,114.123953
1780456766,114.896075
1780456766,110.309048
1780456766,109.926402
1780456766,117.622202
1780456766,115.449870
1780456766,109.966882
1780456766,117.656703
1780456766,114.002182
1780456766,108.899337
1780456766,113.533257
1780456766,109.096153
1780456766,118.420178
1780456766,111.666205
1780456766,116.845376
1780456766,107.668442
1780456766,111.757544
1780456766,117.163871
1780456766,117.172624
1780456766,111.647419
1780456766,106.222173
1780456766,113.496334
1780456766,109.914471
1780456766,106.680438
1780456766,117.490307
1780456766,106.948317
1780456766,112.661760
1780456766,107.176987
1780456766,110.691029
1780456766,117.298659
1780456766,107.134040
1780456766,117.213596
1780456766,117.952332
1780456766,112.354827
1780456766,115.466085
1780456766,113.659086
1780456766,115.643972
1780456766,106.461866
1780456766,110.844717
1780456766,109.894177
1780456766,117.725994
1780456766,106.029899
1780456766,113.794105
1780456766,109.998232
1780456766,105.998745
1780456766,118.602178
1780456766,110.270124
1780456766,106.963037
1780456766,114.115680
1780456766,105.826063
1780456766,117.271641
1780456766,114.726401
1780456766,109.139486
1780456766,116.186689
1780456766,108.950133
1780456766,106.645858
1780456766,109.595778
1780456766,106.497553
1780456766,115.260822
1780456766,109.491973
1780456766,106.276559
1780456766,115.217106
1780456766,115.609253
1780456766,109.610319
1780456766,107.231613
1780456766,109.966359
1780456766,108.618893
1780456766,113.607150
1780456766,106.855889
1780456766,115.877516
1780456766,108.738594
1780456766,105.361971
1780456766,115.294218
1780456766,108.967655
1780456766,107.579657
1780456766,108.314811
1780456766,109.277637
1780456766,107.480077
1780456766,116.607353
1780456766,108.179308
1780456766,117.134193
1780456766,111.481831
1780456766,108.621529
1780456766,107.958136
1780456766,108.819699
1780456766,117.361313
1780456766,108.613214
1780456766,108.298059
1780456766,108.775210
1780456766,115.460742
1780456766,107.214396
1780456766,108.584469
1780456766,112.237084
1780456766,112.159725
1780456766,107.588714
1780456766,112.436470
1780456766,104.054657
1780456766,118.583496
1780456766,113.084310
1780456766,125.565117
1780456766,128.028999
1780456766,125.621196
1780456766,126.984121
1780456766,121.208560
1780456766,113.118956
1780456766,121.279898
1780456766,132.732311
1780456766,121.920096
1780456766,118.826920
1780456766,125.921437
1780456766,111.930098
1780456766,120.602008
1780456766,116.579703
1780456766,113.415133
1780456766,124.567407
1780456766,113.487347
1780456766,120.598027
1780456766,132.668494
1780456766,134.282688
1780456766,131.257772
1780456766,126.196528
1780456766,124.561247
1780456766,117.072490
1780456766,134.405707
1780456766,127.624272
1780456766,110.730546
1780456766,118.611069
1780456766,117.352952
1780456766,112.339692
1780456766,126.396437
1780456766,106.525385
1780456766,117.272705
1780456766,109.074063
1780456766,117.377311
1780456766,109.164208
1780456766,122.478553
1780456766,117.132780
1780456766,111.284647
1780456766,110.930478
1780456766,118.934865
1780456766,113.800923
1780456766,127.861337
1780456766,113.965137
1780456766,111.249079
1780456766,111.016881
1780456766,128.107132
1780456766,124.494243
1780456766,125.096577
1780456766,110.996233
1780456766,111.387379
1780456766,114.294579
1780456766,116.027604
1780456766,116.134169
1780456766,117.295637
1780456766,110.686915
1780456766,117.718451
1780456766,110.813913
1780456766,105.433047
1780456766,109.490289
1780456766,112.152534
1780456766,107.334835
1780456766,116.419663
1780456766,116.553631
1780456766,115.086495
1780456766,107.490539
1780456766,112.510747
1780456766,105.820880
1780456766,115.117555
1780456766,107.832924
1780456766,105.964334
1780456766,112.026835
1780456766,107.904002
1780456766,115.505431
1780456766,112.210327
1780456766,106.805037
1780456766,115.606525
1780456766,107.034469
1780456766,111.000619
1780456766,106.476624
1780456766,115.739033
1780456766,107.167486
1780456766,106.628718
1780456766,106.563779
1780456766,112.763271
1780456766,109.020060
1780456766,107.527598
1780456766,109.125107
1780456766,107.481387
1780456766,107.101167
1780456766,109.216285
1780456766,107.376306
1780456766,107.840692
1780456766,116.978112
1780456766,107.893017
1780456766,114.684004
1780456766,108.255099
1780456766,108.040209
1780456766,115.893478
1780456766,108.200603
1780456766,108.526387
1780456766,108.521446
1780456766,115.023502
1780456766,115.340875
1780456766,108.377300
1780456766,103.136917
1780456766,109.300613
1780456766,114.973528
1780456766,108.567064
1780456766,109.055196
1780456766,109.477234
1780456766,109.064565
1780456766,109.434429
1780456766,116.541381
1780456766,110.247405
1780456766,116.392496
1780456766,115.961213
1780456766,109.562869
1780456766,109.807343
1780456766,116.244362
1780456766,111.073650
1780456766,110.996731
1780456766,109.715063
1780456766,116.525318
1780456766,116.243871
1780456766,110.871977
1780456766,111.355483
1780456766,109.917518
1780456766,117.044825
1780456766,110.153162
1780456766,111.633119
1780456766,111.065964
1780456766,116.917405
1780456766,107.591584
1780456766,111.125398
1780456766,110.685708
1780456766,106.975268
1780456766,117.262985
1780456766,110.854475
1780456766,111.902774
1780456766,109.363020
1780456766,115.944961
1780456766,109.776213
1780456766,112.387797
1780456766,116.251528
1780456766,108.275866
1780456766,111.637687
1780456766,117.731162
1780456766,109.778460
1780456766,111.323505
1780456766,117.862096
1780456766,110.278729
1780456766,110.018449
1780456766,118.073456
1780456766,108.983302
1780456766,108.867447
1780456766,110.463978
1780456766,110.631589
1780456766,116.948779
1780456766,106.434868
1780456766,112.103103
1780456766,117.283248
1780456766,107.282214
1780456766,110.901693
1780456766,117.489321
1780456766,109.655578
1780456766,115.346845
1780456766,109.751276
1780456766,111.253817
1780456766,115.498039
1780456766,107.641690
1780456766,109.894525
1780456766,111.570517
1780456766,115.606367
1780456766,110.303415
1780456766,111.842071
1780456766,113.693353
1780456766,111.967564
1780456766,115.961551
1780456766,107.940667
1780456766,110.335781
1780456766,109.785771
1780456766,106.926378
1780456766,116.434263
1780456766,113.578385
1780456766,111.083490
1780456766,109.018236
1780456766,109.098952
1780456766,110.959748
1780456766,115.349682
1780456766,109.201152
1780456766,109.162219
1780456766,109.207712
1780456766,115.559389
1780456766,111.424717
1780456766,112.839013
1780456766,109.506232
1780456766,109.643761
1780456766,115.363934
1780456766,108.038970
1780456766,113.385089
1780456766,116.017639
1780456766,112.083766
1780456766,111.923756
1780456766,116.120914
1780456766,110.021932
1780456766,108.355752
1780456766,113.494864
1780456766,110.244711
1780456766,108.463518
1780456766,108.534440
1780456766,111.953141
1780456766,107.115051
1780456766,117.056276
1780456766,108.839013
1780456766,112.179156
1780456766,107.204005
1780456766,109.101324
1780456766,109.232938
1780456766,116.355937
1780456766,111.040707
1780456766,107.490406
1780456766,116.898119
1780456766,108.943303
1780456766,109.217986
1780456766,109.588030
1780456766,111.045993
1780456766,116.719733
1780456766,109.404519
1780456766,111.455742
1780456766,110.065685
1780456766,117.103873
1780456766,110.109540
1780456766,110.003562
1780456766,117.546367
1780456766,109.874571
1780456766,108.603197
1780456766,110.479522
1780456766,118.606340
1780456766,108.530382
1780456766,108.500907
1780456766,110.689211
1780456766,110.239325
1780456766,118.044731
1780456766,110.627259
1780456766,105.488816
1780456766,118.807660
1780456766,108.947254
1780456766,109.258189
1780456766,118.393549
1780456766,105.961651
1780456766,110.902978
1780456766,119.134118
1780456766,106.676174
1780456766,109.650127
1780456766,109.501990
1780456766,119.212433
1780456766,106.615298
1780456766,111.479981
1780456766,109.574960
1780456766,119.576533
1780456766,110.088897
1780456766,106.583594
1780456766,108.770026
1780456766,119.686775
1780456766,108.914481
1780456766,108.875722
1780456766,118.951282
1780456766,108.915452
1780456766,109.039798
1780456766,107.281442
1780456766,117.882502
1780456766,109.053733
1780456766,107.443261
1780456766,107.216802
1780456766,115.691730
1780456766,107.864808
1780456766,109.441765
1780456766,110.801510
1780456766,118.260685
1780456766,108.128396
1780456766,107.324574
1780456766,107.760546
1780456766,118.660547
1780456766,108.457360
1780456766,107.817420
1780456766,104.923122
1780456766,117.301767
1780456766,108.522431
1780456766,103.961582
1780456766,108.821230
1780456766,110.364023
1780456766,116.763155
1780456766,104.038313
1780456766,110.366376
1780456766,108.776653
1780456766,115.747962
1780456766,104.352040
1780456766,109.092643
1780456766,109.017152
1780456766,105.805266
1780456766,109.325242
1780456766,119.551320
1780456766,104.815337
1780456766,108.837544
1780456766,109.361104
1780456766,115.650904
1780456766,111.096411
1780456766,109.739257
1780456766,116.267785
1780456766,109.163031
1780456766,118.423126
1780456766,109.867906
1780456766,111.551244
1780456766,119.070979
1780456766,111.617088
1780456766,110.426940
1780456766,109.615433
1780456766,110.256743
1780456766,118.418027
1780456766,102.506437
1780456766,110.733066
1780456766,119.317442
1780456766,110.319515
1780456766,110.612988
1780456766,111.000557
1780456766,113.971628
1780456766,107.578530
1780456766,111.098924
1780456766,119.976248
1780456766,110.778667
1780456766,111.010663
1780456766,119.304942
1780456766,109.317599
1780456766,112.951154
1780456766,111.091158
1780456766,116.484233
1780456766,113.186351
1780456766,111.621260
1780456766,116.583972
1780456766,113.293654
1780456766,102.718976
1780456766,111.493673
1780456766,111.973289
1780456766,112.329465
1780456766,117.243917
1780456766,103.073822
1780456766,111.774313
1780456766,112.523625
1780456766,103.379057
1780456766,120.408748
1780456766,112.604726
1780456766,112.743141
1780456766,119.285365
1780456766,110.759612
1780456766,103.637938
1780456766,110.917554
1780456766,116.082611
1780456766,111.090085
1780456766,112.376617
1780456766,102.548294
1780456766,102.569658
1780456766,112.390172
1780456766,109.942105
1780456766,117.828472
1780456766,111.224084
1780456766,102.666093
1780456766,113.082409
1780456766,116.601123
1780456766,113.375444
1780456766,103.000044
1780456766,110.321950
1780456766,118.304945
1780456766,102.972506
1780456766,111.853045
1780456766,112.057144
1780456766,116.899394
1780456766,103.187270
1780456766,111.981144
1780456766,117.149768
1780456766,109.630286
1780456766,103.594868
1780456766,111.162192
1780456766,118.826896
1780456766,112.523692
1780456766,103.575849
1780456766,110.034420
1780456766,111.389986
1780456766,119.058033
1780456766,112.829923
1780456766,102.558878
1780456766,110.277783
1780456766,118.121710
1780456766,111.765054
1780456766,104.070951
1780456766,110.516841
1780456766,110.714368
1780456766,118.231725
1780456766,112.009165
1780456766,103.063360
1780456766,110.759578
1780456766,112.117752
1780456766,117.071372
1780456766,103.238251
1780456766,106.742364
1780456766,103.381905
1780456766,117.562051
1780456766,111.288278
1780456766,103.748822
1780456766,107.016077
1780456766,116.273807
1780456766,107.000769
1780456766,106.925338
1780456766,107.131306
1780456766,116.018797
1780456766,107.339816
1780456766,102.703964
1780456766,107.319944
1780456766,102.831907
1780456766,107.319923
1780456766,116.656065
1780456766,116.603994
1780456766,107.704828
1780456766,102.814502
1780456766,107.631786
1780456766,106.433532
1780456766,102.961790
1780456766,107.786444
1780456766,115.216146
1780456766,106.659296
1780456766,103.284428
1780456766,103.617725
1780456766,106.520768
1780456766,114.142350
1780456766,106.733607
1780456766,103.688533
1780456766,107.096405
1780456766,115.691469
1780456766,106.922791
1780456766,108.678051
1780456766,103.915872
1780456766,102.526086
1780456766,107.190452
1780456766,107.157733
1780456766,114.645102
1780456766,107.431871
1780456766,104.081614
1780456766,112.426077
1780456766,107.635855
1780456766,107.636051
1780456766,103.086133
1780456766,106.487534
1780456766,109.562883
1780456766,112.968300
1780456766,103.222493
1780456766,106.606822
1780456766,108.224253
1780456766,103.276336
1780456766,109.740051
1780456766,106.734244
1780456766,106.622337
1780456766,103.804185
1780456766,109.933533
1780456766,108.685635
1780456766,108.881454
1780456766,106.894086
1780456766,102.775521
1780456766,108.682687
1780456766,107.481244
1780456766,104.373841
1780456766,104.268976
1780456766,109.246583
1780456766,107.360051
1780456766,103.242261
1780456766,107.550252
1780456766,107.859618
1780456766,102.045083
1780456766,107.812860
1780456766,104.740838
1780456766,108.039505
1780456766,108.094235
1780456766,103.603614
1780456766,108.161604
1780456766,108.107707
1780456766,103.703381
1780456766,103.816762
1780456766,107.003412
1780456766,108.765314
1780456766,105.418371
1780456766,102.744861
1780456766,108.652530
1780456766,103.053046
1780456766,107.310075
1780456766,105.652202
1780456766,104.506417
1780456766,109.267785
1780456766,107.433869
1780456766,104.498126
1780456766,109.415529
1780456766,104.625970
1780456766,107.983948
1780456766,109.237758
1780456766,105.103265
1780456766,107.816968
1780456766,109.840607
1780456766,108.412909
1780456766,104.170899
1780456766,108.376015
1780456766,102.850352
1780456766,102.728767
1780456766,108.411084
1780456766,108.555316
1780456766,104.542210
1780456766,108.432089
1780456766,104.566496
1780456766,108.572629
1780456766,108.931161
1780456766,104.914617
1780456766,108.965498
1780456766,103.484856
1780456766,109.104691
1780456766,106.238394
1780456766,109.171791
1780456766,105.032909
1780456766,102.445314
1780456766,105.197392
1780456766,109.250436
1780456766,104.075761
1780456766,104.203031
1780456766,108.362344
1780456766,102.740360
1780456766,104.123478
1780456766,108.409987
1780456766,105.762242
1780456766,104.406333
1780456766,104.494206
1780456766,108.614804
1780456766,104.736461
1780456766,104.468394
1780456766,108.738418
1780456766,103.376509
1780456766,104.559627
1780456766,104.707913
1780456766,108.952431
1780456766,103.446598
1780456766,103.476437
1780456766,107.839450
1780456766,105.170402
1780456766,103.686928
1780456766,102.278905
1780456766,107.838581
1780456766,105.589784
1780456766,104.067165
1780456766,109.478772
1780456766,103.990921
1780456766,109.644761
1780456766,104.239566
1780456766,104.285403
1780456766,104.549142
1780456766,104.808794
1780456766,106.194630
1780456766,104.541784
1780456766,105.212671
1780456766,104.924973
1780456766,110.891223
1780456766,103.782002
1780456766,104.938179
1780456766,111.125717
1780456766,105.241263
1780456766,104.062350
1780456766,103.985516
1780456766,111.028286
1780456766,105.478216
1780456766,104.107635
1780456766,102.871254
1780456766,110.164346
1780456766,104.503140
1780456766,104.476265
1780456766,104.348637
1780456766,109.248641
1780456766,105.996247
1780456766,103.539487
1780456766,109.472221
1780456766,104.848799
1780456766,102.912756
1780456766,105.058763
1780456766,110.914959
1780456766,103.624820
1780456766,105.198739
1780456766,105.524868
1780456766,103.975223
1780456766,109.828281
1780456766,103.852846
1780456766,105.487964
1780456766,104.151238
1780456766,110.165712
1780456766,104.515569
1780456766,105.629393
1780456766,103.756517
1780456766,104.730293
1780456766,109.191764
1780456766,109.384364
1780456766,104.086747
1780456766,104.167867
1780456766,102.679925
1780456766,109.458714
1780456766,104.619226
1780456766,109.939357
1780456766,105.514752
1780456766,104.630819
1780456766,103.358068
1780456766,110.172746
1780456766,105.700922
1780456766,108.634408
1780456766,104.705351
1780456766,105.676635
1780456766,110.159376
1780456766,103.935783
1780456766,109.114050
1780456766,105.314718
1780456766,102.590083
1780456766,109.200382
1780456766,109.144153
1780456766,104.239370
1780456766,101.606565
1780456766,104.366180
1780456766,109.444365
1780456766,105.735273
1780456766,104.573360
1780456766,105.838470
1780456766,108.338276
1780456766,104.732582
1780456766,106.025693
1780456766,108.633470
1780456766,104.940035
1780456766,108.381805
1780456766,105.101735
1780456766,108.906496
1780456766,105.254995
1780456766,108.994243
1780456766,105.344883
1780456766,107.727752
1780456766,105.382775
1780456766,107.987914
1780456766,103.164094
1780456766,108.000414
1780456766,108.282185
1780456766,108.234724
1780456766,110.047029
1780456766,109.039588
1780456766,105.429948
1780456766,109.151378
1780456766,109.171710
1780456766,106.866959
1780456766,105.713313
1780456766,107.343423
1780456766,105.846377
1780456766,108.897277
1780456766,105.095625
1780456766,105.113656
1780456766,107.885710
1780456766,104.805733
1780456766,107.756873
1780456766,107.863432
1780456766,105.418794
1780456766,104.033395
1780456766,103.995561
1780456766,104.292188
1780456766,106.110149
1780456766,108.783484
1780456766,108.887305
1780456766,106.306159
1780456766,105.888729
1780456766,104.702189
1780456766,104.892314
1780456766,106.862508
1780456766,106.240678
1780456766,104.898019
1780456766,107.000712
1780456766,104.337784
1780456766,102.711673
1780456766,108.682589
1780456766,104.408444
1780456766,105.512605
1780456766,104.441578
1780456766,105.852853
1780456766,104.566602
1780456766,107.801889
1780456766,104.971043
1780456766,104.618915
1780456766,105.037883
1780456766,103.680128
1780456766,106.247169
1780456766,103.688865
1780456766,108.068326
1780456766,109.625702
1780456766,107.943698
1780456766,109.838009
1780456766,106.582145
1780456766,103.746204
1780456766,105.639784
1780456766,102.837478
1780456766,106.937414
1780456766,103.028536
1780456766,110.393354
1780456766,106.353177
1780456766,105.054080
1780456766,108.946567
1780456766,105.044131
1780456766,105.153748
1780456766,103.499729
1780456766,103.069651
1780456766,105.235390
1780456766,105.077159
1780456766,103.812680
1780456766,111.158002
1780456766,111.134765
1780456766,105.851481
1780456766,109.714922
1780456766,103.998008
1780456766,104.211539
1780456766,105.668420
1780456766,108.468608
1780456766,109.951061
1780456766,104.274988
1780456766,107.675904
1780456766,104.537324
1780456766,104.396902
1780456766,110.258564
1780456766,106.596822
1780456766,109.046742
1780456766,104.675280
1780456766,109.064175
1780456766,104.732491
1780456766,111.209812
1780456766,108.620272
1780456766,105.484041
1780456766,110.901648
1780456766,102.556919
1780456766,110.882470
1780456766,105.589109
1780456766,108.865672
1780456766,111.727937
1780456766,105.491515
1780456766,107.266390
1780456766,112.128140
1780456766,105.800875
1780456766,109.528238
1780456766,110.841577
1780456766,106.233934
1780456766,106.656279
1780456766,104.033913
1780456766,104.225389
1780456766,110.032863
1780456766,111.394149
1780456766,104.490760
1780456766,110.287316
1780456766,104.476249
1780456766,104.693532
1780456766,107.356825
1780456766,104.681227
1780456766,104.599778
1780456766,107.500283
1780456766,110.997094
1780456766,104.519063
1780456766,104.875677
1780456766,112.069811
1780456766,105.075804
1780456766,111.172928
1780456766,105.387454
1780456766,105.311331
1780456766,112.420260
1780456766,105.261945
1780456766,111.433483
1780456766,112.689197
1780456766,105.513473
1780456766,105.628883
1780456766,107.525798
1780456766,105.956315
1780456766,108.807995
1780456766,104.679610
1780456766,104.796938
1780456766,112.185940
1780456766,107.715038
1780456766,109.496676
1780456766,105.400993
1780456766,111.540296
1780456766,111.600482
1780456766,109.475087
1780456766,111.650641
1780456766,105.755577
1780456766,108.540206
1780456766,105.863675
1780456766,112.252120
1780456766,107.815936
1780456766,103.133216
1780456766,110.573900
1780456766,105.609742
1780456766,108.066851
1780456766,104.594843
1780456766,106.784039
1780456766,105.177901
1780456766,106.122678
1780456766,108.521651
1780456766,110.628570
1780456766,114.138210
1780456766,112.026864
1780456766,107.828607
1780456766,104.171799
1780456766,106.455693
1780456766,107.606034
1780456766,114.764111
1780456766,108.640471
1780456766,106.789475
1780456766,114.661456
1780456766,104.179704
1780456766,107.365503
1780456766,104.507398
1780456766,107.552833
1780456766,107.477718
1780456766,110.859319
1780456766,108.658390
1780456766,110.802529
1780456766,108.615686
1780456766,107.852659
1780456766,106.145091
1780456766,109.309656
1780456766,108.490848
1780456766,105.650445
1780456766,105.744517
1780456766,108.455986
1780456766,116.164003
1780456766,116.490387
1780456766,116.555211
1780456766,116.426133
1780456766,109.565793
1780456766,114.868657
1780456766,106.638764
1780456766,114.808693
1780456766,105.858589
1780456766,108.921887
1780456766,106.894435
1780456766,108.873304
1780456766,115.119265
1780456766,109.237693
1780456766,115.278752
1780456766,106.111910
1780456766,106.784326
1780456766,104.609915
1780456766,111.869551
1780456766,114.887607
1780456766,112.076430
1780456766,103.634855
1780456766,115.082197
1780456766,110.526928
1780456766,102.837821
1780456766,114.100644
1780456766,108.039413
1780456766,109.405270
1780456766,105.858168
1780456766,103.409949
1780456766,103.571997
1780456766,112.888097
1780456766,109.216315
1780456766,108.462021
1780456766,106.186608
1780456766,109.416691
1780456766,106.337383
1780456766,115.186764
1780456766,104.119763
1780456766,107.458315
1780456766,106.561943
1780456766,106.620718
1780456766,106.876674
1780456766,104.290580
1780456766,109.101097
1780456766,105.501420
1780456766,115.456807
1780456766,104.376278
1780456766,104.673723
1780456766,115.700728
1780456766,106.317660
1780456766,111.790457
1780456766,110.296464
1780456766,102.582095
1780456766,110.111439
1780456766,112.183719
1780456766,105.705487
1780456766,105.692104
1780456766,105.906166
1780456766,112.452866
1780456766,107.315561
1780456766,108.945390
1780456766,104.992537
1780456766,109.041749
1780456766,104.979509
1780456766,105.094682
1780456766,108.990079
1780456766,105.325811
1780456766,109.831440
1780456766,107.252309
1780456766,106.086532
1780456766,108.708464
1780456766,107.426919
1780456766,104.717960
1780456766,104.978361
1780456766,110.512152
1780456766,106.452437
1780456766,110.262519
1780456766,110.354685
1780456766,105.561068
1780456766,105.707001
1780456766,105.832831
1780456766,105.857698
1780456766,106.181854
1780456766,106.202464
1780456766,106.648795
1780456766,106.866138
1780456766,107.140404
1780456766,116.139475
1780456766,107.334060
1780456766,115.655451
1780456766,111.016170
1780456766,107.904910
1780456766,104.004701
1780456766,111.358274
1780456766,111.436421
1780456766,111.535105
1780456766,108.062060
1780456766,102.538028
1780456766,108.754929
1780456766,108.816547
1780456766,108.472078
1780456766,112.364419
1780456766,109.383377
1780456766,109.281720
1780456766,109.160963
1780456766,109.512865
1780456766,106.979561
1780456766,110.201603
1780456766,102.741668
1780456766,107.135581
1780456766,117.039760
1780456766,116.303433
1780456766,113.836366
1780456766,106.748025
1780456766,104.834326
1780456766,103.832148
1780456766,103.948627
1780456766,115.658976
1780456766,104.205125
1780456766,115.997739
1780456766,114.856233
1780456766,103.598789
1780456766,115.571099
1780456766,103.799485
1780456766,115.630186
1780456766,115.414826
1780456766,103.980284
1780456766,104.102107
1780456766,116.015868
1780456766,115.926708
1780456766,103.349754
1780456766,116.255518
1780456766,115.101347
1780456766,115.333075
1780456766,102.324713
1780456766,115.240514
1780456766,102.454195
1780456766,113.754047
1780456766,102.603207
1780456766,113.972704
1780456766,102.852887
1780456766,113.126059
1780456766,114.686604
1780456766,114.420941
1780456766,102.942505
1780456766,103.176991
1780456766,115.336070
1780456766,103.752188
1780456766,113.197316
1780456766,104.171112
1780456766,112.452738
1780456766,105.213529
1780456766,116.172005
1780456766,112.434214
1780456766,115.552062
1780456766,116.413645
1780456766,111.850663
1780456766,111.935878
1780456766,104.626076
1780456766,111.468357
1780456766,105.731306
1780456766,111.049840
1780456766,105.667687
1780456766,111.139891
1780456766,109.839299
1780456766,106.147106
1780456766,105.057817
1780456766,105.419840
1780456766,106.269874
1780456766,106.577314
1780456766,107.612388
1780456766,106.648243
1780456766,106.657073
1780456766,107.574875
1780456766,106.681429
1780456766,107.377263
1780456766,107.255068
1780456766,107.662700
1780456766,108.059202
1780456766,104.842965
1780456766,105.054490
1780456766,105.187092
1780456766,105.359616
1780456766,105.512982
1780456766,105.720953
1780456766,105.385180
1780456766,105.580158
1780456766,105.551696
1780456766,105.911017
1780456766,105.856127
1780456766,106.295963
1780456766,106.754531
1780456766,107.016698
1780456766,107.143013
1780456766,108.051388
1780456766,107.924999
1780456766,107.753604
1780456766,107.951172
1780456766,107.916285
1780456766,107.822145
1780456766,109.979379
1780456766,113.582308
1780456766,113.837047
1780456766,113.401242
1780456766,113.440531
1780456766,114.906724
1780456766,115.968429
1780456766,116.180891
1780456766,115.328624
1780456766,115.253972
1780456766,115.435293
1780456766,115.601432
1780456766,115.303486
1780456766,116.982882
1780456766,112.767685
1780456766,120.164249
1780456766,119.171070
1780456766,119.351727
1780456766,121.095854
1780456766,121.132532
1780456766,121.314659
1780456766,121.089487
1780456766,125.320869
1780456766,121.426388
1780456766,119.167705
1780456766,121.408799
1780456766,129.861838
1780456766,129.991522
1780456766,128.211647
1780456766,129.649785
1780456766,129.640464
1780456766,121.419774
1780456766,130.332158
1780456766,128.546236
1780456766,130.194052
1780456766,127.268008
1780456766,108.821332
1780456766,109.928733
1780456766,114.817163
1780456766,135.029702
1780456766,135.144788
1780456766,139.952515
1780456766,139.896139
1780456766,140.001451
1780456766,128.707265
1780456766,119.263443
1780456766,141.854454
1780456766,129.810960
1780456766,141.999103
1780456766,142.061191
1780456766,119.424006
1780456766,119.612941
1780456766,119.807691
1780456766,119.868256
1780456766,119.698288
1780456766,142.405511
1780456766,119.794941
1780456766,119.791357
1780456766,125.358115
1780456766,125.315705
1780456766,140.973590
1780456766,143.254076
1780456766,146.787324
1780456766,146.875881
1780456766,148.064707
1780456766,148.085705
1780456766,150.037133
1780456766,141.229421
1780456766,143.455854
1780456766,143.531027
1780456766,132.121389
1780456766,147.298746
1780456766,129.810529
1780456766,106.991551
1780456766,107.085777
1780456766,107.165371
1780456766,103.699899
1780456766,103.166359
1780456766,105.345492
1780456766,103.298889
1780456766,105.163831
1780456766,106.107462
1780456766,107.958711
1780456766,107.813343
1780456766,124.034552
1780456766,105.280868
1780456766,116.999127
1780456766,115.811013
1780456766,106.834722
1780456766,109.052160
1780456766,109.733595
1780456766,105.632440
1780456766,107.748761
1780456766,107.722860
1780456766,107.490954
1780456766,106.075969
1780456766,111.933037
1780456766,111.051201
1780456766,109.325459
1780456766,109.552375
1780456766,108.244807
1780456766,109.402455
1780456766,114.103886
1780456766,108.790288
1780456766,114.205165
1780456766,115.483003
1780456766,109.341949
1780456766,105.166445
1780456766,104.269781
1780456766,109.206906
1780456766,109.297967
1780456766,109.466885
1780456766,109.430201
1780456766,124.997012
1780456766,125.494761
1780456766,126.451837
1780456766,126.445341
1780456766,126.555144
1780456766,116.694671
1780456766,113.888965
1780456766,116.709124
1780456766,112.480866
1780456766,105.830498
1780456766,108.466893
1780456766,106.291795
1780456766,111.324875
1780456766,111.245378
1780456766,111.243954
1780456766,113.357905
1780456766,113.569838
1780456766,116.938886
1780456766,108.435338
1780456766,107.355544
1780456766,106.073370
1780456766,107.886716
1780456766,107.261601
1780456766,113.267488
1780456766,113.370833
1780456766,112.028861
1780456766,125.017546
1780456766,137.833980
1780456766,116.552557
1780456766,138.336134
1780456766,125.261407
1780456766,138.399468
1780456766,125.503563
1780456766,125.329757
1780456766,111.303617
1780456766,112.646031
1780456766,109.983727
1780456766,109.762232
1780456766,109.821625
1780456766,103.553894
1780456766,107.655277
1780456766,114.896479
1780456766,115.091837
1780456766,120.537442
1780456766,120.523405
1780456766,111.487265
1780456766,107.898701
1780456766,113.929511
1780456766,115.209871
1780456766,109.993337
1780456766,109.680745
1780456766,105.389139
1780456766,114.484382
1780456766,117.378309
1780456766,105.328077
1780456766,110.086538
1780456766,110.403520
1780456766,106.551260
1780456766,105.497987
1780456766,117.700369
1780456766,106.622748
1780456766,110.139790
1780456766,106.796649
1780456766,105.477694
1780456766,120.063622
1780456766,120.169504
1780456766,106.266706
1780456766,121.702966
1780456766,121.772288
1780456766,124.903526
1780456766,107.353824
1780456766,106.330084
1780456766,106.473700
1780456766,106.425500
1780456766,107.803831
1780456766,107.877768
1780456766,107.823821
1780456766,128.707149
1780456766,135.049829
1780456766,110.405826
1780456766,122.566987
1780456766,122.717412
1780456766,122.731714
1780456766,112.598812
1780456766,122.893901
1780456766,129.610791
1780456766,110.422845
1780456766,110.442391
1780456766,110.579883
1780456766,109.227896
1780456766,109.325209
1780456766,109.616920
1780456766,109.350262
1780456766,110.790652
1780456766,110.762935
1780456766,110.922158
1780456766,110.925238
1780456766,109.665954
1780456766,109.648383
1780456766,109.734861
1780456766,110.161222
1780456766,109.856654
1780456766,113.209006
1780456766,113.320769
1780456766,111.448027
1780456766,111.440408
1780456766,113.389724
1780456766,118.746582
1780456766,110.127381
1780456766,110.134168
1780456766,110.242320
1780456766,110.329865
1780456766,110.401928
1780456766,110.413373
1780456766,111.692695
1780456766,103.339481
1780456766,103.321440
1780456766,110.794178
1780456766,104.313039
1780456766,104.384430
1780456766,104.511837
1780456766,104.688654
1780456766,104.502942
1780456766,104.029715
1780456766,112.259543
1780456766,104.503519
1780456766,113.360927
1780456766,113.864173
1780456766,112.837874
1780456766,113.064649
1780456766,105.596272
1780456766,105.716240
1780456766,106.296241
1780456766,108.180340
1780456766,107.311696
1780456766,109.221960
1780456766,107.987178
1780456766,109.229915
1780456766,108.302460
1780456766,109.660094
1780456766,108.487443
1780456766,108.683947
1780456766,108.914365
1780456766,110.386558
1780456766,108.908975
1780456766,111.156150
1780456766,110.906310
1780456766,110.076229
1780456766,111.692899
1780456766,108.796913
1780456766,110.620916
1780456766,109.138320
1780456766,110.762961
1780456766,112.528507
1780456766,112.509210
1780456766,112.716153
1780456766,112.718698
1780456766,112.574006
1780456766,112.048043
1780456766,112.080786
1780456766,112.207957
1780456766,112.714337
1780456766,110.539933
1780456766,110.457481
1780456766,112.530876
1780456766,113.916614
1780456766,111.093306
1780456766,111.603330
1780456766,113.903462
1780456766,109.158650
1780456766,114.600415
1780456766,114.697092
1780456766,115.190223
1780456766,114.724891
1780456766,114.806742
1780456766,113.982172
1780456766,110.140487
1780456766,112.590764
1780456766,116.079071
1780456766,115.991367
1780456766,110.536649
1780456766,112.580470
1780456766,117.809178
1780456766,112.247002
1780456766,111.263652
1780456766,111.444262
1780456766,111.567095
1780456766,112.936715
1780456766,116.533933
1780456766,109.479713
1780456766,110.813606
1780456766,111.604149
1780456766,119.230419
1780456766,118.143733
1780456766,119.372335
1780456766,119.272786
1780456766,113.209728
1780456766,118.436032
1780456766,119.257729
1780456766,115.468333
1780456766,118.995196
1780456766,119.322956
1780456766,119.598201
1780456766,118.179806
1780456766,118.495571
1780456766,117.744705
1780456766,117.594839
1780456766,117.560855
1780456766,119.792847
1780456766,112.657422
1780456766,112.882152
1780456766,113.062729
1780456766,118.867653
1780456766,112.522601
1780456766,112.590593
1780456766,119.068538
1780456766,119.249728
1780456766,114.120802
1780456766,120.039188
1780456766,114.002785
1780456766,114.227273
1780456766,120.138100
1780456766,114.333002
1780456766,113.402715
1780456766,116.571138
1780456766,115.552252
1780456766,118.740453
1780456766,122.010500
1780456766,121.799768
1780456766,121.917234
1780456766,122.662137
1780456766,115.610585
1780456766,121.631831
1780456766,114.506669
1780456766,115.832497
1780456766,120.818151
1780456766,115.860438
1780456766,115.138204
1780456766,122.779357
1780456766,121.972395
1780456766,116.017396
1780456766,115.249980
1780456766,114.515699
1780456766,114.120286
1780456766,116.167432
1780456766,123.484731
1780456766,114.902210
1780456766,109.589548
1780456766,116.230970
1780456766,109.851629
1780456766,123.938144
1780456766,116.579332
1780456766,115.079222
1780456766,110.015705
1780456766,110.317356
1780456766,117.487070
1780456766,124.273592
1780456766,114.213580
1780456766,110.743308
1780456766,124.768402
1780456766,115.704070
1780456766,116.159943
1780456766,117.103448
1780456766,116.403266
1780456766,117.535123
1780456766,121.716861
1780456766,124.798375
1780456766,116.431552
1780456766,125.104932
1780456766,125.256242
1780456766,125.259290
1780456766,117.626050
1780456766,116.993787
1780456766,111.117722
1780456766,116.215418
1780456766,111.990836
1780456766,116.678141
1780456766,116.666328
1780456766,120.000351
1780456766,124.837706
1780456766,112.550210
1780456766,125.764859
1780456766,119.291003
1780456766,112.976520
1780456766,126.105965
1780456766,113.015634
1780456766,117.486110
1780456766,116.323986
1780456766,126.561599
1780456766,125.938610
1780456766,117.870003
1780456766,116.808993
1780456766,119.102160
1780456766,126.954533
1780456766,117.051580
1780456766,114.026711
1780456766,122.467902
1780456766,113.656265
1780456766,113.713900
1780456766,126.785113
1780456766,113.896598
1780456766,122.376155
1780456766,129.123206
1780456766,113.989557
1780456766,127.203158
1780456766,127.662456
1780456766,114.374361
1780456766,120.532766
1780456766,114.338559
1780456766,122.130777
1780456766,129.847885
1780456766,113.894978
1780456766,121.802237
1780456766,118.675838
1780456766,129.920799
1780456766,115.133905
1780456766,130.198278
1780456766,115.902464
1780456766,128.450896
1780456766,130.484018
1780456766,118.985091
1780456766,116.345941
1780456766,119.097313
1780456766,121.765825
1780456766,130.519910
1780456766,116.850928
1780456766,125.369311
1780456766,119.490097
1780456766,125.827637
1780456766,117.019234
1780456766,121.844799
1780456766,125.493356
1780456766,125.678215
1780456766,118.980906
1780456766,117.996066
1780456766,115.202675
1780456766,118.962790
1780456766,113.078035
1780456766,125.232592
1780456766,118.583055
1780456766,124.479651
1780456766,123.700030
1780456766,125.199495
1780456766,130.223919
1780456766,113.919010
1780456766,131.249702
1780456766,124.831021
1780456766,130.535862
1780456766,125.080513
1780456766,124.349530
1780456766,119.644781
1780456766,122.156062
1780456766,124.129894
1780456766,115.488965
1780456766,116.547913
1780456766,113.546459
1780456766,116.703928
1780456766,125.101418
1780456766,126.083352
1780456766,125.894396
1780456766,119.865582
1780456766,116.912174
1780456766,126.752335
1780456766,118.667710
1780456766,124.571363
1780456766,124.794159
1780456766,120.018311
1780456766,125.349996
1780456766,116.597002
1780456766,130.639330
1780456766,113.402326
1780456766,119.817843
1780456766,113.743418
1780456766,119.782955
1780456766,114.808928
1780456766,120.378926
1780456766,113.339932
1780456766,120.122953
1780456766,122.107485
1780456766,119.615072
1780456766,123.283175
1780456766,119.583269
1780456766,120.432385
1780456766,113.577374
1780456766,121.340683
1780456766,123.880681
1780456766,123.685575
1780456766,117.621399
1780456766,113.438402
1780456766,118.377127
1780456766,123.592675
1780456766,122.456068
1780456766,122.088069
1780456766,122.059453
1780456766,116.599952
1780456766,123.746281
1780456766,116.929197
1780456766,128.521104
1780456766,117.411461
1780456766,123.320671
1780456766,118.384867
1780456766,121.246062
1780456766,126.046795
1780456766,118.119350
1780456766,126.732445
1780456766,118.442719
1780456766,126.845755
1780456766,116.100708
1780456766,113.017033
1780456766,116.585614
1780456766,127.195851
1780456766,127.396312
1780456766,117.345110
1780456766,116.894241
1780456766,120.734340
1780456766,117.869040
1780456766,118.886076
1780456766,129.030650
1780456766,128.979961
1780456766,125.469930
1780456766,117.620098
1780456766,128.589687
1780456766,126.988614
1780456766,127.330784
1780456766,127.893632
1780456766,127.977723
1780456766,117.960445
1780456766,117.423799
1780456766,117.739809
1780456766,116.921287
1780456766,128.462404
1780456766,113.849718
1780456766,130.716527
1780456766,111.795527
1780456766,114.760706
1780456766,114.644986
1780456766,110.400828
1780456766,122.676465
1780456766,123.368260
1780456766,122.139093
1780456766,133.063082
1780456766,133.092706
1780456766,122.446774
1780456766,129.521887
1780456766,115.489937
1780456766,115.929944
1780456766,117.268698
1780456766,118.985109
1780456766,116.588115
1780456766,116.414595
1780456766,117.161382
1780456766,116.980199
1780456766,120.025168
1780456766,119.136883
1780456766,119.709172
1780456766,120.687127
1780456766,119.589328
1780456766,130.268339
1780456766,133.661423
1780456766,119.484989
1780456766,117.854059
1780456766,125.041477
1780456766,130.942887
1780456766,124.161094
1780456766,127.707476
1780456766,131.433594
1780456766,129.635903
1780456766,128.786119
1780456766,131.943298
1780456766,111.992784
1780456766,128.986928
1780456766,128.610726
1780456766,112.883932
1780456766,112.691344
1780456766,129.165384
1780456766,129.564598
1780456766,124.942322
1780456766,130.143106
1780456766,113.045099
1780456766,124.471682
1780456766,130.350640
1780456766,132.289892
1780456766,123.546082
1780456766,123.820158
1780456766,123.416486
1780456766,123.167300
1780456766,128.421044
1780456766,110.493982
1780456766,134.752181
1780456766,127.845191
1780456766,127.573894
1780456766,135.130333
1780456766,111.558737
1780456766,109.695521
1780456766,127.019603
1780456766,135.752055
1780456766,110.375599
1780456766,126.067832
1780456766,110.973654
1780456766,136.037866
1780456766,124.939364
1780456766,130.611624
1780456766,126.405778
1780456766,124.557910
1780456766,126.638526
1780456766,122.252854
1780456766,139.559836
1780456766,125.234086
1780456766,125.643555
1780456766,126.387553
1780456766,126.817554
1780456766,129.715109
1780456766,126.296629
1780456766,132.944435
1780456766,134.368848
1780456766,120.281315
1780456766,133.625185
1780456766,121.104085
1780456766,136.576049
1780456766,121.473586
1780456766,135.616288
1780456766,118.368096
1780456766,137.683159
1780456766,123.010544
1780456766,138.931385
1780456766,122.877670
1780456766,139.661826
1780456766,123.530835
1780456766,122.777287
1780456766,140.384893
1780456766,136.833727
1780456766,138.182069
1780456766,129.262024
1780456766,126.934075
1780456766,130.045798
1780456766,120.291003
1780456766,131.356429
1780456766,140.616492
1780456766,114.199989
1780456766,114.440895
1780456766,138.238392
1780456766,137.759934
1780456766,136.922029
1780456766,138.243580
1780456766,137.811962
1780456766,130.604198
1780456766,137.420267
1780456766,132.231942
1780456766,132.013079
1780456766,131.692812
1780456766,138.933077
1780456766,113.937504
1780456766,138.528275
1780456766,135.900572
1780456766,131.096577
1780456766,128.594379
1780456766,129.308763
1780456766,138.596763
1780456766,129.139359
1780456766,137.603357
1780456766,137.675364
1780456766,139.465677
1780456766,128.067881
1780456766,139.588381
1780456766,136.390295
1780456766,129.073012
1780456766,126.778725
1780456766,114.349584
1780456766,140.192130
1780456766,128.812413
1780456766,126.747139
1780456766,136.190789
1780456766,128.880544
1780456766,127.284339
1780456766,136.723738
1780456766,136.799801
1780456766,126.623469
1780456766,121.050047
1780456766,133.754987
1780456766,126.767913
1780456766,127.106893
1780456766,122.709973
1780456766,124.246665
1780456766,141.633542
1780456766,124.968762
1780456766,130.366297
1780456766,141.615704
1780456766,129.433320
1780456766,117.179936
1780456766,132.390251
1780456766,129.491134
1780456766,129.534459
1780456766,131.735872
1780456766,131.586494
1780456766,124.373393
1780456766,117.295096
1780456766,130.422913
1780456766,133.636215
1780456766,130.346759
1780456766,138.296715
1780456766,139.641401
1780456766,132.768709
1780456766,132.224597
1780456766,127.368659
1780456766,133.265661
1780456766,127.743175
1780456766,135.643681
1780456766,133.879652
1780456766,134.214420
1780456766,128.493234
1780456766,136.178973
1780456766,136.814331
1780456766,136.988481
1780456766,137.548821
1780456766,130.540291
1780456766,130.641306
1780456766,124.790590
1780456766,130.565112
1780456766,117.932454
1780456766,131.212111
1780456766,139.725619
1780456766,139.911580
1780456766,131.593914
1780456766,131.363409
1780456766,130.680857
1780456766,130.952176
1780456766,131.394127
1780456766,138.161588
1780456766,127.392930
1780456766,131.573872
1780456766,130.622718
1780456766,131.716753
1780456766,126.701809
1780456766,131.646209
1780456766,130.306236
1780456766,131.035726
1780456766,131.743278
1780456766,125.635999
1780456766,130.103478
1780456766,131.744497
1780456766,140.701351
1780456766,130.789583
1780456766,117.847917
1780456766,132.445477
1780456766,125.650338
1780456766,138.403934
1780456766,129.091286
1780456766,134.285489
1780456766,128.517326
1780456766,133.875638
1780456766,133.724819
1780456766,134.665050
1780456766,134.373696
1780456766,129.949457
1780456766,123.049045
1780456766,133.556848
1780456766,133.849845
1780456766,128.480658
1780456766,133.176851
1780456766,129.624675
1780456766,118.727455
1780456766,119.472517
1780456766,123.852652
1780456766,130.205333
1780456766,125.221219
1780456766,132.534234
1780456766,125.832434
1780456766,132.277201
1780456766,138.923941
1780456766,131.080038
1780456766,124.815883
1780456766,131.168608
1780456766,130.831175
1780456766,131.753873
1780456766,123.448224
1780456766,130.970959
1780456766,130.995835
1780456766,124.368746
1780456766,130.734986
1780456766,123.924308
1780456766,137.213684
1780456766,120.394758
1780456766,136.132488
1780456766,135.752967
1780456766,135.809300
1780456766,124.030283
1780456766,120.807507
1780456766,122.425583
1780456766,135.625408
1780456766,122.521539
1780456766,121.411935
1780456766,126.219336
1780456766,135.397704
1780456766,125.738257
1780456766,123.048203
1780456766,129.827891
1780456766,115.056441
1780456766,123.201866
1780456766,137.677116
1780456766,136.949086
1780456766,136.147428
1780456766,137.930607
1780456766,138.249074
1780456766,127.145893
1780456766,134.154847
1780456766,126.538952
1780456766,127.081434
1780456766,128.812282
1780456766,128.990554
1780456766,130.826886
1780456766,137.190890
1780456766,130.034081
1780456766,131.158465
1780456766,130.555186
1780456766,123.529367
1780456766,135.265557
1780456766,123.688770
1780456766,126.536678
1780456766,127.793885
1780456766,121.607998
1780456766,121.364197
1780456766,128.198024
1780456766,135.985905
1780456766,135.579381
1780456766,127.823625
1780456766,125.955744
1780456766,127.662153
1780456766,127.833187
1780456766,122.192060
1780456766,135.890348
1780456766,126.557008
1780456766,121.872861
1780456766,128.047548
1780456766,126.684351
1780456766,122.584332
1780456766,128.510249
1780456766,126.421420
1780456766,122.831000
1780456766,126.946421
1780456766,126.204698
1780456766,126.797961
1780456766,120.579957
1780456766,126.459028
1780456766,121.359710
1780456766,120.933613
1780456766,120.960022
1780456766,119.655717
1780456766,127.080343
1780456766,119.458130
1780456766,128.025637
1780456766,128.673639
1780456766,128.558348
1780456766,120.173562
1780456766,134.691053
1780456766,133.792439
1780456766,135.190956
1780456766,134.223095
1780456766,136.494929
1780456766,128.434775
1780456766,136.617842
1780456766,135.470204
1780456766,120.039260
1780456766,127.327992
1780456766,133.311256
1780456766,133.691570
1780456766,122.527038
1780456766,125.315601
1780456766,135.272399
1780456766,125.246457
1780456766,128.518867
1780456766,125.433595
1780456766,133.316411
1780456766,132.815438
1780456766,124.491748
1780456766,128.629543
1780456766,120.739707
1780456766,129.215535
1780456766,129.632485
1780456766,125.193236
1780456766,127.755829
1780456766,119.694426
1780456766,129.515457
1780456766,128.302408
1780456766,124.753311
1780456766,122.739854
1780456766,119.119727
1780456766,119.618139
1780456766,119.355809
1780456766,123.460925
1780456766,124.594272
1780456766,124.843686
1780456766,142.862336
1780456766,124.180643
1780456766,135.184023
1780456766,127.725182
1780456766,124.775544
1780456766,127.983668
1780456766,136.821268
1780456766,137.507975
1780456766,129.573643
1780456766,124.535601
1780456766,132.467438
1780456766,125.266624
1780456766,141.340332
1780456766,134.274216
1780456766,122.586308
1780456766,121.057893
1780456766,128.043493
1780456766,133.953856
1780456766,122.787985
1780456766,125.038708
1780456766,130.842366
1780456766,141.261717
1780456766,132.904405
1780456766,141.174133
1780456766,134.499949
1780456766,140.990713
1780456766,125.297925
1780456766,140.509688
1780456766,119.607519
1780456766,130.825191
1780456766,135.123663
1780456766,119.887120
1780456766,120.368194
1780456766,130.342772
1780456766,141.390463
1780456766,142.202702
1780456766,141.302584
1780456766,130.577491
1780456766,141.402324
1780456766,125.001166
1780456766,121.189668
1780456766,130.892736
1780456766,118.563116
1780456766,130.737548
1780456766,127.053065
1780456766,118.733264
1780456766,136.306457
1780456766,118.879545
1780456766,133.334076
1780456766,118.489687
1780456766,129.023179
1780456766,131.325567
1780456766,141.808387
1780456766,129.187836
1780456766,125.075048
1780456766,141.976078
1780456766,142.616721
1780456766,125.223292
1780456766,122.839397
1780456766,125.349913
1780456766,135.210524
1780456766,143.468045
1780456766,158.423021
1780456766,125.331152
1780456766,161.960651
1780456766,130.072455
1780456766,152.988441
1780456766,146.506355
1780456766,132.470752
1780456766,152.219489
1780456766,131.173662
1780456766,130.226440
1780456766,162.452167
1780456766,146.605281
1780456766,159.200687
1780456766,159.264692
1780456766,146.538768
1780456766,131.798198
1780456766,156.795092
1780456766,136.149653
1780456766,136.170358
1780456766,158.594143
1780456766,169.885911
1780456766,169.040088
1780456766,136.873394
1780456766,135.811681
1780456766,167.709191
1780456766,157.899024
1780456766,165.735135
1780456766,132.287149
1780456766,168.000675
1780456766,147.502216
1780456766,131.887204
1780456766,156.547273
1780456766,131.942361
1780456766,156.549320
1780456766,130.985339
1780456766,147.813681
1780456766,130.900109
1780456766,163.984796
1780456766,164.094253
1780456766,131.240500
1780456766,126.994189
1780456766,153.079223
1780456766,125.913171
1780456766,131.377890
1780456766,150.860409
1780456766,133.437146
1780456766,149.351803
1780456766,162.767568
1780456766,150.051617
1780456766,130.324921
1780456766,154.138328
1780456766,131.050470
1780456766,126.488364
1780456766,154.445210
1780456766,130.833719
1780456766,149.927078
1780456766,127.034568
1780456766,154.904898
1780456766,152.258581
1780456766,127.155873
1780456766,150.147579
1780456766,154.454429
1780456766,154.668910
1780456766,159.429256
1780456766,152.151925
1780456766,151.705428
1780456766,151.903545
1780456766,162.017078
1780456766,159.037516
1780456766,159.397132
1780456766,152.588767
1780456766,151.371735
1780456766,149.498885
1780456766,152.401357
1780456766,151.970114
1780456766,160.722183
1780456766,155.769200
1780456766,153.213364
1780456766,155.987868
1780456766,156.070409
1780456766,156.141677
1780456766,157.741183
1780456766,160.941029
1780456766,131.241059
1780456766,131.512012
1780456766,161.319124
1780456766,162.464333
1780456766,162.453572
1780456766,151.196712
1780456766,152.827286
1780456766,133.471973
1780456766,133.626934
1780456766,161.069545
1780456766,158.896978
1780456766,133.375995
1780456766,154.928181
1780456766,130.752634
1780456766,158.523600
1780456766,129.132813
1780456766,130.900698
1780456766,132.542227
1780456766,130.196515
1780456766,130.379009
1780456766,152.484885
1780456766,152.334607
1780456766,154.742963
1780456766,130.699267
1780456766,136.163773
1780456766,135.577825
1780456766,149.333844
1780456766,130.161697
1780456766,148.488195
1780456766,130.079876
1780456766,155.033600
1780456766,154.352241
1780456766,146.637244
1780456766,154.424848
1780456766,152.855000
1780456766,130.861643
1780456766,130.943385
1780456766,129.563838
1780456766,144.947596
1780456766,152.786411
1780456766,134.349043
1780456766,132.163201
1780456766,144.419571
1780456766,132.450462
1780456766,132.142250
1780456766,131.296111
1780456766,140.447149
1780456766,132.790777
1780456766,130.686268
1780456766,139.320208
1780456766,139.257293
1780456766,133.026613
1780456766,130.857694
1780456766,137.273635
1780456766,129.963987
1780456766,137.591469
1780456766,137.252601
1780456766,134.041040
1780456766,151.621992
1780456766,149.899966
1780456766,136.363586
1780456766,134.902901
1780456766,140.906948
1780456766,141.592340
1780456766,142.008772
1780456766,142.225078
1780456766,142.300997
1780456766,144.686481
1780456766,144.437189
1780456766,141.558560
1780456766,142.337021
1780456766,142.030372
1780456766,169.393864
1780456766,169.495769
1780456766,170.161114
1780456766,133.262975
1780456766,160.956378
1780456766,133.382418
1780456766,160.824810
1780456766,169.468867
1780456766,167.611229
1780456766,164.594314
1780456766,168.811369
1780456766,168.175248
1780456766,134.046807
1780456766,157.390354
1780456766,157.243504
1780456766,174.598136
1780456766,178.690674
1780456766,154.227717
1780456766,173.931531
1780456766,159.051860
1780456766,190.194988
1780456766,191.557717
1780456766,172.086319
1780456766,188.356448
1780456766,192.999756
1780456766,189.532547
1780456766,194.655032
1780456766,187.237543
1780456766,190.085577
1780456766,165.786417
1780456766,187.888536
1780456766,189.554135
1780456766,188.408841
1780456766,191.282467
1780456766,191.632427
1780456766,191.003203
1780456766,197.942787
1780456766,198.858946
1780456766,198.222828
1780456766,198.855009
1780456766,199.322163
1780456766,199.995715
1780456766,187.439239
1780456766,190.669766
1780456766,170.783641
1780456766,168.784340
1780456766,186.090952
1780456766,169.138666
1780456766,169.735817
1780456766,186.702238
1780456766,159.243948
1780456766,188.381185
1780456766,163.819373
1780456766,189.090641
1780456766,189.884482
1780456766,190.234237
1780456766,175.532793
1780456766,190.144642
1780456766,193.280051
1780456766,192.890565
1780456766,159.158574
1780456766,153.584166
1780456766,158.472112
1780456766,168.262217
1780456766,169.714702
1780456766,171.479068
1780456766,171.888793
1780456766,173.446351
1780456766,174.788285
1780456766,175.149333
1780456766,176.777354
1780456766,179.185126
1780456766,182.083617
1780456766,180.961367
1780456766,180.927185
1780456766,182.927511
1780456766,183.230398
1780456766,184.503348
1780456766,186.089436
1780456766,198.183821
1780456766,186.472067
1780456766,204.146633
1780456766,188.458347
1780456766,168.917442
1780456766,169.119937
1780456766,204.758619
1780456766,200.045054
1780456766,161.737048
1780456766,176.062685
1780456766,178.554454
1780456766,172.707731
1780456766,169.815152
1780456766,171.320642
1780456766,203.006949
1780456766,174.603556
1780456766,180.412184
1780456766,189.874336
1780456766,175.521091
1780456766,176.620496
1780456766,195.002809
1780456766,179.293604
1780456766,181.774122
1780456766,182.133017
1780456766,181.931475
1780456766,195.255573
1780456766,195.234617
1780456766,213.285391
1780456766,214.097317
1780456766,215.072622
1780456766,193.491386
1780456766,247.726313
1780456766,245.657138
1780456766,242.454693
1780456766,218.077015
1780456766,263.280823
1780456766,247.481452
1780456766,238.037831
1780456766,222.923122
1780456766,249.791750
1780456766,224.613155
1780456766,239.295368
1780456766,274.061048
1780456766,251.790517
1780456766,251.864156
1780456766,242.640499
1780456766,254.934572
1780456766,237.223649
1780456766,226.531896
1780456766,253.072686
1780456766,226.663470
1780456766,237.914408
1780456766,238.132729
1780456766,280.019408
1780456766,256.210197
1780456766,240.683888
1780456766,244.121968
1780456766,258.326686
1780456766,231.282522
1780456766,258.398898
1780456766,247.648461
1780456766,258.658727
1780456766,231.901703
1780456766,241.678165
1780456766,259.228731
1780456766,248.936515
1780456766,243.260849
1780456766,262.326354
1780456766,283.063784
1780456766,279.235158
1780456766,257.498044
1780456766,257.725141
1780456766,271.349039
1780456766,264.290970
1780456766,264.321638
1780456766,264.407958
1780456766,273.533717
1780456766,274.116975
1780456766,274.250278
1780456766,208.740725
1780456766,259.034346
1780456766,209.075384
1780456766,267.964011
1780456766,207.691789
1780456766,268.210599
1780456766,207.945266
1780456766,260.951175
1780456766,268.636690
1780456766,275.029203
1780456766,261.491887
1780456766,207.233205
1780456766,273.786157
1780456766,210.509765
1780456766,268.075985
1780456766,277.069406
1780456766,210.977453
1780456766,277.409631
1780456766,262.612065
1780456766,272.032951
1780456766,262.865298
1780456766,260.290002
1780456766,278.213075
1780456766,261.270765
1780456766,261.773560
1780456766,281.868531
1780456766,283.791707
1780456766,279.140987
1780456766,261.709776
1780456766,280.741311
1780456766,287.152749
1780456766,262.141526
1780456766,282.389821
1780456766,262.802269
1780456766,291.233337
1780456766,263.686756
1780456766,215.208833
1780456766,283.983630
1780456766,277.133842
1780456766,294.838099
1780456766,221.521229
1780456766,298.870096
1780456766,278.388074
1780456766,225.044558
1780456766,285.489145
1780456766,279.336200
1780456766,222.156726
1780456766,271.290045
1780456766,222.786724
1780456766,288.567315
1780456766,301.915034
1780456766,304.517068
1780456766,234.625478
1780456766,288.077247
1780456766,235.273575
1780456766,290.657489
1780456766,273.457050
1780456766,306.943258
1780456766,237.003797
1780456766,283.436716
1780456766,294.430191
1780456766,240.280650
1780456766,286.225430
1780456766,296.698827
1780456766,241.196363
1780456766,241.359847
1780456766,309.126714
1780456766,278.169019
1780456766,238.064074
1780456766,242.470438
1780456766,264.701503
1780456766,269.558767
1780456766,226.800414
1780456766,276.525888
1780456766,273.945062
1780456766,275.862853
1780456766,276.455235
1780456766,279.915885
1780456766,281.965201
1780456766,255.308923
1780456766,275.353685
1780456766,277.464635
1780456766,271.875163
1780456766,282.518690
1780456766,272.198474
1780456766,284.225829
1780456766,272.463752
1780456766,272.660030
1780456766,280.680758
1780456766,229.100353
1780456766,229.224134
1780456766,291.593856
1780456766,279.541904
1780456766,294.744132
1780456766,294.999355
1780456766,280.053445
1780456766,296.141286
1780456766,284.160661
1780456766,296.076600
1780456766,284.574480
1780456766,287.577942
1780456766,287.722033
1780456766,298.288637
1780456766,298.534793
1780456766,298.834137
1780456766,299.118959
1780456766,299.351485
1780456766,281.035643
1780456766,304.068946
1780456766,295.373949
1780456766,283.518889
1780456766,301.676291
1780456766,274.551690
1780456766,282.516557
1780456766,279.909150
1780456766,303.453704
1780456766,294.802047
1780456766,276.281267
1780456766,285.361972
1780456766,276.065246
1780456766,253.001806
1780456766,274.407823
1780456766,253.230779
1780456766,280.873782
1780456766,251.343852
1780456766,282.754418
1780456766,256.448973
1780456766,282.757012
1780456766,261.860994
1780456766,283.935457
1780456766,263.426292
1780456766,278.093533
1780456766,217.453925
1780456766,284.293798
1780456766,221.704100
1780456766,234.909259
1780456766,264.194579
1780456766,278.906472
1780456766,238.558215
1780456766,235.272209
1780456766,267.402658
1780456766,285.942222
1780456766,250.467036
1780456766,279.948281
1780456766,239.242194
1780456766,270.014198
1780456766,304.544563
1780456766,256.492142
1780456766,245.533047
1780456766,256.596545
1780456766,257.106285
1780456766,270.724676
1780456766,305.319663
1780456766,272.742923
1780456766,266.789755
1780456766,273.037336
1780456766,271.394374
1780456766,273.354826
1780456766,269.796533
1780456766,273.719416
1780456766,306.582682
1780456766,279.523161
1780456766,272.334365
1780456766,272.412436
1780456766,276.445762
1780456766,272.883417
1780456766,285.699002
1780456766,273.126847
1780456766,301.667673
1780456766,280.804481
1780456766,286.258258
1780456766,303.287836
1780456766,287.135699
1780456766,287.419422
1780456766,314.896436
1780456766,289.423090
1780456766,289.898359
1780456766,319.250550
1780456766,333.147176
1780456766,333.908417
1780456766,289.589434
1780456766,334.265263
1780456766,289.948939
1780456766,290.119573
1780456766,322.351764
1780456766,323.367687
1780456766,291.007182
1780456766,291.636656
1780456766,294.503983
1780456766,324.040132
1780456766,337.876812
1780456766,295.293293
1780456766,298.247973
1780456766,337.415286
1780456766,337.682835
1780456766,299.489418
1780456766,340.245126
1780456766,299.079967
1780456766,305.178262
1780456766,322.111031
1780456766,321.770302
1780456766,342.688382
1780456766,318.992568
1780456766,309.214162
1780456766,306.370841
1780456766,326.094630
1780456766,228.100850
1780456766,224.487667
1780456766,233.704567
1780456766,242.169556
1780456766,242.332772
1780456766,242.524566
1780456766,234.155636
1780456766,229.040405
1780456766,229.156245
1780456766,250.650310
1780456766,247.838487
1780456766,251.154909
1780456766,251.550934
1780456766,251.575523
1780456766,251.859301
1780456766,251.987781
1780456766,248.819070
1780456766,249.072402
1780456766,282.807955
1780456766,290.566150
1780456766,290.591585
1780456766,290.841409
1780456766,296.110331
1780456766,296.187544
1780456766,292.140771
1780456766,292.705796
1780456766,320.903657
1780456766,324.534118
1780456766,308.579301
1780456766,321.143584
1780456766,310.208983
1780456766,326.955221
1780456766,310.136993
1780456766,327.687339
1780456766,310.252457
1780456766,310.363957
1780456766,304.422209
1780456766,305.805232
1780456766,310.586434
1780456766,311.829806
1780456766,329.022009
1780456766,306.623205
1780456766,307.148722
1780456766,253.363117
1780456766,250.610557
1780456766,315.731598
1780456766,329.722180
1780456766,331.284119
1780456766,333.780751
1780456766,308.272095
1780456766,309.642395
1780456766,334.350896
1780456766,316.559662
1780456766,338.568632
1780456766,316.157479
1780456766,317.021322
1780456766,318.476809
1780456766,307.264485
1780456766,320.511019
1780456766,325.638413
1780456766,330.351240
1780456766,317.091058
1780456766,341.265387
1780456766,308.664394
1780456766,320.493113
1780456766,320.986459
1780456766,233.058240
1780456766,308.510043
1780456766,342.008353
1780456766,344.006031
1780456766,319.817053
1780456766,326.122438
1780456766,310.168909
1780456766,321.053358
1780456766,295.311378
1780456766,344.666960
1780456766,324.585186
1780456766,325.864361
1780456766,326.703382
1780456766,326.158614
1780456766,326.468331
1780456766,311.831209
1780456766,330.917115
1780456766,331.185423
1780456766,315.240922
1780456766,347.122824
1780456766,317.236167
1780456766,317.067076
1780456766,324.546030
1780456766,317.105726
1780456766,302.791507
1780456766,198.633637
1780456766,218.939377
1780456766,218.956826
1780456766,219.126570
1780456766,219.181814
1780456766,219.185305
1780456766,230.369019
1780456766,226.894285
1780456766,230.825516
1780456766,223.422497
1780456766,223.421312
1780456766,222.334169
1780456766,230.980374
1780456766,216.283519
1780456766,215.960582
1780456766,216.216150
1780456766,216.240804
1780456766,216.061034
1780456766,216.218893
1780456766,201.236914
1780456766,199.458207
1780456766,206.280836
1780456766,206.396809
1780456766,206.154612
1780456766,206.388711
1780456766,206.701031
1780456766,210.989920
1780456766,199.663876
1780456766,203.501324
1780456766,199.994583
1780456766,203.273828
1780456766,203.471632
1780456766,203.429427
1780456766,197.300461
1780456766,197.070061
1780456766,192.967530
1780456766,207.202980
1780456766,200.656533
1780456766,201.707626
1780456766,207.232861
1780456766,207.228941
1780456766,207.172374
1780456766,207.175284
1780456766,193.867923
1780456766,202.106244
1780456766,202.186218
1780456766,202.027809
1780456766,202.519449
1780456766,192.566858
1780456766,202.656375
1780456766,217.522823
1780456766,202.793084
1780456766,202.385143
1780456766,202.628297
1780456766,193.515266
1780456766,193.519236
1780456766,193.693496
1780456766,193.772003
1780456766,193.888932
1780456766,192.943053
1780456766,192.778667
1780456766,186.346682
1780456766,192.887936
1780456766,192.970656
1780456766,183.548250
1780456766,192.896574
1780456766,194.307001
1780456766,193.145032
1780456766,184.283518
1780456766,194.721492
1780456766,194.661822
1780456766,193.348089
1780456766,194.964620
1780456766,194.393152
1780456766,194.504035
1780456766,194.011533
1780456766,193.584656
1780456766,194.843530
1780456766,195.009039
1780456766,195.000667
1780456766,195.152253
1780456766,198.968793
1780456766,195.256085
1780456766,199.214458
1780456766,199.366495
1780456766,199.773055
1780456766,202.325026
1780456766,202.432459
1780456766,203.906053
1780456766,203.762484
1780456766,203.774360
1780456766,147.780177
1780456766,204.066843
1780456766,284.754348
1780456766,204.239196
1780456766,313.769150
1780456766,208.645649
1780456766,266.690325
1780456766,208.756737
1780456766,112.765726
1780456766,111.272429
1780456766,208.755462
1780456766,187.838187
1780456766,112.182316
1780456766,191.030694
1780456766,111.636176
1780456766,111.955718
1780456766,193.149962
1780456766,112.678139
1780456766,193.232955
1780456766,112.732990
1780456766,193.312704
1780456766,113.008093
1780456766,193.969644
1780456766,113.266057
1780456766,193.925428
1780456766,112.514150
1780456766,113.933207
1780456766,193.271127
1780456766,194.047898
1780456766,113.816272
1780456766,153.647721
1780456766,206.110433
1780456766,114.774603
1780456766,194.251467
1780456766,114.652904
1780456766,194.366891
1780456766,115.183350
1780456766,160.676024
1780456766,115.948219
1780456766,206.527063
1780456766,115.531432
1780456766,193.929109
1780456766,114.586109
1780456766,194.674431
1780456766,304.210081
1780456766,206.709522
1780456766,318.546085
1780456766,277.794803
1780456766,200.588970
1780456766,200.948304
1780456766,184.137899
1780456766,200.533817
1780456766,165.987686
1780456766,206.939594
1780456766,198.008678
1780456766,203.246773
1780456766,197.921292
1780456766,166.889984
1780456766,203.261276
1780456766,169.010616
1780456766,207.146049
1780456766,185.357228
1780456766,203.493293
1780456766,198.277500
1780456766,198.486954
1780456766,188.838798
1780456766,203.520432
1780456766,181.784827
1780456766,203.715184
1780456766,198.411498
1780456766,191.521792
1780456766,198.529225
1780456766,194.516472
1780456766,198.276623
1780456766,198.613713
1780456766,198.268926
1780456766,151.397890
1780456766,194.294876
1780456766,169.797178
1780456766,207.580960
1780456766,169.423115
1780456766,220.645812
1780456766,161.006493
1780456766,198.521291
1780456766,160.841069
1780456766,198.714239
1780456766,182.351885
1780456766,207.654694
1780456766,178.552747
1780456766,214.506587
1780456766,171.635484
1780456766,208.629880
1780456766,186.641665
1780456766,215.446389
1780456766,170.129783
1780456766,215.366329
1780456766,186.494971
1780456766,215.299256
1780456766,177.891850
1780456766,215.457673
1780456766,173.221923
1780456766,173.613034
1780456766,189.130957
1780456766,185.493050
1780456766,196.660882
1780456766,172.846805
1780456766,196.904645
1780456766,184.895985
1780456766,196.787825
1780456766,182.931684
1780456766,167.510630
1780456766,188.353992
1780456766,192.224474
1780456766,169.176421
1780456766,192.941784
1780456766,162.778048
1780456766,178.587723
1780456766,169.069593
1780456766,188.855210
1780456766,194.166160
1780456766,172.921853
1780456766,187.939070
1780456766,189.142493
1780456766,189.897081
1780456766,194.336180
1780456766,169.621136
1780456766,194.327535
1780456766,162.663874
1780456766,195.130314
1780456766,163.933785
1780456766,195.289982
1780456766,170.082608
1780456766,169.804161
1780456766,195.901174
1780456766,199.750655
1780456766,195.982076
1780456766,197.156841
1780456766,201.913899
1780456766,202.353695
1780456766,183.998617
1780456766,202.562981
1780456766,140.257255
1780456766,202.511125
1780456766,139.031690
1780456766,202.496133
1780456766,126.255100
1780456766,204.647029
1780456766,140.048871
1780456766,204.727662
1780456766,140.700151
1780456766,206.715525
1780456766,143.430446
1780456766,199.762589
1780456766,140.986402
1780456766,170.917528
1780456766,144.263069
1780456766,167.139441
1780456766,131.514530
1780456766,164.613193
1780456766,118.487881
1780456766,141.479286
1780456766,118.835246
1780456766,141.879331
1780456766,118.985736
1780456766,161.798055
1780456766,156.306832
1780456766,142.472570
1780456766,119.479429
1780456766,142.312414
1780456766,120.207585
1780456766,133.192327
1780456766,143.308514
1780456766,143.516072
1780456766,143.893839
1780456766,142.183897
1780456766,142.548260
1780456766,120.971786
1780456766,143.156460
1780456766,122.556497
1780456766,143.367955
1780456766,123.382291
1780456766,141.925460
1780456766,119.840768
1780456766,151.845051
1780456766,123.743490
1780456766,168.100114
1780456766,120.596092
1780456766,144.009909
1780456766,124.601614
1780456766,171.255378
1780456766,121.093350
1780456766,144.597787
1780456766,124.158315
1780456766,169.922677
1780456766,121.770991
1780456766,145.075953
1780456766,121.626779
1780456766,134.584724
1780456766,154.477616
1780456766,124.528546
1780456766,135.532141
1780456766,125.033543
1780456766,170.661302
1780456766,122.103968
1780456766,171.593622
1780456766,122.393970
1780456766,131.710341
1780456766,125.858587
1780456766,168.123854
1780456766,122.369315
1780456766,133.005261
1780456766,126.894270
1780456766,145.868845
1780456766,123.628129
1780456766,135.127366
1780456766,158.087337
1780456766,146.276144
1780456766,127.488530
1780456766,170.396990
1780456766,158.339796
1780456766,153.900122
1780456766,162.626545
1780456766,171.546839
1780456766,170.095043
1780456766,161.630224
1780456766,156.324386
1780456766,129.014093
1780456766,128.879624
1780456766,154.577012
1780456766,131.373964
1780456766,130.675059
1780456766,163.164446
1780456766,146.826742
1780456766,163.257365
1780456766,156.644303
1780456766,129.474116
1780456766,170.978633
1780456766,131.684215
1780456766,170.652503
1780456766,132.896858
1780456766,187.093985
1780456766,131.934539
1780456766,172.132135
1780456766,125.867550
1780456766,183.770018
1780456766,133.351886
1780456766,183.637721
1780456766,126.257062
1780456766,165.962535
1780456766,172.699317
1780456766,172.226778
1780456766,127.316555
1780456766,125.184803
1780456766,190.715618
1780456766,134.621773
1780456766,147.490497
1780456766,127.605763
1780456766,170.772656
1780456766,163.903166
1780456766,155.352161
1780456766,127.913390
1780456766,172.063890
1780456766,132.994100
1780456766,155.952887
1780456766,128.120270
1780456766,156.282767
1780456766,128.983020
1780456766,171.432874
1780456766,156.498387
1780456766,135.571748
1780456766,162.294172
1780456766,131.190729
1780456766,158.803838
1780456766,164.212483
1780456766,187.029610
1780456766,129.443591
1780456766,133.431074
1780456766,186.868744
1780456766,186.276451
1780456766,165.622396
1780456766,138.372358
1780456766,135.084458
1780456766,163.455422
1780456766,163.848679
1780456766,165.367139
1780456766,120.777005
1780456766,164.958811
1780456766,120.249627
1780456766,134.603509
1780456766,165.552898
1780456766,170.585180
1780456766,165.119785
1780456766,166.470617
1780456766,126.832459
1780456766,172.076832
1780456766,136.052074
1780456766,163.354871
1780456766,131.932935
1780456766,175.873760
1780456766,137.375533
1780456766,132.172178
1780456766,135.958139
1780456766,137.722714
1780456766,164.311894
1780456766,132.475484
1780456766,172.968124
1780456766,137.250467
1780456766,139.605058
1780456766,167.767184
1780456766,142.136130
1780456766,127.657317
1780456766,139.487282
1780456766,136.081307
1780456766,129.637131
1780456766,131.004447
1780456766,142.589091
1780456766,139.204397
1780456766,141.106557
1780456766,128.045969
1780456766,141.439311
1780456766,133.427007
1780456766,130.069771
1780456766,138.878065
1780456766,143.023891
1780456766,131.471304
1780456766,141.863276
1780456766,138.312174
1780456766,143.447511
1780456766,131.383107
1780456766,129.570576
1780456766,128.544468
1780456766,142.284217
1780456766,137.406814
1780456766,135.696008
1780456766,131.977308
1780456766,138.777275
1780456766,157.782871
1780456766,141.186554
1780456766,158.106500
1780456766,157.937517
1780456766,133.957717
1780456766,139.029410
1780456766,155.720000
1780456766,115.075908
1780456766,158.110214
1780456766,115.794334
1780456766,159.229718
1780456766,115.465044
1780456766,117.494506
1780456766,158.773153
1780456766,159.450796
1780456766,109.429565
1780456766,102.856914
1780456766,103.723599
1780456766,104.302941
1780456766,104.738168
1780456766,109.133385
1780456766,111.064118
1780456766,112.213777
1780456766,106.166332
1780456766,110.228816
1780456766,112.697576
1780456766,112.699910
1780456766,106.247622
1780456766,107.680145
1780456766,105.794634
1780456766,108.312801
1780456766,113.384779
1780456766,111.481626
1780456766,108.498870
1780456766,107.311643
1780456766,154.941538
1780456766,108.756219
1780456766,107.147187
1780456766,112.191378
1780456766,109.142476
1780456766,108.329722
1780456766,114.395796
1780456766,109.220083
1780456766,109.524624
1780456766,114.008982
1780456766,111.317267
1780456766,110.301606
1780456766,114.332394
1780456766,110.427745
1780456766,108.038609
1780456766,112.884726
1780456766,154.967510
1780456766,156.694726
1780456766,110.097081
1780456766,111.738467
1780456766,107.496427
1780456766,158.318158
1780456766,115.594026
1780456766,156.444517
1780456766,112.007522
1780456766,112.625928
1780456766,159.009816
1780456766,112.288270
1780456766,155.625070
1780456766,108.219552
1780456766,158.344451
1780456766,158.429560
1780456766,117.996810
1780456766,116.978479
1780456766,113.051897
1780456766,113.409305
1780456766,113.835473
1780456766,113.779458
1780456766,157.242365
1780456766,117.536717
1780456766,157.178121
1780456766,157.933753
1780456766,157.766261
1780456766,117.217403
1780456766,159.360977
1780456766,118.799957
1780456766,161.418632
1780456766,119.157451
1780456766,119.882104
1780456766,118.769212
1780456766,161.717195
1780456766,116.186161
1780456766,156.344384
1780456766,119.575216
1780456766,159.896166
1780456766,115.167428
1780456766,117.109291
1780456766,106.500656
1780456766,105.809952
1780456766,107.322784
1780456766,106.322559
1780456766,104.944132
1780456766,107.943007
1780456766,107.766073
1780456766,105.286378
1780456766,105.610237
1780456766,106.906234
1780456766,107.357767
1780456766,105.931468
1780456766,111.775161
1780456766,105.636293
1780456766,105.124984
1780456766,106.377606
1780456766,104.447467
1780456766,105.510185
1780456766,105.045702
1780456766,104.989878
1780456766,104.890864
1780456766,109.365373
1780456766,109.165190
1780456766,107.951963
1780456766,132.797284
1780456766,103.048558
1780456766,133.837854
1780456766,104.084125
1780456766,108.300088
1780456766,137.718074
1780456766,107.257743
1780456766,109.904962
1780456766,108.257039
1780456766,136.999484
1780456766,106.407336
1780456766,135.285635
1780456766,106.089297
1780456766,105.916226
1780456766,107.824221
1780456766,161.805493
1780456766,108.685959
1780456766,106.649480
1780456766,163.940975
1780456766,141.985851
1780456766,142.688220
1780456766,141.953002
1780456766,112.823259
1780456766,115.137981
1780456766,112.319007
1780456766,107.355331
1780456766,114.532489
1780456766,165.006137
1780456766,110.470809
1780456766,110.121411
1780456766,107.984574
1780456766,116.015991
1780456766,109.458508
1780456766,115.013984
1780456766,112.178053
1780456766,114.927790
1780456766,166.312573
1780456766,142.579336
1780456766,143.403710
1780456766,111.023217
1780456766,142.560217
1780456766,143.916922
1780456766,110.952650
1780456766,110.388770
1780456766,112.948908
1780456766,112.802984
1780456766,114.251690
1780456766,111.244431
1780456766,166.838462
1780456766,110.518794
1780456766,113.097528
1780456766,113.198215
1780456766,109.702793
1780456766,167.503071
1780456766,144.096071
1780456766,113.089246
1780456766,112.875034
1780456766,112.637585
1780456766,112.103631
1780456766,111.975012
1780456766,111.908699
1780456766,111.523330
1780456766,116.731002
1780456766,115.981482
1780456766,146.960445
1780456766,109.447184
1780456766,121.328434
1780456766,109.420708
1780456766,119.948817
1780456766,149.843996
1780456766,120.603900
1780456766,106.936461
1780456766,106.823678
1780456766,109.554883
1780456766,148.568668
1780456766,108.658464
1780456766,202.166727
1780456766,108.392977
1780456766,108.855161
1780456766,109.581775
1780456766,106.305017
1780456766,121.910873
1780456766,148.275060
1780456766,106.385205
1780456766,151.108791
1780456766,109.109885
1780456766,111.881643
1780456766,108.571136
1780456766,150.646931
1780456766,210.449905
1780456766,207.789081
1780456766,117.903639
1780456766,113.209688
1780456766,113.332684
1780456766,147.071251
1780456766,146.792209
1780456766,104.602204
1780456766,113.526629
1780456766,210.159677
1780456766,104.914716
1780456766,211.818053
1780456766,152.525027
1780456766,148.215339
1780456766,108.800469
1780456766,147.741633
1780456766,110.667606
1780456766,114.078731
1780456766,211.127758
1780456766,113.710038
1780456766,152.686560
1780456766,152.105213
1780456766,109.293635
1780456766,151.568913
1780456766,150.298655
1780456766,151.394226
1780456766,103.851755
1780456766,105.880377
1780456766,109.551499
1780456766,152.373886
1780456766,211.713607
1780456766,139.957208
1780456766,152.715411
1780456766,150.392137
1780456766,148.990764
1780456766,152.585688
1780456766,109.896918
1780456766,118.593590
1780456766,118.543052
1780456766,118.548127
1780456766,118.390029
1780456766,106.269808
1780456766,153.141979
1780456766,112.069268
1780456766,110.368698
1780456766,118.898017
1780456766,218.661120
1780456766,151.227060
1780456766,219.151125
1780456766,115.440992
1780456766,117.969340
1780456766,110.224558
1780456766,118.560456
1780456766,115.830607
1780456766,115.575819
1780456766,152.040852
1780456766,217.277607
1780456766,156.675884
1780456766,115.865746
1780456766,156.630969
1780456766,111.213696
1780456766,156.330703
1780456766,113.463707
1780456766,221.794171
1780456766,214.264111
1780456766,153.934738
1780456766,123.929902
1780456766,119.530565
1780456766,106.041586
1780456766,124.454986
1780456766,103.262383
1780456766,222.832402
1780456766,105.694052
1780456766,116.576764
1780456766,162.174904
1780456766,116.491739
1780456766,109.807874
1780456766,124.851391
1780456766,116.048131
1780456766,132.669715
1780456766,158.850781
1780456766,156.403784
1780456766,131.163404
1780456766,114.192380
1780456766,131.758266
1780456766,111.602483
1780456766,125.270904
1780456766,155.903050
1780456766,220.346233
1780456766,223.801365
1780456766,220.100582
1780456766,124.969538
1780456766,113.507103
1780456766,220.542097
1780456766,113.014438
1780456766,221.863904
1780456766,106.787555
1780456766,224.731257
1780456766,157.931305
1780456766,219.446724
1780456766,118.086512
1780456766,163.328724
1780456766,106.129753
1780456766,165.828140
1780456766,163.253311
1780456766,104.027612
1780456766,121.260818
1780456766,112.225927
1780456766,111.140225
1780456766,110.604225
1780456766,110.515215
1780456766,163.546712
1780456766,157.766875
1780456766,109.933194
1780456766,115.667819
1780456766,115.397571
1780456766,106.532447
1780456766,114.751766
1780456766,106.928087
1780456766,106.069469
1780456766,220.852368
1780456766,110.836570
1780456766,102.991482
1780456766,111.046573
1780456766,110.991805
1780456766,111.358708
1780456766,110.797444
1780456766,103.623698
1780456766,107.821386
1780456766,109.202698
1780456766,109.010480
1780456766,221.969711
1780456766,153.134035
1780456766,104.727607
1780456766,104.502782
1780456766,127.272325
1780456766,169.205207
1780456766,168.485619
1780456766,104.890480
1780456766,111.271358
1780456766,118.305844
1780456766,117.963041
1780456766,118.823290
1780456766,112.644085
1780456766,115.627410
1780456766,113.859300
1780456766,117.618362
1780456766,109.303337
1780456766,105.115463
1780456766,112.410722
1780456766,110.925926
1780456766,169.886042
1780456766,110.027149
1780456766,111.887804
1780456766,113.514811
1780456766,106.592813
1780456766,108.423571
1780456766,224.084211
1780456766,225.389286
1780456766,224.083056
1780456766,224.021363
1780456766,222.249094
1780456766,108.275845
1780456766,108.047115
1780456766,107.679121
1780456766,116.821654
1780456766,108.807978
1780456766,116.582288
1780456766,222.875796
1780456766,115.963891
1780456766,223.174888
1780456766,112.350929
1780456766,112.987304
1780456766,113.506431
1780456766,131.023933
1780456766,116.522076
1780456766,112.694219
1780456766,115.375084
1780456766,107.877688
1780456766,116.015116
1780456766,102.689642
1780456766,173.010858
1780456766,131.423777
1780456766,170.677841
1780456766,170.519719
1780456766,126.704790
1780456766,167.436795
1780456766,170.277864
1780456766,125.526685
1780456766,103.380778
1780456766,116.072714
1780456766,115.581580
1780456766,109.772763
1780456766,224.774270
1780456766,225.149663
1780456766,124.299856
1780456766,171.972010
1780456766,228.193814
1780456766,103.805031
1780456766,102.843119
1780456766,103.858407
1780456766,102.855469
1780456766,102.671063
1780456766,171.864916
1780456766,127.187876
1780456766,124.081278
1780456766,128.353333
1780456766,161.459526
1780456766,171.335749
1780456766,105.310230
1780456766,104.436621
1780456766,103.000657
1780456766,102.904623
1780456766,170.264935
1780456766,127.084097
1780456766,124.819216
1780456766,123.738734
1780456766,125.906707
1780456766,124.763974
1780456766,126.710890
1780456766,125.948340
1780456766,125.615688
1780456766,123.265809
1780456766,105.092354
1780456766,122.773294
1780456766,124.743107
1780456766,104.282380
1780456766,117.884619
1780456766,124.445798
1780456766,124.886112
1780456766,105.942121
1780456766,117.482674
1780456766,126.331751
1780456766,105.744332
1780456766,124.729843
1780456766,126.250744
1780456766,124.929106
1780456766,117.742724
1780456766,124.644854
1780456766,126.386227
1780456766,121.668082
1780456766,234.212674
1780456766,105.566590
1780456766,106.488896
1780456766,126.577796
1780456766,119.003780
1780456766,102.606529
1780456766,126.472903
1780456766,106.490223
1780456766,164.046406
1780456766,121.075824
1780456766,162.776415
1780456766,106.460992
1780456766,235.304738
1780456766,119.506583
1780456766,106.863303
1780456766,119.199874
1780456766,106.530824
1780456766,106.124632
1780456766,164.424186
1780456766,234.659985
1780456766,118.194080
1780456766,236.414984
1780456766,163.260879
1780456766,166.425675
1780456766,121.352660
1780456766,165.331619
1780456766,120.902528
1780456766,121.345776
1780456766,166.803771
1780456766,106.012909
1780456766,237.120676
1780456766,237.170954
1780456766,106.167317
1780456766,159.845012
1780456766,120.875181
1780456766,121.477000
1780456766,105.366571
1780456766,165.706688
1780456766,235.862690
1780456766,105.862917
1780456766,121.133131
1780456766,104.694824
1780456766,105.469160
1780456766,160.324957
1780456766,119.414671
1780456766,169.549335
1780456766,169.403100
1780456766,165.392291
1780456766,165.651159
1780456766,104.670611
1780456766,109.339635
1780456766,112.227975
1780456766,167.606790
1780456766,169.158389
1780456766,159.214660
1780456766,106.130249
1780456766,165.757877
1780456766,108.865203
1780456766,165.527846
1780456766,104.232679
1780456766,162.797616
1780456766,168.493025
1780456766,160.918531
1780456766,167.975705
1780456766,162.097475
1780456766,167.941063
1780456766,162.421478
1780456766,104.732622
1780456766,162.368932
1780456766,104.669337
1780456766,162.411512
1780456766,166.439566
1780456766,161.865028
1780456766,104.910381
1780456766,165.429712
1780456766,106.067110
1780456766,137.572361
1780456766,132.164032
1780456766,104.594223
1780456766,102.579279
1780456766,131.661317
1780456766,138.603373
1780456766,109.146125
1780456766,108.730716
1780456766,107.660717
1780456766,119.358280
1780456766,108.334543
1780456766,118.047089
1780456766,107.997801
1780456766,108.115770
1780456766,106.285011
1780456766,107.206177
1780456766,138.685176
1780456766,109.707369
1780456766,133.538737
1780456766,108.360859
1780456766,109.179320
1780456766,109.833928
1780456766,102.838271
1780456766,109.838034
1780456766,111.072767
1780456766,112.956073
1780456766,172.911261
1780456766,115.186644
1780456766,172.375543
1780456766,110.224061
1780456766,154.368191
1780456766,111.732842
1780456766,143.444566
1780456766,144.059774
1780456766,112.901169
1780456766,142.073154
1780456766,114.355065
1780456766,113.179036
1780456766,144.162547
1780456766,145.634442
1780456766,114.349424
1780456766,114.493387
1780456766,124.810156
1780456766,114.284155
1780456766,127.390358
1780456766,114.171086
1780456766,127.119220
1780456766,146.097498
1780456766,175.511318
1780456766,145.353637
1780456766,145.110049
1780456766,117.168282
1780456766,117.578866
1780456766,116.589317
1780456766,176.606574
1780456766,176.191439
1780456766,146.020293
1780456766,176.450045
1780456766,145.576096
1780456766,176.926032
1780456766,118.943182
1780456766,119.040034
1780456766,118.639559
1780456766,118.427702
1780456766,118.401449
1780456766,118.496317
1780456766,118.775434
1780456766,118.736341
1780456766,118.629545
1780456766,119.226238
1780456766,119.045910
1780456766,134.807102
1780456766,119.205169
1780456766,132.407657
1780456766,133.541849
1780456766,103.103603
1780456766,231.303005
1780456766,232.078235
1780456766,232.110937
1780456766,102.323814
1780456766,232.263249
1780456766,102.919175
1780456766,102.562756
1780456766,232.332482
1780456766,232.522104
1780456766,102.817905
1780456766,233.213650
1780456766,103.321436
1780456766,103.746597
1780456766,103.549542
1780456766,103.313473
1780456766,102.981857
1780456766,102.825926
1780456766,103.401005
1780456766,103.364943
1780456766,104.717529
1780456766,103.660391
1780456766,104.513927
1780456766,103.105393
1780456766,103.145821
1780456766,103.246928
1780456766,230.746839
1780456766,103.593201
1780456766,104.012576
1780456766,104.028508
1780456766,233.688914
1780456766,234.974824
1780456766,105.351706
1780456766,235.891628
1780456766,235.778077
1780456766,105.490441
1780456766,112.873295
1780456766,113.856303
1780456766,112.823456
1780456766,113.348817
1780456766,114.170454
1780456766,114.154944
1780456766,242.033533
1780456766,237.526383
1780456766,243.129769
1780456766,115.624636
1780456766,115.724615
1780456766,115.830459
1780456766,116.081399
1780456766,245.963256
1780456766,245.855308
1780456766,246.552675
1780456766,245.474796
1780456766,245.242109
1780456766,116.214259
1780456766,245.831848
1780456766,245.964516
1780456766,245.654867
1780456766,113.740338
1780456766,115.973709
1780456766,244.145183
1780456766,116.462187
1780456766,116.693207
1780456766,118.652322
1780456766,246.684818
1780456766,118.654318
1780456766,246.654213
1780456766,118.569675
1780456766,117.564357
1780456766,241.658826
1780456766,253.992060
1780456766,253.029201
1780456766,253.690069
1780456766,124.530341
1780456766,252.897695
1780456766,126.375838
1780456766,254.704547
1780456766,254.342187
1780456766,126.167321
1780456766,252.829083
1780456766,254.101810
1780456766,123.791350
1780456766,255.604384
1780456766,250.101628
1780456766,124.840542
1780456766,250.232061
1780456766,249.884615
1780456766,125.083810
1780456766,253.364764
1780456766,123.147426
1780456766,123.399760
1780456766,123.269369
1780456766,123.391761
1780456766,122.978194
1780456766,123.174514
1780456766,123.605369
1780456766,123.717945
1780456766,123.993122
1780456766,249.250295
1780456766,247.255612
1780456766,124.107149
1780456766,123.973566
1780456766,124.546891
1780456766,124.881280
1780456766,125.427583
1780456766,116.314703
1780456766,106.959140
1780456766,107.085825
1780456766,107.259042
1780456766,105.836372
1780456766,107.226626
1780456766,106.040622
1780456766,107.846156
1780456766,105.932487
1780456766,109.291660
1780456766,109.130154
1780456766,121.776005
1780456766,110.620080
1780456766,133.639119
1780456766,135.994845
1780456766,262.877135
1780456766,261.332908
1780456766,134.265758
1780456766,135.100534
1780456766,134.565482
1780456766,134.472964
1780456766,134.679868
1780456766,134.248621
1780456766,111.303631
1780456766,111.520984
1780456766,111.494232
1780456766,113.036837
1780456766,111.789326
1780456766,135.882355
1780456766,113.017147
1780456766,111.702721
1780456766,134.150893
1780456766,111.809645
1780456766,134.265533
1780456766,111.599048
1780456766,134.381191
1780456766,138.434541
1780456766,267.604482
1780456766,138.408065
1780456766,138.394199
1780456766,139.591725
1780456766,139.577952
1780456766,262.556401
1780456766,118.257785
1780456766,116.311889
1780456766,138.283721
1780456766,117.554385
1780456766,138.385744
1780456766,114.731653
1780456766,116.078894
1780456766,262.402392
1780456766,138.570895
1780456766,116.092253
1780456766,116.259248
1780456766,138.812416
1780456766,116.484754
1780456766,262.679385
1780456766,116.481303
1780456766,138.468600
1780456766,114.690327
1780456766,127.416729
1780456766,116.628820
1780456766,114.834516
1780456766,107.094791
1780456766,110.929196
1780456766,106.162341
1780456766,111.851896
1780456766,108.899650
1780456766,110.364767
1780456766,109.889949
1780456766,110.999413
1780456766,110.974982
1780456766,111.536728
1780456766,109.784863
1780456766,110.877402
1780456766,109.632382
1780456766,118.229484
1780456766,114.108154
1780456766,113.110976
1780456766,109.299754
1780456766,111.243101
1780456766,114.027091
1780456766,106.258477
1780456766,110.063983
1780456766,110.787358
1780456766,109.917709
1780456766,111.913523
1780456766,104.609447
1780456766,112.814622
1780456766,112.605503
1780456766,113.399955
1780456766,114.552291
1780456766,109.395009
1780456766,117.120851
1780456766,110.193135
1780456766,117.579908
1780456766,109.599953
1780456766,108.428756
1780456766,118.751922
1780456766,118.860187
1780456766,117.007040
1780456766,106.257781
1780456766,110.585808
1780456766,118.165018
1780456766,116.320736
1780456766,109.799965
1780456766,116.641058
1780456766,110.708267
1780456766,116.719669
1780456766,118.114529
1780456766,116.837614
1780456766,113.421945
1780456766,116.977672
1780456766,107.006525
1780456766,110.743889
1780456766,113.343827
1780456766,113.974286
1780456766,113.748407
1780456766,120.265158
1780456766,120.617427
1780456766,118.049428
1780456766,110.388999
1780456766,108.554939
1780456766,112.428932
1780456766,112.447308
1780456766,102.676250
1780456766,105.216383
1780456766,105.301896
1780456766,105.276598
1780456766,105.378421
1780456766,117.788559
1780456766,106.530099
1780456766,114.780645
1780456766,106.596118
1780456766,115.443205
1780456766,120.963336
1780456766,109.355764
1780456766,114.605838
1780456766,117.018332
1780456766,112.972925
1780456766,106.890750
1780456766,122.313058
1780456766,114.375676
1780456766,124.262806
1780456766,115.043469
1780456766,121.104814
1780456766,105.162846
1780456766,106.819488
1780456766,103.271810
1780456766,106.223288
1780456766,107.668821
1780456766,107.984013
1780456766,107.288738
1780456766,108.100819
1780456766,109.448175
1780456766,109.568564
1780456766,108.395659
1780456766,108.440862
1780456766,108.434061
1780456766,108.401696
1780456766,104.682129
1780456766,109.069467
1780456766,109.096691
1780456766,109.293893
1780456766,108.884732
1780456766,106.635385
1780456766,110.776591
1780456766,110.754729
1780456766,110.759802
1780456766,109.761897
1780456766,133.394668
1780456766,132.135785
1780456766,131.805875
1780456766,107.305114
1780456766,128.748327
1780456766,131.253289
1780456766,129.960118
1780456766,114.565092
1780456766,135.247091
1780456766,111.485859
1780456766,110.842584
1780456766,111.111361
1780456766,105.649162
1780456766,107.165240
1780456766,107.517264
1780456766,104.429607
1780456766,111.123845
1780456766,110.656339
1780456766,111.414834
1780456766,106.208157
1780456766,107.623302
1780456766,109.986665
1780456766,104.880223
1780456766,108.911572
1780456766,110.339956
1780456766,105.314477
1780456766,104.054738
1780456766,103.655035
1780456766,102.626728
1780456766,115.492193
1780456766,110.195117
1780456766,106.962431
1780456766,111.659110
1780456766,110.182092
1780456766,114.818750
1780456766,103.940835
1780456766,114.971532
1780456766,115.345117
1780456766,110.629917
1780456766,115.031391
1780456766,130.948189
1780456766,115.317027
1780456766,111.833181
1780456766,114.870068
1780456766,111.830339
1780456766,112.994068
1780456766,113.578183
1780456766,108.039249
1780456766,114.710343
1780456766,108.727583
1780456766,115.016538
1780456766,111.327335
1780456766,111.484350
1780456766,110.436184
1780456766,111.966529
1780456766,110.791729
1780456766,115.461981
1780456766,111.897005
1780456766,106.016192
1780456766,112.113265
1780456766,111.550446
1780456766,111.417980
1780456766,112.733300
1780456766,116.649813
1780456766,112.414028
1780456766,105.269667
1780456766,115.586408
1780456766,112.710524
1780456766,112.956730
1780456766,116.109981
1780456766,116.376991
1780456766,112.590460
1780456766,116.296490
1780456766,103.616388
1780456766,103.789846
1780456766,113.445667
1780456766,102.981071
1780456766,112.626729
1780456766,112.794525
1780456766,112.671814
1780456766,112.728691
1780456766,112.311027
1780456766,103.945781
1780456766,112.154711
1780456766,103.113393
1780456766,103.215844
1780456766,103.386888
1780456766,101.877101
1780456766,113.253793
1780456766,112.241740
1780456766,112.292220
1780456766,103.572297
1780456766,112.772896
1780456766,112.498837
1780456766,112.076574
1780456766,103.455709
1780456766,103.384523
1780456766,111.620296
1780456766,112.639897
1780456766,103.784185
1780456766,112.176409
1780456766,103.019165
1780456766,112.804033
1780456766,112.297238
1780456766,112.295157
1780456766,111.641620
1780456766,112.540459
1780456766,112.508738
1780456766,103.589570
1780456766,111.220163
1780456766,112.600936
1780456766,103.349143
1780456766,111.144892
1780456766,103.962959
1780456766,104.124331
1780456766,103.304655
1780456766,112.826675
1780456766,110.345842
1780456766,107.951395
1780456766,113.147956
1780456766,102.317015
1780456766,108.511796
1780456766,104.766926
1780456766,104.825764
1780456766,105.277439
1780456766,105.333449
1780456766,108.518259
1780456766,114.359073
1780456766,107.703322
1780456766,113.670703
1780456766,113.576975
1780456766,106.240797
1780456766,113.442513
1780456766,113.282859
1780456766,106.280634
1780456766,113.046678
1780456766,113.120990
1780456766,106.768808
1780456766,113.134812
1780456766,106.150799
1780456766,113.128953
1780456766,106.799080
1780456766,106.862808
1780456766,107.066657
1780456766,107.046163
1780456766,110.673085
1780456766,107.553569
1780456766,110.703978
1780456766,107.727869
1780456766,110.523023
1780456766,107.999066
1780456766,109.548739
1780456766,109.663054
1780456766,108.297387
1780456766,108.029071
1780456766,108.113644
1780456766,108.636941
1780456766,111.241257
1780456766,108.135059
1780456766,108.491824
1780456766,108.789016
1780456766,108.758206
1780456766,108.431262
1780456766,108.217246
1780456766,108.961521
1780456766,105.348338
1780456766,108.310859
1780456766,108.991216
1780456766,108.826587
1780456766,109.156193
1780456766,105.575527
1780456766,109.429109
1780456766,108.644635
1780456766,107.489145
1780456766,105.873429
1780456766,109.876625
1780456766,109.506436
1780456766,106.249944
1780456766,106.392752
1780456766,108.118614
1780456766,108.198497
1780456766,110.383695
1780456766,106.482497
1780456766,108.232840
1780456766,105.960859
1780456766,106.792234
1780456766,109.607722
1780456766,105.885543
1780456766,105.971947
1780456766,108.518312
1780456766,109.777328
1780456766,107.349290
1780456766,107.745523
1780456766,107.490071
1780456766,110.894988
1780456766,110.767145
1780456766,111.145405
1780456766,110.997397
1780456766,107.659662
1780456766,111.771288
1780456766,107.593424
1780456766,111.535387
1780456766,111.461583
1780456766,111.517984
1780456766,107.798115
1780456766,111.963599
1780456766,108.030600
1780456766,112.924456
1780456766,106.813089
1780456766,108.195905
1780456766,109.001447
1780456766,110.791109
1780456766,111.134694
1780456766,108.654869
1780456766,107.058056
1780456766,112.602700
1780456766,111.292176
1780456766,107.257145
1780456766,109.527554
1780456766,108.777797
1780456766,111.471253
1780456766,113.457286
1780456766,113.393297
1780456766,113.286910
1780456766,111.812282
1780456766,109.381972
1780456766,107.763644
1780456766,112.077453
1780456766,110.467350
1780456766,107.638906
1780456766,108.149609
1780456766,108.201811
1780456766,108.484409
1780456766,107.677419
1780456766,110.647968
1780456766,107.934009
1780456766,109.983374
1780456766,111.486664
1780456766,109.732319
1780456766,108.611004
1780456766,108.527097
1780456766,111.719954
1780456766,113.847911
1780456766,108.523078
1780456766,108.711472
1780456766,110.523540
1780456766,111.331169
1780456766,109.102682
1780456766,109.242630
1780456766,111.809815
1780456766,109.422714
1780456766,109.612527
1780456766,115.802024
1780456766,115.876597
1780456766,115.328507
1780456766,116.227117
1780456766,116.154666
1780456766,118.004056
1780456766,118.933058
1780456766,118.030130
1780456766,118.010942
1780456766,118.322200
1780456766,116.239688
1780456766,118.525031
1780456766,118.368261
1780456766,119.268322
1780456766,116.157457
1780456766,116.250719
1780456766,115.942521
1780456766,116.883967
1780456766,116.911164
1780456766,119.708758
1780456766,119.689979
1780456766,116.912659
1780456766,119.048351
1780456766,116.090579
1780456766,116.539524
1780456766,117.534077
1780456766,117.625410
1780456766,116.659328
1780456766,117.712635
1780456766,118.023467
1780456766,116.802088
1780456766,116.425602
1780456766,120.643218
1780456766,117.146191
1780456766,116.645511
1780456766,117.615089
1780456766,115.222753
1780456766,118.121983
1780456766,118.460230
1780456766,116.606896
1780456766,117.726107
1780456766,117.737767
1780456766,118.451365
1780456766,117.956826
1780456766,115.671812
1780456766,116.388381
1780456766,117.995932
1780456766,118.627103
1780456766,117.629143
1780456766,118.296200
1780456766,117.046999
1780456766,118.932801
1780456766,118.614400
1780456766,119.888008
1780456766,120.249833
1780456766,118.632234
1780456766,118.800399
1780456766,116.672207
1780456766,117.851640
1780456766,119.055394
1780456766,119.480650
1780456766,117.380418
1780456766,119.173733
1780456766,118.456426
1780456766,118.606401
1780456766,119.397292
1780456766,120.228410
1780456766,118.016061
1780456766,118.378934
1780456766,118.854746
1780456766,118.994601
1780456766,118.377518
1780456766,119.724757
1780456766,119.016101
1780456766,117.523807
1780456766,118.592116
1780456766,121.248117
1780456766,117.286498
1780456766,120.610421
1780456766,119.384782
1780456766,121.360060
1780456766,115.217156
1780456766,115.216929
1780456766,120.911219
1780456766,118.129536
1780456766,120.737795
1780456766,122.520580
1780456766,121.182906
1780456766,121.301220
1780456766,120.159063
1780456766,120.944671
1780456766,120.782573
1780456766,119.852822
1780456766,121.141114
1780456766,120.967843
1780456766,121.514804
1780456766,122.348983
1780456766,121.511113
1780456766,121.349516
1780456766,121.231493
1780456766,122.262802
1780456766,120.700885
1780456766,120.794973
1780456766,123.895538
1780456766,123.975263
1780456766,124.370255
1780456766,124.323979
1780456766,124.422307
1780456766,121.653718
1780456766,123.024466
1780456766,121.457117
1780456766,124.394127
1780456766,124.442222
1780456766,122.704982
1780456766,122.163250
1780456766,124.549929
1780456766,124.743017
1780456766,125.525962
1780456766,125.124001
1780456766,120.157723
1780456766,126.398476
1780456766,120.994588
1780456766,122.968935
1780456766,124.325872
1780456766,119.844187
1780456766,125.849837
1780456766,125.528533
1780456766,125.465572
1780456766,120.989585
1780456766,126.064225
1780456766,118.829565
1780456766,126.176452
1780456766,126.099547
1780456766,126.098701
1780456766,120.671573
1780456766,125.096505
1780456766,126.829660
1780456766,124.136571
1780456766,124.093835
1780456766,125.007420
1780456766,127.791449
1780456766,119.064838
1780456766,126.882079
1780456766,126.203472
1780456766,127.220395
1780456766,123.539111
1780456766,123.884269
1780456766,123.523293
1780456766,127.330680
1780456766,123.455290
1780456766,120.137561
1780456766,125.823689
1780456766,125.976639
1780456766,126.997927
1780456766,120.201813
1780456766,125.720019
1780456766,129.295964
1780456766,127.149495
1780456766,125.236438
1780456766,125.451127
1780456766,128.346754
1780456766,125.121847
1780456766,126.141395
1780456766,126.201596
1780456766,127.070756
1780456766,126.280868
1780456766,129.320796
1780456766,126.683182
1780456766,129.003335
1780456766,125.514517
1780456766,122.677495
1780456766,128.191105
1780456766,126.176448
1780456766,130.624476
1780456766,127.777520
1780456766,126.004890
1780456766,128.371759
1780456766,125.732957
1780456766,125.585491
1780456766,127.413848
1780456766,125.775436
1780456766,128.829752
1780456766,126.349924
1780456766,124.322385
1780456766,131.426004
1780456766,121.831314
1780456766,131.753053
1780456766,126.276849
1780456766,131.810320
1780456766,127.232175
1780456766,128.420762
1780456766,128.773100
1780456766,122.063089
1780456766,130.300674
1780456766,128.010935
1780456766,125.057600
1780456766,125.212157
1780456766,131.427097
1780456766,130.868059
1780456766,125.394339
1780456766,125.617002
1780456766,128.225437
1780456766,124.384751
1780456766,131.677647
1780456766,129.778195
1780456766,131.430612
1780456766,131.020437
1780456766,133.237221
1780456766,130.209712
1780456766,132.359661
1780456766,133.916952
1780456766,130.418718
1780456766,130.608915
1780456766,134.251693
1780456766,134.689963
1780456766,133.230548
1780456766,133.938383
1780456766,134.120753
1780456766,131.165246
1780456766,132.618601
1780456766,133.333764
1780456766,128.222465
1780456766,135.286156
1780456766,132.984179
1780456766,132.643270
1780456766,128.189159
1780456766,131.274094
1780456766,131.753809
1780456766,131.587641
1780456766,133.322574
1780456766,132.870739
1780456766,133.809151
1780456766,133.266666
1780456766,137.686061
1780456766,134.181591
1780456766,133.973851
1780456766,139.038195
1780456766,133.309422
1780456766,137.678333
1780456766,137.746138
1780456766,133.446035
1780456766,137.339813
1780456766,136.829592
1780456766,134.329503
1780456766,132.675044
1780456766,136.544122
1780456766,137.232316
1780456766,133.544382
1780456766,136.587422
1780456766,135.837370
1780456766,136.091639
1780456766,133.609765
1780456766,137.130046
1780456766,137.351528
1780456766,133.577066
1780456766,133.846164
1780456766,136.255212
1780456766,134.575274
1780456766,134.927479
1780456766,137.324775
1780456766,135.461645
1780456766,132.619945
1780456766,131.710303
1780456766,134.158701
1780456766,133.930041
1780456766,130.771309
1780456766,136.590706
1780456766,134.050863
1780456766,130.857814
1780456766,130.903373
1780456766,134.133631
1780456766,137.735926
1780456766,133.238293
1780456766,130.974856
1780456766,135.308991
1780456766,134.437211
1780456766,136.940053
1780456766,122.047797
1780456766,134.330016
1780456766,136.881767
1780456766,132.304336
1780456766,140.125686
1780456766,138.176477
1780456766,119.289089
1780456766,137.279702
1780456766,133.810088
1780456766,138.349628
1780456766,136.434133
1780456766,135.116920
1780456766,137.249863
1780456766,136.784457
1780456766,118.783389
1780456766,133.881666
1780456766,135.015334
1780456766,133.798828
1780456766,136.624937
1780456766,133.694922
1780456766,133.495490
1780456766,131.942224
1780456766,137.514767
1780456766,132.777514
1780456766,138.477995
1780456766,139.312343
1780456766,134.459474
1780456766,138.435156
1780456766,137.689045
1780456766,116.846343
1780456766,138.340134
1780456766,134.745805
1780456766,140.612673
1780456766,138.031871
1780456766,134.700419
1780456766,138.899498
1780456766,137.578839
1780456766,140.968048
1780456766,134.890363
1780456766,140.241977
1780456766,142.308952
1780456766,140.927629
1780456766,139.366115
1780456766,143.123909
1780456766,138.563726
1780456766,119.114959
1780456766,141.632095
1780456766,141.561078
1780456766,138.548589
1780456766,142.845531
1780456766,138.351485
1780456766,138.422885
1780456766,139.195977
1780456766,134.784714
1780456766,142.155432
1780456766,139.108759
1780456766,139.141151
1780456766,138.640431
1780456766,142.295344
1780456766,139.165839
1780456766,142.116055
1780456766,134.246696
1780456766,142.137481
1780456766,134.336723
1780456766,138.566926
1780456766,139.775207
1780456766,142.376732
1780456766,140.108396
1780456766,142.535084
1780456766,141.693084
1780456766,139.965153
1780456766,142.863522
1780456766,140.976787
1780456766,135.498532
1780456766,138.379473
1780456766,139.435917
1780456766,136.261438
1780456766,139.285098
1780456766,136.330807
1780456766,143.238227
1780456766,140.149172
1780456766,139.633997
1780456766,140.279006
1780456766,140.062637
1780456766,139.535696
1780456766,114.380613
1780456766,138.721117
1780456766,140.073490
1780456766,114.659220
1780456766,137.600321
1780456766,137.687192
1780456766,137.333277
1780456766,140.763429
1780456766,116.239835
1780456766,139.037924
1780456766,140.597917
1780456766,144.500588
1780456766,136.261428
1780456766,142.693431
1780456766,142.750615
1780456766,139.480866
1780456766,139.279595
1780456766,147.233034
1780456766,141.016193
1780456766,139.892620
1780456766,142.995401
1780456766,142.552272
1780456766,143.264322
1780456766,139.262019
1780456766,140.971868
1780456766,140.193136
1780456766,138.122528
1780456766,143.725186
1780456766,138.153342
1780456766,122.396068
1780456766,141.254551
1780456766,132.519337
1780456766,139.624391
1780456766,142.798198
1780456766,146.751859
1780456766,141.239502
1780456766,148.229083
1780456766,141.663532
1780456766,141.246820
1780456766,139.244509
1780456766,143.106250
1780456766,148.237407
1780456766,143.170611
1780456766,118.576483
1780456766,144.656405
1780456766,148.655901
1780456766,143.511551
1780456766,139.936689
1780456766,140.631012
1780456766,148.590689
1780456766,140.082102
1780456766,148.971192
1780456766,140.148198
1780456766,142.100465
1780456766,148.735694
1780456766,148.861963
1780456766,135.303828
1780456766,135.355612
1780456766,116.702225
1780456766,148.673264
1780456766,141.540959
1780456766,140.615727
1780456766,142.188477
1780456766,149.069739
1780456766,143.639534
1780456766,134.631124
1780456766,143.580119
1780456766,140.979263
1780456766,133.655508
1780456766,140.564058
1780456766,135.057761
1780456766,139.891719
1780456766,128.707182
1780456766,148.197438
1780456766,135.265390
1780456766,130.174067
1780456766,149.660225
1780456766,148.571947
1780456766,149.119024
1780456766,147.848923
1780456766,142.756446
1780456766,144.675761
1780456766,128.199303
1780456766,141.608673
1780456766,128.208052
1780456766,128.276793
1780456766,127.205740
1780456766,145.018913
1780456766,148.543224
1780456766,129.976397
1780456766,147.775676
1780456766,127.593519
1780456766,127.574175
1780456766,127.382422
1780456766,131.466414
1780456766,147.846772
1780456766,147.963140
1780456766,127.888417
1780456766,127.810212
1780456766,148.108150
1780456766,130.666239
1780456766,130.831230
1780456766,130.834167
1780456766,128.335441
1780456766,130.893191
1780456766,131.067480
1780456766,127.226321
1780456766,132.916516
1780456766,131.915272
1780456766,124.838456
1780456766,125.097232
1780456766,122.226322
1780456766,123.503536
1780456766,117.870008
1780456766,147.884578
1780456766,119.603392
1780456766,150.939589
1780456766,150.564773
1780456766,120.191883
1780456766,110.233025
1780456766,118.929586
1780456766,110.552089
1780456766,119.278119
1780456766,152.010605
1780456766,119.448127
1780456766,147.365167
1780456766,114.897907
1780456766,115.164860
1780456766,114.098624
1780456766,151.755370
1780456766,151.890619
1780456766,136.048246
1780456766,113.362408
1780456766,135.258945
1780456766,114.863921
1780456766,135.414095
1780456766,113.695387
1780456766,152.673515
1780456766,132.956335
1780456766,112.798261
1780456766,136.068538
1780456766,134.788595
1780456766,114.308203
1780456766,152.739251
1780456766,135.068287
1780456766,153.002542
1780456766,111.950745
1780456766,135.253917
1780456766,134.069902
1780456766,107.375415
1780456766,114.128303
1780456766,135.610096
1780456766,107.824978
1780456766,128.710207
1780456766,114.698898
1780456766,114.628423
1780456766,154.786239
1780456766,123.807510
1780456766,127.757552
1780456766,154.872162
1780456766,114.412040
1780456766,157.481015
1780456766,154.737617
1780456766,116.029627
1780456766,127.169098
1780456766,130.166537
1780456766,126.279819
1780456766,115.040016
1780456766,152.282847
1780456766,129.580410
1780456766,153.822781
1780456766,119.454842
1780456766,115.246618
1780456766,157.581346
1780456766,115.542210
1780456766,127.030152
1780456766,114.355588
1780456766,157.636442
1780456766,119.886142
1780456766,114.622482
1780456766,114.661474
1780456766,153.040355
1780456766,126.630234
1780456766,111.613576
1780456766,128.300512
1780456766,128.822649
1780456766,120.257028
1780456766,117.682063
1780456766,127.712448
1780456766,155.208031
1780456766,157.202368
1780456766,129.299478
1780456766,114.259436
1780456766,119.642764
1780456766,114.664845
1780456766,128.472097
1780456766,109.622230
1780456766,114.876712
1780456766,127.492262
1780456766,114.996069
1780456766,109.976080
1780456766,110.625281
1780456766,129.518386
1780456766,110.215737
1780456766,158.977854
1780456766,109.098787
1780456766,158.170369
1780456766,126.082773
1780456766,126.448432
1780456766,162.434575
1780456766,124.099014
1780456766,155.726583
1780456766,162.644666
1780456766,127.255350
1780456766,123.458741
1780456766,110.277718
1780456766,127.373358
1780456766,123.410427
1780456766,127.285649
1780456766,120.592723
1780456766,124.836834
1780456766,109.499486
1780456766,164.895456
1780456766,154.774732
1780456766,164.145625
1780456766,149.842312
1780456766,154.844456
1780456766,164.697965
1780456766,151.349402
1780456766,138.728747
1780456766,160.617752
1780456766,149.919866
1780456766,164.552857
1780456766,111.323480
1780456766,111.096192
1780456766,126.211982
1780456766,125.115677
1780456766,139.575287
1780456766,165.095172
1780456766,125.745858
1780456766,125.805342
1780456766,128.845863
1780456766,128.928112
1780456766,119.762173
1780456766,130.197229
1780456766,116.043929
1780456766,112.432944
1780456766,124.811655
1780456766,120.034687
1780456766,119.956775
1780456766,128.924169
1780456766,119.905011
1780456766,111.273730
1780456766,147.226769
1780456766,113.914826
1780456766,124.221985
1780456766,125.475360
1780456766,147.339637
1780456766,111.813035
1780456766,126.911012
1780456766,147.582005
1780456766,141.528350
1780456766,162.890023
1780456766,149.091372
1780456766,165.807211
1780456766,149.180299
1780456766,124.919851
1780456766,141.928219
1780456766,143.433525
1780456766,168.141436
1780456766,165.637564
1780456766,139.323122
1780456766,170.109774
1780456766,124.206134
1780456766,142.550760
1780456766,123.254306
1780456766,135.789370
1780456766,122.267901
1780456766,137.156022
1780456766,138.983352
1780456766,118.300372
1780456766,136.363288
1780456766,166.782720
1780456766,139.101298
1780456766,117.515511
1780456766,142.328319
1780456766,117.731680
1780456766,139.305433
1780456766,160.235832
1780456766,132.408751
1780456766,116.677302
1780456766,134.938168
1780456766,160.449220
1780456766,116.831497
1780456766,131.458616
1780456766,114.590029
1780456766,113.449126
1780456766,170.783202
1780456766,170.705692
1780456766,139.080675
1780456766,139.351564
1780456766,129.524932
1780456766,170.733326
1780456766,112.309581
1780456766,141.135921
1780456766,117.781942
1780456766,154.578712
1780456766,128.481066
1780456766,128.543649
1780456766,145.852827
1780456766,147.794597
1780456766,140.438750
1780456766,122.328409
1780456766,122.322432
1780456766,115.774347
1780456766,115.864905
1780456766,141.515691
1780456766,115.739717
1780456766,174.578260
1780456766,122.959748
1780456766,142.115715
1780456766,113.271466
1780456766,127.166899
1780456766,142.366165
1780456766,116.432097
1780456766,116.279940
1780456766,174.890737
1780456766,127.637474
1780456766,169.874959
1780456766,175.158955
1780456766,120.462788
1780456766,175.392639
1780456766,130.676355
1780456766,114.449009
1780456766,171.334214
1780456766,105.859805
1780456766,124.575587
1780456766,104.618258
1780456766,142.469359
1780456766,173.209280
1780456766,124.620941
1780456766,124.732539
1780456766,139.053088
1780456766,131.181759
1780456766,114.565728
1780456766,120.156271
1780456766,138.261400
1780456766,138.292751
1780456766,104.487349
1780456766,123.103632
1780456766,114.836322
1780456766,126.402608
1780456766,121.566870
1780456766,121.865125
1780456766,177.456304
1780456766,177.335244
1780456766,151.682881
1780456766,177.248977
1780456766,175.256252
1780456766,138.815384
1780456766,108.123575
1780456766,117.326073
1780456766,130.846061
1780456766,151.672335
1780456766,131.002802
1780456766,139.342471
1780456766,114.116927
1780456766,136.602329
1780456766,121.359665
1780456766,138.042490
1780456766,136.829136
1780456766,122.576386
1780456766,119.381498
1780456766,115.592316
1780456766,138.171888
1780456766,128.089717
1780456766,128.075423
1780456766,137.108617
1780456766,118.094483
1780456766,174.063450
1780456766,138.524113
1780456766,121.712885
1780456766,125.623166
1780456766,126.792414
1780456766,138.871558
1780456766,122.273062
1780456766,104.642372
1780456766,126.226927
1780456766,132.888695
1780456766,133.075526
1780456766,131.558927
1780456766,150.915437
1780456766,178.899884
1780456766,149.654477
1780456766,149.732541
1780456766,122.508974
1780456766,122.839501
1780456766,122.918575
1780456766,180.477335
1780456766,180.294362
1780456766,145.605094
1780456766,178.937733
1780456766,132.833367
1780456766,136.574260
1780456766,178.942401
1780456766,179.123647
1780456766,178.950233
1780456766,146.941679
1780456766,140.412551
1780456766,131.326846
1780456766,132.961035
1780456766,131.835744
1780456766,178.259345
1780456766,131.912470
1780456766,140.580351
1780456766,140.722473
1780456766,129.063248
1780456766,133.103331
1780456766,131.782136
1780456766,139.565929
1780456766,123.892359
1780456766,129.967370
1780456766,124.348219
1780456766,143.027665
1780456766,130.105466
1780456766,130.246039
1780456766,130.333515
1780456766,107.747362
1780456766,124.618883
1780456766,139.466710
1780456766,142.137461
1780456766,107.744430
1780456766,116.385109
1780456766,130.989886
1780456766,131.009758
1780456766,130.867015
1780456766,131.041750
1780456766,125.561122
1780456766,125.129291
1780456766,125.350857
1780456766,124.955727
1780456766,131.673651
1780456766,142.720711
1780456766,124.953741
1780456766,106.875489
1780456766,133.055038
1780456766,134.446855
1780456766,118.678592
1780456766,116.331278
1780456766,113.770999
1780456766,142.059726
1780456766,114.471390
1780456766,185.980016
1780456766,110.630551
1780456766,133.929205
1780456766,184.613937
1780456766,134.065315
1780456766,138.908487
1780456766,134.131009
1780456766,104.473657
1780456766,106.040037
1780456766,164.012949
1780456766,109.239758
1780456766,128.525046
1780456766,130.784271
1780456766,109.424812
1780456766,109.510806
1780456766,134.159680
1780456766,106.745510
1780456766,135.873991
1780456766,165.643307
1780456766,164.350563
1780456766,105.536385
1780456766,131.888343
1780456766,182.609739
1780456766,104.027640
1780456766,139.000708
1780456766,176.878275
1780456766,103.207687
1780456766,137.542702
1780456766,164.554483
1780456766,176.658500
1780456766,149.468617
1780456766,149.511258
1780456766,164.794829
1780456766,163.989398
1780456766,137.047159
1780456766,175.651875
1780456766,140.445261
1780456766,168.710524
1780456766,150.229351
1780456766,168.943426
1780456766,139.534330
1780456766,138.308666
1780456766,159.143621
1780456766,136.455002
1780456766,133.481674
1780456766,149.192520
1780456766,157.095467
1780456766,133.647833
1780456766,137.522435
1780456766,139.006251
1780456766,137.502174
1780456766,134.381921
1780456766,146.671207
1780456766,146.812909
1780456766,146.717648
1780456766,146.820850
1780456766,134.442658
1780456766,146.851691
1780456766,105.305671
1780456766,134.703305
1780456766,147.277800
1780456766,133.785679
1780456766,137.960621
1780456766,137.933837
1780456766,136.212592
1780456766,129.090198
1780456766,136.503698
1780456766,136.873984
1780456766,152.987821
1780456766,152.950208
1780456766,107.657681
1780456766,139.623863
1780456766,163.699644
1780456766,140.986978
1780456766,139.673560
1780456766,139.877154
1780456766,139.663840
1780456766,137.450502
1780456766,141.095706
1780456766,130.014981
1780456766,128.700957
1780456766,159.734284
1780456766,159.797055
1780456766,129.345250
1780456766,130.997978
1780456766,132.162892
1780456766,130.081219
1780456766,157.483451
1780456766,132.186359
1780456766,151.028584
1780456766,140.006176
1780456766,129.135134
1780456766,127.607911
1780456766,141.288502
1780456766,141.143358
1780456766,141.342058
1780456766,142.221145
1780456766,142.218781
1780456766,142.388755
1780456766,131.244986
1780456766,129.038993
1780456766,129.268842
1780456766,141.217316
1780456766,129.512502
1780456766,130.671398
1780456766,130.896271
1780456766,136.653478
1780456766,131.149901
1780456766,136.797428
1780456766,131.313473
1780456766,155.804501
1780456766,158.346546
1780456766,153.148254
1780456766,159.558183
1780456766,103.527317
1780456766,143.533922
1780456766,145.856266
1780456766,154.519900
1780456766,145.798686
1780456766,152.438247
1780456766,128.704021
1780456766,135.914682
1780456766,145.641876
1780456766,145.941505
1780456766,130.818240
1780456766,132.657948
1780456766,128.851194
1780456766,156.242056
1780456766,128.511639
1780456766,131.038579
1780456766,129.387570
1780456766,128.414779
1780456766,132.408511
1780456766,127.394189
1780456766,132.644565
1780456766,104.889502
1780456766,159.908382
1780456766,127.833394
1780456766,145.786117
1780456766,137.303373
1780456766,139.718214
1780456766,145.990707
1780456766,129.647002
1780456766,130.288845
1780456766,103.519246
1780456766,104.715627
1780456766,159.843165
1780456766,103.610795
1780456766,151.087185
1780456766,105.002475
1780456766,146.114650
1780456766,105.139542
1780456766,149.243795
1780456766,146.028966
1780456766,125.625069
1780456766,148.035683
1780456766,127.851088
1780456766,125.684117
1780456766,148.086928
1780456766,130.726421
1780456766,126.932565
1780456766,130.819587
1780456766,129.082580
1780456766,127.174991
1780456766,102.236603
1780456766,126.483724
1780456766,146.801588
1780456766,138.599788
1780456766,135.657937
1780456766,121.570890
1780456766,123.351144
1780456766,127.687304
1780456766,102.554081
1780456766,132.794651
1780456766,123.201030
1780456766,136.049644
1780456766,126.979728
1780456766,123.374643
1780456766,133.895052
1780456766,122.350680
1780456766,126.041934
1780456766,123.925411
1780456766,120.007987
1780456766,125.974355
1780456766,126.564210
1780456766,121.130228
1780456766,121.215351
1780456766,129.317974
1780456766,127.662345
1780456766,127.997811
1780456766,108.404900
1780456766,124.348928
1780456766,113.967965
1780456766,113.974126
1780456766,124.410139
1780456766,113.857033
1780456766,113.521962
1780456766,114.024913
1780456766,114.064971
1780456766,104.379817
1780456766,138.505127
1780456766,132.017782
1780456766,104.928323
1780456766,105.088338
1780456766,135.878487
1780456766,128.171669
1780456766,134.208134
1780456766,115.691522
1780456766,114.073870
1780456766,115.685379
1780456766,115.626704
1780456766,128.028643
1780456766,115.578295
1780456766,105.792158
1780456766,105.973738
1780456766,106.030923
1780456766,106.525973
1780456766,113.336647
1780456766,113.286878
1780456766,134.125698
1780456766,134.355439
1780456766,108.351477
1780456766,108.485172
1780456766,134.007316
1780456766,108.746980
1780456766,132.448211
1780456766,119.282477
1780456766,119.713240
1780456766,119.740565
1780456766,109.684002
1780456766,120.589488
1780456766,119.359820
1780456766,137.756672
1780456766,133.515496
1780456766,119.560350
1780456766,119.521372
1780456766,119.637077
1780456766,106.891066
1780456766,111.135306
1780456766,121.017778
1780456766,106.950470
1780456766,111.236090
1780456766,111.472922
1780456766,111.361352
1780456766,112.205363
1780456766,112.038041
1780456766,112.148942
1780456766,112.011523
1780456766,112.096290
1780456766,112.795943
1780456766,113.541057
1780456766,113.587846
1780456766,113.751998
1780456766,113.907149
1780456766,122.700596
1780456766,105.673106
1780456766,105.566720
1780456766,122.942846
1780456766,105.760106
1780456766,106.074587
1780456766,105.972383
1780456766,113.384384
1780456766,108.241625
1780456766,108.272040
1780456766,113.241093
1780456766,113.236714
1780456766,108.356009
1780456766,113.178730
1780456766,108.363221
1780456766,106.285931
1780456766,106.485651
1780456766,106.611392
1780456766,107.018606
1780456766,107.071556
1780456766,104.654403
1780456766,104.952352
1780456766,107.886966
1780456766,109.217542
1780456766,110.012353
1780456766,121.981774
1780456766,122.927801
1780456766,123.470837
1780456766,123.780980
1780456766,123.203380
1780456766,119.875160
1780456766,109.651214
1780456766,121.074479
1780456766,121.550704
1780456766,114.438125
1780456766,121.499705
1780456766,114.319198
1780456766,126.412529
1780456766,126.603493
1780456766,115.695618
1780456766,115.657795
1780456766,126.596319
1780456766,126.389448
1780456766,116.169378
1780456766,113.685865
1780456766,113.463442
1780456766,122.192123
1780456766,122.245818
1780456766,122.417020
1780456766,122.399915
1780456766,122.559635
1780456766,121.009317
1780456766,120.802476
1780456766,120.740892
1780456766,121.184196
1780456766,121.067772
1780456766,121.111396
1780456766,121.259836
1780456766,121.092750
1780456766,120.878575
1780456766,120.985259
1780456766,120.956030
1780456766,121.420198
1780456766,121.492177
1780456766,121.374393
1780456766,121.142286
1780456766,121.383457
1780456766,121.274510
1780456766,121.129223
1780456766,121.246172
1780456766,125.791184
1780456766,125.938256
1780456766,104.301270
1780456766,125.956524
1780456766,103.381386
1780456766,103.266784
1780456766,102.854328
1780456766,105.781158
1780456766,105.311350
1780456766,105.314324
1780456766,105.340531
1780456766,104.266951
1780456766,103.455773
1780456766,106.588587
1780456766,106.674717
1780456766,103.660377
1780456766,103.724647
1780456766,104.182019
1780456766,107.828895
1780456766,106.510663
1780456766,105.119075
1780456766,102.605864
1780456766,105.586738
1780456766,105.851856
1780456766,105.943515
1780456766,106.054453
1780456766,106.203296
1780456766,103.367662
1780456766,106.904882
1780456766,107.643544
1780456766,105.737009
1780456766,105.762430
1780456766,104.246123
1780456766,109.949609
1780456766,109.668319
1780456766,110.004689
1780456766,109.929483
1780456766,106.670621
1780456766,106.768449
1780456766,106.906438
1780456766,104.818614
1780456766,107.581282
1780456766,107.825916
1780456766,105.768602
1780456766,106.789118
1780456766,109.102227
1780456766,106.960860
1780456766,108.391885
1780456766,108.477920
1780456766,108.854768
1780456766,109.247119
1780456766,109.407641
1780456766,109.666669
1780456766,110.466718
1780456766,110.603790
1780456766,110.612056
1780456766,110.953781
1780456766,110.722060
1780456766,103.153495
1780456766,103.492094
1780456766,111.988499
1780456766,111.686095
1780456766,112.205751
1780456766,110.846708
1780456766,104.938760
1780456766,105.002708
1780456766,105.527110
1780456766,105.802839
1780456766,111.248968
1780456766,107.067201
1780456766,110.722066
1780456766,104.077875
1780456766,104.311961
1780456766,105.104954
1780456766,107.303756
1780456766,107.530349
1780456766,116.550351
1780456766,106.194078
1780456766,113.805080
1780456766,114.053536
1780456766,115.408246
1780456766,115.294522
1780456766,118.123370
1780456766,115.682164
1780456766,108.356254
1780456766,106.791664
1780456766,115.678320
1780456766,115.498183
1780456766,115.847547
1780456766,115.845623
1780456766,106.871201
1780456766,115.090125
1780456766,115.761956
1780456766,114.912227
1780456766,115.811091
1780456766,116.730146
1780456766,114.022491
1780456766,112.515596
1780456766,116.538178
1780456766,109.376730
1780456766,104.887065
1780456766,109.437553
1780456766,113.281120
1780456766,110.641392
1780456766,109.818214
1780456766,108.520935
1780456766,105.454930
1780456766,115.008872
1780456766,113.395657
1780456766,109.643803
1780456766,114.151383
1780456766,114.287555
1780456766,113.404829
1780456766,116.781744
1780456766,102.739581
1780456766,113.078703
1780456766,110.426515
1780456766,109.552391
1780456766,110.183737
1780456766,108.073123
1780456766,111.946024
1780456766,106.755688
1780456766,112.152445
1780456766,112.114536
1780456766,107.863814
1780456766,107.732844
1780456766,112.290644
1780456766,112.199427
1780456766,112.209019
1780456766,112.344347
1780456766,116.203413
1780456766,111.104626
1780456766,108.607177
1780456766,107.854009
1780456766,108.814422
1780456766,107.017319
1780456766,107.257703
1780456766,108.145135
1780456766,107.599701
1780456766,108.086593
1780456766,115.054048
1780456766,108.312937
1780456766,107.716415
1780456766,107.765580
1780456766,115.407662
1780456766,115.362392
1780456766,115.475046
1780456766,108.606465
1780456766,108.962728
1780456766,108.951042
1780456766,109.180788
1780456766,109.487739
1780456766,115.582239
1780456766,117.039648
1780456766,118.229515
1780456766,116.010067
1780456766,109.871656
1780456766,111.913435
1780456766,110.062046
1780456766,116.685144
1780456766,116.538207
1780456766,112.127725
1780456766,116.698709
1780456766,107.439119
1780456766,107.660363
1780456766,108.808175
1780456766,108.922214
1780456766,107.788590
1780456766,110.743028
1780456766,109.303102
1780456766,110.783865
1780456766,111.308585
1780456766,109.348997
1780456766,111.480134
1780456766,110.332817
1780456766,109.199554
1780456766,106.177034
1780456766,106.230758
1780456766,108.028602
1780456766,105.868269
1780456766,106.556816
1780456766,104.469920
1780456766,104.482139
1780456766,118.504276
1780456766,118.151660
1780456766,119.366763
1780456766,116.266421
1780456766,114.583713
1780456766,116.595933
1780456766,113.450814
1780456766,114.210960
1780456766,115.668080
1780456766,114.814523
1780456766,114.501185
1780456766,114.932125
1780456766,115.182070
1780456766,115.309224
1780456766,115.170684
1780456766,114.629603
1780456766,115.369929
1780456766,114.060225
1780456766,114.882481
1780456766,113.028451
1780456766,112.900762
1780456766,113.554154
1780456766,114.878799
1780456766,114.915885
1780456766,114.913259
1780456766,115.438382
1780456766,115.176625
1780456766,115.179762
1780456766,115.707765
1780456766,124.205973
1780456766,114.743786
1780456766,114.865410
1780456766,117.031295
1780456766,115.645358
1780456766,115.515536
1780456766,124.324410
1780456766,115.902918
1780456766,128.985254
1780456766,129.037602
1780456766,128.957785
1780456766,129.097958
1780456766,115.993758
1780456766,114.340604
1780456766,129.055341
1780456766,114.637566
1780456766,127.485877
1780456766,128.814417
1780456766,129.175818
1780456766,129.228746
1780456766,114.541309
1780456766,124.367366
1780456766,129.320880
1780456766,114.177091
1780456766,114.863843
1780456766,126.429121
1780456766,127.575265
1780456766,114.946977
1780456766,126.267118
1780456766,114.379645
1780456766,115.064804
1780456766,126.532509
1780456766,115.066337
1780456766,127.628262
1780456766,126.424967
1780456766,126.506857
1780456766,114.482657
1780456766,126.490039
1780456766,126.876409
1780456766,126.935550
1780456766,126.655265
1780456766,126.861754
1780456766,104.287831
1780456766,104.215692
1780456766,126.463511
1780456766,125.459507
1780456766,126.710062
1780456766,125.818464
1780456766,125.479491
1780456766,125.404685
1780456766,124.838345
1780456766,125.844914
1780456766,126.492428
1780456766,125.234837
1780456766,127.247885
1780456766,125.897201
1780456766,126.648821
1780456766,116.297082
1780456766,116.746364
1780456766,116.290804
1780456766,125.995869
1780456766,125.006289
1780456766,117.241807
1780456766,126.111155
1780456766,125.117790
1780456766,124.941857
1780456766,126.178746
1780456766,124.845352
1780456766,126.833259
1780456766,126.796947
1780456766,123.709440
1780456766,126.926436
1780456766,123.923667
1780456766,124.862165
1780456766,124.309289
1780456766,126.563740
1780456766,128.026648
1780456766,126.865293
1780456766,123.551456
1780456766,127.203436
1780456766,127.271176
1780456766,106.252608
1780456766,106.517836
1780456766,106.561105
1780456766,123.884229
1780456766,112.511354
1780456766,127.942602
1780456766,125.048397
1780456766,119.959987
1780456766,125.890169
1780456766,122.904498
1780456766,114.212050
1780456766,113.753330
1780456766,113.281618
1780456766,114.410125
1780456766,112.975294
1780456766,125.976179
1780456766,112.820100
1780456766,109.886611
1780456766,113.528851
1780456766,125.250648
1780456766,113.078097
1780456766,105.520669
1780456766,113.615075
1780456766,114.840043
1780456766,115.159936
1780456766,128.567973
1780456766,121.878675
1780456766,128.926002
1780456766,115.191229
1780456766,122.856841
1780456766,115.033856
1780456766,115.687237
1780456766,126.381726
1780456766,128.578065
1780456766,111.752671
1780456766,128.142857
1780456766,111.841236
1780456766,113.919004
1780456766,129.337896
1780456766,114.032221
1780456766,130.418396
1780456766,113.846321
1780456766,114.107792
1780456766,113.741603
1780456766,130.635209
1780456766,111.996520
1780456766,116.341503
1780456766,107.280174
1780456766,114.074862
1780456766,109.395794
1780456766,113.822852
1780456766,116.011588
1780456766,114.186954
1780456766,112.337012
1780456766,114.325052
1780456766,114.518759
1780456766,132.219854
1780456766,125.166296
1780456766,128.159274
1780456766,125.200018
1780456766,125.286432
1780456766,125.316089
1780456766,125.250612
1780456766,130.740197
1780456766,128.290072
1780456766,130.404527
1780456766,129.606421
1780456766,131.009022
1780456766,127.654283
1780456766,130.543530
1780456766,130.928228
1780456766,130.998342
1780456766,128.458358
1780456766,130.940752
1780456766,129.752873
1780456766,125.048875
1780456766,129.726443
1780456766,131.213380
1780456766,129.977087
1780456766,128.139417
1780456766,128.510342
1780456766,128.458805
1780456766,129.532581
1780456766,117.505145
1780456766,129.263728
1780456766,108.232732
1780456766,128.873692
1780456766,129.621585
1780456766,128.836182
1780456766,118.947216
1780456766,114.215790
1780456766,107.983520
1780456766,107.993139
1780456766,108.511659
1780456766,108.576809
1780456766,130.450336
1780456766,109.177400
1780456766,118.825383
1780456766,117.491853
1780456766,110.154020
1780456766,118.763453
1780456766,110.183502
1780456766,119.118882
1780456766,117.650250
1780456766,116.426804
1780456766,119.535548
1780456766,111.741747
1780456766,119.897119
1780456766,117.849981
1780456766,130.108328
1780456766,117.892288
1780456766,115.121399
1780456766,113.356116
1780456766,119.164390
1780456766,106.229826
1780456766,111.933797
1780456766,114.172194
1780456766,114.261251
1780456766,107.777880
1780456766,129.900872
1780456766,116.737966
1780456766,114.290696
1780456766,117.967171
1780456766,106.632502
1780456766,110.579758
1780456766,115.346491
1780456766,110.826170
1780456766,129.251570
1780456766,113.904726
1780456766,116.607033
1780456766,115.429574
1780456766,113.426634
1780456766,106.835828
1780456766,116.962897
1780456766,116.744339
1780456766,118.116330
1780456766,108.248643
1780456766,128.610950
1780456766,111.017176
1780456766,130.766604
1780456766,130.759025
1780456766,131.298202
1780456766,131.276267
1780456766,129.816938
1780456766,121.713447
1780456766,132.327837
1780456766,132.302810
1780456766,119.921929
1780456766,115.623579
1780456766,117.114195
1780456766,112.350487
1780456766,131.146288
1780456766,132.416126
1780456766,114.240731
1780456766,132.436665
1780456766,132.409000
1780456766,114.258797
1780456766,114.368106
1780456766,112.482925
1780456766,132.516704
1780456766,107.776118
1780456766,108.074595
1780456766,114.205547
1780456766,113.255629
1780456766,111.405327
1780456766,122.484501
1780456766,105.073690
1780456766,123.095629
1780456766,108.519079
1780456766,113.665400
1780456766,111.946058
1780456766,117.056547
1780456766,122.589072
1780456766,110.228662
1780456766,125.258241
1780456766,114.329366
1780456766,121.829356
1780456766,110.615535
1780456766,114.490062
1780456766,116.463592
1780456766,124.201942
1780456766,116.554745
1780456766,124.375772
1780456766,110.687196
1780456766,103.316600
1780456766,115.456597
1780456766,115.281049
1780456766,115.321282
1780456766,110.170000
1780456766,103.461536
1780456766,114.806054
1780456766,114.836188
1780456766,115.216326
1780456766,111.120387
1780456766,114.907331
1780456766,103.664652
1780456766,114.703596
1780456766,113.970986
1780456766,110.754806
1780456766,111.565465
1780456766,115.909396
1780456766,115.686986
1780456766,115.813037
1780456766,111.459757
1780456766,123.638613
1780456766,137.145039
1780456766,137.115753
1780456766,137.159342
1780456766,123.995945
1780456766,136.462882
1780456766,136.496619
1780456766,112.583600
1780456766,118.538598
1780456766,118.591140
1780456766,111.386958
1780456766,114.583474
1780456766,114.822090
1780456766,115.988916
1780456766,127.751385
1780456766,116.018235
1780456766,120.242766
1780456766,118.159170
1780456766,117.139686
1780456766,128.233287
1780456766,109.035905
1780456766,110.545385
1780456766,109.330491
1780456766,110.750475
1780456766,114.805348
1780456766,109.444341
1780456766,128.479372
1780456766,111.867813
1780456766,117.326380
1780456766,115.325082
1780456766,113.426365
1780456766,116.584645
1780456766,110.292920
1780456766,108.359188
1780456766,127.938422
1780456766,109.633989
1780456766,113.633019
1780456766,115.522567
1780456766,116.219295
1780456766,114.348126
1780456766,110.944383
1780456766,107.459364
1780456766,125.378215
1780456766,116.676309
1780456766,111.092003
1780456766,115.631868
1780456766,117.032491
1780456766,111.173485
1780456766,119.749717
1780456766,113.879570
1780456766,119.542962
1780456766,119.395412
1780456766,119.592388
1780456766,127.382697
1780456766,107.522836
1780456766,108.211039
1780456766,115.162582
1780456766,108.213615
1780456766,107.733763
1780456766,126.494234
1780456766,126.742470
1780456766,113.616261
1780456766,115.901939
1780456766,125.459220
1780456766,115.987607
1780456766,127.409804
1780456766,108.596847
1780456766,118.645355
1780456766,114.106270
1780456766,125.097611
1780456766,110.648997
1780456766,127.546795
1780456766,114.296710
1780456766,109.074179
1780456766,113.486175
1780456766,109.746668
1780456766,123.463233
1780456766,123.973310
1780456766,113.683102
1780456766,123.530747
1780456766,111.209046
1780456766,116.400822
1780456766,124.676466
1780456766,109.754866
1780456766,115.233885
1780456766,109.784527
1780456766,111.765201
1780456766,128.672861
1780456766,111.813667
1780456766,127.686533
1780456766,110.428141
1780456766,110.427258
1780456766,113.993054
1780456766,112.083087
1780456766,128.150424
1780456766,112.330459
1780456766,110.993778
1780456766,127.347449
1780456766,114.361945
1780456766,111.030300
1780456766,108.452469
1780456766,122.898041
1780456766,109.593483
1780456766,109.762472
1780456766,119.989966
1780456766,119.996160
1780456766,111.223780
1780456766,113.036700
1780456766,109.972580
1780456766,109.647203
1780456766,120.187624
1780456766,109.047259
1780456766,121.920341
1780456766,111.787125
1780456766,108.512267
1780456766,122.100817
1780456766,110.640972
1780456766,108.803217
1780456766,110.742143
1780456766,124.879268
1780456766,108.882116
1780456766,122.345564
1780456766,112.443672
1780456766,109.927207
1780456766,112.619505
1780456766,121.433999
1780456766,125.348257
1780456766,113.436654
1780456766,112.781112
1780456766,114.772885
1780456766,111.747829
1780456766,113.435842
1780456766,113.456679
1780456766,113.770609
1780456766,115.598436
1780456766,115.663458
1780456766,113.932535
1780456766,112.431244
1780456766,113.002564
1780456766,111.926702
1780456766,114.259065
1780456766,115.342384
1780456766,114.818835
1780456766,113.481898
1780456766,112.594398
1780456766,114.949565
1780456766,113.711623
1780456766,113.633863
1780456766,112.727120
1780456766,113.902930
1780456766,112.393677
1780456766,115.817781
1780456766,116.146920
1780456766,114.308702
1780456766,114.470728
1780456766,111.971740
1780456766,114.833333
1780456766,113.316780
1780456766,115.021637
1780456766,115.204654
1780456766,112.491106
1780456766,115.170078
1780456766,114.459335
1780456766,115.316533
1780456766,112.491658
1780456766,115.432566
1780456766,114.883339
1780456766,113.210921
1780456766,113.413298
1780456766,115.356022
1780456766,114.661568
1780456766,117.775397
1780456766,116.503457
1780456766,113.409624
1780456766,116.358522
1780456766,117.936613
1780456766,112.398319
1780456766,116.563829
1780456766,113.534469
1780456766,112.525552
1780456766,116.946479
1780456766,115.952266
1780456766,115.129911
1780456766,115.749247
1780456766,108.313090
1780456766,114.244234
1780456766,117.011702
1780456766,115.588803
1780456766,107.390162
1780456766,112.379612
1780456766,114.044184
1780456766,117.193401
1780456766,116.539272
1780456766,116.603448
1780456766,107.574874
1780456766,112.708310
1780456766,112.231559
1780456766,116.933837
1780456766,113.585846
1780456766,112.338435
1780456766,115.474517
1780456766,113.602044
1780456766,116.979643
1780456766,102.573882
1780456766,115.230103
1780456766,114.531329
1780456766,108.374232
1780456766,112.016966
1780456766,118.777487
1780456766,117.360271
1780456766,114.820405
1780456766,116.211902
1780456766,102.340897
1780456766,115.015966
1780456766,103.656105
1780456766,115.103935
1780456766,116.512457
1780456766,114.542657
1780456766,114.936132
1780456766,112.565426
1780456766,118.638320
1780456766,102.678942
1780456766,114.278173
1780456766,111.289250
1780456766,102.813788
1780456766,116.550744
1780456766,113.076061
1780456766,114.378633
1780456766,111.784593
1780456766,118.363303
1780456766,105.795173
1780456766,116.834918
1780456766,113.367557
1780456766,117.407050
1780456766,116.180265
1780456766,102.709982
1780456766,113.484051
1780456766,117.513946
1780456766,112.131542
1780456766,116.615363
1780456766,105.035199
1780456766,118.037424
1780456766,112.409590
1780456766,118.229261
1780456766,117.871372
1780456766,119.297635
1780456766,112.764649
1780456766,104.294324
1780456766,118.316849
1780456766,112.536571
1780456766,115.948084
1780456766,118.387815
1780456766,104.488560
1780456766,117.516778
1780456766,118.853455
1780456766,102.532801
1780456766,113.314282
1780456766,120.281012
1780456766,116.526786
1780456766,113.343123
1780456766,116.852009
1780456766,113.577696
1780456766,103.218612
1780456766,118.266497
1780456766,112.485507
1780456766,117.048017
1780456766,103.580974
1780456766,112.594764
1780456766,116.095334
1780456766,112.717853
1780456766,119.860397
1780456766,102.485330
1780456766,116.181248
1780456766,112.977812
1780456766,120.403693
1780456766,115.047603
1780456766,116.263251
1780456766,119.310765
1780456766,116.940522
1780456766,113.705961
1780456766,117.261524
1780456766,120.069925
1780456766,113.373298
1780456766,116.072382
1780456766,117.705074
1780456766,113.808815
1780456766,118.056391
1780456766,113.803122
1780456766,118.206047
1780456766,120.902126
1780456766,119.822757
1780456766,114.406150
1780456766,118.695875
1780456766,118.435676
1780456766,114.452793
1780456766,118.819925
1780456766,120.452460
1780456766,117.403825
1780456766,117.695131
1780456766,117.691868
1780456766,119.181622
1780456766,117.806696
1780456766,118.146361
1780456766,112.494944
1780456766,112.408615
1780456766,118.709781
1780456766,117.203742
1780456766,118.938654
1780456766,118.838923
1780456766,118.966731
1780456766,118.770357
1780456766,117.390612
1780456766,117.833146
1780456766,119.393273
1780456766,117.871061
1780456766,112.240804
1780456766,118.031892
1780456766,118.004536
1780456766,119.774334
1780456766,118.071878
1780456766,117.892531
1780456766,121.726291
1780456766,103.132019
1780456766,121.745148
1780456766,117.743674
1780456766,118.843590
1780456766,121.973899
1780456766,112.027182
1780456766,119.103103
1780456766,118.452186
1780456766,121.064056
1780456766,118.355922
1780456766,119.548017
1780456766,118.157492
1780456766,118.649283
1780456766,115.277370
1780456766,122.660667
1780456766,118.713767
1780456766,125.033733
1780456766,114.334840
1780456766,103.968072
1780456766,114.366901
1780456766,123.277872
1780456766,119.017558
1780456766,104.886119
1780456766,117.075001
1780456766,121.879960
1780456766,111.457207
1780456766,104.573667
1780456766,116.364058
1780456766,103.051417
1780456766,116.552919
1780456766,122.779364
1780456766,124.568741
1780456766,121.072517
1780456766,124.581784
1780456766,118.540726
1780456766,116.136565
1780456766,124.931774
1780456766,116.223599
1780456766,112.868232
1780456766,121.058034
1780456766,112.987068
1780456766,121.069325
1780456766,111.943615
1780456766,123.981511
1780456766,115.702052
1780456766,114.856981
1780456766,118.409586
1780456766,103.891950
1780456766,118.782042
1780456766,116.145143
1780456766,124.463271
1780456766,104.154776
1780456766,112.934639
1780456766,119.053944
1780456766,115.968995
1780456766,116.107027
1780456766,113.453328
1780456766,112.330921
1780456766,124.003319
1780456766,104.970527
1780456766,112.782009
1780456766,115.169861
1780456766,124.239030
1780456766,105.191319
1780456766,115.381787
1780456766,113.021969
1780456766,118.822812
1780456766,105.305389
1780456766,113.224155
1780456766,114.287046
1780456766,119.032226
1780456766,105.522378
1780456766,112.118171
1780456766,112.286593
1780456766,105.278565
1780456766,114.944381
1780456766,111.585131
1780456766,118.444624
1780456766,104.677032
1780456766,110.189109
1780456766,115.268898
1780456766,104.742010
1780456766,124.552146
1780456766,115.296361
1780456766,111.888952
1780456766,119.119782
1780456766,110.689510
1780456766,114.562959
1780456766,103.389571
1780456766,118.469998
1780456766,110.848461
1780456766,114.846568
1780456766,118.594297
1780456766,104.729780
1780456766,115.033221
1780456766,118.881805
1780456766,104.880623
1780456766,115.262319
1780456766,119.123790
1780456766,104.052413
1780456766,111.869803
1780456766,115.720372
1780456766,111.953860
1780456766,115.842882
1780456766,118.344819
1780456766,118.495102
1780456766,105.807075
1780456766,116.401573
1780456766,115.051345
1780456766,117.632865
1780456766,105.796497
1780456766,112.870970
1780456766,115.396939
1780456766,117.784718
1780456766,115.662107
1780456766,113.203389
1780456766,104.609988
1780456766,110.813883
1780456766,104.653603
1780456766,111.073859
1780456766,116.211191
1780456767,111.961391
1780456767,116.200085
1780456767,116.265483
1780456767,116.338837
1780456767,117.309392
1780456767,118.608778
1780456767,111.150244
1780456767,116.204616
1780456767,112.287052
1780456767,116.413361
1780456767,105.996029
1780456767,115.978055
1780456767,109.620431
1780456767,116.819863
1780456767,105.006688
1780456767,115.034796
1780456767,111.279995
1780456767,115.119885
1780456767,117.203082
1780456767,111.525223
1780456767,113.412170
1780456767,117.233830
1780456767,112.374756
1780456767,112.605485
1780456767,112.852788
1780456767,110.534400
1780456767,111.182002
1780456767,111.297975
1780456767,111.675457
1780456767,111.015369
1780456767,111.086412
1780456767,110.947371
1780456767,106.880387
1780456767,112.170302
1780456767,111.649685
1780456767,110.037096
1780456767,111.618899
1780456767,107.630852
1780456767,112.613463
1780456767,111.603951
1780456767,110.883541
1780456767,110.906429
1780456767,109.736866
1780456767,108.298610
1780456767,109.656520
1780456767,111.872411
1780456767,109.780353
1780456767,119.033002
1780456767,119.302253
1780456767,110.157422
1780456767,113.673148
1780456767,110.462449
1780456767,119.177749
1780456767,108.803760
1780456767,110.541267
1780456767,118.226490
1780456767,108.982068
1780456767,113.203704
1780456767,117.104283
1780456767,109.255520
1780456767,107.261759
1780456767,109.602768
1780456767,109.907480
1780456767,109.785392
1780456767,112.498861
1780456767,117.724752
1780456767,117.790960
1780456767,116.808928
1780456767,110.138316
1780456767,111.579413
1780456767,116.904884
1780456767,106.389907
1780456767,115.496907
1780456767,110.812656
1780456767,108.573472
1780456767,117.379243
1780456767,108.931944
1780456767,116.120695
1780456767,108.921962
1780456767,107.758908
1780456767,108.042643
1780456767,116.383899
1780456767,110.150792
1780456767,110.759551
1780456767,109.393205
1780456767,115.935835
1780456767,108.892609
1780456767,109.545261
1780456767,107.799864
1780456767,116.699845
1780456767,108.371981
1780456767,107.898931
1780456767,107.920166
1780456767,108.207248
1780456767,116.410039
1780456767,108.258694
1780456767,108.294347
1780456767,108.256374
1780456767,115.240156
1780456767,106.997483
1780456767,108.890064
1780456767,108.170957
1780456767,117.486428
1780456767,108.733330
1780456767,108.631517
1780456767,108.440236
1780456767,107.312018
1780456767,115.908005
1780456767,106.131475
1780456767,106.349662
1780456767,107.902288
1780456767,116.070972
1780456767,106.369337
1780456767,106.825302
1780456767,106.685298
1780456767,106.717926
1780456767,106.660766
1780456767,106.669806
1780456767,115.339150
1780456767,106.619520
1780456767,107.602611
1780456767,107.564269
1780456767,107.109406
1780456767,117.105877
1780456767,107.357808
1780456767,107.179034
1780456767,105.704688
1780456767,115.793392
1780456767,107.541518
1780456767,103.515688
1780456767,107.973421
1780456767,116.194778
1780456767,103.358175
1780456767,106.084882
1780456767,116.258980
1780456767,108.119791
1780456767,104.197818
1780456767,108.336648
1780456767,120.326850
1780456767,106.697006
1780456767,104.276250
1780456767,107.027012
1780456767,108.654422
1780456767,107.128081
1780456767,103.114471
1780456767,107.199831
1780456767,107.637170
1780456767,106.594440
1780456767,107.732007
1780456767,105.718150
1780456767,117.632225
1780456767,106.221924
1780456767,106.371935
1780456767,105.153341
1780456767,110.744347
1780456767,110.908514
1780456767,111.280442
1780456767,118.002385
1780456767,105.080209
1780456767,105.254077
1780456767,121.004315
1780456767,117.713218
1780456767,117.453238
1780456767,120.357839
1780456767,108.363917
1780456767,118.860170
1780456767,108.277709
1780456767,108.479431
1780456767,106.795884
1780456767,108.363623
1780456767,117.838442
1780456767,108.579909
1780456767,107.437203
1780456767,120.386212
1780456767,118.171927
1780456767,107.847723
1780456767,106.288206
1780456767,107.805441
1780456767,106.475217
1780456767,118.887814
1780456767,119.999276
1780456767,103.437164
1780456767,106.514854
1780456767,119.280389
1780456767,119.332811
1780456767,103.922091
1780456767,109.109950
1780456767,111.224182
1780456767,111.431931
1780456767,107.872278
1780456767,119.565488
1780456767,119.645346
1780456767,111.293073
1780456767,119.677494
1780456767,110.234592
1780456767,108.483160
1780456767,108.480251
1780456767,108.723400
1780456767,109.461229
1780456767,108.312207
1780456767,108.843692
1780456767,109.499649
1780456767,108.893404
1780456767,106.570430
1780456767,108.665323
1780456767,122.067114
1780456767,112.958615
1780456767,106.207007
1780456767,106.458502
1780456767,107.489271
1780456767,107.749406
1780456767,106.453984
1780456767,106.880588
1780456767,105.699651
1780456767,108.509390
1780456767,107.423848
1780456767,107.192431
1780456767,110.903602
1780456767,105.691118
1780456767,108.994499
1780456767,108.553720
1780456767,106.797636
1780456767,123.068005
1780456767,106.376747
1780456767,107.499218
1780456767,122.144991
1780456767,105.376160
1780456767,110.776661
1780456767,122.179580
1780456767,105.489761
1780456767,107.878248
1780456767,105.435094
1780456767,107.657557
1780456767,104.738667
1780456767,122.274676
1780456767,103.661632
1780456767,106.131709
1780456767,122.439260
1780456767,103.217115
1780456767,122.700793
1780456767,104.013165
1780456767,122.840333
1780456767,103.453181
1780456767,123.364476
1780456767,103.251676
1780456767,122.843549
1780456767,107.801375
1780456767,103.511629
1780456767,123.662561
1780456767,123.312280
1780456767,103.200723
1780456767,106.925370
1780456767,122.483243
1780456767,124.068870
1780456767,122.279947
1780456767,103.701608
1780456767,122.442522
1780456767,122.343205
1780456767,102.745251
1780456767,107.730843
1780456767,123.746189
1780456767,120.364326
1780456767,120.547903
1780456767,102.997941
1780456767,120.216790
1780456767,120.677194
1780456767,106.687964
1780456767,120.759110
1780456767,103.389836
1780456767,107.057337
1780456767,119.389950
1780456767,119.595289
1780456767,119.621990
1780456767,119.645207
1780456767,107.345621
1780456767,104.053601
1780456767,121.201234
1780456767,121.601524
1780456767,104.438863
1780456767,121.518609
1780456767,107.868152
1780456767,102.864518
1780456767,121.618152
1780456767,107.545573
1780456767,104.886067
1780456767,121.093777
1780456767,105.285901
1780456767,105.317430
1780456767,103.086830
1780456767,104.009655
1780456767,102.826683
1780456767,104.379310
1780456767,104.434180
1780456767,104.725687
1780456767,115.701356
1780456767,105.209006
1780456767,105.001761
1780456767,117.735481
1780456767,115.322906
1780456767,103.451867
1780456767,114.926431
1780456767,114.571343
1780456767,114.110956
1780456767,114.102840
1780456767,114.377570
1780456767,114.129400
1780456767,113.207749
1780456767,114.702533
1780456767,113.979913
1780456767,102.861518
1780456767,114.354616
1780456767,103.138331
1780456767,114.253316
1780456767,113.234228
1780456767,103.362368
1780456767,106.272418
1780456767,112.830934
1780456767,105.555502
1780456767,112.830882
1780456767,102.861582
1780456767,113.847117
1780456767,106.889088
1780456767,107.044094
1780456767,103.768849
1780456767,113.176546
1780456767,104.099978
1780456767,112.791756
1780456767,103.496048
1780456767,106.398867
1780456767,103.622426
1780456767,112.970823
1780456767,104.846622
1780456767,104.914239
1780456767,104.733272
1780456767,104.621263
1780456767,104.926052
1780456767,106.557756
1780456767,106.760480
1780456767,103.949568
1780456767,104.977233
1780456767,103.027121
1780456767,103.101430
1780456767,113.252239
1780456767,107.137710
1780456767,113.502306
1780456767,107.016375
1780456767,103.679775
1780456767,113.888289
1780456767,107.094466
1780456767,103.641736
1780456767,105.254221
1780456767,113.540110
1780456767,107.516901
1780456767,104.565809
1780456767,107.661951
1780456767,113.307837
1780456767,113.356868
1780456767,105.915098
1780456767,112.962569
1780456767,107.784015
1780456767,107.722553
1780456767,112.297729
1780456767,105.281978
1780456767,113.863478
1780456767,104.712466
1780456767,112.328245
1780456767,112.603039
1780456767,105.367185
1780456767,105.660490
1780456767,105.084532
1780456767,105.481571
1780456767,105.869685
1780456767,108.586519
1780456767,108.843610
1780456767,106.299721
1780456767,105.488775
1780456767,105.779010
1780456767,110.202373
1780456767,106.867577
1780456767,111.268561
1780456767,104.895295
1780456767,109.029152
1780456767,109.081793
1780456767,108.676416
1780456767,111.761614
1780456767,108.635497
1780456767,111.730432
1780456767,111.930335
1780456767,107.574794
1780456767,109.054532
1780456767,111.903371
1780456767,107.605318
1780456767,107.594321
1780456767,109.247479
1780456767,105.463330
1780456767,109.348233
1780456767,111.934773
1780456767,112.374150
1780456767,112.670900
1780456767,107.608499
1780456767,111.566215
1780456767,105.418211
1780456767,112.868943
1780456767,113.201371
1780456767,105.379340
1780456767,113.391298
1780456767,105.986181
1780456767,113.459007
1780456767,113.306133
1780456767,106.057962
1780456767,113.945382
1780456767,106.083095
1780456767,114.037103
1780456767,114.554423
1780456767,110.687133
1780456767,114.562003
1780456767,105.250283
1780456767,114.663845
1780456767,115.133994
1780456767,105.436757
1780456767,115.480919
1780456767,114.994297
1780456767,103.934128
1780456767,107.702631
1780456767,106.516463
1780456767,105.929849
1780456767,105.894512
1780456767,114.222278
1780456767,106.860907
1780456767,115.677704
1780456767,115.582127
1780456767,115.788824
1780456767,116.154596
1780456767,106.502494
1780456767,115.259027
1780456767,107.229653
1780456767,116.295767
1780456767,107.744410
1780456767,115.625840
1780456767,108.747854
1780456767,119.789338
1780456767,108.722131
1780456767,120.155000
1780456767,120.042286
1780456767,104.245545
1780456767,108.489572
1780456767,110.790768
1780456767,104.783806
1780456767,108.810388
1780456767,109.035329
1780456767,107.720302
1780456767,106.877781
1780456767,111.628220
1780456767,109.917987
1780456767,108.823919
1780456767,116.632672
1780456767,116.800997
1780456767,110.982299
1780456767,111.103280
1780456767,110.136935
1780456767,110.440605
1780456767,110.029661
1780456767,110.220723
1780456767,111.063636
1780456767,111.061432
1780456767,103.665747
1780456767,106.295777
1780456767,107.329079
1780456767,107.155677
1780456767,120.884798
1780456767,121.380789
1780456767,122.500606
1780456767,115.067286
1780456767,103.190311
1780456767,121.509201
1780456767,110.379236
1780456767,110.168674
1780456767,110.250304
1780456767,110.101730
1780456767,110.230103
1780456767,110.424634
1780456767,110.500924
1780456767,103.963100
1780456767,108.645071
1780456767,127.057716
1780456767,123.568771
1780456767,126.357792
1780456767,123.656476
1780456767,120.644792
1780456767,120.521076
1780456767,123.649824
1780456767,120.938083
1780456767,128.206670
1780456767,122.448853
1780456767,128.259457
1780456767,122.458989
1780456767,122.322080
1780456767,122.394671
1780456767,113.366344
1780456767,113.462796
1780456767,115.077560
1780456767,113.648606
1780456767,110.563889
1780456767,123.487631
1780456767,124.397374
1780456767,126.959566
1780456767,121.432056
1780456767,113.444290
1780456767,114.013311
1780456767,121.733171
1780456767,114.066316
1780456767,121.776063
1780456767,122.429106
1780456767,121.486538
1780456767,122.483816
1780456767,106.069591
1780456767,113.153587
1780456767,120.592604
1780456767,113.245455
1780456767,112.671279
1780456767,119.010408
1780456767,122.576851
1780456767,121.934853
1780456767,122.210999
1780456767,106.562156
1780456767,122.741310
1780456767,106.732536
1780456767,114.742818
1780456767,114.487103
1780456767,112.342747
1780456767,122.426206
1780456767,107.532305
1780456767,115.939571
1780456767,106.291937
1780456767,111.003216
1780456767,106.189077
1780456767,106.930550
1780456767,103.661315
1780456767,113.327144
1780456767,113.523986
1780456767,113.832257
1780456767,113.963152
1780456767,114.516165
1780456767,114.333837
1780456767,114.610655
1780456767,114.758526
1780456767,114.645193
1780456767,136.539820
1780456767,136.544646
1780456767,136.303872
1780456767,123.660970
1780456767,123.651129
1780456767,124.050352
1780456767,126.734661
1780456767,115.222631
1780456767,115.105179
1780456767,115.108377
1780456767,110.490993
1780456767,115.744624
1780456767,115.962880
1780456767,115.928523
1780456767,117.386436
1780456767,117.493668
1780456767,107.577296
1780456767,119.754497
1780456767,119.834714
1780456767,110.168055
1780456767,109.251949
1780456767,110.713823
1780456767,110.917741
1780456767,107.303467
1780456767,111.022481
1780456767,108.967167
1780456767,109.307890
1780456767,105.284919
1780456767,113.493262
1780456767,109.655734
1780456767,108.567355
1780456767,108.021591
1780456767,108.169695
1780456767,103.530158
1780456767,112.379386
1780456767,110.150722
1780456767,102.812811
1780456767,116.664162
1780456767,116.003247
1780456767,110.563205
1780456767,103.097196
1780456767,106.540764
1780456767,103.388914
1780456767,115.688013
1780456767,112.035336
1780456767,115.438035
1780456767,118.625870
1780456767,111.638200
1780456767,109.702065
1780456767,112.356618
1780456767,108.025170
1780456767,108.109782
1780456767,106.110282
1780456767,112.191411
1780456767,109.691332
1780456767,111.055647
1780456767,115.638258
1780456767,111.315209
1780456767,109.220150
1780456767,118.335274
1780456767,115.266085
1780456767,115.380649
1780456767,115.890353
1780456767,115.949066
1780456767,115.895111
1780456767,116.913068
1780456767,121.319274
1780456767,107.062345
1780456767,111.223566
1780456767,116.311721
1780456767,108.340247
1780456767,110.677064
1780456767,109.470421
1780456767,105.285934
1780456767,109.575196
1780456767,107.500760
1780456767,108.113896
1780456767,114.218756
1780456767,112.569747
1780456767,114.174279
1780456767,114.247523
1780456767,109.304632
1780456767,110.282959
1780456767,111.243141
1780456767,105.365021
1780456767,105.620420
1780456767,103.758903
1780456767,104.198936
1780456767,106.263974
1780456767,115.591013
1780456767,117.040439
1780456767,106.022867
1780456767,117.212289
1780456767,104.202879
1780456767,104.433367
1780456767,103.805593
1780456767,105.868397
1780456767,105.334079
1780456767,106.569916
1780456767,105.550180
1780456767,104.064172
1780456767,106.866738
1780456767,104.473248
1780456767,107.890983
1780456767,108.232419
1780456767,107.340369
1780456767,108.299465
1780456767,105.617059
1780456767,105.905968
1780456767,105.007753
1780456767,108.651109
1780456767,105.093213
1780456767,107.855273
1780456767,105.242785
1780456767,105.042644
1780456767,105.117002
1780456767,104.194644
1780456767,107.533269
1780456767,106.052055
1780456767,106.003005
1780456767,105.443752
1780456767,110.554306
1780456767,103.863823
1780456767,109.481407
1780456767,105.623988
1780456767,110.457837
1780456767,110.654245
1780456767,105.713155
1780456767,105.786412
1780456767,106.161621
1780456767,110.466259
1780456767,106.284282
1780456767,108.742132
1780456767,108.802076
1780456767,104.503742
1780456767,106.852131
1780456767,107.474651
1780456767,108.831722
1780456767,111.184256
1780456767,111.460152
1780456767,108.735660
1780456767,111.564741
1780456767,111.520946
1780456767,110.403770
1780456767,109.599303
1780456767,114.037942
1780456767,120.197920
1780456767,110.490121
1780456767,108.472577
1780456767,114.144495
1780456767,120.344173
1780456767,112.977956
1780456767,109.716550
1780456767,108.385510
1780456767,108.282627
1780456767,105.273380
1780456767,112.036762
1780456767,109.938765
1780456767,110.140644
1780456767,110.050757
1780456767,106.978519
1780456767,107.246448
1780456767,107.155857
1780456767,106.639757
1780456767,106.731466
1780456767,107.296134
1780456767,106.531109
1780456767,108.032640
1780456767,106.917924
1780456767,108.448062
1780456767,108.564289
1780456767,106.808323
1780456767,106.955828
1780456767,106.959203
1780456767,110.439899
1780456767,105.396330
1780456767,107.344773
1780456767,107.427993
1780456767,107.411006
1780456767,107.577635
1780456767,107.193773
1780456767,108.983384
1780456767,105.385970
1780456767,107.791493
1780456767,104.845005
1780456767,104.180268
1780456767,109.481859
1780456767,107.232390
1780456767,107.274804
1780456767,104.010034
1780456767,103.696666
1780456767,103.293010
1780456767,106.830499
1780456767,103.707487
1780456767,109.238458
1780456767,108.417178
1780456767,103.889740
1780456767,109.321031
1780456767,107.619091
1780456767,104.908656
1780456767,109.363980
1780456767,104.026624
1780456767,105.329216
1780456767,107.382630
1780456767,104.144031
1780456767,103.686816
1780456767,104.393992
1780456767,106.006063
1780456767,107.317240
1780456767,103.473573
1780456767,104.129992
1780456767,109.101632
1780456767,108.928177
1780456767,103.258697
1780456767,110.921703
1780456767,110.249700
1780456767,106.292381
1780456767,109.586613
1780456767,103.983995
1780456767,105.385469
1780456767,110.065759
1780456767,111.012258
1780456767,106.041950
1780456767,110.430159
1780456767,109.884067
1780456767,106.538069
1780456767,107.026053
1780456767,104.723947
1780456767,107.679407
1780456767,104.818639
1780456767,106.413726
1780456767,105.093168
1780456767,106.498848
1780456767,103.497355
1780456767,106.321733
1780456767,105.028430
1780456767,106.587020
1780456767,105.240653
1780456767,106.977040
1780456767,106.989942
1780456767,105.026905
1780456767,105.376446
1780456767,106.166815
1780456767,104.062618
1780456767,104.619431
1780456767,108.139552
1780456767,107.929185
1780456767,108.074887
1780456767,107.961215
1780456767,106.504195
1780456767,108.119301
1780456767,106.660753
1780456767,106.764612
1780456767,106.464435
1780456767,105.101068
1780456767,103.826524
1780456767,106.942890
1780456767,106.754106
1780456767,106.705125
1780456767,107.109029
1780456767,107.031449
1780456767,109.002272
1780456767,107.659240
1780456767,109.130373
1780456767,107.973943
1780456767,108.291350
1780456767,108.026401
1780456767,109.129490
1780456767,104.767924
1780456767,106.539020
1780456767,105.022534
1780456767,106.702483
1780456767,106.631187
1780456767,106.739619
1780456767,108.368131
1780456767,106.799640
1780456767,108.416080
1780456767,107.961824
1780456767,107.920524
1780456767,109.888902
1780456767,108.053813
1780456767,110.068475
1780456767,107.228722
1780456767,108.629065
1780456767,107.905072
1780456767,110.328280
1780456767,105.717886
1780456767,103.713250
1780456767,110.236004
1780456767,112.071129
1780456767,110.305098
1780456767,106.018223
1780456767,108.915178
1780456767,108.464313
1780456767,112.347588
1780456767,103.003306
1780456767,104.696724
1780456767,104.763686
1780456767,104.884586
1780456767,106.320558
1780456767,106.301585
1780456767,103.786060
1780456767,104.271548
1780456767,104.300442
1780456767,103.596174
1780456767,103.384021
1780456767,103.650603
1780456767,108.954446
1780456767,104.041601
1780456767,110.630780
1780456767,104.871766
1780456767,105.165630
1780456767,105.115088
1780456767,111.604447
1780456767,105.587899
1780456767,109.081928
1780456767,105.203741
1780456767,105.262124
1780456767,109.287640
1780456767,109.346359
1780456767,105.447960
1780456767,109.463702
1780456767,105.424033
1780456767,105.360452
1780456767,105.839707
1780456767,105.772760
1780456767,105.876116
1780456767,103.529714
1780456767,111.011930
1780456767,109.706543
1780456767,109.720042
1780456767,106.139961
1780456767,111.390697
1780456767,104.976058
1780456767,106.292770
1780456767,106.486236
1780456767,106.689884
1780456767,106.586055
1780456767,104.068106
1780456767,106.903737
1780456767,107.043200
1780456767,106.464505
1780456767,105.245511
1780456767,109.724533
1780456767,106.768037
1780456767,106.625607
1780456767,108.648808
1780456767,104.429851
1780456767,104.442979
1780456767,109.329247
1780456767,104.011508
1780456767,108.518701
1780456767,108.536271
1780456767,109.050196
1780456767,105.461867
1780456767,105.529559
1780456767,105.680733
1780456767,111.336005
1780456767,105.689654
1780456767,108.798690
1780456767,104.449808
1780456767,108.831000
1780456767,109.168593
1780456767,109.017961
1780456767,108.479718
1780456767,108.954186
1780456767,109.357311
1780456767,109.284132
1780456767,105.551439
1780456767,109.798288
1780456767,107.380304
1780456767,107.370621
1780456767,109.987637
1780456767,109.940196
1780456767,107.592859
1780456767,107.502977
1780456767,107.575636
1780456767,106.497788
1780456767,106.574741
1780456767,105.433972
1780456767,108.429976
1780456767,105.576374
1780456767,105.682562
1780456767,105.684320
1780456767,105.835278
1780456767,110.080065
1780456767,105.865946
1780456767,108.597812
1780456767,105.250899
1780456767,107.125192
1780456767,105.464481
1780456767,105.527901
1780456767,105.435947
1780456767,105.686029
1780456767,105.756887
1780456767,105.884927
1780456767,105.820258
1780456767,107.313777
1780456767,106.151851
1780456767,106.150675
1780456767,110.604934
1780456767,110.599206
1780456767,105.895103
1780456767,106.205584
1780456767,107.707829
1780456767,105.727530
1780456767,110.812746
1780456767,105.863874
1780456767,110.942863
1780456767,111.016701
1780456767,110.147527
1780456767,109.640197
1780456767,110.365055
1780456767,108.278225
1780456767,109.784560
1780456767,104.935763
1780456767,109.900004
1780456767,104.972123
1780456767,110.010162
1780456767,111.144239
1780456767,106.586578
1780456767,108.501315
1780456767,105.070382
1780456767,111.330954
1780456767,105.221473
1780456767,108.611576
1780456767,111.474470
1780456767,111.542749
1780456767,105.399037
1780456767,107.098209
1780456767,108.567646
1780456767,105.202608
1780456767,107.164470
1780456767,108.907130
1780456767,105.532342
1780456767,109.093988
1780456767,109.002556
1780456767,107.343944
1780456767,108.089547
1780456767,106.545921
1780456767,108.779988
1780456767,108.743016
1780456767,108.812161
1780456767,108.958771
1780456767,108.550092
1780456767,108.740927
1780456767,108.697736
1780456767,106.821478
1780456767,107.156709
1780456767,108.750616
1780456767,109.608265
1780456767,109.080381
1780456767,109.055818
1780456767,109.067614
1780456767,109.472996
1780456767,107.620931
1780456767,109.672953
1780456767,109.341240
1780456767,109.300361
1780456767,110.136112
1780456767,108.202621
1780456767,109.730253
1780456767,108.136460
1780456767,108.478374
1780456767,108.148503
1780456767,108.373285
1780456767,108.725719
1780456767,109.853038
1780456767,110.190931
1780456767,110.211801
1780456767,110.344765
1780456767,108.816319
1780456767,110.037959
1780456767,109.634420
1780456767,110.062100
1780456767,108.894024
1780456767,110.267049
1780456767,110.430808
1780456767,109.112233
1780456767,109.943676
1780456767,110.725893
1780456767,110.759557
1780456767,110.920895
1780456767,105.409377
1780456767,105.552356
1780456767,107.787715
1780456767,107.865701
1780456767,105.268977
1780456767,109.594508
1780456767,105.293446
1780456767,106.758351
1780456767,108.004005
1780456767,108.163311
1780456767,108.265327
1780456767,109.869016
1780456767,110.623809
1780456767,111.373350
1780456767,105.915671
1780456767,106.185718
1780456767,107.267725
1780456767,106.225399
1780456767,107.328320
1780456767,107.325171
1780456767,107.255329
1780456767,107.341084
1780456767,103.990312
1780456767,108.554928
1780456767,106.057672
1780456767,108.589241
1780456767,108.832099
1780456767,108.824071
1780456767,106.563217
1780456767,106.304323
1780456767,106.488916
1780456767,106.626500
1780456767,106.691994
1780456767,106.692960
1780456767,106.793008
1780456767,107.584173
1780456767,107.577236
1780456767,109.338049
1780456767,107.744709
1780456767,109.537581
1780456767,109.644628
1780456767,109.660655
1780456767,109.895426
1780456767,107.774702
1780456767,108.072288
1780456767,108.094393
1780456767,104.877655
1780456767,106.401825
1780456767,108.937937
1780456767,105.108331
1780456767,108.414523
1780456767,105.522039
1780456767,105.801992
1780456767,105.923327
1780456767,104.593601
1780456767,107.381100
1780456767,107.476987
1780456767,104.654921
1780456767,110.460699
1780456767,106.107349
1780456767,109.097867
1780456767,111.118662
1780456767,103.308472
1780456767,112.553925
1780456767,111.831248
1780456767,112.977294
1780456767,112.769879
1780456767,113.389516
1780456767,108.620964
1780456767,113.767024
1780456767,113.124309
1780456767,113.657257
1780456767,117.535236
1780456767,111.434513
1780456767,113.938532
1780456767,108.524822
1780456767,107.095715
1780456767,109.107502
1780456767,114.722942
1780456767,117.643885
1780456767,115.609224
1780456767,115.620251
1780456767,110.673247
1780456767,117.560331
1780456767,112.022847
1780456767,112.089709
1780456767,111.974603
1780456767,113.539614
1780456767,113.385822
1780456767,118.127307
1780456767,117.865491
1780456767,112.391334
1780456767,115.762943
1780456767,118.194682
1780456767,112.491391
1780456767,118.646716
1780456767,112.808871
1780456767,111.503618
1780456767,120.890964
1780456767,108.383448
1780456767,114.303975
1780456767,109.741879
1780456767,109.840980
1780456767,110.715986
1780456767,114.567897
1780456767,110.607103
1780456767,115.675226
1780456767,110.764972
1780456767,113.263806
1780456767,112.061863
1780456767,117.105567
1780456767,111.150433
1780456767,112.327690
1780456767,112.337125
1780456767,107.043967
1780456767,108.003459
1780456767,108.033425
1780456767,108.142001
1780456767,108.016899
1780456767,117.171782
1780456767,117.133995
1780456767,109.380477
1780456767,110.744895
1780456767,116.855166
1780456767,109.016876
1780456767,110.077190
1780456767,110.119565
1780456767,114.300621
1780456767,113.629774
1780456767,103.915455
1780456767,107.774471
1780456767,107.907698
1780456767,106.475348
1780456767,116.229404
1780456767,107.960828
1780456767,109.651266
1780456767,108.245602
1780456767,109.773208
1780456767,110.638178
1780456767,108.257176
1780456767,107.734833
1780456767,104.274788
1780456767,116.462759
1780456767,117.838892
1780456767,117.996216
1780456767,117.988040
1780456767,118.095624
1780456767,119.747125
1780456767,110.248645
1780456767,119.888133
1780456767,110.045383
1780456767,117.045827
1780456767,108.788082
1780456767,104.841803
1780456767,108.465733
1780456767,109.166712
1780456767,108.853123
1780456767,109.222493
1780456767,109.367875
1780456767,114.889069
1780456767,117.174758
1780456767,106.509180
1780456767,120.422025
1780456767,111.603565
1780456767,107.926809
1780456767,112.911896
1780456767,109.489331
1780456767,120.946859
1780456767,115.205015
1780456767,114.408767
1780456767,114.543143
1780456767,111.938025
1780456767,112.111165
1780456767,121.580634
1780456767,105.402522
1780456767,105.734567
1780456767,109.224986
1780456767,116.490813
1780456767,107.073372
1780456767,110.098887
1780456767,105.875296
1780456767,107.105723
1780456767,110.074227
1780456767,110.226927
1780456767,116.787664
1780456767,116.998982
1780456767,120.763016
1780456767,108.874494
1780456767,108.734652
1780456767,121.035289
1780456767,110.589632
1780456767,109.328581
1780456767,106.441413
1780456767,109.790473
1780456767,105.268906
1780456767,121.477628
1780456767,110.021683
1780456767,117.561982
1780456767,117.391699
1780456767,106.699430
1780456767,108.064159
1780456767,106.887396
1780456767,116.705062
1780456767,105.588617
1780456767,105.450726
1780456767,105.516226
1780456767,110.022750
1780456767,117.624365
1780456767,104.021316
1780456767,119.217709
1780456767,103.240477
1780456767,108.456384
1780456767,108.598928
1780456767,119.225366
1780456767,107.567618
1780456767,107.393654
1780456767,107.507018
1780456767,110.221075
1780456767,107.738295
1780456767,108.623540
1780456767,106.293302
1780456767,118.097558
1780456767,105.002429
1780456767,119.851796
1780456767,106.757105
1780456767,119.074752
1780456767,119.091866
1780456767,108.057909
1780456767,104.449041
1780456767,118.220188
1780456767,105.504267
1780456767,106.991815
1780456767,106.949953
1780456767,107.223826
1780456767,108.320484
1780456767,107.246601
1780456767,105.809416
1780456767,118.240564
1780456767,106.237689
1780456767,108.165848
1780456767,117.332859
1780456767,118.426790
1780456767,117.545283
1780456767,103.553503
1780456767,108.089637
1780456767,108.160363
1780456767,107.271187
1780456767,121.790109
1780456767,120.890800
1780456767,120.964076
1780456767,121.086878
1780456767,107.371175
1780456767,118.947404
1780456767,118.941726
1780456767,103.527295
1780456767,120.552501
1780456767,118.299472
1780456767,105.051123
1780456767,117.820043
1780456767,103.532316
1780456767,116.467333
1780456767,107.663008
1780456767,116.578474
1780456767,109.925603
1780456767,110.055708
1780456767,115.765925
1780456767,105.541570
1780456767,117.647725
1780456767,110.887022
1780456767,109.893975
1780456767,103.785439
1780456767,103.943558
1780456767,105.300665
1780456767,118.179964
1780456767,117.887725
1780456767,117.125225
1780456767,108.214002
1780456767,119.641205
1780456767,115.369289
1780456767,106.563240
1780456767,108.088757
1780456767,116.695466
1780456767,104.166790
1780456767,109.597720
1780456767,108.374068
1780456767,111.574807
1780456767,110.503398
1780456767,111.845043
1780456767,109.762007
1780456767,118.062404
1780456767,117.621950
1780456767,105.010499
1780456767,104.896010
1780456767,108.993441
1780456767,118.169969
1780456767,108.687722
1780456767,116.547268
1780456767,109.221631
1780456767,107.828074
1780456767,118.442007
1780456767,118.133182
1780456767,107.619860
1780456767,109.079354
1780456767,109.395651
1780456767,110.800881
1780456767,110.798665
1780456767,117.149962
1780456767,117.216859
1780456767,120.034692
1780456767,118.309344
1780456767,117.374937
1780456767,118.435266
1780456767,107.136202
1780456767,112.575009
1780456767,105.156656
1780456767,105.159847
1780456767,105.278259
1780456767,116.314541
1780456767,105.418098
1780456767,117.494462
1780456767,117.804727
1780456767,107.631166
1780456767,106.907780
1780456767,111.676999
1780456767,109.741371
1780456767,110.752268
1780456767,107.694148
1780456767,112.388347
1780456767,118.305016
1780456767,118.429982
1780456767,107.594794
1780456767,108.323758
1780456767,112.398905
1780456767,118.896811
1780456767,111.274892
1780456767,110.630453
1780456767,107.925034
1780456767,116.217197
1780456767,110.294430
1780456767,110.992110
1780456767,120.375108
1780456767,111.981617
1780456767,116.393499
1780456767,105.956155
1780456767,109.411264
1780456767,105.055790
1780456767,106.050789
1780456767,111.017974
1780456767,111.150179
1780456767,106.308140
1780456767,106.384655
1780456767,120.171013
1780456767,118.840719
1780456767,102.757164
1780456767,110.251469
1780456767,106.696700
1780456767,120.110887
1780456767,105.700493
1780456767,106.671803
1780456767,110.361667
1780456767,119.150897
1780456767,108.276655
1780456767,106.910744
1780456767,119.445330
1780456767,107.214070
1780456767,105.206853
1780456767,120.794390
1780456767,110.775160
1780456767,105.180050
1780456767,119.897230
1780456767,105.117871
1780456767,104.313248
1780456767,111.145667
1780456767,107.085607
1780456767,107.008640
1780456767,118.860399
1780456767,107.151704
1780456767,119.041223
1780456767,105.134458
1780456767,116.519981
1780456767,103.611230
1780456767,118.724275
1780456767,107.671654
1780456767,116.633605
1780456767,107.007939
1780456767,109.103802
1780456767,111.757741
1780456767,107.913822
1780456767,121.559475
1780456767,112.128199
1780456767,119.206526
1780456767,108.549806
1780456767,107.302540
1780456767,117.163094
1780456767,105.510826
1780456767,110.852907
1780456767,110.945931
1780456767,106.038939
1780456767,108.450729
1780456767,111.166826
1780456767,121.903973
1780456767,104.534728
1780456767,106.122248
1780456767,119.322212
1780456767,116.960599
1780456767,110.356450
1780456767,109.307150
1780456767,109.313451
1780456767,108.134945
1780456767,109.522946
1780456767,112.257818
1780456767,123.116216
1780456767,112.363998
1780456767,108.739266
1780456767,108.624006
1780456767,121.162094
1780456767,108.248600
1780456767,107.124601
1780456767,108.978546
1780456767,110.443122
1780456767,123.247158
1780456767,107.335430
1780456767,123.517516
1780456767,111.735272
1780456767,112.739617
1780456767,107.616802
1780456767,115.551921
1780456767,105.666901
1780456767,116.238619
1780456767,114.387080
1780456767,116.675687
1780456767,116.705330
1780456767,118.757431
1780456767,109.402059
1780456767,109.523186
1780456767,119.386667
1780456767,119.276003
1780456767,105.941133
1780456767,105.788249
1780456767,106.199486
1780456767,111.399466
1780456767,104.669775
1780456767,104.811152
1780456767,114.922605
1780456767,115.160648
1780456767,106.547749
1780456767,106.583047
1780456767,117.669869
1780456767,105.196888
1780456767,106.755182
1780456767,104.848759
1780456767,114.514318
1780456767,120.865355
1780456767,107.225030
1780456767,118.021559
1780456767,104.653765
1780456767,105.783030
1780456767,118.275388
1780456767,104.655077
1780456767,114.029849
1780456767,114.103832
1780456767,103.774539
1780456767,118.633773
1780456767,103.850749
1780456767,113.574561
1780456767,105.658661
1780456767,113.545962
1780456767,104.153999
1780456767,104.456641
1780456767,117.426003
1780456767,113.723736
1780456767,114.008883
1780456767,104.162501
1780456767,117.757208
1780456767,104.810430
1780456767,106.328694
1780456767,116.871881
1780456767,113.006767
1780456767,103.919843
1780456767,116.041947
1780456767,113.605148
1780456767,116.420132
1780456767,112.251956
1780456767,112.396918
1780456767,112.403902
1780456767,115.652345
1780456767,115.772179
1780456767,114.276356
1780456767,114.415252
1780456767,114.003846
1780456767,114.095408
1780456767,104.628903
1780456767,116.432453
1780456767,109.775463
1780456767,109.792054
1780456767,111.542842
1780456767,111.645633
1780456767,109.317984
1780456767,111.674054
1780456767,109.175693
1780456767,112.261994
1780456767,112.155391
1780456767,112.401978
1780456767,108.191554
1780456767,108.347972
1780456767,116.013135
1780456767,111.401735
1780456767,110.808330
1780456767,110.053998
1780456767,111.772462
1780456767,111.821909
1780456767,110.483580
1780456767,113.289149
1780456767,113.805734
1780456767,109.487305
1780456767,113.754572
1780456767,109.373362
1780456767,108.955030
1780456767,108.988912
1780456767,108.312327
1780456767,107.097053
1780456767,108.879828
1780456767,109.111017
1780456767,115.466302
1780456767,109.069966
1780456767,108.824744
1780456767,108.885397
1780456767,107.280794
1780456767,111.350737
1780456767,113.717646
1780456767,110.019306
1780456767,105.611485
1780456767,118.248500
1780456767,111.866586
1780456767,105.742691
1780456767,108.641454
1780456767,108.739036
1780456767,113.017503
1780456767,114.209345
1780456767,111.946817
1780456767,112.240455
1780456767,105.908909
1780456767,118.659440
1780456767,110.346596
1780456767,117.105774
1780456767,107.190362
1780456767,104.356028
1780456767,112.572386
1780456767,107.346659
1780456767,104.465908
1780456767,111.217188
1780456767,111.269193
1780456767,108.138833
1780456767,108.251234
1780456767,118.182219
1780456767,118.687999
1780456767,119.054135
1780456767,114.025016
1780456767,113.890572
1780456767,112.029581
1780456767,117.834032
1780456767,112.359530
1780456767,118.030798
1780456767,110.940935
1780456767,120.850734
1780456767,114.151182
1780456767,125.569249
1780456767,106.136915
1780456767,107.903659
1780456767,112.560172
1780456767,104.918861
1780456767,108.210294
1780456767,116.134581
1780456767,106.427144
1780456767,108.149483
1780456767,117.009762
1780456767,112.140526
1780456767,110.083427
1780456767,111.547609
1780456767,108.708004
1780456767,108.549203
1780456767,108.710195
1780456767,113.264838
1780456767,113.196288
1780456767,118.366114
1780456767,108.941065
1780456767,118.719038
1780456767,118.880970
1780456767,115.104203
1780456767,105.764932
1780456767,105.059221
1780456767,107.215946
1780456767,115.247166
1780456767,115.503071
1780456767,107.261220
1780456767,116.639795
1780456767,115.492633
1780456767,117.220857
1780456767,108.166142
1780456767,113.824921
1780456767,110.256114
1780456767,118.204217
1780456767,111.173409
1780456767,113.143514
1780456767,114.173850
1780456767,114.148860
1780456767,113.312961
1780456767,115.984765
1780456767,115.700867
1780456767,115.893695
1780456767,109.895651
1780456767,117.609285
1780456767,119.863199
1780456767,116.164970
1780456767,119.549574
1780456767,118.616574
1780456767,117.631777
1780456767,120.316706
1780456767,118.819201
1780456767,117.957039
1780456767,122.045642
1780456767,114.713746
1780456767,108.317962
1780456767,113.953727
1780456767,105.343409
1780456767,105.863014
1780456767,114.832617
1780456767,105.896651
1780456767,106.968250
1780456767,107.208306
1780456767,115.026238
1780456767,106.175335
1780456767,115.013214
1780456767,107.320916
1780456767,107.388305
1780456767,107.497819
1780456767,108.278211
1780456767,107.323704
1780456767,109.660153
1780456767,109.026603
1780456767,116.853857
1780456767,113.895236
1780456767,117.400914
1780456767,110.608853
1780456767,119.722017
1780456767,109.127989
1780456767,121.130518
1780456767,115.770216
1780456767,117.506985
1780456767,117.308152
1780456767,115.960942
1780456767,117.385921
1780456767,116.027545
1780456767,117.405818
1780456767,113.068630
1780456767,124.242488
1780456767,117.831255
1780456767,115.228320
1780456767,108.278554
1780456767,119.607012
1780456767,125.846635
1780456767,115.988794
1780456767,121.208977
1780456767,124.702176
1780456767,119.587782
1780456767,108.628699
1780456767,110.631003
1780456767,103.525327
1780456767,103.821269
1780456767,113.556669
1780456767,104.318708
1780456767,113.707497
1780456767,106.260779
1780456767,113.740812
1780456767,115.040063
1780456767,107.645747
1780456767,108.829783
1780456767,104.615071
1780456767,106.496112
1780456767,104.532922
1780456767,107.211386
1780456767,103.285918
1780456767,104.534154
1780456767,107.267959
1780456767,106.227281
1780456767,105.930462
1780456767,107.120626
1780456767,106.958537
1780456767,107.132770
1780456767,107.368520
1780456767,107.123518
1780456767,107.361830
1780456767,105.200662
1780456767,105.208085
1780456767,104.271536
1780456767,103.515148
1780456767,103.519721
1780456767,105.088180
1780456767,104.826909
1780456767,108.550469
1780456767,106.951129
1780456767,108.112384
1780456767,108.595439
1780456767,107.383683
1780456767,109.144914
1780456767,106.328034
1780456767,108.560760
1780456767,108.963574
1780456767,108.428496
1780456767,103.415558
1780456767,109.596982
1780456767,108.253927
1780456767,106.034699
1780456767,111.266056
1780456767,103.397321
1780456767,107.483266
1780456767,108.320122
1780456767,104.553718
1780456767,108.305556
1780456767,108.307295
1780456767,108.269936
1780456767,108.655941
1780456767,102.857842
1780456767,110.222448
1780456767,111.930846
1780456767,108.697242
1780456767,110.231900
1780456767,103.559132
1780456767,107.687660
1780456767,110.308545
1780456767,104.113198
1780456767,107.277061
1780456767,109.413503
1780456767,111.223601
1780456767,107.493321
1780456767,111.036793
1780456767,111.171903
1780456767,111.601881
1780456767,111.485398
1780456767,109.337818
1780456767,109.437019
1780456767,106.337391
1780456767,111.163703
1780456767,109.600442
1780456767,111.859599
1780456767,116.093402
1780456767,109.487460
1780456767,110.030559
1780456767,112.375808
1780456767,110.862224
1780456767,112.641665
1780456767,115.730503
1780456767,111.809518
1780456767,113.662955
1780456767,111.771866
1780456767,112.361410
1780456767,115.071919
1780456767,109.454853
1780456767,103.461569
1780456767,111.551754
1780456767,106.780018
1780456767,111.586532
1780456767,111.770863
1780456767,109.099822
1780456767,110.877502
1780456767,112.880122
1780456767,110.979533
1780456767,106.858454
1780456767,106.937057
1780456767,109.596596
1780456767,112.405302
1780456767,113.660127
1780456767,109.464783
1780456767,108.039093
1780456767,108.193919
1780456767,113.285265
1780456767,113.026051
1780456767,111.764253
1780456767,106.838851
1780456767,108.346942
1780456767,105.873380
1780456767,110.284558
1780456767,111.290541
1780456767,106.149218
1780456767,111.590332
1780456767,111.430866
1780456767,106.417872
1780456767,112.464849
1780456767,104.040154
1780456767,106.706360
1780456767,104.886087
1780456767,106.681149
1780456767,108.685590
1780456767,106.974706
1780456767,108.791184
1780456767,106.371452
1780456767,107.474637
1780456767,105.077479
1780456767,106.692169
1780456767,107.681017
1780456767,104.969320
1780456767,107.073028
1780456767,105.433058
1780456767,105.857033
1780456767,105.492065
1780456767,107.343520
1780456767,107.159995
1780456767,105.526434
1780456767,104.119326
1780456767,106.422068
1780456767,106.286837
1780456767,106.364377
1780456767,106.858378
1780456767,106.562414
1780456767,106.756513
1780456767,106.995068
1780456767,106.729611
1780456767,103.013270
1780456767,107.047589
1780456767,107.587484
1780456767,107.243871
1780456767,107.570115
1780456767,105.987309
1780456767,103.831884
1780456767,106.281980
1780456767,107.825691
1780456767,107.720586
1780456767,108.296712
1780456767,106.872522
1780456767,106.078495
1780456767,107.038961
1780456767,106.464721
1780456767,106.754436
1780456767,106.476947
1780456767,106.714869
1780456767,107.299895
1780456767,107.025851
1780456767,107.342142
1780456767,107.201075
1780456767,107.191234
1780456767,107.613648
1780456767,105.299996
1780456767,107.382703
1780456767,106.967146
1780456767,107.393327
1780456767,107.880866
1780456767,106.088694
1780456767,108.221158
1780456767,107.142144
1780456767,105.807822
1780456767,104.396733
1780456767,105.337164
1780456767,106.129555
1780456767,105.433306
1780456767,106.769148
1780456767,106.177257
1780456767,106.885503
1780456767,105.906402
1780456767,106.334901
1780456767,105.778514
1780456767,105.857780
1780456767,106.322335
1780456767,105.555801
1780456767,106.515820
1780456767,106.033895
1780456767,106.894625
1780456767,103.764423
1780456767,107.144645
1780456767,103.392322
1780456767,106.967588
1780456767,105.170257
1780456767,105.867881
1780456767,104.495130
1780456767,105.433945
1780456767,105.311180
1780456767,108.286297
1780456767,104.879638
1780456767,105.454665
1780456767,104.901410
1780456767,106.502312
1780456767,105.394716
1780456767,104.442787
1780456767,105.413284
1780456767,105.320675
1780456767,104.537030
1780456767,105.850859
1780456767,105.089419
1780456767,103.699940
1780456767,105.128284
1780456767,104.157443
1780456767,103.078395
1780456767,103.231140
1780456767,106.422338
1780456767,103.178967
1780456767,106.555794
1780456767,103.392383
1780456767,103.692011
1780456767,104.066615
1780456767,105.676288
1780456767,104.096355
1780456767,104.313496
1780456767,104.165992
1780456767,104.313117
1780456767,105.902938
1780456767,105.680529
1780456767,106.028541
1780456767,105.099110
1780456767,105.437537
1780456767,105.617700
1780456767,106.384634
1780456767,108.115575
1780456767,106.371637
1780456767,105.501062
1780456767,105.516483
1780456767,105.295492
1780456767,105.851145
1780456767,107.815840
1780456767,103.917800
1780456767,108.453872
1780456767,103.387147
1780456767,109.142424
1780456767,104.975960
1780456767,110.084390
1780456767,111.198169
1780456767,105.168153
1780456767,111.167119
1780456767,105.636487
1780456767,107.492725
1780456767,105.027416
1780456767,107.643674
1780456767,107.600250
1780456767,107.870823
1780456767,104.724421
1780456767,104.702729
1780456767,105.820967
1780456767,108.811464
1780456767,108.902655
1780456767,104.109661
1780456767,107.657598
1780456767,105.132887
1780456767,108.496000
1780456767,104.414038
1780456767,105.370680
1780456767,105.282451
1780456767,104.489386
1780456767,103.302130
1780456767,106.937905
1780456767,107.157809
1780456767,107.750404
1780456767,107.310723
1780456767,107.061636
1780456767,107.181610
1780456767,107.422676
1780456767,107.356946
1780456767,104.856275
1780456767,105.098197
1780456767,104.306776
1780456767,108.544025
1780456767,105.687944
1780456767,105.589703
1780456767,105.561767
1780456767,105.777177
1780456767,107.284542
1780456767,106.206334
1780456767,105.660538
1780456767,106.410680
1780456767,105.878953
1780456767,107.106033
1780456767,103.399342
1780456767,103.406592
1780456767,103.561265
1780456767,102.868342
1780456767,104.896262
1780456767,106.018142
1780456767,104.868272
1780456767,104.075908
1780456767,106.207308
1780456767,107.408812
1780456767,107.467246
1780456767,107.539022
1780456767,104.484100
1780456767,105.218230
1780456767,105.151591
1780456767,105.479000
1780456767,106.991539
1780456767,108.787159
1780456767,108.529658
1780456767,110.770913
1780456767,110.772555
1780456767,111.524512
1780456767,110.706481
1780456767,110.546015
1780456767,110.807069
1780456767,114.096179
1780456767,110.675567
1780456767,111.692563
1780456767,111.932921
1780456767,104.578844
1780456767,105.276723
1780456767,113.193224
1780456767,104.900503
1780456767,104.925352
1780456767,105.259428
1780456767,116.780478
1780456767,104.060559
1780456767,106.724198
1780456767,106.803080
1780456767,116.984966
1780456767,117.072392
1780456767,107.808612
1780456767,107.918411
1780456767,108.027339
1780456767,107.891530
1780456767,108.062285
1780456767,108.231761
1780456767,108.408727
1780456767,109.553991
1780456767,107.991224
1780456767,107.966901
1780456767,108.879798
1780456767,118.675988
1780456767,106.042064
1780456767,109.808061
1780456767,108.033238
1780456767,108.985643
1780456767,109.126330
1780456767,120.677062
1780456767,104.198523
1780456767,105.934254
1780456767,105.941520
1780456767,106.169270
1780456767,107.073204
1780456767,107.229719
1780456767,114.370734
1780456767,107.694883
1780456767,113.901997
1780456767,114.013053
1780456767,108.631377
1780456767,105.730411
1780456767,113.652421
1780456767,114.282484
1780456767,105.069103
1780456767,106.632821
1780456767,103.960452
1780456767,111.453694
1780456767,103.979030
1780456767,112.616588
1780456767,116.849664
1780456767,118.655968
1780456767,118.823781
1780456767,106.671425
1780456767,106.676230
1780456767,105.051416
1780456767,118.779194
1780456767,104.669957
1780456767,104.804308
1780456767,114.266851
1780456767,114.315798
1780456767,114.409523
1780456767,114.489745
1780456767,105.573737
1780456767,105.764918
1780456767,105.841266
1780456767,106.786454
1780456767,103.940445
1780456767,103.756481
1780456767,104.677058
1780456767,104.756945
1780456767,104.836870
1780456767,107.746160
1780456767,104.115012
1780456767,103.811410
1780456767,104.081646
1780456767,102.846542
1780456767,117.524642
1780456767,114.852057
1780456767,112.857635
1780456767,112.745873
1780456767,112.936291
1780456767,113.060836
1780456767,113.204984
1780456767,104.240894
1780456767,113.595212
1780456767,104.596578
1780456767,104.681631
1780456767,104.605212
1780456767,113.028673
1780456767,113.551257
1780456767,103.616283
1780456767,110.676374
1780456767,110.647961
1780456767,110.580688
1780456767,110.797558
1780456767,110.463444
1780456767,109.786814
1780456767,109.436123
1780456767,109.482545
1780456767,109.473513
1780456767,109.513734
1780456767,106.965550
1780456767,107.199310
1780456767,105.893497
1780456767,107.494325
1780456767,105.790185
1780456767,106.375620
1780456767,105.449035
1780456767,104.887290
1780456767,102.939492
1780456767,104.996656
1780456767,106.255041
1780456767,104.509170
1780456767,104.687361
1780456767,110.207255
1780456767,106.435426
1780456767,110.791891
1780456767,109.844691
1780456767,111.302519
1780456767,111.689392
1780456767,112.123516
1780456767,107.778249
1780456767,108.684499
1780456767,108.302254
1780456767,110.984504
1780456767,113.498121
1780456767,109.329684
1780456767,114.602234
1780456767,120.702095
1780456767,119.584417
1780456767,121.435717
1780456767,121.980533
1780456767,121.948235
1780456767,122.327820
1780456767,122.335151
1780456767,122.464729
1780456767,122.277696
1780456767,122.600049
1780456767,122.723724
1780456767,123.517957
1780456767,123.711854
1780456767,123.372883
1780456767,124.777508
1780456767,125.139574
1780456767,124.967132
1780456767,124.706942
1780456767,125.910072
1780456767,125.346656
1780456767,126.630235
1780456767,126.146214
1780456767,127.010209
1780456767,127.402192
1780456767,127.998295
1780456767,128.352826
1780456767,134.244727
1780456767,141.371500
1780456767,137.094891
1780456767,137.888684
1780456767,128.305587
1780456767,137.218764
1780456767,138.317343
1780456767,138.050155
1780456767,139.591910
1780456767,142.098012
1780456767,119.662238
1780456767,120.117569
1780456767,121.224186
1780456767,129.632923
1780456767,129.802403
1780456767,129.970074
1780456767,121.708618
1780456767,130.631385
1780456767,130.452147
1780456767,130.773149
1780456767,135.552615
1780456767,134.136847
1780456767,135.489711
1780456767,151.147904
1780456767,147.831548
1780456767,152.294758
1780456767,128.913861
1780456767,137.101812
1780456767,138.397397
1780456767,144.430484
1780456767,143.335118
1780456767,148.382328
1780456767,158.734449
1780456767,163.702168
1780456767,168.083862
1780456767,169.079094
1780456767,169.458000
1780456767,169.578431
1780456767,170.065322
1780456767,170.418507
1780456767,167.919200
1780456767,171.813765
1780456767,173.267230
1780456767,171.626656
1780456767,172.687790
1780456767,174.105513
1780456767,172.893701
1780456767,173.684657
1780456767,172.718876
1780456767,174.929273
1780456767,175.317411
1780456767,169.357765
1780456767,170.849434
1780456767,146.079396
1780456767,176.393503
1780456767,174.270822
1780456767,174.922418
1780456767,175.924029
1780456767,175.107061
1780456767,172.604660
1780456767,177.261312
1780456767,176.070169
1780456767,177.298931
1780456767,178.049442
1780456767,178.126922
1780456767,178.716633
1780456767,179.459568
1780456767,178.971359
1780456767,178.116330
1780456767,178.432262
1780456767,180.905634
1780456767,181.183068
1780456767,147.219417
1780456767,180.100500
1780456767,153.792064
1780456767,182.340793
1780456767,152.185714
1780456767,182.654439
1780456767,152.538246
1780456767,181.916376
1780456767,155.187852
1780456767,182.169274
1780456767,155.744322
1780456767,181.679110
1780456767,181.801092
1780456767,183.517395
1780456767,161.536711
1780456767,162.137446
1780456767,157.068300
1780456767,169.177872
1780456767,168.204830
1780456767,169.053099
1780456767,170.766376
1780456767,169.793914
1780456767,164.346527
1780456767,170.911063
1780456767,164.148714
1780456767,171.923774
1780456767,163.212460
1780456767,171.084281
1780456767,164.211735
1780456767,164.581601
1780456767,172.522865
1780456767,172.763195
1780456767,163.561001
1780456767,172.895482
1780456767,163.773816
1780456767,172.266426
1780456767,164.322965
1780456767,172.231567
1780456767,163.828250
1780456767,173.305607
1780456767,164.449938
1780456767,172.289495
1780456767,164.718926
1780456767,173.504818
1780456767,164.816056
1780456767,173.145455
1780456767,165.093185
1780456767,170.535112
1780456767,163.860140
1780456767,173.307410
1780456767,173.641607
1780456767,174.259405
1780456767,164.310037
1780456767,173.907052
1780456767,164.390514
1780456767,173.575925
1780456767,164.477733
1780456767,174.345125
1780456767,164.625001
1780456767,173.955970
1780456767,166.793322
1780456767,175.127477
1780456767,164.253420
1780456767,176.693406
1780456767,164.941679
1780456767,175.131271
1780456767,164.464347
1780456767,175.355323
1780456767,164.473107
1780456767,175.269128
1780456767,165.112746
1780456767,178.566298
1780456767,165.044408
1780456767,165.386083
1780456767,165.996224
1780456767,178.269328
1780456767,175.603562
1780456767,166.545111
1780456767,168.353957
1780456767,179.784996
1780456767,167.138153
1780456767,178.855309
1780456767,179.402658
1780456767,160.150637
1780456767,170.345370
1780456767,172.395680
1780456767,177.876587
1780456767,172.479526
1780456767,177.394615
1780456767,177.265539
1780456767,173.382018
1780456767,177.591348
1780456767,174.030849
1780456767,179.117425
1780456767,173.914630
1780456767,178.478505
1780456767,174.395420
1780456767,182.054573
1780456767,174.768542
1780456767,183.115336
1780456767,162.126703
1780456767,182.468730
1780456767,180.329693
1780456767,184.438462
1780456767,185.006013
1780456767,185.501228
1780456767,185.538107
1780456767,185.441171
1780456767,186.118191
1780456767,185.088765
1780456767,186.053339
1780456767,166.897173
1780456767,176.246014
1780456767,167.265238
1780456767,167.653843
1780456767,178.416919
1780456767,171.097768
1780456767,179.559213
1780456767,169.851070
1780456767,179.844730
1780456767,169.994395
1780456767,178.820836
1780456767,172.313343
1780456767,180.405536
1780456767,171.994073
1780456767,180.677214
1780456767,172.535925
1780456767,170.893363
1780456767,181.196601
1780456767,171.133408
1780456767,181.546212
1780456767,175.694034
1780456767,177.893349
1780456767,173.812893
1780456767,180.540546
1780456767,180.802460
1780456767,171.922408
1780456767,179.802194
1780456767,170.628332
1780456767,181.373873
1780456767,174.000532
1780456767,181.119938
1780456767,174.345677
1780456767,181.781929
1780456767,175.130633
1780456767,161.493705
1780456767,175.322846
1780456767,176.990069
1780456767,165.536283
1780456767,177.754250
1780456767,163.932823
1780456767,204.118472
1780456767,167.495307
1780456767,183.518284
1780456767,167.757572
1780456767,168.234471
1780456767,168.515265
1780456767,168.979508
1780456767,169.432493
1780456767,169.599120
1780456767,169.802782
1780456767,170.554866
1780456767,172.007443
1780456767,168.634177
1780456767,172.699727
1780456767,165.778957
1780456767,167.898813
1780456767,167.161589
1780456767,171.655552
1780456767,174.056638
1780456767,170.387360
1780456767,172.487284
1780456767,196.706512
1780456767,203.091487
1780456767,202.763771
1780456767,184.023854
1780456767,203.836628
1780456767,180.666233
1780456767,183.154647
1780456767,184.078385
1780456767,180.638304
1780456767,183.756241
1780456767,180.711233
1780456767,181.086505
1780456767,182.682298
1780456767,184.421509
1780456767,166.001754
1780456767,184.433070
1780456767,181.049531
1780456767,181.292630
1780456767,183.590614
1780456767,181.367724
1780456767,181.546283
1780456767,181.178398
1780456767,184.505267
1780456767,184.042986
1780456767,181.562213
1780456767,183.480553
1780456767,183.777311
1780456767,184.001012
1780456767,183.612280
1780456767,184.827095
1780456767,184.107267
1780456767,184.381409
1780456767,184.215728
1780456767,185.081596
1780456767,183.467021
1780456767,185.767544
1780456767,185.853225
1780456767,183.412852
1780456767,184.668602
1780456767,183.856854
1780456767,184.218509
1780456767,185.341350
1780456767,184.380674
1780456767,184.714391
1780456767,184.111513
1780456767,186.117579
1780456767,184.851558
1780456767,184.927698
1780456767,184.158816
1780456767,187.802882
1780456767,181.974466
1780456767,188.552242
1780456767,184.064378
1780456767,183.705132
1780456767,188.671828
1780456767,184.285470
1780456767,185.318842
1780456767,184.992249
1780456767,184.508054
1780456767,189.335754
1780456767,185.276724
1780456767,190.112656
1780456767,185.688490
1780456767,185.608854
1780456767,185.824758
1780456767,185.615879
1780456767,190.034830
1780456767,191.894666
1780456767,190.351856
1780456767,188.218707
1780456767,185.560963
1780456767,188.497518
1780456767,186.748305
1780456767,187.012369
1780456767,188.759959
1780456767,178.089444
1780456767,171.565254
1780456767,168.943889
1780456767,172.355554
1780456767,174.848864
1780456767,192.165078
1780456767,176.392642
1780456767,170.540022
1780456767,190.387674
1780456767,194.313498
1780456767,197.032416
1780456767,169.037828
1780456767,197.156695
1780456767,199.493919
1780456767,202.089202
1780456767,203.199597
1780456767,205.685417
1780456767,205.721123
1780456767,206.138575
1780456767,205.981101
1780456767,205.551517
1780456767,201.864376
1780456767,205.704737
1780456767,181.281973
1780456767,192.760059
1780456767,186.522278
1780456767,185.824540
1780456767,177.062541
1780456767,183.295808
1780456767,176.181177
1780456767,187.708713
1780456767,177.636026
1780456767,187.576418
1780456767,174.347393
1780456767,187.741390
1780456767,172.985599
1780456767,180.497031
1780456767,188.766452
1780456767,188.103705
1780456767,177.264296
1780456767,188.855748
1780456767,181.190457
1780456767,178.053403
1780456767,174.871283
1780456767,174.478653
1780456767,189.909158
1780456767,182.199547
1780456767,188.476300
1780456767,178.917781
1780456767,189.321256
1780456767,184.899329
1780456767,190.670684
1780456767,179.547079
1780456767,186.397847
1780456767,185.455634
1780456767,187.845404
1780456767,176.090908
1780456767,185.898552
1780456767,180.447113
1780456767,176.273735
1780456767,191.467162
1780456767,180.383257
1780456767,192.499931
1780456767,181.975993
1780456767,188.474461
1780456767,175.258647
1780456767,190.257416
1780456767,176.902098
1780456767,182.699080
1780456767,179.590988
1780456767,182.832657
1780456767,194.262809
1780456767,179.260516
1780456767,178.325071
1780456767,191.953504
1780456767,195.178304
1780456767,193.245002
1780456767,194.910409
1780456767,193.694616
1780456767,194.867154
1780456767,184.437799
1780456767,193.803872
1780456767,179.505414
1780456767,196.271878
1780456767,180.696874
1780456767,194.633626
1780456767,181.772206
1780456767,196.110748
1780456767,185.609773
1780456767,194.887716
1780456767,182.870192
1780456767,194.833542
1780456767,183.179976
1780456767,194.792086
1780456767,186.421364
1780456767,196.949752
1780456767,183.731371
1780456767,197.248162
1780456767,187.434756
1780456767,197.573716
1780456767,182.891068
1780456767,197.892446
1780456767,183.839918
1780456767,197.977504
1780456767,196.615785
1780456767,188.270868
1780456767,187.134969
1780456767,197.892094
1780456767,188.763610
1780456767,189.167801
1780456767,197.667733
1780456767,188.029137
1780456767,198.132618
1780456767,191.830348
1780456767,198.050782
1780456767,188.610695
1780456767,189.427231
1780456767,203.779295
1780456767,192.383150
1780456767,189.733465
1780456767,190.059558
1780456767,192.989781
1780456767,196.795728
1780456767,195.487955
1780456767,190.515538
1780456767,182.846387
1780456767,187.160161
1780456767,187.336745
1780456767,176.718309
1780456767,209.927132
1780456767,210.016816
1780456767,200.720381
1780456767,209.278397
1780456767,213.311148
1780456767,210.637949
1780456767,200.120697
1780456767,196.526860
1780456767,199.936047
1780456767,195.550263
1780456767,200.432187
1780456767,195.374371
1780456767,197.403214
1780456767,204.367361
1780456767,211.473573
1780456767,191.294005
1780456767,189.525217
1780456767,202.122515
1780456767,191.365144
1780456767,209.538620
1780456767,191.518464
1780456767,209.870834
1780456767,195.611961
1780456767,211.190999
1780456767,206.901887
1780456767,196.348167
1780456767,196.360165
1780456767,212.513510
1780456767,189.960927
1780456767,211.271382
1780456767,204.663604
1780456767,191.444575
1780456767,204.792922
1780456767,196.993921
1780456767,205.485318
1780456767,191.879116
1780456767,201.204534
1780456767,195.654005
1780456767,206.343361
1780456767,197.092004
1780456767,208.717341
1780456767,191.820833
1780456767,210.202882
1780456767,212.957643
1780456767,194.640118
1780456767,212.867418
1780456767,192.014547
1780456767,198.244880
1780456767,198.088190
1780456767,198.309357
1780456767,194.742070
1780456767,210.346941
1780456767,198.386433
1780456767,209.005851
1780456767,212.919896
1780456767,194.397425
1780456767,212.564693
1780456767,197.684304
1780456767,213.708148
1780456767,196.783541
1780456767,195.267559
1780456767,213.463987
1780456767,196.307701
1780456767,212.765440
1780456767,198.555179
1780456767,196.346862
1780456767,197.131267
1780456767,203.068984
1780456767,202.919465
1780456767,215.502095
1780456767,195.728863
1780456767,199.433689
1780456767,196.314579
1780456767,196.002531
1780456767,198.306381
1780456767,193.482264
1780456767,199.515449
1780456767,195.727765
1780456767,195.904700
1780456767,198.684054
1780456767,213.341257
1780456767,203.847445
1780456767,197.781255
1780456767,199.100974
1780456767,212.613944
1780456767,196.005206
1780456767,196.090716
1780456767,199.539472
1780456767,203.778627
1780456767,199.702738
1780456767,199.683687
1780456767,200.458475
1780456767,198.542637
1780456767,203.937280
1780456767,197.071429
1780456767,200.413728
1780456767,200.421797
1780456767,197.931545
1780456767,196.861890
1780456767,196.678118
1780456767,196.590717
1780456767,200.743111
1780456767,197.737280
1780456767,200.722940
1780456767,198.765130
1780456767,201.018751
1780456767,197.938220
1780456767,200.619052
1780456767,198.111716
1780456767,199.658628
1780456767,199.542002
1780456767,203.532804
1780456767,204.485456
1780456767,199.902704
1780456767,198.741410
1780456767,200.273972
1780456767,199.347616
1780456767,204.402226
1780456767,202.204801
1780456767,201.116101
1780456767,199.607353
1780456767,204.913330
1780456767,202.400749
1780456767,201.382463
1780456767,202.779889
1780456767,189.506325
1780456767,203.424296
1780456767,180.814632
1780456767,201.022722
1780456767,183.659138
1780456767,205.771236
1780456767,201.515243
1780456767,190.285732
1780456767,197.591853
1780456767,181.576205
1780456767,195.458248
1780456767,186.927298
1780456767,192.467284
1780456767,190.810744
1780456767,204.110756
1780456767,182.417280
1780456767,198.442509
1780456767,185.197534
1780456767,201.854294
1780456767,191.970090
1780456767,203.720011
1780456767,185.258816
1780456767,203.709083
1780456767,189.317405
1780456767,202.568422
1780456767,189.437346
1780456767,196.091578
1780456767,191.574408
1780456767,204.580448
1780456767,184.036564
1780456767,206.357050
1780456767,191.498268
1780456767,205.218211
1780456767,190.284836
1780456767,196.992042
1780456767,196.976540
1780456767,198.755667
1780456767,184.766670
1780456767,198.853861
1780456767,196.202408
1780456767,191.289735
1780456767,197.599066
1780456767,198.096139
1780456767,198.233626
1780456767,188.522301
1780456767,199.963989
1780456767,190.611365
1780456767,200.494230
1780456767,196.016221
1780456767,182.592131
1780456767,196.489432
1780456767,188.000325
1780456767,189.600264
1780456767,194.596003
1780456767,192.786245
1780456767,193.758895
1780456767,190.426721
1780456767,171.997347
1780456767,194.971976
1780456767,190.916372
1780456767,202.087165
1780456767,183.849772
1780456767,193.514510
1780456767,189.590905
1780456767,198.079710
1780456767,186.373325
1780456767,204.275026
1780456767,189.634990
1780456767,189.833809
1780456767,190.111275
1780456767,191.721591
1780456767,194.313348
1780456767,176.340415
1780456767,196.473148
1780456767,179.399792
1780456767,194.484093
1780456767,189.683008
1780456767,193.308034
1780456767,193.224658
1780456767,207.445416
1780456767,188.654529
1780456767,201.555085
1780456767,186.452185
1780456767,197.102610
1780456767,186.804469
1780456767,194.423249
1780456767,193.403056
1780456767,207.550897
1780456767,179.597226
1780456767,200.951097
1780456767,195.401563
1780456767,201.090392
1780456767,180.413860
1780456767,196.705120
1780456767,190.052419
1780456767,196.646846
1780456767,195.236139
1780456767,197.103967
1780456767,189.634890
1780456767,201.577428
1780456767,181.597785
1780456767,197.074332
1780456767,194.949293
1780456767,198.827110
1780456767,192.331031
1780456767,202.271441
1780456767,182.913523
1780456767,205.865531
1780456767,188.759047
1780456767,197.374413
1780456767,192.529846
1780456767,197.369761
1780456767,184.063900
1780456767,209.494464
1780456767,190.731342
1780456767,207.938922
1780456767,198.686409
1780456767,195.488763
1780456767,195.990070
1780456767,199.182341
1780456767,185.211795
1780456767,200.532946
1780456767,190.750962
1780456767,198.985277
1780456767,195.215107
1780456767,202.542355
1780456767,189.134820
1780456767,199.481356
1780456767,183.327763
1780456767,198.953811
1780456767,194.332739
1780456767,201.889196
1780456767,195.685309
1780456767,201.033803
1780456767,202.421037
1780456767,201.816601
1780456767,190.418086
1780456767,201.560661
1780456767,184.624213
1780456767,209.645207
1780456767,197.595898
1780456767,204.261410
1780456767,184.659337
1780456767,202.457080
1780456767,190.156711
1780456767,202.686106
1780456767,188.106407
1780456767,199.552507
1780456767,184.806935
1780456767,202.317881
1780456767,196.365266
1780456767,201.184064
1780456767,180.679261
1780456767,200.091070
1780456767,186.034242
1780456767,199.999001
1780456767,198.063693
1780456767,202.583673
1780456767,183.588643
1780456767,201.241266
1780456767,191.663581
1780456767,198.068055
1780456767,196.409028
1780456767,203.106679
1780456767,193.555875
1780456767,201.502423
1780456767,185.798462
1780456767,200.021706
1780456767,193.130894
1780456767,199.659222
1780456767,183.741391
1780456767,202.466598
1780456767,186.385690
1780456767,209.950681
1780456767,195.810408
1780456767,199.698525
1780456767,182.845840
1780456767,191.411672
1780456767,189.581367
1780456767,201.788590
1780456767,186.431120
1780456767,182.984992
1780456767,207.121319
1780456767,193.579651
1780456767,206.302917
1780456767,189.681678
1780456767,210.386924
1780456767,186.768617
1780456767,203.544760
1780456767,203.471112
1780456767,196.600564
1780456767,213.080076
1780456767,210.862375
1780456767,191.427698
1780456767,211.117004
1780456767,196.630682
1780456767,196.628218
1780456767,203.109386
1780456767,191.718013
1780456767,201.960295
1780456767,188.939883
1780456767,211.617893
1780456767,195.579769
1780456767,210.552822
1780456767,205.303300
1780456767,190.799643
1780456767,203.238613
1780456767,201.245792
1780456767,212.070817
1780456767,185.721712
1780456767,205.145991
1780456767,186.870126
1780456767,206.777267
1780456767,200.646488
1780456767,191.496578
1780456767,110.854190
1780456767,192.225800
1780456767,195.681703
1780456767,111.448529
1780456767,187.042978
1780456767,112.951921
1780456767,192.498281
1780456767,112.000605
1780456767,201.493619
1780456767,151.879230
1780456767,189.004483
1780456767,111.539967
1780456767,197.578333
1780456767,113.913710
1780456767,190.750887
1780456767,114.530262
1780456767,195.936562
1780456767,191.213341
1780456767,114.773434
1780456767,199.115099
1780456767,111.092350
1780456767,192.281650
1780456767,191.404868
1780456767,197.740095
1780456767,199.773133
1780456767,111.525658
1780456767,192.664304
1780456767,110.323633
1780456767,191.894812
1780456767,113.115612
1780456767,197.218388
1780456767,110.668611
1780456767,190.004571
1780456767,121.835846
1780456767,112.792960
1780456767,196.335139
1780456767,111.320188
1780456767,191.282191
1780456767,192.259061
1780456767,125.402127
1780456767,192.584454
1780456767,121.221254
1780456767,206.035177
1780456767,114.328347
1780456767,113.360786
1780456767,188.188719
1780456767,153.616466
1780456767,197.728660
1780456767,113.782473
1780456767,197.928420
1780456767,189.804790
1780456767,115.960052
1780456767,194.959318
1780456767,117.128890
1780456767,202.074513
1780456767,198.582530
1780456767,114.221950
1780456767,112.857213
1780456767,192.506189
1780456767,191.153234
1780456767,155.779587
1780456767,204.700957
1780456767,114.617479
1780456767,200.369556
1780456767,115.162109
1780456767,195.282593
1780456767,157.175273
1780456767,192.952032
1780456767,157.742566
1780456767,200.145690
1780456767,126.179591
1780456767,193.691947
1780456767,190.341694
1780456767,116.856135
1780456767,122.117509
1780456767,200.421666
1780456767,117.547132
1780456767,198.773862
1780456767,117.535099
1780456767,175.871195
1780456767,117.790733
1780456767,175.214511
1780456767,116.915043
1780456767,175.982719
1780456767,117.816042
1780456767,176.742253
1780456767,188.890442
1780456767,175.659594
1780456767,123.576328
1780456767,177.872574
1780456767,117.511404
1780456767,177.884306
1780456767,180.142250
1780456767,173.492768
1780456767,124.032077
1780456767,169.241710
1780456767,154.081231
1780456767,180.269624
1780456767,117.747902
1780456767,169.309499
1780456767,114.123496
1780456767,180.376902
1780456767,169.731375
1780456767,124.247143
1780456767,180.521486
1780456767,157.572373
1780456767,169.932391
1780456767,125.536433
1780456767,180.661011
1780456767,157.460035
1780456767,169.208550
1780456767,124.657631
1780456767,176.241989
1780456767,115.407805
1780456767,176.610283
1780456767,118.822629
1780456767,180.918478
1780456767,180.914006
1780456767,118.764518
1780456767,170.882728
1780456767,205.557731
1780456767,176.455441
1780456767,176.605645
1780456767,123.432981
1780456767,175.429355
1780456767,178.078787
1780456767,181.089548
1780456767,187.441640
1780456767,176.079525
1780456767,196.401980
1780456767,181.256373
1780456767,189.874001
1780456767,171.824515
1780456767,196.515600
1780456767,176.244078
1780456767,184.373366
1780456767,158.514006
1780456767,176.966041
1780456767,157.656992
1780456767,176.496365
1780456767,158.731730
1780456767,181.929793
1780456767,158.090590
1780456767,157.369311
1780456767,177.112405
1780456767,177.272584
1780456767,160.109867
1780456767,170.835076
1780456767,172.942090
1780456767,178.039776
1780456767,158.160594
1780456767,184.797082
1780456767,159.325057
1780456767,158.641905
1780456767,179.336915
1780456767,160.364107
1780456767,177.073154
1780456767,160.482549
1780456767,184.974590
1780456767,178.291164
1780456767,179.514822
1780456767,160.632007
1780456767,181.950470
1780456767,177.435699
1780456767,173.948226
1780456767,160.771591
1780456767,177.421897
1780456767,159.618654
1780456767,178.990884
1780456767,167.344132
1780456767,177.758376
1780456767,186.871564
1780456767,177.578368
1780456767,165.506277
1780456767,179.226474
1780456767,162.456894
1780456767,139.601068
1780456767,163.038975
1780456767,164.485329
1780456767,179.770043
1780456767,162.757144
1780456767,188.187121
1780456767,164.694210
1780456767,182.177213
1780456767,186.242942
1780456767,162.537213
1780456767,178.068433
1780456767,164.882063
1780456767,182.364960
1780456767,166.338970
1780456767,190.196077
1780456767,176.589565
1780456767,174.154273
1780456767,163.091202
1780456767,182.493296
1780456767,167.235439
1780456767,190.529395
1780456767,187.417771
1780456767,177.962670
1780456767,167.870014
1780456767,188.644612
1780456767,174.889930
1780456767,163.857655
1780456767,185.666153
1780456767,188.786310
1780456767,169.024957
1780456767,185.774627
1780456767,188.672506
1780456767,178.378521
1780456767,168.114911
1780456767,177.938693
1780456767,169.528057
1780456767,185.799581
1780456767,175.502929
1780456767,177.149148
1780456767,188.077342
1780456767,177.236923
1780456767,178.507036
1780456767,165.173906
1780456767,175.491016
1780456767,190.312929
1780456767,178.291693
1780456767,191.971836
1780456767,170.235764
1780456767,187.113061
1780456767,165.577514
1780456767,191.046683
1780456767,170.642536
1780456767,166.879655
1780456767,193.221426
1780456767,178.972623
1780456767,178.619178
1780456767,171.487483
1780456767,194.659190
1780456767,168.482279
1780456767,188.208748
1780456767,177.521507
1780456767,195.018269
1780456767,169.569474
1780456767,194.970479
1780456767,167.773783
1780456767,192.077081
1780456767,168.876428
1780456767,179.236326
1780456767,176.397358
1780456767,181.173124
1780456767,196.879228
1780456767,170.143914
1780456767,194.381131
1780456767,178.987663
1780456767,177.523121
1780456767,170.753861
1780456767,189.819467
1780456767,171.225786
1780456767,193.658816
1780456767,171.284971
1780456767,167.748357
1780456767,179.027402
1780456767,195.076285
1780456767,180.388081
1780456767,173.712929
1780456767,195.353896
1780456767,174.096433
1780456767,188.926023
1780456767,168.307911
1780456767,196.998959
1780456767,174.249600
1780456767,180.478816
1780456767,174.982018
1780456767,181.679381
1780456767,168.912617
1780456767,188.808701
1780456767,179.866231
1780456767,196.579722
1780456767,181.037123
1780456767,179.548692
1780456767,190.314908
1780456767,179.592058
1780456767,180.699943
1780456767,179.790896
1780456767,196.746579
1780456767,179.856798
1780456767,192.520593
1780456767,179.132003
1780456767,197.947507
1780456767,189.362873
1780456767,150.305021
1780456767,150.958280
1780456767,140.466894
1780456767,166.798778
1780456767,141.210904
1780456767,143.725507
1780456767,144.337304
1780456767,150.833509
1780456767,165.534436
1780456767,168.562506
1780456767,141.637783
1780456767,151.938921
1780456767,141.860945
1780456767,152.342658
1780456767,143.294356
1780456767,152.737632
1780456767,143.072743
1780456767,155.665825
1780456767,143.587865
1780456767,160.978059
1780456767,144.686155
1780456767,154.918312
1780456767,144.783175
1780456767,152.931430
1780456767,144.440089
1780456767,144.071026
1780456767,144.938927
1780456767,156.201577
1780456767,154.990832
1780456767,166.054556
1780456767,178.216663
1780456767,145.252751
1780456767,157.042309
1780456767,145.216743
1780456767,172.154038
1780456767,166.550948
1780456767,158.265958
1780456767,166.372290
1780456767,156.450103
1780456767,145.528992
1780456767,145.475767
1780456767,167.113872
1780456767,157.124209
1780456767,156.826213
1780456767,158.994582
1780456767,178.693343
1780456767,173.413700
1780456767,145.459055
1780456767,157.664286
1780456767,167.125256
1780456767,167.489804
1780456767,167.634275
1780456767,149.579770
1780456767,167.762356
1780456767,149.220579
1780456767,174.408600
1780456767,159.568098
1780456767,150.068592
1780456767,173.534430
1780456767,148.496461
1780456767,158.095514
1780456767,167.800495
1780456767,149.071031
1780456767,159.197818
1780456767,149.493370
1780456767,172.990470
1780456767,159.467731
1780456767,150.512821
1780456767,151.241353
1780456767,164.170872
1780456767,170.156882
1780456767,131.414932
1780456767,159.656361
1780456767,164.534832
1780456767,159.728732
1780456767,159.846043
1780456767,164.668198
1780456767,159.950008
1780456767,140.452041
1780456767,175.033994
1780456767,159.960586
1780456767,131.852700
1780456767,133.777055
1780456767,133.886648
1780456767,175.223618
1780456767,133.135640
1780456767,161.635139
1780456767,135.542797
1780456767,179.640801
1780456767,134.531429
1780456767,159.018052
1780456767,135.943292
1780456767,135.306079
1780456767,143.904385
1780456767,165.121707
1780456767,144.323367
1780456767,134.418714
1780456767,146.780877
1780456767,135.204223
1780456767,136.543446
1780456767,164.235339
1780456767,164.535316
1780456767,136.630355
1780456767,167.225520
1780456767,135.620729
1780456767,168.077019
1780456767,136.748694
1780456767,166.504529
1780456767,173.867787
1780456767,133.193298
1780456767,141.592994
1780456767,170.184559
1780456767,136.906873
1780456767,169.044260
1780456767,137.250404
1780456767,156.915100
1780456767,157.770010
1780456767,136.861820
1780456767,140.520643
1780456767,137.025151
1780456767,160.607432
1780456767,145.564310
1780456767,143.447917
1780456767,136.904965
1780456767,140.861016
1780456767,137.080390
1780456767,137.350903
1780456767,141.252919
1780456767,137.270037
1780456767,140.985973
1780456767,141.641355
1780456767,137.478256
1780456767,122.057933
1780456767,137.391891
1780456767,122.463340
1780456767,137.604857
1780456767,123.390509
1780456767,137.700070
1780456767,142.373180
1780456767,122.874966
1780456767,142.747596
1780456767,162.683601
1780456767,145.768849
1780456767,147.547176
1780456767,162.978681
1780456767,137.267979
1780456767,135.525267
1780456767,132.453521
1780456767,124.778011
1780456767,132.311093
1780456767,124.650585
1780456767,132.796850
1780456767,124.563859
1780456767,165.826181
1780456767,124.476662
1780456767,165.955084
1780456767,133.720941
1780456767,165.942810
1780456767,123.456825
1780456767,166.135454
1780456767,137.189974
1780456767,133.627175
1780456767,125.141589
1780456767,136.178999
1780456767,125.221228
1780456767,166.344708
1780456767,125.298505
1780456767,134.902429
1780456767,130.421904
1780456767,132.545500
1780456767,125.456414
1780456767,134.590484
1780456767,125.624739
1780456767,142.010319
1780456767,131.787293
1780456767,130.775617
1780456767,132.237077
1780456767,165.926411
1780456767,129.836397
1780456767,204.518054
1780456767,176.159935
1780456767,131.882371
1780456767,124.986962
1780456767,130.223112
1780456767,124.593927
1780456767,130.399529
1780456767,125.503512
1780456767,131.675863
1780456767,118.433225
1780456767,118.778533
1780456767,158.538981
1780456767,132.338699
1780456767,132.819683
1780456767,116.834496
1780456767,166.033173
1780456767,120.460402
1780456767,142.347255
1780456767,159.583298
1780456767,158.808888
1780456767,125.503402
1780456767,119.873540
1780456767,199.629691
1780456767,161.425944
1780456767,131.022277
1780456767,109.662715
1780456767,109.671141
1780456767,108.685512
1780456767,154.460749
1780456767,109.841857
1780456767,156.214634
1780456767,116.340611
1780456767,156.371349
1780456767,118.910859
1780456767,153.573862
1780456767,145.070096
1780456767,156.561598
1780456767,110.099564
1780456767,109.262918
1780456767,153.863035
1780456767,110.245530
1780456767,115.669968
1780456767,118.930126
1780456767,119.663637
1780456767,125.879991
1780456767,116.341853
1780456767,159.009702
1780456767,118.383614
1780456767,116.335340
1780456767,116.805139
1780456767,116.098638
1780456767,118.821590
1780456767,117.718605
1780456767,159.716482
1780456767,117.320364
1780456767,118.565114
1780456767,126.524770
1780456767,116.538260
1780456767,118.304665
1780456767,118.968397
1780456767,118.107040
1780456767,119.600185
1780456767,162.169814
1780456767,117.905802
1780456767,110.784288
1780456767,121.618031
1780456767,110.778927
1780456767,109.745957
1780456767,156.456393
1780456767,110.404266
1780456767,110.340411
1780456767,120.270655
1780456767,120.889492
1780456767,153.806190
1780456767,110.198636
1780456767,110.849124
1780456767,110.923689
1780456767,127.957157
1780456767,117.005112
1780456767,109.786762
1780456767,158.500589
1780456767,109.453344
1780456767,111.772632
1780456767,111.493869
1780456767,108.447156
1780456767,111.781633
1780456767,112.124838
1780456767,111.840592
1780456767,156.072158
1780456767,112.940922
1780456767,113.613618
1780456767,114.205195
1780456767,161.214778
1780456767,114.661353
1780456767,114.831734
1780456767,114.743938
1780456767,113.953966
1780456767,114.230224
1780456767,114.757564
1780456767,112.455638
1780456767,114.836030
1780456767,124.500220
1780456767,114.048868
1780456767,122.569551
1780456767,114.861727
1780456767,116.027017
1780456767,115.545946
1780456767,115.196600
1780456767,115.764252
1780456767,113.018145
1780456767,111.256898
1780456767,115.508026
1780456767,112.787982
1780456767,122.126852
1780456767,109.934851
1780456767,114.662957
1780456767,115.945983
1780456767,112.311437
1780456767,113.491394
1780456767,117.683355
1780456767,116.881645
1780456767,164.368579
1780456767,110.854184
1780456767,110.363858
1780456767,116.497154
1780456767,117.327303
1780456767,107.941042
1780456767,117.987899
1780456767,115.691700
1780456767,118.990781
1780456767,113.061131
1780456767,114.401215
1780456767,115.691423
1780456767,112.037592
1780456767,115.326086
1780456767,114.043847
1780456767,113.602810
1780456767,112.130687
1780456767,111.719012
1780456767,106.390088
1780456767,103.846230
1780456767,111.997014
1780456767,104.609447
1780456767,114.236522
1780456767,116.054952
1780456767,104.483712
1780456767,104.006614
1780456767,105.800347
1780456767,106.378523
1780456767,102.627810
1780456767,104.071258
1780456767,104.221447
1780456767,106.688552
1780456767,105.380785
1780456767,104.145641
1780456767,104.275749
1780456767,109.322549
1780456767,109.141576
1780456767,110.772550
1780456767,110.545808
1780456767,117.327084
1780456767,110.325252
1780456767,109.836125
1780456767,109.562334
1780456767,117.880685
1780456767,112.811747
1780456767,118.459997
1780456767,120.794024
1780456767,112.996880
1780456767,121.969609
1780456767,113.249414
1780456767,112.963743
1780456767,113.706631
1780456767,106.879199
1780456767,130.453714
1780456767,106.803474
1780456767,107.566310
1780456767,107.789489
1780456767,105.786633
1780456767,107.679903
1780456767,116.689073
1780456767,145.742979
1780456767,146.561089
1780456767,112.302439
1780456767,149.185179
1780456767,107.041408
1780456767,107.310222
1780456767,152.179313
1780456767,111.082098
1780456767,151.695974
1780456767,110.761923
1780456767,107.952003
1780456767,148.377710
1780456767,111.680498
1780456767,108.285556
1780456767,110.169442
1780456767,108.778710
1780456767,127.020567
1780456767,127.230514
1780456767,157.065464
1780456767,157.604863
1780456767,120.374232
1780456767,157.395417
1780456767,117.447317
1780456767,113.725673
1780456767,118.054265
1780456767,116.851791
1780456767,120.635761
1780456767,117.856924
1780456767,112.737779
1780456767,112.457981
1780456767,113.452743
1780456767,112.335401
1780456767,115.971199
1780456767,113.535707
1780456767,115.584947
1780456767,115.108691
1780456767,160.882737
1780456767,150.248855
1780456767,114.054164
1780456767,113.908836
1780456767,115.369516
1780456767,118.408758
1780456767,114.936902
1780456767,117.044405
1780456767,150.776487
1780456767,119.321383
1780456767,115.751216
1780456767,117.829705
1780456767,116.865135
1780456767,120.223009
1780456767,114.457693
1780456767,117.554303
1780456767,114.838800
1780456767,121.148177
1780456767,121.426422
1780456767,162.559707
1780456767,121.970169
1780456767,112.798221
1780456767,112.473670
1780456767,118.394979
1780456767,111.132720
1780456767,110.576750
1780456767,110.400087
1780456767,110.901896
1780456767,114.166305
1780456767,115.837227
1780456767,112.430233
1780456767,121.381229
1780456767,122.915525
1780456767,148.141162
1780456767,112.472143
1780456767,107.001112
1780456767,113.731607
1780456767,108.026910
1780456767,112.855924
1780456767,109.689488
1780456767,112.617889
1780456767,142.199729
1780456767,142.301063
1780456767,143.609382
1780456767,113.222957
1780456767,113.324869
1780456767,112.511727
1780456767,113.771350
1780456767,126.955383
1780456767,112.113494
1780456767,107.565425
1780456767,118.633333
1780456767,159.138518
1780456767,151.587111
1780456767,114.717443
1780456767,116.928014
1780456767,109.432226
1780456767,117.206387
1780456767,108.680913
1780456767,132.991958
1780456767,112.335458
1780456767,148.151241
1780456767,115.709005
1780456767,115.857574
1780456767,117.960601
1780456767,152.872714
1780456767,139.771992
1780456767,139.762023
1780456767,130.734549
1780456767,130.207661
1780456767,139.931609
1780456767,148.745626
1780456767,130.572655
1780456767,129.900669
1780456767,149.562438
1780456767,129.273814
1780456767,131.046336
1780456767,130.857176
1780456767,139.929651
1780456767,130.581279
1780456767,130.290112
1780456767,131.105273
1780456767,130.369178
1780456767,130.589052
1780456767,144.866656
1780456767,124.896691
1780456767,130.530278
1780456767,151.632027
1780456767,130.697257
1780456767,141.750733
1780456767,134.375861
1780456767,134.553297
1780456767,141.920509
1780456767,131.801134
1780456767,142.452172
1780456767,152.792761
1780456767,148.917433
1780456767,151.989807
1780456767,134.487716
1780456767,134.130063
1780456767,134.164119
1780456767,149.308426
1780456767,134.795681
1780456767,150.579091
1780456767,134.507157
1780456767,134.554792
1780456767,150.364713
1780456767,149.757736
1780456767,143.597723
1780456767,134.686500
1780456767,129.857012
1780456767,131.087824
1780456767,129.971122
1780456767,128.868168
1780456767,134.390401
1780456767,130.067907
1780456767,135.045043
1780456767,131.108319
1780456767,134.752733
1780456767,131.183532
1780456767,135.015511
1780456767,126.653149
1780456767,134.340172
1780456767,127.827977
1780456767,132.467190
1780456767,135.822564
1780456767,137.766831
1780456767,131.983013
1780456767,141.790355
1780456767,128.615847
1780456767,146.495995
1780456767,118.348740
1780456767,119.452693
1780456767,137.155891
1780456767,145.262778
1780456767,140.366020
1780456767,131.220578
1780456767,149.551411
1780456767,149.640124
1780456767,146.890819
1780456767,146.953090
1780456767,148.152322
1780456767,145.831596
1780456767,149.352955
1780456767,149.436483
1780456767,146.987724
1780456767,144.793894
1780456767,144.849371
1780456767,144.769507
1780456767,145.897742
1780456767,142.560830
1780456767,142.513337
1780456767,141.435484
1780456767,127.992062
1780456767,128.169658
1780456767,131.523786
1780456767,131.299753
1780456767,147.243248
1780456767,131.494951
1780456767,130.047108
1780456767,129.047705
1780456767,146.316797
1780456767,129.502096
1780456767,126.185789
1780456767,124.879817
1780456767,123.877473
1780456767,124.379644
1780456767,124.456195
1780456767,123.569394
1780456767,124.899746
1780456767,123.915382
1780456767,122.647079
1780456767,135.137496
1780456767,153.896335
1780456767,127.523481
1780456767,146.189336
1780456767,137.368243
1780456767,125.968536
1780456767,123.407240
1780456767,137.203721
1780456767,155.777820
1780456767,155.144245
1780456767,155.208512
1780456767,142.932517
1780456767,132.463952
1780456767,143.356245
1780456767,142.927785
1780456767,143.491446
1780456767,140.737497
1780456767,140.922279
1780456767,138.867069
1780456767,133.819455
1780456767,132.392758
1780456767,132.520457
1780456767,159.135738
1780456767,159.125341
1780456767,157.989760
1780456767,145.188346
1780456767,130.640892
1780456767,128.671838
1780456767,124.955574
1780456767,128.744786
1780456767,130.179441
1780456767,129.129403
1780456767,129.523469
1780456767,167.111351
1780456767,137.027520
1780456767,137.240004
1780456767,153.608720
1780456767,154.036466
1780456767,132.774681
1780456767,131.673777
1780456767,154.349936
1780456767,155.113666
1780456767,132.291070
1780456767,119.066041
1780456767,133.987816
1780456767,132.969247
1780456767,134.520201
1780456767,133.372452
1780456767,123.850737
1780456767,124.061855
1780456767,124.384876
1780456767,124.538028
1780456767,124.962240
1780456767,125.279483
1780456767,125.297512
1780456767,161.320976
1780456767,161.628483
1780456767,125.637053
1780456767,162.484348
1780456767,127.946425
1780456767,151.057314
1780456767,152.850377
1780456767,128.900133
1780456767,227.527433
1780456767,252.235544
1780456767,260.367737
1780456767,228.530948
1780456767,228.634816
1780456767,252.368938
1780456767,211.298264
1780456767,229.516861
1780456767,204.529934
1780456767,208.557713
1780456767,204.798675
1780456767,241.892394
1780456767,207.316856
1780456767,202.333050
1780456767,192.108819
1780456767,200.311319
1780456767,201.682101
1780456767,211.025156
1780456767,202.872898
1780456767,203.170265
1780456767,211.375652
1780456767,203.484563
1780456767,164.428426
1780456767,191.265510
1780456767,185.996172
1780456767,191.404022
1780456767,191.537929
1780456767,192.052285
1780456767,191.562866
1780456767,184.991500
1780456767,191.678210
1780456767,192.441388
1780456767,191.929335
1780456767,191.662723
1780456767,191.579150
1780456767,191.883831
1780456767,192.330001
1780456767,165.465614
1780456767,192.412387
1780456767,164.710817
1780456767,181.686515
1780456767,165.602329
1780456767,165.545990
1780456767,165.537070
1780456767,182.120480
1780456767,161.900888
1780456767,165.538921
1780456767,163.123358
1780456767,181.402839
1780456767,164.359619
1780456767,165.246079
1780456767,182.998477
1780456767,156.964097
1780456767,182.568787
1780456767,165.038959
1780456767,183.037623
1780456767,166.247366
1780456767,182.696229
1780456767,184.835967
1780456767,184.850954
1780456767,182.711365
1780456767,192.656803
1780456767,192.368793
1780456767,182.871522
1780456767,192.509457
1780456767,183.325309
1780456767,183.332472
1780456767,128.348668
1780456767,165.913900
1780456767,131.251461
1780456767,180.573773
1780456767,155.994605
1780456767,152.058324
1780456767,132.356494
1780456767,152.288638
1780456767,130.907901
1780456767,167.603736
1780456767,146.915363
1780456767,130.498833
1780456767,147.048059
1780456767,133.154412
1780456767,184.382092
1780456767,167.335011
1780456767,143.470698
1780456767,167.711336
1780456767,133.297357
1780456767,167.887399
1780456767,168.071557
1780456767,132.770291
1780456767,132.827183
1780456767,133.195390
1780456767,133.358854
1780456767,132.424987
1780456767,132.780185
1780456767,134.068140
1780456767,134.907147
1780456767,122.232055
1780456767,137.534337
1780456767,138.288191
1780456767,130.100646
1780456767,139.477759
1780456767,129.491441
1780456767,127.534477
1780456767,140.321654
1780456767,175.500011
1780456767,126.976949
1780456767,127.928994
1780456767,128.168715
1780456767,176.062931
1780456767,141.255622
1780456767,128.574143
1780456767,177.896001
1780456767,127.036417
1780456767,127.031208
1780456767,179.465187
1780456767,141.420791
1780456767,165.364946
1780456767,130.671868
1780456767,165.695829
1780456767,130.911626
1780456767,131.181040
1780456767,166.176239
1780456767,145.322635
1780456767,128.545239
1780456767,163.845825
1780456767,167.034268
1780456767,167.424094
1780456767,146.614534
1780456767,164.270613
1780456767,146.351938
1780456767,163.439333
1780456767,146.325177
1780456767,146.453768
1780456767,146.221732
1780456767,146.094818
1780456767,164.616883
1780456767,146.156996
1780456767,146.401486
1780456767,146.559478
1780456767,184.820704
1780456767,147.637087
1780456767,166.256974
1780456767,136.653995
1780456767,167.438879
1780456767,187.144780
1780456767,187.118522
1780456767,187.343278
1780456767,169.123380
1780456767,188.755596
1780456767,230.272477
1780456767,226.807934
1780456767,228.990406
1780456767,226.295603
1780456767,225.891631
1780456767,217.159314
1780456767,224.426109
1780456767,217.121745
1780456767,226.400112
1780456767,234.557114
1780456767,215.818524
1780456767,230.929394
1780456767,233.864811
1780456767,217.361111
1780456767,217.484201
1780456767,216.891553
1780456767,227.607121
1780456767,227.502733
1780456767,217.127871
1780456767,229.696371
1780456767,190.479020
1780456767,214.814424
1780456767,217.480001
1780456767,203.955343
1780456767,189.526542
1780456767,210.356812
1780456767,206.794855
1780456767,201.793529
1780456767,189.661176
1780456767,190.061000
1780456767,202.947823
1780456767,202.992756
1780456767,189.855679
1780456767,211.832530
1780456767,204.278081
1780456767,208.824382
1780456767,215.179252
1780456767,205.506321
1780456767,215.260202
1780456767,205.582346
1780456767,215.351243
1780456767,205.636267
1780456767,198.716874
1780456767,203.306124
1780456767,206.796858
1780456767,167.352304
1780456767,206.643021
1780456767,169.711221
1780456767,191.241391
1780456767,170.997611
1780456767,191.242595
1780456767,171.416732
1780456767,174.339514
1780456767,202.374618
1780456767,190.185017
1780456767,201.300345
1780456767,190.195995
1780456767,167.377569
1780456767,201.398287
1780456767,174.467026
1780456767,201.479664
1780456767,180.297147
1780456767,202.608245
1780456767,167.762102
1780456767,167.592927
1780456767,180.510318
1780456767,203.835908
1780456767,205.184884
1780456767,202.828163
1780456767,176.217182
1780456767,204.085551
1780456767,172.563094
1780456767,201.814347
1780456767,207.370353
1780456767,180.661579
1780456767,205.349100
1780456767,152.713790
1780456767,167.647938
1780456767,154.687642
1780456767,167.676869
1780456767,154.120424
1780456767,168.234801
1780456767,154.186561
1780456767,170.687682
1780456767,154.410589
1780456767,154.857221
1780456767,190.913148
1780456767,192.580398
1780456767,180.546831
1780456767,154.569658
1780456767,179.500293
1780456767,192.082686
1780456767,151.666284
1780456767,154.880864
1780456767,199.967460
1780456767,151.678744
1780456767,201.118848
1780456767,151.679258
1780456767,155.040720
1780456767,192.195264
1780456767,201.216444
1780456767,191.132076
1780456767,156.471117
1780456767,156.884877
1780456767,155.171613
1780456767,191.254031
1780456767,148.105731
1780456767,157.223921
1780456767,155.885023
1780456767,157.010297
1780456767,155.952764
1780456767,191.447455
1780456767,155.223570
1780456767,150.809370
1780456767,191.599641
1780456767,152.074819
1780456767,155.257064
1780456767,157.346063
1780456767,156.873869
1780456767,191.736312
1780456767,190.102237
1780456767,156.878375
1780456767,157.403346
1780456767,202.691138
1780456767,155.480196
1780456767,146.744418
1780456767,147.656526
1780456767,145.476874
1780456767,174.276842
1780456767,147.998215
1780456767,148.251223
1780456767,144.469337
1780456767,193.094176
1780456767,145.463973
1780456767,148.826196
1780456767,149.665933
1780456767,190.750143
1780456767,147.079308
1780456767,147.237411
1780456767,190.902288
1780456767,192.525602
1780456767,146.761936
1780456767,146.812758
1780456767,189.180332
1780456767,152.679737
1780456767,149.008488
1780456767,191.566492
1780456767,190.006405
1780456767,155.805546
1780456767,167.617512
1780456767,166.546456
1780456767,166.578237
1780456767,166.469585
1780456767,164.143654
1780456767,166.573697
1780456767,161.927734
1780456767,166.687851
1780456767,165.477297
1780456767,161.015179
1780456767,158.325226
1780456767,160.952182
1780456767,158.999683
1780456767,160.171724
1780456767,159.789716
1780456767,161.119243
1780456767,161.338211
1780456767,159.200322
1780456767,161.317066
1780456767,161.233174
1780456767,166.068962
1780456767,167.906891
1780456767,167.449809
1780456767,163.317918
1780456767,192.933367
1780456767,166.907648
1780456767,162.935944
1780456767,170.176824
1780456767,167.115237
1780456767,170.128259
1780456767,170.176676
1780456767,167.191284
1780456767,171.339642
1780456767,167.390993
1780456767,172.623671
1780456767,164.622568
1780456767,175.107636
1780456767,167.606203
1780456767,175.177735
1780456767,164.695403
1780456767,166.303625
1780456767,166.298980
1780456767,166.028675
1780456767,165.020013
1780456767,166.241789
1780456767,165.378340
1780456767,166.353558
1780456767,163.463974
1780456767,165.855074
1780456767,178.426481
1780456767,179.758142
1780456767,166.536706
1780456767,161.118558
1780456767,168.170619
1780456767,167.931169
1780456767,168.033458
1780456767,163.261188
1780456767,170.384551
1780456767,167.762734
1780456767,168.936699
1780456767,161.016657
1780456767,172.731965
1780456767,166.577281
1780456767,164.017410
1780456767,162.345841
1780456767,158.943332
1780456767,169.819685
1780456767,167.348268
1780456767,167.988208
1780456767,167.176535
1780456767,167.545458
1780456767,170.887660
1780456767,169.549298
1780456767,169.765185
1780456767,165.973614
1780456767,170.859008
1780456767,170.859546
1780456767,165.949021
1780456767,171.095639
1780456767,173.233139
1780456767,176.968277
1780456767,172.989667
1780456767,177.168042
1780456767,177.068646
1780456767,212.128987
1780456767,172.932401
1780456767,171.047976
1780456767,177.422389
1780456767,222.955409
1780456767,177.661167
1780456767,227.343240
1780456767,217.959199
1780456767,226.730088
1780456767,218.027842
1780456767,226.971494
1780456767,221.993226
1780456767,172.196675
1780456767,174.155107
1780456767,170.911620
1780456767,172.065998
1780456767,174.434406
1780456767,171.440560
1780456767,168.629690
1780456767,172.617023
1780456767,176.794172
1780456767,177.679609
1780456767,210.860451
1780456767,215.883485
1780456767,215.801583
1780456767,214.507043
1780456767,214.476812
1780456767,182.258396
1780456767,212.315265
1780456767,177.133716
1780456767,215.955935
1780456767,173.518123
1780456767,212.452345
1780456767,177.389929
1780456767,174.114550
1780456767,213.044063
1780456767,181.966635
1780456767,176.630571
1780456767,176.412369
1780456767,176.632468
1780456767,176.468079
1780456767,207.636135
1780456767,176.724999
1780456767,196.593343
1780456767,176.300244
1780456767,175.814669
1780456767,196.723736
1780456767,175.536037
1780456767,174.944283
1780456767,173.348302
1780456767,196.486778
1780456767,195.610973
1780456767,196.600612
1780456767,196.979779
1780456767,196.774767
1780456767,195.803325
1780456767,196.102605
1780456767,195.157744
1780456767,195.965618
1780456767,187.126238
1780456767,187.850279
1780456767,189.492255
1780456767,185.096302
1780456767,189.744065
1780456767,189.704963
1780456767,184.688482
1780456767,188.765675
1780456767,188.869474
1780456767,187.684818
1780456767,192.647276
1780456767,183.801151
1780456767,183.375831
1780456767,193.093564
1780456767,193.089576
1780456767,183.843767
1780456767,183.788697
1780456767,191.972906
1780456767,184.151085
1780456767,184.289195
1780456767,184.830421
1780456767,184.984242
1780456767,185.191235
1780456767,185.692406
1780456767,181.355988
1780456767,237.260754
1780456767,237.279699
1780456767,190.791850
1780456767,236.523862
1780456767,197.481892
1780456767,194.037253
1780456767,236.653154
1780456767,197.638193
1780456767,125.718013
1780456767,200.881318
1780456767,126.046353
1780456767,127.640934
1780456767,127.642075
1780456767,127.719633
1780456767,127.965455
1780456767,128.375535
1780456767,128.484247
1780456767,128.980389
1780456767,197.862475
1780456767,240.959388
1780456767,197.935354
1780456767,198.126050
1780456767,194.362421
1780456767,197.706074
1780456767,208.158908
1780456767,197.724243
1780456767,197.652585
1780456767,207.939015
1780456767,206.557970
1780456767,206.929455
1780456767,207.120315
1780456767,207.353664
1780456767,207.629699
1780456767,204.220633
1780456767,207.680126
1780456767,200.808860
1780456767,200.285669
1780456767,200.873748
1780456767,203.400789
1780456767,209.078227
1780456767,208.402082
1780456767,204.641028
1780456767,214.959467
1780456767,216.501928
1780456767,248.173568
1780456767,203.182253
1780456767,205.388024
1780456767,217.061802
1780456767,204.387664
1780456767,206.452324
1780456767,210.334000
1780456767,200.186321
1780456767,214.535823
1780456767,198.934643
1780456767,206.582387
1780456767,232.239935
1780456767,231.177676
1780456767,201.693582
1780456767,199.249919
1780456767,200.516016
1780456767,217.848982
1780456767,190.953501
1780456767,214.293595
1780456767,218.314213
1780456767,183.447751
1780456767,215.577080
1780456767,199.383208
1780456767,229.984378
1780456767,230.535448
1780456767,218.180731
1780456767,199.370360
1780456767,198.433959
1780456767,197.881460
1780456767,253.254065
1780456767,218.189893
1780456767,219.578484
1780456767,256.223967
1780456767,249.161674
1780456767,249.368516
1780456767,249.405463
1780456767,246.997995
1780456767,247.099962
1780456767,218.334595
1780456767,247.497011
1780456767,218.378053
1780456767,218.583633
1780456767,246.825686
1780456767,218.585187
1780456767,215.460556
1780456767,215.219748
1780456767,215.442749
1780456767,214.443541
1780456767,222.800597
1780456767,215.575747
1780456767,215.712876
1780456767,219.277144
1780456767,248.108263
1780456767,171.759000
1780456767,220.332594
1780456767,225.112362
1780456767,220.148364
1780456767,221.586255
1780456767,225.246283
1780456767,216.454034
1780456767,216.275750
1780456767,112.170760
1780456767,112.137554
1780456767,112.142403
1780456767,181.834725
1780456767,174.649542
1780456767,231.044110
1780456767,230.424217
1780456767,229.393609
1780456767,229.546324
1780456767,225.501553
1780456767,229.443657
1780456767,233.043853
1780456767,228.991102
1780456767,224.633370
1780456767,228.971991
1780456767,230.127428
1780456767,228.335530
1780456767,228.154318
1780456767,227.223310
1780456767,228.829937
1780456767,227.091059
1780456767,227.399949
1780456767,266.997460
1780456767,228.364430
1780456767,267.098362
1780456767,228.124379
1780456767,228.521445
1780456767,224.153803
1780456767,156.120661
1780456767,229.585408
1780456767,156.231691
1780456767,228.888239
1780456767,156.280732
1780456767,217.933611
1780456767,214.207951
1780456767,226.536538
1780456767,227.614338
1780456767,218.112811
1780456767,244.757947
1780456767,225.388875
1780456767,226.259662
1780456767,244.906219
1780456767,225.871576
1780456767,226.459580
1780456767,226.634880
1780456767,246.237805
1780456767,235.218560
1780456767,266.994807
1780456767,236.414423
1780456767,226.316020
1780456767,237.375016
1780456767,267.152460
1780456767,228.507330
1780456767,164.759096
1780456767,228.772383
1780456767,165.837290
1780456767,165.887504
1780456767,172.246751
1780456767,227.854248
1780456767,166.232598
1780456767,236.263305
1780456767,236.346406
1780456767,166.260690
1780456767,232.672321
1780456767,174.673135
1780456767,237.167812
1780456767,174.748552
1780456767,235.077136
1780456767,232.836416
1780456767,236.125426
1780456767,236.443831
1780456767,185.158202
1780456767,229.958292
1780456767,234.809663
1780456767,234.434732
1780456767,186.271234
1780456767,238.196223
1780456767,233.428633
1780456767,210.601066
1780456767,231.538847
1780456767,123.719833
1780456767,231.291027
1780456767,187.525089
1780456767,232.430193
1780456767,215.215688
1780456767,146.310422
1780456767,145.204142
1780456767,146.417827
1780456767,175.122349
1780456767,175.210339
1780456767,238.306978
1780456767,184.203346
1780456767,185.823459
1780456767,186.115312
1780456767,186.281071
1780456767,207.995285
1780456767,209.162309
1780456767,210.296349
1780456767,222.444970
1780456767,237.351517
1780456767,237.557304
1780456767,237.714578
1780456767,232.216769
1780456767,238.065752
1780456767,238.161672
1780456767,240.991340
1780456767,236.770935
1780456767,238.430021
1780456767,233.182241
1780456767,238.860775
1780456767,242.033707
1780456767,239.108568
1780456767,241.452395
1780456767,240.120031
1780456767,241.849664
1780456767,236.874041
1780456767,242.321440
1780456767,240.240015
1780456767,233.668843
1780456767,242.804467
1780456767,240.540761
1780456767,237.548624
1780456767,240.802557
1780456767,234.227852
1780456767,242.749682
1780456767,240.755022
1780456767,240.690674
1780456767,239.505127
1780456767,235.825503
1780456767,241.231188
1780456767,233.415485
1780456767,239.071383
1780456767,241.365310
1780456767,242.145680
1780456767,246.546278
1780456767,246.874463
1780456767,243.507888
1780456767,243.785070
1780456767,244.172171
1780456767,134.131653
1780456767,244.462223
1780456767,244.464012
1780456767,243.330898
1780456767,246.214412
1780456767,241.623159
1780456767,242.697000
1780456767,242.638565
1780456767,241.524972
1780456767,236.686300
1780456767,241.755791
1780456767,248.849636
1780456767,245.123949
1780456767,245.018665
1780456767,245.961747
1780456767,250.124947
1780456767,250.328387
1780456767,255.386016
1780456767,247.836603
1780456767,247.665368
1780456767,247.489040
1780456767,256.699064
1780456767,256.210270
1780456767,255.795130
1780456767,272.543948
1780456767,247.801083
1780456767,255.366442
1780456767,271.924710
1780456767,255.212104
1780456767,271.424736
1780456767,254.173208
1780456767,260.543783
1780456767,260.127718
1780456767,260.547546
1780456767,260.616166
1780456767,261.105332
1780456767,255.260415
1780456767,255.684688
1780456767,261.869981
1780456767,260.432850
1780456767,262.400742
1780456767,262.188367
1780456767,262.344645
1780456767,115.293415
1780456767,263.316497
1780456767,262.751526
1780456767,265.303524
1780456767,264.743326
1780456767,264.862049
1780456767,264.910414
1780456767,264.980992
1780456767,174.924429
1780456767,286.513454
1780456767,289.151252
1780456767,307.219583
1780456767,308.910120
1780456767,288.747498
1780456767,276.627065
1780456767,282.657406
1780456767,289.004632
1780456767,288.108489
1780456767,324.247996
1780456767,116.965166
1780456767,268.174475
1780456767,276.978475
1780456767,276.938417
1780456767,269.980687
1780456767,116.943120
1780456767,154.155519
1780456767,289.240577
1780456767,278.453521
1780456767,289.168926
1780456767,154.299886
1780456767,322.529402
1780456767,269.481345
1780456767,289.546028
1780456767,154.440609
1780456767,264.320660
1780456767,279.674481
1780456767,268.059844
1780456767,323.888075
1780456767,289.798646
1780456767,303.948576
1780456767,289.378126
1780456767,154.756726
1780456767,154.776353
1780456767,266.561947
1780456767,274.440430
1780456767,286.245144
1780456767,176.498804
1780456767,307.757244
1780456767,155.007784
1780456767,176.582813
1780456767,286.472984
1780456767,176.678983
1780456767,324.362559
1780456767,289.445727
1780456767,155.272273
1780456767,268.586964
1780456767,289.517101
1780456767,271.616989
1780456767,325.831984
1780456767,277.290120
1780456767,290.108381
1780456767,288.458402
1780456767,274.761655
1780456767,289.638480
1780456767,266.396158
1780456767,274.482798
1780456767,274.967518
1780456767,289.719574
1780456767,274.947234
1780456767,275.934732
1780456767,290.040164
1780456767,275.122020
1780456767,276.216773
1780456767,269.824038
1780456767,276.326269
1780456767,269.886158
1780456767,267.349511
1780456767,266.636665
1780456767,272.158838
1780456767,266.505316
1780456767,290.249709
1780456767,270.903275
1780456767,290.391816
1780456767,268.250193
1780456767,290.802604
1780456767,272.341381
1780456767,290.808387
1780456767,290.322407
1780456767,272.519146
1780456767,290.996394
1780456767,275.504791
1780456767,290.601496
1780456767,276.496585
1780456767,264.730858
1780456767,267.878366
1780456767,264.932115
1780456767,269.276303
1780456767,268.613403
1780456767,270.449567
1780456767,268.161036
1780456767,270.610384
1780456767,271.911847
1780456767,270.606780
1780456767,268.909525
1780456767,271.808159
1780456767,272.199221
1780456767,272.963339
1780456767,275.544970
1780456767,282.656499
1780456767,268.654482
1780456767,273.832707
1780456767,268.955712
1780456767,283.953845
1780456767,270.883793
1780456767,277.731293
1780456767,271.904337
1780456767,276.226714
1780456767,272.704162
1780456767,273.081897
1780456767,273.401381
1780456767,273.364592
1780456767,276.606992
1780456767,273.872402
1780456767,270.245639
1780456767,274.116131
1780456767,274.651970
1780456767,270.587238
1780456767,275.249848
1780456767,270.752949
1780456767,274.813680
1780456767,274.230620
1780456767,275.783345
1780456767,274.588021
1780456767,274.032616
1780456767,274.188111
1780456767,271.028484
1780456767,274.804687
1780456767,271.629006
1780456767,275.049391
1780456767,275.002446
1780456767,277.413863
1780456767,278.975697
1780456767,277.161480
1780456767,278.969350
1780456767,278.518063
1780456767,278.968624
1780456767,278.002009
1780456767,279.153688
1780456767,279.286379
1780456767,276.161701
1780456767,277.802921
1780456767,276.368705
1780456767,278.174593
1780456767,276.508068
1780456767,278.244370
1780456767,276.537536
1780456767,278.663093
1780456767,279.466904
1780456767,274.533193
1780456767,293.175308
1780456767,274.748025
1780456767,276.722435
1780456767,278.481594
1780456767,276.493238
1780456767,279.692613
1780456767,272.894852
1780456767,279.886732
1780456767,274.815760
1780456767,279.948477
1780456767,273.193443
1780456767,280.051406
1780456767,277.100778
1780456767,278.387385
1780456767,283.144768
1780456767,278.880683
1780456767,279.194886
1780456767,280.115132
1780456767,280.286866
1780456767,280.369071
1780456767,129.128466
1780456767,129.105449
1780456767,129.212995
1780456767,129.267699
1780456767,264.496431
1780456767,267.148152
1780456767,271.738274
1780456767,256.347473
1780456767,265.923021
1780456767,265.847451
1780456767,272.432004
1780456767,296.987071
1780456767,213.421560
1780456767,213.502265
1780456767,231.228049
1780456767,272.673214
1780456767,213.547222
1780456767,275.289055
1780456767,252.451125
1780456767,273.478087
1780456767,256.735485
1780456767,273.351850
1780456767,236.096810
1780456767,213.684409
1780456767,294.245349
1780456767,160.037816
1780456767,295.704759
1780456767,160.125183
1780456767,188.083932
1780456767,295.779860
1780456767,236.197605
1780456767,297.515252
1780456767,214.037585
1780456767,297.796263
1780456767,236.332454
1780456767,297.351212
1780456767,255.951302
1780456767,297.350186
1780456767,297.304490
1780456767,297.654910
1780456767,257.116841
1780456767,297.744874
1780456767,257.248763
1780456767,270.478286
1780456767,273.142158
1780456767,264.128418
1780456767,268.170944
1780456767,297.372132
1780456767,299.440930
1780456767,297.233966
1780456767,297.589022
1780456767,296.803565
1780456767,295.727421
1780456767,135.840640
1780456767,122.122547
1780456767,296.557966
1780456767,138.502613
1780456767,296.109882
1780456767,298.326674
1780456767,122.827925
1780456767,123.545263
1780456767,296.038166
1780456767,123.998192
1780456767,295.968220
1780456767,295.964013
1780456767,120.663042
1780456767,296.099255
1780456767,295.014221
1780456767,296.365072
1780456767,294.349958
1780456767,296.065865
1780456767,294.671475
1780456767,125.188741
1780456767,121.733667
1780456767,294.577846
1780456767,294.141777
1780456767,297.484739
1780456767,287.132741
1780456767,288.552466
1780456767,286.908921
1780456767,287.055804
1780456767,294.817330
1780456767,297.301342
1780456767,287.686520
1780456767,297.720049
1780456767,289.012791
1780456767,286.973075
1780456767,289.005012
1780456767,288.514184
1780456767,295.201140
1780456767,143.565153
1780456767,143.744335
1780456767,143.358282
1780456767,311.212818
1780456767,311.268286
1780456767,144.025818
1780456767,144.264858
1780456767,307.520271
1780456767,143.876982
1780456767,128.737807
1780456767,139.899527
1780456767,143.978318
1780456767,144.351652
1780456767,144.081591
1780456767,144.182688
1780456767,290.157224
1780456767,144.545736
1780456767,303.405900
1780456767,299.826873
1780456767,143.934284
1780456767,302.313453
1780456767,310.366810
1780456767,128.761098
1780456767,144.736588
1780456767,128.875799
1780456767,300.311684
1780456767,128.795483
1780456767,128.797160
1780456767,282.563542
1780456767,128.927343
1780456767,129.108143
1780456767,129.130251
1780456767,307.030655
1780456767,129.037385
1780456767,129.227557
1780456767,304.731654
1780456767,146.120993
1780456767,233.047100
1780456767,311.056426
1780456767,146.019508
1780456767,225.842955
1780456767,233.280790
1780456767,307.659050
1780456767,146.400040
1780456767,305.220758
1780456767,233.173415
1780456767,308.782768
1780456767,146.197320
1780456767,207.535075
1780456767,146.616086
1780456767,230.465928
1780456767,146.793100
1780456767,233.390394
1780456767,146.346765
1780456767,255.658502
1780456767,251.254453
1780456767,146.751014
1780456767,233.562707
1780456767,146.737820
1780456767,251.288806
1780456767,146.886074
1780456767,146.915284
1780456767,151.467222
1780456767,151.467159
1780456767,151.526950
1780456767,151.834903
1780456767,151.649775
1780456767,151.980202
1780456767,151.604003
1780456767,151.698635
1780456767,152.032772
1780456767,151.981080
1780456767,152.074326
1780456767,152.054215
1780456767,303.124523
1780456767,151.727507
1780456767,152.197970
1780456767,151.681377
1780456767,271.692960
1780456767,152.221579
1780456767,306.539048
1780456767,272.877154
1780456767,306.050965
1780456767,148.149558
1780456767,306.577331
1780456767,298.927668
1780456767,278.327195
1780456767,148.395683
1780456767,255.524092
1780456767,302.075184
1780456767,149.076508
1780456767,305.828064
1780456767,298.288363
1780456767,305.617730
1780456767,314.361801
1780456767,302.064713
1780456767,304.954074
1780456767,313.220857
1780456767,302.797817
1780456767,308.030618
1780456767,304.071430
1780456767,149.291827
1780456767,305.780771
1780456767,149.861469
1780456767,150.152726
1780456767,302.596141
1780456767,302.335755
1780456767,301.462799
1780456767,151.000251
1780456767,151.306517
1780456767,307.810576
1780456767,312.105791
1780456767,307.577805
1780456767,309.804322
1780456767,309.293392
1780456767,311.407316
1780456767,311.329394
1780456767,319.572978
1780456767,319.689881
1780456767,319.584640
1780456767,311.369520
1780456767,316.163579
1780456767,319.069920
1780456767,309.678275
1780456767,239.291353
1780456767,239.284397
1780456767,239.327182
1780456767,240.827510
1780456767,240.922072
1780456767,320.131902
1780456767,248.771172
1780456767,247.521874
1780456767,247.496700
1780456767,315.560225
1780456767,315.474880
1780456767,313.922582
1780456767,316.446749
1780456767,315.628724
1780456767,314.053783
1780456767,320.848957
1780456767,149.248755
1780456767,323.050949
1780456767,312.320374
1780456767,322.483682
1780456767,318.279483
1780456767,324.051068
1780456767,137.093897
1780456767,137.121161
1780456767,323.703925
1780456767,137.220708
1780456767,321.195583
1780456767,321.721039
1780456767,137.363926
1780456767,137.434566
1780456767,318.210991
1780456767,324.108478
1780456767,250.871614
1780456767,137.544847
1780456767,317.705871
1780456767,316.585715
1780456767,313.199202
1780456767,318.990474
1780456767,146.426555
1780456767,316.868103
1780456767,146.288267
1780456767,317.787632
1780456767,138.228927
1780456767,315.914102
1780456767,313.509490
1780456767,211.971296
1780456767,324.555359
1780456767,318.292194
1780456767,317.079881
1780456767,318.577773
1780456767,317.243124
1780456767,317.458528
1780456767,318.600787
1780456767,314.928811
1780456767,317.276379
1780456767,317.868829
1780456767,316.710803
1780456767,319.599549
1780456767,325.844097
1780456767,317.094266
1780456767,325.156487
1780456767,317.931248
1780456767,318.316231
1780456767,320.377573
1780456767,316.222137
1780456767,324.463513
1780456767,320.067779
1780456767,318.502310
1780456767,324.575288
1780456767,319.264939
1780456767,322.732368
1780456767,323.179492
1780456767,328.287899
1780456767,322.233146
1780456767,322.827192
1780456767,319.880970
1780456767,323.091492
1780456767,319.303351
1780456767,324.434404
1780456767,320.782034
1780456767,315.460767
1780456767,316.665022
1780456767,320.513065
1780456767,321.739445
1780456767,321.281216
1780456767,321.869802
1780456767,322.843023
1780456767,316.785880
1780456767,318.544793
1780456767,319.381416
1780456767,320.578987
1780456767,324.709657
1780456767,318.695230
1780456767,324.316527
1780456767,324.970960
1780456767,325.080504
1780456767,323.803213
1780456767,321.232026
1780456767,319.098120
1780456767,253.581096
1780456767,310.866560
1780456767,317.174251
1780456767,316.109407
1780456767,258.124364
1780456767,260.948633
1780456767,321.786687
1780456767,149.784345
1780456767,316.457727
1780456767,323.990204
1780456767,330.604539
1780456767,322.045479
1780456767,150.389321
1780456767,330.620145
1780456767,150.450523
1780456767,330.172230
1780456767,150.526675
1780456767,297.959699
1780456767,282.649470
1780456767,334.503375
1780456767,325.602747
1780456767,334.387477
1780456767,151.374802
1780456767,151.051625
1780456767,322.196953
1780456767,334.671162
1780456767,150.274020
1780456767,150.884266
1780456767,326.108128
1780456767,330.947535
1780456767,143.214643
1780456767,150.518685
1780456767,330.567614
1780456767,150.943563
1780456767,326.607201
1780456767,328.544957
1780456767,329.254444
1780456767,327.392171
1780456767,327.575115
1780456767,137.936170
1780456767,329.517380
1780456767,137.942013
1780456767,328.575713
1780456767,327.668627
1780456767,329.717486
1780456767,325.437778
1780456767,320.959872
1780456767,328.418922
1780456767,328.106612
1780456767,322.305168
1780456767,329.592177
1780456767,328.294503
1780456767,332.662278
1780456767,134.074565
1780456767,331.706030
1780456767,134.583288
1780456767,335.644146
1780456767,328.543349
1780456767,335.310293
1780456767,328.357372
1780456767,336.982450
1780456767,337.280372
1780456767,135.766818
1780456767,135.303863
1780456767,331.659423
1780456767,328.617832
1780456767,327.534456
1780456767,330.126031
1780456767,136.070883
1780456767,333.730786
1780456767,138.466143
1780456767,330.913849
1780456767,138.573431
1780456767,337.696366
1780456767,327.026019
1780456767,325.789943
1780456767,154.712081
1780456767,327.752460
1780456767,154.695801
1780456767,327.088576
1780456767,134.139249
1780456767,330.053884
1780456767,329.366181
1780456767,126.554250
1780456767,144.591083
1780456767,135.311148
1780456767,144.717598
1780456767,120.785206
1780456767,144.791546
1780456767,130.724643
1780456767,129.892778
1780456767,130.770171
1780456767,128.764779
1780456767,120.144247
1780456767,131.452109
1780456767,131.764095
1780456767,329.645673
1780456767,334.144605
1780456767,293.309190
1780456767,333.152167
1780456767,293.755506
1780456767,130.582787
1780456767,331.699257
1780456767,285.840361
1780456767,334.018624
1780456767,331.785112
1780456767,286.221596
1780456767,332.057384
1780456767,130.532878
1780456767,334.727383
1780456767,335.270054
1780456767,335.344189
1780456767,335.340537
1780456767,335.535192
1780456767,162.415596
1780456767,159.652622
1780456767,282.585488
1780456767,282.544829
1780456767,162.560153
1780456767,131.137469
1780456767,333.617194
1780456767,333.842524
1780456767,140.275981
1780456767,165.169765
1780456767,164.916538
1780456767,164.591569
1780456767,342.156408
1780456767,349.711330
1780456767,129.120429
1780456767,294.865936
1780456767,126.662371
1780456767,127.839081
1780456767,294.426886
1780456767,126.745280
1780456767,126.782805
1780456767,127.926984
1780456767,127.802799
1780456767,286.385206
1780456767,284.201037
1780456767,135.633936
1780456767,135.244839
1780456767,126.287195
1780456767,125.189503
1780456767,161.214801
1780456767,160.755274
1780456767,159.520088
1780456767,339.063551
1780456767,124.563528
1780456767,125.677002
1780456767,113.562747
1780456767,124.620221
1780456767,339.601197
1780456767,338.967112
1780456767,114.104806
1780456767,114.079889
1780456767,115.966299
1780456767,115.831982
1780456767,113.990511
1780456767,162.831604
1780456767,163.070122
1780456767,163.140068
1780456767,162.128543
1780456767,162.766433
1780456767,152.434015
1780456767,154.583969
1780456767,151.163355
1780456767,155.039857
1780456767,151.808084
1780456767,152.552038
1780456767,162.274704
1780456767,161.812870
1780456767,161.239282
1780456767,162.120046
1780456767,155.526393
1780456767,162.319175
1780456767,121.608645
1780456767,125.621615
1780456767,120.215454
1780456767,117.435301
1780456767,118.286759
1780456767,122.342925
1780456767,117.446624
1780456767,118.015829
1780456767,118.021456
1780456767,116.980383
1780456767,117.178663
1780456767,118.027070
1780456767,118.159894
1780456767,118.157643
1780456767,118.250047
1780456767,116.324739
1780456767,118.395344
1780456767,118.416060
1780456767,118.321784
1780456767,118.601485
1780456767,355.452933
1780456767,355.863453
1780456767,355.994367
1780456767,118.350476
1780456767,352.587814
1780456767,106.242268
1780456767,120.408847
1780456767,120.236917
1780456767,349.215718
1780456767,120.119154
1780456767,120.028704
1780456767,120.119406
1780456767,120.221907
1780456767,120.206058
1780456767,355.324110
1780456767,342.246580
1780456767,120.061457
1780456767,121.451759
1780456767,241.575263
1780456767,114.092203
1780456767,241.593170
1780456767,352.895624
1780456767,353.496725
1780456767,114.418750
1780456767,353.451203
1780456767,120.679102
1780456767,353.293523
1780456767,114.198365
1780456767,353.206167
1780456767,120.882590
1780456767,352.759772
1780456767,103.490344
1780456767,350.994862
1780456767,348.763072
1780456767,346.430343
1780456767,300.183280
1780456767,345.494491
1780456767,354.468188
1780456767,345.684270
1780456767,123.598777
1780456767,345.809388
1780456767,354.822196
1780456767,300.759185
1780456767,344.804839
1780456767,122.463731
1780456767,104.691817
1780456767,344.885073
1780456767,115.244442
1780456767,357.594346
1780456767,122.675860
1780456767,337.088829
1780456767,355.489924
1780456767,358.770243
1780456767,352.227725
1780456767,357.704013
1780456767,355.940320
1780456767,208.226614
1780456767,125.510191
1780456767,241.470401
1780456767,123.856632
1780456767,353.061736
1780456767,193.200159
1780456767,124.038768
1780456767,353.420909
1780456767,197.046019
1780456767,197.088136
1780456767,124.411650
1780456767,197.246485
1780456767,356.233483
1780456767,197.434693
1780456767,126.682281
1780456767,194.196692
1780456767,355.434918
1780456767,194.415819
1780456767,194.608165
1780456767,355.883116
1780456767,127.354312
1780456767,194.876558
1780456767,353.700269
1780456767,195.094729
1780456767,354.026472
1780456767,172.947757
1780456767,117.738376
1780456767,151.476023
1780456767,151.587171
1780456767,151.501912
1780456767,352.700448
1780456767,110.067642
1780456767,352.883990
1780456767,352.913056
1780456767,110.405721
1780456767,352.029475
1780456767,352.176354
1780456767,110.727560
1780456767,296.253060
1780456767,143.084294
1780456767,298.784927
1780456767,142.178262
1780456767,143.732755
1780456767,144.202382
1780456767,141.543451
1780456767,141.566469
1780456767,139.432032
1780456767,139.601895
1780456767,139.951825
1780456767,142.554441
1780456767,142.533352
1780456767,142.821368
1780456767,143.890655
1780456767,172.234929
1780456767,172.182670
1780456767,172.322154
1780456767,172.317109
1780456767,172.103218
1780456767,172.216122
1780456767,172.330736
1780456767,115.183717
1780456767,116.445713
1780456767,115.325761
1780456767,116.402430
1780456767,180.558867
1780456767,154.173324
1780456767,188.048018
1780456767,154.033042
1780456767,153.238039
1780456767,154.295839
1780456767,153.601253
1780456767,153.101732
1780456767,153.742698
1780456767,188.202515
1780456767,182.372698
1780456767,153.519218
1780456767,183.725580
1780456767,181.861375
1780456767,153.924841
1780456767,154.034466
1780456767,182.100054
1780456767,154.153604
1780456767,180.388205
1780456767,154.398589
1780456767,153.854958
1780456767,154.817539
1780456767,180.116025
1780456767,180.470045
1780456767,179.265233
1780456767,164.240661
1780456767,170.363804
1780456767,129.936140
1780456767,158.106378
1780456767,130.345765
1780456767,130.586695
1780456767,169.276604
1780456767,158.607461
1780456767,158.733363
1780456767,186.429194
1780456767,169.702896
1780456767,185.977253
1780456767,186.512719
1780456767,185.969827
1780456767,186.224409
1780456767,185.988133
1780456767,186.031018
1780456768,186.505560
1780456768,186.635916
1780456768,187.072460
1780456768,159.377848
1780456768,186.680078
1780456768,324.460297
1780456768,186.876077
1780456768,324.638785
1780456768,122.158331
1780456768,324.752415
1780456768,334.070342
1780456768,186.180104
1780456768,186.959999
1780456768,187.198033
1780456768,186.848028
1780456768,186.832222
1780456768,187.793356
1780456768,187.004349
1780456768,187.608516
1780456768,187.004115
1780456768,169.752703
1780456768,186.888096
1780456768,325.240022
1780456768,160.270601
1780456768,325.315959
1780456768,325.412795
1780456768,187.197402
1780456768,160.779400
1780456768,160.937968
1780456768,188.189516
1780456768,188.401423
1780456768,189.342977
1780456768,163.478943
1780456768,162.015793
1780456768,189.448366
1780456768,189.439489
1780456768,190.319200
1780456768,189.742316
1780456768,173.349041
1780456768,191.107156
1780456768,187.929789
1780456768,191.230188
1780456768,188.114826
1780456768,191.975577
1780456768,188.030127
1780456768,190.949555
1780456768,191.995106
1780456768,123.671463
1780456768,128.937221
1780456768,128.910736
1780456768,188.088008
1780456768,129.239332
1780456768,140.468826
1780456768,129.042868
1780456768,171.782186
1780456768,174.101775
1780456768,172.997419
1780456768,188.351652
1780456768,172.949924
1780456768,173.017939
1780456768,129.446111
1780456768,174.170881
1780456768,163.669633
1780456768,140.854829
1780456768,166.169157
1780456768,165.138138
1780456768,193.956570
1780456768,167.096972
1780456768,193.964127
1780456768,194.473228
1780456768,162.310696
1780456768,168.267611
1780456768,195.694290
1780456768,195.720369
1780456768,195.330020
1780456768,168.925603
1780456768,170.442079
1780456768,195.962927
1780456768,195.848602
1780456768,196.656189
1780456768,135.223587
1780456768,135.436904
1780456768,133.059623
1780456768,185.883827
1780456768,185.915474
1780456768,133.100898
1780456768,125.312714
1780456768,185.996873
1780456768,132.068582
1780456768,135.142705
1780456768,184.886511
1780456768,183.780883
1780456768,186.070679
1780456768,132.197805
1780456768,130.579463
1780456768,132.099529
1780456768,130.610411
1780456768,182.731889
1780456768,131.899977
1780456768,132.302484
1780456768,185.078449
1780456768,183.991745
1780456768,186.209673
1780456768,166.467527
1780456768,197.949204
1780456768,197.860260
1780456768,172.540705
1780456768,171.164459
1780456768,172.508722
1780456768,172.611332
1780456768,172.438724
1780456768,172.489096
1780456768,172.665994
1780456768,171.894371
1780456768,172.316556
1780456768,167.845249
1780456768,172.710203
1780456768,173.597785
1780456768,131.423447
1780456768,172.252859
1780456768,172.647295
1780456768,172.544010
1780456768,172.948032
1780456768,172.858881
1780456768,403.248224
1780456768,405.679504
1780456768,405.482046
1780456768,403.996882
1780456768,175.701141
1780456768,173.927215
1780456768,165.512530
1780456768,402.264727
1780456768,400.376454
1780456768,176.653826
1780456768,175.001239
1780456768,177.058974
1780456768,176.705332
1780456768,171.870163
1780456768,178.713176
1780456768,168.723705
1780456768,169.021513
1780456768,179.217372
1780456768,398.075431
1780456768,167.991751
1780456768,179.099244
1780456768,161.003718
1780456768,169.195314
1780456768,171.422095
1780456768,178.460216
1780456768,168.312061
1780456768,177.878269
1780456768,401.172305
1780456768,153.908274
1780456768,399.933444
1780456768,166.855956
1780456768,154.465641
1780456768,357.688125
1780456768,152.255197
1780456768,161.633824
1780456768,154.647067
1780456768,215.713475
1780456768,154.750688
1780456768,179.412917
1780456768,179.415628
1780456768,154.831693
1780456768,152.773452
1780456768,203.215073
1780456768,155.392995
1780456768,153.236970
1780456768,356.573066
1780456768,193.013177
1780456768,345.234491
1780456768,153.335926
1780456768,138.481860
1780456768,345.371585
1780456768,152.644297
1780456768,345.455110
1780456768,152.769251
1780456768,192.700483
1780456768,192.748646
1780456768,152.962216
1780456768,145.440095
1780456768,153.181034
1780456768,153.363901
1780456768,114.802913
1780456768,153.629494
1780456768,145.893743
1780456768,153.543494
1780456768,143.868356
1780456768,146.095970
1780456768,144.151335
1780456768,190.054102
1780456768,153.868579
1780456768,190.086211
1780456768,146.376451
1780456768,189.134921
1780456768,143.379399
1780456768,185.964704
1780456768,146.682510
1780456768,210.088539
1780456768,144.966107
1780456768,184.315267
1780456768,143.723616
1780456768,143.879983
1780456768,184.446571
1780456768,144.056268
1780456768,210.619496
1780456768,210.198810
1780456768,143.978274
1780456768,143.072542
1780456768,182.547187
1780456768,142.895713
1780456768,184.945288
1780456768,210.890850
1780456768,144.970467
1780456768,142.030649
1780456768,185.324239
1780456768,142.089589
1780456768,118.317296
1780456768,212.273520
1780456768,211.580274
1780456768,208.394435
1780456768,211.677842
1780456768,116.721920
1780456768,185.793567
1780456768,117.921670
1780456768,185.758007
1780456768,185.799495
1780456768,151.318832
1780456768,151.465445
1780456768,214.056584
1780456768,213.288414
1780456768,187.345903
1780456768,147.776577
1780456768,147.826523
1780456768,216.077124
1780456768,215.223841
1780456768,212.424501
1780456768,138.611701
1780456768,148.068012
1780456768,189.329136
1780456768,164.776046
1780456768,138.879642
1780456768,213.392699
1780456768,138.953073
1780456768,137.430495
1780456768,137.035651
1780456768,139.130680
1780456768,132.206694
1780456768,213.607306
1780456768,139.142143
1780456768,165.989162
1780456768,177.937846
1780456768,164.123814
1780456768,139.665780
1780456768,167.377302
1780456768,167.508474
1780456768,167.595677
1780456768,167.718810
1780456768,166.267895
1780456768,117.545157
1780456768,166.389719
1780456768,166.254419
1780456768,166.089295
1780456768,165.463628
1780456768,166.647604
1780456768,158.245754
1780456768,155.717197
1780456768,155.691363
1780456768,155.731149
1780456768,155.832207
1780456768,152.199861
1780456768,151.193822
1780456768,135.665671
1780456768,219.898629
1780456768,172.094817
1780456768,172.289766
1780456768,172.523905
1780456768,170.177838
1780456768,149.417185
1780456768,172.512492
1780456768,135.699623
1780456768,121.522940
1780456768,220.347004
1780456768,221.315733
1780456768,221.253286
1780456768,221.301621
1780456768,150.031557
1780456768,142.408586
1780456768,122.910595
1780456768,123.252912
1780456768,123.254783
1780456768,142.087673
1780456768,143.275423
1780456768,123.506514
1780456768,123.360855
1780456768,123.421655
1780456768,142.223549
1780456768,125.132697
1780456768,123.838033
1780456768,124.212997
1780456768,115.975764
1780456768,123.727801
1780456768,125.200325
1780456768,137.764729
1780456768,123.976158
1780456768,136.272870
1780456768,137.696466
1780456768,138.319317
1780456768,125.957350
1780456768,138.664969
1780456768,138.649740
1780456768,138.772497
1780456768,155.283243
1780456768,139.578672
1780456768,126.227758
1780456768,125.368202
1780456768,127.991874
1780456768,118.172393
1780456768,128.103444
1780456768,121.181051
1780456768,128.113668
1780456768,127.146926
1780456768,126.515809
1780456768,124.892237
1780456768,109.513430
1780456768,109.832699
1780456768,128.289438
1780456768,125.585605
1780456768,110.200975
1780456768,125.618881
1780456768,109.674109
1780456768,125.701352
1780456768,109.956759
1780456768,126.878491
1780456768,128.252908
1780456768,142.114797
1780456768,110.153151
1780456768,140.900029
1780456768,132.124850
1780456768,111.227942
1780456768,129.807190
1780456768,110.703731
1780456768,111.251343
1780456768,110.757978
1780456768,110.682146
1780456768,110.730344
1780456768,111.475112
1780456768,128.182779
1780456768,111.021057
1780456768,128.739687
1780456768,111.754742
1780456768,111.293726
1780456768,127.519931
1780456768,111.343492
1780456768,126.130803
1780456768,111.408815
1780456768,126.088125
1780456768,125.970775
1780456768,125.968003
1780456768,126.023450
1780456768,429.834614
1780456768,190.011830
1780456768,106.805960
1780456768,431.094854
1780456768,428.583725
1780456768,191.133913
1780456768,393.807856
1780456768,431.165440
1780456768,106.716508
1780456768,107.638225
1780456768,191.214700
1780456768,191.124603
1780456768,115.586919
1780456768,107.815588
1780456768,115.877221
1780456768,191.897855
1780456768,192.012049
1780456768,388.277610
1780456768,388.267584
1780456768,116.115493
1780456768,108.551727
1780456768,116.189796
1780456768,116.536930
1780456768,109.099455
1780456768,192.590626
1780456768,108.645616
1780456768,109.036293
1780456768,109.465121
1780456768,193.168977
1780456768,193.170339
1780456768,193.123327
1780456768,109.521641
1780456768,110.001364
1780456768,110.786288
1780456768,110.924167
1780456768,110.594881
1780456768,106.356990
1780456768,112.470808
1780456768,196.273058
1780456768,196.117609
1780456768,196.269487
1780456768,196.113281
1780456768,178.409282
1780456768,112.628549
1780456768,110.677144
1780456768,112.290776
1780456768,392.728752
1780456768,392.718707
1780456768,378.934033
1780456768,379.056305
1780456768,379.031769
1780456768,112.353307
1780456768,112.934084
1780456768,216.473467
1780456768,113.460216
1780456768,114.534593
1780456768,187.631171
1780456768,114.763857
1780456768,114.799248
1780456768,114.748140
1780456768,114.828703
1780456768,242.984018
1780456768,114.200935
1780456768,217.222026
1780456768,109.171252
1780456768,109.095791
1780456768,216.592291
1780456768,114.992187
1780456768,115.451069
1780456768,217.555882
1780456768,110.251871
1780456768,181.746741
1780456768,112.158414
1780456768,113.233832
1780456768,113.311495
1780456768,106.673246
1780456768,104.053656
1780456768,112.585967
1780456768,118.326638
1780456768,118.290642
1780456768,220.323543
1780456768,114.030966
1780456768,128.427142
1780456768,128.320752
1780456768,127.825558
1780456768,128.103831
1780456768,127.463493
1780456768,127.625424
1780456768,232.871183
1780456768,127.006782
1780456768,127.278436
1780456768,127.419513
1780456768,128.514791
1780456768,127.930521
1780456768,127.705619
1780456768,128.513327
1780456768,127.787618
1780456768,127.929108
1780456768,128.053938
1780456768,128.526806
1780456768,234.518363
1780456768,127.819330
1780456768,128.687248
1780456768,128.746950
1780456768,198.460208
1780456768,128.282239
1780456768,195.939348
1780456768,127.915744
1780456768,218.020154
1780456768,128.475577
1780456768,128.154719
1780456768,218.080464
1780456768,218.743856
1780456768,127.956926
1780456768,250.466097
1780456768,250.472211
1780456768,127.890311
1780456768,128.228796
1780456768,127.972459
1780456768,128.440639
1780456768,129.247535
1780456768,128.598239
1780456768,128.200354
1780456768,128.207368
1780456768,230.232150
1780456768,127.785360
1780456768,128.747207
1780456768,128.167368
1780456768,128.636967
1780456768,128.112566
1780456768,128.269482
1780456768,128.269972
1780456768,174.006709
1780456768,171.907590
1780456768,172.867134
1780456768,117.204657
1780456768,110.043169
1780456768,119.495966
1780456768,113.995128
1780456768,170.517254
1780456768,117.348836
1780456768,170.515796
1780456768,120.695600
1780456768,173.640696
1780456768,108.379873
1780456768,108.457701
1780456768,171.615250
1780456768,108.491161
1780456768,109.597221
1780456768,172.292491
1780456768,108.257819
1780456768,108.120804
1780456768,109.107710
1780456768,108.648157
1780456768,199.253265
1780456768,213.913709
1780456768,201.465430
1780456768,201.322702
1780456768,108.927733
1780456768,108.212550
1780456768,202.036100
1780456768,184.038953
1780456768,200.342002
1780456768,200.427369
1780456768,200.532768
1780456768,203.106527
1780456768,203.901422
1780456768,106.693899
1780456768,202.338595
1780456768,106.369150
1780456768,105.569479
1780456768,106.259785
1780456768,104.636076
1780456768,202.883440
1780456768,202.655091
1780456768,205.424630
1780456768,205.075715
1780456768,205.279885
1780456768,105.697447
1780456768,194.662415
1780456768,104.598297
1780456768,191.675393
1780456768,104.504282
1780456768,191.836136
1780456768,191.927714
1780456768,103.563082
1780456768,173.055072
1780456768,102.814269
1780456768,173.176893
1780456768,163.074931
1780456768,173.431846
1780456768,172.055513
1780456768,172.114817
1780456768,187.786488
1780456768,172.360090
1780456768,171.649971
1780456768,187.632902
1780456768,170.889071
1780456768,255.758608
1780456768,255.866577
1780456768,255.938181
1780456768,167.276860
1780456768,167.125049
1780456768,166.583421
1780456768,166.103296
1780456768,163.967191
1780456768,164.237679
1780456768,185.995036
1780456768,163.213206
1780456768,186.061499
1780456768,186.134555
1780456768,184.034064
1780456768,184.815059
1780456768,178.388425
1780456768,178.432765
1780456768,102.766727
1780456768,102.929925
1780456768,178.716238
1780456768,172.953306
1780456768,158.986645
1780456768,159.116781
1780456768,160.355591
1780456768,159.761540
1780456768,159.364529
1780456768,158.186674
1780456768,159.590126
1780456768,102.558663
1780456768,152.106355
1780456768,102.208914
1780456768,152.193117
1780456768,152.368231
1780456768,152.468431
1780456768,152.496358
1780456768,151.958595
1780456768,103.051223
1780456768,152.189312
1780456768,103.286948
1780456768,103.355490
1780456768,103.586626
1780456768,172.800272
1780456768,103.467262
1780456768,141.693125
1780456768,159.914547
1780456768,103.410581
1780456768,158.785873
1780456768,160.100743
1780456768,158.350441
1780456768,158.178653
1780456768,157.288603
1780456768,156.716836
1780456768,156.486748
1780456768,104.680391
1780456768,154.207165
1780456768,104.588260
1780456768,149.514356
1780456768,104.314698
1780456768,154.552400
1780456768,105.142861
1780456768,104.501562
1780456768,148.564037
1780456768,144.452772
1780456768,105.652947
1780456768,143.973244
1780456768,105.413384
1780456768,144.700480
1780456768,104.765222
1780456768,143.948458
1780456768,105.845535
1780456768,144.768614
1780456768,104.969399
1780456768,143.912850
1780456768,105.782035
1780456768,143.872028
1780456768,105.783471
1780456768,106.420664
1780456768,137.900456
1780456768,144.928716
1780456768,138.473969
1780456768,138.717793
1780456768,105.591243
1780456768,138.381123
1780456768,106.701863
1780456768,145.791909
1780456768,139.083485
1780456768,138.896513
1780456768,107.447915
1780456768,138.975781
1780456768,139.441772
1780456768,107.016117
1780456768,146.484816
1780456768,107.626726
1780456768,139.485301
1780456768,134.533409
1780456768,139.946307
1780456768,140.159132
1780456768,140.490049
1780456768,107.030672
1780456768,107.709985
1780456768,147.397997
1780456768,109.100014
1780456768,147.327708
1780456768,147.339990
1780456768,147.250630
1780456768,107.771356
1780456768,140.386177
1780456768,107.958056
1780456768,140.449377
1780456768,140.670798
1780456768,107.983784
1780456768,140.979320
1780456768,141.129726
1780456768,148.154732
1780456768,109.424060
1780456768,141.151900
1780456768,108.288919
1780456768,147.676217
1780456768,136.166068
1780456768,108.398136
1780456768,137.406185
1780456768,108.962873
1780456768,137.577958
1780456768,108.578398
1780456768,136.484836
1780456768,109.682267
1780456768,136.646312
1780456768,109.566941
1780456768,134.674962
1780456768,109.452808
1780456768,109.367118
1780456768,110.918781
1780456768,110.999074
1780456768,111.016122
1780456768,110.402581
1780456768,103.939593
1780456768,111.506224
1780456768,104.398449
1780456768,105.003131
1780456768,122.268854
1780456768,104.720804
1780456768,104.778721
1780456768,121.530982
1780456768,105.524063
1780456768,105.373887
1780456768,112.280948
1780456768,105.600257
1780456768,113.941929
1780456768,113.242997
1780456768,113.435499
1780456768,113.835630
1780456768,112.847015
1780456768,131.431518
1780456768,114.035091
1780456768,112.902609
1780456768,111.822449
1780456768,113.239923
1780456768,114.473558
1780456768,113.306902
1780456768,113.337935
1780456768,113.515349
1780456768,113.219835
1780456768,113.479421
1780456768,113.919854
1780456768,113.339256
1780456768,112.905319
1780456768,120.353699
1780456768,113.268487
1780456768,105.775920
1780456768,114.299145
1780456768,131.760408
1780456768,115.070754
1780456768,114.083414
1780456768,122.090602
1780456768,115.032867
1780456768,126.282189
1780456768,115.160343
1780456768,118.887190
1780456768,113.434411
1780456768,108.148164
1780456768,119.126167
1780456768,114.793050
1780456768,106.680834
1780456768,118.052892
1780456768,114.881213
1780456768,115.010021
1780456768,118.434363
1780456768,107.208713
1780456768,115.958263
1780456768,117.358352
1780456768,114.538823
1780456768,117.485135
1780456768,107.996069
1780456768,117.665383
1780456768,115.613949
1780456768,116.205621
1780456768,117.817924
1780456768,117.748575
1780456768,116.612421
1780456768,115.931955
1780456768,118.100007
1780456768,108.758907
1780456768,108.876320
1780456768,118.215961
1780456768,116.287848
1780456768,118.288912
1780456768,109.026001
1780456768,108.939066
1780456768,118.232859
1780456768,118.609942
1780456768,118.718935
1780456768,118.613560
1780456768,119.963566
1780456768,119.573631
1780456768,119.399351
1780456768,120.606874
1780456768,120.167564
1780456768,120.117745
1780456768,120.033343
1780456768,119.962877
1780456768,121.146458
1780456768,119.896600
1780456768,120.925011
1780456768,119.904801
1780456768,120.492290
1780456768,121.261987
1780456768,121.775536
1780456768,120.142524
1780456768,120.325389
1780456768,120.061166
1780456768,120.017273
1780456768,121.094500
1780456768,119.907872
1780456768,121.072151
1780456768,120.902109
1780456768,120.923791
1780456768,113.756777
1780456768,113.501562
1780456768,122.387223
1780456768,121.623782
1780456768,113.997314
1780456768,121.661350
1780456768,114.772785
1780456768,120.877410
1780456768,112.697864
1780456768,114.502036
1780456768,115.281626
1780456768,115.258087
1780456768,110.859838
1780456768,123.611138
1780456768,111.011177
1780456768,115.494501
1780456768,115.757360
1780456768,122.062996
1780456768,123.652753
1780456768,110.981935
1780456768,111.184808
1780456768,117.018949
1780456768,116.969319
1780456768,117.337363
1780456768,111.596387
1780456768,116.711427
1780456768,117.040528
1780456768,117.626823
1780456768,117.621218
1780456768,126.065234
1780456768,117.759599
1780456768,117.746184
1780456768,124.790392
1780456768,118.088202
1780456768,110.589156
1780456768,109.882468
1780456768,125.643800
1780456768,125.658027
1780456768,125.763089
1780456768,126.954879
1780456768,112.379129
1780456768,108.718430
1780456768,127.431868
1780456768,127.303954
1780456768,113.114003
1780456768,113.347522
1780456768,113.567982
1780456768,121.566738
1780456768,113.844413
1780456768,112.850818
1780456768,112.895965
1780456768,121.513187
1780456768,113.416156
1780456768,129.444468
1780456768,113.035913
1780456768,122.874734
1780456768,114.119474
1780456768,122.846925
1780456768,113.163006
1780456768,113.480824
1780456768,130.459686
1780456768,112.300719
1780456768,112.571697
1780456768,106.739217
1780456768,112.553764
1780456768,114.467920
1780456768,112.945987
1780456768,112.479996
1780456768,112.544895
1780456768,131.357578
1780456768,113.379253
1780456768,103.804629
1780456768,131.998966
1780456768,103.242752
1780456768,103.478225
1780456768,104.421784
1780456768,104.645511
1780456768,133.588989
1780456768,114.217448
1780456768,133.776488
1780456768,134.371346
1780456768,134.528012
1780456768,111.725877
1780456768,107.344350
1780456768,134.521098
1780456768,134.874725
1780456768,135.232497
1780456768,107.712147
1780456768,135.580709
1780456768,135.587168
1780456768,113.294059
1780456768,113.311632
1780456768,113.391333
1780456768,130.568006
1780456768,115.825256
1780456768,115.712005
1780456768,132.844056
1780456768,113.584060
1780456768,113.504761
1780456768,132.754419
1780456768,133.173251
1780456768,132.884829
1780456768,113.489040
1780456768,141.510219
1780456768,141.608326
1780456768,139.638899
1780456768,141.541293
1780456768,140.811851
1780456768,139.475958
1780456768,141.628605
1780456768,141.797154
1780456768,113.970978
1780456768,141.713374
1780456768,116.332469
1780456768,116.036469
1780456768,116.173886
1780456768,116.098552
1780456768,116.347593
1780456768,133.736800
1780456768,133.606330
1780456768,116.184352
1780456768,114.484324
1780456768,129.595848
1780456768,114.707668
1780456768,141.738332
1780456768,125.480046
1780456768,109.867179
1780456768,117.054865
1780456768,117.169681
1780456768,113.923370
1780456768,113.346057
1780456768,117.714852
1780456768,113.880292
1780456768,113.910406
1780456768,125.380326
1780456768,113.343195
1780456768,114.138762
1780456768,125.582776
1780456768,125.740895
1780456768,114.204600
1780456768,126.216155
1780456768,114.852583
1780456768,125.839344
1780456768,125.901627
1780456768,115.293621
1780456768,114.941421
1780456768,115.241415
1780456768,115.111359
1780456768,125.620091
1780456768,125.612025
1780456768,115.817543
1780456768,116.179352
1780456768,126.021269
1780456768,126.038761
1780456768,125.713205
1780456768,116.615834
1780456768,117.613983
1780456768,117.503416
1780456768,123.828273
1780456768,122.390708
1780456768,119.233341
1780456768,124.079249
1780456768,147.910024
1780456768,147.386262
1780456768,147.851058
1780456768,148.021669
1780456768,148.003225
1780456768,148.121657
1780456768,148.177752
1780456768,148.280736
1780456768,124.900193
1780456768,119.349524
1780456768,148.547655
1780456768,108.914639
1780456768,148.493940
1780456768,110.187634
1780456768,125.116032
1780456768,149.005554
1780456768,123.132063
1780456768,122.950377
1780456768,110.577986
1780456768,149.169857
1780456768,112.004081
1780456768,123.006115
1780456768,122.963860
1780456768,149.146226
1780456768,110.190002
1780456768,149.266453
1780456768,110.687089
1780456768,125.775922
1780456768,125.755152
1780456768,125.784560
1780456768,125.962876
1780456768,125.987885
1780456768,126.630547
1780456768,124.668214
1780456768,124.605902
1780456768,127.130864
1780456768,127.409587
1780456768,126.064411
1780456768,126.142230
1780456768,126.308568
1780456768,126.313000
1780456768,128.400910
1780456768,126.691969
1780456768,126.758902
1780456768,129.102343
1780456768,127.057239
1780456768,125.965581
1780456768,129.799763
1780456768,129.962000
1780456768,126.125663
1780456768,130.447200
1780456768,104.091062
1780456768,130.553818
1780456768,130.689078
1780456768,126.920016
1780456768,127.243026
1780456768,129.181099
1780456768,125.837564
1780456768,131.042934
1780456768,126.166374
1780456768,129.170982
1780456768,129.335453
1780456768,105.593730
1780456768,106.306915
1780456768,114.055691
1780456768,112.273423
1780456768,103.538263
1780456768,103.981452
1780456768,107.200982
1780456768,104.058806
1780456768,103.868178
1780456768,117.177434
1780456768,104.108018
1780456768,117.493106
1780456768,117.943578
1780456768,117.831073
1780456768,118.485197
1780456768,118.850114
1780456768,117.348459
1780456768,119.395391
1780456768,116.962880
1780456768,116.510326
1780456768,134.580968
1780456768,117.460648
1780456768,134.869551
1780456768,134.988152
1780456768,116.909616
1780456768,116.094887
1780456768,116.628194
1780456768,133.472775
1780456768,115.313277
1780456768,115.440674
1780456768,115.595810
1780456768,134.271091
1780456768,134.386313
1780456768,115.578952
1780456768,134.171270
1780456768,134.085971
1780456768,115.882809
1780456768,116.497933
1780456768,133.270056
1780456768,116.926092
1780456768,134.334136
1780456768,116.495044
1780456768,134.449753
1780456768,116.693947
1780456768,135.061264
1780456768,135.328462
1780456768,117.278229
1780456768,133.353368
1780456768,135.621444
1780456768,135.677810
1780456768,136.627584
1780456768,123.856975
1780456768,134.221940
1780456768,117.759564
1780456768,119.084632
1780456768,117.467385
1780456768,124.673613
1780456768,118.253203
1780456768,125.063228
1780456768,118.447000
1780456768,118.510766
1780456768,117.309189
1780456768,123.317820
1780456768,116.922727
1780456768,117.087597
1780456768,125.226112
1780456768,123.441408
1780456768,112.777482
1780456768,110.288014
1780456768,123.071562
1780456768,123.925393
1780456768,122.876508
1780456768,123.078716
1780456768,112.589041
1780456768,123.769099
1780456768,124.490760
1780456768,118.344073
1780456768,121.780622
1780456768,121.784142
1780456768,122.602111
1780456768,122.753973
1780456768,122.803611
1780456768,113.313432
1780456768,122.904359
1780456768,119.339836
1780456768,112.838400
1780456768,113.762887
1780456768,122.339104
1780456768,123.085153
1780456768,120.369674
1780456768,119.912686
1780456768,120.021739
1780456768,120.023411
1780456768,120.133553
1780456768,120.209119
1780456768,120.143327
1780456768,120.544511
1780456768,111.338957
1780456768,111.931094
1780456768,111.932223
1780456768,121.282362
1780456768,121.592483
1780456768,121.175258
1780456768,121.505065
1780456768,121.480972
1780456768,112.147272
1780456768,121.568754
1780456768,118.458947
1780456768,118.449009
1780456768,124.759627
1780456768,122.059393
1780456768,114.221751
1780456768,112.723377
1780456768,118.466945
1780456768,116.980664
1780456768,119.165473
1780456768,118.047709
1780456768,113.317999
1780456768,121.878479
1780456768,112.626850
1780456768,120.274939
1780456768,120.377038
1780456768,122.230236
1780456768,122.557652
1780456768,112.877512
1780456768,123.103570
1780456768,122.795893
1780456768,123.193455
1780456768,113.608512
1780456768,122.577423
1780456768,125.508314
1780456768,124.312840
1780456768,116.640618
1780456768,125.684136
1780456768,111.380003
1780456768,120.018864
1780456768,120.090687
1780456768,120.213204
1780456768,119.085232
1780456768,119.665927
1780456768,113.704558
1780456768,114.389051
1780456768,114.410803
1780456768,114.379452
1780456768,114.539053
1780456768,114.703225
1780456768,114.953643
1780456768,114.922762
1780456768,115.325061
1780456768,113.540726
1780456768,113.659717
1780456768,116.233536
1780456768,113.560633
1780456768,114.341133
1780456768,114.222689
1780456768,121.770632
1780456768,113.682161
1780456768,113.164906
1780456768,113.225155
1780456768,111.144465
1780456768,104.754018
1780456768,116.128384
1780456768,114.741742
1780456768,115.921376
1780456768,105.151191
1780456768,116.150183
1780456768,105.202068
1780456768,105.475057
1780456768,105.649637
1780456768,105.610003
1780456768,105.747465
1780456768,134.043381
1780456768,129.806986
1780456768,115.424892
1780456768,131.339956
1780456768,130.232063
1780456768,133.146790
1780456768,123.577600
1780456768,131.553009
1780456768,130.183113
1780456768,133.539476
1780456768,130.351125
1780456768,124.018629
1780456768,125.020900
1780456768,134.261470
1780456768,134.213958
1780456768,130.983945
1780456768,131.631229
1780456768,131.854046
1780456768,126.193888
1780456768,113.694065
1780456768,113.765902
1780456768,113.792848
1780456768,109.192678
1780456768,113.898566
1780456768,124.558633
1780456768,109.283179
1780456768,113.671426
1780456768,124.658329
1780456768,124.636674
1780456768,125.687591
1780456768,114.037434
1780456768,126.738789
1780456768,115.409679
1780456768,124.822036
1780456768,124.521424
1780456768,125.606174
1780456768,126.622797
1780456768,115.617315
1780456768,128.018939
1780456768,131.194666
1780456768,116.724461
1780456768,121.638677
1780456768,109.819585
1780456768,123.471755
1780456768,105.499770
1780456768,109.504118
1780456768,123.709670
1780456768,105.828698
1780456768,123.722506
1780456768,104.704406
1780456768,105.300935
1780456768,124.589565
1780456768,105.537826
1780456768,124.991034
1780456768,124.842630
1780456768,125.047598
1780456768,124.480640
1780456768,107.199295
1780456768,124.968423
1780456768,125.240722
1780456768,111.225300
1780456768,106.148774
1780456768,104.377053
1780456768,106.305699
1780456768,104.417252
1780456768,106.313080
1780456768,106.352636
1780456768,105.239294
1780456768,126.198233
1780456768,111.732029
1780456768,126.621828
1780456768,112.555758
1780456768,126.295793
1780456768,126.399180
1780456768,126.388168
1780456768,113.070204
1780456768,113.217702
1780456768,106.410443
1780456768,127.377758
1780456768,112.786193
1780456768,127.289470
1780456768,125.195356
1780456768,127.577261
1780456768,110.144191
1780456768,127.730687
1780456768,111.211455
1780456768,127.848380
1780456768,127.984024
1780456768,113.939104
1780456768,123.657619
1780456768,108.439154
1780456768,105.749825
1780456768,108.839164
1780456768,108.950105
1780456768,108.956640
1780456768,105.896077
1780456768,108.913876
1780456768,107.738354
1780456768,111.146320
1780456768,115.276397
1780456768,111.180392
1780456768,110.859973
1780456768,126.014528
1780456768,126.395644
1780456768,128.285025
1780456768,128.085179
1780456768,128.375402
1780456768,128.210491
1780456768,128.247545
1780456768,128.428771
1780456768,130.424943
1780456768,130.674633
1780456768,130.841799
1780456768,130.277720
1780456768,110.272160
1780456768,113.312174
1780456768,131.006952
1780456768,113.486440
1780456768,110.239924
1780456768,125.989560
1780456768,125.404914
1780456768,109.617030
1780456768,125.880373
1780456768,113.265847
1780456768,124.736855
1780456768,113.275452
1780456768,113.167874
1780456768,124.993424
1780456768,127.191415
1780456768,125.212858
1780456768,110.078406
1780456768,107.803012
1780456768,120.042759
1780456768,120.337357
1780456768,108.760247
1780456768,111.603627
1780456768,110.062364
1780456768,111.431073
1780456768,112.579625
1780456768,109.869736
1780456768,109.921529
1780456768,109.014211
1780456768,109.276577
1780456768,109.380463
1780456768,109.071840
1780456768,106.605622
1780456768,106.786332
1780456768,106.454602
1780456768,107.256356
1780456768,113.782862
1780456768,106.791496
1780456768,112.735479
1780456768,113.692453
1780456768,113.906530
1780456768,114.134211
1780456768,114.504535
1780456768,114.118388
1780456768,124.194279
1780456768,115.289361
1780456768,124.262471
1780456768,124.394422
1780456768,124.743259
1780456768,119.816640
1780456768,124.800946
1780456768,119.710817
1780456768,124.937753
1780456768,115.508883
1780456768,117.826063
1780456768,124.640217
1780456768,118.300613
1780456768,118.437410
1780456768,112.753059
1780456768,118.422737
1780456768,122.567163
1780456768,114.252418
1780456768,115.831031
1780456768,115.520284
1780456768,122.735524
1780456768,118.114945
1780456768,117.874449
1780456768,117.638534
1780456768,118.365205
1780456768,123.514437
1780456768,118.811021
1780456768,118.263063
1780456768,123.571435
1780456768,119.044158
1780456768,123.780412
1780456768,119.169508
1780456768,119.250820
1780456768,120.547231
1780456768,119.324586
1780456768,132.324555
1780456768,119.462115
1780456768,120.974572
1780456768,121.164540
1780456768,132.455546
1780456768,124.047924
1780456768,120.872766
1780456768,113.775605
1780456768,125.947653
1780456768,121.053905
1780456768,102.775142
1780456768,105.790694
1780456768,127.138550
1780456768,121.873896
1780456768,127.400460
1780456768,129.333205
1780456768,127.516039
1780456768,128.613227
1780456768,133.640204
1780456768,134.053429
1780456768,134.165595
1780456768,104.075745
1780456768,106.116563
1780456768,131.237139
1780456768,106.001995
1780456768,106.121043
1780456768,106.093275
1780456768,106.204869
1780456768,131.593583
1780456768,130.418858
1780456768,132.557090
1780456768,133.172049
1780456768,131.143457
1780456768,130.265890
1780456768,131.309557
1780456768,108.347122
1780456768,133.205048
1780456768,131.014106
1780456768,102.996532
1780456768,131.126015
1780456768,130.848992
1780456768,118.054925
1780456768,129.633118
1780456768,130.027330
1780456768,130.323011
1780456768,129.166598
1780456768,129.821306
1780456768,129.303710
1780456768,129.272707
1780456768,128.839008
1780456768,129.433539
1780456768,131.123126
1780456768,128.946962
1780456768,128.820037
1780456768,131.008311
1780456768,130.611311
1780456768,128.593089
1780456768,128.151549
1780456768,130.744956
1780456768,130.469348
1780456768,125.483840
1780456768,129.245098
1780456768,123.503860
1780456768,121.871192
1780456768,118.594277
1780456768,118.690749
1780456768,117.929430
1780456768,118.216696
1780456768,117.204445
1780456768,117.271886
1780456768,117.294342
1780456768,117.166404
1780456768,116.093623
1780456768,102.684468
1780456768,103.116202
1780456768,108.472192
1780456768,108.433269
1780456768,108.724004
1780456768,101.764027
1780456768,111.314018
1780456768,111.420508
1780456768,105.165335
1780456768,111.713494
1780456768,111.185613
1780456768,105.766424
1780456768,111.169664
1780456768,105.175440
1780456768,105.684661
1780456768,111.956732
1780456768,112.240454
1780456768,112.447401
1780456768,112.465881
1780456768,102.619007
1780456768,105.818171
1780456768,112.544502
1780456768,111.592165
1780456768,112.601349
1780456768,112.682041
1780456768,106.695956
1780456768,112.664832
1780456768,106.397706
1780456768,112.672444
1780456768,111.880606
1780456768,112.620880
1780456768,106.397763
1780456768,112.107588
1780456768,112.309378
1780456768,111.960318
1780456768,107.236376
1780456768,107.036732
1780456768,107.311775
1780456768,112.057205
1780456768,111.854127
1780456768,106.598628
1780456768,112.061554
1780456768,106.326531
1780456768,107.360900
1780456768,107.780130
1780456768,103.446884
1780456768,108.420645
1780456768,108.389698
1780456768,109.508685
1780456768,111.658095
1780456768,109.510798
1780456768,113.299785
1780456768,109.026319
1780456768,112.140113
1780456768,111.845277
1780456768,109.585898
1780456768,101.450607
1780456768,111.420335
1780456768,111.128460
1780456768,106.054331
1780456768,110.361074
1780456768,102.872001
1780456768,106.095747
1780456768,111.187602
1780456768,111.499141
1780456768,110.355289
1780456768,108.653214
1780456768,111.918606
1780456768,102.767023
1780456768,112.541503
1780456768,109.288955
1780456768,113.293388
1780456768,112.915643
1780456768,109.419949
1780456768,109.737789
1780456768,109.518217
1780456768,112.815060
1780456768,108.414650
1780456768,112.131910
1780456768,108.038741
1780456768,114.001392
1780456768,108.855514
1780456768,108.844480
1780456768,102.880760
1780456768,112.860208
1780456768,108.970076
1780456768,113.019378
1780456768,113.685732
1780456768,109.061478
1780456768,108.950199
1780456768,113.260753
1780456768,102.858232
1780456768,109.333949
1780456768,113.515286
1780456768,109.654903
1780456768,109.513560
1780456768,113.800899
1780456768,102.791650
1780456768,109.903590
1780456768,114.140123
1780456768,109.724875
1780456768,112.093587
1780456768,110.102516
1780456768,103.772097
1780456768,112.258572
1780456768,110.197958
1780456768,112.344121
1780456768,110.323983
1780456768,110.622369
1780456768,110.488113
1780456768,110.660646
1780456768,103.949295
1780456768,110.771619
1780456768,111.429039
1780456768,111.328029
1780456768,111.367420
1780456768,105.423578
1780456768,105.638062
1780456768,105.863179
1780456768,111.778524
1780456768,110.717467
1780456768,110.786979
1780456768,107.087262
1780456768,110.178766
1780456768,107.389556
1780456768,108.244911
1780456768,108.293109
1780456768,110.417449
1780456768,108.443929
1780456768,108.563064
1780456768,108.591705
1780456768,113.027202
1780456768,107.741003
1780456768,108.614941
1780456768,107.764764
1780456768,110.719052
1780456768,110.054934
1780456768,110.046685
1780456768,110.942442
1780456768,114.643223
1780456768,114.740368
1780456768,114.821823
1780456768,111.329537
1780456768,111.308131
1780456768,111.319712
1780456768,111.560023
1780456768,111.426647
1780456768,111.595527
1780456768,111.390633
1780456768,110.796128
1780456768,110.903875
1780456768,110.917939
1780456768,110.931612
1780456768,107.045693
1780456768,109.087340
1780456768,112.907282
1780456768,112.939303
1780456768,113.903854
1780456768,113.962298
1780456768,108.160590
1780456768,107.496457
1780456768,111.194058
1780456768,111.621277
1780456768,112.834569
1780456768,112.528462
1780456768,112.630734
1780456768,111.852423
1780456768,112.903400
1780456768,112.875583
1780456768,112.925637
1780456768,105.925010
1780456768,112.857352
1780456768,105.580938
1780456768,105.621920
1780456768,105.514717
1780456768,105.793716
1780456768,107.184619
1780456768,107.738870
1780456768,113.237239
1780456768,113.285269
1780456768,107.910667
1780456768,111.945399
1780456768,112.597026
1780456768,106.994429
1780456768,112.651537
1780456768,116.636156
1780456768,113.410231
1780456768,106.181888
1780456768,103.288081
1780456768,108.500015
1780456768,108.795554
1780456768,108.788176
1780456768,112.908016
1780456768,109.198456
1780456768,110.963367
1780456768,105.339323
1780456768,105.569174
1780456768,103.972614
1780456768,105.318248
1780456768,110.064975
1780456768,114.548260
1780456768,107.369031
1780456768,117.283529
1780456768,108.577217
1780456768,109.873890
1780456768,102.911129
1780456768,103.016837
1780456768,102.403373
1780456768,110.516763
1780456768,102.918084
1780456768,110.461053
1780456768,110.077013
1780456768,102.761245
1780456768,111.160744
1780456768,109.916122
1780456768,108.651121
1780456768,102.567590
1780456768,108.448019
1780456768,102.739684
1780456768,108.327861
1780456768,108.605848
1780456768,107.578606
1780456768,109.071834
1780456768,108.628969
1780456768,108.036767
1780456768,107.264634
1780456768,107.234113
1780456768,107.366833
1780456768,115.291477
1780456768,107.689829
1780456768,107.587573
1780456768,115.381746
1780456768,113.660865
1780456768,115.632554
1780456768,115.336393
1780456768,117.279168
1780456768,117.306799
1780456768,117.246014
1780456768,106.442468
1780456768,108.131980
1780456768,103.477601
1780456768,117.416265
1780456768,117.536529
1780456768,105.395595
1780456768,103.981004
1780456768,118.261506
1780456768,103.567533
1780456768,118.529109
1780456768,103.669468
1780456768,118.189803
1780456768,104.091940
1780456768,104.739646
1780456768,105.425003
1780456768,104.174347
1780456768,104.292245
1780456768,103.942971
1780456768,104.400073
1780456768,118.765475
1780456768,116.199270
1780456768,103.075601
1780456768,116.178773
1780456768,119.502257
1780456768,118.528871
1780456768,103.864814
1780456768,118.984869
1780456768,118.479523
1780456768,116.129000
1780456768,118.850076
1780456768,119.753842
1780456768,118.282692
1780456768,118.279906
1780456768,103.943966
1780456768,117.195569
1780456768,102.987581
1780456768,119.284970
1780456768,119.209696
1780456768,119.276622
1780456768,119.785974
1780456768,107.000584
1780456768,107.152406
1780456768,118.428917
1780456768,117.898900
1780456768,117.586675
1780456768,116.760136
1780456768,106.997884
1780456768,118.787861
1780456768,118.942536
1780456768,108.102712
1780456768,105.733109
1780456768,117.158006
1780456768,105.852054
1780456768,109.169449
1780456768,118.788308
1780456768,105.448207
1780456768,106.085776
1780456768,106.218942
1780456768,107.119069
1780456768,106.755061
1780456768,118.522084
1780456768,106.576625
1780456768,119.559904
1780456768,120.028030
1780456768,119.887106
1780456768,120.371780
1780456768,120.359323
1780456768,120.152715
1780456768,119.526454
1780456768,120.669762
1780456768,119.790796
1780456768,104.669962
1780456768,120.876850
1780456768,104.980861
1780456768,104.763988
1780456768,120.961975
1780456768,119.181081
1780456768,118.646280
1780456768,119.213026
1780456768,119.262041
1780456768,119.194320
1780456768,118.309015
1780456768,118.161330
1780456768,119.285954
1780456768,118.549114
1780456768,118.784217
1780456768,119.364118
1780456768,119.122740
1780456768,119.342065
1780456768,120.087493
1780456768,119.844017
1780456768,120.368227
1780456768,119.345069
1780456768,115.470718
1780456768,116.033995
1780456768,102.868703
1780456768,116.189403
1780456768,109.699663
1780456768,114.952650
1780456768,115.359076
1780456768,117.705512
1780456768,111.034073
1780456768,114.916972
1780456768,115.587081
1780456768,110.658657
1780456768,118.002866
1780456768,118.070103
1780456768,109.880013
1780456768,115.933120
1780456768,107.417246
1780456768,115.890742
1780456768,116.878324
1780456768,116.089244
1780456768,109.914063
1780456768,116.161132
1780456768,116.462171
1780456768,110.353686
1780456768,117.323090
1780456768,108.320035
1780456768,109.744442
1780456768,114.896664
1780456768,116.359885
1780456768,119.583847
1780456768,115.112116
1780456768,118.760772
1780456768,116.802649
1780456768,118.096485
1780456768,109.425647
1780456768,110.286539
1780456768,110.287455
1780456768,111.121459
1780456768,118.636428
1780456768,119.107032
1780456768,119.272343
1780456768,113.873613
1780456768,115.325931
1780456768,119.966432
1780456768,109.868986
1780456768,116.963991
1780456768,117.645562
1780456768,111.628468
1780456768,121.789181
1780456768,116.363246
1780456768,122.602652
1780456768,116.590741
1780456768,116.761234
1780456768,122.766852
1780456768,117.189770
1780456768,119.443382
1780456768,122.957624
1780456768,123.305773
1780456768,123.551757
1780456768,109.278867
1780456768,103.759236
1780456768,105.824294
1780456768,107.812342
1780456768,120.329401
1780456768,117.717936
1780456768,118.263325
1780456768,124.401297
1780456768,118.840799
1780456768,118.423968
1780456768,118.695887
1780456768,120.447792
1780456768,120.522922
1780456768,109.177968
1780456768,104.117224
1780456768,118.126233
1780456768,120.580786
1780456768,120.145241
1780456768,118.100524
1780456768,115.900604
1780456768,115.797384
1780456768,121.854939
1780456768,112.089054
1780456768,112.101963
1780456768,108.132971
1780456768,120.988295
1780456768,121.129951
1780456768,120.259484
1780456768,108.204568
1780456768,116.987904
1780456768,116.257482
1780456768,106.284086
1780456768,114.107272
1780456768,114.867042
1780456768,115.254969
1780456768,116.929835
1780456768,116.523054
1780456768,117.155429
1780456768,118.807613
1780456768,120.165685
1780456768,119.377278
1780456768,104.853431
1780456768,113.230784
1780456768,105.440718
1780456768,105.567529
1780456768,115.996296
1780456768,111.361240
1780456768,118.936506
1780456768,119.035871
1780456768,111.679325
1780456768,111.915645
1780456768,114.553882
1780456768,119.710204
1780456768,119.206325
1780456768,120.714413
1780456768,120.563569
1780456768,116.414527
1780456768,119.545331
1780456768,116.153085
1780456768,116.394020
1780456768,116.567468
1780456768,126.849762
1780456768,116.577748
1780456768,128.081687
1780456768,126.741823
1780456768,127.185959
1780456768,126.861106
1780456768,120.339287
1780456768,128.591854
1780456768,128.369885
1780456768,130.594493
1780456768,119.963604
1780456768,109.276972
1780456768,125.364064
1780456768,108.751436
1780456768,122.097857
1780456768,121.474498
1780456768,109.490089
1780456768,108.842764
1780456768,109.743039
1780456768,125.870957
1780456768,120.894532
1780456768,109.121181
1780456768,118.418131
1780456768,118.408220
1780456768,108.299925
1780456768,117.010036
1780456768,119.117734
1780456768,119.234513
1780456768,118.082977
1780456768,123.044584
1780456768,117.992758
1780456768,115.092738
1780456768,119.280090
1780456768,108.900303
1780456768,116.163461
1780456768,124.063465
1780456768,110.491155
1780456768,110.622023
1780456768,108.487434
1780456768,124.110304
1780456768,108.159932
1780456768,108.397965
1780456768,118.441202
1780456768,116.332693
1780456768,114.404796
1780456768,108.639703
1780456768,112.651221
1780456768,112.754022
1780456768,105.532170
1780456768,112.880270
1780456768,119.038793
1780456768,106.188683
1780456768,117.561922
1780456768,108.505048
1780456768,113.113600
1780456768,111.131582
1780456768,113.245115
1780456768,118.362475
1780456768,110.390906
1780456768,110.454491
1780456768,107.149114
1780456768,118.392003
1780456768,106.555112
1780456768,105.568054
1780456768,106.538592
1780456768,114.678806
1780456768,118.411278
1780456768,104.505657
1780456768,110.623178
1780456768,112.398705
1780456768,107.527800
1780456768,110.753325
1780456768,117.838708
1780456768,112.894578
1780456768,106.453288
1780456768,111.096251
1780456768,105.385835
1780456768,106.766980
1780456768,107.049874
1780456768,119.954459
1780456768,106.839725
1780456768,117.634426
1780456768,116.322420
1780456768,107.987432
1780456768,106.776638
1780456768,115.949325
1780456768,107.365650
1780456768,115.300140
1780456768,114.480591
1780456768,114.569376
1780456768,115.467779
1780456768,114.562199
1780456768,116.255548
1780456768,114.790645
1780456768,105.387906
1780456768,115.650686
1780456768,111.071000
1780456768,116.284855
1780456768,114.478159
1780456768,114.656537
1780456768,114.638696
1780456768,117.419634
1780456768,115.060163
1780456768,115.458402
1780456768,104.795401
1780456768,116.434123
1780456768,118.134513
1780456768,117.880105
1780456768,117.413929
1780456768,105.386971
1780456768,117.525089
1780456768,107.199685
1780456768,107.845618
1780456768,108.497128
1780456768,108.799071
1780456768,109.002805
1780456768,117.861690
1780456768,119.422330
1780456768,119.560642
1780456768,119.471096
1780456768,117.935715
1780456768,118.500193
1780456768,118.417023
1780456768,117.409498
1780456768,117.493230
1780456768,120.288010
1780456768,108.989442
1780456768,119.793270
1780456768,116.569627
1780456768,114.606469
1780456768,116.181876
1780456768,114.747233
1780456768,114.537885
1780456768,114.521593
1780456768,111.402864
1780456768,114.043009
1780456768,111.061351
1780456768,114.639771
1780456768,107.935644
1780456768,105.054969
1780456768,108.493666
1780456768,106.098542
1780456768,107.979600
1780456768,112.732092
1780456768,108.285297
1780456768,108.750454
1780456768,106.351312
1780456768,108.430847
1780456768,112.931332
1780456768,104.363036
1780456768,122.109126
1780456768,109.808672
1780456768,120.483174
1780456768,120.723601
1780456768,114.429177
1780456768,102.529268
1780456768,114.770276
1780456768,115.650343
1780456768,116.159775
1780456768,120.674758
1780456768,114.721372
1780456768,108.247960
1780456768,122.547561
1780456768,103.067802
1780456768,113.995915
1780456768,113.962786
1780456768,106.083074
1780456768,113.916556
1780456768,103.321103
1780456768,112.410306
1780456768,110.893488
1780456768,114.418934
1780456768,103.390062
1780456768,105.458127
1780456768,108.435207
1780456768,113.820883
1780456768,113.442581
1780456768,111.228472
1780456768,107.889795
1780456768,111.265288
1780456768,106.376189
1780456768,106.570325
1780456768,106.270529
1780456768,121.327534
1780456768,121.400433
1780456768,111.384764
1780456768,113.667988
1780456768,111.513329
1780456768,106.998702
1780456768,104.982963
1780456768,123.831106
1780456768,107.963120
1780456768,107.006407
1780456768,123.875448
1780456768,114.030557
1780456768,108.084237
1780456768,114.057732
1780456768,124.352429
1780456768,110.720413
1780456768,125.561093
1780456768,108.669286
1780456768,113.680542
1780456768,126.096515
1780456768,125.981886
1780456768,105.849492
1780456768,111.969986
1780456768,118.229760
1780456768,113.745234
1780456768,105.924872
1780456768,109.909183
1780456768,109.105656
1780456768,106.011465
1780456768,117.100919
1780456768,116.880286
1780456768,113.604158
1780456768,109.872917
1780456768,109.479586
1780456768,114.730287
1780456768,106.690494
1780456768,109.828355
1780456768,109.646693
1780456768,106.411729
1780456768,114.033961
1780456768,118.690151
1780456768,118.376281
1780456768,118.368870
1780456768,110.405597
1780456768,118.809771
1780456768,108.823718
1780456768,104.948747
1780456768,114.195957
1780456768,114.054276
1780456768,127.097476
1780456768,111.016466
1780456768,111.885814
1780456768,113.218356
1780456768,112.012637
1780456768,110.915173
1780456768,109.491530
1780456768,128.892321
1780456768,116.767072
1780456768,111.434348
1780456768,111.893551
1780456768,112.003024
1780456768,112.076355
1780456768,123.586674
1780456768,115.320895
1780456768,112.329206
1780456768,126.392330
1780456768,116.946622
1780456768,126.748925
1780456768,109.714426
1780456768,115.177911
1780456768,111.708635
1780456768,123.877977
1780456768,109.783067
1780456768,111.480952
1780456768,111.543580
1780456768,105.819884
1780456768,110.207531
1780456768,115.128211
1780456768,111.539224
1780456768,106.773166
1780456768,107.569466
1780456768,110.983721
1780456768,105.135256
1780456768,108.257240
1780456768,111.354634
1780456768,124.162556
1780456768,109.324031
1780456768,124.296564
1780456768,105.711680
1780456768,112.698989
1780456768,106.970605
1780456768,107.403210
1780456768,107.379373
1780456768,121.025015
1780456768,106.938762
1780456768,120.339064
1780456768,111.434073
1780456768,108.290249
1780456768,112.274291
1780456768,116.571240
1780456768,107.516716
1780456768,121.132419
1780456768,114.973337
1780456768,116.165768
1780456768,113.558655
1780456768,109.964685
1780456768,113.370367
1780456768,113.598470
1780456768,112.183323
1780456768,113.060274
1780456768,117.007891
1780456768,110.903797
1780456768,110.782206
1780456768,111.239188
1780456768,118.210632
1780456768,107.896952
1780456768,118.611724
1780456768,117.762277
1780456768,106.721180
1780456768,108.041580
1780456768,117.955405
1780456768,123.090792
1780456768,111.582800
1780456768,106.184053
1780456768,110.754970
1780456768,112.223550
1780456768,105.442656
1780456768,110.639981
1780456768,112.519920
1780456768,112.067583
1780456768,121.574561
1780456768,119.709600
1780456768,112.639776
1780456768,119.108723
1780456768,119.905330
1780456768,102.789855
1780456768,112.581667
1780456768,111.854750
1780456768,119.106124
1780456768,112.011516
1780456768,116.550298
1780456768,109.909699
1780456768,112.788804
1780456768,112.667418
1780456768,112.186301
1780456768,102.565839
1780456768,112.196394
1780456768,112.313704
1780456768,112.399649
1780456768,112.732026
1780456768,112.501625
1780456768,113.963895
1780456768,112.656313
1780456768,113.107365
1780456768,112.774429
1780456768,112.329114
1780456768,113.357324
1780456768,112.805727
1780456768,112.591665
1780456768,112.671873
1780456768,113.047791
1780456768,112.972910
1780456768,114.265077
1780456768,114.073351
1780456768,114.491835
1780456768,112.555632
1780456768,112.955610
1780456768,115.210699
1780456768,113.111003
1780456768,110.148503
1780456768,115.538124
1780456768,103.080988
1780456768,103.177561
1780456768,115.369470
1780456768,116.016857
1780456768,114.798382
1780456768,116.850470
1780456768,116.212401
1780456768,115.398329
1780456768,117.679891
1780456768,115.846687
1780456768,117.326503
1780456768,117.441201
1780456768,105.401130
1780456768,114.931830
1780456768,117.777732
1780456768,104.599416
1780456768,118.260058
1780456768,105.681053
1780456768,104.226565
1780456768,102.395799
1780456768,118.096694
1780456768,104.370257
1780456768,118.497171
1780456768,104.110160
1780456768,104.167956
1780456768,104.093182
1780456768,104.858117
1780456768,114.722096
1780456768,104.989992
1780456768,120.654093
1780456768,105.310910
1780456768,118.744408
1780456768,119.787839
1780456768,103.051712
1780456768,119.417272
1780456768,119.434592
1780456768,105.686979
1780456768,121.963691
1780456768,121.222032
1780456768,106.073445
1780456768,119.501847
1780456768,103.200040
1780456768,105.899067
1780456768,119.893522
1780456768,115.553391
1780456768,102.956817
1780456768,121.975760
1780456768,122.024134
1780456768,121.863437
1780456768,106.250883
1780456768,107.404731
1780456768,121.494245
1780456768,121.950552
1780456768,121.610845
1780456768,121.809492
1780456768,103.206821
1780456768,122.489042
1780456768,107.883357
1780456768,103.527900
1780456768,124.451830
1780456768,118.505611
1780456768,124.362644
1780456768,108.141885
1780456768,124.484008
1780456768,124.394734
1780456768,124.196206
1780456768,122.638622
1780456768,122.716200
1780456768,124.182706
1780456768,124.383546
1780456768,102.991234
1780456768,102.780085
1780456768,122.930479
1780456768,108.701105
1780456768,122.620275
1780456768,108.109562
1780456768,122.938907
1780456768,107.499590
1780456768,102.855432
1780456768,108.054984
1780456768,122.840759
1780456768,122.977637
1780456768,102.695685
1780456768,105.810726
1780456768,123.237627
1780456768,105.955484
1780456768,123.725310
1780456768,106.132139
1780456768,106.651982
1780456768,106.532237
1780456768,124.359406
1780456768,124.494572
1780456768,108.827089
1780456768,123.785219
1780456768,125.005589
1780456768,107.714847
1780456768,106.745173
1780456768,107.133836
1780456768,106.985971
1780456768,124.389654
1780456768,105.580144
1780456768,126.908147
1780456768,126.109040
1780456768,124.436529
1780456768,109.129113
1780456768,109.260042
1780456768,109.375851
1780456768,124.711055
1780456768,124.899075
1780456768,124.713663
1780456768,108.635512
1780456768,125.029570
1780456768,125.473993
1780456768,125.524202
1780456768,102.679128
1780456768,125.791210
1780456768,110.725063
1780456768,110.304409
1780456768,102.950981
1780456768,126.272298
1780456768,111.514845
1780456768,109.135405
1780456768,126.414170
1780456768,126.766851
1780456768,110.254023
1780456768,125.206241
1780456768,126.473832
1780456768,124.705643
1780456768,103.786488
1780456768,109.552346
1780456768,125.793430
1780456768,104.074229
1780456768,112.560622
1780456768,125.564387
1780456768,104.404151
1780456768,104.593569
1780456768,125.422135
1780456768,104.930074
1780456768,105.055250
1780456768,108.847865
1780456768,111.140084
1780456768,111.118211
1780456768,125.530677
1780456768,125.259013
1780456768,111.438129
1780456768,125.769067
1780456768,104.368236
1780456768,126.063129
1780456768,109.060867
1780456768,104.452050
1780456768,111.591208
1780456768,109.631286
1780456768,106.182920
1780456768,114.584143
1780456768,105.941475
1780456768,105.074131
1780456768,104.474246
1780456768,111.409213
1780456768,125.173961
1780456768,102.058056
1780456768,125.306203
1780456768,125.646572
1780456768,124.626412
1780456768,126.201196
1780456768,115.812841
1780456768,114.586605
1780456768,115.492688
1780456768,102.824075
1780456768,103.099275
1780456768,113.801824
1780456768,113.523668
1780456768,113.738698
1780456768,114.022701
1780456768,129.616512
1780456768,129.054387
1780456768,107.465287
1780456768,128.026142
1780456768,114.093021
1780456768,113.939486
1780456768,114.182811
1780456768,104.487375
1780456768,104.019231
1780456768,111.058715
1780456768,115.176319
1780456768,111.125047
1780456768,115.139614
1780456768,104.130609
1780456768,111.894833
1780456768,111.803172
1780456768,111.109538
1780456768,111.963676
1780456768,103.765118
1780456768,112.347447
1780456768,112.972769
1780456768,112.865239
1780456768,104.189191
1780456768,130.827487
1780456768,130.332933
1780456768,104.795861
1780456768,130.465681
1780456768,104.354500
1780456768,130.626467
1780456768,113.676693
1780456768,103.910589
1780456768,113.662247
1780456768,114.403216
1780456768,129.184408
1780456768,105.257833
1780456768,113.676055
1780456768,114.257545
1780456768,114.269106
1780456768,114.450364
1780456768,112.955940
1780456768,127.971113
1780456768,106.509290
1780456768,112.016007
1780456768,105.265879
1780456768,112.938974
1780456768,130.592138
1780456768,129.901206
1780456768,131.985847
1780456768,129.553813
1780456768,115.478302
1780456768,124.640482
1780456768,130.113332
1780456768,124.650375
1780456768,103.145703
1780456768,128.314970
1780456768,129.112309
1780456768,124.627589
1780456768,114.601299
1780456768,125.294028
1780456768,102.675895
1780456768,125.111196
1780456768,125.349093
1780456768,102.502679
1780456768,125.306951
1780456768,114.428913
1780456768,125.048213
1780456768,124.977373
1780456768,104.565495
1780456768,114.450581
1780456768,127.660028
1780456768,104.067581
1780456768,125.469215
1780456768,113.977777
1780456768,104.613536
1780456768,104.482082
1780456768,124.613775
1780456768,123.890162
1780456768,120.502602
1780456768,114.516139
1780456768,115.863871
1780456768,116.384671
1780456768,109.382298
1780456768,121.660164
1780456768,121.779597
1780456768,108.720904
1780456768,121.503474
1780456768,114.820666
1780456768,108.845543
1780456768,121.242705
1780456768,121.141783
1780456768,115.987196
1780456768,121.710083
1780456768,121.461644
1780456768,121.333077
1780456768,110.518262
1780456768,109.098472
1780456768,109.836118
1780456768,115.713537
1780456768,118.283606
1780456768,109.286049
1780456768,110.006942
1780456768,115.906886
1780456768,115.236643
1780456768,109.381335
1780456768,115.664395
1780456768,109.669297
1780456768,115.560134
1780456768,108.658672
1780456768,119.511945
1780456768,115.645406
1780456768,119.761377
1780456768,114.075690
1780456768,114.038398
1780456768,115.229866
1780456768,114.216130
1780456768,113.281515
1780456768,110.290896
1780456768,110.472009
1780456768,109.188278
1780456768,112.585469
1780456768,109.334947
1780456768,110.592406
1780456768,115.862211
1780456768,107.455820
1780456768,113.252861
1780456768,110.189013
1780456768,110.137347
1780456768,110.140723
1780456768,109.332612
1780456768,108.014309
1780456768,109.224355
1780456768,108.728560
1780456768,108.512012
1780456768,108.538131
1780456768,107.351241
1780456768,107.768133
1780456768,107.739379
1780456768,107.905401
1780456768,109.864925
1780456768,120.902687
1780456768,114.324480
1780456768,112.823391
1780456768,110.746516
1780456768,108.922621
1780456768,112.527913
1780456768,115.713182
1780456768,121.043378
1780456768,111.953558
1780456768,109.654139
1780456768,112.065574
1780456768,108.147888
1780456768,110.879005
1780456768,107.083941
1780456768,114.161504
1780456768,109.093915
1780456768,114.963943
1780456768,111.088919
1780456768,110.686738
1780456768,111.102831
1780456768,111.111603
1780456768,109.381027
1780456768,109.680165
1780456768,109.347672
1780456768,109.428107
1780456768,107.475688
1780456768,104.693316
1780456768,104.990839
1780456768,108.176856
1780456768,112.159440
1780456768,107.342540
1780456768,107.586466
1780456768,106.298429
1780456768,105.925909
1780456768,107.108745
1780456768,104.831640
1780456768,108.346912
1780456768,105.128767
1780456768,108.750858
1780456768,104.963561
1780456768,108.858095
1780456768,105.413983
1780456768,105.514009
1780456768,104.961945
1780456768,104.678170
1780456768,105.151077
1780456768,106.105714
1780456768,106.153787
1780456768,110.791847
1780456768,109.729997
1780456768,109.593725
1780456768,106.395304
1780456768,106.520796
1780456768,109.964638
1780456768,110.207641
1780456768,110.355513
1780456768,107.574730
1780456768,107.193247
1780456768,107.348873
1780456768,110.781756
1780456768,110.728428
1780456768,107.356625
1780456768,110.743748
1780456768,110.837993
1780456768,107.330681
1780456768,108.232846
1780456768,103.608748
1780456768,110.570878
1780456768,108.580570
1780456768,107.978738
1780456768,105.918164
1780456768,108.136128
1780456768,108.922206
1780456768,106.960742
1780456768,108.267183
1780456768,108.185633
1780456768,111.083762
1780456768,107.004078
1780456768,104.392072
1780456768,106.317239
1780456768,107.152891
1780456768,111.530576
1780456768,108.563986
1780456768,109.162164
1780456768,111.868584
1780456768,111.921109
1780456768,112.258911
1780456768,112.039314
1780456768,113.026396
1780456768,112.840951
1780456768,112.948060
1780456768,104.632278
1780456768,113.112517
1780456768,112.129346
1780456768,112.098961
1780456768,112.066310
1780456768,103.985700
1780456768,106.722146
1780456768,105.704524
1780456768,112.230026
1780456768,104.371021
1780456768,104.164088
1780456768,105.027476
1780456768,107.033237
1780456768,107.686225
1780456768,106.309295
1780456768,105.789090
1780456768,105.980514
1780456768,109.819309
1780456768,112.799549
1780456768,113.797819
1780456768,113.359069
1780456768,113.467706
1780456768,110.619126
1780456768,110.849931
1780456768,111.154271
1780456768,110.068604
1780456768,109.936757
1780456768,110.322636
1780456768,107.788658
1780456768,103.354755
1780456768,111.942736
1780456768,109.330076
1780456768,112.308258
1780456768,109.627841
1780456768,103.411696
1780456768,109.924794
1780456768,110.259127
1780456768,113.244187
1780456768,110.330806
1780456768,112.663247
1780456768,110.373260
1780456768,112.134250
1780456768,110.508089
1780456768,111.909836
1780456768,110.466127
1780456768,111.786435
1780456768,110.492034
1780456768,111.818780
1780456768,110.686730
1780456768,112.485597
1780456768,110.750369
1780456768,111.965094
1780456768,112.000020
1780456768,106.340902
1780456768,112.076465
1780456768,110.996830
1780456768,112.082155
1780456768,111.180153
1780456768,111.682658
1780456768,109.147131
1780456768,105.271104
1780456768,104.952115
1780456768,105.264437
1780456768,113.952046
1780456768,113.939781
1780456768,105.144574
1780456768,109.336846
1780456768,105.502100
1780456768,116.073133
1780456768,116.860109
1780456768,116.496827
1780456768,115.069956
1780456768,116.504355
1780456768,111.371454
1780456768,117.775071
1780456768,117.875798
1780456768,118.048085
1780456768,117.475081
1780456768,117.280066
1780456768,109.300669
1780456768,116.973993
1780456768,117.966437
1780456768,112.847134
1780456768,116.124820
1780456768,114.708379
1780456768,111.748376
1780456768,114.894507
1780456768,113.754942
1780456768,107.288670
1780456768,115.411224
1780456768,113.305538
1780456768,107.437117
1780456768,113.357099
1780456768,108.270544
1780456768,109.426456
1780456768,112.034499
1780456768,109.914157
1780456768,109.891727
1780456768,112.185358
1780456768,110.071750
1780456768,110.049574
1780456768,112.900189
1780456768,104.809180
1780456768,116.235036
1780456768,116.480421
1780456768,112.873036
1780456768,116.381503
1780456768,112.835037
1780456768,112.847642
1780456768,112.974507
1780456768,103.868468
1780456768,116.151090
1780456768,113.012557
1780456768,117.926342
1780456768,116.501810
1780456768,116.454616
1780456768,103.312173
1780456768,117.262654
1780456768,118.893713
1780456768,115.611432
1780456768,115.750492
1780456768,116.552785
1780456768,119.078565
1780456768,119.246854
1780456768,117.570998
1780456768,117.205400
1780456768,117.219319
1780456768,111.821754
1780456768,119.112535
1780456768,111.119545
1780456768,119.254379
1780456768,119.450487
1780456768,116.481650
1780456768,122.443490
1780456768,116.191068
1780456768,112.126665
1780456768,116.040931
1780456768,111.759589
1780456768,119.343180
1780456768,116.330724
1780456768,111.648169
1780456768,111.302805
1780456768,110.715596
1780456768,116.855651
1780456768,119.639553
1780456768,119.304563
1780456768,109.550800
1780456768,108.556797
1780456768,112.244848
1780456768,106.440287
1780456768,107.087668
1780456768,112.495597
1780456768,118.788061
1780456768,118.995708
1780456768,114.761549
1780456768,118.846374
1780456768,115.067398
1780456768,111.422519
1780456768,114.769373
1780456768,114.569822
1780456768,114.677548
1780456768,115.191207
1780456768,109.874700
1780456768,113.204755
1780456768,115.187696
1780456768,110.894904
1780456768,109.432479
1780456768,107.968287
1780456768,114.872846
1780456768,109.571209
1780456768,115.031821
1780456768,111.972002
1780456768,111.034662
1780456768,104.703229
1780456768,111.948857
1780456768,106.555899
1780456768,109.058296
1780456768,114.883406
1780456768,108.322296
1780456768,115.834598
1780456768,115.066951
1780456768,106.471526
1780456768,104.305954
1780456768,104.233540
1780456768,105.542745
1780456768,106.592411
1780456768,106.533814
1780456768,106.338165
1780456768,107.652888
1780456768,107.748561
1780456768,107.885558
1780456768,108.012051
1780456768,107.886874
1780456768,108.561590
1780456768,108.014365
1780456768,107.418251
1780456768,107.171104
1780456768,108.803308
1780456768,109.143395
1780456768,109.221004
1780456768,108.801028
1780456768,108.967500
1780456768,109.803944
1780456768,109.975165
1780456768,109.489021
1780456768,110.095458
1780456768,109.618909
1780456768,109.571635
1780456768,105.903604
1780456768,113.513808
1780456768,113.653102
1780456768,106.137292
1780456768,112.254700
1780456768,113.003887
1780456768,113.252926
1780456768,113.623441
1780456768,109.312799
1780456768,105.465490
1780456768,116.912846
1780456768,113.822592
1780456768,115.272988
1780456768,114.978639
1780456768,106.542370
1780456768,108.102092
1780456768,106.694833
1780456768,116.497208
1780456768,117.684573
1780456768,106.812045
1780456768,117.585755
1780456768,109.619364
1780456768,119.443301
1780456768,119.446721
1780456768,106.297265
1780456768,119.847424
1780456768,120.032951
1780456768,107.170444
1780456768,107.253587
1780456768,109.988044
1780456768,107.804478
1780456768,107.988598
1780456768,107.437912
1780456768,109.030101
1780456768,107.083763
1780456768,121.897987
1780456768,108.667458
1780456768,106.220374
1780456768,122.905751
1780456768,109.705518
1780456768,123.078332
1780456768,106.312106
1780456768,123.586033
1780456768,117.990991
1780456768,118.142847
1780456768,124.177813
1780456768,111.518943
1780456768,118.591225
1780456768,117.257528
1780456768,110.321511
1780456768,108.493419
1780456768,109.004674
1780456768,106.757774
1780456768,110.708219
1780456768,117.476199
1780456768,117.716771
1780456768,111.083830
1780456768,111.269373
1780456768,111.071123
1780456768,116.163995
1780456768,111.248670
1780456768,118.010491
1780456768,110.749698
1780456768,109.946008
1780456768,116.596336
1780456768,102.739175
1780456768,102.550571
1780456768,116.681098
1780456768,110.614706
1780456768,113.595151
1780456768,113.519320
1780456768,111.363875
1780456768,111.614960
1780456768,102.839527
1780456768,110.172772
1780456768,114.424791
1780456768,113.596015
1780456768,114.522007
1780456768,102.943529
1780456768,113.643837
1780456768,114.084461
1780456768,102.669462
1780456768,103.581067
1780456768,103.781751
1780456768,114.896382
1780456768,114.652853
1780456768,113.228249
1780456768,113.360980
1780456768,103.634647
1780456768,113.811248
1780456768,113.166804
1780456768,113.909396
1780456768,109.797340
1780456768,104.461541
1780456768,109.978530
1780456768,104.578938
1780456768,109.872164
1780456768,109.968097
1780456768,103.772730
1780456768,103.621378
1780456768,104.130450
1780456768,115.722106
1780456768,110.385771
1780456768,110.467101
1780456768,110.080570
1780456768,110.231209
1780456768,111.759988
1780456768,111.286387
1780456768,110.756974
1780456768,110.682502
1780456768,109.630385
1780456768,103.781468
1780456768,110.261038
1780456768,105.050235
1780456768,109.590645
1780456768,110.513752
1780456768,110.798267
1780456768,110.887837
1780456768,110.902594
1780456768,111.095276
1780456768,110.592667
1780456768,110.769373
1780456768,105.469470
1780456768,103.019594
1780456768,101.927430
1780456768,110.735601
1780456768,111.060495
1780456768,111.014229
1780456768,106.753006
1780456768,120.977259
1780456768,106.186728
1780456768,108.164552
1780456768,106.991305
1780456768,109.583868
1780456768,103.566706
1780456768,105.956693
1780456768,111.985242
1780456768,112.010424
1780456768,107.065434
1780456768,103.575124
1780456768,113.048337
1780456768,113.632779
1780456768,103.810935
1780456768,113.347321
1780456768,103.598226
1780456768,106.259248
1780456768,113.308122
1780456768,106.611707
1780456768,113.797286
1780456768,106.336938
1780456768,113.741611
1780456768,113.777885
1780456768,103.582322
1780456768,103.596368
1780456768,103.128612
1780456768,103.858883
1780456768,105.767573
1780456768,103.407076
1780456768,105.772074
1780456768,112.603518
1780456768,103.078360
1780456768,103.550260
1780456768,111.175315
1780456768,112.942035
1780456768,112.323663
1780456768,104.243753
1780456768,109.585420
1780456768,109.090013
1780456768,108.556854
1780456768,108.478182
1780456768,115.508215
1780456768,113.351966
1780456768,109.764357
1780456768,109.331008
1780456768,104.251676
1780456768,104.448876
1780456768,104.833156
1780456768,105.194030
1780456768,103.171517
1780456768,103.215170
1780456768,103.804898
1780456768,103.680349
1780456768,103.767326
1780456768,105.016729
1780456768,105.362336
1780456768,105.349989
1780456768,105.351930
1780456768,105.308356
1780456768,105.431350
1780456768,105.996869
1780456768,105.632511
1780456768,105.511766
1780456768,106.703564
1780456768,106.600701
1780456768,106.329847
1780456768,106.954248
1780456768,106.892606
1780456768,107.751889
1780456768,107.900203
1780456768,107.835429
1780456768,107.915212
1780456768,103.616387
1780456768,107.866487
1780456768,104.152174
1780456768,104.966110
1780456768,108.697651
1780456768,107.552328
1780456768,108.969688
1780456768,103.615200
1780456768,103.861113
1780456768,122.560729
1780456768,106.938605
1780456768,106.938688
1780456768,107.457993
1780456768,106.247369
1780456768,105.516755
1780456768,105.760933
1780456768,123.566650
1780456768,106.607588
1780456768,123.566402
1780456768,124.463818
1780456768,104.633369
1780456768,105.593022
1780456768,105.238507
1780456768,124.475532
1780456768,123.773153
1780456768,108.537355
1780456768,106.875030
1780456768,106.795174
1780456768,123.542229
1780456768,106.971322
1780456768,108.246323
1780456768,123.841378
1780456768,107.886481
1780456768,123.264304
1780456768,123.312702
1780456768,103.966357
1780456768,125.647295
1780456768,123.427978
1780456768,104.594656
1780456768,104.750656
1780456768,106.190809
1780456768,103.743387
1780456768,104.112636
1780456768,126.515962
1780456768,126.567218
1780456768,124.069321
1780456768,126.727988
1780456768,107.626482
1780456768,125.998758
1780456768,126.015321
1780456768,124.252018
1780456768,124.341620
1780456768,126.675099
1780456768,103.319719
1780456768,126.779189
1780456768,124.287579
1780456768,127.137074
1780456768,124.069192
1780456768,121.455316
1780456768,103.520732
1780456768,121.763102
1780456768,128.091595
1780456768,124.908696
1780456768,128.402408
1780456768,103.117754
1780456768,128.242952
1780456768,111.447232
1780456768,128.412390
1780456768,114.611366
1780456768,120.767292
1780456768,111.740036
1780456768,103.225555
1780456768,115.566249
1780456768,129.410867
1780456768,112.548681
1780456768,115.414667
1780456768,128.400149
1780456768,128.479833
1780456768,115.590172
1780456768,124.829960
1780456768,115.822366
1780456768,102.705362
1780456768,125.143431
1780456768,113.842422
1780456768,112.356765
1780456768,113.621391
1780456768,125.382189
1780456768,125.707346
1780456768,102.970487
1780456768,103.529985
1780456768,126.083751
1780456768,113.302503
1780456768,113.002547
1780456768,126.535786
1780456768,113.251951
1780456768,121.099617
1780456768,113.424906
1780456768,125.218287
1780456768,124.664591
1780456768,103.771293
1780456768,107.079905
1780456768,112.787604
1780456768,125.930627
1780456768,125.867435
1780456768,125.396984
1780456768,124.851446
1780456768,113.038555
1780456768,125.360926
1780456768,113.077043
1780456768,112.592793
1780456768,113.114442
1780456768,120.482446
1780456768,126.249857
1780456768,126.352050
1780456768,126.279880
1780456768,111.940583
1780456768,126.265798
1780456768,112.249133
1780456768,125.339108
1780456768,114.946470
1780456768,115.027191
1780456768,112.297251
1780456768,114.779223
1780456768,113.423253
1780456768,112.561937
1780456768,125.559547
1780456768,113.123184
1780456768,125.361829
1780456768,112.887348
1780456768,112.420947
1780456768,123.390166
1780456768,124.510953
1780456768,107.625171
1780456768,105.974842
1780456768,105.943108
1780456768,115.046476
1780456768,115.438602
1780456768,107.073365
1780456768,108.225739
1780456768,107.112553
1780456768,107.417703
1780456768,108.382217
1780456768,113.641661
1780456768,112.800293
1780456768,125.567029
1780456768,124.328432
1780456768,105.351823
1780456768,107.885235
1780456768,112.734063
1780456768,128.274264
1780456768,114.263641
1780456768,112.894480
1780456768,113.109193
1780456768,128.081252
1780456768,110.586960
1780456768,123.022181
1780456768,128.081833
1780456768,111.799928
1780456768,111.519762
1780456768,108.866992
1780456768,111.174942
1780456768,116.077480
1780456768,111.326305
1780456768,111.755226
1780456768,107.992467
1780456768,108.078791
1780456768,111.472720
1780456768,109.898881
1780456768,109.897440
1780456768,110.773920
1780456768,109.814988
1780456768,120.751835
1780456768,127.854466
1780456768,125.722991
1780456768,109.965408
1780456768,120.261755
1780456768,105.168946
1780456768,120.741157
1780456768,112.600457
1780456768,132.350618
1780456768,108.451806
1780456768,106.875725
1780456768,120.960375
1780456768,122.254869
1780456768,120.769757
1780456768,130.275364
1780456768,127.812953
1780456768,130.023989
1780456768,112.799357
1780456768,124.723004
1780456768,126.502943
1780456768,126.480135
1780456768,125.402829
1780456768,122.646800
1780456768,110.260592
1780456768,106.746895
1780456768,123.701682
1780456768,107.476466
1780456768,124.832992
1780456768,120.841631
1780456768,121.689184
1780456768,121.955545
1780456768,122.837361
1780456768,122.511693
1780456768,109.383931
1780456768,121.928210
1780456768,106.207529
1780456768,105.893404
1780456768,122.461248
1780456768,106.466216
1780456768,106.883143
1780456768,106.512396
1780456768,107.136221
1780456768,120.482044
1780456768,108.037424
1780456768,108.501935
1780456768,108.996288
1780456768,118.542531
1780456768,121.096131
1780456768,121.102200
1780456768,105.033464
1780456768,106.437174
1780456768,108.084872
1780456768,108.145902
1780456768,110.566628
1780456768,110.681606
1780456768,110.224002
1780456768,110.910783
1780456768,115.785318
1780456768,116.453893
1780456768,116.557159
1780456768,122.086021
1780456768,120.192890
1780456768,122.277268
1780456768,137.038370
1780456768,124.576708
1780456768,142.499072
1780456768,125.974682
1780456768,130.049346
1780456768,145.477371
1780456768,145.508053
1780456768,117.453641
1780456768,117.548314
1780456768,118.007602
1780456768,140.032329
1780456768,141.054702
1780456768,141.868406
1780456768,126.894956
1780456768,126.895096
1780456768,121.628009
1780456768,126.624186
1780456768,122.581886
1780456768,142.020296
1780456768,142.100869
1780456768,119.467114
1780456768,144.807967
1780456768,132.249368
1780456768,134.506321
1780456768,125.640696
1780456768,137.351162
1780456768,131.687820
1780456768,126.713129
1780456768,127.113185
1780456768,127.270851
1780456768,141.013691
1780456768,128.225973
1780456768,134.319353
1780456768,133.799137
1780456768,128.668914
1780456768,141.146477
1780456768,135.006619
1780456768,162.280901
1780456768,141.079383
1780456768,136.713190
1780456768,131.541041
1780456768,131.675156
1780456768,138.124623
1780456768,128.100179
1780456768,147.484398
1780456768,141.536891
1780456768,152.904333
1780456768,141.672532
1780456768,150.752769
1780456768,153.568188
1780456768,150.941214
1780456768,155.451892
1780456768,141.411213
1780456768,141.533583
1780456768,141.536100
1780456768,141.563310
1780456768,142.573273
1780456768,145.948317
1780456768,146.924919
1780456768,148.621120
1780456768,149.296609
1780456768,150.166990
1780456768,149.353109
1780456768,150.144495
1780456768,162.254418
1780456768,171.438114
1780456768,171.072941
1780456768,164.769824
1780456768,173.534713
1780456768,165.665818
1780456768,164.849996
1780456768,178.304475
1780456768,177.735428
1780456768,168.780003
1780456768,161.013770
1780456768,182.153488
1780456768,174.401846
1780456768,182.570830
1780456768,171.255757
1780456768,173.813221
1780456768,171.745763
1780456768,184.742191
1780456768,176.492609
1780456768,173.948134
1780456768,179.595818
1780456768,177.513390
1780456768,182.337119
1780456768,189.669894
1780456768,181.474561
1780456768,182.899859
1780456768,165.603477
1780456768,191.736242
1780456768,186.242115
1780456768,189.554650
1780456768,191.265090
1780456768,187.630620
1780456768,189.424183
1780456768,192.108077
1780456768,191.524958
1780456768,192.230232
1780456768,192.366423
1780456768,189.088523
1780456768,192.470319
1780456768,191.836736
1780456768,193.712801
1780456768,193.985777
1780456768,193.981921
1780456768,195.584472
1780456768,188.474567
1780456768,192.245024
1780456768,196.592591
1780456768,192.484718
1780456768,196.169642
1780456768,196.702537
1780456768,194.562345
1780456768,196.150354
1780456768,196.083708
1780456768,196.823688
1780456768,199.251310
1780456768,199.446523
1780456768,199.490027
1780456768,199.648333
1780456768,201.705104
1780456768,201.783056
1780456768,200.671791
1780456768,196.612245
1780456768,202.632929
1780456768,196.784207
1780456768,202.217933
1780456768,202.399756
1780456768,202.352758
1780456768,191.198007
1780456768,195.536384
1780456768,181.554361
1780456768,181.633882
1780456768,181.642481
1780456768,181.780697
1780456768,181.855790
1780456768,180.908388
1780456768,195.846296
1780456768,182.151575
1780456768,184.090444
1780456768,196.536842
1780456768,197.035496
1780456768,186.071569
1780456768,197.650877
1780456768,180.384961
1780456768,186.599415
1780456768,194.283712
1780456768,198.779101
1780456768,182.403200
1780456768,199.277225
1780456768,195.829448
1780456768,197.416892
1780456768,186.057720
1780456768,187.618753
1780456768,195.075386
1780456768,190.914072
1780456768,200.004336
1780456768,202.481741
1780456768,203.313249
1780456768,203.554881
1780456768,193.788046
1780456768,191.264215
1780456768,188.657415
1780456768,205.506183
1780456768,197.018119
1780456768,206.030601
1780456768,195.549900
1780456768,197.192660
1780456768,198.793806
1780456768,199.843206
1780456768,208.301963
1780456768,208.453187
1780456768,199.478509
1780456768,200.459634
1780456768,199.927216
1780456768,200.870731
1780456768,201.167105
1780456768,203.263298
1780456768,205.762559
1780456768,202.565032
1780456768,203.344019
1780456768,206.053283
1780456768,189.588787
1780456768,204.456461
1780456768,189.853492
1780456768,196.071755
1780456768,206.902844
1780456768,188.110055
1780456768,195.516914
1780456768,188.183964
1780456768,190.861528
1780456768,193.712702
1780456768,195.706767
1780456768,191.133776
1780456768,194.063207
1780456768,191.571106
1780456768,194.821402
1780456768,209.390466
1780456768,207.029060
1780456768,198.127672
1780456768,192.292025
1780456768,195.100851
1780456768,193.977578
1780456768,197.051998
1780456768,192.785988
1780456768,199.018661
1780456768,195.657334
1780456768,197.650868
1780456768,193.430993
1780456768,193.609215
1780456768,209.843148
1780456768,186.005345
1780456768,196.485292
1780456768,196.866197
1780456768,194.093054
1780456768,198.881771
1780456768,196.942824
1780456768,199.081832
1780456768,197.592727
1780456768,199.938167
1780456768,199.521037
1780456768,199.218110
1780456768,199.339163
1780456768,199.488548
1780456768,197.244440
1780456768,199.902781
1780456768,205.058300
1780456768,206.098739
1780456768,206.212098
1780456768,211.727077
1780456768,216.913540
1780456768,211.738852
1780456768,220.523191
1780456768,212.673137
1780456768,223.125466
1780456768,223.215886
1780456768,226.160114
1780456768,226.298849
1780456768,211.058757
1780456768,213.822710
1780456768,215.131525
1780456768,225.171164
1780456768,215.305494
1780456768,211.384082
1780456768,225.409346
1780456768,211.479608
1780456768,225.891849
1780456768,220.323658
1780456768,223.431521
1780456768,226.165314
1780456768,218.463603
1780456768,208.196639
1780456768,204.087550
1780456768,203.139813
1780456768,212.011207
1780456768,203.231595
1780456768,208.835509
1780456768,195.851284
1780456768,208.867463
1780456768,212.900119
1780456768,199.195952
1780456768,205.054911
1780456768,213.503970
1780456768,197.830322
1780456768,210.264019
1780456768,198.462100
1780456768,214.001774
1780456768,206.109737
1780456768,214.388399
1780456768,198.672288
1780456768,224.781404
1780456768,206.469912
1780456768,211.059662
1780456768,202.615915
1780456768,222.130785
1780456768,213.015342
1780456768,206.429246
1780456768,218.687635
1780456768,208.922256
1780456768,199.370358
1780456768,200.085540
1780456768,208.280716
1780456768,204.227400
1780456768,226.817402
1780456768,201.472880
1780456768,228.779463
1780456768,201.162504
1780456768,209.349897
1780456768,209.700294
1780456768,217.704486
1780456768,207.122215
1780456768,228.117010
1780456768,207.609807
1780456768,213.144294
1780456768,213.345981
1780456768,216.695371
1780456768,210.721739
1780456768,232.801760
1780456768,215.394994
1780456768,208.612644
1780456768,227.789453
1780456768,209.156365
1780456768,221.281100
1780456768,216.463503
1780456768,221.771469
1780456768,217.861273
1780456768,215.051574
1780456768,209.459919
1780456768,222.275147
1780456768,207.009482
1780456768,223.934632
1780456768,228.153456
1780456768,215.652277
1780456768,228.488879
1780456768,209.114704
1780456768,228.644303
1780456768,219.407874
1780456768,213.649614
1780456768,229.129780
1780456768,221.185824
1780456768,216.771903
1780456768,218.835725
1780456768,217.340306
1780456768,217.443352
1780456768,219.124332
1780456768,209.298087
1780456768,219.940378
1780456768,198.071412
1780456768,194.972298
1780456768,221.152303
1780456768,207.503689
1780456768,232.332465
1780456768,231.977072
1780456768,208.859534
1780456768,210.549965
1780456768,197.622540
1780456768,211.256820
1780456768,236.537252
1780456768,211.479293
1780456768,236.930950
1780456768,211.835368
1780456768,239.808748
1780456768,214.918562
1780456768,233.747189
1780456768,212.357594
1780456768,234.156685
1780456768,201.672386
1780456768,240.006931
1780456768,212.849247
1780456768,217.474578
1780456768,218.608792
1780456768,215.413484
1780456768,218.235591
1780456768,202.618768
1780456768,204.216768
1780456768,200.660136
1780456768,202.141622
1780456768,210.007364
1780456768,216.950138
1780456768,205.159983
1780456768,217.199276
1780456768,217.341916
1780456768,208.481580
1780456768,212.890889
1780456768,210.052635
1780456768,202.052830
1780456768,223.395301
1780456768,218.022470
1780456768,222.127416
1780456768,218.228604
1780456768,222.318498
1780456768,211.640533
1780456768,209.169531
1780456768,226.860621
1780456768,227.509000
1780456768,227.483162
1780456768,224.803168
1780456768,204.693888
1780456768,227.900297
1780456768,227.984464
1780456768,228.182371
1780456768,228.081487
1780456768,210.784028
1780456768,232.911224
1780456768,215.615129
1780456768,228.838422
1780456768,211.911026
1780456768,228.750303
1780456768,213.890779
1780456768,238.338719
1780456768,208.037727
1780456768,223.705135
1780456768,229.603661
1780456768,213.949590
1780456768,239.274054
1780456768,214.155014
1780456768,239.352053
1780456768,222.121846
1780456768,216.865071
1780456768,235.179730
1780456768,224.281720
1780456768,221.024471
1780456768,224.803769
1780456768,215.506658
1780456768,223.059083
1780456768,236.803945
1780456768,218.212478
1780456768,225.274584
1780456768,217.173698
1780456768,217.280844
1780456768,225.742847
1780456768,218.872319
1780456768,237.745647
1780456768,226.942720
1780456768,232.091567
1780456768,230.146373
1780456768,227.715475
1780456768,230.585383
1780456768,245.846279
1780456768,230.714748
1780456768,209.413090
1780456768,232.185213
1780456768,235.312367
1780456768,235.427035
1780456768,246.514937
1780456768,234.316343
1780456768,238.564296
1780456768,219.169214
1780456768,232.978910
1780456768,219.529520
1780456768,217.580602
1780456768,223.313228
1780456768,226.382829
1780456768,226.539826
1780456768,222.110973
1780456768,222.314652
1780456768,222.473829
1780456768,222.599098
1780456768,196.287955
1780456768,191.120206
1780456768,201.866907
1780456768,194.003814
1780456768,194.528248
1780456768,193.585344
1780456768,234.779467
1780456768,236.687192
1780456768,237.014769
1780456768,236.816355
1780456768,211.407332
1780456768,222.074652
1780456768,223.079107
1780456768,223.450255
1780456768,216.784316
1780456768,224.821995
1780456768,216.890044
1780456768,216.959661
1780456768,225.623385
1780456768,226.233254
1780456768,226.847438
1780456768,217.211836
1780456768,218.256759
1780456768,227.018989
1780456768,218.332310
1780456768,228.107692
1780456768,219.482779
1780456768,223.241057
1780456768,229.749160
1780456768,230.456040
1780456768,229.803156
1780456768,230.971025
1780456768,226.339635
1780456768,231.428530
1780456768,226.368629
1780456768,231.353082
1780456768,226.495471
1780456768,208.536881
1780456768,231.502303
1780456768,230.993835
1780456768,230.828003
1780456768,224.724513
1780456768,231.159206
1780456768,230.995841
1780456768,231.907294
1780456768,218.433563
1780456768,223.007866
1780456768,223.099046
1780456768,218.514721
1780456768,224.184111
1780456768,219.803954
1780456768,231.242934
1780456768,231.381384
1780456768,232.084534
1780456768,239.621379
1780456768,237.119295
1780456768,232.345184
1780456768,209.417134
1780456768,206.053392
1780456768,206.181061
1780456768,210.880079
1780456768,206.838226
1780456768,211.032728
1780456768,211.117430
1780456768,197.624030
1780456768,199.863937
1780456768,203.825627
1780456768,197.745793
1780456768,202.424337
1780456768,198.882940
1780456768,201.461489
1780456768,204.078738
1780456768,199.077169
1780456768,204.014051
1780456768,204.141064
1780456768,201.708470
1780456768,202.845546
1780456768,206.089604
1780456768,203.859108
1780456768,204.919068
1780456768,204.305818
1780456768,204.340378
1780456768,203.146431
1780456768,204.549631
1780456768,197.393526
1780456768,204.623906
1780456768,203.651650
1780456768,198.639457
1780456768,199.789111
1780456768,208.160631
1780456768,208.268578
1780456768,201.100303
1780456768,201.085920
1780456768,201.151712
1780456768,185.775234
1780456768,203.855806
1780456768,176.603231
1780456768,175.198847
1780456768,176.707146
1780456768,187.914618
1780456768,176.830328
1780456768,186.061222
1780456768,184.475230
1780456768,188.217024
1780456768,185.190693
1780456768,177.418314
1780456768,187.680079
1780456768,206.846078
1780456768,185.926253
1780456768,216.524760
1780456768,180.436512
1780456768,208.483490
1780456768,180.697144
1780456768,208.768880
1780456768,181.128046
1780456768,216.591753
1780456768,190.082850
1780456768,190.549257
1780456768,178.573067
1780456768,218.193608
1780456768,190.938006
1780456768,190.191860
1780456768,191.479735
1780456768,218.797826
1780456768,222.072312
1780456768,188.730826
1780456768,218.178457
1780456768,182.834935
1780456768,210.599718
1780456768,191.585636
1780456768,219.173050
1780456768,188.874937
1780456768,190.397994
1780456768,219.088505
1780456768,190.404334
1780456768,218.183074
1780456768,189.816480
1780456768,190.461913
1780456768,222.358663
1780456768,190.599983
1780456768,222.254786
1780456768,190.589440
1780456768,210.139445
1780456768,215.301614
1780456768,191.779398
1780456768,229.330698
1780456768,191.935393
1780456768,229.265938
1780456768,192.115573
1780456768,223.122555
1780456768,191.998219
1780456768,222.628509
1780456768,192.652843
1780456768,222.659431
1780456768,192.722226
1780456768,192.651934
1780456768,213.681509
1780456768,192.724135
1780456768,219.543121
1780456768,192.866017
1780456768,206.813084
1780456768,192.924768
1780456768,217.526036
1780456768,192.993535
1780456768,213.606153
1780456768,194.244550
1780456768,218.750689
1780456768,195.330168
1780456768,218.900706
1780456768,192.540740
1780456768,220.680561
1780456768,192.414180
1780456768,224.181448
1780456768,192.475470
1780456768,216.995288
1780456768,193.511910
1780456768,218.851359
1780456768,193.575575
1780456768,222.964357
1780456768,194.473290
1780456768,218.954730
1780456768,196.108897
1780456768,225.215561
1780456768,196.142515
1780456768,225.452677
1780456768,197.878987
1780456768,199.087323
1780456768,219.955616
1780456768,199.157251
1780456768,214.813685
1780456768,199.188348
1780456768,225.155447
1780456768,220.679784
1780456768,192.810223
1780456768,232.904088
1780456768,190.811782
1780456768,220.154217
1780456768,203.878818
1780456768,220.251756
1780456768,203.446535
1780456768,230.290419
1780456768,192.998600
1780456768,230.921282
1780456768,232.614555
1780456768,193.068075
1780456768,223.474240
1780456768,195.821371
1780456768,218.359719
1780456768,187.373251
1780456768,218.821817
1780456768,195.414007
1780456768,195.081266
1780456768,195.513838
1780456768,190.965744
1780456768,195.541500
1780456768,199.903066
1780456768,195.608587
1780456768,195.642087
1780456768,196.066000
1780456768,200.365555
1780456768,196.721486
1780456768,200.419181
1780456768,196.846313
1780456768,198.130349
1780456768,197.288762
1780456768,187.774624
1780456768,201.217771
1780456768,196.952405
1780456768,199.124952
1780456768,188.887854
1780456768,201.763149
1780456768,199.136166
1780456768,201.987222
1780456768,199.365746
1780456768,198.359003
1780456768,202.056161
1780456768,194.175709
1780456768,199.454432
1780456768,199.973712
1780456768,199.454457
1780456768,201.984037
1780456768,199.305205
1780456768,198.858092
1780456768,201.500678
1780456768,202.284258
1780456768,199.451751
1780456768,202.278290
1780456768,189.635176
1780456768,199.546681
1780456768,202.697912
1780456768,198.642678
1780456768,199.649739
1780456768,199.657808
1780456768,202.834971
1780456768,202.893825
1780456768,200.412643
1780456768,201.682665
1780456768,200.607481
1780456768,191.879304
1780456768,202.893329
1780456768,221.209206
1780456768,201.147499
1780456768,125.282659
1780456768,201.100919
1780456768,146.776710
1780456768,208.647438
1780456768,201.975178
1780456768,202.690432
1780456768,205.195639
1780456768,210.041833
1780456768,210.119977
1780456768,210.222375
1780456768,206.267145
1780456768,208.911208
1780456768,211.271159
1780456768,213.054454
1780456768,208.800128
1780456768,206.434676
1780456768,212.602693
1780456768,203.964141
1780456768,209.027222
1780456768,172.511770
1780456768,204.881423
1780456768,206.443006
1780456768,212.052362
1780456768,205.372690
1780456768,212.703703
1780456768,213.432324
1780456768,215.937767
1780456768,213.223153
1780456768,198.878564
1780456768,206.538151
1780456768,190.664142
1780456768,213.322333
1780456768,221.021837
1780456768,206.595855
1780456768,212.864173
1780456768,215.202602
1780456768,214.425128
1780456768,221.939584
1780456768,217.833726
1780456768,201.765878
1780456768,214.485838
1780456768,219.358778
1780456768,216.301563
1780456768,213.747376
1780456768,221.214573
1780456768,216.289788
1780456768,215.378801
1780456768,222.256366
1780456768,216.287045
1780456768,218.141860
1780456768,221.194236
1780456768,199.625546
1780456768,222.456979
1780456768,219.527365
1780456768,170.909679
1780456768,220.752814
1780456768,189.101518
1780456768,222.965087
1780456768,192.013053
1780456768,218.252198
1780456768,200.867675
1780456768,214.144002
1780456768,189.474278
1780456768,215.631492
1780456768,192.182523
1780456768,189.469901
1780456768,192.994958
1780456768,206.244283
1780456768,171.593495
1780456768,188.097525
1780456768,175.173298
1780456768,174.249392
1780456768,183.454795
1780456768,186.544838
1780456768,186.632045
1780456768,173.438266
1780456768,172.463947
1780456768,175.866709
1780456768,177.937986
1780456768,176.114367
1780456768,186.998935
1780456768,184.205093
1780456768,186.885959
1780456768,188.536285
1780456768,217.520990
1780456768,188.314279
1780456768,178.160625
1780456768,220.764276
1780456768,215.057080
1780456768,188.572838
1780456768,190.106175
1780456768,215.949696
1780456768,178.543045
1780456768,208.190713
1780456768,187.138436
1780456768,172.858843
1780456768,187.349175
1780456768,172.368633
1780456768,190.393507
1780456768,161.035910
1780456768,187.520870
1780456768,174.233069
1780456768,190.574913
1780456768,172.984965
1780456768,189.052730
1780456768,161.448394
1780456768,189.025171
1780456768,188.971371
1780456768,180.256472
1780456768,189.308820
1780456768,171.396805
1780456768,185.115119
1780456768,162.598277
1780456768,189.201206
1780456768,162.408234
1780456768,189.466925
1780456768,173.482974
1780456768,181.716782
1780456768,176.308240
1780456768,190.815026
1780456768,173.963078
1780456768,180.530716
1780456768,160.786204
1780456768,189.614084
1780456768,182.001858
1780456768,180.583947
1780456768,182.594506
1780456768,189.799102
1780456768,182.596020
1780456768,191.025583
1780456768,189.914545
1780456768,174.541025
1780456768,191.100692
1780456768,162.364245
1780456768,180.860430
1780456768,162.411993
1780456768,180.865804
1780456768,176.355129
1780456768,191.297016
1780456768,170.389576
1780456768,175.366473
1780456768,180.874949
1780456768,176.364516
1780456768,164.131636
1780456768,181.120948
1780456768,172.775541
1780456768,165.254240
1780456768,182.248198
1780456768,182.600601
1780456768,182.521380
1780456768,179.336706
1780456768,182.646654
1780456768,180.717743
1780456768,143.326618
1780456768,165.934173
1780456768,181.208824
1780456768,183.276278
1780456768,175.640342
1780456768,191.712221
1780456768,181.468660
1780456768,183.310053
1780456768,184.568750
1780456768,171.354837
1780456768,185.440531
1780456768,180.085508
1780456768,165.864078
1780456768,190.340502
1780456768,182.715100
1780456768,192.067572
1780456768,180.825335
1780456768,184.767487
1780456768,184.777308
1780456768,192.188800
1780456768,186.499879
1780456768,182.747390
1780456768,181.265035
1780456768,186.472060
1780456768,192.193672
1780456768,181.619384
1780456768,190.469689
1780456768,185.137881
1780456768,190.334072
1780456768,185.132454
1780456768,192.047693
1780456768,184.949830
1780456768,173.848213
1780456768,190.853004
1780456768,185.924861
1780456768,192.368723
1780456768,181.548969
1780456768,185.083363
1780456768,182.053439
1780456768,193.681511
1780456768,186.807157
1780456768,186.795585
1780456768,185.317629
1780456768,167.740291
1780456768,191.152142
1780456768,186.460068
1780456768,195.304821
1780456768,185.372951
1780456768,195.370892
1780456768,187.039062
1780456768,191.273035
1780456768,189.347811
1780456768,196.071506
1780456768,185.521005
1780456768,189.643866
1780456768,160.963284
1780456768,162.324518
1780456768,185.670093
1780456768,165.981020
1780456768,171.110229
1780456768,166.344519
1780456768,176.321577
1780456768,167.492027
1780456768,188.562229
1780456768,176.179512
1780456768,173.266289
1780456768,167.677929
1780456768,188.833132
1780456768,174.446051
1780456768,172.405299
1780456768,168.564543
1780456768,168.684351
1780456768,189.674181
1780456768,169.448752
1780456768,177.727435
1780456768,163.086858
1780456768,189.706460
1780456768,169.902992
1780456768,191.478626
1780456768,189.880219
1780456768,192.083492
1780456768,171.245369
1780456768,184.304636
1780456768,171.348530
1780456768,186.080853
1780456768,145.004773
1780456768,172.728217
1780456768,167.471266
1780456768,177.886072
1780456768,156.555686
1780456768,195.880841
1780456768,169.955310
1780456768,193.587433
1780456768,170.080819
1780456768,193.506359
1780456768,156.404110
1780456768,145.874363
1780456768,156.709923
1780456768,165.076016
1780456768,156.035139
1780456768,146.155242
1780456768,155.769145
1780456768,165.162339
1780456768,146.111603
1780456768,146.080988
1780456768,157.907505
1780456768,153.210691
1780456768,167.982539
1780456768,152.313046
1780456768,156.121213
1780456768,167.408387
1780456768,156.356140
1780456768,162.897773
1780456768,156.843251
1780456768,149.039683
1780456768,158.069449
1780456768,154.176004
1780456768,157.571727
1780456768,149.368664
1780456768,166.873603
1780456768,150.461868
1780456768,157.915365
1780456768,156.708223
1780456768,143.559942
1780456768,158.651506
1780456768,153.612883
1780456768,158.850419
1780456768,149.780832
1780456768,157.665059
1780456768,154.119995
1780456768,159.511465
1780456768,154.599311
1780456768,171.150128
1780456768,160.175091
1780456768,159.883063
1780456768,153.200889
1780456768,159.939507
1780456768,151.505783
1780456768,171.477976
1780456768,163.750870
1780456768,159.427091
1780456768,163.186646
1780456768,160.897616
1780456768,163.681338
1780456768,161.450958
1780456768,152.582847
1780456768,171.156354
1780456768,154.516486
1780456768,160.667471
1780456768,154.489388
1780456768,171.939779
1780456768,155.127685
1780456768,162.774012
1780456768,155.316654
1780456768,163.277782
1780456768,153.879139
1780456768,154.814236
1780456768,154.898730
1780456768,153.552837
1780456768,154.785037
1780456768,152.809790
1780456768,155.375386
1780456768,146.406547
1780456768,168.586718
1780456768,168.758218
1780456768,146.039872
1780456768,133.010911
1780456768,146.614459
1780456768,164.264240
1780456768,149.768301
1780456768,152.486343
1780456768,136.285985
1780456768,147.060331
1780456768,136.533172
1780456768,136.825608
1780456768,179.564941
1780456768,193.757416
1780456768,136.912492
1780456768,137.152786
1780456768,163.841304
1780456768,143.769262
1780456768,137.136998
1780456768,144.870935
1780456768,137.350188
1780456768,145.722169
1780456768,136.872759
1780456768,164.458009
1780456768,159.102050
1780456768,160.069077
1780456768,145.406423
1780456768,146.201456
1780456768,141.186226
1780456768,164.410919
1780456768,141.142514
1780456768,147.088626
1780456768,161.607990
1780456768,142.041433
1780456768,146.059420
1780456768,143.119543
1780456768,147.468473
1780456768,143.209640
1780456768,143.518916
1780456768,105.022973
1780456768,164.479582
1780456768,141.757107
1780456768,142.371441
1780456768,147.764183
1780456768,165.400524
1780456768,144.478485
1780456768,143.124028
1780456768,151.697809
1780456768,144.628293
1780456768,164.665332
1780456768,164.335929
1780456768,156.132612
1780456768,152.511085
1780456768,156.302018
1780456768,159.112681
1780456768,123.689266
1780456768,154.204727
1780456768,128.873479
1780456768,154.231834
1780456768,169.407192
1780456768,118.810105
1780456768,118.585877
1780456768,143.096007
1780456768,142.479755
1780456768,115.930220
1780456768,118.355108
1780456768,135.631861
1780456768,148.004879
1780456768,154.569114
1780456768,124.739529
1780456768,134.330167
1780456768,119.124923
1780456768,134.614210
1780456768,120.695169
1780456768,136.632895
1780456768,122.490764
1780456768,137.159966
1780456768,117.801221
1780456768,124.566758
1780456768,144.501068
1780456768,124.847149
1780456768,131.052045
1780456768,118.969802
1780456768,135.711962
1780456768,141.713623
1780456768,131.858348
1780456768,123.490880
1780456768,133.322264
1780456768,123.769917
1780456768,133.013111
1780456768,117.793781
1780456768,135.784016
1780456768,138.026312
1780456768,154.386704
1780456768,124.457699
1780456768,134.172543
1780456768,144.385790
1780456768,134.460316
1780456768,146.032689
1780456768,132.855301
1780456768,137.310164
1780456768,125.067866
1780456768,134.022194
1780456768,134.511383
1780456768,136.897138
1780456768,121.648517
1780456768,138.419314
1780456768,137.420540
1780456768,135.632292
1780456768,130.754797
1780456768,124.578756
1780456768,137.019801
1780456768,122.973444
1780456768,138.390117
1780456768,124.737761
1780456768,138.102962
1780456768,146.039402
1780456768,160.307150
1780456768,123.394961
1780456768,142.121973
1780456768,131.083558
1780456768,141.752698
1780456768,124.725768
1780456768,138.842177
1780456768,148.998796
1780456768,130.309538
1780456768,213.532474
1780456768,123.998103
1780456768,136.679304
1780456768,233.478319
1780456768,129.968009
1780456768,133.997111
1780456768,130.428824
1780456768,146.315750
1780456768,117.068507
1780456768,139.235067
1780456768,131.691227
1780456768,112.772509
1780456768,124.922225
1780456768,130.203806
1780456768,133.433819
1780456768,116.293630
1780456768,142.611614
1780456768,125.509127
1780456768,138.263814
1780456768,142.968457
1780456768,125.970786
1780456768,119.606751
1780456768,113.779233
1780456768,143.512925
1780456768,116.992906
1780456768,131.189243
1780456768,114.196530
1780456768,124.756880
1780456768,117.773025
1780456768,131.429319
1780456768,143.071248
1780456768,117.898089
1780456768,125.263826
1780456768,132.388934
1780456768,122.868929
1780456768,137.422253
1780456768,143.394069
1780456768,118.296773
1780456768,144.624292
1780456768,131.305035
1780456768,154.116171
1780456768,167.496008
1780456768,154.810975
1780456768,132.915176
1780456768,133.566082
1780456768,118.745746
1780456768,131.480481
1780456768,137.089261
1780456768,133.511861
1780456768,135.216386
1780456768,134.505229
1780456768,113.222428
1780456768,131.955796
1780456768,117.946952
1780456768,118.567663
1780456768,112.769256
1780456768,119.013301
1780456768,119.919743
1780456768,135.745552
1780456768,132.312527
1780456768,116.745040
1780456768,125.687017
1780456768,117.806586
1780456768,144.702627
1780456768,119.794255
1780456768,116.440685
1780456768,118.181095
1780456768,124.356553
1780456768,108.224871
1780456768,116.044006
1780456768,126.713912
1780456768,107.616945
1780456768,145.876569
1780456768,125.491870
1780456768,117.890626
1780456768,121.963857
1780456768,140.887459
1780456768,109.517009
1780456768,123.457316
1780456768,119.077247
1780456768,118.272784
1780456768,109.725238
1780456768,124.606490
1780456768,127.234130
1780456768,125.328735
1780456768,110.046448
1780456768,113.995392
1780456768,110.181215
1780456768,126.538744
1780456768,125.038223
1780456768,137.991526
1780456768,110.439866
1780456768,123.064350
1780456768,114.874753
1780456768,140.583312
1780456768,115.634418
1780456768,121.685597
1780456768,109.899365
1780456768,123.640274
1780456768,109.450372
1780456768,115.929284
1780456768,110.299616
1780456768,124.104151
1780456768,123.344964
1780456768,110.577618
1780456768,125.118704
1780456768,110.692706
1780456768,138.404611
1780456768,135.716984
1780456768,116.979462
1780456768,125.008165
1780456768,110.594927
1780456768,128.045500
1780456768,110.595426
1780456768,112.118078
1780456768,134.989618
1780456768,126.055475
1780456768,110.854809
1780456768,128.757733
1780456768,110.847760
1780456768,110.214523
1780456768,110.284301
1780456768,123.754795
1780456768,108.879550
1780456768,107.984494
1780456768,128.168127
1780456768,136.303607
1780456768,125.225934
1780456768,125.144475
1780456768,112.651336
1780456768,106.986274
1780456768,103.124466
1780456768,108.527020
1780456768,112.262871
1780456768,110.692133
1780456768,110.531476
1780456768,106.162922
1780456768,110.979977
1780456768,109.321094
1780456768,105.438290
1780456768,114.332831
1780456768,127.999995
1780456768,114.375157
1780456768,114.038535
1780456768,113.897981
1780456768,125.393453
1780456768,110.821176
1780456768,123.123257
1780456768,107.372605
1780456768,123.100622
1780456768,103.477780
1780456768,106.135233
1780456768,107.904095
1780456768,110.189424
1780456768,129.324108
1780456768,105.106630
1780456768,106.201122
1780456768,123.490144
1780456768,103.356095
1780456768,104.634854
1780456768,118.259655
1780456768,117.098786
1780456768,118.349275
1780456768,102.326061
1780456768,116.922514
1780456768,115.692775
1780456768,116.204401
1780456768,130.078810
1780456768,104.335131
1780456768,119.491418
1780456768,104.058502
1780456768,119.546394
1780456768,118.478680
1780456768,119.911982
1780456768,114.877535
1780456768,114.299804
1780456768,126.133465
1780456768,113.468043
1780456768,112.576324
1780456768,122.794585
1780456768,110.584367
1780456768,127.003865
1780456768,137.914533
1780456768,120.847740
1780456768,125.772894
1780456768,120.351543
1780456768,118.392795
1780456768,127.301776
1780456768,113.359380
1780456768,112.095665
1780456768,111.480459
1780456768,127.755243
1780456768,107.051939
1780456768,123.591164
1780456768,106.300346
1780456768,124.325059
1780456768,123.302354
1780456768,123.203529
1780456768,129.020937
1780456768,122.751486
1780456768,105.368217
1780456768,129.333351
1780456768,129.059343
1780456768,121.500446
1780456768,122.416044
1780456768,152.125687
1780456768,126.861622
1780456768,120.821770
1780456768,123.575478
1780456768,120.387457
1780456768,118.772853
1780456768,119.266206
1780456768,120.333902
1780456768,117.218816
1780456768,106.693786
1780456768,116.802906
1780456768,128.650447
1780456768,116.591042
1780456768,128.751153
1780456768,115.420983
1780456768,127.288778
1780456768,105.264477
1780456768,104.146025
1780456768,124.100785
1780456768,108.363441
1780456768,125.545184
1780456768,108.175187
1780456768,125.147825
1780456768,107.962446
1780456768,123.330722
1780456768,131.772149
1780456768,128.585360
1780456768,104.372033
1780456768,118.697891
1780456768,130.389861
1780456768,131.291251
1780456768,109.126253
1780456768,133.282155
1780456768,122.821704
1780456768,123.207543
1780456768,105.107373
1780456768,104.567031
1780456768,104.868248
1780456768,109.003783
1780456768,123.867844
1780456768,104.136850
1780456768,129.582344
1780456768,120.954620
1780456768,106.269053
1780456768,139.950326
1780456768,118.841513
1780456768,105.196093
1780456768,119.038778
1780456768,133.774555
1780456768,124.683847
1780456768,114.454806
1780456768,133.663742
1780456768,104.753585
1780456768,134.085506
1780456768,130.481774
1780456768,113.524437
1780456768,114.369150
1780456768,107.418868
1780456768,107.195942
1780456768,134.942487
1780456768,123.730326
1780456768,134.010936
1780456768,112.756361
1780456768,125.431682
1780456768,132.866816
1780456768,107.294011
1780456768,109.288384
1780456768,132.172480
1780456768,107.497536
1780456768,121.935742
1780456768,105.685321
1780456768,130.208648
1780456768,132.729411
1780456768,106.641896
1780456768,126.630162
1780456768,103.524892
1780456768,103.348559
1780456768,122.719528
1780456768,102.684927
1780456768,127.690154
1780456768,102.611803
1780456768,102.921936
1780456768,108.977798
1780456768,108.780982
1780456768,125.917289
1780456768,129.065654
1780456768,109.562031
1780456768,117.781429
1780456768,128.715151
1780456768,103.889936
1780456768,126.808426
1780456768,103.543553
1780456768,109.560262
1780456768,107.937283
1780456768,112.141145
1780456768,108.946857
1780456768,110.247793
1780456768,112.932197
1780456768,110.937571
1780456768,129.395760
1780456768,128.741265
1780456768,131.496678
1780456768,107.695236
1780456768,107.058154
1780456768,108.355819
1780456768,111.576289
1780456768,109.772917
1780456768,109.502740
1780456768,108.591526
1780456768,107.519864
1780456768,108.951709
1780456768,107.370042
1780456768,109.986224
1780456768,109.047939
1780456768,108.345922
1780456768,108.293445
1780456768,107.973648
1780456768,103.248227
1780456768,139.766847
1780456768,102.582301
1780456768,102.513819
1780456768,102.617487
1780456768,102.743021
1780456768,102.812299
1780456768,103.229542
1780456768,103.762953
1780456768,103.786081
1780456768,103.257382
1780456768,103.790990
1780456768,104.384523
1780456768,104.349167
1780456768,104.198106
1780456768,104.276245
1780456768,105.419093
1780456768,128.631240
1780456768,105.674810
1780456768,104.236717
1780456768,105.644582
1780456768,105.361180
1780456768,105.591969
1780456768,105.449513
1780456768,105.845938
1780456768,103.772782
1780456768,105.579833
1780456768,105.677395
1780456768,105.886791
1780456768,105.484017
1780456768,105.771000
1780456768,136.942755
1780456768,105.593621
1780456768,105.482199
1780456768,104.604073
1780456768,138.102912
1780456768,105.257630
1780456768,105.350928
1780456768,105.667742
1780456768,106.654752
1780456768,125.812937
1780456768,128.917836
1780456768,128.957558
1780456768,106.470624
1780456768,105.570017
1780456768,106.416420
1780456768,105.774326
1780456768,105.642496
1780456768,105.808681
1780456768,106.901424
1780456768,106.540061
1780456768,107.106567
1780456768,106.048574
1780456768,106.791345
1780456768,106.288202
1780456768,107.611163
1780456768,106.494783
1780456768,109.922466
1780456768,107.246161
1780456768,107.858626
1780456768,107.644468
1780456768,107.848301
1780456768,124.397491
1780456768,108.122314
1780456768,124.777322
1780456768,104.692266
1780456768,104.447896
1780456768,105.824425
1780456768,105.206975
1780456768,103.735325
1780456768,103.300328
1780456768,102.840154
1780456768,102.870609
1780456768,103.208703
1780456768,103.110052
1780456768,102.823204
1780456768,103.060259
1780456768,102.755575
1780456768,103.244790
1780456768,103.182823
1780456768,103.321909
1780456768,103.373833
1780456768,102.896351
1780456768,103.623529
1780456768,104.138890
1780456768,104.211860
1780456768,104.375670
1780456768,104.696845
1780456768,104.658143
1780456768,105.012337
1780456768,103.828880
1780456768,136.291550
1780456768,102.810960
1780456768,109.951535
1780456768,112.594978
1780456768,117.883748
1780456768,113.026435
1780456768,112.806011
1780456768,111.172356
1780456768,112.893158
1780456768,117.296045
1780456768,117.593996
1780456768,118.180782
1780456768,112.486923
1780456768,110.662239
1780456768,115.590929
1780456768,115.474750
1780456768,122.559126
1780456768,122.565165
1780456768,122.512274
1780456768,122.482917
1780456768,122.376899
1780456768,122.615942
1780456768,114.710568
1780456768,122.337984
1780456768,122.399816
1780456768,115.396934
1780456768,116.270702
1780456768,110.257210
1780456768,109.780240
1780456768,107.047734
1780456768,103.426915
1780456768,103.291929
1780456768,104.531890
1780456768,104.546842
1780456768,104.749983
1780456768,104.485384
1780456768,104.825096
1780456768,104.861819
1780456768,106.066936
1780456768,105.879954
1780456768,106.319286
1780456768,105.576913
1780456768,111.363373
1780456768,111.116118
1780456768,110.353836
1780456768,111.947286
1780456768,104.118192
1780456768,105.455894
1780456768,104.518995
1780456768,105.226166
1780456768,108.244182
1780456768,108.669120
1780456768,112.152467
1780456768,112.486670
1780456768,123.456483
1780456768,108.615078
1780456768,109.775755
1780456768,111.787911
1780456768,111.981375
1780456768,112.689288
1780456768,112.100051
1780456768,110.977075
1780456768,123.382605
1780456768,106.242423
1780456768,108.280231
1780456768,109.416956
1780456768,108.168649
1780456768,112.759489
1780456768,102.863490
1780456768,107.772874
1780456768,107.348461
1780456768,107.657816
1780456768,114.320934
1780456768,104.816879
1780456768,104.502484
1780456768,114.240391
1780456768,105.858570
1780456768,115.049210
1780456768,104.835398
1780456768,105.126847
1780456768,106.283830
1780456768,104.452031
1780456768,103.049781
1780456768,104.615930
1780456768,103.122192
1780456768,104.760269
1780456768,104.158222
1780456768,106.265638
1780456768,109.411299
1780456768,104.215032
1780456768,113.140649
1780456768,104.767681
1780456768,106.447605
1780456768,106.183024
1780456768,106.979190
1780456768,106.592077
1780456768,105.348637
1780456768,125.286167
1780456768,124.468459
1780456768,138.238376
1780456768,125.456440
1780456768,125.456979
1780456768,125.543191
1780456768,125.194506
1780456768,124.824164
1780456768,125.671264
1780456768,125.390855
1780456768,125.377962
1780456768,125.259024
1780456768,125.171413
1780456768,125.406878
1780456768,124.561282
1780456768,125.987722
1780456768,125.151024
1780456768,124.689853
1780456768,125.126984
1780456768,105.963145
1780456768,122.838039
1780456768,105.689051
1780456768,110.772147
1780456768,108.047810
1780456768,107.912564
1780456768,126.079041
1780456768,108.170622
1780456768,116.367827
1780456768,108.000994
1780456768,106.647785
1780456768,106.447291
1780456768,105.526068
1780456768,108.226528
1780456768,106.235522
1780456768,107.319385
1780456768,106.286055
1780456768,139.410430
1780456768,130.859744
1780456768,131.022571
1780456768,131.068278
1780456768,130.706348
1780456768,130.637150
1780456768,128.664322
1780456768,130.987430
1780456768,128.850006
1780456768,128.381925
1780456768,118.067847
1780456768,128.716239
1780456768,113.147461
1780456768,128.362404
1780456768,108.566902
1780456768,109.981802
1780456768,108.302641
1780456768,110.038484
1780456768,107.673939
1780456768,111.713551
1780456768,108.289090
1780456768,111.787743
1780456768,124.211353
1780456768,118.121015
1780456768,113.489780
1780456768,113.418254
1780456768,103.499488
1780456768,103.753882
1780456768,103.751903
1780456768,103.744524
1780456768,103.959586
1780456768,102.868503
1780456768,102.538699
1780456768,104.869031
1780456768,105.396330
1780456768,106.674512
1780456768,104.983097
1780456768,114.563615
1780456768,114.476320
1780456768,114.557892
1780456768,107.632474
1780456768,104.445967
1780456768,121.526130
1780456768,108.916203
1780456768,108.893956
1780456768,117.608999
1780456768,109.091517
1780456768,104.423036
1780456768,106.759794
1780456768,106.092705
1780456768,109.730951
1780456768,110.307355
1780456768,108.140121
1780456768,108.472572
1780456768,105.131464
1780456768,108.923738
1780456768,109.042225
1780456768,109.404051
1780456768,108.243465
1780456768,105.818928
1780456768,109.302410
1780456768,109.302000
1780456768,109.227042
1780456768,108.315395
1780456768,109.224634
1780456768,109.810875
1780456768,109.660819
1780456768,105.731767
1780456768,110.509583
1780456768,110.050585
1780456768,105.646242
1780456768,104.806896
1780456768,110.153708
1780456768,107.456949
1780456768,106.489612
1780456768,103.135525
1780456768,108.906199
1780456768,102.859839
1780456768,112.138031
1780456768,112.486429
1780456768,112.438115
1780456768,105.114995
1780456768,106.802601
1780456768,105.397610
1780456768,108.266022
1780456768,108.871624
1780456768,105.481948
1780456768,109.318506
1780456768,106.846194
1780456768,107.797177
1780456768,107.897630
1780456768,107.124926
1780456768,103.577403
1780456768,105.517843
1780456768,105.672705
1780456768,103.581402
1780456768,108.163930
1780456768,105.443277
1780456768,104.009648
1780456768,107.142500
1780456768,104.384644
1780456768,106.108226
1780456768,104.723511
1780456768,107.244709
1780456768,108.832519
1780456768,109.153177
1780456768,110.761593
1780456768,104.963499
1780456768,106.597274
1780456768,104.333155
1780456768,114.763968
1780456768,110.748997
1780456768,112.692640
1780456768,107.303497
1780456768,109.794552
1780456768,105.162191
1780456768,112.684117
1780456768,112.708224
1780456768,111.934213
1780456768,114.298401
1780456768,112.824341
1780456768,105.055056
1780456768,114.561920
1780456768,105.390412
1780456768,112.885232
1780456768,112.203156
1780456768,113.006593
1780456768,112.850798
1780456768,107.653519
1780456768,108.353818
1780456768,102.570656
1780456768,106.684525
1780456768,104.102474
1780456768,104.160882
1780456768,106.821775
1780456768,103.096564
1780456768,106.989715
1780456768,103.232803
1780456768,104.695688
1780456768,103.554226
1780456768,104.942515
1780456768,102.537543
1780456768,105.021529
1780456768,102.709481
1780456768,105.213498
1780456768,105.234325
1780456768,104.223287
1780456768,104.221234
1780456768,104.439252
1780456768,104.453964
1780456768,104.525175
1780456768,103.523541
1780456768,103.635527
1780456768,103.703294
1780456768,103.906921
1780456768,103.886047
1780456768,102.469578
1780456768,102.434156
1780456768,103.710981
1780456768,102.548217
1780456768,103.849497
1780456768,104.311629
1780456768,104.396326
1780456768,104.510092
1780456768,104.420375
1780456768,103.310000
1780456768,103.436442
1780456768,103.539525
1780456768,102.357331
1780456768,102.527083
1780456768,103.885495
1780456768,102.756832
1780456768,102.748754
1780456768,104.095464
1780456768,102.744694
1780456768,104.024562
1780456768,102.964507
1780456768,102.926788
1780456768,102.998623
1780456768,102.971227
1780456768,102.328604
1780456768,102.703089
1780456768,102.780901
1780456768,102.973201
1780456768,102.915686
1780456768,103.028992
1780456768,103.176757
1780456768,103.248820
1780456768,103.561471
1780456768,102.398268
1780456768,103.571330
1780456768,102.515711
1780456768,103.681051
1780456768,102.589471
1780456768,102.814901
1780456768,102.760701
1780456768,102.947228
1780456768,102.906348
1780456768,101.844165
1780456768,103.173321
1780456768,103.135727
1780456768,103.228278
1780456768,102.319818
1780456768,102.373459
1780456768,102.296721
1780456768,102.469170
1780456768,102.674816
1780456768,102.821724
1780456768,102.892107
1780456768,102.967396
1780456768,102.385009
1780456768,102.477212
1780456768,102.539572
1780456768,102.819412
1780456768,102.922614
1780456768,102.875679
1780456768,102.870638
1780456768,102.821736
1780456768,102.431435
1780456768,102.491647
1780456768,102.605113
1780456768,102.653991
1780456768,102.377439
1780456768,102.783265
1780456768,102.895844
1780456768,103.028796
1780456768,102.748177
1780456768,102.654275
1780456768,102.711870
1780456768,102.792725
1780456768,102.710979
1780456768,103.248410
1780456768,103.356110
1780456768,103.250410
1780456768,102.949366
1780456768,103.849583
1780456768,103.671905
1780456768,103.759949
1780456768,102.797237
1780456768,104.819204
1780456768,104.278646
1780456768,104.493244
1780456768,104.589918
1780456768,103.665878
1780456768,105.143786
1780456768,103.701243
1780456768,103.582361
1780456768,104.740750
1780456768,103.638464
1780456768,103.543106
1780456768,103.739299
1780456768,103.823977
1780456768,105.773078
1780456768,103.971477
1780456768,103.891209
1780456768,104.357503
1780456768,102.910688
1780456768,102.891450
1780456768,102.932096
1780456768,103.163983
1780456768,103.118076
1780456768,103.374555
1780456768,102.672567
1780456768,103.564877
1780456768,103.838764
1780456768,103.534352
1780456768,103.141226
1780456768,103.681563
1780456768,104.224323
1780456768,104.270602
1780456768,103.735922
1780456768,104.511296
1780456768,104.490421
1780456768,104.584744
1780456768,104.698824
1780456768,104.323975
1780456768,104.331089
1780456768,104.879037
1780456768,105.065613
1780456768,104.794163
1780456768,104.863368
1780456768,105.057659
1780456768,104.803190
1780456768,105.211645
1780456768,105.071389
1780456768,104.772736
1780456768,105.235023
1780456768,105.023137
1780456768,105.411745
1780456768,105.574396
1780456768,105.520595
1780456768,105.723862
1780456768,105.561028
1780456768,105.617163
1780456768,106.014582
1780456768,105.947195
1780456768,106.155133
1780456768,106.263742
1780456768,106.569458
1780456768,105.946102
1780456768,105.049684
1780456768,104.822278
1780456768,104.515409
1780456768,104.761280
1780456768,106.654247
1780456768,104.587747
1780456768,104.279728
1780456768,105.473886
1780456768,104.751256
1780456768,105.774307
1780456768,105.163542
1780456768,103.692327
1780456768,105.138003
1780456768,105.945320
1780456768,107.578047
1780456768,106.139717
1780456768,106.042272
1780456768,107.786496
1780456768,106.688459
1780456768,106.007114
1780456768,103.888083
1780456768,106.849534
1780456768,106.491087
1780456768,104.247381
1780456768,106.452518
1780456768,107.200086
1780456768,106.431199
1780456768,105.370324
1780456768,106.764489
1780456768,106.689543
1780456768,107.075877
1780456768,105.437649
1780456768,106.432569
1780456768,103.572224
1780456768,106.426338
1780456768,105.585844
1780456768,107.616730
1780456768,107.235673
1780456768,104.896476
1780456768,107.480063
1780456768,107.107536
1780456768,107.645566
1780456768,105.720151
1780456768,107.726135
1780456768,106.981808
1780456768,103.573798
1780456768,107.963759
1780456768,107.904503
1780456768,107.005109
1780456768,103.934276
1780456768,107.161479
1780456768,105.904397
1780456768,107.853158
1780456768,107.113350
1780456768,105.334063
1780456768,108.139685
1780456768,104.349583
1780456768,108.165900
1780456768,108.472813
1780456768,108.310861
1780456768,105.949568
1780456768,102.684264
1780456768,108.338626
1780456768,108.625999
1780456768,107.893817
1780456768,102.468099
1780456768,108.863977
1780456768,102.648547
1780456768,106.341145
1780456768,102.625130
1780456768,102.990511
1780456768,105.439532
1780456768,108.946925
1780456768,102.718004
1780456768,109.261467
1780456768,105.765953
1780456768,102.850903
1780456768,102.736347
1780456768,105.837051
1780456768,109.369167
1780456768,102.923465
1780456768,102.595668
1780456768,106.138172
1780456768,104.756027
1780456768,102.658094
1780456768,105.189682
1780456768,104.270452
1780456768,103.696869
1780456768,105.217045
1780456768,102.738890
1780456768,102.716096
1780456768,105.138308
1780456768,103.794003
1780456768,102.752453
1780456768,105.579567
1780456768,102.883440
1780456768,103.807173
1780456768,102.963084
1780456768,105.752191
1780456768,104.035204
1780456768,105.554790
1780456768,104.269324
1780456768,104.026004
1780456768,105.791174
1780456768,103.012624
1780456768,106.170356
1780456768,103.180552
1780456768,104.687133
1780456768,106.432055
1780456768,107.112777
1780456768,106.443195
1780456768,104.730478
1780456768,104.104456
1780456768,104.555903
1780456768,106.425801
1780456768,104.370944
1780456768,107.600089
1780456768,104.980734
1780456768,104.708389
1780456768,105.131552
1780456768,105.184212
1780456768,105.102603
1780456768,104.760868
1780456768,105.225265
1780456768,105.371976
1780456768,104.847863
1780456768,105.425724
1780456768,103.433360
1780456768,104.573751
1780456768,105.149398
1780456768,103.446441
1780456768,105.627406
1780456768,104.317049
1780456768,106.440462
1780456768,108.545244
1780456768,103.192074
1780456768,105.843142
1780456768,106.639477
1780456768,109.267206
1780456768,104.815813
1780456768,106.698229
1780456768,104.879956
1780456768,109.574645
1780456768,106.055842
1780456768,105.439839
1780456768,104.975423
1780456768,109.439224
1780456768,109.807980
1780456768,106.162304
1780456768,103.780550
1780456768,109.928889
1780456768,109.718355
1780456768,110.092522
1780456768,105.910311
1780456768,105.435755
1780456768,106.908584
1780456768,107.102644
1780456768,105.539087
1780456768,110.484665
1780456768,106.127394
1780456768,107.260728
1780456768,110.179869
1780456768,106.935948
1780456768,107.339358
1780456768,105.802716
1780456768,110.821711
1780456768,106.535118
1780456768,106.963392
1780456768,107.177723
1780456768,105.647077
1780456768,105.746488
1780456768,105.553918
1780456768,107.095446
1780456768,110.989694
1780456768,106.146579
1780456768,104.212375
1780456768,108.024794
1780456768,106.231665
1780456768,106.104713
1780456768,104.546566
1780456768,105.809172
1780456768,105.806965
1780456768,104.496695
1780456768,105.849016
1780456768,104.525159
1780456768,111.862531
1780456768,105.106004
1780456768,107.813908
1780456768,107.914760
1780456768,107.944378
1780456768,112.199129
1780456768,111.768776
1780456768,104.058863
1780456768,111.904283
1780456768,112.894742
1780456768,112.233261
1780456768,107.696685
1780456768,111.990230
1780456768,106.356528
1780456768,112.128955
1780456768,106.578440
1780456768,103.102199
1780456768,106.419132
1780456768,108.668372
1780456768,112.944449
1780456768,113.919553
1780456768,113.867114
1780456768,113.660536
1780456768,103.339436
1780456768,108.729725
1780456768,113.415630
1780456768,107.433091
1780456768,106.510341
1780456768,111.099305
1780456768,110.193758
1780456768,110.159809
1780456768,109.937268
1780456768,110.077276
1780456768,111.713381
1780456768,109.589445
1780456768,108.798227
1780456768,109.902856
1780456768,112.545883
1780456768,113.143663
1780456768,110.432175
1780456768,112.997826
1780456768,117.934615
1780456768,118.045945
1780456768,110.102185
1780456768,118.185598
1780456768,110.558154
1780456768,114.136404
1780456768,110.690160
1780456768,110.648141
1780456768,111.942800
1780456768,111.920296
1780456768,115.048714
1780456768,119.651045
1780456768,113.351828
1780456768,116.061214
1780456768,110.849766
1780456768,115.774681
1780456768,117.187211
1780456768,115.856199
1780456768,115.314487
1780456768,113.078378
1780456768,120.809807
1780456768,120.502802
1780456768,115.438052
1780456768,119.833949
1780456768,116.171045
1780456768,121.492049
1780456768,121.066602
1780456768,113.357469
1780456768,121.374470
1780456768,121.944154
1780456768,112.968586
1780456768,113.018634
1780456768,112.760269
1780456768,115.930683
1780456768,113.537237
1780456768,111.696032
1780456768,116.880186
1780456768,117.188152
1780456768,121.569846
1780456768,117.391931
1780456768,114.147673
1780456768,117.675963
1780456768,121.938452
1780456768,115.628177
1780456768,123.228332
1780456768,115.973324
1780456768,114.699559
1780456768,122.490874
1780456768,123.857030
1780456768,123.576943
1780456768,124.139754
1780456768,119.512574
1780456768,114.746589
1780456768,120.551578
1780456768,113.473938
1780456768,117.983725
1780456768,119.184533
1780456768,124.483588
1780456768,114.724868
1780456768,121.238218
1780456768,119.093853
1780456768,114.081899
1780456768,119.087492
1780456768,118.694970
1780456768,114.938011
1780456768,118.885515
1780456768,117.085209
1780456768,125.401191
1780456768,118.685245
1780456768,114.570079
1780456768,121.562803
1780456768,120.591087
1780456768,123.858046
1780456768,118.379991
1780456768,124.067084
1780456768,115.462162
1780456768,118.634832
1780456768,118.818565
1780456768,118.519659
1780456768,118.293865
1780456768,118.442724
1780456768,126.349721
1780456768,119.806204
1780456768,118.408405
1780456768,118.646726
1780456768,126.516359
1780456768,120.279668
1780456768,118.719095
1780456768,121.076155
1780456768,118.236535
1780456768,126.164780
1780456768,119.467527
1780456768,121.366511
1780456768,117.891220
1780456768,119.229411
1780456768,119.422062
1780456768,119.149214
1780456768,122.037985
1780456768,122.108811
1780456768,119.517928
1780456768,121.731001
1780456768,119.167989
1780456768,121.968966
1780456768,124.396712
1780456768,123.749905
1780456768,118.720967
1780456768,121.358460
1780456768,127.722796
1780456768,119.869467
1780456768,121.013060
1780456768,118.913096
1780456768,119.028411
1780456768,123.894391
1780456768,121.530953
1780456768,128.705070
1780456768,121.804227
1780456768,121.990060
1780456768,122.104409
1780456768,122.455342
1780456768,122.804457
1780456768,119.752860
1780456768,118.496566
1780456768,129.260129
1780456768,123.061544
1780456768,119.711229
1780456768,118.969258
1780456768,124.265657
1780456768,124.075671
1780456768,124.121855
1780456768,121.203244
1780456768,128.916683
1780456768,120.592773
1780456768,123.468570
1780456768,120.252006
1780456768,122.736653
1780456768,121.512554
1780456768,130.767981
1780456768,123.864747
1780456768,129.906398
1780456768,121.768104
1780456768,124.370715
1780456768,127.949921
1780456768,129.733310
1780456768,120.678949
1780456768,129.942237
1780456768,128.775602
1780456768,120.396525
1780456768,124.819670
1780456768,124.678421
1780456768,125.957159
1780456768,125.452706
1780456768,131.432876
1780456768,131.570884
1780456768,131.540509
1780456768,123.610492
1780456768,125.618363
1780456768,129.581253
1780456768,121.793926
1780456768,129.374817
1780456768,132.204184
1780456768,127.562562
1780456768,121.914283
1780456768,129.777581
1780456768,131.149102
1780456768,125.789888
1780456768,131.825720
1780456768,125.111240
1780456768,129.243759
1780456768,126.911441
1780456768,132.250125
1780456768,132.997421
1780456768,125.765419
1780456768,125.833388
1780456768,126.174435
1780456768,127.902563
1780456768,133.269278
1780456768,133.835892
1780456768,134.335360
1780456768,128.155313
1780456768,134.006703
1780456768,129.732162
1780456768,133.708017
1780456768,128.514529
1780456768,134.128213
1780456768,129.909011
1780456768,132.322971
1780456768,134.318409
1780456768,133.028251
1780456768,132.032339
1780456768,135.063355
1780456768,134.378030
1780456768,131.689095
1780456768,133.017035
1780456768,129.220375
1780456768,132.027923
1780456768,136.918744
1780456768,127.947198
1780456768,127.347986
1780456768,131.977882
1780456768,133.324341
1780456768,134.379299
1780456768,132.663663
1780456768,134.044333
1780456768,132.852125
1780456768,131.574205
1780456768,133.896535
1780456768,138.320595
1780456768,132.630835
1780456768,138.544011
1780456768,131.193456
1780456768,136.365542
1780456768,131.914176
1780456768,137.173391
1780456768,132.607004
1780456768,132.383502
1780456768,132.641285
1780456768,130.835946
1780456768,131.395438
1780456768,133.924067
1780456768,139.170112
1780456768,132.015181
1780456768,132.980562
1780456768,132.258942
1780456768,131.855149
1780456768,134.001446
1780456768,131.007991
1780456768,136.025874
1780456768,132.155043
1780456768,130.200680
1780456768,130.858634
1780456768,130.923567
1780456768,133.549157
1780456768,130.585798
1780456768,132.589270
1780456768,131.342645
1780456768,133.647957
1780456768,140.874995
1780456768,138.256706
1780456768,138.105131
1780456768,140.092454
1780456768,132.280665
1780456768,126.283843
1780456768,130.215907
1780456768,130.035614
1780456768,133.385469
1780456768,141.169284
1780456768,140.723662
1780456768,132.494509
1780456768,126.339801
1780456768,140.409500
1780456768,129.880063
1780456768,130.615199
1780456768,139.989390
1780456768,132.740279
1780456768,140.006182
1780456768,138.752143
1780456768,132.052378
1780456768,130.296167
1780456768,138.649678
1780456768,140.251317
1780456768,141.639422
1780456768,132.822555
1780456768,139.096411
1780456768,130.381655
1780456768,125.530438
1780456768,128.345130
1780456768,140.411495
1780456768,129.058934
1780456768,136.969188
1780456768,129.522026
1780456768,131.865703
1780456768,132.096418
1780456768,132.677276
1780456768,136.481641
1780456768,130.678186
1780456768,139.810869
1780456768,137.358836
1780456768,138.739563
1780456768,130.646114
1780456768,130.859899
1780456768,131.045025
1780456768,129.079482
1780456768,140.861663
1780456768,133.904340
1780456768,130.807056
1780456768,132.115821
1780456768,130.879685
1780456768,133.758536
1780456768,131.213428
1780456768,132.146141
1780456768,131.191322
1780456768,137.494689
1780456768,131.973034
1780456768,137.747167
1780456768,135.253896
1780456768,140.765431
1780456768,133.679448
1780456768,139.012906
1780456768,133.914202
1780456768,141.330590
1780456768,135.440296
1780456768,132.480960
1780456768,133.615972
1780456768,124.364081
1780456768,125.871733
1780456768,123.119793
1780456768,135.930964
1780456768,130.462730
1780456768,135.733734
1780456768,136.715377
1780456768,135.119554
1780456768,134.022521
1780456768,143.754978
1780456768,133.141386
1780456768,140.000879
1780456768,138.253427
1780456768,142.049955
1780456768,142.971015
1780456768,143.175781
1780456768,135.617193
1780456768,130.752408
1780456768,130.705738
1780456768,131.207913
1780456768,143.464840
1780456768,144.162687
1780456768,143.544002
1780456768,143.245743
1780456768,134.072316
1780456768,142.385820
1780456768,134.693029
1780456768,139.601628
1780456768,143.375747
1780456768,137.642010
1780456768,143.381628
1780456768,135.392760
1780456768,137.909643
1780456768,143.775356
1780456768,132.363106
1780456768,135.281208
1780456768,139.262145
1780456768,140.406811
1780456768,135.352895
1780456768,135.842454
1780456768,142.577941
1780456768,136.821753
1780456768,138.696438
1780456768,136.797943
1780456768,135.485806
1780456768,134.379875
1780456768,143.269776
1780456768,133.854724
1780456768,132.119175
1780456768,137.680760
1780456768,136.428363
1780456768,133.885997
1780456768,145.791647
1780456768,143.165428
1780456768,143.672301
1780456768,140.487995
1780456768,136.132228
1780456768,137.853648
1780456768,137.824283
1780456768,141.305448
1780456768,137.951195
1780456768,138.520943
1780456768,144.193288
1780456768,147.089367
1780456768,130.587083
1780456768,128.312841
1780456768,142.082611
1780456768,145.686424
1780456768,133.926031
1780456768,144.249732
1780456768,147.431435
1780456768,147.670540
1780456768,127.628646
1780456768,134.070131
1780456768,140.992363
1780456768,138.388925
1780456768,136.538047
1780456768,144.069613
1780456768,141.349710
1780456768,145.553893
1780456768,140.680408
1780456768,141.521214
1780456768,138.825533
1780456768,142.795739
1780456768,146.539103
1780456768,141.708878
1780456768,149.000614
1780456768,136.394223
1780456768,148.973267
1780456768,147.230898
1780456768,141.954378
1780456768,141.985702
1780456768,146.159030
1780456768,148.660797
1780456768,142.229839
1780456768,146.958949
1780456768,142.096101
1780456768,145.472153
1780456768,142.766264
1780456768,141.251249
1780456768,138.473804
1780456768,139.969881
1780456768,140.289750
1780456768,142.639310
1780456768,149.866865
1780456768,149.693290
1780456768,139.505826
1780456768,149.626266
1780456768,141.542859
1780456768,141.950940
1780456768,143.185358
1780456768,131.297205
1780456768,141.181561
1780456768,129.189818
1780456768,139.948597
1780456768,141.898745
1780456768,143.182957
1780456768,150.365215
1780456768,144.456127
1780456768,120.377156
1780456768,133.635811
1780456768,146.036979
1780456768,146.311580
1780456768,152.849896
1780456768,149.823033
1780456768,116.372894
1780456768,150.544014
1780456768,140.894974
1780456768,148.013500
1780456768,137.079427
1780456768,145.296314
1780456768,137.444586
1780456768,112.774298
1780456768,137.609582
1780456768,112.979296
1780456768,151.058493
1780456768,135.328522
1780456768,151.448322
1780456768,143.425389
1780456768,143.261747
1780456768,145.314783
1780456768,135.659279
1780456768,145.519558
1780456768,149.509122
1780456768,135.856274
1780456768,145.918793
1780456768,154.653049
1780456768,117.404082
1780456768,152.391067
1780456768,153.522919
1780456768,146.454415
1780456768,132.986254
1780456768,111.420400
1780456768,154.969048
1780456768,154.949296
1780456768,158.036758
1780456768,153.219534
1780456768,148.477335
1780456768,153.960706
1780456768,154.029260
1780456768,148.559089
1780456768,151.296152
1780456768,149.699407
1780456768,119.865853
1780456768,159.551380
1780456768,154.048567
1780456768,151.348628
1780456768,153.838876
1780456768,157.722747
1780456768,119.686812
1780456768,148.604904
1780456768,147.686123
1780456768,150.102395
1780456768,150.594807
1780456768,150.289943
1780456768,146.326006
1780456768,150.217852
1780456768,151.281578
1780456768,146.343229
1780456768,151.824095
1780456768,153.312856
1780456768,146.512814
1780456768,151.992970
1780456768,150.413830
1780456768,145.068281
1780456768,151.318837
1780456768,145.672180
1780456768,145.117548
1780456768,151.282985
1780456768,152.276789
1780456768,145.287127
1780456768,152.447698
1780456768,154.628748
1780456768,160.023834
1780456768,153.884941
1780456768,152.210814
1780456768,162.912907
1780456768,159.780350
1780456768,146.044678
1780456768,160.411188
1780456768,160.891893
1780456768,157.393583
1780456768,154.697322
1780456768,165.356823
1780456768,156.687949
1780456768,165.500475
1780456768,154.605547
1780456768,161.307543
1780456768,154.933497
1780456768,156.774621
1780456768,157.479298
1780456768,122.639056
1780456768,154.856647
1780456768,144.767269
1780456768,152.164739
1780456768,144.866941
1780456768,155.349292
1780456768,133.210457
1780456768,134.493829
1780456768,136.289176
1780456768,133.345179
1780456768,145.004108
1780456768,150.989419
1780456768,119.554620
1780456768,153.700625
1780456768,144.583239
1780456768,156.411050
1780456768,144.553055
1780456768,146.977593
1780456768,137.754621
1780456768,137.741119
1780456768,159.912913
1780456768,112.116515
1780456768,148.005012
1780456768,150.253605
1780456768,150.414041
1780456768,159.020163
1780456768,150.449224
1780456768,156.882375
1780456768,165.360405
1780456768,169.672808
1780456768,149.268493
1780456768,147.033172
1780456768,123.790760
1780456768,125.030390
1780456768,130.533237
1780456768,120.402941
1780456768,131.699768
1780456768,120.351879
1780456768,134.451275
1780456768,120.503116
1780456768,121.786480
1780456768,129.967953
1780456768,120.592459
1780456768,124.100943
1780456768,128.869492
1780456768,120.575725
1780456768,122.009311
1780456768,130.054288
1780456768,132.018097
1780456768,132.184798
1780456768,119.684188
1780456768,132.259660
1780456768,120.130983
1780456768,133.515836
1780456768,140.909308
1780456768,165.865012
1780456768,120.681180
1780456768,119.738247
1780456768,166.555268
1780456768,134.873572
1780456768,161.148688
1780456768,131.080262
1780456768,131.565359
1780456768,156.358509
1780456768,166.998139
1780456768,161.773504
1780456768,167.648981
1780456768,161.576607
1780456768,150.472091
1780456768,148.151745
1780456768,158.111459
1780456768,168.422851
1780456768,159.392088
1780456768,159.566317
1780456768,162.380894
1780456768,143.066584
1780456768,124.762416
1780456768,150.711674
1780456768,166.514798
1780456768,147.448945
1780456768,147.500473
1780456768,147.844396
1780456768,157.839849
1780456768,170.480967
1780456768,181.474981
1780456768,177.076214
1780456768,177.407359
1780456768,176.944606
1780456768,170.382876
1780456768,148.549319
1780456768,171.059305
1780456768,149.778715
1780456768,180.578601
1780456768,152.126821
1780456768,149.222498
1780456768,144.383483
1780456768,150.925004
1780456768,118.134797
1780456768,116.291083
1780456768,180.348971
1780456768,174.243327
1780456768,151.105255
1780456768,118.315614
1780456768,152.451890
1780456768,174.432272
1780456768,175.444451
1780456768,149.547939
1780456768,144.969582
1780456768,144.892344
1780456768,175.713633
1780456768,180.271837
1780456768,168.138929
1780456768,169.793150
1780456768,146.796919
1780456768,118.663119
1780456768,148.020195
1780456768,169.920640
1780456768,148.202760
1780456768,170.070628
1780456768,173.587660
1780456768,173.697869
1780456768,143.999475
1780456768,177.752297
1780456768,176.351760
1780456768,106.045352
1780456768,178.021622
1780456768,153.544456
1780456768,151.260613
1780456768,176.885955
1780456768,176.856334
1780456768,177.023417
1780456768,178.014011
1780456768,175.744938
1780456768,148.848132
1780456768,103.780849
1780456768,150.881786
1780456768,152.171815
1780456768,176.864086
1780456768,183.939178
1780456768,188.487438
1780456768,187.675573
1780456768,188.741710
1780456768,172.424727
1780456768,166.090835
1780456768,188.613786
1780456768,181.045730
1780456768,188.473124
1780456768,181.326119
1780456768,159.934087
1780456768,186.803140
1780456768,162.258741
1780456768,182.710389
1780456768,105.069162
1780456768,131.977066
1780456768,180.755197
1780456768,153.266446
1780456768,153.252560
1780456768,153.509455
1780456768,152.404394
1780456768,153.657041
1780456768,159.033253
1780456768,152.626519
1780456768,159.198229
1780456768,152.719784
1780456768,157.494910
1780456768,159.175521
1780456768,160.271599
1780456768,159.289151
1780456768,134.613306
1780456768,133.517154
1780456768,160.284263
1780456768,152.765214
1780456768,154.003974
1780456768,148.976360
1780456768,151.797403
1780456768,147.047028
1780456768,183.455038
1780456768,159.156687
1780456768,159.066496
1780456768,147.902544
1780456768,183.843923
1780456768,134.493972
1780456768,143.543939
1780456768,157.309278
1780456768,154.757597
1780456768,127.753671
1780456768,156.035447
1780456768,150.305666
1780456768,150.237733
1780456768,158.770826
1780456768,152.960758
1780456768,183.473328
1780456768,109.929990
1780456768,153.080755
1780456768,154.306580
1780456768,133.707022
1780456768,150.366901
1780456768,134.216058
1780456768,160.409809
1780456768,183.343077
1780456768,157.849534
1780456768,134.935122
1780456768,184.694228
1780456768,159.481252
1780456768,158.061703
1780456768,160.699820
1780456768,184.908828
1780456768,160.720243
1780456768,181.942850
1780456768,185.449217
1780456768,159.679500
1780456768,163.861545
1780456768,185.425053
1780456768,147.018350
1780456768,148.375571
1780456768,148.282025
1780456768,149.453111
1780456768,180.001302
1780456768,184.213547
1780456768,179.995732
1780456768,156.673793
1780456768,133.268369
1780456768,148.583922
1780456768,150.802786
1780456768,156.851685
1780456768,151.987221
1780456768,180.263013
1780456768,173.028449
1780456768,149.756549
1780456768,160.272779
1780456768,134.168811
1780456768,169.837060
1780456768,173.936412
1780456768,150.628860
1780456768,175.153632
1780456768,134.368149
1780456768,170.387277
1780456768,140.133898
1780456768,139.574304
1780456768,135.927523
1780456768,141.440123
1780456768,139.993155
1780456768,106.736394
1780456768,165.857159
1780456768,104.534056
1780456768,163.369750
1780456768,164.695749
1780456768,138.060351
1780456768,138.698212
1780456768,144.358291
1780456768,141.117537
1780456768,142.344420
1780456768,144.343558
1780456768,139.417148
1780456768,144.606338
1780456768,139.411236
1780456768,144.558863
1780456768,144.613259
1780456768,145.605056
1780456768,145.933872
1780456768,145.909018
1780456768,146.649236
1780456768,146.692373
1780456768,147.022757
1780456768,146.328666
1780456768,142.984245
1780456768,143.651522
1780456768,145.645058
1780456768,124.384200
1780456768,145.221553
1780456768,146.411515
1780456768,150.058406
1780456768,151.525319
1780456768,171.612316
1780456768,170.046122
1780456768,152.548994
1780456768,174.465797
1780456768,173.230920
1780456768,161.745306
1780456768,161.789551
1780456768,170.120113
1780456768,174.615265
1780456768,171.447223
1780456768,178.446798
1780456768,178.485811
1780456768,177.189627
1780456768,171.834148
1780456768,147.249891
1780456768,148.083329
1780456768,147.334660
1780456768,148.410023
1780456768,148.471615
1780456768,155.078098
1780456768,153.652051
1780456768,162.483904
1780456768,132.007271
1780456768,155.320919
1780456768,144.844478
1780456768,147.646335
1780456768,135.412718
1780456768,146.231387
1780456768,147.752670
1780456768,162.767648
1780456768,148.550078
1780456768,141.012812
1780456768,147.812493
1780456768,171.092231
1780456768,144.210674
1780456768,148.754172
1780456768,147.029876
1780456768,140.889768
1780456768,155.636846
1780456768,148.901904
1780456768,149.150468
1780456768,154.346337
1780456768,114.216461
1780456768,147.144826
1780456768,130.648955
1780456768,129.859713
1780456768,130.952346
1780456768,130.196655
1780456768,154.190858
1780456768,131.729557
1780456768,150.508540
1780456768,132.009278
1780456768,155.887061
1780456768,134.984616
1780456768,129.688020
1780456768,154.315451
1780456768,106.347925
1780456768,106.375350
1780456768,106.424230
1780456768,107.418683
1780456768,106.768494
1780456768,107.642137
1780456768,105.772880
1780456768,111.192397
1780456768,111.140208
1780456768,122.706769
1780456768,110.171044
1780456768,110.270408
1780456768,112.889638
1780456768,112.998213
1780456768,106.855448
1780456768,104.254396
1780456768,105.157794
1780456768,104.717847
1780456768,109.784984
1780456768,109.960912
1780456768,108.875250
1780456768,110.616292
1780456768,108.025153
1780456768,108.371091
1780456768,109.889619
1780456768,108.509974
1780456768,106.164267
1780456768,115.089914
1780456768,115.148693
1780456768,115.224827
1780456768,115.340532
1780456768,115.324888
1780456768,115.343869
1780456768,115.538938
1780456768,115.472840
1780456768,115.276432
1780456768,115.523552
1780456768,110.382616
1780456768,104.500984
1780456768,110.422708
1780456768,111.035255
1780456768,109.002254
1780456768,109.097856
1780456768,108.591150
1780456768,104.573897
1780456768,104.170631
1780456768,110.899631
1780456768,111.684165
1780456768,111.655016
1780456768,117.174645
1780456768,117.285535
1780456768,116.976441
1780456768,117.192012
1780456768,117.255079
1780456768,117.112943
1780456768,117.256311
1780456768,117.262061
1780456769,116.994127
1780456769,116.935030
1780456769,111.933317
1780456769,122.303112
1780456769,127.519132
1780456769,118.885184
1780456769,117.264079
1780456769,122.342442
1780456769,127.643565
1780456769,122.455009
1780456769,122.441467
1780456769,116.885000
1780456769,117.148980
1780456769,117.111950
1780456769,117.202547
1780456769,117.267902
1780456769,117.308344
1780456769,117.198763
1780456769,107.201245
1780456769,117.163559
1780456769,117.098398
1780456769,117.035328
1780456769,117.305815
1780456769,116.896119
1780456769,117.418094
1780456769,117.254744
1780456769,122.334905
1780456769,134.705528
1780456769,134.603853
1780456769,124.280644
1780456769,130.079615
1780456769,134.952357
1780456769,120.336607
1780456769,135.179591
1780456769,130.266843
1780456769,134.867697
1780456769,116.871442
1780456769,120.433769
1780456769,135.136137
1780456769,135.198696
1780456769,120.523436
1780456769,130.359438
1780456769,135.457750
1780456769,135.464624
1780456769,123.533654
1780456769,135.529563
1780456769,130.502281
1780456769,124.451155
1780456769,130.471253
1780456769,130.609677
1780456769,126.201768
1780456769,124.023405
1780456769,123.971456
1780456769,123.787482
1780456769,123.658690
1780456769,123.903665
1780456769,124.136253
1780456769,123.971255
1780456769,123.950066
1780456769,124.033022
1780456769,123.683435
1780456769,124.101545
1780456769,124.218465
1780456769,123.988365
1780456769,124.184331
1780456769,124.242026
1780456769,124.172640
1780456769,124.363957
1780456769,133.268646
1780456769,133.276785
1780456769,133.564450
1780456769,133.446105
1780456769,133.416299
1780456769,133.337549
1780456769,133.514206
1780456769,133.339822
1780456769,123.264325
1780456769,133.343211
1780456769,123.861773
1780456769,123.312761
1780456769,123.848136
1780456769,137.676488
1780456769,129.703765
1780456769,126.917926
1780456769,128.466349
1780456769,122.820711
1780456769,125.054082
1780456769,123.872229
1780456769,127.001842
1780456769,122.942549
1780456769,130.415683
1780456769,121.842183
1780456769,138.818804
1780456769,130.800925
1780456769,133.340765
1780456769,133.460027
1780456769,125.504639
1780456769,125.471718
1780456769,125.401775
1780456769,133.725957
1780456769,119.087285
1780456769,122.306887
1780456769,115.884405
1780456769,125.571864
1780456769,131.138051
1780456769,131.258612
1780456769,131.659093
1780456769,125.373670
1780456769,119.135475
1780456769,124.874213
1780456769,125.264302
1780456769,126.226207
1780456769,119.561333
1780456769,118.106655
1780456769,122.600296
1780456769,121.776399
1780456769,119.560019
1780456769,136.195821
1780456769,122.999828
1780456769,124.809963
1780456769,121.854014
1780456769,121.695121
1780456769,121.853281
1780456769,123.761076
1780456769,126.686098
1780456769,134.558048
1780456769,124.194868
1780456769,134.772636
1780456769,133.084263
1780456769,121.753377
1780456769,122.638772
1780456769,122.481419
1780456769,129.474370
1780456769,125.733020
1780456769,124.916536
1780456769,125.260041
1780456769,127.571903
1780456769,123.270841
1780456769,125.283147
1780456769,127.577050
1780456769,123.347643
1780456769,122.360029
1780456769,123.367758
1780456769,123.366191
1780456769,122.453222
1780456769,123.180025
1780456769,124.066230
1780456769,126.178183
1780456769,124.391753
1780456769,136.250106
1780456769,132.970410
1780456769,146.591968
1780456769,146.550252
1780456769,133.146640
1780456769,133.120646
1780456769,133.090596
1780456769,146.459560
1780456769,146.905292
1780456769,127.068632
1780456769,126.917709
1780456769,126.981982
1780456769,127.251901
1780456769,150.556201
1780456769,150.799403
1780456769,132.347670
1780456769,124.964334
1780456769,150.765796
1780456769,151.424093
1780456769,135.888657
1780456769,149.152906
1780456769,149.338526
1780456769,149.523659
1780456769,150.139237
1780456769,147.788061
1780456769,151.151165
1780456769,149.150780
1780456769,134.332898
1780456769,134.615151
1780456769,129.263934
1780456769,131.176857
1780456769,159.025648
1780456769,145.549984
1780456769,139.240976
1780456769,139.397788
1780456769,128.171831
1780456769,134.434981
1780456769,145.807965
1780456769,144.483360
1780456769,139.569410
1780456769,145.751466
1780456769,139.775610
1780456769,129.583121
1780456769,139.881064
1780456769,138.233162
1780456769,134.963594
1780456769,137.777073
1780456769,130.146724
1780456769,105.607027
1780456769,111.254522
1780456769,145.947634
1780456769,143.033513
1780456769,148.364330
1780456769,148.010097
1780456769,138.541085
1780456769,148.020780
1780456769,141.302207
1780456769,147.587070
1780456769,147.045847
1780456769,139.835522
1780456769,136.711799
1780456769,137.857763
1780456769,137.911589
1780456769,138.651478
1780456769,145.718507
1780456769,138.071046
1780456769,140.107367
1780456769,146.293401
1780456769,131.374285
1780456769,147.454577
1780456769,135.070135
1780456769,141.409978
1780456769,143.601875
1780456769,111.847621
1780456769,145.020878
1780456769,141.736317
1780456769,143.775891
1780456769,142.951208
1780456769,106.661845
1780456769,141.706512
1780456769,134.637167
1780456769,129.718420
1780456769,130.115259
1780456769,145.995529
1780456769,136.988954
1780456769,146.089203
1780456769,129.980065
1780456769,148.569119
1780456769,108.886327
1780456769,108.841922
1780456769,107.970119
1780456769,146.012881
1780456769,146.024425
1780456769,146.161979
1780456769,145.940279
1780456769,142.523290
1780456769,107.372212
1780456769,131.673015
1780456769,142.343012
1780456769,107.423661
1780456769,132.438899
1780456769,163.871471
1780456769,156.018221
1780456769,148.515229
1780456769,148.441192
1780456769,144.461017
1780456769,156.245877
1780456769,151.315918
1780456769,144.466073
1780456769,141.880382
1780456769,151.359184
1780456769,143.018073
1780456769,148.581796
1780456769,145.807054
1780456769,139.982939
1780456769,151.226084
1780456769,115.405993
1780456769,146.009367
1780456769,142.037178
1780456769,134.226149
1780456769,118.898126
1780456769,144.831439
1780456769,146.841306
1780456769,141.453064
1780456769,141.345952
1780456769,122.491826
1780456769,109.927332
1780456769,134.753466
1780456769,122.974938
1780456769,136.221132
1780456769,136.089628
1780456769,144.838245
1780456769,144.934079
1780456769,110.131111
1780456769,126.206264
1780456769,137.901127
1780456769,146.969510
1780456769,138.469280
1780456769,140.382283
1780456769,140.555557
1780456769,139.419512
1780456769,139.567431
1780456769,135.601588
1780456769,138.775128
1780456769,140.406874
1780456769,134.599151
1780456769,136.453984
1780456769,136.601155
1780456769,136.674947
1780456769,135.362822
1780456769,135.790902
1780456769,144.329445
1780456769,146.455123
1780456769,137.442339
1780456769,146.845858
1780456769,136.696832
1780456769,152.142357
1780456769,136.908591
1780456769,137.225737
1780456769,152.619604
1780456769,130.505711
1780456769,137.860583
1780456769,130.848782
1780456769,128.674292
1780456769,130.389074
1780456769,121.109673
1780456769,111.790919
1780456769,111.839854
1780456769,120.430060
1780456769,130.733689
1780456769,147.985582
1780456769,149.975799
1780456769,129.778331
1780456769,129.985548
1780456769,118.401643
1780456769,129.641385
1780456769,150.214664
1780456769,115.258256
1780456769,114.315411
1780456769,150.667802
1780456769,151.180782
1780456769,150.124740
1780456769,156.337804
1780456769,115.005942
1780456769,149.897560
1780456769,155.827757
1780456769,133.579466
1780456769,110.719631
1780456769,130.471966
1780456769,109.720345
1780456769,150.662528
1780456769,109.962512
1780456769,132.633183
1780456769,154.265159
1780456769,129.760065
1780456769,109.123537
1780456769,129.908051
1780456769,109.402967
1780456769,129.200136
1780456769,108.192659
1780456769,125.262578
1780456769,130.229042
1780456769,127.865541
1780456769,126.333962
1780456769,130.416624
1780456769,108.308105
1780456769,130.603604
1780456769,147.250163
1780456769,130.332101
1780456769,156.350088
1780456769,130.491507
1780456769,131.041339
1780456769,130.916335
1780456769,133.408070
1780456769,136.280164
1780456769,154.186416
1780456769,126.056605
1780456769,131.527683
1780456769,135.586349
1780456769,157.070784
1780456769,131.148301
1780456769,135.718939
1780456769,108.749296
1780456769,156.212918
1780456769,128.294810
1780456769,126.854475
1780456769,131.660092
1780456769,130.510373
1780456769,153.412592
1780456769,109.159513
1780456769,130.680060
1780456769,153.674667
1780456769,130.738250
1780456769,153.906157
1780456769,131.241908
1780456769,127.860944
1780456769,127.250707
1780456769,154.326163
1780456769,135.800496
1780456769,131.527283
1780456769,154.622488
1780456769,131.522058
1780456769,153.939726
1780456769,131.867102
1780456769,138.006730
1780456769,148.377041
1780456769,130.827572
1780456769,137.878877
1780456769,153.330723
1780456769,137.060701
1780456769,129.646455
1780456769,128.552564
1780456769,159.150321
1780456769,129.871728
1780456769,127.544127
1780456769,128.461812
1780456769,127.494414
1780456769,133.660822
1780456769,112.646088
1780456769,132.407134
1780456769,127.484583
1780456769,127.292503
1780456769,135.388180
1780456769,151.691437
1780456769,127.089317
1780456769,109.695689
1780456769,109.811648
1780456769,158.085413
1780456769,115.941350
1780456769,156.164435
1780456769,152.690161
1780456769,156.430294
1780456769,131.651635
1780456769,156.127723
1780456769,140.323249
1780456769,157.518807
1780456769,139.418752
1780456769,138.739775
1780456769,140.853789
1780456769,138.801867
1780456769,156.863352
1780456769,139.024284
1780456769,139.294820
1780456769,153.553865
1780456769,146.887147
1780456769,147.368914
1780456769,140.337752
1780456769,154.680495
1780456769,141.781565
1780456769,146.507930
1780456769,141.833410
1780456769,141.782578
1780456769,154.755603
1780456769,114.111821
1780456769,142.036791
1780456769,146.488624
1780456769,119.250867
1780456769,134.426481
1780456769,142.322358
1780456769,114.652080
1780456769,148.016418
1780456769,114.541663
1780456769,141.371360
1780456769,147.637424
1780456769,133.168845
1780456769,142.532267
1780456769,141.987138
1780456769,133.707824
1780456769,147.224711
1780456769,136.178623
1780456769,139.019967
1780456769,133.445975
1780456769,133.351465
1780456769,134.387371
1780456769,115.827377
1780456769,141.475200
1780456769,137.007447
1780456769,134.597086
1780456769,136.053059
1780456769,131.497572
1780456769,136.188153
1780456769,131.540455
1780456769,149.459242
1780456769,141.811227
1780456769,131.740511
1780456769,140.449067
1780456769,131.919357
1780456769,149.499584
1780456769,147.587842
1780456769,131.872977
1780456769,138.402205
1780456769,141.266628
1780456769,142.854826
1780456769,149.607545
1780456769,141.317375
1780456769,120.324336
1780456769,149.201505
1780456769,118.118667
1780456769,139.835792
1780456769,150.160774
1780456769,116.718295
1780456769,137.714416
1780456769,120.867404
1780456769,143.547448
1780456769,117.130991
1780456769,133.776800
1780456769,149.811577
1780456769,133.563517
1780456769,117.560298
1780456769,117.526488
1780456769,147.929993
1780456769,145.187383
1780456769,143.794737
1780456769,128.736050
1780456769,122.757285
1780456769,117.498934
1780456769,130.275473
1780456769,118.894739
1780456769,128.362154
1780456769,117.809450
1780456769,128.635331
1780456769,144.816897
1780456769,148.907697
1780456769,144.794470
1780456769,146.282289
1780456769,126.869004
1780456769,118.457101
1780456769,144.748835
1780456769,139.573834
1780456769,126.070482
1780456769,125.972104
1780456769,118.951580
1780456769,126.431663
1780456769,139.327000
1780456769,143.612345
1780456769,123.076472
1780456769,137.781496
1780456769,132.517256
1780456769,128.507009
1780456769,143.044630
1780456769,128.761530
1780456769,156.467529
1780456769,142.263437
1780456769,141.419808
1780456769,151.077711
1780456769,140.727223
1780456769,142.463151
1780456769,128.090096
1780456769,153.974871
1780456769,142.331934
1780456769,157.581059
1780456769,125.034329
1780456769,134.662851
1780456769,143.603047
1780456769,157.789528
1780456769,142.777577
1780456769,125.325881
1780456769,131.402534
1780456769,142.029725
1780456769,155.125099
1780456769,130.942333
1780456769,149.300289
1780456769,125.698715
1780456769,140.733637
1780456769,129.771062
1780456769,139.852515
1780456769,158.340754
1780456769,139.886114
1780456769,124.676493
1780456769,140.146409
1780456769,157.568318
1780456769,124.914794
1780456769,149.647743
1780456769,146.939504
1780456769,129.185144
1780456769,148.512075
1780456769,129.359559
1780456769,125.577694
1780456769,125.431562
1780456769,125.686487
1780456769,129.853638
1780456769,158.406358
1780456769,129.128826
1780456769,125.667152
1780456769,133.882736
1780456769,129.251400
1780456769,158.992749
1780456769,126.224476
1780456769,134.041181
1780456769,124.947623
1780456769,124.765690
1780456769,121.029078
1780456769,129.872802
1780456769,128.887008
1780456769,142.696569
1780456769,138.037227
1780456769,137.287341
1780456769,157.079491
1780456769,132.663190
1780456769,151.132355
1780456769,156.904268
1780456769,148.941755
1780456769,148.927797
1780456769,147.431516
1780456769,123.158280
1780456769,131.039201
1780456769,147.470791
1780456769,125.620512
1780456769,148.438098
1780456769,126.153924
1780456769,148.045576
1780456769,131.189868
1780456769,123.368881
1780456769,130.934544
1780456769,131.224352
1780456769,161.886058
1780456769,155.819152
1780456769,123.271863
1780456769,125.810039
1780456769,144.654934
1780456769,123.492972
1780456769,145.928126
1780456769,142.038912
1780456769,130.949843
1780456769,161.771719
1780456769,143.351408
1780456769,123.413302
1780456769,123.440954
1780456769,142.379607
1780456769,142.511890
1780456769,123.216739
1780456769,142.706046
1780456769,130.408029
1780456769,159.899258
1780456769,142.831669
1780456769,122.838213
1780456769,140.698313
1780456769,159.687036
1780456769,140.970330
1780456769,140.145972
1780456769,162.122386
1780456769,140.319055
1780456769,121.722020
1780456769,145.284808
1780456769,162.647211
1780456769,122.507270
1780456769,131.789851
1780456769,161.055472
1780456769,161.405682
1780456769,161.526156
1780456769,145.431684
1780456769,123.204350
1780456769,145.709620
1780456769,163.002017
1780456769,123.427840
1780456769,140.305005
1780456769,158.928906
1780456769,162.831363
1780456769,123.661786
1780456769,157.358986
1780456769,131.011169
1780456769,157.257611
1780456769,162.600029
1780456769,124.039304
1780456769,139.647100
1780456769,139.677404
1780456769,163.020042
1780456769,131.024834
1780456769,157.126156
1780456769,130.130028
1780456769,163.237942
1780456769,128.171671
1780456769,129.179332
1780456769,163.613918
1780456769,135.278397
1780456769,125.003991
1780456769,126.152721
1780456769,164.030399
1780456769,129.588475
1780456769,128.359613
1780456769,158.153824
1780456769,135.696257
1780456769,129.761180
1780456769,157.999156
1780456769,124.228480
1780456769,133.237258
1780456769,126.745175
1780456769,124.432101
1780456769,164.328669
1780456769,136.329106
1780456769,120.190126
1780456769,157.719940
1780456769,135.324911
1780456769,118.999040
1780456769,163.878833
1780456769,125.059634
1780456769,134.296490
1780456769,158.244995
1780456769,127.313745
1780456769,119.498731
1780456769,162.566495
1780456769,119.226189
1780456769,162.634472
1780456769,118.381135
1780456769,161.792238
1780456769,130.554481
1780456769,129.554697
1780456769,162.176333
1780456769,129.770272
1780456769,167.130777
1780456769,135.852515
1780456769,130.326665
1780456769,170.610233
1780456769,136.620765
1780456769,129.615725
1780456769,162.377885
1780456769,171.172999
1780456769,130.284829
1780456769,134.813100
1780456769,130.931530
1780456769,167.887165
1780456769,131.117799
1780456769,171.291848
1780456769,135.291763
1780456769,131.590334
1780456769,137.494010
1780456769,168.757863
1780456769,136.408498
1780456769,136.451336
1780456769,136.397047
1780456769,164.136150
1780456769,133.163515
1780456769,136.030816
1780456769,163.658023
1780456769,133.326347
1780456769,132.248605
1780456769,133.610445
1780456769,132.428942
1780456769,169.508040
1780456769,133.984323
1780456769,137.244532
1780456769,133.667287
1780456769,132.040777
1780456769,162.866009
1780456769,137.606563
1780456769,132.154243
1780456769,132.440900
1780456769,132.371992
1780456769,163.113505
1780456769,166.398773
1780456769,151.229810
1780456769,164.505556
1780456769,163.905150
1780456769,132.948043
1780456769,170.022746
1780456769,150.566351
1780456769,168.669799
1780456769,147.284268
1780456769,147.747013
1780456769,147.808537
1780456769,147.877670
1780456769,162.097831
1780456769,148.664244
1780456769,172.073437
1780456769,148.760532
1780456769,172.517749
1780456769,171.384007
1780456769,147.981315
1780456769,155.878009
1780456769,146.879563
1780456769,164.873615
1780456769,165.059900
1780456769,169.305585
1780456769,173.783031
1780456769,152.490469
1780456769,151.747448
1780456769,168.667552
1780456769,163.935076
1780456769,153.990164
1780456769,151.678692
1780456769,154.134687
1780456769,170.633081
1780456769,136.347965
1780456769,135.719908
1780456769,167.589928
1780456769,137.844889
1780456769,136.601709
1780456769,143.436866
1780456769,138.151396
1780456769,136.214069
1780456769,137.117813
1780456769,166.202857
1780456769,143.734148
1780456769,135.237067
1780456769,135.582742
1780456769,144.499186
1780456769,143.507544
1780456769,135.634173
1780456769,166.959801
1780456769,144.417119
1780456769,177.616734
1780456769,143.628112
1780456769,139.801450
1780456769,161.483527
1780456769,160.250363
1780456769,162.505555
1780456769,160.457021
1780456769,146.176596
1780456769,138.942744
1780456769,136.068891
1780456769,135.427703
1780456769,165.034239
1780456769,162.840135
1780456769,155.714722
1780456769,134.138972
1780456769,156.102254
1780456769,145.464668
1780456769,128.066816
1780456769,145.739662
1780456769,134.013226
1780456769,155.175661
1780456769,137.499226
1780456769,146.087323
1780456769,139.425445
1780456769,132.334900
1780456769,136.187409
1780456769,146.469187
1780456769,146.409230
1780456769,165.103670
1780456769,132.448055
1780456769,131.661270
1780456769,144.153018
1780456769,144.230939
1780456769,164.606804
1780456769,130.467325
1780456769,163.970035
1780456769,144.169784
1780456769,127.461529
1780456769,180.900100
1780456769,127.855959
1780456769,183.279818
1780456769,128.383607
1780456769,165.326852
1780456769,142.571608
1780456769,142.509455
1780456769,142.861127
1780456769,171.419491
1780456769,181.713017
1780456769,129.222970
1780456769,157.604017
1780456769,159.354065
1780456769,143.299030
1780456769,182.200184
1780456769,129.946756
1780456769,159.651859
1780456769,144.950479
1780456769,143.187939
1780456769,152.292081
1780456769,144.748687
1780456769,170.021420
1780456769,144.827974
1780456769,167.739586
1780456769,145.171964
1780456769,151.196746
1780456769,145.450151
1780456769,144.942433
1780456769,174.568681
1780456769,145.095557
1780456769,142.918518
1780456769,169.670930
1780456769,141.967032
1780456769,170.101642
1780456769,125.467716
1780456769,167.126750
1780456769,125.955282
1780456769,126.204569
1780456769,126.236428
1780456769,126.493322
1780456769,167.893015
1780456769,126.561684
1780456769,168.113914
1780456769,167.055029
1780456769,126.831569
1780456769,143.734189
1780456769,169.682546
1780456769,135.476546
1780456769,155.105361
1780456769,151.044860
1780456769,170.228558
1780456769,158.013199
1780456769,158.218521
1780456769,158.497457
1780456769,158.861696
1780456769,159.091253
1780456769,159.669787
1780456769,159.625835
1780456769,152.810160
1780456769,152.851915
1780456769,152.806983
1780456769,153.015309
1780456769,153.040116
1780456769,153.123346
1780456769,161.176330
1780456769,161.096868
1780456769,153.928144
1780456769,153.888663
1780456769,154.128851
1780456769,153.124434
1780456769,141.885661
1780456769,176.498088
1780456769,162.942293
1780456769,163.567810
1780456769,163.243182
1780456769,111.418907
1780456769,163.654167
1780456769,177.118331
1780456769,168.006790
1780456769,142.788992
1780456769,177.258339
1780456769,177.819284
1780456769,152.464176
1780456769,158.381955
1780456769,161.456100
1780456769,152.655242
1780456769,156.201532
1780456769,161.682604
1780456769,162.878824
1780456769,163.046790
1780456769,161.701569
1780456769,164.250683
1780456769,179.463442
1780456769,181.899228
1780456769,181.869978
1780456769,197.278109
1780456769,197.446703
1780456769,164.505893
1780456769,123.137653
1780456769,164.468872
1780456769,122.969152
1780456769,165.469882
1780456769,176.686576
1780456769,123.425418
1780456769,176.787347
1780456769,123.254066
1780456769,128.273682
1780456769,167.137318
1780456769,115.508132
1780456769,123.236242
1780456769,167.160995
1780456769,174.274382
1780456769,123.454774
1780456769,176.439514
1780456769,118.222519
1780456769,176.342007
1780456769,186.095260
1780456769,153.486954
1780456769,186.153978
1780456769,153.689772
1780456769,186.278258
1780456769,155.167457
1780456769,176.885093
1780456769,119.055030
1780456769,118.967752
1780456769,117.267406
1780456769,117.314086
1780456769,161.067215
1780456769,160.984429
1780456769,169.946177
1780456769,119.066093
1780456769,162.804202
1780456769,163.114845
1780456769,158.216487
1780456769,182.179145
1780456769,183.150076
1780456769,136.555972
1780456769,183.259117
1780456769,184.634195
1780456769,184.559534
1780456769,137.893215
1780456769,187.180663
1780456769,174.876998
1780456769,187.142252
1780456769,187.206651
1780456769,175.049843
1780456769,119.760650
1780456769,169.591614
1780456769,115.617007
1780456769,169.729376
1780456769,119.970241
1780456769,119.980700
1780456769,169.696117
1780456769,120.114879
1780456769,173.412039
1780456769,116.004964
1780456769,116.004683
1780456769,173.084212
1780456769,173.668204
1780456769,119.058613
1780456769,116.629033
1780456769,169.320686
1780456769,173.423726
1780456769,116.592642
1780456769,116.808454
1780456769,173.380983
1780456769,122.892767
1780456769,174.190558
1780456769,169.244367
1780456769,117.101423
1780456769,173.960616
1780456769,120.244261
1780456769,169.258819
1780456769,117.540774
1780456769,118.323907
1780456769,170.630462
1780456769,116.962744
1780456769,163.426263
1780456769,172.269175
1780456769,161.106555
1780456769,162.330529
1780456769,162.340453
1780456769,162.424068
1780456769,170.206429
1780456769,171.519968
1780456769,170.278097
1780456769,172.579588
1780456769,123.389502
1780456769,171.701845
1780456769,172.453285
1780456769,173.548311
1780456769,172.441020
1780456769,145.727671
1780456769,177.727446
1780456769,145.762694
1780456769,177.390568
1780456769,161.893952
1780456769,146.195624
1780456769,174.433562
1780456769,146.376659
1780456769,177.274766
1780456769,161.546510
1780456769,160.849349
1780456769,161.388318
1780456769,180.748789
1780456769,158.801602
1780456769,180.917279
1780456769,149.112701
1780456769,158.949194
1780456769,177.195352
1780456769,149.113506
1780456769,177.174548
1780456769,177.250278
1780456769,148.955193
1780456769,177.149102
1780456769,177.448919
1780456769,148.949753
1780456769,174.560732
1780456769,164.349040
1780456769,159.234870
1780456769,158.128588
1780456769,164.227733
1780456769,172.978050
1780456769,169.738841
1780456769,158.194976
1780456769,166.362531
1780456769,157.213430
1780456769,159.959026
1780456769,156.669115
1780456769,162.843937
1780456769,163.796971
1780456769,173.056376
1780456769,163.756799
1780456769,164.038310
1780456769,171.711990
1780456769,171.790796
1780456769,163.804550
1780456769,160.282611
1780456769,160.431200
1780456769,157.325986
1780456769,166.416447
1780456769,158.569080
1780456769,172.667750
1780456769,160.983918
1780456769,172.839287
1780456769,175.559111
1780456769,174.086309
1780456769,181.874183
1780456769,154.031026
1780456769,181.921462
1780456769,155.366263
1780456769,183.185377
1780456769,183.317517
1780456769,158.002611
1780456769,157.968288
1780456769,157.779061
1780456769,183.410205
1780456769,160.048427
1780456769,159.177308
1780456769,161.737043
1780456769,176.044042
1780456769,177.315183
1780456769,170.719531
1780456769,177.470810
1780456769,182.377105
1780456769,145.091933
1780456769,160.083080
1780456769,160.380603
1780456769,159.842107
1780456769,155.257666
1780456769,138.204915
1780456769,144.939214
1780456769,183.914184
1780456769,183.783264
1780456769,139.015581
1780456769,137.601883
1780456769,147.387973
1780456769,137.190423
1780456769,138.129181
1780456769,185.410201
1780456769,146.735562
1780456769,137.031612
1780456769,137.669580
1780456769,148.349993
1780456769,148.365762
1780456769,134.228577
1780456769,146.864500
1780456769,185.724632
1780456769,184.428306
1780456769,136.260346
1780456769,120.617302
1780456769,131.371608
1780456769,131.979899
1780456769,121.712134
1780456769,132.058501
1780456769,121.966610
1780456769,122.064956
1780456769,134.714221
1780456769,122.093602
1780456769,122.459497
1780456769,123.055894
1780456769,139.031195
1780456769,123.698454
1780456769,194.028636
1780456769,193.550914
1780456769,139.826519
1780456769,140.466900
1780456769,129.039091
1780456769,128.054147
1780456769,122.220615
1780456769,188.508754
1780456769,189.081067
1780456769,189.165471
1780456769,141.557965
1780456769,126.694038
1780456769,141.805439
1780456769,141.611735
1780456769,140.999367
1780456769,140.962232
1780456769,141.101298
1780456769,138.877595
1780456769,194.425956
1780456769,194.486859
1780456769,193.518510
1780456769,129.369200
1780456769,194.636860
1780456769,129.449746
1780456769,129.729748
1780456769,130.073426
1780456769,130.125943
1780456769,193.763414
1780456769,194.087977
1780456769,194.960035
1780456769,193.571887
1780456769,180.121932
1780456769,180.565334
1780456769,180.964367
1780456769,181.052025
1780456769,181.243862
1780456769,181.995468
1780456769,182.221851
1780456769,156.520582
1780456769,182.411614
1780456769,181.177422
1780456769,181.431395
1780456769,124.046768
1780456769,178.058960
1780456769,178.385700
1780456769,178.681200
1780456769,158.614397
1780456769,178.847524
1780456769,158.965615
1780456769,179.228726
1780456769,159.662718
1780456769,175.990928
1780456769,160.383493
1780456769,158.141170
1780456769,176.969109
1780456769,166.522946
1780456769,166.670338
1780456769,159.278604
1780456769,166.060865
1780456769,166.012970
1780456769,166.216029
1780456769,158.631503
1780456769,159.877896
1780456769,166.933618
1780456769,168.710611
1780456769,168.781209
1780456769,159.447890
1780456769,157.068970
1780456769,157.462099
1780456769,157.994742
1780456769,158.377650
1780456769,158.549323
1780456769,159.034436
1780456769,159.135652
1780456769,172.591636
1780456769,159.561870
1780456769,159.937803
1780456769,160.363680
1780456769,160.725281
1780456769,215.712104
1780456769,187.465797
1780456769,187.862648
1780456769,187.765446
1780456769,187.778196
1780456769,188.043447
1780456769,188.228975
1780456769,216.136568
1780456769,188.508396
1780456769,188.656552
1780456769,188.187840
1780456769,114.580629
1780456769,121.686116
1780456769,123.503714
1780456769,152.548752
1780456769,152.720047
1780456769,152.714387
1780456769,152.775704
1780456769,152.743914
1780456769,152.819630
1780456769,135.187843
1780456769,135.997741
1780456769,137.408213
1780456769,137.427938
1780456769,142.246095
1780456769,205.042154
1780456769,153.020771
1780456769,142.558864
1780456769,157.711658
1780456769,157.825022
1780456769,216.653838
1780456769,216.812964
1780456769,216.964761
1780456769,217.668809
1780456769,217.709318
1780456769,163.431465
1780456769,217.215788
1780456769,157.311771
1780456769,149.119875
1780456769,158.472623
1780456769,148.760011
1780456769,216.685208
1780456769,216.786627
1780456769,217.298393
1780456769,150.059302
1780456769,178.445804
1780456769,216.203749
1780456769,174.036641
1780456769,174.730370
1780456769,175.117234
1780456769,175.250442
1780456769,152.424127
1780456769,175.900757
1780456769,176.215273
1780456769,152.869449
1780456769,173.911215
1780456769,174.411421
1780456769,174.555792
1780456769,174.928602
1780456769,175.120477
1780456769,140.201364
1780456769,140.313845
1780456769,174.780859
1780456769,128.493182
1780456769,175.924990
1780456769,129.001699
1780456769,172.890392
1780456769,173.692695
1780456769,173.943826
1780456769,173.803891
1780456769,173.929883
1780456769,173.982629
1780456769,169.441347
1780456769,158.992974
1780456769,159.201614
1780456769,158.898651
1780456769,159.144184
1780456769,131.627128
1780456769,159.803713
1780456769,132.120381
1780456769,159.795993
1780456769,220.088980
1780456769,114.560669
1780456769,115.499180
1780456769,216.074860
1780456769,221.499698
1780456769,115.242578
1780456769,201.316929
1780456769,150.325141
1780456769,151.385557
1780456769,215.261689
1780456769,179.468895
1780456769,168.897790
1780456769,168.973902
1780456769,215.730685
1780456769,179.674308
1780456769,215.965888
1780456769,169.236648
1780456769,216.001393
1780456769,128.938477
1780456769,116.404319
1780456769,216.231809
1780456769,222.914940
1780456769,129.158914
1780456769,129.258158
1780456769,134.717299
1780456769,216.613615
1780456769,129.470275
1780456769,191.890510
1780456769,192.131678
1780456769,152.578089
1780456769,216.807265
1780456769,135.336843
1780456769,202.841429
1780456769,117.255169
1780456769,203.213718
1780456769,117.206220
1780456769,217.751763
1780456769,117.326773
1780456769,218.592624
1780456769,117.484535
1780456769,211.435644
1780456769,211.480798
1780456769,217.129664
1780456769,216.870663
1780456769,224.205904
1780456769,149.568289
1780456769,149.717529
1780456769,217.109338
1780456769,217.218853
1780456769,150.059606
1780456769,150.607541
1780456769,217.144595
1780456769,217.462851
1780456769,149.398823
1780456769,149.439588
1780456769,224.665941
1780456769,217.659449
1780456769,204.250409
1780456769,204.513401
1780456769,204.211603
1780456769,118.704808
1780456769,204.368165
1780456769,204.772679
1780456769,119.682512
1780456769,204.708842
1780456769,141.845617
1780456769,216.403446
1780456769,217.623307
1780456769,218.759213
1780456769,217.650007
1780456769,175.597681
1780456769,222.128829
1780456769,180.842528
1780456769,181.676317
1780456769,223.864582
1780456769,167.944613
1780456769,225.034016
1780456769,232.866320
1780456769,227.830099
1780456769,235.596554
1780456769,234.448529
1780456769,237.075317
1780456769,237.148853
1780456769,235.856066
1780456769,237.400234
1780456769,239.812378
1780456769,238.658812
1780456769,181.371544
1780456769,180.300901
1780456769,183.642324
1780456769,204.117091
1780456769,147.506217
1780456769,147.704709
1780456769,202.690463
1780456769,202.767871
1780456769,192.511857
1780456769,193.516108
1780456769,202.909785
1780456769,206.252633
1780456769,206.578073
1780456769,141.402767
1780456769,141.480955
1780456769,143.091116
1780456769,206.650915
1780456769,143.450894
1780456769,203.234807
1780456769,180.050631
1780456769,181.120497
1780456769,181.524776
1780456769,186.966424
1780456769,187.073925
1780456769,182.872201
1780456769,228.638588
1780456769,232.306523
1780456769,244.440164
1780456769,244.523456
1780456769,167.377229
1780456769,245.965633
1780456769,246.178922
1780456769,217.397569
1780456769,227.836468
1780456769,217.545617
1780456769,227.931738
1780456769,227.943264
1780456769,227.930139
1780456769,228.045097
1780456769,229.625927
1780456769,228.099514
1780456769,168.122735
1780456769,228.270441
1780456769,246.563234
1780456769,233.508256
1780456769,233.550025
1780456769,233.712652
1780456769,233.808850
1780456769,235.687046
1780456769,235.765244
1780456769,168.045085
1780456769,185.788273
1780456769,185.832618
1780456769,186.014399
1780456769,199.354860
1780456769,186.035962
1780456769,201.199329
1780456769,237.271728
1780456769,237.472654
1780456769,203.303488
1780456769,203.313890
1780456769,204.199133
1780456769,241.339859
1780456769,205.965012
1780456769,237.598166
1780456769,207.826222
1780456769,207.689164
1780456769,207.848269
1780456769,207.990804
1780456769,207.834900
1780456769,207.917194
1780456769,208.056814
1780456769,208.118531
1780456769,214.235269
1780456769,208.225115
1780456769,215.725771
1780456769,214.658092
1780456769,218.301295
1780456769,218.370085
1780456769,219.466489
1780456769,244.476814
1780456769,169.279901
1780456769,244.804144
1780456769,169.844197
1780456769,243.363123
1780456769,202.497998
1780456769,202.420031
1780456769,202.557298
1780456769,202.672352
1780456769,118.588296
1780456769,118.765263
1780456769,118.717532
1780456769,118.601228
1780456769,232.052946
1780456769,232.198482
1780456769,118.699547
1780456769,202.717633
1780456769,132.303264
1780456769,183.205553
1780456769,183.322153
1780456769,198.552949
1780456769,132.543549
1780456769,132.647272
1780456769,132.632209
1780456769,132.735378
1780456769,129.297955
1780456769,132.744467
1780456769,183.569466
1780456769,193.076834
1780456769,194.931991
1780456769,193.365024
1780456769,209.750357
1780456769,116.858912
1780456769,117.656278
1780456769,196.527111
1780456769,211.161372
1780456769,117.776890
1780456769,208.754933
1780456769,118.129746
1780456769,196.666022
1780456769,196.453956
1780456769,196.557700
1780456769,117.590350
1780456769,196.678258
1780456769,117.820716
1780456769,118.148075
1780456769,196.868477
1780456769,118.316594
1780456769,114.963335
1780456769,113.131782
1780456769,132.113370
1780456769,114.690485
1780456769,114.975460
1780456769,194.041029
1780456769,149.083102
1780456769,112.285316
1780456769,113.725514
1780456769,154.602349
1780456769,123.121521
1780456769,121.718629
1780456769,123.462283
1780456769,126.206200
1780456769,126.614014
1780456769,154.968455
1780456769,149.439451
1780456769,137.902903
1780456769,138.105731
1780456769,138.006340
1780456769,138.110620
1780456769,137.919177
1780456769,138.153568
1780456769,132.020405
1780456769,130.274281
1780456769,145.958863
1780456769,145.509746
1780456769,129.940409
1780456769,130.275743
1780456769,130.869367
1780456769,131.286946
1780456769,131.160619
1780456769,146.019572
1780456769,128.257585
1780456769,146.010658
1780456769,146.144546
1780456769,128.500317
1780456769,146.329342
1780456769,146.402186
1780456769,146.331777
1780456769,146.532002
1780456769,146.238179
1780456769,210.453451
1780456769,210.679108
1780456769,210.656163
1780456769,211.035022
1780456769,210.928528
1780456769,153.680789
1780456769,154.070484
1780456769,154.039107
1780456769,136.948490
1780456769,137.065711
1780456769,137.158819
1780456769,137.254598
1780456769,137.411924
1780456769,137.838159
1780456769,137.973826
1780456769,137.978136
1780456769,138.089211
1780456769,208.626932
1780456769,208.658495
1780456769,211.824923
1780456769,211.600666
1780456769,211.514425
1780456769,154.720490
1780456769,180.607991
1780456769,184.862072
1780456769,133.006052
1780456769,184.159322
1780456769,184.089898
1780456769,184.240770
1780456769,184.225640
1780456769,184.515847
1780456769,184.593483
1780456769,125.322343
1780456769,137.871501
1780456769,138.123120
1780456769,138.557734
1780456769,138.495826
1780456769,155.188729
1780456769,132.258417
1780456769,130.988342
1780456769,131.728733
1780456769,132.151404
1780456769,132.548510
1780456769,168.826667
1780456769,168.872690
1780456769,168.982726
1780456769,128.353371
1780456769,169.102545
1780456769,127.224263
1780456769,187.541939
1780456769,128.436977
1780456769,130.890403
1780456769,177.287768
1780456769,146.030983
1780456769,136.264910
1780456769,136.927581
1780456769,146.343247
1780456769,146.383653
1780456769,146.368879
1780456769,131.997026
1780456769,149.335946
1780456769,137.386341
1780456769,129.292707
1780456769,139.569417
1780456769,132.614590
1780456769,129.091201
1780456769,127.285541
1780456769,127.045273
1780456769,128.015180
1780456769,124.898291
1780456769,123.500521
1780456769,125.915065
1780456769,127.293140
1780456769,141.957594
1780456769,137.211131
1780456769,138.770549
1780456769,138.694828
1780456769,138.787168
1780456769,139.110484
1780456769,139.201246
1780456769,139.273346
1780456769,139.047749
1780456769,139.404684
1780456769,139.195600
1780456769,139.315829
1780456769,139.386542
1780456769,127.213097
1780456769,151.719853
1780456769,143.356722
1780456769,146.858067
1780456769,149.292234
1780456769,147.787576
1780456769,149.634122
1780456769,149.783246
1780456769,117.431160
1780456769,141.241697
1780456769,150.875254
1780456769,151.997041
1780456769,142.095907
1780456769,130.687632
1780456769,143.499910
1780456769,140.740085
1780456769,143.474485
1780456769,153.655223
1780456769,132.713902
1780456769,128.134040
1780456769,129.871135
1780456769,117.467050
1780456769,126.414858
1780456769,117.586358
1780456769,127.465543
1780456769,127.468488
1780456769,127.854252
1780456769,127.795537
1780456769,127.966392
1780456769,128.080704
1780456769,128.154699
1780456769,128.294402
1780456769,152.398266
1780456769,152.804469
1780456769,157.204545
1780456769,127.793693
1780456769,127.557764
1780456769,134.450064
1780456769,120.531711
1780456769,133.135714
1780456769,121.720948
1780456769,133.749796
1780456769,121.710181
1780456769,121.970213
1780456769,133.767155
1780456769,134.490298
1780456769,122.973588
1780456769,133.558008
1780456769,123.193960
1780456769,123.861176
1780456769,134.416697
1780456769,134.791694
1780456769,125.161625
1780456769,135.045813
1780456769,125.543408
1780456769,134.746822
1780456769,134.946614
1780456769,134.547162
1780456769,120.890701
1780456769,120.656382
1780456769,134.330771
1780456769,119.472147
1780456769,130.185724
1780456769,117.598643
1780456769,119.561422
1780456769,131.017970
1780456769,115.341309
1780456769,130.539840
1780456769,116.330291
1780456769,130.733797
1780456769,116.829432
1780456769,116.807558
1780456769,116.354383
1780456769,116.645574
1780456769,134.329057
1780456769,131.495825
1780456769,122.798537
1780456769,122.957104
1780456769,130.877506
1780456769,137.839695
1780456769,144.069366
1780456769,144.778001
1780456769,144.120870
1780456769,144.766200
1780456769,144.567507
1780456769,144.441228
1780456769,144.545035
1780456769,194.968639
1780456769,144.982540
1780456769,182.867664
1780456769,145.205736
1780456769,137.309155
1780456769,145.177872
1780456769,117.407860
1780456769,117.558118
1780456769,119.169582
1780456769,119.988734
1780456769,130.939014
1780456769,120.503299
1780456769,117.656495
1780456769,135.620486
1780456769,121.519218
1780456769,121.366311
1780456769,132.748053
1780456769,123.791351
1780456769,124.192996
1780456769,125.578295
1780456769,134.611902
1780456769,127.349530
1780456769,131.443375
1780456769,132.726949
1780456769,145.984122
1780456769,137.833257
1780456769,117.089497
1780456769,137.979001
1780456769,137.984250
1780456769,139.564121
1780456769,130.459072
1780456769,130.448904
1780456769,138.201279
1780456769,138.296964
1780456769,142.565163
1780456769,139.812733
1780456769,142.686650
1780456769,145.895664
1780456769,146.063097
1780456769,183.752356
1780456769,125.411056
1780456769,183.670153
1780456769,168.217453
1780456769,184.018311
1780456769,184.379153
1780456769,137.216183
1780456769,183.866154
1780456769,136.459969
1780456769,130.824024
1780456769,130.572654
1780456769,130.253665
1780456769,129.361562
1780456769,127.419985
1780456769,127.169649
1780456769,127.309968
1780456769,127.110477
1780456769,189.171316
1780456769,127.932379
1780456769,126.386494
1780456769,189.418211
1780456769,128.321552
1780456769,118.933504
1780456769,189.686096
1780456769,126.366605
1780456769,121.132093
1780456769,189.808426
1780456769,121.158923
1780456769,190.218597
1780456769,120.831380
1780456769,121.290633
1780456769,190.520782
1780456769,142.566939
1780456769,120.824183
1780456769,140.503180
1780456769,142.652803
1780456769,134.934403
1780456769,135.205541
1780456769,139.214006
1780456769,164.375545
1780456769,136.457400
1780456769,137.721481
1780456769,140.570031
1780456769,142.742177
1780456769,120.222182
1780456769,191.076987
1780456769,121.376143
1780456769,191.246838
1780456769,120.546931
1780456769,135.213621
1780456769,134.756311
1780456769,134.845025
1780456769,120.199250
1780456769,176.681514
1780456769,118.830799
1780456769,177.164734
1780456769,116.670129
1780456769,176.623944
1780456769,175.451705
1780456769,175.697811
1780456769,127.432942
1780456769,171.240608
1780456769,139.571117
1780456769,177.056831
1780456769,139.250846
1780456769,140.933812
1780456769,161.248030
1780456769,142.586018
1780456769,136.396933
1780456769,142.579402
1780456769,132.604427
1780456769,171.708956
1780456769,136.395176
1780456769,135.382949
1780456769,137.072162
1780456769,136.126354
1780456769,138.583958
1780456769,129.421132
1780456769,131.357779
1780456769,176.352400
1780456769,176.004157
1780456769,154.754495
1780456769,140.256199
1780456769,129.449149
1780456769,118.255959
1780456769,124.690647
1780456769,116.697855
1780456769,125.098305
1780456769,125.488865
1780456769,127.360332
1780456769,127.526114
1780456769,153.306848
1780456769,107.056428
1780456769,171.277571
1780456769,108.349576
1780456769,153.636460
1780456769,108.237215
1780456769,153.730813
1780456769,153.783518
1780456769,155.038837
1780456769,155.403463
1780456769,150.892504
1780456769,155.592510
1780456769,151.317925
1780456769,151.456872
1780456769,156.262730
1780456769,151.469563
1780456769,129.476789
1780456769,131.492368
1780456769,128.518480
1780456769,128.274341
1780456769,156.947142
1780456769,156.902410
1780456769,157.319888
1780456769,127.559534
1780456769,157.252222
1780456769,129.407297
1780456769,156.707650
1780456769,156.624615
1780456769,159.686006
1780456769,125.071393
1780456769,160.290949
1780456769,116.609622
1780456769,110.571505
1780456769,111.458218
1780456769,111.738337
1780456769,113.333626
1780456769,156.116006
1780456769,150.847723
1780456769,150.921145
1780456769,156.735176
1780456769,151.022737
1780456769,156.612823
1780456769,156.608090
1780456769,151.207614
1780456769,156.760365
1780456769,157.211989
1780456769,157.103829
1780456769,157.255777
1780456769,155.735275
1780456769,155.835441
1780456769,149.826806
1780456769,156.097662
1780456769,110.196979
1780456769,111.328578
1780456769,145.147302
1780456769,122.594969
1780456769,124.346115
1780456769,118.357576
1780456769,161.428688
1780456769,161.248571
1780456769,118.188729
1780456769,143.569761
1780456769,157.018689
1780456769,148.844063
1780456769,122.365604
1780456769,124.463873
1780456769,123.790239
1780456769,161.584302
1780456769,146.340965
1780456769,139.097385
1780456769,147.053037
1780456769,111.215633
1780456769,147.649763
1780456769,147.656506
1780456769,141.208474
1780456769,142.334123
1780456769,106.120607
1780456769,143.361008
1780456769,114.098424
1780456769,162.394272
1780456769,136.971568
1780456769,113.970111
1780456769,157.857934
1780456769,160.855101
1780456769,158.441203
1780456769,141.885442
1780456769,113.545873
1780456769,140.225641
1780456769,159.426597
1780456769,162.939141
1780456769,147.681812
1780456769,158.446897
1780456769,163.184154
1780456769,158.556117
1780456769,138.705764
1780456769,146.365262
1780456769,123.003121
1780456769,164.095589
1780456769,109.182214
1780456769,157.942823
1780456769,159.801547
1780456769,158.272501
1780456769,148.803484
1780456769,122.601874
1780456769,164.285933
1780456769,122.590193
1780456769,160.067005
1780456769,133.109332
1780456769,138.073802
1780456769,156.644015
1780456769,107.660570
1780456769,137.431651
1780456769,131.352544
1780456769,138.130645
1780456769,139.624408
1780456769,110.191137
1780456769,161.268921
1780456769,130.215261
1780456769,150.084789
1780456769,156.442440
1780456769,154.400604
1780456769,166.012778
1780456769,133.104256
1780456769,162.919391
1780456769,150.783846
1780456769,131.457036
1780456769,132.757580
1780456769,162.053342
1780456769,160.925812
1780456769,130.744995
1780456769,152.191193
1780456769,151.535648
1780456769,162.455433
1780456769,151.673976
1780456769,130.598997
1780456769,151.615659
1780456769,151.925682
1780456769,142.309307
1780456769,152.122146
1780456769,129.089870
1780456769,151.588920
1780456769,141.891176
1780456769,152.490994
1780456769,151.621144
1780456769,149.963964
1780456769,150.041153
1780456769,147.005147
1780456769,130.421747
1780456769,130.270094
1780456769,129.763971
1780456769,130.672104
1780456769,148.355818
1780456769,148.503524
1780456769,131.058339
1780456769,105.021327
1780456769,127.687488
1780456769,127.905898
1780456769,127.848391
1780456769,150.820188
1780456769,104.997614
1780456769,122.846627
1780456769,105.066014
1780456769,143.514586
1780456769,130.120819
1780456769,151.850099
1780456769,124.953264
1780456769,150.614603
1780456769,150.874059
1780456769,143.682283
1780456769,128.091609
1780456769,151.064652
1780456769,152.030539
1780456769,142.501375
1780456769,152.285837
1780456769,131.182872
1780456769,161.610695
1780456769,152.389473
1780456769,121.701858
1780456769,162.752726
1780456769,146.844039
1780456769,144.525360
1780456769,128.437749
1780456769,122.130378
1780456769,149.644842
1780456769,127.565949
1780456769,122.079510
1780456769,151.271281
1780456769,157.987624
1780456769,145.274369
1780456769,150.385142
1780456769,142.121905
1780456769,139.901687
1780456769,105.069155
1780456769,141.813853
1780456769,158.361696
1780456769,156.385378
1780456769,132.290071
1780456769,156.462946
1780456769,108.078039
1780456769,156.377240
1780456769,156.223153
1780456769,130.093446
1780456769,156.152254
1780456769,154.166908
1780456769,154.211594
1780456769,122.574479
1780456769,140.269358
1780456769,151.269062
1780456769,151.782433
1780456769,124.750308
1780456769,137.709180
1780456769,151.250950
1780456769,124.840559
1780456769,150.498814
1780456769,150.329438
1780456769,105.944520
1780456769,107.307983
1780456769,150.372481
1780456769,106.118605
1780456769,122.362875
1780456769,122.127914
1780456769,121.827654
1780456769,122.487245
1780456769,120.253986
1780456769,126.086565
1780456769,137.194505
1780456769,137.139347
1780456769,135.808812
1780456769,132.778470
1780456769,132.708337
1780456769,132.919604
1780456769,123.737192
1780456769,133.007234
1780456769,127.741493
1780456769,129.445511
1780456769,131.458720
1780456769,125.227070
1780456769,132.375732
1780456769,123.173422
1780456769,107.682465
1780456769,109.146441
1780456769,107.443110
1780456769,117.982971
1780456769,111.791948
1780456769,109.757634
1780456769,125.936763
1780456769,126.164065
1780456769,137.279062
1780456769,152.350670
1780456769,116.031859
1780456769,121.500979
1780456769,152.123835
1780456769,125.639140
1780456769,130.390188
1780456769,151.257860
1780456769,150.496014
1780456769,150.406111
1780456769,121.632582
1780456769,151.263853
1780456769,152.084165
1780456769,151.466753
1780456769,150.032667
1780456769,151.637751
1780456769,150.464203
1780456769,150.497763
1780456769,115.133865
1780456769,150.363939
1780456769,110.581374
1780456769,149.954900
1780456769,112.651359
1780456769,138.441637
1780456769,138.142384
1780456769,138.525406
1780456769,138.261495
1780456769,136.905614
1780456769,137.872033
1780456769,110.373669
1780456769,110.226183
1780456769,108.096877
1780456769,148.461995
1780456769,147.940060
1780456769,150.768093
1780456769,108.216535
1780456769,148.021360
1780456769,160.532815
1780456769,148.063828
1780456769,107.224455
1780456769,107.457228
1780456769,162.136964
1780456769,135.175874
1780456769,162.033624
1780456769,135.595553
1780456769,108.159007
1780456769,162.012111
1780456769,162.145207
1780456769,106.767681
1780456769,160.593556
1780456769,107.577328
1780456769,148.597913
1780456769,134.067253
1780456769,146.756571
1780456769,130.767505
1780456769,130.417868
1780456769,130.399001
1780456769,131.379265
1780456769,126.458884
1780456769,131.665871
1780456769,130.545927
1780456769,125.804548
1780456769,120.140922
1780456769,123.496356
1780456769,121.550712
1780456769,125.193320
1780456769,125.449230
1780456769,129.499065
1780456769,129.479924
1780456769,125.372988
1780456769,124.339239
1780456769,131.063928
1780456769,108.625844
1780456769,126.481018
1780456769,134.636481
1780456769,139.012984
1780456769,139.069636
1780456769,139.277708
1780456769,138.802078
1780456769,115.473149
1780456769,139.633404
1780456769,114.539399
1780456769,115.056917
1780456769,140.005343
1780456769,114.416879
1780456769,158.350386
1780456769,153.766528
1780456769,153.338493
1780456769,150.342841
1780456769,151.607598
1780456769,153.845635
1780456769,154.670917
1780456769,148.241870
1780456769,153.777230
1780456769,153.602603
1780456769,154.172797
1780456769,149.208229
1780456769,159.551546
1780456769,150.483035
1780456769,153.434446
1780456769,111.480518
1780456769,153.978613
1780456769,138.845858
1780456769,159.414921
1780456769,159.782884
1780456769,111.669945
1780456769,138.812128
1780456769,153.453059
1780456769,139.008399
1780456769,154.132384
1780456769,128.470888
1780456769,154.672672
1780456769,127.725231
1780456769,128.369264
1780456769,170.420792
1780456769,110.423723
1780456769,122.850576
1780456769,126.213112
1780456769,167.959565
1780456769,126.366538
1780456769,110.019425
1780456769,110.271185
1780456769,173.544802
1780456769,169.309920
1780456769,110.402241
1780456769,109.528992
1780456769,169.624262
1780456769,136.979322
1780456769,109.808090
1780456769,110.026143
1780456769,110.081935
1780456769,109.201836
1780456769,170.313053
1780456769,109.796991
1780456769,110.763127
1780456769,150.974671
1780456769,114.152348
1780456769,114.089974
1780456769,166.101918
1780456769,169.042842
1780456769,113.221697
1780456769,169.488162
1780456769,162.999543
1780456769,152.743269
1780456769,111.901809
1780456769,151.658094
1780456769,169.024431
1780456769,165.967364
1780456769,109.550881
1780456769,108.061840
1780456769,139.095941
1780456769,108.929457
1780456769,168.846712
1780456769,139.496194
1780456769,168.842013
1780456769,114.234758
1780456769,113.847362
1780456769,177.414074
1780456769,171.116481
1780456769,166.761309
1780456769,114.317901
1780456769,176.977540
1780456769,114.337360
1780456769,166.092015
1780456769,167.394904
1780456769,114.304550
1780456769,114.513397
1780456769,169.724660
1780456769,114.674180
1780456769,166.000363
1780456769,171.053338
1780456769,110.462845
1780456769,173.682997
1780456769,175.091149
1780456769,114.746605
1780456769,110.732355
1780456769,172.513213
1780456769,175.780037
1780456769,111.233630
1780456769,111.494378
1780456769,177.314204
1780456769,171.201913
1780456769,111.283988
1780456769,165.802342
1780456769,165.678032
1780456769,157.766997
1780456769,112.325390
1780456769,137.824929
1780456769,115.187429
1780456769,115.613724
1780456769,115.262951
1780456769,158.644828
1780456769,115.192907
1780456769,163.534731
1780456769,115.196995
1780456769,112.759997
1780456769,162.679002
1780456769,163.312837
1780456769,172.536140
1780456769,162.305848
1780456769,111.070791
1780456769,163.532654
1780456769,138.277422
1780456769,143.413188
1780456769,113.857291
1780456769,113.181629
1780456769,163.609988
1780456769,137.628301
1780456769,113.216372
1780456769,144.339933
1780456769,144.299394
1780456769,108.611915
1780456769,109.544807
1780456769,109.463501
1780456769,108.890085
1780456769,174.188442
1780456769,174.399254
1780456769,106.618526
1780456769,109.610124
1780456769,161.935672
1780456769,174.318750
1780456769,162.150410
1780456769,162.247761
1780456769,174.344055
1780456769,164.592412
1780456769,163.526439
1780456769,163.683169
1780456769,163.648636
1780456769,175.573903
1780456769,166.186518
1780456769,172.131053
1780456769,172.237665
1780456769,171.864152
1780456769,171.455282
1780456769,173.372568
1780456769,156.507994
1780456769,169.453472
1780456769,140.284175
1780456769,175.697927
1780456769,172.802435
1780456769,169.783535
1780456769,165.532698
1780456769,165.011814
1780456769,165.651695
1780456769,170.850596
1780456769,171.383129
1780456769,164.556051
1780456769,173.349127
1780456769,165.889411
1780456769,140.657725
1780456769,110.681597
1780456769,164.788432
1780456769,170.772764
1780456769,110.905991
1780456769,119.503671
1780456769,164.373590
1780456769,119.014283
1780456769,164.741889
1780456769,171.425100
1780456769,163.844253
1780456769,160.750723
1780456769,152.045158
1780456769,157.768661
1780456769,171.659124
1780456769,172.105465
1780456769,161.201104
1780456769,164.992273
1780456769,138.124958
1780456769,164.185319
1780456769,166.701928
1780456769,168.311779
1780456769,151.908640
1780456769,170.854705
1780456769,157.949501
1780456769,169.706053
1780456769,156.727928
1780456769,167.738825
1780456769,152.116501
1780456769,167.771938
1780456769,148.314370
1780456769,161.102476
1780456769,152.435162
1780456769,121.444040
1780456769,161.220362
1780456769,123.501834
1780456769,153.375352
1780456769,166.927646
1780456769,127.536041
1780456769,159.414410
1780456769,140.059361
1780456769,126.613686
1780456769,159.957560
1780456769,153.361589
1780456769,149.262597
1780456769,126.865025
1780456769,122.910494
1780456769,153.953810
1780456769,150.044031
1780456769,149.913002
1780456769,123.867382
1780456769,149.308907
1780456769,124.230030
1780456769,124.836186
1780456769,123.683091
1780456769,141.475860
1780456769,124.754198
1780456769,157.893148
1780456769,141.424481
1780456769,143.122043
1780456769,156.808777
1780456769,123.347596
1780456769,124.707329
1780456769,156.915903
1780456769,125.186702
1780456769,169.848083
1780456769,167.984266
1780456769,164.645414
1780456769,140.876119
1780456769,124.068722
1780456769,152.498815
1780456769,145.346216
1780456769,156.079912
1780456769,119.745912
1780456769,161.282711
1780456769,152.809064
1780456769,119.884082
1780456769,122.418100
1780456769,142.410001
1780456769,155.526114
1780456769,156.041469
1780456769,120.083703
1780456769,141.586303
1780456769,149.938430
1780456769,120.673222
1780456769,164.131542
1780456769,151.414585
1780456769,120.402500
1780456769,141.992685
1780456769,154.350359
1780456769,162.570011
1780456769,120.695047
1780456769,153.788005
1780456769,160.968503
1780456769,149.979365
1780456769,163.142640
1780456769,121.760241
1780456769,120.749474
1780456769,150.354612
1780456769,157.659900
1780456769,157.180690
1780456769,149.908247
1780456769,119.365460
1780456769,156.996989
1780456769,152.127699
1780456769,126.948870
1780456769,152.002941
1780456769,126.828309
1780456769,148.461795
1780456769,135.426296
1780456769,126.963594
1780456769,141.837130
1780456769,142.476701
1780456769,118.694359
1780456769,118.684259
1780456769,151.418688
1780456769,151.953409
1780456769,128.919990
1780456769,139.705856
1780456769,142.177380
1780456769,149.268381
1780456769,127.319023
1780456769,141.866045
1780456769,143.420143
1780456769,135.983335
1780456769,136.203561
1780456769,129.642738
1780456769,140.640555
1780456769,133.972882
1780456769,120.300679
1780456769,133.756654
1780456769,155.633964
1780456769,155.685841
1780456769,133.910455
1780456769,130.506724
1780456769,133.821827
1780456769,133.711300
1780456769,133.824876
1780456769,133.201673
1780456769,116.672292
1780456769,130.268004
1780456769,130.478159
1780456769,130.549303
1780456769,136.719964
1780456769,133.646606
1780456769,130.102133
1780456769,134.208156
1780456769,125.489715
1780456769,130.975458
1780456769,125.975136
1780456769,130.611879
1780456769,129.811712
1780456769,125.912965
1780456769,126.017453
1780456769,136.147210
1780456769,125.517831
1780456769,131.982707
1780456769,131.120997
1780456769,134.659211
1780456769,113.050164
1780456769,129.872823
1780456769,131.206997
1780456769,126.274280
1780456769,112.880244
1780456769,132.129082
1780456769,115.649101
1780456769,107.570364
1780456769,135.471785
1780456769,124.421874
1780456769,132.412929
1780456769,130.479392
1780456769,130.595508
1780456769,123.624866
1780456769,132.336269
1780456769,138.840564
1780456769,137.645897
1780456769,127.929592
1780456769,125.011634
1780456769,125.122178
1780456769,134.995920
1780456769,135.299293
1780456769,133.472045
1780456769,116.618463
1780456769,135.343142
1780456769,133.729892
1780456769,135.047910
1780456769,121.501051
1780456769,116.516446
1780456769,117.217862
1780456769,135.236826
1780456769,116.536720
1780456769,126.021645
1780456769,135.635098
1780456769,139.611429
1780456769,140.940661
1780456769,135.647998
1780456769,126.393381
1780456769,135.048058
1780456769,131.883681
1780456769,141.130923
1780456769,117.257169
1780456769,116.877286
1780456769,116.848382
1780456769,117.104831
1780456769,126.695919
1780456769,126.870973
1780456769,114.758667
1780456769,132.618221
1780456769,130.678902
1780456769,114.874443
1780456769,118.315930
1780456769,130.505684
1780456769,130.789065
1780456769,114.123421
1780456769,114.585500
1780456769,114.619731
1780456769,114.877357
1780456769,114.758545
1780456769,128.133714
1780456769,114.959852
1780456769,128.033511
1780456769,117.411347
1780456769,110.977841
1780456769,109.429879
1780456769,108.321547
1780456769,120.505488
1780456769,113.787249
1780456769,117.421286
1780456769,110.700868
1780456769,121.170901
1780456769,119.659616
1780456769,113.336215
1780456769,116.901303
1780456769,121.421536
1780456769,121.773805
1780456769,121.117062
1780456769,130.521263
1780456769,129.963281
1780456769,130.519895
1780456769,121.864907
1780456769,122.789441
1780456769,110.986357
1780456769,130.636955
1780456769,111.237295
1780456769,135.699322
1780456769,123.590869
1780456769,123.879695
1780456769,120.941617
1780456769,136.551244
1780456769,133.717530
1780456769,124.480029
1780456769,134.085365
1780456769,125.748462
1780456769,125.604089
1780456769,135.058135
1780456769,134.444672
1780456769,126.808114
1780456769,118.269686
1780456769,115.408064
1780456769,118.992901
1780456769,123.633246
1780456769,124.001648
1780456769,124.334840
1780456769,127.839857
1780456769,128.363100
1780456769,129.096394
1780456769,129.288604
1780456769,129.397070
1780456769,119.743234
1780456769,120.004375
1780456769,123.839988
1780456769,121.942467
1780456769,121.552134
1780456769,121.764517
1780456769,128.450118
1780456769,122.006063
1780456769,128.094047
1780456769,131.595393
1780456769,119.389942
1780456769,138.551378
1780456769,139.634658
1780456769,126.965319
1780456769,129.236796
1780456769,129.233373
1780456769,142.347253
1780456769,141.979539
1780456769,129.370007
1780456769,112.222925
1780456769,142.177232
1780456769,142.316687
1780456769,143.077586
1780456769,119.283031
1780456769,120.517971
1780456769,120.724378
1780456769,121.144890
1780456769,125.170245
1780456769,141.003678
1780456769,128.942149
1780456769,130.317084
1780456769,132.641414
1780456769,127.944726
1780456769,129.926345
1780456769,130.366193
1780456769,135.693414
1780456769,135.808306
1780456769,137.005767
1780456769,132.040033
1780456769,137.138877
1780456769,132.745309
1780456769,135.675006
1780456769,122.753847
1780456769,125.174704
1780456769,123.460882
1780456769,112.558288
1780456769,133.413027
1780456769,134.001993
1780456769,134.108308
1780456769,136.305379
1780456769,123.733357
1780456769,125.217122
1780456769,137.719198
1780456769,136.466474
1780456769,140.260850
1780456769,128.997825
1780456769,130.147119
1780456769,131.605001
1780456769,145.045504
1780456769,135.015245
1780456769,145.576653
1780456769,136.326312
1780456769,147.319705
1780456769,134.865581
1780456769,134.866449
1780456769,148.839334
1780456769,135.580105
1780456769,135.761148
1780456769,135.646608
1780456769,140.303988
1780456769,148.670496
1780456769,155.713181
1780456769,186.741117
1780456769,188.675935
1780456769,194.118057
1780456769,210.935505
1780456769,200.459954
1780456769,206.223411
1780456769,214.394505
1780456769,214.830568
1780456769,215.134523
1780456769,214.991320
1780456769,215.245304
1780456769,215.460923
1780456769,215.789087
1780456769,174.822848
1780456769,228.331987
1780456769,215.995270
1780456769,215.731639
1780456769,228.505088
1780456769,230.306048
1780456769,215.916347
1780456769,216.099979
1780456769,238.163261
1780456769,216.222218
1780456769,238.273005
1780456769,216.188888
1780456769,240.469900
1780456769,240.619354
1780456769,240.639188
1780456769,240.638401
1780456769,240.783549
1780456769,242.132898
1780456769,178.100311
1780456769,240.955242
1780456769,177.966086
1780456769,246.543757
1780456769,178.226420
1780456769,243.202846
1780456769,178.002893
1780456769,242.315527
1780456769,175.660003
1780456769,237.217527
1780456769,178.105493
1780456769,246.418678
1780456769,178.902541
1780456769,237.388525
1780456769,179.259567
1780456769,244.688379
1780456769,178.945865
1780456769,204.982567
1780456769,205.363009
1780456769,179.865820
1780456769,207.361033
1780456769,179.637036
1780456769,207.684903
1780456769,180.091125
1780456769,180.126691
1780456769,180.635000
1780456769,180.969423
1780456769,181.349308
1780456769,209.834832
1780456769,216.970069
1780456769,181.702204
1780456769,213.470357
1780456769,182.103327
1780456769,182.224164
1780456769,217.564003
1780456769,182.486791
1780456769,215.710015
1780456769,182.879485
1780456769,220.245541
1780456769,183.131062
1780456769,222.297701
1780456769,183.567276
1780456769,216.337470
1780456769,220.839005
1780456769,188.330499
1780456769,222.720688
1780456769,188.603167
1780456769,218.254933
1780456769,183.563272
1780456769,223.235792
1780456769,189.092445
1780456769,223.970003
1780456769,189.341064
1780456769,224.987760
1780456769,189.393437
1780456769,229.090471
1780456769,189.653270
1780456769,225.298217
1780456769,188.873465
1780456769,227.092375
1780456769,188.781399
1780456769,191.032623
1780456769,191.323814
1780456769,191.607843
1780456769,191.454569
1780456769,194.075722
1780456769,183.527122
1780456769,191.982399
1780456769,184.177019
1780456769,193.412240
1780456769,183.688154
1780456769,194.731889
1780456769,184.729907
1780456769,194.294900
1780456769,184.759718
1780456769,192.970662
1780456769,184.674388
1780456769,195.406203
1780456769,185.458755
1780456769,193.638385
1780456769,185.484175
1780456769,195.306316
1780456769,186.177622
1780456769,195.925665
1780456769,185.370237
1780456769,192.844755
1780456769,185.766902
1780456769,196.663217
1780456769,186.653919
1780456769,181.858393
1780456769,186.455286
1780456769,187.443768
1780456769,186.928418
1780456769,198.192753
1780456769,187.143403
1780456769,198.696992
1780456769,182.954952
1780456769,198.052838
1780456769,187.938364
1780456769,200.250149
1780456769,183.360625
1780456769,199.122176
1780456769,188.957700
1780456769,198.340506
1780456769,188.938961
1780456769,199.695362
1780456769,192.294825
1780456769,201.818938
1780456769,195.446173
1780456769,199.960610
1780456769,195.860342
1780456769,199.178577
1780456769,196.235592
1780456769,190.488076
1780456769,202.715102
1780456769,190.639529
1780456769,202.590737
1780456769,187.974095
1780456769,216.382423
1780456769,191.178462
1780456769,216.545890
1780456769,191.514706
1780456769,216.785149
1780456769,191.930855
1780456769,216.773970
1780456769,189.653402
1780456769,202.666260
1780456769,192.258631
1780456769,217.510487
1780456769,190.199931
1780456769,218.915451
1780456769,204.276126
1780456769,203.667016
1780456769,224.239959
1780456769,239.375996
1780456769,205.085514
1780456769,228.673146
1780456769,220.729609
1780456769,224.924110
1780456769,206.519994
1780456769,225.643427
1780456769,207.501080
1780456769,226.686411
1780456769,207.557537
1780456769,227.526757
1780456769,208.597637
1780456769,228.079928
1780456769,228.375769
1780456769,208.919857
1780456769,230.595782
1780456769,243.812783
1780456769,230.610863
1780456769,246.043291
1780456769,234.127983
1780456769,247.488723
1780456769,224.746469
1780456769,198.672557
1780456769,196.588029
1780456769,237.460978
1780456769,237.512367
1780456769,252.167289
1780456769,228.779690
1780456769,225.969996
1780456769,228.142873
1780456769,227.614357
1780456769,235.126023
1780456769,242.976010
1780456769,256.707083
1780456769,221.350711
1780456769,221.737267
1780456769,222.400693
1780456769,221.260770
1780456769,221.099443
1780456769,221.968479
1780456769,222.734975
1780456769,238.578237
1780456769,226.375635
1780456769,245.858684
1780456769,237.273771
1780456769,237.426377
1780456769,241.847588
1780456769,247.039099
1780456769,250.211031
1780456769,262.513943
1780456769,250.172864
1780456769,262.838164
1780456769,202.742308
1780456769,252.048768
1780456769,252.266320
1780456769,194.039669
1780456769,227.169268
1780456769,215.854284
1780456769,216.063585
1780456769,216.938736
1780456769,191.917704
1780456769,216.982018
1780456769,192.418017
1780456769,217.212597
1780456769,194.489472
1780456769,221.761070
1780456769,194.643323
1780456769,219.065309
1780456769,192.789794
1780456769,222.101791
1780456769,227.840827
1780456769,222.274118
1780456769,222.412112
1780456769,222.430220
1780456769,222.570902
1780456769,193.075351
1780456769,222.616622
1780456769,222.726690
1780456769,216.177721
1780456769,221.698315
1780456769,223.046126
1780456769,222.103269
1780456769,223.058243
1780456769,223.217152
1780456769,223.372318
1780456769,223.495810
1780456769,223.583253
1780456769,225.624632
1780456769,225.288838
1780456769,226.057841
1780456769,197.280114
1780456769,197.479578
1780456769,197.574850
1780456769,226.336850
1780456769,226.580845
1780456769,198.045669
1780456769,206.830087
1780456769,227.123282
1780456769,228.056338
1780456769,228.375735
1780456769,200.336134
1780456769,229.874207
1780456769,230.250035
1780456769,230.615813
1780456769,231.062727
1780456769,230.421623
1780456769,230.013486
1780456769,209.422955
1780456769,232.156025
1780456769,210.130789
1780456769,232.709236
1780456769,210.686664
1780456769,233.330037
1780456769,231.974136
1780456769,234.077273
1780456769,210.919917
1780456769,233.544656
1780456769,213.214812
1780456769,211.658230
1780456769,234.417170
1780456769,211.743624
1780456769,211.455241
1780456769,212.109599
1780456769,211.381596
1780456769,225.381398
1780456769,234.583780
1780456769,232.340590
1780456769,234.661653
1780456769,139.456308
1780456769,233.535847
1780456769,104.722619
1780456769,189.629662
1780456769,108.578608
1780456769,196.332541
1780456769,107.696866
1780456769,198.467294
1780456769,140.710019
1780456769,198.546931
1780456769,110.888310
1780456769,198.633614
1780456769,189.920350
1780456769,212.058863
1780456769,110.880736
1780456769,220.619052
1780456769,111.176225
1780456769,193.779920
1780456769,111.153590
1780456769,194.053489
1780456769,111.616143
1780456769,193.140664
1780456769,112.025512
1780456769,199.766835
1780456769,107.722471
1780456769,193.306713
1780456769,150.623613
1780456769,220.860769
1780456769,140.451025
1780456769,199.393058
1780456769,111.579407
1780456769,221.077778
1780456769,111.953632
1780456769,199.536962
1780456769,111.773161
1780456769,201.545341
1780456769,141.360224
1780456769,195.933838
1780456769,170.108950
1780456769,199.828412
1780456769,170.297717
1780456769,199.839800
1780456769,170.137609
1780456769,221.418589
1780456769,170.999663
1780456769,196.257589
1780456769,195.305701
1780456769,221.878020
1780456769,195.336693
1780456769,196.352613
1780456769,181.635180
1780456769,222.056304
1780456769,169.437192
1780456769,207.920023
1780456769,171.109951
1780456769,225.841877
1780456769,170.452786
1780456769,199.678022
1780456769,195.937867
1780456769,228.250007
1780456769,170.662597
1780456769,199.890735
1780456769,170.688318
1780456769,228.393183
1780456769,178.599688
1780456769,222.196807
1780456769,178.289040
1780456769,203.752170
1780456769,194.619957
1780456769,203.978635
1780456769,170.699664
1780456769,203.855627
1780456769,170.915048
1780456769,197.052465
1780456769,170.981359
1780456769,208.309464
1780456769,222.639273
1780456769,178.934778
1780456769,208.417410
1780456769,170.900372
1780456769,222.744326
1780456769,178.756783
1780456769,191.161946
1780456769,196.408931
1780456769,196.344511
1780456769,222.906615
1780456769,197.535063
1780456769,196.416721
1780456769,195.067921
1780456769,196.911621
1780456769,196.564208
1780456769,195.340553
1780456769,194.476666
1780456769,175.994560
1780456769,176.095978
1780456769,223.123296
1780456769,176.182742
1780456769,204.493614
1780456769,176.082908
1780456769,204.656330
1780456769,176.315513
1780456769,229.334989
1780456769,176.228994
1780456769,223.410739
1780456769,176.081902
1780456769,200.878021
1780456769,196.912834
1780456769,229.534738
1780456769,197.003781
1780456769,229.588329
1780456769,194.781372
1780456769,209.012213
1780456769,197.327285
1780456769,205.053312
1780456769,202.894485
1780456769,197.337513
1780456769,215.419144
1780456769,179.328953
1780456769,229.825524
1780456769,179.481841
1780456769,229.911279
1780456769,179.368517
1780456769,213.499937
1780456769,182.747940
1780456769,179.749474
1780456769,203.142149
1780456769,179.422479
1780456769,213.650720
1780456769,161.536665
1780456769,209.262374
1780456769,143.089657
1780456769,205.285994
1780456769,191.753646
1780456769,224.031864
1780456769,143.505921
1780456769,171.947363
1780456769,221.173129
1780456769,191.915985
1780456769,213.755958
1780456769,153.846927
1780456769,224.295724
1780456769,165.110550
1780456769,224.300300
1780456769,155.602399
1780456769,201.294331
1780456769,155.701570
1780456769,201.083384
1780456769,157.600776
1780456769,224.522981
1780456769,157.786157
1780456769,224.164085
1780456769,163.199686
1780456769,225.213691
1780456769,163.260842
1780456769,222.213706
1780456769,154.544989
1780456769,222.452075
1780456769,155.598302
1780456769,180.204739
1780456769,158.057575
1780456769,184.121123
1780456769,172.938674
1780456769,187.787168
1780456769,155.791990
1780456769,189.081370
1780456769,157.176502
1780456769,192.255191
1780456769,157.471386
1780456769,197.360559
1780456769,157.649731
1780456769,195.780801
1780456769,169.999143
1780456769,195.923865
1780456769,158.743327
1780456769,198.124711
1780456769,157.550253
1780456769,196.647861
1780456769,159.505300
1780456769,198.237749
1780456769,170.409508
1780456769,183.689285
1780456769,159.613494
1780456769,196.922188
1780456769,159.679508
1780456769,184.204037
1780456769,170.680948
1780456769,196.845590
1780456769,159.367446
1780456769,198.684107
1780456769,197.261575
1780456769,159.936141
1780456769,159.910143
1780456769,184.390651
1780456769,197.026492
1780456769,156.381196
1780456769,198.969028
1780456769,160.116883
1780456769,198.974107
1780456769,155.848196
1780456769,198.964798
1780456769,156.196162
1780456769,199.254192
1780456769,159.601321
1780456769,198.718017
1780456769,177.748179
1780456769,199.217737
1780456769,165.998886
1780456769,199.301710
1780456769,177.958102
1780456769,199.457086
1780456769,198.826177
1780456769,199.816205
1780456769,189.760632
1780456769,189.902634
1780456769,199.935062
1780456769,190.009295
1780456769,197.592510
1780456769,166.987561
1780456769,203.535235
1780456769,190.128638
1780456769,202.482077
1780456769,193.165913
1780456769,188.529987
1780456769,184.623142
1780456769,197.554606
1780456769,161.625583
1780456769,197.471804
1780456769,181.434661
1780456769,197.955100
1780456769,161.512544
1780456769,199.222520
1780456769,162.027274
1780456769,199.783979
1780456769,162.396631
1780456769,200.285762
1780456769,162.368820
1780456769,200.369905
1780456769,168.837455
1780456769,193.591402
1780456769,162.712697
1780456769,200.116463
1780456769,171.968255
1780456769,198.165495
1780456769,170.856151
1780456769,223.074339
1780456769,185.143494
1780456769,144.872360
1780456769,144.617242
1780456769,185.212334
1780456769,145.841720
1780456769,185.286328
1780456769,170.136995
1780456769,146.419857
1780456769,194.353442
1780456769,146.567929
1780456769,185.555217
1780456769,146.543756
1780456769,185.555784
1780456769,146.732569
1780456769,164.772241
1780456769,148.578587
1780456769,165.840269
1780456769,141.511268
1780456769,166.827235
1780456769,149.929743
1780456769,141.829226
1780456769,142.169973
1780456769,150.766397
1780456769,142.440001
1780456769,149.385314
1780456769,166.263016
1780456769,148.944033
1780456769,151.298766
1780456769,142.694392
1780456769,167.156457
1780456769,142.556236
1780456769,152.910312
1780456769,143.112230
1780456769,155.507960
1780456769,143.430634
1780456769,152.109957
1780456769,143.829660
1780456769,152.462329
1780456769,155.163763
1780456769,144.118029
1780456769,167.994897
1780456769,144.533696
1780456769,155.016685
1780456769,144.824455
1780456769,155.233301
1780456769,145.105227
1780456769,169.033273
1780456769,145.352296
1780456769,156.491310
1780456769,145.622570
1780456769,155.608255
1780456769,165.681422
1780456769,175.051562
1780456769,158.188038
1780456769,155.089505
1780456769,156.107321
1780456769,167.828231
1780456769,156.539076
1780456769,170.673871
1780456769,156.855213
1780456769,157.755942
1780456769,158.528333
1780456769,171.914694
1780456769,157.520178
1780456769,234.621333
1780456769,224.786379
1780456769,151.281518
1780456769,129.065050
1780456769,139.222081
1780456769,139.697957
1780456769,139.729143
1780456769,165.233376
1780456769,140.109444
1780456769,140.487317
1780456769,141.027431
1780456769,141.331862
1780456769,165.349506
1780456769,166.609662
1780456769,141.924539
1780456769,130.787240
1780456769,139.063680
1780456769,130.778217
1780456769,166.920344
1780456769,131.332012
1780456769,139.458554
1780456769,131.586700
1780456769,167.176133
1780456769,131.513719
1780456769,142.446184
1780456769,142.704910
1780456769,132.038975
1780456769,111.989285
1780456769,132.348241
1780456769,166.514566
1780456769,132.092898
1780456769,141.652981
1780456769,132.825873
1780456769,169.660383
1780456769,142.081671
1780456769,142.264779
1780456769,169.446375
1780456769,169.625631
1780456769,170.759725
1780456769,172.664167
1780456769,170.394782
1780456769,145.186949
1780456769,143.914864
1780456769,170.725280
1780456769,144.387810
1780456769,133.351288
1780456769,144.615312
1780456769,134.105385
1780456769,134.522462
1780456769,144.997085
1780456769,166.129228
1780456769,145.362687
1780456769,145.758479
1780456769,135.063423
1780456769,145.786885
1780456769,133.980697
1780456769,146.196587
1780456769,166.307371
1780456769,146.336307
1780456769,136.185013
1780456769,146.315835
1780456769,136.420710
1780456769,148.980813
1780456769,136.765031
1780456769,146.660382
1780456769,137.183915
1780456769,121.074262
1780456769,146.581509
1780456769,121.615300
1780456769,146.650757
1780456769,122.955432
1780456769,146.617498
1780456769,123.142379
1780456769,173.548919
1780456769,151.488887
1780456769,147.021596
1780456769,122.731553
1780456769,147.271700
1780456769,123.625226
1780456769,129.880588
1780456769,163.294699
1780456769,163.687629
1780456769,123.743485
1780456769,129.376471
1780456769,123.239968
1780456769,130.134837
1780456769,123.740984
1780456769,129.213231
1780456769,124.380082
1780456769,165.367443
1780456769,123.630735
1780456769,129.719516
1780456769,121.816860
1780456769,129.354717
1780456769,122.364114
1780456769,129.828617
1780456769,123.602130
1780456769,154.115703
1780456769,124.143035
1780456769,130.595950
1780456769,124.353382
1780456769,130.660817
1780456769,124.157675
1780456769,131.276336
1780456769,153.993124
1780456769,131.077225
1780456769,124.872757
1780456769,154.466901
1780456769,124.208626
1780456769,131.674090
1780456769,128.734896
1780456769,131.742985
1780456769,164.010890
1780456769,131.147480
1780456769,128.583077
1780456769,132.113752
1780456769,154.765902
1780456769,133.043704
1780456769,168.101213
1780456769,112.787130
1780456769,113.152872
1780456769,152.524729
1780456769,134.820403
1780456769,114.786078
1780456769,153.836281
1780456769,114.999329
1780456769,123.222534
1780456769,115.427457
1780456769,120.525362
1780456769,114.556283
1780456769,120.161861
1780456769,115.418632
1780456769,124.136367
1780456769,115.728274
1780456769,163.982123
1780456769,119.130173
1780456769,124.326552
1780456769,124.416154
1780456769,113.286833
1780456769,124.505142
1780456769,117.083276
1780456769,124.595647
1780456769,113.641068
1780456769,123.531997
1780456769,117.120510
1780456769,120.054995
1780456769,114.303629
1780456769,153.379817
1780456769,114.618075
1780456769,120.436987
1780456769,114.559479
1780456769,153.568551
1780456769,153.185311
1780456769,153.718517
1780456769,115.601236
1780456769,117.723054
1780456769,118.476150
1780456769,117.642366
1780456769,119.490230
1780456769,117.515912
1780456769,119.861733
1780456769,116.438385
1780456769,120.023131
1780456769,116.784541
1780456769,118.074129
1780456769,117.081667
1780456769,121.697001
1780456769,121.437572
1780456769,118.454342
1780456769,123.530011
1780456769,116.416101
1780456769,109.160669
1780456769,107.534272
1780456769,107.838782
1780456769,112.397018
1780456769,112.693820
1780456769,112.264610
1780456769,109.991057
1780456769,107.610467
1780456769,114.389847
1780456769,114.373097
1780456769,147.242330
1780456769,113.241366
1780456769,164.641544
1780456769,112.157735
1780456769,147.214551
1780456769,109.113883
1780456769,108.719481
1780456769,112.204167
1780456769,115.303651
1780456769,114.268150
1780456769,115.385396
1780456769,113.619628
1780456769,131.833690
1780456769,115.789980
1780456769,114.555207
1780456769,115.692132
1780456769,116.399151
1780456769,106.049935
1780456769,105.503837
1780456769,116.789226
1780456769,116.720963
1780456769,108.964139
1780456769,116.027129
1780456769,134.406958
1780456769,133.858835
1780456769,134.392523
1780456769,139.025440
1780456769,105.895073
1780456769,117.880947
1780456769,138.871675
1780456769,108.138461
1780456769,168.540706
1780456769,109.218861
1780456769,168.865667
1780456769,169.359559
1780456769,117.288171
1780456769,109.110042
1780456769,117.420672
1780456769,118.125181
1780456769,118.203968
1780456769,105.938472
1780456769,104.937404
1780456769,106.233984
1780456769,105.681604
1780456769,115.162278
1780456769,106.650545
1780456769,117.878456
1780456769,111.390751
1780456769,113.907786
1780456769,133.946380
1780456769,109.564943
1780456769,117.732972
1780456769,109.815610
1780456769,170.781398
1780456769,110.910470
1780456769,118.092278
1780456769,105.170315
1780456769,105.672902
1780456769,104.859120
1780456769,105.295986
1780456769,134.120519
1780456769,105.145935
1780456769,104.870547
1780456769,104.877893
1780456769,104.664918
1780456769,148.304831
1780456769,104.325357
1780456769,118.400116
1780456769,118.851246
1780456769,118.969033
1780456769,118.309707
1780456769,119.052954
1780456769,119.237995
1780456769,119.191802
1780456769,111.569529
1780456769,118.205707
1780456769,153.732736
1780456769,118.084181
1780456769,138.430428
1780456769,119.357508
1780456769,117.874392
1780456769,117.425834
1780456769,117.420832
1780456769,150.561981
1780456769,150.396541
1780456769,150.055100
1780456769,150.629161
1780456769,119.660687
1780456769,139.377685
1780456769,118.100353
1780456769,145.172951
1780456769,119.328696
1780456769,117.483868
1780456769,139.694086
1780456769,144.537020
1780456769,138.783143
1780456769,116.082473
1780456769,115.292343
1780456769,144.630993
1780456769,109.752587
1780456769,137.424463
1780456769,103.020310
1780456769,109.225307
1780456769,108.599868
1780456769,108.603525
1780456769,103.411389
1780456769,137.923988
1780456769,103.732802
1780456769,139.275105
1780456769,137.127145
1780456769,138.483325
1780456769,133.535216
1780456769,138.518418
1780456769,136.644202
1780456769,135.787946
1780456769,102.618395
1780456769,102.653098
1780456769,103.314913
1780456769,103.772534
1780456769,103.674936
1780456769,134.427215
1780456769,103.722026
1780456769,103.405258
1780456769,133.152388
1780456769,103.534154
1780456769,104.689563
1780456769,104.507096
1780456769,106.388785
1780456769,141.276234
1780456769,102.497098
1780456769,106.364006
1780456769,104.444709
1780456769,106.619031
1780456769,141.393100
1780456769,106.622780
1780456769,103.974713
1780456769,107.006007
1780456769,139.346935
1780456769,140.472852
1780456769,107.066418
1780456769,107.103426
1780456769,106.665179
1780456769,106.744116
1780456769,137.373045
1780456769,106.475873
1780456769,103.360558
1780456769,139.049267
1780456769,107.200218
1780456769,104.359690
1780456769,107.907294
1780456769,103.716185
1780456769,107.962234
1780456769,146.661005
1780456769,107.635336
1780456769,138.674163
1780456769,108.341423
1780456769,140.893278
1780456769,108.004343
1780456769,107.844811
1780456769,141.057416
1780456769,108.667528
1780456769,104.786160
1780456769,108.278875
1780456769,108.138065
1780456769,108.369025
1780456769,104.308451
1780456769,108.203742
1780456769,104.364214
1780456769,140.088051
1780456769,108.357239
1780456769,104.387701
1780456769,145.987195
1780456769,108.236599
1780456769,108.093818
1780456769,107.493311
1780456769,104.337623
1780456769,146.103504
1780456769,143.140611
1780456769,104.826513
1780456769,145.818575
1780456769,143.211851
1780456769,105.487904
1780456769,105.559668
1780456769,143.255276
1780456769,105.482885
1780456769,138.207460
1780456769,138.520466
1780456769,137.725505
1780456769,136.410319
1780456769,136.094639
1780456769,134.462482
1780456769,142.482492
1780456769,142.520370
1780456769,136.212366
1780456769,142.741122
1780456769,136.747315
1780456769,132.904793
1780456769,137.691490
1780456769,143.404387
1780456769,143.706511
1780456769,136.817930
1780456769,144.894858
1780456769,141.176682
1780456769,139.533915
1780456769,134.946146
1780456769,136.177706
1780456769,136.614135
1780456769,135.960167
1780456769,131.766777
1780456769,121.446695
1780456769,146.432338
1780456769,124.942032
1780456769,134.910261
1780456769,124.612019
1780456769,146.401840
1780456769,124.983871
1780456769,142.861757
1780456769,125.512522
1780456769,132.100829
1780456769,142.997696
1780456769,124.225914
1780456769,164.210039
1780456769,135.696691
1780456769,125.969739
1780456769,125.308605
1780456769,138.318369
1780456769,161.920859
1780456769,122.915807
1780456769,143.576053
1780456769,124.049226
1780456769,123.889346
1780456769,154.904954
1780456769,160.453089
1780456769,122.861274
1780456769,147.752433
1780456769,122.838436
1780456769,124.562807
1780456769,138.974823
1780456769,123.383238
1780456769,123.896675
1780456769,143.077114
1780456769,155.605216
1780456769,149.571945
1780456769,158.758770
1780456769,155.681609
1780456769,139.345243
1780456769,158.214230
1780456769,138.156856
1780456769,156.107231
1780456769,138.487231
1780456769,122.699495
1780456769,139.418898
1780456769,137.267899
1780456769,150.058973
1780456769,137.958888
1780456769,150.287394
1780456769,135.963677
1780456769,135.833237
1780456769,150.335939
1780456769,140.716584
1780456769,150.313007
1780456769,141.447087
1780456769,127.257206
1780456769,150.439031
1780456769,150.979275
1780456769,140.495113
1780456769,144.072205
1780456769,141.055968
1780456769,140.680872
1780456769,151.397255
1780456769,144.086014
1780456769,151.388648
1780456769,142.531890
1780456769,141.895802
1780456769,144.591105
1780456769,140.887224
1780456769,144.774454
1780456769,129.515041
1780456769,147.309936
1780456769,137.669548
1780456769,143.005016
1780456769,142.087012
1780456769,139.868838
1780456769,144.583725
1780456769,143.618325
1780456769,140.334791
1780456769,148.043823
1780456769,138.142533
1780456769,140.925286
1780456769,152.795392
1780456769,147.042445
1780456769,141.961641
1780456769,145.158512
1780456769,141.401669
1780456769,128.850487
1780456769,143.340614
1780456769,140.996294
1780456769,131.710819
1780456769,146.922219
1780456769,140.404084
1780456769,132.470760
1780456769,128.199136
1780456769,126.248528
1780456769,133.071184
1780456769,133.347587
1780456769,130.427901
1780456769,132.540315
1780456769,130.419092
1780456769,128.921885
1780456769,130.517330
1780456769,127.609651
1780456769,133.774345
1780456769,141.707563
1780456769,141.645829
1780456769,128.335440
1780456769,130.934578
1780456769,211.989539
1780456769,212.209295
1780456769,212.204701
1780456769,212.186861
1780456769,212.039866
1780456769,212.011097
1780456769,205.608433
1780456769,212.534611
1780456769,212.497117
1780456769,212.524542
1780456769,101.672041
1780456769,211.091345
1780456769,209.138906
1780456769,102.709104
1780456769,103.179067
1780456769,103.960880
1780456769,104.887604
1780456769,104.816995
1780456769,104.598032
1780456769,104.179842
1780456769,105.348056
1780456769,106.706035
1780456769,104.496472
1780456769,106.425319
1780456769,104.382143
1780456769,106.068170
1780456769,106.383758
1780456769,106.251548
1780456769,213.996433
1780456769,104.519450
1780456769,106.930527
1780456769,109.350304
1780456769,108.066084
1780456769,106.841152
1780456769,108.449550
1780456769,106.958585
1780456769,106.867339
1780456769,107.794237
1780456769,102.359870
1780456769,102.829993
1780456769,102.830476
1780456769,103.235052
1780456769,104.476770
1780456769,224.116720
1780456769,104.666257
1780456769,104.903107
1780456769,105.125639
1780456769,105.120295
1780456769,219.862550
1780456769,106.949331
1780456769,106.274294
1780456769,107.462325
1780456769,221.417739
1780456769,222.729509
1780456769,221.702050
1780456769,106.442102
1780456769,222.046215
1780456769,106.408445
1780456769,223.852878
1780456769,106.777047
1780456769,108.641070
1780456769,113.584899
1780456769,113.236826
1780456769,111.314601
1780456769,114.401963
1780456769,228.547136
1780456769,114.560194
1780456769,223.619802
1780456769,223.786403
1780456769,112.764971
1780456769,116.187170
1780456769,223.671050
1780456769,115.004002
1780456769,115.097149
1780456769,111.252905
1780456769,228.804875
1780456769,227.642833
1780456769,111.735014
1780456769,113.280764
1780456769,230.600633
1780456769,110.262023
1780456769,108.962750
1780456769,115.923553
1780456769,116.162833
1780456769,109.593948
1780456769,115.390472
1780456769,115.993975
1780456769,230.038012
1780456769,111.314445
1780456769,117.373548
1780456769,116.586735
1780456769,230.581847
1780456769,114.466888
1780456769,118.833863
1780456769,118.759578
1780456769,118.445459
1780456769,118.780179
1780456769,119.040118
1780456769,118.652489
1780456769,114.643890
1780456769,233.377316
1780456769,233.553943
1780456769,119.048795
1780456769,111.904114
1780456769,115.652563
1780456769,118.623127
1780456769,233.374429
1780456769,118.620605
1780456769,115.826951
1780456769,116.253533
1780456769,115.909004
1780456769,118.644039
1780456769,233.350790
1780456769,114.764315
1780456769,115.313633
1780456769,121.664866
1780456769,121.271034
1780456769,122.042510
1780456769,236.075308
1780456769,111.379367
1780456769,236.571363
1780456769,110.175098
1780456769,237.381145
1780456769,110.193361
1780456769,123.457833
1780456769,116.994345
1780456769,116.355293
1780456769,123.295570
1780456769,121.071523
1780456769,123.268056
1780456769,123.629584
1780456769,111.594656
1780456769,237.908453
1780456769,121.741126
1780456769,123.959770
1780456769,123.580861
1780456769,124.192956
1780456769,122.656677
1780456769,119.776595
1780456769,119.222713
1780456769,111.164776
1780456769,120.000280
1780456769,111.286199
1780456769,112.492604
1780456769,112.458643
1780456769,112.691555
1780456769,112.388650
1780456769,120.568487
1780456769,120.803274
1780456769,138.994151
1780456769,134.879930
1780456769,136.551008
1780456769,125.724222
1780456769,127.296618
1780456769,128.766279
1780456769,128.163460
1780456769,125.799036
1780456769,128.450460
1780456769,128.961073
1780456769,127.296762
1780456769,125.597584
1780456769,125.520475
1780456769,126.121465
1780456769,126.199232
1780456769,126.512749
1780456769,128.886827
1780456769,266.427239
1780456769,126.195843
1780456769,128.331246
1780456769,125.716199
1780456769,127.006182
1780456769,126.548150
1780456769,127.519409
1780456769,126.937441
1780456769,127.823527
1780456769,127.472221
1780456769,128.019207
1780456769,126.964443
1780456769,129.247667
1780456769,133.664426
1780456769,132.346283
1780456769,133.934974
1780456769,131.576048
1780456769,132.524337
1780456769,132.990446
1780456769,131.882398
1780456769,130.785191
1780456769,129.882548
1780456769,131.127083
1780456769,131.043240
1780456769,134.057877
1780456769,131.789550
1780456769,134.012252
1780456769,134.105328
1780456769,131.467178
1780456769,134.083112
1780456769,131.629396
1780456769,133.063020
1780456769,132.941794
1780456769,130.659783
1780456769,133.636254
1780456769,134.591479
1780456769,129.944585
1780456769,134.038898
1780456769,130.372415
1780456769,132.592629
1780456769,130.566869
1780456769,132.670547
1780456769,134.042511
1780456769,135.092201
1780456769,130.249911
1780456769,132.827109
1780456769,134.948650
1780456769,134.542869
1780456769,130.471306
1780456769,130.947370
1780456769,130.420286
1780456769,130.542061
1780456769,133.936129
1780456769,134.794758
1780456769,134.034144
1780456769,133.797946
1780456769,130.690864
1780456769,133.141853
1780456769,134.531140
1780456769,133.828121
1780456769,130.823179
1780456769,133.400561
1780456769,130.996250
1780456769,131.079972
1780456769,131.522978
1780456769,134.385084
1780456769,131.526568
1780456769,134.556232
1780456769,133.730055
1780456769,132.231139
1780456769,134.456590
1780456769,133.573522
1780456769,134.622941
1780456769,132.518926
1780456769,134.730511
1780456769,131.372500
1780456769,134.015903
1780456769,131.437494
1780456769,135.397710
1780456769,131.505081
1780456769,135.099467
1780456769,131.600809
1780456769,133.843898
1780456769,131.585116
1780456769,135.924711
1780456769,135.037799
1780456769,133.969246
1780456769,131.832013
1780456769,133.996894
1780456769,131.904531
1780456769,135.081198
1780456769,133.314108
1780456769,135.377672
1780456769,133.449725
1780456769,135.443000
1780456769,133.525246
1780456769,134.076747
1780456769,133.490985
1780456769,135.534096
1780456769,131.802568
1780456769,135.788063
1780456769,133.644585
1780456769,135.929834
1780456769,131.937693
1780456769,134.368802
1780456769,133.762344
1780456769,136.210573
1780456769,133.429233
1780456769,136.283095
1780456769,131.354432
1780456769,134.758205
1780456769,134.821102
1780456769,131.674142
1780456769,134.588962
1780456769,134.027988
1780456769,134.487326
1780456769,134.055641
1780456769,134.963803
1780456769,134.240761
1780456769,134.804101
1780456769,134.358024
1780456769,135.164002
1780456769,134.469794
1780456769,138.883984
1780456769,138.570862
1780456769,138.489581
1780456769,138.260850
1780456769,138.420140
1780456769,138.628807
1780456769,137.766534
1780456769,137.137118
1780456769,138.264699
1780456769,138.314344
1780456769,276.155677
1780456769,137.821241
1780456769,151.098160
1780456769,149.441450
1780456769,149.483603
1780456769,150.961728
1780456769,150.680017
1780456769,147.329521
1780456769,145.955291
1780456769,139.398898
1780456769,136.039095
1780456769,146.138279
1780456769,146.274799
1780456769,146.830834
1780456769,138.400004
1780456769,136.546943
1780456769,138.914119
1780456769,136.887509
1780456769,136.057043
1780456769,136.820604
1780456769,139.857620
1780456769,149.375656
1780456769,139.292366
1780456769,139.815205
1780456769,137.629044
1780456769,138.311726
1780456769,137.635931
1780456769,135.065172
1780456769,137.955553
1780456769,137.412892
1780456769,136.862084
1780456769,136.458793
1780456769,138.111479
1780456769,137.457518
1780456769,138.553693
1780456769,139.016617
1780456769,138.749280
1780456769,134.990859
1780456769,135.436281
1780456769,135.098063
1780456769,135.629629
1780456769,137.572948
1780456769,137.360739
1780456769,137.818144
1780456769,136.759247
1780456769,137.970271
1780456769,136.408814
1780456769,137.391636
1780456769,140.258017
1780456769,153.215706
1780456769,146.456826
1780456769,141.395738
1780456769,147.158520
1780456769,145.859955
1780456769,145.795391
1780456769,146.748090
1780456769,146.359936
1780456769,146.586511
1780456769,146.745804
1780456769,147.103674
1780456769,146.900651
1780456769,147.793267
1780456769,147.499246
1780456769,147.211446
1780456769,146.878909
1780456769,147.613329
1780456769,146.859444
1780456769,146.315362
1780456769,147.050609
1780456769,146.780681
1780456769,147.809011
1780456769,147.554738
1780456769,147.638007
1780456769,147.842420
1780456769,147.828748
1780456769,147.995755
1780456769,146.960014
1780456769,147.044975
1780456769,147.688187
1780456769,148.462800
1780456769,148.545560
1780456769,148.387255
1780456769,148.470398
1780456769,149.222934
1780456769,150.021286
1780456769,150.349648
1780456769,148.921668
1780456769,149.996618
1780456769,148.731777
1780456769,149.406447
1780456769,148.979875
1780456769,150.308882
1780456769,150.032269
1780456769,149.709625
1780456769,151.018708
1780456769,149.071408
1780456769,148.924300
1780456769,150.291360
1780456769,151.282894
1780456769,149.341905
1780456769,148.873887
1780456769,133.847130
1780456769,131.985474
1780456769,153.010230
1780456769,101.958572
1780456769,102.844651
1780456769,102.981329
1780456769,103.244783
1780456769,103.275922
1780456769,103.297097
1780456769,103.463334
1780456769,103.542955
1780456769,103.458023
1780456769,102.532732
1780456769,102.564225
1780456769,102.769360
1780456769,102.987182
1780456769,102.885454
1780456769,103.060087
1780456769,102.926546
1780456769,103.574032
1780456769,103.182822
1780456769,103.765945
1780456769,103.602334
1780456769,103.823974
1780456769,104.349899
1780456769,104.511756
1780456769,104.698843
1780456769,104.227322
1780456769,104.697090
1780456769,104.602062
1780456769,104.936489
1780456769,105.548615
1780456769,105.128027
1780456769,105.123625
1780456769,105.645502
1780456769,105.623570
1780456769,105.236373
1780456769,105.954950
1780456769,105.391235
1780456769,106.012740
1780456769,106.182447
1780456769,106.298657
1780456769,106.671977
1780456769,105.014049
1780456769,106.121003
1780456769,106.093041
1780456769,105.308894
1780456769,106.120739
1780456769,106.853217
1780456769,106.733173
1780456769,106.750942
1780456769,106.931662
1780456769,106.462654
1780456769,106.942346
1780456769,108.243122
1780456769,107.855366
1780456769,108.392755
1780456769,107.663904
1780456769,108.188965
1780456769,107.192620
1780456769,107.512194
1780456769,108.054386
1780456769,107.538993
1780456769,107.496884
1780456769,109.098450
1780456769,108.658159
1780456769,108.204563
1780456769,108.740577
1780456769,108.333906
1780456769,108.562113
1780456769,108.124426
1780456769,108.523539
1780456769,108.567156
1780456769,108.877642
1780456769,108.678319
1780456769,108.895304
1780456769,108.963575
1780456769,109.016646
1780456769,108.824774
1780456769,109.029352
1780456769,110.021525
1780456769,108.957360
1780456769,109.784458
1780456769,109.684312
1780456769,109.367377
1780456769,109.882817
1780456769,109.832955
1780456769,109.711689
1780456769,109.829268
1780456769,109.704189
1780456769,109.863770
1780456769,102.243194
1780456769,102.377784
1780456769,102.626755
1780456769,102.482199
1780456769,102.674664
1780456769,102.997866
1780456769,102.944320
1780456769,102.804602
1780456769,101.738889
1780456769,103.290292
1780456769,103.374967
1780456769,103.425468
1780456769,103.706700
1780456769,103.616344
1780456769,102.456695
1780456769,103.711684
1780456769,102.676913
1780456769,103.786687
1780456769,102.783213
1780456769,102.812412
1780456769,103.082966
1780456769,102.593654
1780456769,102.639189
1780456769,102.418699
1780456769,103.658145
1780456769,103.459872
1780456769,103.478701
1780456769,103.762981
1780456769,103.867475
1780456769,104.588639
1780456769,104.319478
1780456769,104.750427
1780456769,105.233702
1780456769,104.714368
1780456769,105.231705
1780456769,105.458395
1780456769,105.535396
1780456769,105.443255
1780456769,106.486434
1780456769,106.290629
1780456769,106.578395
1780456769,106.220009
1780456769,106.497004
1780456769,106.024146
1780456769,107.360989
1780456769,107.529230
1780456769,107.302783
1780456769,108.726011
1780456769,107.345982
1780456769,108.807206
1780456769,109.257492
1780456769,108.803491
1780456769,108.780750
1780456769,109.370933
1780456769,109.005313
1780456769,109.016162
1780456769,108.538360
1780456769,110.192092
1780456769,108.661142
1780456769,108.525810
1780456769,108.876866
1780456769,109.148490
1780456769,109.423704
1780456769,108.581461
1780456769,108.819015
1780456769,109.027546
1780456769,109.455254
1780456769,108.561745
1780456769,109.534411
1780456769,108.920942
1780456769,110.492004
1780456769,108.650809
1780456769,108.961695
1780456769,108.993547
1780456769,108.981719
1780456769,110.203237
1780456769,108.657630
1780456769,109.001140
1780456769,110.690806
1780456769,108.955361
1780456769,110.761974
1780456769,109.560116
1780456769,109.263043
1780456769,109.763177
1780456769,111.200594
1780456769,110.791623
1780456769,109.798242
1780456769,111.141857
1780456769,110.235129
1780456769,111.748998
1780456769,110.354858
1780456769,110.442847
1780456769,110.719258
1780456769,111.245134
1780456769,110.556015
1780456769,110.804130
1780456769,112.106614
1780456769,111.783200
1780456769,111.985587
1780456769,109.962654
1780456769,110.686193
1780456769,108.842034
1780456769,110.887725
1780456769,110.371934
1780456769,111.826681
1780456769,106.018500
1780456769,112.843097
1780456769,104.490343
1780456769,113.282760
1780456769,106.512149
1780456769,112.767944
1780456769,112.564242
1780456769,113.145194
1780456769,114.173364
1780456769,113.412573
1780456769,114.064200
1780456769,114.734004
1780456769,107.021448
1780456769,113.202302
1780456769,113.877698
1780456769,113.594436
1780456769,109.592299
1780456769,107.721242
1780456769,115.125224
1780456769,107.112414
1780456769,116.234330
1780456769,116.714564
1780456769,109.174952
1780456769,113.456940
1780456769,113.564722
1780456769,113.499748
1780456769,115.034408
1780456769,115.773449
1780456769,115.758552
1780456769,108.412010
1780456769,108.712397
1780456769,117.918686
1780456769,109.147699
1780456769,109.201991
1780456769,113.945837
1780456769,110.864940
1780456769,117.723580
1780456769,117.109306
1780456769,116.842971
1780456769,114.130492
1780456769,118.031675
1780456769,109.250926
1780456769,117.465278
1780456769,117.035410
1780456769,109.368109
1780456769,116.222461
1780456769,113.796072
1780456769,117.870694
1780456769,118.865920
1780456769,119.919815
1780456769,109.929672
1780456769,111.117362
1780456769,107.978382
1780456769,109.714633
1780456769,109.614950
1780456769,112.591962
1780456769,110.198062
1780456769,110.670195
1780456769,112.522372
1780456769,110.135624
1780456769,109.224700
1780456769,109.841529
1780456769,118.593844
1780456769,108.904004
1780456769,116.884263
1780456769,110.959430
1780456769,115.963200
1780456769,117.717387
1780456769,111.128059
1780456769,117.907187
1780456769,110.853467
1780456769,120.318341
1780456769,111.254594
1780456769,116.733596
1780456769,111.057428
1780456769,111.857071
1780456769,112.158781
1780456769,117.275687
1780456769,111.522616
1780456769,111.142730
1780456769,115.622571
1780456769,112.077427
1780456769,117.673770
1780456769,117.649842
1780456769,110.902961
1780456769,117.838311
1780456769,115.478073
1780456769,117.918575
1780456769,111.905710
1780456769,118.085429
1780456769,115.745166
1780456769,116.226811
1780456769,113.139894
1780456769,115.734542
1780456769,114.711807
1780456769,112.544230
1780456769,117.344427
1780456769,117.502108
1780456769,117.005358
1780456769,116.986857
1780456769,116.872190
1780456769,117.990516
1780456769,116.877164
1780456769,117.105635
1780456769,117.032730
1780456769,114.375313
1780456769,113.115605
1780456769,113.056637
1780456769,114.580163
1780456769,114.603816
1780456769,114.681442
1780456769,119.201232
1780456769,117.790825
1780456769,128.419357
1780456769,118.327448
1780456769,118.754915
1780456769,118.880049
1780456769,119.011452
1780456769,121.240700
1780456769,119.049759
1780456769,119.453475
1780456769,120.453983
1780456769,121.046065
1780456769,122.042317
1780456769,111.742958
1780456769,122.332449
1780456769,121.282931
1780456769,121.925018
1780456769,122.623052
1780456769,122.383277
1780456769,130.660608
1780456769,121.616817
1780456769,120.420330
1780456769,122.350185
1780456769,120.220843
1780456769,117.751595
1780456769,122.819628
1780456769,121.389227
1780456769,122.806637
1780456769,120.368421
1780456769,120.478472
1780456769,122.939578
1780456769,122.599646
1780456769,131.486122
1780456769,120.437142
1780456769,118.892027
1780456769,124.225158
1780456769,117.608690
1780456769,124.209168
1780456769,133.233005
1780456769,120.783719
1780456769,123.309189
1780456769,133.268976
1780456769,130.633589
1780456769,124.457850
1780456769,114.066188
1780456769,123.426542
1780456769,113.062200
1780456769,120.971304
1780456769,132.192685
1780456769,123.111683
1780456769,125.015521
1780456769,114.779214
1780456769,133.395226
1780456769,114.266978
1780456769,123.614915
1780456769,122.919637
1780456769,122.392155
1780456769,123.887597
1780456769,126.223494
1780456769,126.258035
1780456769,122.640258
1780456769,120.294343
1780456769,126.467486
1780456769,126.579474
1780456769,134.577439
1780456769,114.987180
1780456769,124.504822
1780456769,122.994147
1780456769,126.720006
1780456769,124.728831
1780456769,113.026248
1780456769,115.237819
1780456769,115.061182
1780456769,115.239232
1780456769,125.152322
1780456769,136.543296
1780456769,127.045601
1780456769,136.731124
1780456769,127.229554
1780456769,126.622589
1780456769,126.755177
1780456769,118.832121
1780456769,125.650902
1780456769,136.929790
1780456769,126.645955
1780456769,137.116893
1780456769,126.280512
1780456769,120.660075
1780456769,126.043722
1780456769,137.635622
1780456769,121.358324
1780456769,127.139103
1780456769,137.573275
1780456769,126.343182
1780456769,126.329867
1780456769,128.221321
1780456769,138.513911
1780456769,119.846676
1780456769,137.304492
1780456769,127.101796
1780456769,129.343396
1780456769,128.599515
1780456769,129.851622
1780456769,131.695657
1780456769,138.843610
1780456769,120.100506
1780456769,123.919185
1780456769,126.753105
1780456769,139.056275
1780456769,120.306850
1780456769,123.988650
1780456769,122.940035
1780456769,129.684441
1780456769,130.157708
1780456769,129.936266
1780456769,129.850605
1780456769,121.257323
1780456769,139.396166
1780456769,134.816367
1780456769,130.179568
1780456769,133.551203
1780456769,133.579262
1780456769,130.465024
1780456769,121.694107
1780456769,131.150207
1780456769,133.732620
1780456769,121.101157
1780456769,120.608524
1780456769,129.421384
1780456769,133.084386
1780456769,131.221219
1780456769,132.830207
1780456769,130.393897
1780456769,130.114506
1780456769,130.167620
1780456769,130.249838
1780456769,135.439026
1780456769,133.074669
1780456769,123.796989
1780456769,130.555388
1780456769,136.994570
1780456769,136.883022
1780456769,125.031641
1780456769,124.831950
1780456769,135.590040
1780456769,135.568941
1780456769,136.596698
1780456769,136.134950
1780456769,135.856549
1780456769,136.329647
1780456769,136.585533
1780456769,136.161493
1780456769,136.698927
1780456769,137.377482
1780456769,138.512700
1780456769,141.494858
1780456769,138.816112
1780456769,140.861222
1780456769,141.263910
1780456769,141.828193
1780456769,141.571283
1780456769,142.028486
1780456769,139.474946
1780456769,139.446208
1780456769,142.511128
1780456769,150.905086
1780456769,140.742429
1780456769,136.627776
1780456769,130.887156
1780456769,141.723573
1780456769,129.939539
1780456769,144.128447
1780456769,139.505089
1780456769,140.748055
1780456769,142.432905
1780456769,150.323622
1780456769,152.050720
1780456769,151.498463
1780456769,142.707566
1780456769,150.551683
1780456769,143.410066
1780456769,150.876819
1780456769,151.724019
1780456769,150.915567
1780456769,143.641744
1780456769,151.589055
1780456769,142.189131
1780456769,150.952399
1780456769,152.145790
1780456769,147.676415
1780456769,142.714019
1780456769,151.604472
1780456769,151.766039
1780456769,143.356293
1780456769,151.781855
1780456769,152.193437
1780456769,151.388835
1780456769,144.558651
1780456769,155.859794
1780456769,144.722330
1780456769,154.270936
1780456769,142.904404
1780456769,137.704993
1780456769,154.846797
1780456769,142.949459
1780456769,145.345898
1780456769,144.929977
1780456769,155.161381
1780456769,154.332512
1780456769,155.366583
1780456769,154.393929
1780456769,142.978152
1780456769,143.522832
1780456769,143.460148
1780456769,149.037334
1780456769,154.607575
1780456769,156.068397
1780456769,144.111212
1780456769,144.171714
1780456769,145.551039
1780456769,154.878215
1780456769,132.709258
1780456769,145.748213
1780456769,145.082813
1780456769,155.038307
1780456769,132.811577
1780456769,132.809949
1780456769,154.608892
1780456769,155.912040
1780456769,153.384530
1780456769,135.879106
1780456769,135.925452
1780456769,145.379883
1780456769,135.991243
1780456769,156.610684
1780456769,143.910492
1780456769,146.154256
1780456769,152.837865
1780456769,147.897267
1780456769,154.226044
1780456769,152.015471
1780456769,144.413886
1780456769,151.327571
1780456769,156.866312
1780456769,152.815371
1780456769,156.942646
1780456769,152.587610
1780456769,155.469562
1780456769,151.594632
1780456769,144.781818
1780456769,156.066655
1780456769,152.689670
1780456769,157.102186
1780456769,154.885184
1780456769,154.949652
1780456769,145.153343
1780456769,155.080102
1780456769,154.998962
1780456769,151.730674
1780456769,155.309317
1780456769,155.291927
1780456769,154.167428
1780456769,157.724634
1780456769,146.370913
1780456769,133.633164
1780456769,145.525846
1780456769,144.930659
1780456769,146.764268
1780456769,146.614301
1780456769,144.516783
1780456769,146.714362
1780456769,144.722142
1780456769,146.723377
1780456769,146.891452
1780456769,146.686217
1780456769,145.349512
1780456769,146.910546
1780456769,145.317992
1780456769,144.129916
1780456769,145.500579
1780456769,144.400677
1780456769,144.089074
1780456769,146.471978
1780456769,146.322001
1780456769,148.890056
1780456769,147.598552
1780456769,159.099349
1780456769,156.759946
1780456769,156.844542
1780456769,151.174168
1780456769,147.163421
1780456769,146.981840
1780456769,159.514218
1780456769,139.813348
1780456769,138.733569
1780456769,147.931975
1780456769,149.383896
1780456769,137.088120
1780456769,158.222634
1780456769,157.059675
1780456769,148.254123
1780456769,147.941531
1780456769,156.547427
1780456769,157.434198
1780456769,131.309677
1780456769,151.576482
1780456769,132.265157
1780456769,158.705711
1780456769,149.873448
1780456769,129.852700
1780456769,159.110739
1780456769,131.711891
1780456769,129.525306
1780456769,159.327715
1780456769,150.240158
1780456769,150.424605
1780456769,153.365031
1780456769,132.313162
1780456769,153.428795
1780456769,131.418399
1780456769,153.306340
1780456769,152.766237
1780456769,153.652011
1780456769,153.697303
1780456769,154.571007
1780456769,153.873615
1780456769,154.398692
1780456769,154.555942
1780456769,132.254917
1780456769,111.134379
1780456769,154.519050
1780456769,130.630236
1780456769,154.521322
1780456769,154.768686
1780456769,130.915564
1780456769,154.482688
1780456769,155.237324
1780456769,155.861087
1780456769,131.132658
1780456769,128.593828
1780456769,155.552895
1780456769,130.094792
1780456769,155.162169
1780456769,154.419930
1780456769,131.791655
1780456769,156.384365
1780456769,130.491330
1780456769,155.616551
1780456769,130.720363
1780456769,154.736838
1780456769,130.858667
1780456769,155.415007
1780456769,157.251718
1780456769,155.642168
1780456769,157.459519
1780456769,131.487323
1780456769,155.513141
1780456769,156.871596
1780456769,154.231489
1780456769,155.429673
1780456769,156.220683
1780456769,115.808088
1780456769,156.025167
1780456769,156.909692
1780456769,157.305416
1780456769,131.000981
1780456769,148.515292
1780456769,157.757024
1780456769,131.166765
1780456769,151.165969
1780456769,131.311140
1780456769,157.975840
1780456769,169.318046
1780456769,168.874396
1780456769,167.996368
1780456769,169.310500
1780456769,167.974466
1780456769,171.543288
1780456769,118.115814
1780456769,168.041909
1780456769,170.239978
1780456769,167.038143
1780456769,169.354839
1780456769,168.517497
1780456769,170.066886
1780456769,165.248149
1780456769,168.860094
1780456769,165.680247
1780456769,166.738125
1780456769,167.709874
1780456769,168.134330
1780456769,166.611408
1780456769,170.449515
1780456769,166.761384
1780456769,165.619196
1780456769,169.955649
1780456769,165.668280
1780456769,157.030953
1780456769,170.755376
1780456769,170.522183
1780456769,170.921090
1780456769,169.624253
1780456769,148.027668
1780456769,167.897379
1780456769,148.108622
1780456769,156.435527
1780456769,146.442945
1780456769,118.758163
1780456769,140.116984
1780456769,170.280738
1780456769,148.371928
1780456769,148.482158
1780456769,167.126416
1780456769,170.561909
1780456769,171.143219
1780456769,170.898121
1780456769,158.596398
1780456769,170.486819
1780456769,158.539994
1780456769,140.440163
1780456769,169.864451
1780456769,165.484412
1780456769,165.726953
1780456769,157.515908
1780456769,168.711017
1780456769,170.664357
1780456769,171.473276
1780456769,169.539157
1780456769,159.491148
1780456769,169.023090
1780456769,157.860616
1780456769,158.089788
1780456769,171.603869
1780456769,116.180656
1780456769,171.001556
1780456769,158.921573
1780456769,158.034198
1780456769,157.680428
1780456769,159.476458
1780456769,171.390818
1780456769,118.147402
1780456769,166.620301
1780456769,158.180340
1780456769,171.545111
1780456769,116.341020
1780456769,163.598553
1780456769,166.581666
1780456769,159.145537
1780456769,159.370701
1780456769,158.496892
1780456769,159.415872
1780456769,159.270710
1780456769,159.076383
1780456769,148.498147
1780456769,159.934128
1780456769,160.119955
1780456769,159.446356
1780456769,161.898218
1780456769,152.413412
1780456769,162.409280
1780456769,152.668856
1780456769,160.771655
1780456769,162.689711
1780456769,118.835279
1780456769,161.574045
1780456769,153.458172
1780456769,161.910663
1780456769,118.915328
1780456769,162.197080
1780456769,149.909169
1780456769,162.676268
1780456769,163.819359
1780456769,164.071481
1780456769,152.134940
1780456769,118.707556
1780456769,152.260620
1780456769,151.305624
1780456769,119.096073
1780456769,151.450247
1780456769,118.393748
1780456769,162.394742
1780456769,158.816047
1780456769,159.108078
1780456769,152.418432
1780456769,159.532424
1780456769,151.597027
1780456769,105.321125
1780456769,157.392462
1780456769,174.410182
1780456769,145.265995
1780456769,176.829876
1780456769,178.564267
1780456769,177.455564
1780456769,175.970586
1780456769,149.237972
1780456769,174.485877
1780456769,176.550161
1780456769,177.337885
1780456769,175.460872
1780456769,176.935669
1780456769,173.966222
1780456769,145.663044
1780456769,177.397459
1780456769,145.791309
1780456769,145.872166
1780456769,177.736308
1780456769,104.738127
1780456769,145.715767
1780456769,147.158356
1780456769,125.754860
1780456769,167.714916
1780456769,177.291852
1780456769,125.396299
1780456769,177.732844
1780456769,120.711249
1780456769,149.966679
1780456769,121.361786
1780456769,121.600259
1780456769,167.315726
1780456769,174.414324
1780456769,177.373482
1780456769,121.741604
1780456769,141.168841
1780456769,166.222852
1780456769,174.386522
1780456769,124.608408
1780456769,178.722841
1780456769,152.727337
1780456769,175.339448
1780456769,123.990336
1780456769,152.836351
1780456769,155.538161
1780456769,175.767588
1780456769,155.764144
1780456769,142.735574
1780456769,157.461357
1780456769,166.353628
1780456769,157.624008
1780456769,175.849220
1780456769,151.781765
1780456769,167.682363
1780456769,157.649935
1780456769,142.942062
1780456769,119.922753
1780456769,121.265849
1780456769,157.842084
1780456769,120.300095
1780456769,167.862037
1780456769,178.363436
1780456769,152.116860
1780456769,155.984038
1780456769,144.463221
1780456769,179.652037
1780456769,178.786368
1780456769,176.405666
1780456769,179.797263
1780456769,168.443595
1780456769,178.746509
1780456769,156.127138
1780456769,152.488909
1780456769,150.402783
1780456769,166.665559
1780456769,168.993630
1780456769,154.390364
1780456769,168.255918
1780456769,168.182415
1780456769,168.697639
1780456769,155.811682
1780456769,125.489997
1780456769,161.673647
1780456769,168.425473
1780456769,126.169115
1780456769,125.529369
1780456769,159.309827
1780456769,124.003980
1780456769,154.921514
1780456769,125.215800
1780456769,156.202945
1780456769,129.641793
1780456769,121.774646
1780456769,126.801091
1780456769,128.570604
1780456769,157.577726
1780456769,159.499229
1780456769,159.123007
1780456769,157.598435
1780456769,122.735734
1780456769,123.428946
1780456769,131.850131
1780456769,155.207234
1780456769,159.879194
1780456769,131.992129
1780456769,123.142146
1780456769,162.317919
1780456769,133.265667
1780456769,161.211714
1780456769,162.524968
1780456769,133.268823
1780456769,162.508711
1780456769,169.656830
1780456769,123.934624
1780456769,169.790991
1780456769,124.677704
1780456769,169.042059
1780456769,158.019797
1780456769,133.563504
1780456769,124.622880
1780456769,131.157901
1780456769,103.875917
1780456769,169.795790
1780456769,170.141703
1780456769,153.141290
1780456769,169.799779
1780456769,153.252915
1780456769,155.765496
1780456769,162.936539
1780456769,154.472695
1780456769,158.206200
1780456769,155.881427
1780456769,169.175991
1780456769,109.679980
1780456769,169.910334
1780456769,154.581058
1780456769,156.019653
1780456769,169.966053
1780456769,152.059504
1780456769,157.292529
1780456769,145.719756
1780456769,169.715430
1780456769,157.577169
1780456769,163.583273
1780456769,159.624945
1780456769,161.438685
1780456769,161.583540
1780456769,161.615907
1780456769,161.762788
1780456769,104.748432
1780456769,160.211126
1780456769,161.674962
1780456769,153.567690
1780456769,161.658360
1780456769,156.068445
1780456769,161.802474
1780456769,154.910173
1780456769,161.864964
1780456769,156.348168
1780456769,161.823864
1780456769,162.473498
1780456769,154.316865
1780456769,161.158823
1780456769,165.640625
1780456769,149.837614
1780456769,148.448369
1780456769,165.714873
1780456769,161.651378
1780456769,165.784177
1780456769,165.850859
1780456769,156.718356
1780456769,158.219190
1780456769,162.155640
1780456769,158.159641
1780456769,162.229072
1780456769,157.372398
1780456769,164.044743
1780456769,164.213039
1780456769,138.128298
1780456769,138.135980
1780456769,162.857112
1780456769,153.808546
1780456769,162.813768
1780456769,158.966888
1780456769,138.607814
1780456769,154.626026
1780456769,154.632216
1780456769,157.255070
1780456769,134.482246
1780456769,162.869320
1780456769,160.341237
1780456769,151.272563
1780456769,160.302581
1780456769,159.037475
1780456769,159.227841
1780456769,161.852458
1780456769,155.098992
1780456769,155.691187
1780456769,159.808983
1780456769,133.914633
1780456769,153.486502
1780456769,134.267033
1780456769,156.278280
1780456769,134.524049
1780456769,155.448613
1780456769,158.102346
1780456769,141.214264
1780456769,157.474129
1780456769,104.453421
1780456769,155.150112
1780456769,104.589770
1780456769,104.512619
1780456769,104.629002
1780456769,153.632186
1780456769,153.037230
1780456769,141.410861
1780456769,141.617609
1780456769,155.985170
1780456769,155.989778
1780456769,134.330385
1780456769,142.942880
1780456769,155.040663
1780456769,141.831086
1780456769,158.417844
1780456769,161.766661
1780456769,156.679539
1780456769,156.625492
1780456769,156.895531
1780456769,158.526629
1780456769,158.807571
1780456769,159.078944
1780456769,139.513777
1780456769,140.740048
1780456769,140.731914
1780456769,160.834988
1780456769,140.855934
1780456769,155.835817
1780456769,155.650259
1780456769,140.287754
1780456769,141.035040
1780456769,140.908716
1780456769,141.061780
1780456769,141.109237
1780456769,140.573998
1780456769,139.264444
1780456769,160.299109
1780456769,162.505755
1780456769,159.701970
1780456769,140.115321
1780456769,138.399208
1780456769,138.759413
1780456769,137.913727
1780456769,158.407601
1780456769,147.876749
1780456769,137.915239
1780456769,146.647926
1780456769,147.894736
1780456769,136.965933
1780456769,141.884015
1780456769,104.850017
1780456769,104.792594
1780456769,137.953352
1780456769,137.086397
1780456769,124.264722
1780456769,118.752879
1780456769,123.192556
1780456769,122.127410
1780456769,120.149306
1780456769,119.332587
1780456769,143.234737
1780456769,142.893338
1780456769,162.627758
1780456769,143.222211
1780456769,163.960358
1780456769,140.076871
1780456769,142.710736
1780456769,164.109113
1780456769,142.465025
1780456769,117.714314
1780456769,143.096572
1780456769,119.984825
1780456769,138.778162
1780456769,162.945406
1780456769,138.854134
1780456769,140.890606
1780456769,140.381025
1780456769,140.285083
1780456769,117.023589
1780456769,117.073509
1780456769,144.333159
1780456769,148.452633
1780456769,150.300182
1780456769,116.838962
1780456769,147.188653
1780456769,120.939645
1780456769,150.371930
1780456769,142.148956
1780456769,145.519025
1780456769,142.790659
1780456769,143.186531
1780456769,147.337595
1780456769,143.061544
1780456769,123.253323
1780456769,140.909084
1780456769,116.449923
1780456769,117.533795
1780456769,142.389249
1780456769,117.874511
1780456769,117.478076
1780456769,148.657732
1780456769,115.908496
1780456769,151.973575
1780456769,149.055707
1780456769,149.310196
1780456769,147.795041
1780456769,147.362257
1780456769,117.724237
1780456769,112.299274
1780456769,117.804437
1780456769,117.843502
1780456769,148.933806
1780456769,149.845702
1780456769,149.669463
1780456769,150.040049
1780456769,149.838067
1780456769,151.630931
1780456769,149.918172
1780456769,107.778459
1780456769,148.875958
1780456769,150.280134
1780456769,107.932879
1780456769,146.887351
1780456769,149.553581
1780456769,108.701715
1780456769,111.856268
1780456769,112.042077
1780456769,147.485022
1780456769,149.967191
1780456769,151.120849
1780456769,149.746983
1780456769,149.041823
1780456769,109.064280
1780456769,108.955940
1780456769,110.452226
1780456769,109.081418
1780456769,110.461947
1780456769,109.341366
1780456769,110.540924
1780456769,149.049312
1780456769,149.383721
1780456769,133.907211
1780456769,149.248640
1780456769,126.788803
1780456769,126.879239
1780456769,126.856180
1780456769,102.953899
1780456769,126.026152
1780456769,125.963783
1780456769,126.084431
1780456769,126.215636
1780456769,118.383263
1780456769,114.913490
1780456769,115.120424
1780456769,115.549433
1780456769,103.477897
1780456769,104.934048
1780456769,104.859323
1780456769,104.905613
1780456769,104.972195
1780456769,117.591155
1780456769,117.674758
1780456769,106.420954
1780456769,116.372886
1780456769,107.527763
1780456769,107.603183
1780456769,107.535631
1780456769,105.281580
1780456769,105.142483
1780456769,107.460565
1780456769,116.402648
1780456769,108.684865
1780456769,108.376561
1780456769,108.543012
1780456769,108.444140
1780456769,109.336437
1780456769,109.470332
1780456769,109.190218
1780456769,109.842656
1780456769,110.074789
1780456769,110.373237
1780456769,110.568629
1780456769,110.375025
1780456769,110.683344
1780456769,110.566860
1780456769,110.573430
1780456769,110.570692
1780456769,109.071474
1780456769,108.945148
1780456769,109.104229
1780456769,108.906658
1780456769,109.444754
1780456769,109.120497
1780456769,109.412749
1780456769,109.336358
1780456769,109.264771
1780456769,108.932878
1780456769,109.145635
1780456769,104.180668
1780456769,109.519592
1780456769,109.620860
1780456769,111.809976
1780456769,109.772302
1780456769,109.168383
1780456769,109.635730
1780456769,104.500179
1780456769,104.513275
1780456769,104.888901
1780456769,110.300422
1780456769,112.947402
1780456769,104.479489
1780456769,113.051482
1780456769,113.326512
1780456769,113.250919
1780456769,111.314304
1780456769,111.739697
1780456769,112.016554
1780456769,107.023026
1780456769,106.359569
1780456769,107.050840
1780456769,107.179236
1780456769,104.991178
1780456769,107.296342
1780456769,107.341217
1780456769,107.524934
1780456769,107.607357
1780456769,107.464777
1780456769,107.214021
1780456769,106.536051
1780456769,106.596339
1780456769,106.614031
1780456769,105.363205
1780456769,107.527307
1780456769,108.181956
1780456769,107.604300
1780456769,108.249887
1780456769,108.875009
1780456769,110.296102
1780456769,110.043230
1780456769,111.385953
1780456769,111.539558
1780456769,111.690790
1780456769,109.800458
1780456769,110.227445
1780456769,110.328643
1780456769,110.623715
1780456769,102.789577
1780456769,103.262575
1780456769,102.917517
1780456769,104.041499
1780456769,104.292799
1780456769,104.319282
1780456769,104.486655
1780456769,103.856011
1780456769,104.449488
1780456769,104.525375
1780456769,104.543966
1780456769,104.724856
1780456769,104.736358
1780456769,104.968276
1780456769,105.265522
1780456769,105.653726
1780456769,106.907506
1780456769,106.913975
1780456769,107.507414
1780456769,107.730391
1780456769,107.404534
1780456769,107.966579
1780456769,107.784979
1780456769,102.314732
1780456769,108.716305
1780456769,108.568122
1780456769,108.655943
1780456769,108.739525
1780456769,108.957373
1780456769,109.208850
1780456769,109.187041
1780456769,104.793224
1780456769,106.165685
1780456769,104.249428
1780456769,105.838749
1780456769,105.799318
1780456769,105.564599
1780456769,105.725839
1780456769,106.168823
1780456769,105.812937
1780456769,106.315976
1780456769,106.251686
1780456769,106.001491
1780456769,104.392869
1780456769,106.420058
1780456769,106.072618
1780456769,106.047930
1780456769,106.493002
1780456769,106.852033
1780456769,104.819594
1780456769,107.153336
1780456769,106.280962
1780456769,105.172840
1780456769,107.338014
1780456769,106.507683
1780456769,106.859933
1780456769,106.738319
1780456769,106.569175
1780456769,107.583636
1780456769,107.627273
1780456769,107.390601
1780456769,108.091491
1780456769,107.327134
1780456769,107.141860
1780456769,108.419366
1780456769,108.545809
1780456769,108.087844
1780456769,107.908948
1780456769,108.943947
1780456769,108.045506
1780456769,109.078179
1780456769,107.735978
1780456769,109.377575
1780456769,108.079421
1780456769,109.189870
1780456769,109.727761
1780456769,109.368800
1780456769,109.490401
1780456769,109.489854
1780456769,108.753655
1780456769,109.815116
1780456769,109.758778
1780456769,110.003625
1780456769,111.118565
1780456769,110.997530
1780456769,111.249783
1780456769,111.412421
1780456769,111.425789
1780456769,111.499034
1780456769,110.843318
1780456769,108.032264
1780456769,107.983367
1780456769,111.679887
1780456769,112.404342
1780456769,112.306526
1780456769,112.681812
1780456769,112.532037
1780456769,115.635732
1780456769,117.128570
1780456769,116.561773
1780456769,117.553429
1780456769,116.726761
1780456769,116.795451
1780456769,116.889004
1780456769,122.590083
1780456769,119.443964
1780456769,118.826997
1780456769,118.865184
1780456769,118.933336
1780456769,119.074401
1780456769,118.941800
1780456769,124.543780
1780456769,119.211174
1780456769,119.150682
1780456769,119.110676
1780456769,118.712083
1780456769,119.595928
1780456769,125.445032
1780456769,125.078895
1780456769,126.228774
1780456769,110.638465
1780456769,111.413109
1780456769,110.593327
1780456769,110.840075
1780456769,111.543821
1780456769,111.025769
1780456769,111.397311
1780456769,110.884696
1780456769,126.139314
1780456769,126.277510
1780456769,126.665163
1780456769,132.091708
1780456769,131.768628
1780456769,132.023189
1780456769,132.096676
1780456769,131.805462
1780456769,131.978243
1780456769,117.632786
1780456769,132.411147
1780456769,131.655545
1780456769,117.637567
1780456769,132.478188
1780456769,131.763712
1780456769,131.858663
1780456769,127.012431
1780456769,126.940548
1780456769,127.371294
1780456769,127.464233
1780456769,127.078897
1780456769,127.459415
1780456769,127.412108
1780456769,126.941436
1780456769,127.968126
1780456769,128.103633
1780456769,127.936212
1780456769,128.088000
1780456769,128.135199
1780456769,127.975555
1780456769,127.588429
1780456769,127.992820
1780456769,128.248721
1780456769,127.392104
1780456769,120.498619
1780456769,127.379482
1780456769,127.851348
1780456769,127.544662
1780456769,127.231527
1780456769,127.659810
1780456769,128.174382
1780456769,128.064700
1780456769,128.191387
1780456769,127.919000
1780456769,128.548561
1780456769,128.144109
1780456769,117.342909
1780456769,117.257719
1780456769,117.222456
1780456769,117.643698
1780456769,117.578454
1780456769,117.647618
1780456769,116.246150
1780456769,117.505324
1780456769,117.619497
1780456769,118.195151
1780456769,118.087922
1780456769,118.321748
1780456769,131.173292
1780456769,131.283527
1780456769,131.857206
1780456769,137.698643
1780456769,137.371302
1780456769,137.516425
1780456769,133.007278
1780456769,139.381101
1780456769,134.519800
1780456769,127.596152
1780456769,127.615009
1780456769,120.796392
1780456769,124.209297
1780456769,142.192797
1780456769,142.290826
1780456769,142.553927
1780456769,142.463798
1780456769,124.455306
1780456769,142.557614
1780456769,124.330520
1780456769,142.765077
1780456769,142.729892
1780456769,141.942272
1780456769,142.929142
1780456769,142.661603
1780456769,126.234575
1780456769,125.977862
1780456769,144.512739
1780456769,126.345669
1780456769,144.588145
1780456769,144.524703
1780456769,144.771901
1780456769,126.283705
1780456769,126.344078
1780456769,126.139364
1780456769,126.399921
1780456769,126.371542
1780456769,126.479237
1780456769,144.787172
1780456769,107.045237
1780456769,107.040708
1780456769,112.622579
1780456769,113.193948
1780456769,138.614978
1780456769,138.493922
1780456769,138.686423
1780456769,138.742663
1780456769,137.141894
1780456769,116.526103
1780456769,115.532912
1780456769,114.556871
1780456769,113.930357
1780456769,136.602817
1780456769,112.897308
1780456769,137.271333
1780456769,155.560818
1780456769,137.306119
1780456769,137.574950
1780456769,155.668704
1780456769,155.498979
1780456769,155.592511
1780456769,155.659357
1780456769,137.375415
1780456769,116.235104
1780456769,113.882215
1780456769,115.488793
1780456769,116.570412
1780456769,108.236886
1780456769,160.084916
1780456769,160.067660
1780456769,116.299588
1780456769,159.770403
1780456769,159.884401
1780456769,141.861090
1780456769,117.045044
1780456769,160.193857
1780456769,141.591337
1780456769,141.603616
1780456769,141.671315
1780456769,141.994261
1780456769,116.224490
1780456769,115.410666
1780456769,159.980222
1780456769,159.380660
1780456769,116.649742
1780456769,142.212482
1780456769,118.963645
1780456769,118.376615
1780456769,124.738034
1780456769,111.499920
1780456769,118.872026
1780456769,124.118864
1780456769,119.560531
1780456769,124.197710
1780456769,121.960426
1780456769,121.998713
1780456769,121.418091
1780456769,125.753187
1780456769,116.314638
1780456769,116.051110
1780456769,125.043084
1780456769,122.061168
1780456769,111.767606
1780456769,123.007873
1780456769,123.550701
1780456769,115.581231
1780456769,123.405391
1780456769,123.920708
1780456769,116.242017
1780456769,117.832931
1780456769,117.830892
1780456769,118.779763
1780456769,115.809598
1780456769,124.479248
1780456769,122.419862
1780456769,118.491809
1780456769,146.387112
1780456769,118.633594
1780456769,125.459951
1780456769,124.936127
1780456769,119.556934
1780456769,113.801079
1780456769,112.479954
1780456769,121.927308
1780456769,122.652555
1780456769,115.713715
1780456769,123.193528
1780456769,121.257041
1780456769,113.133025
1780456769,111.582725
1780456769,122.244749
1780456769,125.563542
1780456769,124.492462
1780456769,122.564742
1780456769,124.667016
1780456769,126.073962
1780456769,123.001520
1780456769,123.992313
1780456769,123.735711
1780456769,116.025821
1780456769,123.040711
1780456769,127.849511
1780456769,116.025200
1780456769,127.843922
1780456769,114.787733
1780456769,129.359289
1780456769,124.843431
1780456769,124.329868
1780456769,131.818671
1780456769,110.220476
1780456769,110.462869
1780456769,118.420719
1780456769,112.948682
1780456769,120.269686
1780456769,127.123385
1780456769,121.873080
1780456769,113.097628
1780456769,115.822148
1780456769,122.042276
1780456769,125.676058
1780456769,120.398189
1780456769,125.254446
1780456769,113.481727
1780456769,120.580705
1780456769,112.887166
1780456769,112.862415
1780456769,112.960715
1780456769,119.704339
1780456769,119.616836
1780456769,112.099414
1780456769,117.385487
1780456769,119.768045
1780456769,131.675182
1780456769,119.621033
1780456769,127.945455
1780456769,122.837532
1780456769,122.226595
1780456769,122.927930
1780456769,122.974072
1780456769,128.213254
1780456769,130.518792
1780456769,121.127016
1780456769,127.166827
1780456769,126.983669
1780456769,127.428182
1780456769,127.543789
1780456769,116.239697
1780456769,129.023353
1780456769,124.476111
1780456769,127.666102
1780456769,126.860047
1780456769,118.892885
1780456769,123.258707
1780456769,122.684545
1780456769,126.957929
1780456769,129.223703
1780456769,111.676607
1780456769,130.213009
1780456769,120.036431
1780456769,128.279524
1780456769,111.776734
1780456769,124.552232
1780456769,114.880521
1780456769,111.903246
1780456769,115.661784
1780456769,123.599705
1780456769,123.597474
1780456769,119.760583
1780456769,124.826679
1780456769,124.833944
1780456769,110.938689
1780456769,115.716867
1780456769,116.938696
1780456769,113.153135
1780456769,113.229714
1780456769,117.309727
1780456769,120.834389
1780456769,115.100840
1780456769,117.875812
1780456769,115.259306
1780456769,115.244433
1780456769,116.690694
1780456769,112.805070
1780456769,110.504273
1780456769,112.250010
1780456769,112.771488
1780456769,117.809876
1780456769,111.581564
1780456769,112.838044
1780456769,104.301918
1780456769,117.029515
1780456769,116.921710
1780456769,117.257295
1780456769,116.684141
1780456769,123.900608
1780456769,120.348821
1780456769,122.187666
1780456769,120.527110
1780456769,123.330228
1780456769,122.005854
1780456769,106.947250
1780456769,105.101120
1780456769,120.266761
1780456769,120.405352
1780456769,121.050357
1780456769,112.612398
1780456769,120.320207
1780456769,120.599488
1780456769,112.601494
1780456769,112.568982
1780456769,111.660666
1780456769,114.090534
1780456769,122.636937
1780456769,114.008026
1780456769,121.548166
1780456769,114.095941
1780456769,121.407255
1780456769,107.880490
1780456769,107.757169
1780456769,119.861525
1780456769,108.521124
1780456769,111.934664
1780456769,108.474452
1780456769,114.103523
1780456769,107.500496
1780456769,121.072565
1780456769,119.909252
1780456769,106.106685
1780456769,112.309003
1780456769,112.779202
1780456769,102.440490
1780456769,106.474273
1780456769,120.824248
1780456769,103.799323
1780456769,113.135217
1780456769,120.746488
1780456769,111.358558
1780456769,120.275822
1780456769,118.000078
1780456769,110.749893
1780456769,119.355022
1780456769,116.728045
1780456769,116.226217
1780456769,120.351252
1780456769,111.094446
1780456769,116.378379
1780456769,120.003908
1780456769,116.322543
1780456769,116.727636
1780456769,111.484620
1780456769,116.888292
1780456769,117.184510
1780456769,102.696148
1780456769,117.451424
1780456769,120.832063
1780456769,115.706197
1780456769,121.165461
1780456769,121.112440
1780456769,114.244389
1780456769,120.663645
1780456769,103.656887
1780456769,114.374122
1780456769,111.181352
1780456769,120.766731
1780456769,114.783438
1780456769,104.664340
1780456769,114.358722
1780456769,106.693637
1780456769,104.888990
1780456769,114.001517
1780456769,103.751484
1780456769,115.744644
1780456769,103.931983
1780456769,103.852030
1780456769,105.582786
1780456769,107.093977
1780456769,104.489214
1780456769,106.339090
1780456769,126.116824
1780456769,130.397138
1780456769,124.469020
1780456769,113.838439
1780456769,130.302687
1780456769,106.296240
1780456769,121.424719
1780456769,127.667668
1780456769,112.774255
1780456769,121.736991
1780456769,121.737838
1780456769,126.814964
1780456769,113.728037
1780456769,130.042666
1780456769,114.210227
1780456769,119.146864
1780456769,114.242594
1780456769,121.850467
1780456769,115.784703
1780456769,121.949839
1780456769,115.929974
1780456769,127.082040
1780456769,127.254857
1780456769,117.613375
1780456769,128.169130
1780456769,128.426276
1780456769,126.330929
1780456769,129.021515
1780456769,110.298327
1780456769,129.126799
1780456769,119.588564
1780456769,119.556526
1780456769,114.956899
1780456769,107.093423
1780456769,126.577175
1780456769,104.977624
1780456769,115.561743
1780456769,107.421968
1780456769,105.715286
1780456769,114.961486
1780456769,114.872838
1780456769,109.114764
1780456769,106.199421
1780456769,109.329421
1780456769,119.820695
1780456769,126.913788
1780456769,127.877822
1780456769,102.817875
1780456769,102.616150
1780456769,109.186786
1780456769,102.991567
1780456769,126.785086
1780456769,108.043212
1780456769,108.028416
1780456769,125.807370
1780456769,106.885585
1780456769,123.377690
1780456769,125.409197
1780456769,123.034105
1780456769,103.417437
1780456769,122.862908
1780456769,108.453986
1780456769,112.313550
1780456769,122.998442
1780456769,107.052295
1780456769,103.762376
1780456769,103.754105
1780456769,114.214054
1780456769,123.548086
1780456769,115.073366
1780456769,123.783254
1780456769,102.939529
1780456769,103.062905
1780456769,108.048590
1780456769,113.339868
1780456769,124.154961
1780456769,107.791342
1780456769,112.692585
1780456769,108.596250
1780456769,124.385580
1780456769,103.467878
1780456769,108.593506
1780456769,103.677833
1780456769,113.241538
1780456769,104.058377
1780456769,112.495975
1780456769,111.091677
1780456769,106.116061
1780456769,104.780270
1780456769,106.201643
1780456769,112.918627
1780456769,106.454356
1780456769,112.890829
1780456769,103.723772
1780456769,106.695096
1780456769,111.567581
1780456769,110.117125
1780456769,115.372347
1780456769,111.644115
1780456769,126.804748
1780456769,106.708347
1780456769,124.120552
1780456769,109.865086
1780456769,114.515306
1780456769,109.601853
1780456769,115.041521
1780456769,113.854431
1780456769,110.520858
1780456769,114.958326
1780456769,104.213588
1780456769,110.433234
1780456769,107.120420
1780456769,110.626177
1780456769,107.406774
1780456769,113.568203
1780456769,103.139532
1780456769,124.679488
1780456769,112.749470
1780456769,104.695617
1780456769,123.029333
1780456769,123.118056
1780456769,103.897971
1780456769,123.526554
1780456769,106.490737
1780456769,106.894582
1780456770,107.117308
1780456770,107.464598
1780456770,105.835448
1780456770,103.275611
1780456770,103.579626
1780456770,106.492001
1780456770,106.656708
1780456770,106.628436
1780456770,108.005478
1780456770,106.935475
1780456770,107.069449
1780456770,105.957680
1780456770,105.982647
1780456770,105.952904
1780456770,106.072299
1780456770,104.999233
1780456770,105.112129
1780456770,105.235660
1780456770,109.358471
1780456770,109.094549
1780456770,109.529420
1780456770,114.459002
1780456770,106.783483
1780456770,126.486856
1780456770,125.558782
1780456770,106.771771
1780456770,126.543361
1780456770,109.339002
1780456770,125.622100
1780456770,126.677888
1780456770,109.718909
1780456770,125.183319
1780456770,105.856569
1780456770,122.817312
1780456770,105.163358
1780456770,103.654193
1780456770,126.034175
1780456770,125.270730
1780456770,105.234592
1780456770,125.511382
1780456770,105.458222
1780456770,105.641588
1780456770,126.423850
1780456770,104.319432
1780456770,104.351656
1780456770,125.215726
1780456770,104.200426
1780456770,104.142101
1780456770,104.511357
1780456770,124.636689
1780456770,121.625846
1780456770,104.204419
1780456770,121.682748
1780456770,104.218590
1780456770,105.084363
1780456770,121.059336
1780456770,121.924768
1780456770,121.344157
1780456770,119.844431
1780456770,121.531754
1780456770,119.967420
1780456770,119.957856
1780456770,120.266230
1780456770,118.762400
1780456770,118.572051
1780456770,119.172747
1780456770,104.827250
1780456770,103.451883
1780456770,103.765559
1780456770,104.598460
1780456770,105.013170
1780456770,104.923058
1780456770,119.837770
1780456770,117.287742
1780456770,120.260761
1780456770,103.667002
1780456770,117.060131
1780456770,105.293148
1780456770,105.345134
1780456770,116.245376
1780456770,117.916208
1780456770,104.528065
1780456770,116.683782
1780456770,116.440427
1780456770,116.546457
1780456770,104.672556
1780456770,106.313697
1780456770,102.819531
1780456770,105.324227
1780456770,117.568305
1780456770,114.529882
1780456770,105.044032
1780456770,105.832356
1780456770,116.560992
1780456770,115.420397
1780456770,116.652044
1780456770,107.421279
1780456770,116.696312
1780456770,108.969888
1780456770,115.677753
1780456770,109.124048
1780456770,109.404107
1780456770,109.479067
1780456770,108.195759
1780456770,104.112956
1780456770,102.126681
1780456770,102.542246
1780456770,102.888489
1780456770,103.086442
1780456770,103.075118
1780456770,103.487456
1780456770,102.380166
1780456770,103.824448
1780456770,102.937452
1780456770,103.861304
1780456770,104.123563
1780456770,103.073769
1780456770,103.236546
1780456770,103.230230
1780456770,104.438769
1780456770,104.279080
1780456770,104.350687
1780456770,104.536531
1780456770,104.430210
1780456770,103.433509
1780456770,104.815954
1780456770,103.642353
1780456770,104.912422
1780456770,104.890839
1780456770,102.562098
1780456770,102.450168
1780456770,104.165050
1780456770,103.812986
1780456770,105.155871
1780456770,104.041673
1780456770,103.992742
1780456770,102.868485
1780456770,102.732639
1780456770,104.922491
1780456770,104.728921
1780456770,105.070051
1780456770,104.604860
1780456770,104.763788
1780456770,105.384478
1780456770,103.805194
1780456770,103.497700
1780456770,103.743163
1780456770,103.538632
1780456770,105.495670
1780456770,105.450407
1780456770,104.983900
1780456770,106.103755
1780456770,105.879034
1780456770,107.371112
1780456770,106.037457
1780456770,106.653123
1780456770,106.233557
1780456770,107.276187
1780456770,107.890268
1780456770,106.536997
1780456770,107.678151
1780456770,107.788826
1780456770,107.959431
1780456770,106.776758
1780456770,106.621757
1780456770,108.406975
1780456770,108.337773
1780456770,106.453628
1780456770,107.749766
1780456770,107.894781
1780456770,107.585773
1780456770,108.519220
1780456770,107.076311
1780456770,108.951865
1780456770,108.744920
1780456770,108.075177
1780456770,108.570039
1780456770,109.117057
1780456770,109.218094
1780456770,108.310459
1780456770,108.187577
1780456770,110.506964
1780456770,110.571352
1780456770,104.428005
1780456770,110.527559
1780456770,105.911777
1780456770,111.275306
1780456770,111.133922
1780456770,111.539387
1780456770,109.295331
1780456770,112.924399
1780456770,112.842535
1780456770,112.912765
1780456770,112.556720
1780456770,111.970416
1780456770,113.403500
1780456770,114.059673
1780456770,113.392275
1780456770,114.312805
1780456770,109.678777
1780456770,109.859268
1780456770,114.259197
1780456770,113.712488
1780456770,113.492382
1780456770,113.761586
1780456770,114.322499
1780456770,114.309482
1780456770,110.894777
1780456770,114.344593
1780456770,111.136193
1780456770,115.078950
1780456770,111.068390
1780456770,110.830391
1780456770,114.715775
1780456770,111.674547
1780456770,115.991688
1780456770,116.840442
1780456770,116.994063
1780456770,112.373845
1780456770,111.503892
1780456770,103.537545
1780456770,103.970553
1780456770,112.070402
1780456770,104.323674
1780456770,105.086602
1780456770,109.293643
1780456770,103.902361
1780456770,105.183806
1780456770,105.098364
1780456770,104.028777
1780456770,120.423583
1780456770,120.185927
1780456770,116.285527
1780456770,120.607169
1780456770,111.349051
1780456770,120.949451
1780456770,120.542823
1780456770,116.654363
1780456770,111.011297
1780456770,116.490936
1780456770,113.286601
1780456770,113.987723
1780456770,115.218512
1780456770,111.499178
1780456770,111.138662
1780456770,107.389833
1780456770,117.200325
1780456770,111.829128
1780456770,116.474979
1780456770,117.716888
1780456770,117.414953
1780456770,115.072284
1780456770,114.604026
1780456770,108.697086
1780456770,115.588469
1780456770,109.487694
1780456770,115.844226
1780456770,109.004992
1780456770,112.325514
1780456770,114.329952
1780456770,108.475233
1780456770,109.080742
1780456770,110.208132
1780456770,116.071680
1780456770,102.637940
1780456770,111.773597
1780456770,110.535824
1780456770,110.620022
1780456770,110.503692
1780456770,103.065575
1780456770,110.774054
1780456770,115.401985
1780456770,113.849562
1780456770,110.724629
1780456770,110.066290
1780456770,118.542907
1780456770,117.408177
1780456770,117.575419
1780456770,112.732958
1780456770,117.528789
1780456770,114.200437
1780456770,117.177105
1780456770,111.321927
1780456770,117.603568
1780456770,114.559297
1780456770,117.734809
1780456770,110.268493
1780456770,115.918122
1780456770,115.965797
1780456770,114.933853
1780456770,111.640784
1780456770,115.804695
1780456770,117.399295
1780456770,111.799109
1780456770,115.405672
1780456770,102.401562
1780456770,111.586030
1780456770,112.104102
1780456770,116.605368
1780456770,111.872598
1780456770,113.865156
1780456770,114.062269
1780456770,111.976438
1780456770,112.417754
1780456770,112.249520
1780456770,116.463045
1780456770,112.058340
1780456770,112.356332
1780456770,114.474846
1780456770,111.946052
1780456770,111.550535
1780456770,112.801944
1780456770,110.883643
1780456770,112.273548
1780456770,112.718116
1780456770,113.004527
1780456770,109.088424
1780456770,118.407362
1780456770,115.504693
1780456770,114.194678
1780456770,113.140768
1780456770,115.773309
1780456770,118.986536
1780456770,118.686596
1780456770,114.584120
1780456770,108.681289
1780456770,114.330815
1780456770,114.466422
1780456770,116.721025
1780456770,113.790620
1780456770,117.285056
1780456770,114.764290
1780456770,108.423751
1780456770,114.745656
1780456770,116.231991
1780456770,115.516238
1780456770,115.016223
1780456770,115.567213
1780456770,115.980863
1780456770,115.695772
1780456770,114.972752
1780456770,115.952204
1780456770,115.234301
1780456770,115.882951
1780456770,119.478528
1780456770,116.369056
1780456770,120.254316
1780456770,115.530207
1780456770,120.437570
1780456770,117.166588
1780456770,116.279764
1780456770,117.578385
1780456770,116.989831
1780456770,117.306662
1780456770,116.774275
1780456770,119.106927
1780456770,117.089370
1780456770,117.693528
1780456770,115.755390
1780456770,116.707157
1780456770,117.136766
1780456770,113.049198
1780456770,113.063715
1780456770,117.734349
1780456770,115.719742
1780456770,120.902058
1780456770,115.112647
1780456770,119.919180
1780456770,110.609968
1780456770,118.505931
1780456770,114.234341
1780456770,120.556499
1780456770,120.686040
1780456770,118.089132
1780456770,118.551712
1780456770,118.376431
1780456770,118.495367
1780456770,118.997052
1780456770,107.686352
1780456770,121.212764
1780456770,107.125769
1780456770,107.945962
1780456770,107.518085
1780456770,118.796579
1780456770,116.464012
1780456770,121.304385
1780456770,121.305197
1780456770,119.392054
1780456770,119.264785
1780456770,119.201017
1780456770,119.471148
1780456770,110.494866
1780456770,118.471762
1780456770,118.057068
1780456770,109.155367
1780456770,109.076946
1780456770,120.419112
1780456770,120.543808
1780456770,121.623798
1780456770,121.597534
1780456770,109.626211
1780456770,121.599716
1780456770,120.834281
1780456770,117.221059
1780456770,120.851679
1780456770,120.877640
1780456770,109.782061
1780456770,121.310672
1780456770,112.734173
1780456770,109.711928
1780456770,109.848870
1780456770,109.927055
1780456770,112.483106
1780456770,110.066637
1780456770,112.535876
1780456770,116.919270
1780456770,121.016689
1780456770,110.299238
1780456770,117.190069
1780456770,111.518218
1780456770,117.252779
1780456770,111.623955
1780456770,110.694519
1780456770,111.553158
1780456770,111.631848
1780456770,114.625578
1780456770,120.446578
1780456770,117.892877
1780456770,112.150925
1780456770,111.714530
1780456770,111.202621
1780456770,115.158143
1780456770,115.186417
1780456770,119.514151
1780456770,112.492087
1780456770,111.559579
1780456770,119.626948
1780456770,115.514789
1780456770,112.195115
1780456770,118.180122
1780456770,104.031287
1780456770,112.893027
1780456770,116.238414
1780456770,112.227243
1780456770,112.652823
1780456770,116.059699
1780456770,114.993353
1780456770,120.899179
1780456770,103.599195
1780456770,112.698379
1780456770,116.881333
1780456770,118.249669
1780456770,112.225412
1780456770,113.248651
1780456770,113.938151
1780456770,113.196718
1780456770,117.253422
1780456770,117.571799
1780456770,113.695844
1780456770,112.619396
1780456770,117.220161
1780456770,117.589325
1780456770,104.852997
1780456770,110.802487
1780456770,115.309955
1780456770,115.423828
1780456770,115.341264
1780456770,109.812651
1780456770,118.722449
1780456770,119.576560
1780456770,108.000017
1780456770,118.890476
1780456770,119.377384
1780456770,118.724060
1780456770,119.395273
1780456770,115.769025
1780456770,116.762030
1780456770,113.688409
1780456770,117.005634
1780456770,119.204786
1780456770,119.871891
1780456770,114.062338
1780456770,119.922343
1780456770,120.039090
1780456770,116.652348
1780456770,118.264781
1780456770,107.966987
1780456770,121.218259
1780456770,117.896440
1780456770,108.185834
1780456770,117.878371
1780456770,108.271600
1780456770,108.277529
1780456770,120.135731
1780456770,118.331128
1780456770,108.507005
1780456770,108.344311
1780456770,122.403120
1780456770,122.615880
1780456770,117.942716
1780456770,122.278784
1780456770,109.482002
1780456770,120.303601
1780456770,124.231278
1780456770,120.338026
1780456770,119.468060
1780456770,126.484202
1780456770,126.157299
1780456770,116.325539
1780456770,121.676691
1780456770,128.787328
1780456770,127.852807
1780456770,125.855143
1780456770,111.349028
1780456770,125.980784
1780456770,111.390172
1780456770,121.631161
1780456770,118.736548
1780456770,126.494369
1780456770,126.071684
1780456770,126.496840
1780456770,111.682497
1780456770,111.629815
1780456770,121.726835
1780456770,120.855512
1780456770,125.970967
1780456770,126.705991
1780456770,109.586732
1780456770,109.554340
1780456770,126.799571
1780456770,110.538795
1780456770,126.452069
1780456770,110.575012
1780456770,125.870710
1780456770,121.162226
1780456770,112.108645
1780456770,127.332008
1780456770,123.969601
1780456770,127.091845
1780456770,124.123893
1780456770,126.373282
1780456770,123.301773
1780456770,123.337070
1780456770,124.289805
1780456770,124.434928
1780456770,112.809380
1780456770,124.542282
1780456770,121.252850
1780456770,126.949428
1780456770,125.152881
1780456770,120.782223
1780456770,120.535842
1780456770,119.453401
1780456770,127.562999
1780456770,120.904487
1780456770,122.221281
1780456770,128.532453
1780456770,126.256820
1780456770,129.573252
1780456770,129.483456
1780456770,129.620252
1780456770,125.766956
1780456770,126.745110
1780456770,129.278246
1780456770,126.702205
1780456770,126.436282
1780456770,122.774061
1780456770,130.390546
1780456770,127.298353
1780456770,130.478027
1780456770,127.694513
1780456770,127.926980
1780456770,127.955366
1780456770,128.236706
1780456770,130.859114
1780456770,120.162036
1780456770,112.955414
1780456770,124.343038
1780456770,123.279428
1780456770,120.666217
1780456770,121.974210
1780456770,120.755195
1780456770,123.293291
1780456770,122.018353
1780456770,120.821704
1780456770,115.734369
1780456770,127.957249
1780456770,132.116136
1780456770,122.844971
1780456770,120.441425
1780456770,129.180935
1780456770,120.588803
1780456770,121.057404
1780456770,129.163845
1780456770,128.416341
1780456770,115.809529
1780456770,115.859001
1780456770,114.475243
1780456770,107.038501
1780456770,134.764829
1780456770,135.974219
1780456770,131.408858
1780456770,122.866849
1780456770,135.393725
1780456770,122.827562
1780456770,117.279757
1780456770,131.482131
1780456770,135.419494
1780456770,120.838430
1780456770,116.180983
1780456770,116.648206
1780456770,120.813728
1780456770,117.410532
1780456770,115.247336
1780456770,119.612281
1780456770,110.838611
1780456770,108.292819
1780456770,135.974051
1780456770,137.284624
1780456770,119.010325
1780456770,132.445086
1780456770,137.275999
1780456770,118.912106
1780456770,115.969710
1780456770,131.236280
1780456770,118.975632
1780456770,119.097664
1780456770,119.135797
1780456770,119.098398
1780456770,119.209039
1780456770,119.038227
1780456770,119.215398
1780456770,119.264271
1780456770,137.455344
1780456770,132.922703
1780456770,110.371609
1780456770,132.283628
1780456770,131.472522
1780456770,138.606457
1780456770,120.654106
1780456770,138.606242
1780456770,118.642374
1780456770,118.743396
1780456770,135.860435
1780456770,117.749533
1780456770,113.262879
1780456770,135.882573
1780456770,107.930272
1780456770,116.956026
1780456770,132.023804
1780456770,113.876764
1780456770,136.278857
1780456770,102.894267
1780456770,132.489895
1780456770,114.241362
1780456770,103.626059
1780456770,104.278696
1780456770,104.314506
1780456770,126.027738
1780456770,144.566051
1780456770,126.110082
1780456770,144.525517
1780456770,119.142913
1780456770,125.988183
1780456770,144.514202
1780456770,119.509645
1780456770,119.215589
1780456770,125.987364
1780456770,126.115641
1780456770,144.896718
1780456770,126.236971
1780456770,126.412060
1780456770,118.689339
1780456770,126.644072
1780456770,144.842548
1780456770,144.579754
1780456770,126.791152
1780456770,145.082228
1780456770,134.226308
1780456770,119.885066
1780456770,118.472085
1780456770,144.866034
1780456770,118.554570
1780456770,126.725103
1780456770,145.102434
1780456770,117.316302
1780456770,102.706637
1780456770,138.738398
1780456770,117.716529
1780456770,118.260615
1780456770,117.836478
1780456770,145.784668
1780456770,118.448025
1780456770,117.138114
1780456770,121.556761
1780456770,146.347771
1780456770,119.051049
1780456770,128.444642
1780456770,128.630828
1780456770,148.638564
1780456770,127.308819
1780456770,139.461659
1780456770,120.093943
1780456770,118.446425
1780456770,149.165253
1780456770,117.407981
1780456770,120.656624
1780456770,149.620848
1780456770,126.008218
1780456770,149.955283
1780456770,120.982899
1780456770,121.121842
1780456770,121.213249
1780456770,145.498057
1780456770,117.878056
1780456770,123.216138
1780456770,146.074385
1780456770,139.263548
1780456770,103.132739
1780456770,118.863472
1780456770,146.565960
1780456770,138.190189
1780456770,117.327989
1780456770,144.061040
1780456770,144.501379
1780456770,132.333673
1780456770,135.303465
1780456770,133.728758
1780456770,135.180191
1780456770,135.202483
1780456770,142.434984
1780456770,135.462372
1780456770,135.323722
1780456770,135.518916
1780456770,135.572106
1780456770,125.705733
1780456770,125.179358
1780456770,140.226446
1780456770,129.890594
1780456770,131.221628
1780456770,127.811781
1780456770,148.514380
1780456770,135.899776
1780456770,127.964765
1780456770,133.273220
1780456770,134.641915
1780456770,143.146400
1780456770,128.207147
1780456770,148.785497
1780456770,142.050545
1780456770,136.444336
1780456770,143.486737
1780456770,122.649251
1780456770,145.409770
1780456770,118.689803
1780456770,122.818494
1780456770,122.942047
1780456770,145.712310
1780456770,111.182958
1780456770,125.965545
1780456770,113.790045
1780456770,111.306852
1780456770,119.011649
1780456770,128.011763
1780456770,147.119419
1780456770,110.716080
1780456770,117.271270
1780456770,118.093911
1780456770,119.085445
1780456770,145.987278
1780456770,150.177424
1780456770,117.644961
1780456770,109.793221
1780456770,143.209824
1780456770,146.908114
1780456770,143.149642
1780456770,142.936922
1780456770,147.106024
1780456770,143.277981
1780456770,143.942119
1780456770,143.733331
1780456770,144.035153
1780456770,143.055766
1780456770,136.052355
1780456770,143.292424
1780456770,143.638989
1780456770,137.874584
1780456770,140.735014
1780456770,122.973738
1780456770,117.696312
1780456770,118.556820
1780456770,118.380109
1780456770,122.224614
1780456770,141.249207
1780456770,121.136298
1780456770,123.363660
1780456770,144.521744
1780456770,145.864096
1780456770,137.476654
1780456770,133.837023
1780456770,152.394501
1780456770,125.359526
1780456770,125.680543
1780456770,106.688155
1780456770,106.646110
1780456770,125.889769
1780456770,107.155013
1780456770,125.960729
1780456770,125.946829
1780456770,107.912543
1780456770,106.514847
1780456770,124.752736
1780456770,136.161528
1780456770,136.138939
1780456770,108.361788
1780456770,107.164865
1780456770,147.214918
1780456770,125.787294
1780456770,141.520440
1780456770,136.569789
1780456770,122.710494
1780456770,123.262526
1780456770,125.903936
1780456770,148.267094
1780456770,133.409461
1780456770,140.496401
1780456770,133.403665
1780456770,131.047347
1780456770,103.164770
1780456770,103.316587
1780456770,103.388692
1780456770,122.790821
1780456770,128.208920
1780456770,134.080556
1780456770,134.062208
1780456770,124.489054
1780456770,127.221243
1780456770,126.732470
1780456770,126.371188
1780456770,126.435884
1780456770,142.607744
1780456770,142.918399
1780456770,140.255381
1780456770,141.294736
1780456770,141.282360
1780456770,140.601688
1780456770,141.278954
1780456770,140.756237
1780456770,139.664971
1780456770,136.308226
1780456770,140.769601
1780456770,133.789189
1780456770,111.215242
1780456770,147.904707
1780456770,109.564529
1780456770,111.417695
1780456770,139.742865
1780456770,136.545617
1780456770,134.174033
1780456770,139.802665
1780456770,129.590746
1780456770,138.295998
1780456770,138.244503
1780456770,135.951777
1780456770,138.300976
1780456770,138.530137
1780456770,138.791556
1780456770,136.112231
1780456770,142.393297
1780456770,115.879271
1780456770,142.515118
1780456770,138.594801
1780456770,138.630294
1780456770,136.195846
1780456770,118.569874
1780456770,138.554171
1780456770,120.681301
1780456770,119.196520
1780456770,116.554156
1780456770,138.963245
1780456770,135.401360
1780456770,138.244101
1780456770,114.100987
1780456770,116.018272
1780456770,115.078541
1780456770,116.249027
1780456770,136.229152
1780456770,102.261281
1780456770,136.531973
1780456770,136.931022
1780456770,114.472037
1780456770,114.330620
1780456770,114.222391
1780456770,114.523888
1780456770,137.180818
1780456770,102.374520
1780456770,114.521662
1780456770,112.974419
1780456770,102.505306
1780456770,137.513790
1780456770,102.917143
1780456770,114.526416
1780456770,138.110495
1780456770,104.350512
1780456770,115.909859
1780456770,139.109757
1780456770,114.021747
1780456770,115.247766
1780456770,115.268389
1780456770,114.834536
1780456770,124.638060
1780456770,123.166928
1780456770,124.417640
1780456770,124.201317
1780456770,116.112439
1780456770,116.171690
1780456770,116.197622
1780456770,116.246728
1780456770,116.262570
1780456770,116.118823
1780456770,125.406505
1780456770,123.342309
1780456770,122.714590
1780456770,123.281166
1780456770,124.674852
1780456770,121.901103
1780456770,115.736426
1780456770,122.674582
1780456770,121.449941
1780456770,122.788788
1780456770,102.675833
1780456770,122.921177
1780456770,115.807943
1780456770,114.932116
1780456770,115.133331
1780456770,123.200826
1780456770,122.976477
1780456770,115.342496
1780456770,115.685507
1780456770,104.361104
1780456770,116.005153
1780456770,119.348482
1780456770,116.178992
1780456770,121.832651
1780456770,116.353737
1780456770,115.598895
1780456770,115.984286
1780456770,119.546518
1780456770,115.502612
1780456770,103.883908
1780456770,115.684056
1780456770,114.842386
1780456770,120.230796
1780456770,120.436580
1780456770,123.202662
1780456770,104.406606
1780456770,115.096044
1780456770,123.462999
1780456770,120.043104
1780456770,119.271345
1780456770,115.242967
1780456770,122.878959
1780456770,104.754886
1780456770,104.007593
1780456770,123.563929
1780456770,124.008372
1780456770,103.582488
1780456770,121.648434
1780456770,103.650051
1780456770,123.382549
1780456770,125.302216
1780456770,125.273829
1780456770,104.070440
1780456770,121.469116
1780456770,120.529103
1780456770,109.849424
1780456770,108.357003
1780456770,108.289467
1780456770,108.553045
1780456770,108.575245
1780456770,108.843049
1780456770,107.364493
1780456770,109.189849
1780456770,105.489806
1780456770,106.967563
1780456770,107.654741
1780456770,107.761351
1780456770,107.853000
1780456770,102.530451
1780456770,103.098353
1780456770,103.589335
1780456770,103.188624
1780456770,123.521877
1780456770,104.453377
1780456770,104.201620
1780456770,104.459762
1780456770,104.271526
1780456770,115.959076
1780456770,114.483115
1780456770,104.520698
1780456770,114.596975
1780456770,124.398825
1780456770,114.684536
1780456770,114.805405
1780456770,104.905877
1780456770,105.069151
1780456770,112.972232
1780456770,105.187697
1780456770,105.303302
1780456770,105.185261
1780456770,105.499815
1780456770,113.384696
1780456770,113.448723
1780456770,104.968458
1780456770,111.440921
1780456770,112.172619
1780456770,106.152194
1780456770,112.253484
1780456770,112.203405
1780456770,105.983907
1780456770,106.992679
1780456770,106.691197
1780456770,107.240197
1780456770,107.355187
1780456770,107.601037
1780456770,107.516691
1780456770,107.834416
1780456770,108.717190
1780456770,107.859694
1780456770,107.976188
1780456770,108.107937
1780456770,108.218691
1780456770,108.231629
1780456770,108.445638
1780456770,108.830244
1780456770,109.092063
1780456770,109.204620
1780456770,109.493435
1780456770,109.478716
1780456770,112.099106
1780456770,112.108293
1780456770,112.246985
1780456770,112.353245
1780456770,112.316306
1780456770,112.543474
1780456770,108.826681
1780456770,112.607761
1780456770,105.013144
1780456770,112.321959
1780456770,107.954206
1780456770,112.421813
1780456770,112.540853
1780456770,112.642117
1780456770,113.430392
1780456770,112.686497
1780456770,105.770262
1780456770,112.797702
1780456770,110.087222
1780456770,113.166969
1780456770,108.756898
1780456770,109.138207
1780456770,113.824441
1780456770,113.966978
1780456770,113.952846
1780456770,109.335311
1780456770,105.925436
1780456770,106.160295
1780456770,106.163475
1780456770,105.992325
1780456770,106.192961
1780456770,106.178822
1780456770,112.698187
1780456770,107.617276
1780456770,104.956671
1780456770,106.169615
1780456770,106.309126
1780456770,109.338002
1780456770,109.377866
1780456770,107.363719
1780456770,110.094545
1780456770,110.337921
1780456770,108.200911
1780456770,110.490384
1780456770,110.855295
1780456770,110.989468
1780456770,108.586608
1780456770,110.813724
1780456770,110.266179
1780456770,112.198266
1780456770,112.640921
1780456770,112.483691
1780456770,114.478673
1780456770,112.636363
1780456770,112.623477
1780456770,112.720417
1780456770,112.751458
1780456770,112.645981
1780456770,112.693000
1780456770,106.032921
1780456770,105.920802
1780456770,106.164700
1780456770,107.807393
1780456770,106.139093
1780456770,108.384379
1780456770,108.124173
1780456770,105.471383
1780456770,106.183781
1780456770,106.805702
1780456770,103.205809
1780456770,107.315692
1780456770,107.882871
1780456770,107.862554
1780456770,107.603957
1780456770,107.614292
1780456770,107.700774
1780456770,103.323389
1780456770,107.740737
1780456770,108.141743
1780456770,107.951775
1780456770,107.952659
1780456770,108.063752
1780456770,103.666059
1780456770,103.741848
1780456770,105.080049
1780456770,104.263121
1780456770,105.675009
1780456770,106.582388
1780456770,105.369910
1780456770,108.321911
1780456770,108.243609
1780456770,108.375275
1780456770,108.468159
1780456770,108.328949
1780456770,112.953213
1780456770,108.651255
1780456770,108.825759
1780456770,108.687213
1780456770,108.611125
1780456770,108.910780
1780456770,108.753227
1780456770,108.902790
1780456770,105.557371
1780456770,107.275089
1780456770,105.980162
1780456770,106.193591
1780456770,107.788896
1780456770,106.440327
1780456770,106.549166
1780456770,111.285139
1780456770,110.878908
1780456770,108.114892
1780456770,107.123663
1780456770,108.940663
1780456770,109.111545
1780456770,109.156842
1780456770,107.554876
1780456770,109.729889
1780456770,107.763775
1780456770,110.146391
1780456770,104.459414
1780456770,103.538998
1780456770,111.410055
1780456770,111.235513
1780456770,107.584981
1780456770,110.295894
1780456770,106.897289
1780456770,110.307321
1780456770,111.606091
1780456770,111.886237
1780456770,110.755150
1780456770,111.777101
1780456770,107.499032
1780456770,111.086812
1780456770,112.431786
1780456770,112.623766
1780456770,110.851349
1780456770,113.158923
1780456770,107.023954
1780456770,110.693353
1780456770,113.831159
1780456770,113.870803
1780456770,110.559157
1780456770,114.528143
1780456770,114.450748
1780456770,114.513782
1780456770,111.188592
1780456770,114.526952
1780456770,114.805002
1780456770,114.049999
1780456770,114.502620
1780456770,114.611288
1780456770,110.590106
1780456770,110.213912
1780456770,110.742228
1780456770,111.187230
1780456770,111.577334
1780456770,107.809050
1780456770,111.538397
1780456770,109.855984
1780456770,108.245727
1780456770,111.558283
1780456770,111.701855
1780456770,112.084490
1780456770,108.696305
1780456770,112.095742
1780456770,112.329266
1780456770,108.955948
1780456770,106.619619
1780456770,108.324001
1780456770,107.133157
1780456770,106.375568
1780456770,107.084956
1780456770,105.479222
1780456770,105.620123
1780456770,109.352938
1780456770,108.219011
1780456770,108.367945
1780456770,113.296769
1780456770,103.818297
1780456770,108.955366
1780456770,108.778896
1780456770,108.912384
1780456770,107.327750
1780456770,112.055392
1780456770,107.391529
1780456770,112.840632
1780456770,109.074351
1780456770,112.717657
1780456770,109.216072
1780456770,110.889733
1780456770,103.758205
1780456770,109.587917
1780456770,104.998973
1780456770,114.429874
1780456770,114.579164
1780456770,114.532438
1780456770,109.536905
1780456770,109.748423
1780456770,114.796878
1780456770,110.967769
1780456770,109.672410
1780456770,109.764785
1780456770,112.337414
1780456770,107.217450
1780456770,112.731829
1780456770,112.431428
1780456770,112.725302
1780456770,109.386318
1780456770,118.629722
1780456770,118.874886
1780456770,105.937172
1780456770,109.603274
1780456770,115.389935
1780456770,118.723326
1780456770,118.788085
1780456770,118.890870
1780456770,119.118535
1780456770,115.537645
1780456770,113.340350
1780456770,114.026554
1780456770,114.046620
1780456770,107.148111
1780456770,109.285022
1780456770,106.626738
1780456770,109.307288
1780456770,113.055922
1780456770,112.963373
1780456770,112.787747
1780456770,115.706508
1780456770,115.231017
1780456770,117.125718
1780456770,116.626740
1780456770,116.545672
1780456770,117.586985
1780456770,117.686698
1780456770,117.599994
1780456770,117.772408
1780456770,109.405273
1780456770,114.484803
1780456770,110.919462
1780456770,114.618123
1780456770,105.908069
1780456770,104.810079
1780456770,105.325204
1780456770,120.617518
1780456770,120.546936
1780456770,120.620851
1780456770,120.722439
1780456770,118.613076
1780456770,112.833065
1780456770,106.546508
1780456770,114.106836
1780456770,122.201763
1780456770,121.483628
1780456770,120.277813
1780456770,120.514039
1780456770,107.906275
1780456770,108.854688
1780456770,110.467589
1780456770,120.995670
1780456770,108.500154
1780456770,107.590625
1780456770,106.524093
1780456770,108.466711
1780456770,108.602905
1780456770,107.107777
1780456770,108.730303
1780456770,107.795221
1780456770,108.408357
1780456770,102.569714
1780456770,109.856223
1780456770,115.939553
1780456770,109.795023
1780456770,116.229544
1780456770,109.399936
1780456770,110.081991
1780456770,107.035829
1780456770,110.242254
1780456770,109.050089
1780456770,106.674848
1780456770,117.871361
1780456770,106.645210
1780456770,109.423609
1780456770,116.803410
1780456770,106.575937
1780456770,111.014277
1780456770,117.140706
1780456770,111.205163
1780456770,110.346014
1780456770,102.603038
1780456770,106.740171
1780456770,117.287814
1780456770,106.439288
1780456770,106.992755
1780456770,102.801842
1780456770,111.681302
1780456770,119.965082
1780456770,112.076241
1780456770,112.789883
1780456770,118.779670
1780456770,118.893644
1780456770,120.707367
1780456770,112.245491
1780456770,118.442686
1780456770,117.483935
1780456770,113.026778
1780456770,103.063294
1780456770,113.384835
1780456770,107.134430
1780456770,109.154535
1780456770,106.321210
1780456770,109.655009
1780456770,120.762784
1780456770,117.457832
1780456770,106.405770
1780456770,120.618369
1780456770,117.144713
1780456770,118.109608
1780456770,119.083050
1780456770,110.261140
1780456770,106.733799
1780456770,110.668296
1780456770,110.661476
1780456770,110.839717
1780456770,110.854117
1780456770,121.212815
1780456770,109.186731
1780456770,121.008753
1780456770,117.919933
1780456770,107.566004
1780456770,107.889439
1780456770,115.768423
1780456770,121.631870
1780456770,128.932901
1780456770,119.587776
1780456770,126.257294
1780456770,119.718262
1780456770,108.711437
1780456770,129.261512
1780456770,108.959347
1780456770,112.914079
1780456770,117.761741
1780456770,126.108329
1780456770,115.170197
1780456770,121.822162
1780456770,125.598194
1780456770,133.363486
1780456770,120.137816
1780456770,109.118542
1780456770,121.734193
1780456770,120.333010
1780456770,125.595231
1780456770,111.886000
1780456770,133.780861
1780456770,121.192675
1780456770,109.598505
1780456770,119.640688
1780456770,111.056272
1780456770,119.714549
1780456770,134.737645
1780456770,134.807217
1780456770,121.505568
1780456770,134.940333
1780456770,117.972847
1780456770,110.816825
1780456770,135.013896
1780456770,110.732907
1780456770,118.182679
1780456770,134.905840
1780456770,111.543360
1780456770,135.160278
1780456770,113.663306
1780456770,111.854931
1780456770,136.370686
1780456770,121.941244
1780456770,113.235287
1780456770,136.737555
1780456770,136.733654
1780456770,118.458644
1780456770,106.254165
1780456770,135.500487
1780456770,121.509773
1780456770,118.278979
1780456770,111.672463
1780456770,135.936910
1780456770,136.192957
1780456770,121.400758
1780456770,130.414804
1780456770,120.762731
1780456770,136.661420
1780456770,109.865826
1780456770,125.154253
1780456770,124.855173
1780456770,109.885269
1780456770,117.031696
1780456770,106.074301
1780456770,126.332541
1780456770,110.084160
1780456770,126.032345
1780456770,110.254743
1780456770,110.290270
1780456770,110.363984
1780456770,126.825309
1780456770,115.479038
1780456770,126.297770
1780456770,110.481408
1780456770,126.684468
1780456770,114.534035
1780456770,125.964077
1780456770,110.453045
1780456770,126.849560
1780456770,132.753928
1780456770,127.209988
1780456770,125.131233
1780456770,126.368399
1780456770,110.927140
1780456770,127.556033
1780456770,111.092204
1780456770,126.065628
1780456770,127.837832
1780456770,133.152132
1780456770,123.589520
1780456770,135.904926
1780456770,124.425715
1780456770,124.212338
1780456770,124.520879
1780456770,116.748333
1780456770,117.220662
1780456770,119.801740
1780456770,117.218632
1780456770,118.481256
1780456770,120.511024
1780456770,118.884261
1780456770,121.337479
1780456770,121.462103
1780456770,116.759894
1780456770,116.095855
1780456770,122.761909
1780456770,123.887327
1780456770,122.912006
1780456770,124.014933
1780456770,137.476192
1780456770,137.467149
1780456770,124.909549
1780456770,124.831321
1780456770,103.320223
1780456770,112.291812
1780456770,121.144990
1780456770,105.162567
1780456770,115.123318
1780456770,102.285490
1780456770,130.556833
1780456770,131.575565
1780456770,126.902318
1780456770,131.797346
1780456770,111.916255
1780456770,111.875687
1780456770,112.091489
1780456770,114.003560
1780456770,131.145988
1780456770,116.209776
1780456770,132.641100
1780456770,127.556378
1780456770,132.367604
1780456770,131.576226
1780456770,123.861163
1780456770,127.902485
1780456770,136.233363
1780456770,140.498109
1780456770,106.141140
1780456770,140.315071
1780456770,137.793861
1780456770,140.605050
1780456770,128.081842
1780456770,132.893280
1780456770,132.860651
1780456770,103.772909
1780456770,106.756559
1780456770,124.593186
1780456770,135.486720
1780456770,140.842620
1780456770,123.963725
1780456770,129.965803
1780456770,133.079412
1780456770,130.189416
1780456770,141.076140
1780456770,107.437677
1780456770,124.859254
1780456770,139.210851
1780456770,132.493812
1780456770,142.019001
1780456770,123.467126
1780456770,130.788849
1780456770,131.041257
1780456770,122.850001
1780456770,131.463383
1780456770,123.318197
1780456770,132.096157
1780456770,126.372442
1780456770,133.961058
1780456770,116.423185
1780456770,116.987589
1780456770,135.346340
1780456770,134.135757
1780456770,135.855456
1780456770,105.244368
1780456770,126.679060
1780456770,108.017850
1780456770,126.891401
1780456770,146.095592
1780456770,106.031008
1780456770,137.686840
1780456770,105.394687
1780456770,138.058641
1780456770,105.571193
1780456770,138.505833
1780456770,145.571339
1780456770,143.963321
1780456770,145.586473
1780456770,140.611175
1780456770,140.746033
1780456770,146.757379
1780456770,110.023901
1780456770,125.952162
1780456770,139.204995
1780456770,127.623402
1780456770,128.272918
1780456770,146.052637
1780456770,139.699413
1780456770,106.980063
1780456770,104.850796
1780456770,145.566427
1780456770,139.024223
1780456770,139.336825
1780456770,106.505087
1780456770,139.890050
1780456770,132.395540
1780456770,104.253595
1780456770,145.835712
1780456770,104.564047
1780456770,139.107509
1780456770,129.201899
1780456770,103.518623
1780456770,129.783411
1780456770,139.648404
1780456770,130.116658
1780456770,129.242434
1780456770,139.613600
1780456770,139.810419
1780456770,139.975605
1780456770,140.174923
1780456770,139.871530
1780456770,127.648517
1780456770,131.664265
1780456770,135.899391
1780456770,133.520887
1780456770,128.393348
1780456770,103.597982
1780456770,140.432478
1780456770,103.244611
1780456770,138.157926
1780456770,139.244597
1780456770,139.475527
1780456770,138.297299
1780456770,103.855734
1780456770,104.466705
1780456770,137.786379
1780456770,104.842799
1780456770,121.670426
1780456770,104.452740
1780456770,134.399343
1780456770,120.464063
1780456770,103.492931
1780456770,134.578874
1780456770,134.056010
1780456770,106.825444
1780456770,137.678016
1780456770,130.344436
1780456770,136.332198
1780456770,131.452821
1780456770,136.499172
1780456770,131.450626
1780456770,139.644214
1780456770,128.706117
1780456770,131.810321
1780456770,120.943731
1780456770,103.549778
1780456770,138.465822
1780456770,131.090166
1780456770,133.464813
1780456770,122.795505
1780456770,123.749298
1780456770,133.525919
1780456770,132.759443
1780456770,121.696469
1780456770,133.220546
1780456770,130.391189
1780456770,132.248304
1780456770,124.354120
1780456770,105.273411
1780456770,105.260448
1780456770,123.854262
1780456770,123.870727
1780456770,105.458287
1780456770,123.757708
1780456770,133.507541
1780456770,124.081592
1780456770,104.066700
1780456770,126.231708
1780456770,125.217558
1780456770,104.886339
1780456770,120.669221
1780456770,123.424447
1780456770,123.835283
1780456770,122.589144
1780456770,123.367771
1780456770,125.193413
1780456770,124.820199
1780456770,125.169966
1780456770,122.423923
1780456770,103.942942
1780456770,118.058591
1780456770,125.604175
1780456770,123.750243
1780456770,103.721079
1780456770,124.892888
1780456770,119.807496
1780456770,125.797705
1780456770,123.089813
1780456770,125.328923
1780456770,124.710356
1780456770,123.049282
1780456770,122.308864
1780456770,120.782221
1780456770,122.884088
1780456770,124.551044
1780456770,125.359152
1780456770,124.425090
1780456770,124.447482
1780456770,123.055283
1780456770,115.604936
1780456770,115.718633
1780456770,121.988124
1780456770,122.106405
1780456770,122.211851
1780456770,121.855934
1780456770,121.985794
1780456770,126.084812
1780456770,105.607804
1780456770,125.455138
1780456770,107.806485
1780456770,122.870037
1780456770,107.697916
1780456770,124.336890
1780456770,124.547228
1780456770,124.458143
1780456770,109.592700
1780456770,107.728435
1780456770,108.734502
1780456770,109.904916
1780456770,108.886980
1780456770,107.993228
1780456770,107.786558
1780456770,108.474842
1780456770,108.957962
1780456770,125.000907
1780456770,105.395405
1780456770,108.228937
1780456770,109.219812
1780456770,109.804536
1780456770,126.471144
1780456770,110.501896
1780456770,107.833978
1780456770,108.124163
1780456770,108.066863
1780456770,107.737889
1780456770,108.548140
1780456770,125.627836
1780456770,126.100775
1780456770,126.536038
1780456770,124.500278
1780456770,109.668290
1780456770,125.503940
1780456770,109.701683
1780456770,124.209001
1780456770,124.719095
1780456770,106.752141
1780456770,109.914479
1780456770,108.635160
1780456770,106.696662
1780456770,109.738982
1780456770,109.766233
1780456770,127.024612
1780456770,109.341939
1780456770,109.183250
1780456770,127.243994
1780456770,108.016027
1780456770,127.046545
1780456770,127.018113
1780456770,125.722007
1780456770,122.292956
1780456770,111.382118
1780456770,120.605329
1780456770,110.362253
1780456770,121.836602
1780456770,121.937099
1780456770,124.416307
1780456770,122.075719
1780456770,122.143989
1780456770,107.871404
1780456770,124.889659
1780456770,109.468143
1780456770,107.368661
1780456770,122.130811
1780456770,124.727510
1780456770,122.169282
1780456770,122.116014
1780456770,123.932324
1780456770,109.588218
1780456770,124.250872
1780456770,109.008834
1780456770,122.555670
1780456770,124.628525
1780456770,122.938727
1780456770,123.025782
1780456770,109.563480
1780456770,125.341904
1780456770,110.654823
1780456770,107.606513
1780456770,110.158533
1780456770,107.331820
1780456770,123.881069
1780456770,122.849278
1780456770,126.106659
1780456770,129.103566
1780456770,124.863246
1780456770,125.931489
1780456770,123.251420
1780456770,112.043587
1780456770,109.814247
1780456770,113.851547
1780456770,110.672505
1780456770,110.767675
1780456770,114.036746
1780456770,112.165209
1780456770,114.395145
1780456770,106.998201
1780456770,121.718180
1780456770,123.138476
1780456770,120.140516
1780456770,108.470322
1780456770,108.924099
1780456770,110.724848
1780456770,108.862934
1780456770,107.022461
1780456770,108.864830
1780456770,110.828886
1780456770,110.985140
1780456770,111.165768
1780456770,111.452737
1780456770,112.963110
1780456770,112.565783
1780456770,122.149269
1780456770,120.121797
1780456770,104.443947
1780456770,104.332845
1780456770,120.245742
1780456770,120.551481
1780456770,105.769004
1780456770,104.460757
1780456770,122.167404
1780456770,104.536978
1780456770,120.871402
1780456770,107.117340
1780456770,104.771942
1780456770,121.603514
1780456770,121.615712
1780456770,110.265507
1780456770,104.352970
1780456770,121.631882
1780456770,120.513320
1780456770,108.752010
1780456770,110.263860
1780456770,121.268260
1780456770,120.977169
1780456770,121.262893
1780456770,104.454873
1780456770,110.586089
1780456770,121.885317
1780456770,120.827173
1780456770,121.550294
1780456770,105.197538
1780456770,110.896425
1780456770,120.813352
1780456770,121.401724
1780456770,120.467537
1780456770,121.901870
1780456770,121.976915
1780456770,120.659508
1780456770,108.824800
1780456770,122.008001
1780456770,121.089892
1780456770,121.299929
1780456770,105.032265
1780456770,122.755140
1780456770,103.709740
1780456770,120.728164
1780456770,112.777698
1780456770,110.015713
1780456770,117.482392
1780456770,119.595265
1780456770,110.094494
1780456770,110.219329
1780456770,109.521942
1780456770,104.155211
1780456770,120.140045
1780456770,119.721822
1780456770,120.023737
1780456770,122.485625
1780456770,110.946859
1780456770,111.480680
1780456770,112.532532
1780456770,123.126985
1780456770,119.922709
1780456770,109.809332
1780456770,118.316598
1780456770,110.011542
1780456770,115.899070
1780456770,117.465007
1780456770,118.589591
1780456770,116.111494
1780456770,121.269598
1780456770,110.208060
1780456770,122.692232
1780456770,110.723740
1780456770,110.438688
1780456770,115.740848
1780456770,117.781128
1780456770,110.188823
1780456770,122.172290
1780456770,115.982619
1780456770,105.131998
1780456770,115.841891
1780456770,122.513739
1780456770,120.512289
1780456770,119.102180
1780456770,105.633216
1780456770,117.019777
1780456770,108.899094
1780456770,108.608599
1780456770,109.053808
1780456770,122.419470
1780456770,122.974903
1780456770,105.842534
1780456770,119.499860
1780456770,105.966912
1780456770,122.742246
1780456770,115.948624
1780456770,112.019557
1780456770,122.159418
1780456770,114.308354
1780456770,113.771230
1780456770,112.339942
1780456770,107.128173
1780456770,117.737380
1780456770,118.801596
1780456770,118.807443
1780456770,118.086860
1780456770,107.392102
1780456770,117.941730
1780456770,118.324289
1780456770,118.550025
1780456770,112.014489
1780456770,111.629534
1780456770,118.628078
1780456770,111.899939
1780456770,113.386328
1780456770,118.289209
1780456770,111.985177
1780456770,107.827271
1780456770,111.961729
1780456770,111.996004
1780456770,118.261388
1780456770,112.092870
1780456770,118.573910
1780456770,123.110210
1780456770,111.308733
1780456770,109.139304
1780456770,117.348161
1780456770,108.970576
1780456770,122.782801
1780456770,112.974067
1780456770,116.598076
1780456770,113.436292
1780456770,116.413775
1780456770,111.679769
1780456770,116.228113
1780456770,108.565730
1780456770,110.966544
1780456770,113.321532
1780456770,110.725399
1780456770,116.929189
1780456770,118.806901
1780456770,110.442080
1780456770,119.269207
1780456770,119.755433
1780456770,109.018778
1780456770,118.547756
1780456770,124.640658
1780456770,113.364231
1780456770,117.330153
1780456770,110.608567
1780456770,119.500462
1780456770,108.888340
1780456770,111.699563
1780456770,108.533224
1780456770,111.086265
1780456770,109.519197
1780456770,118.957753
1780456770,108.603530
1780456770,109.918554
1780456770,107.221476
1780456770,110.243473
1780456770,107.524332
1780456770,125.551987
1780456770,107.400400
1780456770,107.221230
1780456770,107.357247
1780456770,122.583382
1780456770,107.983770
1780456770,107.002338
1780456770,107.120112
1780456770,119.575503
1780456770,119.668752
1780456770,107.392967
1780456770,107.584287
1780456770,107.370307
1780456770,125.752300
1780456770,114.722710
1780456770,108.815031
1780456770,125.100489
1780456770,128.787667
1780456770,109.735882
1780456770,109.896007
1780456770,125.831682
1780456770,108.611887
1780456770,107.061232
1780456770,113.454880
1780456770,115.211995
1780456770,115.067191
1780456770,113.564914
1780456770,114.895890
1780456770,113.725983
1780456770,116.247508
1780456770,115.032893
1780456770,115.479822
1780456770,119.244187
1780456770,115.517128
1780456770,126.108346
1780456770,115.291889
1780456770,120.085638
1780456770,127.890062
1780456770,127.836551
1780456770,121.995762
1780456770,115.945441
1780456770,129.236243
1780456770,124.653824
1780456770,116.338977
1780456770,117.036279
1780456770,127.525254
1780456770,110.608777
1780456770,128.907304
1780456770,123.234135
1780456770,110.649357
1780456770,108.905284
1780456770,110.242109
1780456770,126.023107
1780456770,108.926009
1780456770,110.922991
1780456770,121.013059
1780456770,127.743840
1780456770,111.173816
1780456770,111.913997
1780456770,123.311888
1780456770,112.014707
1780456770,115.228353
1780456770,126.345645
1780456770,110.919495
1780456770,123.863225
1780456770,112.524720
1780456770,122.564231
1780456770,122.677081
1780456770,122.673437
1780456770,110.395691
1780456770,112.638266
1780456770,113.027640
1780456770,112.099445
1780456770,112.704967
1780456770,107.836203
1780456770,107.621052
1780456770,113.855978
1780456770,118.682642
1780456770,113.698286
1780456770,113.814977
1780456770,111.185145
1780456770,108.928717
1780456770,111.121861
1780456770,105.369286
1780456770,109.478436
1780456770,111.922496
1780456770,121.996710
1780456770,113.969642
1780456770,106.921732
1780456770,114.726354
1780456770,123.912682
1780456770,108.056038
1780456770,112.039167
1780456770,118.176493
1780456770,115.321645
1780456770,103.105009
1780456770,115.307379
1780456770,114.879451
1780456770,112.425806
1780456770,114.892923
1780456770,112.752507
1780456770,112.589514
1780456770,115.938453
1780456770,115.521394
1780456770,111.853802
1780456770,110.691968
1780456770,112.089245
1780456770,112.073416
1780456770,111.007110
1780456770,114.188797
1780456770,111.506509
1780456770,103.344023
1780456770,112.326655
1780456770,112.739904
1780456770,103.939925
1780456770,112.622380
1780456770,112.888882
1780456770,112.732957
1780456770,115.506897
1780456770,112.983665
1780456770,115.804848
1780456770,115.753408
1780456770,115.905961
1780456770,115.149069
1780456770,113.245237
1780456770,112.447030
1780456770,111.483447
1780456770,112.694092
1780456770,112.441034
1780456770,105.674026
1780456770,106.790995
1780456770,105.616742
1780456770,112.301716
1780456770,105.854058
1780456770,105.032756
1780456770,109.371745
1780456770,111.125604
1780456770,111.106758
1780456770,115.642173
1780456770,103.852064
1780456770,115.766986
1780456770,111.311153
1780456770,114.762866
1780456770,105.403399
1780456770,109.891685
1780456770,114.900850
1780456770,108.132906
1780456770,115.064996
1780456770,106.009127
1780456770,106.214849
1780456770,106.422186
1780456770,110.862534
1780456770,115.336377
1780456770,114.942351
1780456770,113.086853
1780456770,112.816445
1780456770,113.236188
1780456770,112.952663
1780456770,103.346976
1780456770,107.278000
1780456770,114.443450
1780456770,113.162107
1780456770,113.517703
1780456770,111.757308
1780456770,110.837098
1780456770,112.000302
1780456770,111.829260
1780456770,111.111955
1780456770,105.424366
1780456770,108.452300
1780456770,111.058227
1780456770,108.307054
1780456770,111.607599
1780456770,111.479620
1780456770,111.812108
1780456770,110.782778
1780456770,108.322842
1780456770,111.985566
1780456770,108.911011
1780456770,112.034118
1780456770,111.707238
1780456770,112.817166
1780456770,112.781325
1780456770,110.234133
1780456770,108.230869
1780456770,110.415549
1780456770,108.812888
1780456770,108.976270
1780456770,109.105856
1780456770,113.036140
1780456770,107.364746
1780456770,109.612376
1780456770,109.102020
1780456770,109.292448
1780456770,107.700024
1780456770,109.301158
1780456770,109.541172
1780456770,109.810751
1780456770,109.964103
1780456770,106.995688
1780456770,110.317767
1780456770,108.646086
1780456770,110.433032
1780456770,110.422405
1780456770,110.421136
1780456770,110.550214
1780456770,110.846507
1780456770,107.011178
1780456770,107.495757
1780456770,111.243621
1780456770,111.676165
1780456770,108.448170
1780456770,111.230896
1780456770,108.753933
1780456770,109.384019
1780456770,114.291033
1780456770,112.746134
1780456770,111.074936
1780456770,112.064834
1780456770,109.568613
1780456770,109.984303
1780456770,111.503587
1780456770,112.877558
1780456770,111.360575
1780456770,116.703553
1780456770,113.868647
1780456770,113.586532
1780456770,120.699701
1780456770,113.782572
1780456770,122.420003
1780456770,118.251012
1780456770,115.183372
1780456770,122.225171
1780456770,120.081215
1780456770,118.291160
1780456770,119.665751
1780456770,120.564445
1780456770,120.968775
1780456770,119.601361
1780456770,116.736393
1780456770,126.218907
1780456770,118.201193
1780456770,118.384218
1780456770,127.948116
1780456770,128.150659
1780456770,121.375340
1780456770,128.807105
1780456770,118.357264
1780456770,123.564057
1780456770,126.991213
1780456770,126.615593
1780456770,124.834587
1780456770,130.864476
1780456770,121.299134
1780456770,121.097843
1780456770,131.799981
1780456770,126.502059
1780456770,120.743688
1780456770,126.379395
1780456770,125.622147
1780456770,129.451998
1780456770,137.458601
1780456770,139.550575
1780456770,128.988318
1780456770,141.015374
1780456770,146.946276
1780456770,142.303946
1780456770,146.949728
1780456770,143.390332
1780456770,143.533164
1780456770,147.441679
1780456770,130.927888
1780456770,146.343665
1780456770,145.781827
1780456770,167.423863
1780456770,153.517721
1780456770,177.151855
1780456770,169.582451
1780456770,176.533455
1780456770,190.251412
1780456770,197.940030
1780456770,204.084169
1780456770,211.625413
1780456770,212.421409
1780456770,216.901271
1780456770,214.682875
1780456770,218.589214
1780456770,194.940504
1780456770,216.629952
1780456770,221.319759
1780456770,215.486707
1780456770,214.603319
1780456770,217.884858
1780456770,217.578016
1780456770,215.952642
1780456770,218.208482
1780456770,218.828058
1780456770,216.899027
1780456770,219.627705
1780456770,217.155231
1780456770,217.553275
1780456770,219.247675
1780456770,219.591794
1780456770,218.414963
1780456770,222.686229
1780456770,222.502039
1780456770,221.320257
1780456770,221.268389
1780456770,226.953637
1780456770,224.021393
1780456770,223.925698
1780456770,228.114581
1780456770,226.259636
1780456770,203.495965
1780456770,214.951942
1780456770,210.015094
1780456770,215.253368
1780456770,215.220880
1780456770,215.903427
1780456770,217.314807
1780456770,217.858617
1780456770,218.151887
1780456770,218.463457
1780456770,219.163637
1780456770,220.388202
1780456770,221.391579
1780456770,223.989082
1780456770,224.323787
1780456770,223.479016
1780456770,224.820298
1780456770,222.252319
1780456770,224.866786
1780456770,225.657204
1780456770,226.756030
1780456770,226.994340
1780456770,226.456941
1780456770,215.887181
1780456770,215.083358
1780456770,215.893135
1780456770,215.247396
1780456770,228.057246
1780456770,226.600491
1780456770,215.780888
1780456770,228.739777
1780456770,216.904984
1780456770,227.805824
1780456770,217.345741
1780456770,228.833537
1780456770,229.400927
1780456770,217.476360
1780456770,227.933944
1780456770,229.580730
1780456770,228.380466
1780456770,228.188576
1780456770,229.457372
1780456770,230.253626
1780456770,230.971221
1780456770,230.948304
1780456770,231.605777
1780456770,231.567274
1780456770,233.584140
1780456770,234.836193
1780456770,235.201061
1780456770,235.554892
1780456770,235.590072
1780456770,220.100326
1780456770,213.627370
1780456770,224.717661
1780456770,216.611535
1780456770,216.508511
1780456770,216.959339
1780456770,218.517592
1780456770,215.498470
1780456770,219.898515
1780456770,220.453208
1780456770,222.261217
1780456770,221.295553
1780456770,221.911855
1780456770,222.809103
1780456770,220.745672
1780456770,221.142800
1780456770,221.768413
1780456770,224.271289
1780456770,225.019732
1780456770,221.715487
1780456770,222.051001
1780456770,223.047000
1780456770,222.867513
1780456770,222.810982
1780456770,223.401397
1780456770,223.612081
1780456770,223.420355
1780456770,226.262968
1780456770,224.953435
1780456770,227.026027
1780456770,225.372699
1780456770,227.305477
1780456770,227.881464
1780456770,227.077888
1780456770,227.501263
1780456770,228.794187
1780456770,228.560173
1780456770,247.826930
1780456770,251.169757
1780456770,251.397806
1780456770,249.373836
1780456770,249.655530
1780456770,253.268279
1780456770,250.006959
1780456770,253.427843
1780456770,253.945355
1780456770,256.266489
1780456770,253.610825
1780456770,253.534457
1780456770,232.414987
1780456770,232.897475
1780456770,233.968320
1780456770,240.479199
1780456770,242.564664
1780456770,240.808504
1780456770,227.348052
1780456770,230.077862
1780456770,216.291072
1780456770,234.164975
1780456770,221.288196
1780456770,212.152237
1780456770,225.039895
1780456770,225.155978
1780456770,223.626349
1780456770,226.305507
1780456770,230.133160
1780456770,226.446046
1780456770,225.425097
1780456770,230.310403
1780456770,227.410066
1780456770,227.376974
1780456770,218.345561
1780456770,229.920146
1780456770,228.686843
1780456770,216.875428
1780456770,232.522501
1780456770,241.886909
1780456770,230.459363
1780456770,242.883910
1780456770,233.544163
1780456770,244.856285
1780456770,230.599502
1780456770,233.720483
1780456770,230.674530
1780456770,239.698288
1780456770,230.385910
1780456770,235.985990
1780456770,232.751892
1780456770,247.741413
1780456770,230.120352
1780456770,245.373036
1780456770,232.871569
1780456770,237.920064
1780456770,234.721085
1780456770,231.409830
1780456770,234.500966
1780456770,239.106202
1780456770,240.972480
1780456770,242.770470
1780456770,232.000867
1780456770,242.888250
1780456770,221.102521
1780456770,236.995594
1780456770,236.918253
1780456770,242.757909
1780456770,232.219638
1780456770,236.906971
1780456770,232.969553
1780456770,243.370611
1780456770,238.876711
1780456770,244.230122
1780456770,239.156987
1780456770,237.181927
1780456770,220.072010
1780456770,240.046713
1780456770,220.302814
1780456770,244.344015
1780456770,236.951808
1780456770,236.634086
1780456770,220.394881
1780456770,239.134276
1780456770,238.331620
1780456770,239.667105
1780456770,244.464061
1780456770,213.310363
1780456770,239.215185
1780456770,244.124160
1780456770,213.437351
1780456770,239.424658
1780456770,214.867452
1780456770,244.749714
1780456770,204.678053
1780456770,244.460278
1780456770,222.820559
1780456770,244.757414
1780456770,205.465416
1780456770,245.918719
1780456770,210.367293
1780456770,239.777257
1780456770,225.946120
1780456770,246.279875
1780456770,226.005331
1780456770,246.149846
1780456770,226.081265
1780456770,248.406631
1780456770,226.211675
1780456770,240.972073
1780456770,226.503882
1780456770,239.534829
1780456770,215.158061
1780456770,245.779526
1780456770,227.003681
1780456770,248.649660
1780456770,227.625147
1780456770,239.139405
1780456770,215.269884
1780456770,248.285401
1780456770,228.168154
1780456770,241.765131
1780456770,216.421386
1780456770,241.176304
1780456770,217.806621
1780456770,248.853134
1780456770,205.840470
1780456770,241.772100
1780456770,228.591858
1780456770,239.790341
1780456770,228.768126
1780456770,248.544239
1780456770,228.835403
1780456770,248.987639
1780456770,229.991039
1780456770,241.782099
1780456770,208.134164
1780456770,250.854270
1780456770,229.750490
1780456770,251.571176
1780456770,229.934750
1780456770,230.259338
1780456770,245.024137
1780456770,210.695233
1780456770,252.409791
1780456770,230.716824
1780456770,256.236340
1780456770,232.382508
1780456770,240.987143
1780456770,211.349052
1780456770,241.448859
1780456770,211.613122
1780456770,242.668524
1780456770,233.208308
1780456770,241.714713
1780456770,243.600989
1780456770,215.829296
1780456770,216.417115
1780456770,224.683806
1780456770,244.304665
1780456770,219.595298
1780456770,244.626724
1780456770,225.202150
1780456770,243.428125
1780456770,225.194769
1780456770,225.832341
1780456770,245.452901
1780456770,221.534270
1780456770,245.503077
1780456770,221.883486
1780456770,230.486026
1780456770,226.526704
1780456770,250.850163
1780456770,222.376051
1780456770,234.312870
1780456770,235.887761
1780456770,248.388323
1780456770,286.874642
1780456770,249.010292
1780456770,231.882468
1780456770,256.665140
1780456770,256.785095
1780456770,250.067577
1780456770,235.881919
1780456770,235.957520
1780456770,250.927404
1780456770,251.913607
1780456770,259.122304
1780456770,241.971612
1780456770,237.508563
1780456770,243.031627
1780456770,239.394178
1780456770,287.470285
1780456770,294.880642
1780456770,284.599794
1780456770,243.832708
1780456770,244.056012
1780456770,244.753295
1780456770,240.162991
1780456770,246.947068
1780456770,241.194884
1780456770,242.417744
1780456770,252.911368
1780456770,248.920723
1780456770,251.499873
1780456770,254.506189
1780456770,221.653620
1780456770,203.612971
1780456770,204.740225
1780456770,263.672809
1780456770,140.698402
1780456770,125.753273
1780456770,129.217573
1780456770,129.461952
1780456770,133.780897
1780456770,137.708571
1780456770,129.951872
1780456770,129.471741
1780456770,156.610674
1780456770,130.255535
1780456770,157.193392
1780456770,157.669648
1780456770,132.283143
1780456770,127.320130
1780456770,128.606610
1780456770,128.454130
1780456770,140.907099
1780456770,133.932752
1780456770,142.711910
1780456770,122.495660
1780456770,145.092435
1780456770,123.267513
1780456770,140.587264
1780456770,136.133086
1780456770,128.134525
1780456770,134.065920
1780456770,143.225967
1780456770,131.594187
1780456770,135.995914
1780456770,157.391986
1780456770,131.972845
1780456770,182.014369
1780456770,132.189357
1780456770,137.924274
1780456770,157.746158
1780456770,132.708894
1780456770,161.154904
1780456770,133.570479
1780456770,113.217365
1780456770,134.024513
1780456770,208.203252
1780456770,134.246808
1780456770,143.701414
1780456770,137.624289
1780456770,135.525805
1780456770,163.431695
1780456770,135.941889
1780456770,136.244462
1780456770,144.594394
1780456770,137.045769
1780456770,204.446842
1780456770,216.111772
1780456770,218.769383
1780456770,170.165506
1780456770,219.515419
1780456770,219.758141
1780456770,210.659318
1780456770,213.069222
1780456770,213.251228
1780456770,213.255597
1780456770,217.883174
1780456770,206.721944
1780456770,218.506096
1780456770,213.226016
1780456770,218.876709
1780456770,213.189094
1780456770,216.696275
1780456770,218.948706
1780456770,205.994117
1780456770,206.832778
1780456770,171.128667
1780456770,219.292232
1780456770,213.495220
1780456770,218.869889
1780456770,209.826638
1780456770,221.323010
1780456770,188.910514
1780456770,188.874213
1780456770,189.055718
1780456770,189.129669
1780456770,193.889938
1780456770,193.578693
1780456770,189.083560
1780456770,193.455770
1780456770,193.607548
1780456770,193.595986
1780456770,200.990331
1780456770,200.515439
1780456770,201.107828
1780456770,201.008369
1780456770,201.122002
1780456770,202.222466
1780456770,196.054203
1780456770,204.672396
1780456770,196.380606
1780456770,194.260130
1780456770,212.073886
1780456770,206.149094
1780456770,207.924326
1780456770,214.448049
1780456770,211.765295
1780456770,208.529510
1780456770,214.998928
1780456770,214.807318
1780456770,201.282020
1780456770,215.085672
1780456770,202.965016
1780456770,215.218380
1780456770,179.496045
1780456770,185.220781
1780456770,195.139091
1780456770,184.747195
1780456770,195.102235
1780456770,194.759297
1780456770,176.880106
1780456770,182.208849
1780456770,184.079113
1780456770,188.337316
1780456770,188.779999
1780456770,181.207432
1780456770,196.451518
1780456770,197.073768
1780456770,197.517751
1780456770,194.511805
1780456770,197.290779
1780456770,194.469445
1780456770,194.580077
1780456770,197.728869
1780456770,197.980856
1780456770,197.863115
1780456770,198.101526
1780456770,203.900314
1780456770,198.209571
1780456770,201.517890
1780456770,202.592602
1780456770,200.872655
1780456770,200.619746
1780456770,195.015869
1780456770,202.682655
1780456770,202.759500
1780456770,202.307215
1780456770,202.918076
1780456770,202.985958
1780456770,203.071903
1780456770,202.879979
1780456770,198.638451
1780456770,210.517273
1780456770,204.340139
1780456770,201.002840
1780456770,208.673395
1780456770,200.899169
1780456770,209.759003
1780456770,207.495910
1780456770,211.547391
1780456770,194.798801
1780456770,196.849111
1780456770,198.405897
1780456770,188.977388
1780456770,198.911915
1780456770,198.525516
1780456770,200.516909
1780456770,198.980107
1780456770,198.785824
1780456770,201.593733
1780456770,200.782647
1780456770,201.635756
1780456770,203.747417
1780456770,205.304762
1780456770,195.515202
1780456770,202.928406
1780456770,203.459023
1780456770,195.535408
1780456770,175.335346
1780456770,175.497922
1780456770,174.228587
1780456770,182.379698
1780456770,189.188429
1780456770,179.378185
1780456770,188.923301
1780456770,190.595256
1780456770,181.118309
1780456770,223.709537
1780456770,197.753326
1780456770,188.695463
1780456770,197.115038
1780456770,190.506157
1780456770,197.954783
1780456770,195.556180
1780456770,195.523305
1780456770,194.341420
1780456770,199.125205
1780456770,199.250941
1780456770,194.167917
1780456770,202.851684
1780456770,202.822594
1780456770,194.309852
1780456770,212.184183
1780456770,194.526375
1780456770,228.285658
1780456770,194.412772
1780456770,212.464447
1780456770,194.562762
1780456770,228.327133
1780456770,194.746748
1780456770,208.313075
1780456770,223.779644
1780456770,199.709886
1780456770,230.455862
1780456770,198.443297
1780456770,215.121902
1780456770,223.969213
1780456770,208.925572
1780456770,198.792143
1780456770,234.439491
1780456770,203.812075
1780456770,218.220073
1780456770,212.138126
1780456770,213.836533
1780456770,218.372675
1780456770,214.168989
1780456770,224.601860
1780456770,162.123133
1780456770,243.152029
1780456770,163.417328
1780456770,220.461766
1780456770,165.549254
1780456770,243.260654
1780456770,176.766134
1780456770,238.763155
1780456770,180.946450
1780456770,224.815188
1780456770,173.843685
1780456770,218.221353
1780456770,169.899055
1780456770,218.622040
1780456770,155.278462
1780456770,237.727524
1780456770,156.117798
1780456770,239.085580
1780456770,155.851681
1780456770,218.390757
1780456770,156.091713
1780456770,242.834570
1780456770,156.922592
1780456770,174.288937
1780456770,218.784143
1780456770,156.765427
1780456770,242.995891
1780456770,156.718186
1780456770,243.602505
1780456770,157.401616
1780456770,243.827032
1780456770,157.001775
1780456770,243.901829
1780456770,157.709391
1780456770,243.975475
1780456770,156.715572
1780456770,244.271701
1780456770,171.700648
1780456770,174.731401
1780456770,223.864952
1780456770,155.255153
1780456770,224.580074
1780456770,244.476009
1780456770,157.149231
1780456770,238.247063
1780456770,163.430397
1780456770,244.634785
1780456770,161.972205
1780456770,244.759295
1780456770,162.327470
1780456770,244.746530
1780456770,161.522516
1780456770,245.017755
1780456770,229.861548
1780456770,229.764016
1780456770,231.649947
1780456770,231.754795
1780456770,225.943907
1780456770,236.941767
1780456770,247.140852
1780456770,230.143516
1780456770,231.963431
1780456770,232.257611
1780456770,232.068470
1780456770,236.051083
1780456770,225.610926
1780456770,220.527447
1780456770,208.482322
1780456770,210.182009
1780456770,210.554559
1780456770,210.541833
1780456770,210.663718
1780456770,211.951262
1780456770,210.925814
1780456770,212.238109
1780456770,214.784180
1780456770,214.786488
1780456770,213.638153
1780456770,217.116343
1780456770,211.010874
1780456770,218.097224
1780456770,213.038229
1780456770,220.940761
1780456770,215.486821
1780456770,124.635702
1780456770,128.127064
1780456770,145.092983
1780456770,159.076640
1780456770,145.854043
1780456770,146.128472
1780456770,147.022397
1780456770,138.761729
1780456770,144.014275
1780456770,140.123756
1780456770,158.662943
1780456770,159.259239
1780456770,148.591461
1780456770,148.901325
1780456770,145.362737
1780456770,143.193205
1780456770,155.776162
1780456770,139.366636
1780456770,159.517784
1780456770,115.893300
1780456770,129.829922
1780456770,156.956851
1780456770,145.357581
1780456770,158.586434
1780456770,161.221325
1780456770,161.896312
1780456770,135.386422
1780456770,144.734012
1780456770,160.418966
1780456770,157.149752
1780456770,135.976008
1780456770,133.378432
1780456770,140.201697
1780456770,162.813621
1780456770,162.210696
1780456770,163.487151
1780456770,147.060295
1780456770,176.994075
1780456770,147.212717
1780456770,163.759932
1780456770,162.423432
1780456770,163.746655
1780456770,163.966625
1780456770,177.209976
1780456770,164.152422
1780456770,154.154896
1780456770,147.875576
1780456770,180.668325
1780456770,140.839181
1780456770,155.382578
1780456770,133.641055
1780456770,157.766083
1780456770,144.090008
1780456770,157.219071
1780456770,142.077222
1780456770,180.992128
1780456770,161.223266
1780456770,152.973734
1780456770,146.749182
1780456770,164.729855
1780456770,118.087927
1780456770,166.291816
1780456770,146.276565
1780456770,166.035193
1780456770,162.328660
1780456770,183.569642
1780456770,147.249218
1780456770,165.588460
1780456770,147.408916
1780456770,165.410687
1780456770,126.471151
1780456770,183.953961
1780456770,142.794267
1780456770,127.401947
1780456770,129.081591
1780456770,134.755546
1780456770,134.640378
1780456770,166.980310
1780456770,117.465787
1780456770,184.493959
1780456770,167.311688
1780456770,122.977160
1780456770,184.043296
1780456770,165.472600
1780456770,184.475781
1780456770,163.482750
1780456770,168.667876
1780456770,157.620943
1780456770,159.355791
1780456770,156.972223
1780456770,159.118702
1780456770,159.693951
1780456770,160.392140
1780456770,182.240277
1780456770,161.016609
1780456770,161.614831
1780456770,168.586602
1780456770,203.632767
1780456770,168.118631
1780456770,161.518219
1780456770,168.436838
1780456770,185.375558
1780456770,169.381485
1780456770,179.549660
1780456770,155.058105
1780456770,145.487690
1780456770,168.515542
1780456770,147.615305
1780456770,133.658169
1780456770,135.814879
1780456770,135.998100
1780456770,136.179688
1780456770,148.140842
1780456770,136.336932
1780456770,167.311015
1780456770,169.892509
1780456770,164.641504
1780456770,151.264382
1780456770,135.978776
1780456770,125.828627
1780456770,146.242388
1780456770,129.315272
1780456770,108.642602
1780456770,149.597524
1780456770,106.813630
1780456770,109.071513
1780456770,150.588361
1780456770,113.721029
1780456770,136.688946
1780456770,114.326227
1780456770,140.240757
1780456770,166.938707
1780456770,142.837800
1780456770,185.035609
1780456770,152.793166
1780456770,152.263537
1780456770,141.732759
1780456770,166.143353
1780456770,167.419918
1780456770,145.757441
1780456770,120.683250
1780456770,148.620895
1780456770,124.744664
1780456770,185.569228
1780456770,186.056697
1780456770,149.884462
1780456770,125.893392
1780456770,144.578056
1780456770,126.526812
1780456770,126.854958
1780456770,151.727415
1780456770,144.564730
1780456770,127.120642
1780456770,163.803202
1780456770,176.492455
1780456770,155.381939
1780456770,178.831276
1780456770,155.974552
1780456770,174.761892
1780456770,156.405014
1780456770,162.143269
1780456770,152.292792
1780456770,152.650884
1780456770,157.769365
1780456770,153.723979
1780456770,147.412027
1780456770,160.066069
1780456770,143.530458
1780456770,147.853331
1780456770,141.608078
1780456770,159.606650
1780456770,148.999203
1780456770,149.444207
1780456770,151.521051
1780456770,153.012981
1780456770,180.306909
1780456770,153.964229
1780456770,148.824115
1780456770,141.801825
1780456770,133.214621
1780456770,158.991095
1780456770,133.621119
1780456770,142.664728
1780456770,133.906204
1780456770,160.122183
1780456770,134.136916
1780456770,160.000978
1780456770,152.031932
1780456770,169.893014
1780456770,135.459459
1780456770,124.582730
1780456770,135.729947
1780456770,125.644115
1780456770,146.846602
1780456770,150.624581
1780456770,145.232782
1780456770,129.873342
1780456770,148.602273
1780456770,175.433721
1780456770,149.582705
1780456770,155.291552
1780456770,150.886938
1780456770,151.061002
1780456770,156.315711
1780456770,151.216229
1780456770,132.636333
1780456770,151.898150
1780456770,156.689778
1780456770,153.878716
1780456770,133.459374
1780456770,159.270589
1780456770,125.134507
1780456770,167.372148
1780456770,123.253559
1780456770,167.664420
1780456770,169.102060
1780456770,126.943100
1780456770,127.250944
1780456770,125.558939
1780456770,157.155156
1780456770,122.984017
1780456770,121.723311
1780456770,121.412322
1780456770,139.026803
1780456770,138.597232
1780456770,149.477331
1780456770,139.306099
1780456770,139.095530
1780456770,138.601891
1780456770,150.466741
1780456770,147.800325
1780456770,148.779271
1780456770,145.112071
1780456770,156.816636
1780456770,163.436233
1780456770,144.912330
1780456770,126.615610
1780456770,163.358395
1780456770,125.528079
1780456770,163.540992
1780456770,152.350727
1780456770,121.863380
1780456770,166.035349
1780456770,148.446835
1780456770,163.172994
1780456770,145.058405
1780456770,163.477896
1780456770,151.657252
1780456770,120.043890
1780456770,152.247839
1780456770,129.585995
1780456770,120.510389
1780456770,125.588546
1780456770,153.193134
1780456770,152.539419
1780456770,126.225338
1780456770,154.011627
1780456770,121.842142
1780456770,120.741871
1780456770,153.948764
1780456770,151.743280
1780456770,163.910283
1780456770,112.549392
1780456770,145.266336
1780456770,150.509309
1780456770,166.446482
1780456770,127.555812
1780456770,128.761353
1780456770,153.119871
1780456770,128.420052
1780456770,153.315781
1780456770,127.893178
1780456770,128.936847
1780456770,127.992080
1780456770,129.224893
1780456770,114.185338
1780456770,129.794412
1780456770,128.308553
1780456770,129.592997
1780456770,126.112888
1780456770,126.163214
1780456770,173.167720
1780456770,188.583581
1780456770,172.277018
1780456770,157.729831
1780456770,157.219547
1780456770,158.138986
1780456770,152.302731
1780456770,152.892857
1780456770,185.923663
1780456770,157.610902
1780456770,170.359158
1780456770,158.589650
1780456770,158.124276
1780456770,158.499547
1780456770,169.082392
1780456770,161.905798
1780456770,169.591428
1780456770,169.297851
1780456770,153.323276
1780456770,188.702768
1780456770,207.137732
1780456770,149.617111
1780456770,171.376679
1780456770,155.744940
1780456770,168.623853
1780456770,119.257341
1780456770,169.522825
1780456770,122.793424
1780456770,129.678823
1780456770,125.655734
1780456770,122.535491
1780456770,127.269319
1780456770,123.586442
1780456770,155.265421
1780456770,141.193911
1780456770,148.039740
1780456770,128.038127
1780456770,128.000370
1780456770,127.367251
1780456770,173.511750
1780456770,128.221166
1780456770,127.274908
1780456770,127.470309
1780456770,131.934869
1780456770,160.358735
1780456770,209.699186
1780456770,154.783649
1780456770,153.719887
1780456770,116.282917
1780456770,117.344907
1780456770,131.240183
1780456770,133.775531
1780456770,117.002472
1780456770,136.933065
1780456770,120.617110
1780456770,137.443698
1780456770,137.708774
1780456770,157.035033
1780456770,138.298291
1780456770,167.030144
1780456770,121.021723
1780456770,162.621959
1780456770,128.764407
1780456770,150.849666
1780456770,133.444095
1780456770,114.000669
1780456770,116.386769
1780456770,150.604210
1780456770,131.673464
1780456770,173.543449
1780456770,173.402143
1780456770,154.354804
1780456770,112.028517
1780456770,112.766224
1780456770,113.334846
1780456770,174.170321
1780456770,111.819574
1780456770,148.285812
1780456770,117.712853
1780456770,149.827768
1780456770,172.696412
1780456770,117.648824
1780456770,173.835809
1780456770,156.891791
1780456770,155.212070
1780456770,173.014375
1780456770,172.727000
1780456770,156.137213
1780456770,116.706943
1780456770,148.715304
1780456770,115.949834
1780456770,148.732442
1780456770,156.414171
1780456770,114.077236
1780456770,171.937270
1780456770,175.614006
1780456770,172.103280
1780456770,148.827141
1780456770,174.756019
1780456770,173.905441
1780456770,173.897181
1780456770,124.251732
1780456770,189.972910
1780456770,115.320720
1780456770,173.962339
1780456770,146.123360
1780456770,173.253165
1780456770,150.263932
1780456770,148.816035
1780456770,152.093384
1780456770,191.067433
1780456770,145.796410
1780456770,123.269324
1780456770,122.299213
1780456770,161.402590
1780456770,124.603102
1780456770,160.339743
1780456770,121.906034
1780456770,160.864139
1780456770,160.547818
1780456770,147.900713
1780456770,147.015917
1780456770,191.629519
1780456770,152.444035
1780456770,152.943960
1780456770,147.407230
1780456770,145.617707
1780456770,147.876632
1780456770,148.661562
1780456770,146.242394
1780456770,121.813211
1780456770,136.896980
1780456770,150.756698
1780456770,120.907767
1780456770,150.132725
1780456770,121.025063
1780456770,143.359136
1780456770,121.740990
1780456770,146.121000
1780456770,148.880030
1780456770,144.909948
1780456770,145.971428
1780456770,148.739336
1780456770,121.074164
1780456770,190.769125
1780456770,153.778879
1780456770,154.566681
1780456770,123.244112
1780456770,148.967818
1780456770,141.262903
1780456770,148.953235
1780456770,120.722355
1780456770,148.066354
1780456770,156.178874
1780456770,139.618206
1780456770,155.607003
1780456770,123.012858
1780456770,143.508028
1780456770,140.051925
1780456770,154.786570
1780456770,155.298555
1780456770,153.829452
1780456770,136.128667
1780456770,168.110790
1780456770,154.466688
1780456770,193.196883
1780456770,168.066613
1780456770,194.721315
1780456770,140.129636
1780456770,129.467201
1780456770,139.743834
1780456770,136.062117
1780456770,194.172121
1780456770,167.827248
1780456770,122.572443
1780456770,136.926521
1780456770,142.560381
1780456770,159.501067
1780456770,194.991151
1780456770,140.969839
1780456770,144.042641
1780456770,156.558524
1780456770,171.328106
1780456770,137.971721
1780456770,140.614471
1780456770,140.642039
1780456770,172.115065
1780456770,156.842438
1780456770,135.545804
1780456770,156.638988
1780456770,172.050480
1780456770,135.499973
1780456770,148.385899
1780456770,135.011679
1780456770,172.256005
1780456770,138.445991
1780456770,133.964975
1780456770,199.675392
1780456770,133.889438
1780456770,158.003955
1780456770,172.314041
1780456770,139.669220
1780456770,199.453361
1780456770,198.791361
1780456770,147.419081
1780456770,171.703740
1780456770,200.290683
1780456770,132.044079
1780456770,158.442493
1780456770,131.955477
1780456770,155.850247
1780456770,147.717936
1780456770,145.063245
1780456770,172.240405
1780456770,201.484292
1780456770,133.751046
1780456770,145.584124
1780456770,173.183476
1780456770,145.563554
1780456770,179.702473
1780456770,156.108244
1780456770,131.660704
1780456770,145.904653
1780456770,131.519040
1780456770,151.046419
1780456770,130.545086
1780456770,201.668922
1780456770,142.055440
1780456770,151.533081
1780456770,141.137373
1780456770,157.395533
1780456770,138.708798
1780456770,159.703220
1780456770,168.504777
1780456770,150.637859
1780456770,138.064183
1780456770,149.044802
1780456770,166.351084
1780456770,158.323258
1780456770,138.237406
1780456770,166.653754
1780456770,165.352916
1780456770,165.060897
1780456770,165.478454
1780456770,166.184517
1780456770,137.698245
1780456770,160.013046
1780456770,165.701196
1780456770,137.575104
1780456770,160.670714
1780456770,137.482408
1780456770,159.917618
1780456770,136.459636
1780456770,145.331420
1780456770,154.786864
1780456770,159.068057
1780456770,172.448114
1780456770,160.706497
1780456770,172.367591
1780456770,158.440648
1780456770,169.269453
1780456770,185.389593
1780456770,183.827358
1780456770,144.522230
1780456770,144.956833
1780456770,150.368192
1780456770,143.798218
1780456770,142.227776
1780456770,143.028757
1780456770,141.125320
1780456770,140.626771
1780456770,139.954041
1780456770,141.371309
1780456770,258.005594
1780456770,140.316879
1780456770,256.491801
1780456770,140.342842
1780456770,256.352823
1780456770,177.161888
1780456770,155.527433
1780456770,177.256462
1780456770,256.503508
1780456770,175.802936
1780456770,186.527113
1780456770,176.209217
1780456770,174.312990
1780456770,173.641953
1780456770,173.781503
1780456770,179.294879
1780456770,176.380522
1780456770,258.129572
1780456770,158.238064
1780456770,264.111161
1780456770,265.285280
1780456770,266.128359
1780456770,153.416644
1780456770,266.942301
1780456770,265.474051
1780456770,260.477928
1780456770,260.013504
1780456770,262.573181
1780456770,261.536176
1780456770,263.823924
1780456770,266.424479
1780456770,266.438359
1780456770,266.846091
1780456770,273.627950
1780456770,269.146170
1780456770,250.617664
1780456770,145.294699
1780456770,141.188125
1780456770,293.401804
1780456770,142.919285
1780456770,294.458780
1780456770,144.327515
1780456770,133.469873
1780456770,131.719222
1780456770,133.622509
1780456770,135.983343
1780456770,131.803289
1780456770,142.735622
1780456770,142.872033
1780456770,129.749655
1780456770,129.847575
1780456770,142.720717
1780456770,140.101122
1780456770,129.932993
1780456770,143.053975
1780456770,130.151303
1780456770,143.189325
1780456770,130.715924
1780456770,143.320784
1780456770,130.465380
1780456770,326.537327
1780456770,130.918813
1780456770,131.164148
1780456770,131.732304
1780456770,314.730737
1780456770,128.646821
1780456770,275.716086
1780456770,315.720453
1780456770,148.180923
1780456770,145.746760
1780456770,145.909448
1780456770,146.901724
1780456770,146.306991
1780456770,146.246012
1780456770,149.284133
1780456770,146.619802
1780456770,146.949077
1780456770,146.561093
1780456770,276.219873
1780456770,146.838676
1780456770,333.202582
1780456770,149.514814
1780456770,304.305384
1780456770,221.064026
1780456770,305.237126
1780456770,149.684280
1780456770,323.766285
1780456770,149.828554
1780456770,327.536434
1780456770,149.900797
1780456770,327.005377
1780456770,150.011317
1780456770,221.303091
1780456770,276.429888
1780456770,151.816918
1780456770,288.814332
1780456770,302.267934
1780456770,302.989491
1780456770,303.060806
1780456770,151.889886
1780456770,333.030224
1780456770,151.489389
1780456770,148.953616
1780456770,277.855382
1780456770,149.147734
1780456770,149.179063
1780456770,152.124822
1780456770,150.012507
1780456770,280.958239
1780456770,303.814598
1780456770,286.702724
1780456770,325.521180
1780456770,324.322645
1780456770,304.052195
1780456770,151.241006
1780456770,304.669838
1780456770,278.558255
1780456770,152.609428
1780456770,152.050931
1780456770,153.451258
1780456770,152.125306
1780456770,152.057529
1780456770,173.153803
1780456770,172.570075
1780456770,172.477902
1780456770,173.948352
1780456770,172.697311
1780456770,173.023453
1780456770,173.593634
1780456770,174.155939
1780456770,172.413222
1780456770,172.127217
1780456770,173.889625
1780456770,161.162257
1780456770,172.003538
1780456770,171.391086
1780456770,172.627053
1780456770,174.135174
1780456770,172.807764
1780456770,172.788900
1780456770,147.006440
1780456770,147.630813
1780456770,173.137473
1780456770,142.359892
1780456770,143.614780
1780456770,142.311944
1780456770,142.452653
1780456770,143.669394
1780456770,144.868590
1780456770,147.311612
1780456770,146.356459
1780456770,161.687924
1780456770,146.663650
1780456770,161.763359
1780456770,161.914961
1780456770,161.299353
1780456770,162.397207
1780456770,161.640911
1780456770,163.133638
1780456770,161.426804
1780456770,162.244303
1780456770,174.670329
1780456770,162.458416
1780456770,163.327839
1780456770,162.970694
1780456770,164.000731
1780456770,176.715941
1780456770,330.280688
1780456770,176.991586
1780456770,179.090537
1780456770,177.721595
1780456770,303.926267
1780456770,328.589342
1780456770,177.937028
1780456770,330.364874
1780456770,359.852042
1780456770,176.706562
1780456770,361.671659
1780456770,361.326928
1780456770,334.283700
1780456770,171.546245
1780456770,351.593049
1780456770,362.199840
1780456770,357.425616
1780456770,179.676407
1780456770,363.561033
1780456770,171.496898
1780456770,329.725296
1780456770,172.233085
1780456770,172.368471
1780456770,171.674223
1780456770,175.564033
1780456770,176.449933
1780456770,148.540391
1780456770,177.655431
1780456770,151.120482
1780456770,171.541904
1780456770,149.887613
1780456770,172.149078
1780456770,152.041478
1780456770,172.818617
1780456770,160.114105
1780456770,160.303999
1780456770,173.137549
1780456770,165.903009
1780456770,180.085641
1780456770,167.039989
1780456770,171.054085
1780456770,167.226068
1780456770,179.044293
1780456770,168.413596
1780456770,169.309794
1780456770,168.115505
1780456770,169.506979
1780456770,168.819919
1780456770,168.206191
1780456770,168.636437
1780456770,169.157354
1780456770,169.652807
1780456770,169.539791
1780456770,169.449149
1780456770,171.469639
1780456770,168.604867
1780456770,172.101861
1780456770,306.326257
1780456770,373.143583
1780456770,372.055462
1780456770,191.654704
1780456770,317.552990
1780456770,317.766678
1780456770,317.243190
1780456770,181.994060
1780456770,183.033947
1780456770,187.850218
1780456770,186.546199
1780456770,182.401728
1780456770,182.964790
1780456770,179.584125
1780456770,190.959648
1780456770,187.643432
1780456770,191.117617
1780456770,187.745160
1780456770,171.061944
1780456770,179.388685
1780456770,171.243074
1780456770,181.653093
1780456770,188.026530
1780456770,187.940803
1780456770,181.894814
1780456770,172.378885
1780456770,188.216325
1780456770,187.819668
1780456770,187.907962
1780456770,188.142367
1780456770,178.070271
1780456770,182.113328
1780456770,179.428283
1780456770,182.428276
1780456770,177.956556
1780456770,182.613924
1780456770,177.571976
1780456770,161.203297
1780456770,180.206310
1780456770,161.131152
1780456770,158.768575
1780456770,179.354175
1780456770,180.866367
1780456770,161.240559
1780456770,182.536125
1780456770,160.049033
1780456770,182.654922
1780456770,163.884766
1780456770,182.949162
1780456770,164.332329
1780456770,183.836005
1780456770,171.997151
1780456770,183.825544
1780456770,163.928980
1780456770,164.118337
1780456770,184.000021
1780456770,164.184981
1780456770,184.358485
1780456770,164.340233
1780456770,184.422742
1780456770,165.370700
1780456770,184.556501
1780456770,166.945801
1780456770,157.954928
1780456770,188.270171
1780456770,158.032373
1780456770,184.666595
1780456770,164.247747
1780456770,171.562554
1780456770,105.464897
1780456770,106.195598
1780456770,184.556519
1780456770,185.287941
1780456770,198.516070
1780456770,198.223639
1780456770,198.093157
1780456770,197.684479
1780456770,193.528233
1780456770,197.800828
1780456770,194.549956
1780456770,197.761256
1780456770,194.345344
1780456770,198.351570
1780456770,197.687737
1780456770,169.370233
1780456770,193.344083
1780456770,192.115283
1780456770,194.754953
1780456770,193.351790
1780456770,198.849562
1780456770,194.498268
1780456770,193.625935
1780456770,195.271830
1780456770,193.726202
1780456770,197.927308
1780456770,186.172703
1780456770,194.058398
1780456770,186.157126
1780456770,186.382184
1780456770,194.001880
1780456770,332.570429
1780456770,186.642408
1780456770,186.121758
1780456770,193.462762
1780456770,186.197875
1780456770,193.738526
1780456770,186.382459
1780456770,194.170418
1780456770,113.402119
1780456770,113.510521
1780456770,114.233053
1780456770,114.346612
1780456770,113.724710
1780456770,114.102989
1780456770,114.449550
1780456770,114.554395
1780456770,113.603210
1780456770,114.516802
1780456770,113.438156
1780456770,114.096158
1780456770,112.458875
1780456770,114.050894
1780456770,119.041689
1780456770,119.475870
1780456770,119.587054
1780456770,121.760971
1780456770,119.969956
1780456770,124.916580
1780456770,120.948906
1780456770,121.142105
1780456770,125.269331
1780456770,125.470652
1780456770,126.772639
1780456770,125.774863
1780456770,118.749948
1780456770,120.239622
1780456770,125.733613
1780456770,125.862925
1780456770,125.058186
1780456770,127.616487
1780456770,128.035023
1780456770,129.943302
1780456770,130.251009
1780456770,130.574027
1780456770,125.278366
1780456770,131.367684
1780456770,128.346836
1780456770,132.069332
1780456770,125.015996
1780456770,133.456880
1780456770,133.368628
1780456770,132.888390
1780456770,125.693981
1780456770,125.424536
1780456770,128.670770
1780456770,132.918229
1780456770,133.900988
1780456770,133.652024
1780456770,134.581885
1780456770,129.805572
1780456770,132.280880
1780456770,129.262390
1780456770,133.931020
1780456770,129.752460
1780456770,133.180404
1780456770,128.608591
1780456770,126.323161
1780456770,133.436403
1780456770,126.797934
1780456770,132.983588
1780456770,130.754023
1780456770,135.828962
1780456770,135.964155
1780456770,136.069308
1780456770,136.293758
1780456770,136.360443
1780456770,136.950654
1780456770,134.977197
1780456770,137.162747
1780456770,133.415298
1780456770,133.472314
1780456770,135.595228
1780456770,135.195140
1780456770,135.492709
1780456770,134.148060
1780456770,136.023640
1780456770,134.512374
1780456770,136.122989
1780456770,136.358900
1780456770,136.704358
1780456770,136.957979
1780456770,136.927096
1780456770,137.249420
1780456770,137.347034
1780456770,137.943269
1780456770,233.441646
1780456770,233.076087
1780456770,371.550172
1780456770,232.348018
1780456770,232.577658
1780456770,231.552994
1780456770,233.632195
1780456770,233.183710
1780456770,370.438054
1780456770,234.015191
1780456770,145.968654
1780456770,141.645516
1780456770,141.744707
1780456770,141.854150
1780456770,141.910290
1780456770,146.200746
1780456770,146.394768
1780456770,146.589975
1780456770,146.275063
1780456770,146.572426
1780456770,142.165847
1780456770,370.553198
1780456770,232.327910
1780456770,142.451595
1780456770,371.908571
1780456770,144.804664
1780456770,142.249233
1780456770,142.048000
1780456770,142.037429
1780456770,141.953641
1780456770,144.976068
1780456770,147.896387
1780456770,147.144242
1780456770,147.210352
1780456770,148.614492
1780456770,148.746961
1780456770,143.775676
1780456770,143.420978
1780456770,146.283483
1780456770,145.907329
1780456770,152.302039
1780456770,148.276677
1780456770,142.339968
1780456770,146.150899
1780456770,147.372369
1780456770,144.619682
1780456770,144.972881
1780456770,144.879596
1780456770,147.861505
1780456770,142.471888
1780456770,147.411531
1780456770,148.538213
1780456770,152.830609
1780456770,148.822575
1780456770,148.902072
1780456770,145.773745
1780456770,149.742566
1780456770,146.184181
1780456770,149.154103
1780456770,145.957417
1780456770,149.369926
1780456770,147.335861
1780456770,150.871392
1780456770,152.443445
1780456770,149.486391
1780456770,145.212129
1780456770,149.876992
1780456770,148.248975
1780456770,148.392605
1780456770,148.950964
1780456770,149.098580
1780456770,149.747287
1780456770,149.834562
1780456770,148.232974
1780456770,148.461326
1780456770,148.389358
1780456770,157.896371
1780456770,157.540244
1780456770,157.034646
1780456770,157.002635
1780456770,157.006622
1780456770,156.821861
1780456770,158.838086
1780456770,158.743835
1780456770,158.436248
1780456770,158.891317
1780456770,152.564311
1780456770,158.820710
1780456770,157.123951
1780456770,157.259461
1780456770,158.419848
1780456770,157.168848
1780456770,158.178334
1780456770,158.801031
1780456770,157.532050
1780456770,157.696225
1780456770,157.380711
1780456770,161.429421
1780456770,159.041478
1780456770,159.138874
1780456770,161.536967
1780456770,158.052972
1780456770,159.275104
1780456770,158.234725
1780456770,161.946749
1780456770,160.165579
1780456770,158.817947
1780456770,160.351287
1780456770,160.624576
1780456770,162.651578
1780456770,156.923566
1780456770,153.885280
1780456770,159.611588
1780456770,159.546484
1780456770,163.205078
1780456770,157.411216
1780456770,160.084904
1780456770,164.301708
1780456770,157.734274
1780456770,154.892380
1780456770,163.954499
1780456770,159.775832
1780456770,159.488516
1780456770,155.174227
1780456770,164.542837
1780456770,161.441147
1780456770,166.451795
1780456770,166.628528
1780456770,162.028681
1780456770,164.753908
1780456770,167.754145
1780456770,167.593226
1780456770,167.844843
1780456770,167.681345
1780456770,167.586600
1780456770,162.358352
1780456770,163.827110
1780456770,162.542292
1780456770,156.016973
1780456770,161.114867
1780456770,163.119569
1780456770,162.864625
1780456770,155.457557
1780456770,160.749738
1780456770,162.494231
1780456770,157.472917
1780456770,162.367344
1780456770,156.810342
1780456770,160.022731
1780456770,163.462755
1780456770,162.386711
1780456770,167.873305
1780456770,167.225159
1780456770,165.292951
1780456770,156.969126
1780456770,165.397033
1780456770,162.772988
1780456770,165.624627
1780456770,156.995874
1780456770,165.855911
1780456770,166.589434
1780456770,165.861905
1780456770,164.378740
1780456770,147.361856
1780456770,166.525085
1780456770,157.074665
1780456770,164.070975
1780456770,162.708018
1780456770,164.411211
1780456770,166.908958
1780456770,148.894377
1780456770,161.669101
1780456770,161.841222
1780456770,167.462070
1780456770,161.058188
1780456770,157.616292
1780456770,158.287292
1780456770,161.358902
1780456770,167.167633
1780456770,158.296339
1780456770,166.056477
1780456770,161.072727
1780456770,161.177806
1780456770,156.892626
1780456770,163.107751
1780456770,162.546555
1780456770,153.053960
1780456770,158.571127
1780456770,156.706851
1780456770,157.380681
1780456770,168.954660
1780456770,166.277618
1780456770,157.566333
1780456770,166.497107
1780456770,168.339472
1780456770,157.954472
1780456770,169.402877
1780456770,166.691495
1780456770,157.426327
1780456770,163.932111
1780456770,149.913802
1780456770,167.002878
1780456770,167.123346
1780456770,169.826184
1780456770,153.409170
1780456770,170.052117
1780456770,150.279194
1780456770,167.395722
1780456770,167.514990
1780456770,154.348090
1780456770,170.457743
1780456770,167.553709
1780456770,150.684758
1780456770,170.520954
1780456770,167.784207
1780456770,154.804874
1780456770,170.639231
1780456770,167.475784
1780456770,151.153656
1780456770,164.052815
1780456770,171.600556
1780456770,150.926369
1780456770,171.089984
1780456770,167.766545
1780456770,163.191242
1780456770,167.896541
1780456770,163.647893
1780456770,162.842452
1780456770,168.083367
1780456770,167.758937
1780456770,170.371862
1780456770,168.282201
1780456770,161.537787
1780456770,168.461724
1780456770,171.858904
1780456770,153.062226
1780456770,165.699317
1780456770,169.494703
1780456770,173.028543
1780456770,172.953480
1780456770,153.391262
1780456770,171.436997
1780456770,173.838648
1780456770,161.522703
1780456770,169.059698
1780456770,168.907342
1780456770,168.779337
1780456770,168.616725
1780456770,154.213391
1780456770,174.116731
1780456770,173.433238
1780456770,166.860592
1780456770,167.030962
1780456770,154.594914
1780456770,159.166698
1780456770,169.465613
1780456770,163.555445
1780456770,158.724754
1780456770,175.006648
1780456770,159.746528
1780456770,173.740948
1780456770,156.379081
1780456770,155.346002
1780456770,171.861774
1780456770,176.125972
1780456770,156.898608
1780456770,156.494438
1780456770,168.759279
1780456770,174.916403
1780456770,178.432665
1780456770,158.531903
1780456770,158.421297
1780456770,158.327500
1780456770,176.866478
1780456770,158.429619
1780456770,158.507515
1780456770,173.101130
1780456770,158.595694
1780456770,173.680379
1780456770,173.842227
1780456770,178.382423
1780456770,173.234098
1780456770,158.468321
1780456770,158.538060
1780456770,173.422795
1780456770,173.240084
1780456770,174.360486
1780456770,173.342928
1780456770,176.727749
1780456770,162.171397
1780456770,163.276309
1780456770,163.369125
1780456770,162.107213
1780456770,162.283991
1780456770,163.023375
1780456770,162.017527
1780456770,162.321787
1780456770,162.368631
1780456770,162.313385
1780456770,176.029809
1780456770,162.367319
1780456770,163.663409
1780456770,176.168664
1780456770,176.888049
1780456770,169.721502
1780456770,182.111281
1780456770,163.644576
1780456770,173.577357
1780456770,173.974261
1780456770,175.351375
1780456770,173.980115
1780456770,175.347199
1780456770,176.313302
1780456770,182.610682
1780456770,173.137645
1780456770,167.167991
1780456770,172.384207
1780456770,162.829651
1780456770,167.500931
1780456770,164.229977
1780456770,163.234657
1780456770,167.959554
1780456770,167.601631
1780456770,168.118729
1780456770,169.338104
1780456770,168.195883
1780456770,182.816955
1780456770,180.581450
1780456770,183.062188
1780456770,159.107446
1780456770,183.278157
1780456770,183.267503
1780456770,177.489480
1780456770,159.639666
1780456770,183.612576
1780456770,159.911311
1780456770,160.084868
1780456770,160.181120
1780456770,184.001247
1780456770,184.264202
1780456770,141.485514
1780456770,141.684774
1780456770,178.700883
1780456770,184.682694
1780456770,141.585129
1780456770,141.831551
1780456770,141.902393
1780456770,183.168959
1780456770,142.092550
1780456770,183.014824
1780456770,182.197399
1780456770,142.770941
1780456770,181.720856
1780456770,186.007930
1780456770,179.286495
1780456770,186.207573
1780456770,182.131874
1780456770,186.406821
1780456770,179.750778
1780456770,143.741590
1780456770,180.063961
1780456770,180.160830
1780456770,180.327045
1780456770,181.242656
1780456770,180.079898
1780456770,180.494349
1780456770,146.128373
1780456770,184.067186
1780456770,182.210714
1780456770,186.009577
1780456770,181.644347
1780456770,181.348644
1780456770,143.728788
1780456770,182.185559
1780456770,181.823193
1780456770,144.506631
1780456770,182.483118
1780456770,145.012059
1780456770,182.281948
1780456770,145.515470
1780456770,182.443259
1780456770,148.144130
1780456770,183.242278
1780456770,184.161853
1780456770,183.272814
1780456770,184.140061
1780456770,179.464732
1780456770,146.376787
1780456770,179.491529
1780456770,185.398577
1780456770,180.438873
1780456770,184.938937
1780456770,180.666677
1780456770,180.082050
1780456770,147.063792
1780456770,177.502000
1780456770,147.656838
1780456770,177.653321
1780456770,148.097358
1780456770,177.961551
1780456770,148.435111
1780456770,178.229013
1780456770,148.768846
1780456770,178.512803
1780456770,149.060801
1780456770,178.778853
1780456770,149.509734
1780456770,178.804158
1780456770,187.475643
1780456770,179.076363
1780456770,149.805078
1780456770,179.302013
1780456770,146.893700
1780456770,144.335633
1780456770,189.235454
1780456770,189.324121
1780456770,181.259941
1780456770,133.620967
1780456770,182.428388
1780456770,187.165499
1780456770,183.352939
1780456770,183.357673
1780456770,182.802538
1780456770,187.956732
1780456770,183.814391
1780456770,182.943014
1780456770,183.869804
1780456770,183.179085
1780456770,188.635407
1780456770,202.414277
1780456770,183.613700
1780456770,183.715139
1780456770,202.127013
1780456770,156.247025
1780456770,203.310709
1780456770,196.804036
1780456770,203.080926
1780456770,203.792112
1780456770,190.546539
1780456770,204.132112
1780456770,204.661014
1780456770,204.127655
1780456770,204.454534
1780456770,205.131913
1780456770,204.503373
1780456770,198.606521
1780456770,202.724597
1780456770,205.874416
1780456770,203.935206
1780456770,200.509742
1780456770,200.236509
1780456770,200.234955
1780456770,206.301161
1780456770,205.867559
1780456770,202.833232
1780456770,203.017505
1780456770,205.755767
1780456770,204.133881
1780456770,159.908781
1780456770,163.812145
1780456770,203.345376
1780456770,163.816963
1780456770,203.245729
1780456770,203.532513
1780456770,196.954201
1780456770,164.663116
1780456770,164.817331
1780456770,198.104678
1780456770,199.488243
1780456770,208.176977
1780456770,207.582990
1780456770,208.347855
1780456770,205.679599
1780456770,199.493841
1780456770,199.100659
1780456770,199.617581
1780456770,199.953506
1780456770,203.466783
1780456770,199.841209
1780456770,203.451208
1780456770,208.455829
1780456770,198.946957
1780456770,208.524589
1780456770,189.114170
1780456770,189.250935
1780456770,208.626551
1780456770,189.343096
1780456770,201.447256
1780456770,204.331166
1780456770,179.136682
1780456770,208.759515
1780456770,199.251996
1780456770,199.227727
1780456770,180.342071
1780456770,180.641927
1780456770,168.373513
1780456770,181.096560
1780456770,168.758314
1780456770,181.393126
1780456770,216.497674
1780456770,210.092494
1780456770,212.866232
1780456770,209.806334
1780456770,216.482112
1780456770,212.918546
1780456770,207.904891
1780456770,209.682959
1780456770,214.304205
1780456770,214.851355
1780456770,215.315036
1780456770,214.606659
1780456770,173.113254
1780456770,212.376807
1780456770,212.446237
1780456770,214.990499
1780456770,181.994581
1780456770,172.644307
1780456770,215.160231
1780456770,192.530862
1780456770,172.816840
1780456770,172.668764
1780456770,173.438660
1780456770,172.860526
1780456770,192.764787
1780456770,208.313155
1780456770,172.966080
1780456770,192.837633
1780456770,172.715577
1780456770,173.058740
1780456770,172.857666
1780456770,202.419963
1780456770,173.527810
1780456770,199.692660
1780456770,173.527415
1780456770,173.366393
1780456770,173.294278
1780456770,209.135814
1780456770,182.775506
1780456770,172.857285
1780456770,209.157959
1780456770,173.633584
1780456770,173.154011
1780456770,173.097811
1780456770,173.906005
1780456770,173.115399
1780456770,173.273592
1780456770,173.128027
1780456770,182.453045
1780456770,170.739585
1780456770,171.037581
1780456770,210.010086
1780456770,182.527141
1780456770,171.463335
1780456770,182.828039
1780456770,210.519578
1780456770,161.964424
1780456770,161.602622
1780456770,172.112128
1780456770,183.808032
1780456770,210.525570
1780456770,172.620081
1780456770,172.681844
1780456770,169.252354
1780456770,169.396455
1780456770,172.986482
1780456770,215.841641
1780456770,173.145170
1780456770,169.878050
1780456770,216.070330
1780456770,211.335813
1780456770,216.217482
1780456770,167.520394
1780456770,211.589750
1780456770,216.812264
1780456770,216.397941
1780456770,211.620855
1780456770,216.990144
1780456770,217.814492
1780456770,211.994589
1780456770,217.794732
1780456770,217.142443
1780456770,158.031923
1780456770,218.156601
1780456770,157.000780
1780456770,224.931256
1780456770,218.093732
1780456770,210.311038
1780456770,225.117291
1780456770,165.099573
1780456770,162.569495
1780456770,218.368089
1780456770,163.874694
1780456770,165.207090
1780456770,218.562532
1780456770,179.243522
1780456770,208.903545
1780456770,225.614217
1780456770,216.007444
1780456770,219.734301
1780456770,225.832102
1780456770,209.266244
1780456770,226.034386
1780456770,189.483438
1780456770,180.438427
1780456770,189.562469
1780456770,218.753230
1780456770,190.275424
1780456770,219.290749
1780456770,178.421030
1780456770,226.372902
1780456770,178.616024
1780456770,217.733492
1780456770,226.653040
1780456770,156.809287
1780456770,226.962418
1780456770,217.501688
1780456770,156.127783
1780456770,178.830447
1780456770,220.511608
1780456770,217.867041
1780456770,227.459930
1780456770,217.985907
1780456770,227.640213
1780456770,180.300930
1780456770,227.230984
1780456770,218.432958
1780456770,228.137201
1780456770,219.294629
1780456770,226.544940
1780456770,183.993257
1780456770,167.600623
1780456770,228.033973
1780456770,180.730774
1780456770,222.540500
1780456770,162.926842
1780456770,163.450352
1780456770,187.144738
1780456770,187.304138
1780456770,187.385776
1780456770,183.888542
1780456770,184.124902
1780456770,201.095890
1780456770,226.218076
1780456770,200.476212
1780456770,200.814720
1780456770,181.229935
1780456770,200.369255
1780456770,201.523966
1780456770,200.398010
1780456770,180.166976
1780456770,236.436276
1780456770,177.424501
1780456770,173.618209
1780456770,234.038760
1780456770,223.303892
1780456770,171.593902
1780456770,223.608092
1780456770,165.664742
1780456770,230.694430
1780456770,174.328538
1780456770,193.198460
1780456770,172.016923
1780456770,173.127873
1780456770,174.460441
1780456770,193.302168
1780456770,223.837276
1780456770,231.123158
1780456770,224.528520
1780456770,231.842722
1780456770,224.103890
1780456770,234.655919
1780456770,235.006388
1780456770,203.467658
1780456770,225.684753
1780456770,203.874031
1780456770,190.703198
1780456770,235.653374
1780456770,188.622625
1780456770,154.693387
1780456770,206.168763
1780456770,205.782453
1780456770,154.746925
1780456770,190.125313
1780456770,187.841328
1780456770,206.299437
1780456770,206.049234
1780456770,232.453777
1780456770,233.324519
1780456770,207.111946
1780456770,232.717538
1780456770,206.798699
1780456770,232.883330
1780456770,207.656542
1780456770,207.056343
1780456770,233.045373
1780456770,207.932215
1780456770,234.019286
1780456770,229.188337
1780456770,208.129862
1780456770,207.632038
1780456770,189.467812
1780456770,207.829026
1780456770,208.393623
1780456770,229.153119
1780456770,229.399556
1780456770,177.930120
1780456770,240.110184
1780456770,240.508817
1780456770,209.418001
1780456770,179.557043
1780456770,162.015372
1780456770,201.159159
1780456770,178.510798
1780456770,187.670429
1780456770,177.235545
1780456770,201.258400
1780456770,176.055987
1780456770,165.995759
1780456770,181.020913
1780456770,171.833455
1780456770,201.542747
1780456770,182.176908
1780456770,187.704989
1780456770,187.688816
1780456770,201.291892
1780456770,201.251223
1780456770,187.893904
1780456770,186.303990
1780456770,187.820111
1780456770,164.926408
1780456770,230.938982
1780456770,182.937971
1780456770,181.771359
1780456770,182.951458
1780456770,179.250608
1780456770,179.367937
1780456770,233.863584
1780456770,233.818466
1780456770,234.239062
1780456770,231.491114
1780456770,234.389183
1780456770,231.397561
1780456770,233.894977
1780456770,240.518560
1780456770,231.270446
1780456770,234.990688
1780456770,230.484804
1780456770,229.856243
1780456770,231.467820
1780456770,230.844070
1780456770,240.475770
1780456770,179.092285
1780456770,178.797059
1780456770,173.891905
1780456770,213.498736
1780456770,210.346064
1780456770,214.725524
1780456770,194.913999
1780456770,215.185273
1780456770,210.413997
1780456770,201.618607
1780456770,224.203506
1780456770,198.994490
1780456770,173.171494
1780456770,190.693097
1780456770,209.363802
1780456770,192.316487
1780456770,204.196511
1780456770,208.735325
1780456770,209.434319
1780456770,191.033424
1780456770,194.007888
1780456770,195.165394
1780456770,198.304596
1780456770,192.185844
1780456770,192.645035
1780456770,167.044563
1780456770,167.057032
1780456770,167.187423
1780456770,170.571058
1780456770,191.884759
1780456770,178.274245
1780456770,192.380279
1780456770,192.705211
1780456770,191.873948
1780456770,240.995167
1780456770,241.102243
1780456770,186.236989
1780456770,240.864443
1780456770,184.165157
1780456770,241.048098
1780456770,183.215291
1780456770,241.768747
1780456770,183.619657
1780456770,181.451601
1780456770,164.210389
1780456770,181.933939
1780456770,242.397875
1780456770,180.977843
1780456770,243.671478
1780456770,244.459657
1780456770,231.724223
1780456770,249.068789
1780456770,230.642365
1780456770,230.545882
1780456770,232.015476
1780456770,230.721356
1780456770,230.843414
1780456770,251.643101
1780456770,230.750452
1780456770,230.799521
1780456770,256.255739
1780456770,254.582319
1780456770,254.747838
1780456770,230.800598
1780456770,245.342572
1780456770,183.501645
1780456770,245.771178
1780456770,224.805052
1780456770,204.213234
1780456770,245.738781
1780456770,183.188241
1780456770,246.801022
1780456770,246.585048
1780456770,181.329083
1780456770,247.363033
1780456770,226.053174
1780456770,217.296180
1780456770,218.510007
1780456770,182.047290
1780456770,218.924755
1780456770,218.901765
1780456770,218.998666
1780456770,181.529776
1780456770,228.859241
1780456770,219.828820
1780456770,219.801367
1780456770,228.303597
1780456770,228.301576
1780456770,182.505491
1780456770,228.895233
1780456770,206.933494
1780456770,181.661594
1780456770,228.651294
1780456770,260.294380
1780456770,261.291625
1780456770,261.099858
1780456770,236.201906
1780456770,260.319910
1780456770,236.283675
1780456770,207.270354
1780456770,180.871537
1780456770,207.590314
1780456770,229.547312
1780456770,229.786230
1780456770,208.435739
1780456770,208.674543
1780456770,231.106006
1780456770,209.042179
1780456770,180.610846
1780456770,207.838126
1780456770,209.144498
1780456770,231.319508
1780456770,209.360916
1780456770,231.685541
1780456770,174.417898
1780456770,231.871644
1780456770,232.655989
1780456770,232.984974
1780456770,200.861857
1780456770,233.036553
1780456770,229.948421
1780456770,231.012038
1780456770,228.201691
1780456770,228.495058
1780456770,228.840505
1780456770,223.868796
1780456770,212.720974
1780456770,201.396346
1780456770,202.597013
1780456770,202.661550
1780456770,200.524138
1780456770,196.063320
1780456770,201.715266
1780456770,199.541962
1780456770,198.815133
1780456770,200.209246
1780456770,199.418648
1780456770,224.124382
1780456770,243.656101
1780456770,244.872144
1780456770,246.540589
1780456770,129.519523
1780456770,129.721089
1780456770,129.529360
1780456770,246.818789
1780456770,254.095997
1780456770,233.195961
1780456770,233.192403
1780456770,274.344155
1780456770,278.866971
1780456770,254.258969
1780456770,231.554645
1780456770,254.520806
1780456770,256.164297
1780456770,129.866843
1780456770,263.894234
1780456770,225.737568
1780456770,254.707963
1780456770,263.880135
1780456770,225.787714
1780456770,232.329301
1780456770,278.595773
1780456770,278.970904
1780456770,273.896114
1780456770,232.472465
1780456770,279.460415
1780456770,274.017544
1780456770,274.451733
1780456770,232.662941
1780456770,232.760008
1780456770,233.973249
1780456770,210.623309
1780456770,233.973967
1780456770,255.175376
1780456770,215.694351
1780456770,255.062477
1780456770,223.214647
1780456770,224.665259
1780456770,273.870747
1780456770,213.311506
1780456770,227.313550
1780456770,217.466964
1780456770,223.509586
1780456770,217.384586
1780456770,226.191705
1780456770,229.136382
1780456770,204.903349
1780456770,207.760409
1780456770,227.694792
1780456770,191.719826
1780456770,227.650886
1780456770,220.259772
1780456770,226.494102
1780456770,226.310100
1780456770,137.408828
1780456770,280.327978
1780456770,279.482535
1780456770,280.393600
1780456770,279.187648
1780456770,275.681536
1780456770,276.137735
1780456770,276.128013
1780456770,110.710535
1780456770,236.464368
1780456770,110.888557
1780456770,276.467020
1780456770,111.502068
1780456770,276.734789
1780456770,111.343633
1780456770,276.786218
1780456770,111.703119
1780456770,112.655866
1780456770,112.675139
1780456770,277.260130
1780456770,112.314553
1780456770,205.556853
1780456770,149.415330
1780456770,149.402385
1780456770,149.449884
1780456770,224.263360
1780456770,222.855068
1780456770,237.168989
1780456770,112.428569
1780456770,221.730380
1780456770,141.268454
1780456770,141.319214
1780456770,112.552524
1780456770,237.486955
1780456770,113.395754
1780456770,113.631269
1780456770,113.728906
1780456770,113.744466
1780456770,115.983467
1780456770,116.052151
1780456770,116.031656
1780456770,215.407449
1780456770,212.240911
1780456770,149.956840
1780456770,150.294558
1780456770,264.530336
1780456770,153.193693
1780456770,153.162092
1780456770,153.141262
1780456770,153.230939
1780456770,153.229081
1780456770,112.542812
1780456770,153.354182
1780456770,112.814228
1780456770,153.419522
1780456770,153.114697
1780456770,153.472710
1780456770,113.050101
1780456770,153.204759
1780456770,113.208584
1780456770,113.182428
1780456770,153.284515
1780456770,153.362346
1780456770,153.454129
1780456770,113.256144
1780456770,153.483742
1780456770,113.090090
1780456770,150.909342
1780456770,267.859806
1780456770,150.888226
1780456770,150.701111
1780456770,268.485381
1780456770,265.312685
1780456770,115.108792
1780456770,114.905532
1780456770,114.827490
1780456770,114.224490
1780456770,114.958455
1780456770,155.614027
1780456770,155.508274
1780456770,238.408358
1780456770,115.343577
1780456770,114.354405
1780456770,115.348019
1780456770,114.879282
1780456770,238.523792
1780456770,114.945892
1780456770,114.887032
1780456770,240.907469
1780456770,264.717808
1780456770,261.333843
1780456770,264.825414
1780456770,263.366965
1780456770,152.134636
1780456770,297.736785
1780456770,127.289272
1780456770,258.255217
1780456770,255.913759
1780456770,126.817696
1780456770,236.470088
1780456770,255.558453
1780456770,250.837885
1780456770,129.097848
1780456770,289.524495
1780456770,129.099111
1780456770,129.159547
1780456770,128.479300
1780456770,250.945323
1780456770,290.277311
1780456770,290.455482
1780456770,166.363667
1780456770,166.357679
1780456770,166.866304
1780456770,166.781220
1780456770,166.772979
1780456770,291.850902
1780456770,166.759507
1780456770,166.926842
1780456770,166.856542
1780456770,166.532712
1780456770,158.405030
1780456770,158.545576
1780456770,224.073584
1780456770,157.729350
1780456770,166.737683
1780456770,166.796350
1780456770,166.924928
1780456770,237.894610
1780456770,282.534025
1780456770,257.505224
1780456770,257.408522
1780456770,257.688836
1780456770,232.791432
1780456770,283.673552
1780456770,283.804931
1780456770,257.272598
1780456770,282.864802
1780456770,282.951652
1780456770,282.991773
1780456770,283.096160
1780456770,257.741304
1780456770,283.694314
1780456770,232.003793
1780456770,284.231794
1780456770,252.063493
1780456770,252.039356
1780456770,249.645020
1780456770,250.869120
1780456770,230.951063
1780456770,284.452851
1780456770,304.338597
1780456770,245.289686
1780456770,284.984253
1780456770,259.734763
1780456770,241.941204
1780456770,299.931883
1780456770,259.116712
1780456770,263.724202
1780456770,300.563788
1780456770,259.887548
1780456770,244.515000
1780456770,263.860607
1780456770,264.138631
1780456770,300.917442
1780456770,264.325557
1780456770,264.642827
1780456770,259.902005
1780456770,264.906242
1780456770,265.145569
1780456770,265.422976
1780456770,298.640549
1780456770,261.060827
1780456770,300.195820
1780456770,300.799805
1780456770,300.892784
1780456770,300.918659
1780456770,300.858158
1780456770,301.532710
1780456770,301.609884
1780456770,301.869470
1780456770,301.977932
1780456770,233.859846
1780456770,233.837391
1780456770,233.875341
1780456770,269.108857
1780456770,302.160895
1780456770,269.407488
1780456770,264.914245
1780456770,302.762302
1780456770,270.787265
1780456770,270.025587
1780456770,272.084466
1780456770,304.361890
1780456770,272.201251
1780456770,272.272510
1780456770,306.182959
1780456770,272.307453
1780456770,273.428711
1780456770,265.845879
1780456770,305.618470
1780456770,267.190278
1780456770,305.728135
1780456770,269.091993
1780456770,265.017621
1780456770,265.029677
1780456770,267.962886
1780456770,120.210703
1780456770,264.964842
1780456770,267.030898
1780456770,299.258958
1780456770,306.850517
1780456770,267.153010
1780456770,266.133624
1780456770,264.834512
1780456770,121.503220
1780456770,264.805857
1780456770,120.753914
1780456770,136.908377
1780456770,299.596496
1780456770,137.898655
1780456770,299.721541
1780456770,266.406831
1780456770,260.504019
1780456770,123.067136
1780456770,260.529541
1780456770,260.491369
1780456770,149.886646
1780456770,149.233835
1780456770,138.483904
1780456770,138.489397
1780456770,139.218161
1780456770,139.140985
1780456770,139.050291
1780456770,139.230109
1780456770,269.615624
1780456770,269.520568
1780456770,117.885809
1780456770,117.782932
1780456770,259.491484
1780456770,255.794975
1780456770,253.524396
1780456770,255.831289
1780456770,269.512882
1780456770,151.979193
1780456770,254.877182
1780456770,253.641112
1780456770,151.372115
1780456770,257.430453
1780456770,253.721121
1780456770,118.362670
1780456770,254.947879
1780456770,188.931376
1780456770,267.263669
1780456770,152.752338
1780456770,118.185165
1780456770,263.769615
1780456770,118.353889
1780456770,152.722596
1780456770,239.850160
1780456770,153.022326
1780456770,188.976487
1780456770,303.206723
1780456770,118.562507
1780456770,268.709762
1780456770,282.242651
1780456770,269.943985
1780456770,153.092446
1780456770,113.595194
1780456770,189.172398
1780456770,281.141462
1780456770,251.458979
1780456770,113.504669
1780456770,281.327070
1780456770,189.442157
1780456770,281.347535
1780456770,251.920399
1780456770,281.123787
1780456770,253.942624
1780456770,273.758589
1780456770,271.209525
1780456770,251.204297
1780456770,190.329946
1780456770,265.451082
1780456770,191.085746
1780456770,260.714119
1780456770,251.727238
1780456770,260.610751
1780456770,250.757713
1780456770,248.545877
1780456770,255.421316
1780456770,241.106588
1780456770,241.169815
1780456770,191.785876
1780456770,253.741564
1780456770,191.837293
1780456770,192.102717
1780456770,191.862448
1780456770,192.330619
1780456770,252.941726
1780456770,192.441488
1780456770,192.129483
1780456770,187.323163
1780456770,187.432986
1780456770,187.433744
1780456770,187.698379
1780456770,187.430938
1780456770,187.396084
1780456770,187.630990
1780456770,184.244570
1780456770,184.176186
1780456770,184.425510
1780456770,184.122056
1780456770,184.365104
1780456770,184.221059
1780456770,183.852895
1780456770,184.464127
1780456770,184.134920
1780456770,184.221337
1780456770,184.705622
1780456770,184.190805
1780456770,186.880219
1780456770,184.880586
1780456770,194.887198
1780456770,164.402567
1780456770,195.295356
1780456770,187.032831
1780456770,195.338297
1780456770,164.172244
1780456770,163.933743
1780456770,164.488704
1780456770,164.082958
1780456770,195.305110
1780456770,163.799146
1780456770,164.362548
1780456770,164.021506
1780456770,164.301193
1780456770,164.653396
1780456770,164.603958
1780456770,164.629849
1780456770,164.804577
1780456770,164.058263
1780456770,164.555353
1780456770,150.965141
1780456770,151.192959
1780456770,151.026290
1780456770,164.390550
1780456770,154.884421
1780456770,154.817809
1780456770,154.540982
1780456770,154.342091
1780456770,154.553560
1780456770,154.513448
1780456770,154.715187
1780456770,154.183853
1780456770,155.181817
1780456770,154.382803
1780456770,154.897044
1780456770,154.401663
1780456770,155.202227
1780456770,154.810004
1780456770,170.916975
1780456770,170.980419
1780456770,166.656091
1780456770,166.809903
1780456770,172.305188
1780456770,172.348149
1780456770,172.120200
1780456770,172.322914
1780456770,172.057912
1780456770,171.805935
1780456770,172.573349
1780456770,172.568729
1780456770,172.040431
1780456770,172.529555
1780456770,172.343238
1780456770,172.936928
1780456770,172.410626
1780456770,167.925984
1780456770,157.471761
1780456770,167.561698
1780456770,172.743518
1780456770,173.063571
1780456770,157.350695
1780456770,173.044682
1780456770,173.287630
1780456770,167.797131
1780456770,173.758811
1780456770,173.374307
1780456770,168.043617
1780456770,173.591839
1780456770,168.263826
1780456770,174.238070
1780456770,174.068405
1780456770,168.479223
1780456770,174.268276
1780456770,174.309093
1780456770,168.690338
1780456770,174.254411
1780456770,168.903154
1780456770,169.845553
1780456770,174.519103
1780456770,170.030309
1780456770,174.614242
1780456770,169.640122
1780456770,170.414977
1780456770,170.367336
1780456770,170.757483
1780456770,170.699256
1780456770,118.492272
1780456770,145.462501
1780456770,120.047806
1780456770,161.767645
1780456770,146.338007
1780456770,146.276803
1780456770,122.571375
1780456770,120.464184
1780456770,146.781000
1780456770,146.787808
1780456770,173.449989
1780456770,173.402529
1780456770,172.828322
1780456770,108.523416
1780456770,173.411561
1780456770,173.488135
1780456770,162.588048
1780456770,162.713942
1780456770,114.975817
1780456770,149.938133
1780456770,150.074276
1780456770,114.804350
1780456770,114.539763
1780456770,124.186953
1780456770,123.997902
1780456770,124.249792
1780456770,124.279072
1780456770,124.521183
1780456770,151.028717
1780456770,151.499740
1780456770,151.152662
1780456770,151.411450
1780456770,151.414015
1780456770,151.076917
1780456770,151.463757
1780456770,151.318229
1780456770,151.310392
1780456770,150.619354
1780456770,151.459843
1780456770,124.564782
1780456770,116.663936
1780456770,113.159368
1780456770,113.609300
1780456770,113.391534
1780456770,116.346341
1780456770,167.345975
1780456770,167.292310
1780456770,167.322817
1780456770,167.260464
1780456770,167.414172
1780456770,167.243065
1780456770,167.920438
1780456770,113.714378
1780456770,121.727418
1780456770,167.695521
1780456770,167.268510
1780456770,113.949554
1780456770,167.368099
1780456770,113.988264
1780456770,113.941342
1780456770,167.451501
1780456770,124.868376
1780456770,153.057310
1780456770,153.074262
1780456770,152.400876
1780456770,152.936991
1780456770,167.910344
1780456770,114.110513
1780456770,114.512537
1780456770,179.468552
1780456770,145.600567
1780456770,145.962114
1780456770,134.075955
1780456770,134.180967
1780456770,115.328434
1780456770,134.477181
1780456770,134.739975
1780456770,134.137540
1780456770,155.089391
1780456770,155.268952
1780456770,135.093666
1780456770,132.986743
1780456770,130.838098
1780456770,129.837490
1780456770,117.685301
1780456770,113.993763
1780456770,117.755957
1780456770,129.808152
1780456770,129.951133
1780456770,130.216127
1780456770,130.202869
1780456770,130.539832
1780456770,128.234160
1780456770,130.083507
1780456770,127.406460
1780456770,125.948506
1780456770,130.998801
1780456770,127.216194
1780456770,124.922753
1780456770,125.141913
1780456770,131.729321
1780456770,125.334020
1780456770,128.528284
1780456770,125.464112
1780456770,128.732627
1780456770,125.806072
1780456770,129.110636
1780456770,129.079689
1780456770,129.324344
1780456770,129.575770
1780456770,129.559189
1780456770,129.450402
1780456770,130.060138
1780456770,130.027240
1780456770,127.270700
1780456770,130.283824
1780456770,130.538561
1780456770,130.468201
1780456770,122.689012
1780456770,128.000685
1780456770,128.072095
1780456770,125.374609
1780456770,131.261778
1780456770,131.032140
1780456770,131.408816
1780456770,131.557609
1780456770,125.016090
1780456770,131.369281
1780456770,125.132922
1780456770,124.844880
1780456770,124.192576
1780456770,124.359685
1780456770,124.376059
1780456770,117.490590
1780456770,124.290805
1780456770,124.505097
1780456770,122.978304
1780456770,121.374435
1780456770,122.113844
1780456770,123.440987
1780456770,121.528446
1780456770,121.052579
1780456770,193.878478
1780456770,118.680456
1780456770,118.764874
1780456770,118.953095
1780456770,119.006182
1780456770,179.698817
1780456770,180.094632
1780456770,119.779176
1780456770,119.731123
1780456770,181.573433
1780456770,118.899788
1780456770,119.304489
1780456770,180.283746
1780456770,136.667553
1780456770,133.787764
1780456770,181.592905
1780456770,181.701486
1780456770,136.704418
1780456770,137.566959
1780456770,197.743091
1780456770,197.650926
1780456770,137.454785
1780456770,198.337117
1780456770,199.975450
1780456770,133.371845
1780456770,124.784916
1780456770,200.068921
1780456770,166.350135
1780456770,140.117767
1780456770,129.976634
1780456770,120.814657
1780456770,212.051840
1780456770,166.218787
1780456770,211.557900
1780456770,133.116301
1780456770,167.614537
1780456770,200.638332
1780456770,133.578128
1780456770,130.618058
1780456770,131.059709
1780456770,200.054821
1780456770,130.996695
1780456770,116.055342
1780456770,127.051877
1780456770,126.934392
1780456770,127.258467
1780456770,126.895944
1780456770,127.126064
1780456770,121.085847
1780456770,115.999283
1780456770,151.076155
1780456770,189.358972
1780456770,216.223279
1780456770,189.971191
1780456770,189.265068
1780456770,126.302193
1780456770,216.401594
1780456770,134.263099
1780456770,127.621329
1780456770,190.063538
1780456770,120.037938
1780456770,163.040435
1780456770,122.952982
1780456770,133.545801
1780456770,110.612096
1780456770,135.501004
1780456770,110.684942
1780456770,189.438729
1780456770,111.942850
1780456770,171.074053
1780456770,171.125811
1780456770,128.143072
1780456770,170.901018
1780456770,135.401369
1780456770,162.524075
1780456770,167.145964
1780456770,127.552613
1780456770,126.108915
1780456770,135.692126
1780456770,134.835221
1780456770,134.822341
1780456770,160.543994
1780456770,159.409187
1780456770,160.463878
1780456770,160.580026
1780456770,159.646614
1780456770,159.479957
1780456770,124.468842
1780456770,134.421410
1780456770,134.436598
1780456770,126.075252
1780456770,183.741539
1780456770,135.109434
1780456770,159.503783
1780456770,125.796409
1780456770,124.373574
1780456770,135.098740
1780456770,124.447823
1780456770,183.513606
1780456770,138.076633
1780456770,173.813030
1780456770,183.964983
1780456770,124.656626
1780456770,183.883205
1780456770,184.011552
1780456770,132.307745
1780456770,131.901651
1780456770,184.349390
1780456770,130.735025
1780456770,131.738468
1780456770,129.798934
1780456770,128.629836
1780456770,129.311315
1780456770,132.029789
1780456770,157.760667
1780456770,140.339280
1780456770,130.411468
1780456770,158.279722
1780456770,131.128143
1780456770,158.668191
1780456770,131.620695
1780456770,159.670818
1780456770,173.982754
1780456770,169.052475
1780456770,132.766394
1780456770,159.364445
1780456770,179.112535
1780456770,159.768401
1780456770,174.804793
1780456770,126.027105
1780456770,127.433678
1780456770,126.016303
1780456770,131.282345
1780456770,125.377705
1780456770,131.815009
1780456770,126.248404
1780456770,132.026231
1780456770,132.959749
1780456770,133.289143
1780456770,140.253052
1780456770,167.161768
1780456770,133.205691
1780456770,166.398950
1780456770,133.485459
1780456770,134.065906
1780456770,134.147816
1780456770,134.270571
1780456770,125.696523
1780456770,134.428983
1780456770,134.684259
1780456770,134.778838
1780456770,140.898866
1780456770,133.158356
1780456770,116.076311
1780456770,133.744691
1780456770,168.946021
1780456770,134.191601
1780456770,135.765051
1780456770,169.058496
1780456770,133.994789
1780456770,130.420523
1780456770,135.009312
1780456770,138.104678
1780456770,132.491812
1780456770,133.425701
1780456770,132.971612
1780456770,134.632453
1780456770,135.228694
1780456770,110.482073
1780456770,134.710957
1780456770,135.148990
1780456770,110.582231
1780456770,135.381441
1780456770,135.675951
1780456770,128.750679
1780456770,131.994464
1780456770,128.931805
1780456770,135.627258
1780456770,132.280644
1780456770,128.663689
1780456770,136.207952
1780456770,143.295053
1780456770,158.988497
1780456770,110.358958
1780456770,159.404073
1780456770,159.376378
1780456770,159.589217
1780456770,159.545487
1780456770,155.583717
1780456770,155.660942
1780456770,137.349396
1780456770,137.284327
1780456770,155.728613
1780456770,155.708462
1780456770,137.571323
1780456770,129.310694
1780456770,137.634835
1780456770,125.879620
1780456770,126.752691
1780456770,137.559968
1780456770,159.518272
1780456770,159.573145
1780456770,137.874461
1780456770,155.921560
1780456770,136.826788
1780456770,159.748856
1780456770,155.970600
1780456770,159.824664
1780456770,127.060215
1780456770,137.602623
1780456770,127.145319
1780456770,159.727653
1780456770,160.292976
1780456770,159.800842
1780456770,127.258703
1780456770,133.401797
1780456770,137.925925
1780456770,139.346183
1780456770,128.049940
1780456770,111.210836
1780456770,138.435244
1780456770,139.682761
1780456770,128.199814
1780456770,122.282609
1780456770,187.810734
1780456770,139.308746
1780456770,173.504728
1780456770,168.291863
1780456770,140.591101
1780456770,140.858442
1780456770,136.503369
1780456770,143.329210
1780456770,128.710721
1780456770,168.099992
1780456770,140.465449
1780456770,132.986550
1780456770,123.547790
1780456770,135.106558
1780456770,136.755131
1780456770,135.439293
1780456770,119.926676
1780456770,123.717082
1780456770,124.524238
1780456770,139.558300
1780456770,124.067196
1780456770,121.492155
1780456770,133.195283
1780456770,121.370399
1780456770,135.981204
1780456770,121.668888
1780456770,139.902806
1780456770,124.570596
1780456770,136.334939
1780456770,168.535087
1780456770,136.493939
1780456770,124.271363
1780456770,136.553112
1780456770,139.195719
1780456770,134.442413
1780456770,138.733893
1780456770,138.685640
1780456770,123.353679
1780456770,109.572089
1780456770,107.049841
1780456770,122.406587
1780456770,106.590339
1780456770,106.190491
1780456770,122.843785
1780456770,132.993872
1780456770,140.926440
1780456770,136.411387
1780456770,136.502035
1780456770,107.175991
1780456770,105.113124
1780456770,105.283965
1780456770,125.807283
1780456770,103.982774
1780456770,142.454323
1780456770,141.620986
1780456770,140.176752
1780456770,121.756848
1780456770,140.471404
1780456771,140.510097
1780456771,131.164024
1780456771,121.413228
1780456771,135.666876
1780456771,127.796964
1780456771,166.374893
1780456771,166.439114
1780456771,163.218805
1780456771,163.326173
1780456771,163.127042
1780456771,163.713451
1780456771,133.269970
1780456771,157.140967
1780456771,133.351032
1780456771,132.650913
1780456771,140.513738
1780456771,133.048132
1780456771,157.845268
1780456771,132.814550
1780456771,140.767125
1780456771,163.171561
1780456771,128.895675
1780456771,167.091563
1780456771,156.853534
1780456771,138.062820
1780456771,133.484681
1780456771,138.673777
1780456771,158.199147
1780456771,134.336262
1780456771,158.334476
1780456771,134.568241
1780456771,158.704125
1780456771,120.389587
1780456771,135.026703
1780456771,103.844019
1780456771,103.721729
1780456771,158.385023
1780456771,131.061102
1780456771,158.289851
1780456771,131.207642
1780456771,144.285529
1780456771,131.264477
1780456771,120.344305
1780456771,158.531232
1780456771,148.314686
1780456771,104.316940
1780456771,145.618228
1780456771,151.977777
1780456771,121.009759
1780456771,151.900113
1780456771,152.259684
1780456771,104.910942
1780456771,151.529044
1780456771,105.321677
1780456771,132.819372
1780456771,142.373393
1780456771,132.991069
1780456771,122.131265
1780456771,151.459464
1780456771,151.544773
1780456771,133.475329
1780456771,131.966224
1780456771,151.293541
1780456771,151.525821
1780456771,130.998155
1780456771,130.669224
1780456771,136.992846
1780456771,151.010111
1780456771,127.609763
1780456771,138.779963
1780456771,148.378344
1780456771,121.692247
1780456771,139.360730
1780456771,139.595638
1780456771,104.862598
1780456771,104.655370
1780456771,139.843009
1780456771,105.256669
1780456771,139.907868
1780456771,119.807110
1780456771,105.440942
1780456771,140.667598
1780456771,105.523191
1780456771,117.594694
1780456771,121.571210
1780456771,140.986213
1780456771,105.907300
1780456771,135.273246
1780456771,141.150691
1780456771,106.036849
1780456771,141.353646
1780456771,117.207051
1780456771,106.145278
1780456771,141.416232
1780456771,117.394758
1780456771,121.614780
1780456771,135.823725
1780456771,121.656665
1780456771,141.661430
1780456771,134.946080
1780456771,136.098916
1780456771,136.401991
1780456771,134.655409
1780456771,136.461346
1780456771,133.442034
1780456771,107.171193
1780456771,116.465438
1780456771,111.712798
1780456771,114.225470
1780456771,112.989570
1780456771,128.372788
1780456771,143.124990
1780456771,109.279220
1780456771,142.798677
1780456771,108.181776
1780456771,142.997000
1780456771,141.077333
1780456771,108.045972
1780456771,142.717270
1780456771,143.247253
1780456771,108.228545
1780456771,128.661012
1780456771,151.956172
1780456771,141.489047
1780456771,151.910117
1780456771,104.508452
1780456771,103.158825
1780456771,150.001875
1780456771,132.977368
1780456771,150.234920
1780456771,113.539774
1780456771,105.951079
1780456771,112.196792
1780456771,114.083864
1780456771,104.695715
1780456771,104.562005
1780456771,104.886890
1780456771,111.562778
1780456771,151.127229
1780456771,114.644118
1780456771,133.556018
1780456771,112.537848
1780456771,138.483176
1780456771,146.931321
1780456771,147.343744
1780456771,106.029279
1780456771,152.231093
1780456771,105.976921
1780456771,106.044680
1780456771,105.212037
1780456771,106.253686
1780456771,110.384758
1780456771,108.230063
1780456771,108.300876
1780456771,108.652903
1780456771,114.621137
1780456771,115.424642
1780456771,130.286433
1780456771,116.205259
1780456771,116.576115
1780456771,120.053509
1780456771,116.482208
1780456771,116.579357
1780456771,116.358095
1780456771,106.309703
1780456771,108.497531
1780456771,117.905580
1780456771,118.074730
1780456771,118.150373
1780456771,114.647702
1780456771,114.019382
1780456771,107.967612
1780456771,114.103859
1780456771,107.921566
1780456771,114.070325
1780456771,116.467566
1780456771,115.714519
1780456771,117.610884
1780456771,108.438786
1780456771,111.428395
1780456771,118.739877
1780456771,119.150301
1780456771,109.050359
1780456771,118.109461
1780456771,117.018191
1780456771,117.800953
1780456771,117.459523
1780456771,110.396620
1780456771,148.247010
1780456771,132.756753
1780456771,110.953432
1780456771,117.550075
1780456771,135.755069
1780456771,135.101081
1780456771,135.924743
1780456771,116.531671
1780456771,116.208379
1780456771,116.509705
1780456771,112.360513
1780456771,113.796056
1780456771,112.572393
1780456771,117.203586
1780456771,114.923543
1780456771,138.797463
1780456771,138.788604
1780456771,136.950726
1780456771,161.264738
1780456771,116.822450
1780456771,122.524898
1780456771,161.201363
1780456771,117.370663
1780456771,115.147511
1780456771,155.478349
1780456771,155.439912
1780456771,155.563533
1780456771,161.261856
1780456771,161.234504
1780456771,152.025762
1780456771,135.613597
1780456771,152.121430
1780456771,154.854663
1780456771,104.891702
1780456771,152.123475
1780456771,155.046930
1780456771,152.103034
1780456771,105.147247
1780456771,128.230056
1780456771,152.350031
1780456771,153.595558
1780456771,105.532248
1780456771,138.384650
1780456771,136.644859
1780456771,153.589841
1780456771,136.972694
1780456771,135.081649
1780456771,102.859888
1780456771,132.390610
1780456771,106.381263
1780456771,135.986956
1780456771,136.033215
1780456771,106.606842
1780456771,136.433400
1780456771,106.906882
1780456771,106.066975
1780456771,136.997145
1780456771,106.386839
1780456771,137.262027
1780456771,106.730921
1780456771,154.280297
1780456771,155.830108
1780456771,155.895272
1780456771,154.419406
1780456771,155.643764
1780456771,137.412891
1780456771,107.047945
1780456771,108.533046
1780456771,108.518127
1780456771,106.146099
1780456771,108.543486
1780456771,107.568310
1780456771,137.247832
1780456771,137.555993
1780456771,135.832608
1780456771,132.877413
1780456771,107.063749
1780456771,106.525734
1780456771,155.965082
1780456771,156.766975
1780456771,156.804659
1780456771,156.034718
1780456771,156.883095
1780456771,156.006560
1780456771,154.897946
1780456771,153.652617
1780456771,154.993876
1780456771,156.161562
1780456771,156.258038
1780456771,155.002028
1780456771,154.975649
1780456771,154.979942
1780456771,155.083826
1780456771,136.104497
1780456771,107.121601
1780456771,138.337390
1780456771,138.227538
1780456771,138.469315
1780456771,137.874793
1780456771,138.183867
1780456771,138.323701
1780456771,138.398005
1780456771,138.438552
1780456771,138.307326
1780456771,138.423531
1780456771,138.280253
1780456771,103.746872
1780456771,135.658500
1780456771,135.630839
1780456771,138.898678
1780456771,136.198708
1780456771,136.218546
1780456771,136.211749
1780456771,139.183682
1780456771,136.017841
1780456771,137.569913
1780456771,137.408289
1780456771,137.467598
1780456771,138.257960
1780456771,157.115683
1780456771,157.117239
1780456771,157.157556
1780456771,154.433210
1780456771,138.639074
1780456771,137.410635
1780456771,154.513438
1780456771,157.251466
1780456771,155.688025
1780456771,107.087895
1780456771,107.054665
1780456771,133.000954
1780456771,139.121512
1780456771,106.928745
1780456771,138.438737
1780456771,138.994560
1780456771,138.680168
1780456771,137.228781
1780456771,138.544027
1780456771,143.798835
1780456771,154.167354
1780456771,154.108554
1780456771,145.437151
1780456771,154.188344
1780456771,137.926718
1780456771,136.807445
1780456771,138.924485
1780456771,105.906513
1780456771,138.889476
1780456771,104.941254
1780456771,137.272215
1780456771,133.374132
1780456771,139.594923
1780456771,135.655951
1780456771,139.693828
1780456771,120.566529
1780456771,153.952399
1780456771,130.100142
1780456771,130.043355
1780456771,140.928786
1780456771,147.370599
1780456771,154.580945
1780456771,130.603221
1780456771,154.665840
1780456771,137.593016
1780456771,138.896725
1780456771,148.923965
1780456771,126.408686
1780456771,125.863170
1780456771,138.102174
1780456771,133.810439
1780456771,143.819875
1780456771,147.992138
1780456771,122.883024
1780456771,127.896836
1780456771,142.513967
1780456771,124.258427
1780456771,124.841934
1780456771,124.831812
1780456771,124.911242
1780456771,142.089165
1780456771,138.135111
1780456771,142.307763
1780456771,144.171685
1780456771,124.568446
1780456771,141.618488
1780456771,127.457654
1780456771,140.285594
1780456771,113.522031
1780456771,113.509534
1780456771,111.310749
1780456771,113.253486
1780456771,112.844058
1780456771,113.376343
1780456771,113.609624
1780456771,113.786634
1780456771,113.612632
1780456771,113.745737
1780456771,129.198259
1780456771,113.870579
1780456771,111.472237
1780456771,112.869214
1780456771,113.945365
1780456771,113.544612
1780456771,140.299178
1780456771,113.683525
1780456771,131.674227
1780456771,130.025384
1780456771,131.797831
1780456771,129.950304
1780456771,130.056460
1780456771,129.741105
1780456771,129.196141
1780456771,112.540655
1780456771,145.534826
1780456771,140.487534
1780456771,147.586290
1780456771,143.427346
1780456771,145.909714
1780456771,130.866071
1780456771,112.779541
1780456771,112.853452
1780456771,140.249285
1780456771,110.055856
1780456771,110.337869
1780456771,111.577417
1780456771,129.876326
1780456771,130.667760
1780456771,130.870395
1780456771,109.352524
1780456771,112.912569
1780456771,129.685334
1780456771,131.125046
1780456771,107.228309
1780456771,124.151646
1780456771,124.136355
1780456771,131.890632
1780456771,131.895745
1780456771,131.955017
1780456771,146.136485
1780456771,124.323501
1780456771,132.035122
1780456771,131.992410
1780456771,144.300291
1780456771,121.773962
1780456771,144.826717
1780456771,111.999387
1780456771,145.699695
1780456771,112.089880
1780456771,144.466727
1780456771,145.090323
1780456771,128.135879
1780456771,146.416479
1780456771,133.223949
1780456771,147.635193
1780456771,112.162636
1780456771,148.044518
1780456771,148.105619
1780456771,133.920758
1780456771,134.696658
1780456771,112.364398
1780456771,122.350000
1780456771,134.252358
1780456771,112.343451
1780456771,119.626215
1780456771,112.385167
1780456771,112.515410
1780456771,112.322298
1780456771,127.300432
1780456771,112.335128
1780456771,128.391726
1780456771,112.637297
1780456771,112.465298
1780456771,125.856482
1780456771,112.531036
1780456771,128.790578
1780456771,112.700578
1780456771,123.125530
1780456771,127.011145
1780456771,126.291242
1780456771,126.285995
1780456771,126.454779
1780456771,126.282964
1780456771,126.428670
1780456771,126.299740
1780456771,126.498121
1780456771,126.621682
1780456771,123.340264
1780456771,126.553374
1780456771,109.686511
1780456771,123.673430
1780456771,109.118281
1780456771,123.260419
1780456771,129.439505
1780456771,129.408961
1780456771,109.177382
1780456771,123.281946
1780456771,123.417420
1780456771,123.369998
1780456771,127.887862
1780456771,117.242511
1780456771,130.849586
1780456771,117.241695
1780456771,123.591773
1780456771,117.315481
1780456771,129.759711
1780456771,129.636477
1780456771,128.053499
1780456771,123.566026
1780456771,116.312347
1780456771,116.383679
1780456771,115.353451
1780456771,128.655277
1780456771,131.181462
1780456771,116.562107
1780456771,113.585642
1780456771,122.348366
1780456771,114.923248
1780456771,111.973927
1780456771,115.585824
1780456771,116.747600
1780456771,116.698712
1780456771,128.808019
1780456771,132.614799
1780456771,131.548158
1780456771,128.908655
1780456771,116.901834
1780456771,124.118637
1780456771,130.323588
1780456771,104.119036
1780456771,121.753376
1780456771,109.058501
1780456771,129.103370
1780456771,104.219557
1780456771,129.084912
1780456771,111.320225
1780456771,105.456539
1780456771,110.570119
1780456771,103.171272
1780456771,112.177246
1780456771,130.435618
1780456771,111.547513
1780456771,111.544395
1780456771,124.542014
1780456771,119.325031
1780456771,113.500786
1780456771,130.690127
1780456771,112.575737
1780456771,128.355655
1780456771,115.071525
1780456771,121.839789
1780456771,128.604404
1780456771,122.794851
1780456771,122.096574
1780456771,128.643711
1780456771,119.843081
1780456771,128.537455
1780456771,102.575989
1780456771,114.912792
1780456771,128.630892
1780456771,116.593414
1780456771,128.711073
1780456771,113.903630
1780456771,129.273324
1780456771,114.388732
1780456771,129.111953
1780456771,114.219655
1780456771,129.243656
1780456771,126.218022
1780456771,112.732266
1780456771,125.677957
1780456771,111.539040
1780456771,125.269199
1780456771,126.089535
1780456771,111.836649
1780456771,123.658555
1780456771,111.015955
1780456771,111.117709
1780456771,110.118791
1780456771,110.089894
1780456771,111.487601
1780456771,110.132057
1780456771,111.548502
1780456771,110.363451
1780456771,111.799566
1780456771,110.600649
1780456771,110.525264
1780456771,110.603549
1780456771,110.894107
1780456771,109.551572
1780456771,109.599557
1780456771,111.015806
1780456771,109.687459
1780456771,111.150617
1780456771,108.814754
1780456771,111.293708
1780456771,108.966857
1780456771,111.449251
1780456771,109.094948
1780456771,102.470044
1780456771,111.570763
1780456771,108.136355
1780456771,111.742575
1780456771,111.782196
1780456771,107.153133
1780456771,106.167722
1780456771,110.728398
1780456771,103.083552
1780456771,109.744685
1780456771,109.805080
1780456771,109.904088
1780456771,102.318743
1780456771,110.085294
1780456771,102.382772
1780456771,109.074329
1780456771,108.089129
1780456771,107.163122
1780456771,105.128227
1780456771,104.153800
1780456771,104.262686
1780456771,104.424438
1780456771,103.447774
1780456771,104.657961
1780456771,102.670839
1780456771,103.148552
1780456771,103.799841
1780456771,103.612037
1780456771,103.772757
1780456771,106.809940
1780456771,105.249428
1780456771,106.300340
1780456771,106.242457
1780456771,105.852922
1780456771,105.502948
1780456771,105.459199
1780456771,106.638315
1780456771,106.690465
1780456771,106.358840
1780456771,107.065677
1780456771,107.299282
1780456771,106.540232
1780456771,107.425571
1780456771,106.501351
1780456771,107.310375
1780456771,106.944098
1780456771,107.337309
1780456771,106.796100
1780456771,107.631923
1780456771,107.121273
1780456771,107.150140
1780456771,107.829229
1780456771,107.928734
1780456771,108.042688
1780456771,108.330065
1780456771,108.304790
1780456771,108.891271
1780456771,108.879845
1780456771,108.964535
1780456771,105.275715
1780456771,105.908213
1780456771,105.871174
1780456771,105.890731
1780456771,109.587460
1780456771,109.584546
1780456771,109.716888
1780456771,109.657673
1780456771,105.963310
1780456771,109.750418
1780456771,109.804264
1780456771,109.928889
1780456771,106.425234
1780456771,106.744493
1780456771,110.127428
1780456771,110.240903
1780456771,104.726490
1780456771,108.585332
1780456771,108.693236
1780456771,108.800177
1780456771,109.318937
1780456771,104.995832
1780456771,106.522743
1780456771,107.222227
1780456771,105.126103
1780456771,107.220875
1780456771,106.973259
1780456771,108.323118
1780456771,108.480219
1780456771,108.543495
1780456771,108.125521
1780456771,109.185035
1780456771,106.232164
1780456771,113.231170
1780456771,111.791097
1780456771,113.000072
1780456771,113.187760
1780456771,113.315396
1780456771,113.351443
1780456771,105.008085
1780456771,120.229480
1780456771,120.259059
1780456771,120.469775
1780456771,120.423061
1780456771,106.748927
1780456771,106.783666
1780456771,106.858379
1780456771,121.052578
1780456771,120.947568
1780456771,120.776920
1780456771,119.315266
1780456771,116.508255
1780456771,119.097362
1780456771,118.465172
1780456771,119.187210
1780456771,118.456801
1780456771,119.422723
1780456771,119.591570
1780456771,121.273708
1780456771,121.358048
1780456771,120.919985
1780456771,116.638504
1780456771,121.362729
1780456771,121.479919
1780456771,121.306742
1780456771,114.006960
1780456771,119.813661
1780456771,110.903795
1780456771,111.152718
1780456771,111.087237
1780456771,111.204379
1780456771,110.994258
1780456771,111.212697
1780456771,111.103670
1780456771,111.041368
1780456771,111.290670
1780456771,111.135783
1780456771,111.217853
1780456771,122.228911
1780456771,122.329634
1780456771,109.824314
1780456771,107.085946
1780456771,110.115681
1780456771,111.095786
1780456771,109.131149
1780456771,111.508031
1780456771,110.323756
1780456771,111.832591
1780456771,107.506489
1780456771,109.920721
1780456771,113.071143
1780456771,112.962526
1780456771,115.350615
1780456771,112.957671
1780456771,115.809788
1780456771,115.672832
1780456771,108.060912
1780456771,108.138912
1780456771,106.855126
1780456771,105.703035
1780456771,115.750395
1780456771,112.263860
1780456771,111.884542
1780456771,110.130084
1780456771,120.846529
1780456771,110.225459
1780456771,107.335676
1780456771,110.595178
1780456771,110.738269
1780456771,110.604831
1780456771,124.569167
1780456771,118.958767
1780456771,118.895238
1780456771,119.116399
1780456771,119.245590
1780456771,119.058465
1780456771,119.248087
1780456771,119.078228
1780456771,119.173620
1780456771,119.150946
1780456771,119.405329
1780456771,121.894853
1780456771,121.786111
1780456771,121.481809
1780456771,119.315528
1780456771,125.145558
1780456771,119.418693
1780456771,122.026571
1780456771,111.699033
1780456771,122.105790
1780456771,119.185696
1780456771,121.042217
1780456771,115.648522
1780456771,111.206373
1780456771,110.538963
1780456771,109.995860
1780456771,116.229503
1780456771,118.251281
1780456771,118.042112
1780456771,117.417517
1780456771,109.621713
1780456771,113.613318
1780456771,118.524851
1780456771,117.247709
1780456771,118.493382
1780456771,114.945988
1780456771,122.216456
1780456771,114.411250
1780456771,113.773430
1780456771,111.082275
1780456771,115.761769
1780456771,118.825997
1780456771,114.537855
1780456771,113.087092
1780456771,118.760636
1780456771,114.181654
1780456771,115.810883
1780456771,114.600089
1780456771,115.824296
1780456771,114.786962
1780456771,121.093964
1780456771,113.783649
1780456771,114.615165
1780456771,111.666901
1780456771,113.826491
1780456771,112.102597
1780456771,117.646572
1780456771,112.689459
1780456771,116.126852
1780456771,116.729595
1780456771,121.939034
1780456771,120.842783
1780456771,112.751938
1780456771,112.861698
1780456771,115.183504
1780456771,112.950444
1780456771,112.263257
1780456771,112.259170
1780456771,111.346973
1780456771,110.825537
1780456771,110.677249
1780456771,110.951715
1780456771,110.555139
1780456771,109.004102
1780456771,110.857372
1780456771,109.049224
1780456771,110.255365
1780456771,108.657109
1780456771,108.624837
1780456771,107.516243
1780456771,121.550093
1780456771,121.452249
1780456771,121.593159
1780456771,121.432395
1780456771,121.585392
1780456771,121.811105
1780456771,121.537635
1780456771,111.042575
1780456771,107.793431
1780456771,121.788732
1780456771,121.563548
1780456771,121.803810
1780456771,121.738832
1780456771,116.537093
1780456771,121.986076
1780456771,106.119543
1780456771,121.709401
1780456771,122.060338
1780456771,113.231958
1780456771,112.963309
1780456771,107.280006
1780456771,112.720731
1780456771,107.127329
1780456771,107.336779
1780456771,118.645827
1780456771,109.385401
1780456771,106.889564
1780456771,109.268826
1780456771,107.120708
1780456771,109.498682
1780456771,113.029496
1780456771,108.642585
1780456771,108.494271
1780456771,113.704391
1780456771,109.272844
1780456771,113.276043
1780456771,106.188628
1780456771,109.149575
1780456771,106.497111
1780456771,109.718398
1780456771,108.126600
1780456771,109.475069
1780456771,107.445654
1780456771,105.313391
1780456771,110.385808
1780456771,109.566973
1780456771,109.761526
1780456771,108.318840
1780456771,109.754122
1780456771,110.643365
1780456771,109.931156
1780456771,107.787030
1780456771,111.566712
1780456771,108.468487
1780456771,112.060992
1780456771,113.659931
1780456771,105.425220
1780456771,108.710576
1780456771,109.226226
1780456771,106.349953
1780456771,105.627630
1780456771,106.776216
1780456771,117.612808
1780456771,117.534878
1780456771,106.535829
1780456771,108.707262
1780456771,105.265108
1780456771,109.806036
1780456771,109.835782
1780456771,109.842660
1780456771,107.924124
1780456771,107.744585
1780456771,107.937743
1780456771,111.596450
1780456771,111.698196
1780456771,107.791256
1780456771,105.493161
1780456771,103.123626
1780456771,108.936236
1780456771,108.530147
1780456771,108.413511
1780456771,108.517491
1780456771,104.547442
1780456771,110.353293
1780456771,104.490315
1780456771,110.397462
1780456771,103.569995
1780456771,110.640207
1780456771,112.470784
1780456771,103.739721
1780456771,112.585706
1780456771,111.028925
1780456771,112.695951
1780456771,110.933859
1780456771,111.819577
1780456771,111.360938
1780456771,111.926778
1780456771,109.517275
1780456771,111.571383
1780456771,109.965656
1780456771,112.491390
1780456771,111.964985
1780456771,110.025740
1780456771,110.304007
1780456771,113.041481
1780456771,113.191364
1780456771,113.112564
1780456771,107.656974
1780456771,108.280286
1780456771,107.828271
1780456771,108.400060
1780456771,111.813099
1780456771,114.051195
1780456771,114.195508
1780456771,111.657013
1780456771,113.957650
1780456771,111.254804
1780456771,108.741416
1780456771,114.699641
1780456771,108.708902
1780456771,114.569824
1780456771,115.198470
1780456771,115.489478
1780456771,110.174263
1780456771,110.239930
1780456771,115.639507
1780456771,113.254213
1780456771,116.019623
1780456771,117.250689
1780456771,109.638690
1780456771,109.826912
1780456771,109.757012
1780456771,109.829115
1780456771,110.073617
1780456771,109.788155
1780456771,117.304653
1780456771,117.023493
1780456771,110.082269
1780456771,110.338525
1780456771,115.467281
1780456771,110.343358
1780456771,115.639626
1780456771,110.347580
1780456771,110.412182
1780456771,110.324004
1780456771,117.285684
1780456771,106.683915
1780456771,112.566006
1780456771,113.353793
1780456771,108.910676
1780456771,108.997307
1780456771,111.832597
1780456771,111.823527
1780456771,111.772555
1780456771,116.020601
1780456771,116.047762
1780456771,116.395261
1780456771,111.782355
1780456771,116.456211
1780456771,117.908157
1780456771,116.634746
1780456771,118.008938
1780456771,118.210142
1780456771,118.193494
1780456771,118.482745
1780456771,115.558543
1780456771,119.147860
1780456771,107.395223
1780456771,120.184182
1780456771,116.887447
1780456771,117.389114
1780456771,120.554596
1780456771,117.551092
1780456771,117.637936
1780456771,116.888843
1780456771,118.121797
1780456771,117.340835
1780456771,115.054208
1780456771,117.809395
1780456771,118.174220
1780456771,113.320328
1780456771,111.629616
1780456771,115.524466
1780456771,116.383302
1780456771,115.789895
1780456771,115.265982
1780456771,116.821701
1780456771,116.485421
1780456771,116.787878
1780456771,115.533737
1780456771,116.933596
1780456771,115.166328
1780456771,113.897264
1780456771,111.445544
1780456771,119.807198
1780456771,119.906637
1780456771,120.065889
1780456771,120.049790
1780456771,120.244540
1780456771,120.250818
1780456771,120.554931
1780456771,121.031808
1780456771,106.107302
1780456771,118.748125
1780456771,105.399872
1780456771,120.972879
1780456771,121.060803
1780456771,119.192709
1780456771,104.995443
1780456771,120.577866
1780456771,120.546512
1780456771,120.160374
1780456771,118.813382
1780456771,119.060970
1780456771,118.584012
1780456771,117.873877
1780456771,119.300202
1780456771,124.445100
1780456771,123.894841
1780456771,123.939587
1780456771,123.935949
1780456771,123.581613
1780456771,124.947332
1780456771,123.388016
1780456771,117.881230
1780456771,123.158979
1780456771,118.922886
1780456771,123.886343
1780456771,118.976508
1780456771,123.455058
1780456771,125.684660
1780456771,122.269760
1780456771,126.163619
1780456771,126.839490
1780456771,126.757328
1780456771,117.369060
1780456771,123.722561
1780456771,130.992831
1780456771,127.942276
1780456771,111.530139
1780456771,128.822281
1780456771,117.630209
1780456771,124.148344
1780456771,128.623626
1780456771,129.247362
1780456771,121.708405
1780456771,129.454955
1780456771,123.237335
1780456771,121.989638
1780456771,118.430521
1780456771,126.494359
1780456771,127.549378
1780456771,124.370077
1780456771,129.768102
1780456771,128.052882
1780456771,122.166124
1780456771,128.369105
1780456771,129.553338
1780456771,125.155234
1780456771,121.356833
1780456771,126.562308
1780456771,126.705588
1780456771,121.730525
1780456771,126.528478
1780456771,121.959175
1780456771,121.807253
1780456771,131.302697
1780456771,122.021185
1780456771,131.754782
1780456771,132.212449
1780456771,132.616164
1780456771,122.605525
1780456771,127.530707
1780456771,122.739894
1780456771,122.840155
1780456771,122.906492
1780456771,122.980315
1780456771,126.455917
1780456771,102.772163
1780456771,102.747443
1780456771,102.875319
1780456771,125.831096
1780456771,120.182762
1780456771,126.525607
1780456771,103.057926
1780456771,127.470204
1780456771,127.273108
1780456771,127.621738
1780456771,127.739777
1780456771,127.832170
1780456771,121.407746
1780456771,126.141406
1780456771,126.176044
1780456771,103.602911
1780456771,126.275300
1780456771,126.594266
1780456771,123.210043
1780456771,108.439351
1780456771,123.219723
1780456771,128.413624
1780456771,128.371087
1780456771,126.830316
1780456771,127.079493
1780456771,126.922239
1780456771,108.675461
1780456771,123.711834
1780456771,126.475687
1780456771,108.570107
1780456771,125.898320
1780456771,127.843643
1780456771,108.601078
1780456771,109.392193
1780456771,128.030992
1780456771,109.371087
1780456771,126.862222
1780456771,123.785324
1780456771,109.199174
1780456771,109.436353
1780456771,109.226069
1780456771,108.357544
1780456771,108.669570
1780456771,103.496804
1780456771,108.992568
1780456771,109.459036
1780456771,109.617457
1780456771,109.719675
1780456771,103.310262
1780456771,104.352257
1780456771,104.358336
1780456771,113.828209
1780456771,109.481789
1780456771,112.155579
1780456771,112.416643
1780456771,111.163644
1780456771,112.289353
1780456771,111.687394
1780456771,111.998236
1780456771,112.123320
1780456771,111.301654
1780456771,112.751557
1780456771,111.804519
1780456771,111.930581
1780456771,110.681381
1780456771,111.932342
1780456771,110.835877
1780456771,111.077378
1780456771,112.521070
1780456771,107.165424
1780456771,114.693128
1780456771,106.049249
1780456771,113.769458
1780456771,106.375508
1780456771,108.266190
1780456771,113.778406
1780456771,106.195187
1780456771,106.610045
1780456771,108.678127
1780456771,106.729633
1780456771,106.630277
1780456771,134.753165
1780456771,134.674353
1780456771,134.783568
1780456771,141.112466
1780456771,146.105012
1780456771,141.618081
1780456771,145.696169
1780456771,141.822715
1780456771,141.811045
1780456771,141.465978
1780456771,147.322089
1780456771,107.670361
1780456771,116.190549
1780456771,110.864938
1780456771,135.440034
1780456771,110.989945
1780456771,138.070726
1780456771,140.351000
1780456771,140.364989
1780456771,140.366347
1780456771,142.033939
1780456771,142.162999
1780456771,135.544006
1780456771,142.038476
1780456771,135.737239
1780456771,108.079662
1780456771,142.282405
1780456771,138.460504
1780456771,142.224088
1780456771,142.386017
1780456771,142.378441
1780456771,140.904244
1780456771,142.538901
1780456771,142.435241
1780456771,142.426297
1780456771,142.530389
1780456771,142.611749
1780456771,114.775377
1780456771,108.371961
1780456771,108.446602
1780456771,106.108897
1780456771,106.068591
1780456771,108.672211
1780456771,108.835119
1780456771,108.893349
1780456771,115.170679
1780456771,108.824216
1780456771,115.048803
1780456771,114.123065
1780456771,115.643767
1780456771,114.301953
1780456771,115.723561
1780456771,114.503642
1780456771,114.625959
1780456771,114.999007
1780456771,105.754859
1780456771,110.004905
1780456771,115.329805
1780456771,104.311419
1780456771,110.079850
1780456771,116.558605
1780456771,116.609589
1780456771,110.451712
1780456771,116.739087
1780456771,115.406458
1780456771,115.541462
1780456771,104.950691
1780456771,106.854668
1780456771,106.692932
1780456771,106.856285
1780456771,106.809747
1780456771,109.199585
1780456771,109.200023
1780456771,109.270107
1780456771,113.779990
1780456771,109.198752
1780456771,109.358025
1780456771,109.317452
1780456771,104.288229
1780456771,107.490686
1780456771,108.180851
1780456771,108.227920
1780456771,106.168153
1780456771,114.542773
1780456771,108.226372
1780456771,106.313683
1780456771,108.096628
1780456771,112.824180
1780456771,113.041924
1780456771,105.153321
1780456771,108.886641
1780456771,108.797410
1780456771,108.753082
1780456771,103.219542
1780456771,107.078927
1780456771,105.562499
1780456771,107.635168
1780456771,107.298664
1780456771,107.891885
1780456771,107.994372
1780456771,103.671881
1780456771,109.450856
1780456771,109.459859
1780456771,108.097793
1780456771,103.769781
1780456771,109.772778
1780456771,108.291220
1780456771,104.081465
1780456771,107.927770
1780456771,106.124126
1780456771,108.323352
1780456771,108.853751
1780456771,110.192719
1780456771,108.501051
1780456771,108.707900
1780456771,103.123394
1780456771,110.492064
1780456771,108.490846
1780456771,110.765132
1780456771,109.176637
1780456771,107.123256
1780456771,109.451011
1780456771,110.018764
1780456771,108.189222
1780456771,109.856694
1780456771,108.262154
1780456771,110.392357
1780456771,108.271128
1780456771,108.602051
1780456771,108.539187
1780456771,108.505178
1780456771,110.649103
1780456771,108.822939
1780456771,108.719247
1780456771,104.314986
1780456771,109.062639
1780456771,108.785098
1780456771,108.835812
1780456771,104.546848
1780456771,108.862854
1780456771,109.264632
1780456771,109.114809
1780456771,105.018158
1780456771,109.512828
1780456771,111.588836
1780456771,109.771210
1780456771,112.003739
1780456771,109.838105
1780456771,112.163385
1780456771,105.610037
1780456771,110.376716
1780456771,112.353296
1780456771,109.980156
1780456771,109.070279
1780456771,106.038433
1780456771,110.410713
1780456771,110.968296
1780456771,106.391538
1780456771,112.838263
1780456771,113.298368
1780456771,111.209576
1780456771,109.622581
1780456771,109.552257
1780456771,113.576625
1780456771,109.781588
1780456771,103.786093
1780456771,106.792698
1780456771,107.107660
1780456771,113.851504
1780456771,110.149931
1780456771,114.014212
1780456771,104.254423
1780456771,112.121843
1780456771,107.255560
1780456771,104.356307
1780456771,114.136357
1780456771,104.397137
1780456771,114.444077
1780456771,114.422705
1780456771,110.266688
1780456771,110.418304
1780456771,105.358806
1780456771,105.274781
1780456771,111.254522
1780456771,110.858838
1780456771,106.948035
1780456771,106.674372
1780456771,113.385438
1780456771,111.223773
1780456771,108.840369
1780456771,107.101902
1780456771,105.594313
1780456771,111.655599
1780456771,108.933776
1780456771,111.413983
1780456771,105.733483
1780456771,113.779988
1780456771,109.281714
1780456771,106.119262
1780456771,113.927406
1780456771,116.084719
1780456771,112.251052
1780456771,106.319558
1780456771,109.318359
1780456771,114.118884
1780456771,106.280847
1780456771,106.197240
1780456771,106.304307
1780456771,109.772508
1780456771,109.573655
1780456771,112.919031
1780456771,112.875163
1780456771,112.903120
1780456771,112.801776
1780456771,105.358716
1780456771,114.945521
1780456771,115.849839
1780456771,116.075271
1780456771,108.247604
1780456771,108.372123
1780456771,114.783972
1780456771,107.475243
1780456771,114.886077
1780456771,107.341093
1780456771,114.932926
1780456771,107.648155
1780456771,117.281378
1780456771,114.086485
1780456771,114.095262
1780456771,107.849405
1780456771,119.996875
1780456771,118.452087
1780456771,113.168731
1780456771,113.263323
1780456771,113.416269
1780456771,113.604615
1780456771,117.976326
1780456771,113.598656
1780456771,113.480526
1780456771,113.635400
1780456771,113.496824
1780456771,110.669810
1780456771,108.110675
1780456771,114.005902
1780456771,114.004489
1780456771,111.395468
1780456771,117.545208
1780456771,111.897690
1780456771,111.812506
1780456771,116.969357
1780456771,112.514671
1780456771,112.339747
1780456771,112.495003
1780456771,117.323716
1780456771,113.039808
1780456771,115.813889
1780456771,117.512037
1780456771,117.559842
1780456771,117.856327
1780456771,107.196282
1780456771,117.077153
1780456771,113.796527
1780456771,105.663424
1780456771,117.408236
1780456771,110.168837
1780456771,118.082753
1780456771,108.360053
1780456771,119.176567
1780456771,116.571203
1780456771,114.464478
1780456771,116.754486
1780456771,118.521577
1780456771,108.865932
1780456771,118.205789
1780456771,111.011569
1780456771,110.845333
1780456771,110.457374
1780456771,117.424522
1780456771,117.471472
1780456771,117.555881
1780456771,109.536275
1780456771,107.915213
1780456771,107.904471
1780456771,118.036555
1780456771,116.480103
1780456771,105.309701
1780456771,116.358943
1780456771,118.159746
1780456771,116.416985
1780456771,108.437267
1780456771,116.546159
1780456771,108.477011
1780456771,116.888029
1780456771,116.990296
1780456771,108.872514
1780456771,120.758361
1780456771,111.285976
1780456771,109.329200
1780456771,111.443897
1780456771,109.323094
1780456771,109.394277
1780456771,106.098198
1780456771,114.180773
1780456771,111.514885
1780456771,111.771593
1780456771,112.107280
1780456771,108.692335
1780456771,110.050956
1780456771,105.511456
1780456771,105.519232
1780456771,125.052845
1780456771,110.686289
1780456771,111.924211
1780456771,108.710668
1780456771,122.588884
1780456771,117.899813
1780456771,120.984359
1780456771,117.249021
1780456771,121.486247
1780456771,125.216525
1780456771,110.777974
1780456771,110.936774
1780456771,111.020771
1780456771,121.589207
1780456771,121.594026
1780456771,124.957388
1780456771,122.056630
1780456771,122.214169
1780456771,118.578972
1780456771,114.360240
1780456771,109.703529
1780456771,109.769533
1780456771,111.013244
1780456771,111.685969
1780456771,117.112323
1780456771,117.611580
1780456771,114.449146
1780456771,116.370266
1780456771,118.223505
1780456771,118.569537
1780456771,118.612538
1780456771,119.483321
1780456771,117.811041
1780456771,118.673389
1780456771,117.985042
1780456771,118.069717
1780456771,117.099012
1780456771,117.301745
1780456771,113.316363
1780456771,110.012240
1780456771,112.144785
1780456771,114.344687
1780456771,112.232201
1780456771,111.350568
1780456771,113.990613
1780456771,112.438572
1780456771,112.622938
1780456771,109.559103
1780456771,114.462219
1780456771,114.560628
1780456771,118.198466
1780456771,115.522403
1780456771,118.300957
1780456771,116.910494
1780456771,118.040914
1780456771,120.569799
1780456771,118.389142
1780456771,127.121310
1780456771,123.489340
1780456771,112.892586
1780456771,113.037012
1780456771,114.810414
1780456771,114.969905
1780456771,115.227835
1780456771,115.030043
1780456771,113.090902
1780456771,115.064549
1780456771,116.209022
1780456771,113.275609
1780456771,113.361734
1780456771,113.476571
1780456771,115.124687
1780456771,115.500874
1780456771,120.292449
1780456771,120.995120
1780456771,117.781904
1780456771,121.241027
1780456771,121.316528
1780456771,115.734538
1780456771,121.473341
1780456771,116.787184
1780456771,119.565519
1780456771,118.366837
1780456771,119.597129
1780456771,119.836022
1780456771,119.876463
1780456771,120.121119
1780456771,114.454578
1780456771,118.732821
1780456771,118.822573
1780456771,118.781695
1780456771,112.812498
1780456771,114.998279
1780456771,111.113475
1780456771,110.419384
1780456771,110.899441
1780456771,116.974059
1780456771,123.999784
1780456771,117.104997
1780456771,122.400928
1780456771,124.221459
1780456771,118.260096
1780456771,112.411320
1780456771,119.596105
1780456771,112.515583
1780456771,123.157392
1780456771,115.487999
1780456771,114.133642
1780456771,124.613084
1780456771,112.798112
1780456771,124.566663
1780456771,113.568106
1780456771,114.125798
1780456771,115.863948
1780456771,115.727930
1780456771,113.059360
1780456771,114.786111
1780456771,112.052688
1780456771,113.167858
1780456771,118.918670
1780456771,115.222893
1780456771,114.004164
1780456771,120.353478
1780456771,114.082270
1780456771,120.391911
1780456771,118.215142
1780456771,119.461994
1780456771,125.147484
1780456771,120.731938
1780456771,117.938895
1780456771,119.833029
1780456771,125.851468
1780456771,119.496303
1780456771,119.996165
1780456771,117.374442
1780456771,119.251430
1780456771,119.037103
1780456771,116.178542
1780456771,118.422864
1780456771,121.124014
1780456771,118.334641
1780456771,119.850205
1780456771,116.075168
1780456771,116.417212
1780456771,119.045131
1780456771,111.573002
1780456771,114.769221
1780456771,111.459082
1780456771,113.886735
1780456771,114.193447
1780456771,117.850751
1780456771,110.358884
1780456771,110.343032
1780456771,112.847620
1780456771,110.807279
1780456771,110.949032
1780456771,110.579800
1780456771,109.264043
1780456771,110.674263
1780456771,111.252629
1780456771,114.016237
1780456771,116.641896
1780456771,113.955189
1780456771,114.386351
1780456771,110.582320
1780456771,116.566613
1780456771,112.411106
1780456771,119.469773
1780456771,119.875874
1780456771,118.876892
1780456771,117.041892
1780456771,117.130343
1780456771,117.247000
1780456771,112.714796
1780456771,114.766080
1780456771,112.677138
1780456771,113.147640
1780456771,113.216746
1780456771,114.914617
1780456771,114.002696
1780456771,110.752838
1780456771,111.062978
1780456771,114.742419
1780456771,110.699280
1780456771,116.627267
1780456771,114.796075
1780456771,111.659900
1780456771,111.658185
1780456771,112.483633
1780456771,111.630362
1780456771,111.727749
1780456771,112.006609
1780456771,111.263544
1780456771,107.434505
1780456771,111.452611
1780456771,116.092655
1780456771,118.051207
1780456771,108.089947
1780456771,114.504491
1780456771,117.106000
1780456771,117.776375
1780456771,119.507366
1780456771,119.560924
1780456771,118.486144
1780456771,118.620220
1780456771,118.001144
1780456771,119.811604
1780456771,108.718806
1780456771,109.483192
1780456771,109.848072
1780456771,118.166990
1780456771,110.906771
1780456771,112.528010
1780456771,112.984108
1780456771,114.102049
1780456771,113.682021
1780456771,114.710861
1780456771,113.647845
1780456771,115.338182
1780456771,115.317665
1780456771,113.868261
1780456771,117.964615
1780456771,120.293077
1780456771,107.481260
1780456771,114.071614
1780456771,111.398758
1780456771,118.186333
1780456771,115.420642
1780456771,119.039453
1780456771,109.455746
1780456771,114.780595
1780456771,113.212044
1780456771,115.643902
1780456771,114.877135
1780456771,115.449301
1780456771,115.360249
1780456771,107.422161
1780456771,108.142314
1780456771,112.979027
1780456771,115.455172
1780456771,107.800917
1780456771,112.785890
1780456771,110.636625
1780456771,108.396563
1780456771,110.516101
1780456771,113.057351
1780456771,107.934588
1780456771,109.006830
1780456771,116.006099
1780456771,108.981167
1780456771,113.311178
1780456771,107.512452
1780456771,112.745653
1780456771,113.234844
1780456771,107.736634
1780456771,116.347600
1780456771,111.377741
1780456771,111.348335
1780456771,109.033198
1780456771,112.975632
1780456771,117.124843
1780456771,104.651049
1780456771,116.781259
1780456771,110.135720
1780456771,113.050481
1780456771,105.022420
1780456771,110.017873
1780456771,105.355155
1780456771,108.312990
1780456771,104.902329
1780456771,111.137862
1780456771,110.260540
1780456771,112.429996
1780456771,108.431543
1780456771,105.765076
1780456771,112.826853
1780456771,104.002050
1780456771,106.908222
1780456771,110.855324
1780456771,114.468019
1780456771,111.162349
1780456771,113.699516
1780456771,104.078925
1780456771,109.593774
1780456771,111.243008
1780456771,109.754239
1780456771,107.969374
1780456771,107.902706
1780456771,114.602182
1780456771,107.544181
1780456771,107.430474
1780456771,107.455608
1780456771,108.440117
1780456771,107.496655
1780456771,114.983555
1780456771,115.784392
1780456771,103.955173
1780456771,114.102266
1780456771,108.974875
1780456771,114.387350
1780456771,109.478652
1780456771,116.378495
1780456771,108.233183
1780456771,109.756247
1780456771,109.568834
1780456771,108.963424
1780456771,116.641806
1780456771,109.075468
1780456771,115.314966
1780456771,115.448574
1780456771,108.146715
1780456771,116.012099
1780456771,105.641417
1780456771,111.443359
1780456771,111.347078
1780456771,109.077732
1780456771,107.655779
1780456771,117.251544
1780456771,117.321852
1780456771,107.430453
1780456771,116.893616
1780456771,107.541211
1780456771,107.422320
1780456771,117.110313
1780456771,116.783739
1780456771,117.133737
1780456771,103.768159
1780456771,103.889638
1780456771,117.076539
1780456771,103.962263
1780456771,117.284004
1780456771,104.083491
1780456771,117.560773
1780456771,104.586687
1780456771,103.217764
1780456771,115.318862
1780456771,103.267906
1780456771,115.766835
1780456771,104.657789
1780456771,103.134468
1780456771,104.949702
1780456771,115.718948
1780456771,103.461332
1780456771,105.193022
1780456771,104.968069
1780456771,103.974970
1780456771,117.259572
1780456771,104.759189
1780456771,118.010298
1780456771,116.727474
1780456771,106.575483
1780456771,117.109973
1780456771,105.620201
1780456771,117.168619
1780456771,117.456590
1780456771,105.794861
1780456771,117.535583
1780456771,117.456189
1780456771,105.837827
1780456771,117.319535
1780456771,105.962339
1780456771,117.811078
1780456771,117.650275
1780456771,117.336554
1780456771,117.865306
1780456771,117.638718
1780456771,117.000627
1780456771,106.923094
1780456771,117.281556
1780456771,117.641475
1780456771,107.990673
1780456771,115.931468
1780456771,107.373072
1780456771,118.368602
1780456771,104.314897
1780456771,104.456064
1780456771,116.446597
1780456771,116.502905
1780456771,104.474138
1780456771,115.054888
1780456771,104.924410
1780456771,114.921228
1780456771,105.066100
1780456771,107.060123
1780456771,106.016644
1780456771,105.905438
1780456771,116.956366
1780456771,106.020256
1780456771,117.329964
1780456771,117.581920
1780456771,117.788985
1780456771,117.784180
1780456771,117.765805
1780456771,117.324087
1780456771,117.372735
1780456771,117.434617
1780456771,116.648987
1780456771,117.652846
1780456771,117.659317
1780456771,116.786644
1780456771,114.022572
1780456771,114.152560
1780456771,112.584106
1780456771,113.622443
1780456771,113.678149
1780456771,112.765735
1780456771,113.945534
1780456771,115.964440
1780456771,117.518549
1780456771,116.201567
1780456771,117.776710
1780456771,116.375695
1780456771,117.484230
1780456771,116.631997
1780456771,117.664909
1780456771,110.008157
1780456771,109.997877
1780456771,116.911632
1780456771,116.913142
1780456771,110.297743
1780456771,118.393014
1780456771,110.104374
1780456771,107.578141
1780456771,118.585701
1780456771,117.354737
1780456771,113.290429
1780456771,107.953433
1780456771,119.059078
1780456771,113.009064
1780456771,118.544963
1780456771,112.667442
1780456771,118.036595
1780456771,111.146466
1780456771,118.289572
1780456771,118.784474
1780456771,107.080844
1780456771,115.195005
1780456771,109.723468
1780456771,117.032151
1780456771,107.525970
1780456771,109.834073
1780456771,115.852061
1780456771,108.771383
1780456771,117.464511
1780456771,108.326181
1780456771,109.889773
1780456771,116.665017
1780456771,118.756055
1780456771,115.737415
1780456771,116.194174
1780456771,115.822115
1780456771,118.848292
1780456771,115.962827
1780456771,117.342548
1780456771,116.400917
1780456771,116.107409
1780456771,117.672857
1780456771,119.257900
1780456771,116.350175
1780456771,116.628670
1780456771,117.906278
1780456771,116.346882
1780456771,116.347131
1780456771,118.092818
1780456771,118.195447
1780456771,109.491525
1780456771,111.291894
1780456771,118.308172
1780456771,113.535492
1780456771,120.822302
1780456771,117.680698
1780456771,116.851164
1780456771,117.611450
1780456771,118.421197
1780456771,121.114093
1780456771,121.151110
1780456771,118.664451
1780456771,121.313926
1780456771,117.095218
1780456771,113.519463
1780456771,117.525894
1780456771,117.825119
1780456771,117.496645
1780456771,120.044346
1780456771,114.016306
1780456771,120.635157
1780456771,117.800701
1780456771,120.341110
1780456771,119.499801
1780456771,115.117094
1780456771,120.343912
1780456771,119.624086
1780456771,120.515391
1780456771,120.238312
1780456771,119.129660
1780456771,118.993790
1780456771,121.330925
1780456771,119.409446
1780456771,117.542753
1780456771,116.906488
1780456771,121.443721
1780456771,104.027290
1780456771,117.595543
1780456771,117.251111
1780456771,104.242221
1780456771,121.388455
1780456771,116.499171
1780456771,120.525776
1780456771,117.652277
1780456771,122.450468
1780456771,105.173135
1780456771,121.159608
1780456771,117.741464
1780456771,104.538695
1780456771,121.184687
1780456771,122.998447
1780456771,105.366380
1780456771,121.310976
1780456771,118.189499
1780456771,105.418177
1780456771,123.402701
1780456771,121.264278
1780456771,123.032339
1780456771,121.475860
1780456771,118.293149
1780456771,105.958224
1780456771,123.505727
1780456771,123.832764
1780456771,105.161764
1780456771,123.060275
1780456771,104.981891
1780456771,123.591854
1780456771,124.178827
1780456771,124.140827
1780456771,124.166254
1780456771,123.296286
1780456771,104.663772
1780456771,118.960359
1780456771,124.442550
1780456771,118.929674
1780456771,122.433578
1780456771,124.007879
1780456771,126.458535
1780456771,125.916722
1780456771,107.554471
1780456771,124.894950
1780456771,108.175232
1780456771,106.481333
1780456771,120.609857
1780456771,123.800748
1780456771,105.440535
1780456771,121.249312
1780456771,120.780984
1780456771,123.794820
1780456771,122.790854
1780456771,123.019474
1780456771,107.535948
1780456771,123.213563
1780456771,123.479808
1780456771,108.728231
1780456771,122.798152
1780456771,121.590695
1780456771,106.077091
1780456771,125.055940
1780456771,123.945129
1780456771,116.016767
1780456771,123.995944
1780456771,115.879381
1780456771,122.825598
1780456771,127.783864
1780456771,125.687088
1780456771,124.197605
1780456771,124.874857
1780456771,106.651774
1780456771,124.452411
1780456771,126.503985
1780456771,129.996026
1780456771,124.305949
1780456771,131.392362
1780456771,131.357080
1780456771,126.862226
1780456771,132.053900
1780456771,127.093931
1780456771,132.042195
1780456771,128.103919
1780456771,127.509795
1780456771,130.773473
1780456771,132.474587
1780456771,127.933249
1780456771,127.639178
1780456771,116.889923
1780456771,128.166615
1780456771,131.544081
1780456771,117.104199
1780456771,112.551109
1780456771,133.560068
1780456771,113.468765
1780456771,128.686265
1780456771,127.205690
1780456771,117.519123
1780456771,112.163022
1780456771,117.777294
1780456771,127.928713
1780456771,129.998852
1780456771,133.423612
1780456771,127.926415
1780456771,135.061088
1780456771,128.185006
1780456771,112.462307
1780456771,128.128422
1780456771,135.297528
1780456771,135.222719
1780456771,135.365291
1780456771,128.370361
1780456771,127.162975
1780456771,135.670285
1780456771,105.598188
1780456771,121.725799
1780456771,126.128910
1780456771,105.477140
1780456771,119.567558
1780456771,134.444912
1780456771,119.776665
1780456771,110.738177
1780456771,110.952645
1780456771,135.723178
1780456771,135.188378
1780456771,135.264761
1780456771,121.256695
1780456771,134.735550
1780456771,135.505572
1780456771,135.649476
1780456771,121.054247
1780456771,134.557989
1780456771,136.145707
1780456771,123.669814
1780456771,121.802670
1780456771,122.008616
1780456771,108.845000
1780456771,121.635039
1780456771,137.930751
1780456771,137.569980
1780456771,122.616137
1780456771,127.798276
1780456771,126.677910
1780456771,126.705818
1780456771,115.540538
1780456771,115.758424
1780456771,115.989966
1780456771,105.987544
1780456771,108.782071
1780456771,110.150039
1780456771,104.074022
1780456771,107.158395
1780456771,106.455166
1780456771,141.610747
1780456771,106.436560
1780456771,106.574795
1780456771,113.125395
1780456771,112.887175
1780456771,109.104132
1780456771,104.212953
1780456771,143.122325
1780456771,130.188733
1780456771,120.137247
1780456771,120.151724
1780456771,130.377870
1780456771,143.144629
1780456771,130.807518
1780456771,122.049679
1780456771,122.117533
1780456771,130.937423
1780456771,130.420985
1780456771,143.643721
1780456771,106.292487
1780456771,144.387322
1780456771,108.297749
1780456771,146.346133
1780456771,106.204828
1780456771,108.214716
1780456771,108.218808
1780456771,106.156828
1780456771,108.194877
1780456771,106.122106
1780456771,147.853735
1780456771,113.484826
1780456771,113.859926
1780456771,147.905101
1780456771,106.881752
1780456771,132.843103
1780456771,132.616700
1780456771,113.430828
1780456771,113.369826
1780456771,132.104760
1780456771,114.528610
1780456771,113.563860
1780456771,132.183199
1780456771,132.585271
1780456771,114.062761
1780456771,121.262137
1780456771,106.283694
1780456771,106.365767
1780456771,106.502850
1780456771,114.225695
1780456771,129.411117
1780456771,147.100440
1780456771,111.994009
1780456771,108.478823
1780456771,136.715715
1780456771,109.042488
1780456771,114.883388
1780456771,108.838165
1780456771,109.216765
1780456771,128.265561
1780456771,110.136085
1780456771,123.064115
1780456771,117.538176
1780456771,110.258459
1780456771,103.042145
1780456771,117.902318
1780456771,103.276047
1780456771,119.342408
1780456771,118.430440
1780456771,118.514170
1780456771,118.931389
1780456771,118.513307
1780456771,126.241151
1780456771,130.761260
1780456771,126.062371
1780456771,124.677095
1780456771,118.085642
1780456771,117.986904
1780456771,114.271305
1780456771,113.673448
1780456771,117.960043
1780456771,113.876488
1780456771,118.037056
1780456771,113.948954
1780456771,108.122624
1780456771,139.516299
1780456771,108.056632
1780456771,114.186385
1780456771,108.300166
1780456771,114.173104
1780456771,108.684848
1780456771,114.182422
1780456771,118.363780
1780456771,118.790528
1780456771,107.474356
1780456771,118.867155
1780456771,117.619568
1780456771,118.360138
1780456771,108.249403
1780456771,116.712926
1780456771,105.976451
1780456771,106.974584
1780456771,108.041706
1780456771,119.524614
1780456771,108.317342
1780456771,122.981540
1780456771,109.172775
1780456771,108.258171
1780456771,122.993291
1780456771,108.757125
1780456771,107.899035
1780456771,119.572937
1780456771,107.881672
1780456771,120.050234
1780456771,112.145046
1780456771,111.921613
1780456771,108.289705
1780456771,112.346620
1780456771,112.315482
1780456771,105.550173
1780456771,111.539284
1780456771,112.706968
1780456771,111.755282
1780456771,108.669118
1780456771,112.755119
1780456771,110.160013
1780456771,112.772349
1780456771,108.511844
1780456771,110.900567
1780456771,112.448523
1780456771,108.863623
1780456771,110.336903
1780456771,112.528386
1780456771,112.648831
1780456771,111.089829
1780456771,106.734837
1780456771,108.759516
1780456771,111.121685
1780456771,110.287288
1780456771,110.750034
1780456771,106.918440
1780456771,113.229567
1780456771,113.304987
1780456771,106.989212
1780456771,111.172631
1780456771,111.755268
1780456771,111.911981
1780456771,111.463320
1780456771,112.208668
1780456771,112.131884
1780456771,108.634973
1780456771,110.198021
1780456771,111.754941
1780456771,111.720616
1780456771,112.242367
1780456771,114.831549
1780456771,113.825478
1780456771,115.986516
1780456771,115.835673
1780456771,116.736293
1780456771,115.550646
1780456771,116.081622
1780456771,114.828277
1780456771,115.952303
1780456771,111.610838
1780456771,114.627652
1780456771,109.931852
1780456771,107.543280
1780456771,116.550840
1780456771,118.110063
1780456771,116.856048
1780456771,108.715738
1780456771,118.473903
1780456771,113.667678
1780456771,112.441404
1780456771,108.970430
1780456771,111.423462
1780456771,118.724303
1780456771,111.617600
1780456771,118.447512
1780456771,115.938259
1780456771,118.709258
1780456771,118.981858
1780456771,118.631032
1780456771,110.010868
1780456771,110.791066
1780456771,110.563343
1780456771,110.595788
1780456771,119.168373
1780456771,110.913366
1780456771,111.576768
1780456771,118.654863
1780456771,109.096904
1780456771,109.215418
1780456771,117.725587
1780456771,118.300980
1780456771,117.286578
1780456771,119.409106
1780456771,117.600777
1780456771,118.920708
1780456771,110.393140
1780456771,110.339537
1780456771,119.104970
1780456771,110.370711
1780456771,110.269067
1780456771,110.331358
1780456771,107.233247
1780456771,117.218398
1780456771,119.373372
1780456771,118.323525
1780456771,109.335959
1780456771,118.652914
1780456771,118.227341
1780456771,118.724652
1780456771,118.128173
1780456771,118.197943
1780456771,114.471343
1780456771,118.676719
1780456771,118.783863
1780456771,117.358548
1780456771,114.678249
1780456771,107.685602
1780456771,109.590733
1780456771,109.750098
1780456771,110.040768
1780456771,109.966560
1780456771,108.569303
1780456771,118.582393
1780456771,108.492774
1780456771,118.611740
1780456771,108.952889
1780456771,110.473811
1780456771,113.779996
1780456771,108.593663
1780456771,119.029429
1780456771,111.313883
1780456771,111.437579
1780456771,112.678994
1780456771,110.296380
1780456771,110.144186
1780456771,111.643617
1780456771,110.970668
1780456771,109.718644
1780456771,124.937637
1780456771,124.385124
1780456771,124.995402
1780456771,124.599897
1780456771,116.927966
1780456771,118.464160
1780456771,124.525346
1780456771,118.576613
1780456771,124.796285
1780456771,118.641634
1780456771,125.088714
1780456771,113.278661
1780456771,125.196852
1780456771,114.499987
1780456771,108.026901
1780456771,125.110748
1780456771,124.880522
1780456771,116.772119
1780456771,120.236495
1780456771,116.497094
1780456771,110.721748
1780456771,118.852431
1780456771,109.920126
1780456771,110.281692
1780456771,122.377275
1780456771,110.542063
1780456771,121.106676
1780456771,120.582846
1780456771,121.235355
1780456771,120.803086
1780456771,112.539183
1780456771,121.571426
1780456771,118.212605
1780456771,121.827185
1780456771,122.486691
1780456771,116.741346
1780456771,121.484697
1780456771,121.643181
1780456771,116.947941
1780456771,115.451063
1780456771,123.048417
1780456771,113.819087
1780456771,121.515291
1780456771,112.878179
1780456771,112.982417
1780456771,111.320851
1780456771,112.917014
1780456771,110.697051
1780456771,112.997734
1780456771,111.048684
1780456771,111.300534
1780456771,120.881935
1780456771,115.557961
1780456771,114.995438
1780456771,113.354033
1780456771,121.482851
1780456771,113.549609
1780456771,113.538039
1780456771,113.626477
1780456771,113.400306
1780456771,113.342879
1780456771,113.405955
1780456771,120.679671
1780456771,111.575728
1780456771,121.237638
1780456771,114.502508
1780456771,114.457277
1780456771,112.360170
1780456771,111.240266
1780456771,125.215708
1780456771,123.488915
1780456771,134.166343
1780456771,126.748613
1780456771,122.021595
1780456771,133.309785
1780456771,125.071902
1780456771,111.320502
1780456771,125.520358
1780456771,115.474197
1780456771,114.780434
1780456771,123.634708
1780456771,107.904534
1780456771,125.282351
1780456771,117.251241
1780456771,107.001118
1780456771,116.520728
1780456771,121.626228
1780456771,118.959931
1780456771,126.061097
1780456771,116.735765
1780456771,108.258107
1780456771,107.983087
1780456771,126.339713
1780456771,108.184602
1780456771,108.514059
1780456771,125.997099
1780456771,110.293771
1780456771,108.097500
1780456771,112.569121
1780456771,123.904422
1780456771,111.689744
1780456771,108.101674
1780456771,111.535877
1780456771,119.723794
1780456771,107.996159
1780456771,121.919931
1780456771,108.802858
1780456771,110.249875
1780456771,108.861299
1780456771,110.746677
1780456771,122.662853
1780456771,122.723291
1780456771,109.856202
1780456771,109.973614
1780456771,119.673370
1780456771,109.934569
1780456771,109.402439
1780456771,120.598633
1780456771,120.528962
1780456771,104.711594
1780456771,106.608860
1780456771,115.439289
1780456771,128.724590
1780456771,110.229027
1780456771,127.306926
1780456771,135.382582
1780456771,127.225689
1780456771,123.541558
1780456771,126.868989
1780456771,125.114821
1780456771,115.179611
1780456771,126.998923
1780456771,127.701148
1780456771,116.648904
1780456771,121.226967
1780456771,127.037106
1780456771,109.244736
1780456771,127.051276
1780456771,122.446106
1780456771,120.475737
1780456771,107.229839
1780456771,127.050433
1780456771,116.807601
1780456771,127.335923
1780456771,110.110646
1780456771,127.156346
1780456771,117.034571
1780456771,114.591028
1780456771,111.734665
1780456771,115.518002
1780456771,107.335450
1780456771,111.826904
1780456771,118.776695
1780456771,107.292574
1780456771,103.382179
1780456771,103.803588
1780456771,109.299486
1780456771,103.787783
1780456771,108.952223
1780456771,104.160216
1780456771,108.981464
1780456771,103.978019
1780456771,104.630895
1780456771,105.268226
1780456771,110.506678
1780456771,110.111159
1780456771,106.384570
1780456771,111.451135
1780456771,106.156540
1780456771,105.940290
1780456771,106.061149
1780456771,106.117094
1780456771,112.538732
1780456771,110.651392
1780456771,110.855903
1780456771,112.182635
1780456771,108.039290
1780456771,108.176059
1780456771,108.199125
1780456771,102.584213
1780456771,104.689439
1780456771,109.013608
1780456771,108.841970
1780456771,109.294440
1780456771,103.259420
1780456771,103.313305
1780456771,103.200598
1780456771,110.941876
1780456771,110.915681
1780456771,111.361364
1780456771,102.207878
1780456771,111.699279
1780456771,111.605972
1780456771,111.725138
1780456771,111.817693
1780456771,105.008544
1780456771,104.502688
1780456771,104.735542
1780456771,112.561983
1780456771,112.551336
1780456771,112.697534
1780456771,104.187321
1780456771,109.945113
1780456771,110.562525
1780456771,104.594144
1780456771,110.905236
1780456771,110.696540
1780456771,111.026549
1780456771,105.094049
1780456771,105.168691
1780456771,111.515121
1780456771,105.772981
1780456771,105.476447
1780456771,105.741217
1780456771,105.818231
1780456771,105.098112
1780456771,111.913009
1780456771,103.620856
1780456771,105.373748
1780456771,112.609469
1780456771,112.694326
1780456771,106.300612
1780456771,113.091679
1780456771,106.261637
1780456771,113.007931
1780456771,106.968572
1780456771,112.544952
1780456771,112.634281
1780456771,107.768020
1780456771,114.287681
1780456771,107.893214
1780456771,107.759112
1780456771,112.784816
1780456771,107.750912
1780456771,113.165788
1780456771,113.777231
1780456771,108.503447
1780456771,114.453594
1780456771,107.278579
1780456771,108.561280
1780456771,106.112407
1780456771,107.388473
1780456771,108.620264
1780456771,105.718730
1780456771,109.070201
1780456771,109.529727
1780456771,109.762230
1780456771,107.288956
1780456771,104.441992
1780456771,106.191283
1780456771,106.207856
1780456771,111.833976
1780456771,111.574972
1780456771,111.572686
1780456771,103.667780
1780456771,105.029521
1780456771,110.214613
1780456771,104.028721
1780456771,112.078841
1780456771,110.570127
1780456771,113.460887
1780456771,110.378522
1780456771,109.039768
1780456771,111.812575
1780456771,113.116285
1780456771,111.880569
1780456771,109.262218
1780456771,103.611331
1780456771,104.143844
1780456771,107.533272
1780456771,102.908152
1780456771,107.165342
1780456771,103.275095
1780456771,107.338174
1780456771,106.792003
1780456771,102.933309
1780456771,104.312184
1780456771,104.406021
1780456771,104.220634
1780456771,105.222878
1780456771,104.134208
1780456771,103.075665
1780456771,103.565407
1780456771,103.901186
1780456771,105.366566
1780456771,105.969734
1780456771,106.000985
1780456771,105.974698
1780456771,105.668949
1780456771,103.578522
1780456771,105.425740
1780456771,105.744662
1780456771,103.266236
1780456771,114.362233
1780456771,114.093354
1780456771,104.604436
1780456771,107.497307
1780456771,102.871695
1780456771,111.393165
1780456771,114.925410
1780456771,110.114093
1780456771,114.929484
1780456771,114.657190
1780456771,114.773120
1780456771,114.128975
1780456771,114.069687
1780456771,113.891478
1780456771,114.195027
1780456771,110.141622
1780456771,110.300115
1780456771,103.209325
1780456771,103.801026
1780456771,108.585511
1780456771,103.980303
1780456771,110.410180
1780456771,115.591416
1780456771,114.101417
1780456771,110.795589
1780456771,108.219790
1780456771,115.672045
1780456771,110.043592
1780456771,109.665132
1780456771,114.037250
1780456771,114.361641
1780456771,116.810932
1780456771,117.582651
1780456771,116.766770
1780456771,116.680535
1780456771,110.097353
1780456771,116.658077
1780456771,122.730784
1780456771,122.710680
1780456771,121.592556
1780456771,121.989786
1780456771,121.212849
1780456771,115.192059
1780456771,115.393459
1780456771,121.316308
1780456771,112.039675
1780456771,116.577388
1780456771,111.412471
1780456771,115.909137
1780456771,111.486680
1780456771,111.706415
1780456771,122.391404
1780456771,115.326901
1780456771,120.707205
1780456771,111.403328
1780456771,115.028563
1780456771,110.501953
1780456771,120.884132
1780456771,110.538011
1780456771,115.812530
1780456771,109.225906
1780456771,121.347399
1780456771,116.503372
1780456771,116.018936
1780456771,115.551481
1780456771,110.987821
1780456771,116.469231
1780456771,121.588717
1780456771,116.145690
1780456771,110.250925
1780456771,121.241734
1780456771,116.317873
1780456771,121.182841
1780456771,112.960711
1780456771,121.132655
1780456771,121.013068
1780456771,132.886019
1780456771,134.097969
1780456771,121.208802
1780456771,124.470348
1780456771,124.436321
1780456771,124.873528
1780456771,124.248453
1780456771,134.977799
1780456771,134.988833
1780456771,135.136129
1780456771,117.754296
1780456771,133.644657
1780456771,117.531541
1780456771,135.864845
1780456771,118.330010
1780456771,134.542227
1780456771,110.258424
1780456771,134.296217
1780456771,111.078038
1780456771,135.814990
1780456771,118.194468
1780456771,119.520583
1780456771,114.667044
1780456771,137.700367
1780456771,143.203280
1780456771,143.446873
1780456771,148.001035
1780456771,143.779549
1780456771,151.560066
1780456771,154.055300
1780456771,153.297298
1780456771,144.535265
1780456771,157.521364
1780456771,137.163685
1780456771,145.894474
1780456771,146.285539
1780456771,145.890923
1780456771,159.589872
1780456771,155.492087
1780456771,139.816352
1780456771,142.333455
1780456771,145.690132
1780456771,144.787898
1780456771,142.462130
1780456771,149.089173
1780456771,145.236089
1780456771,152.647405
1780456771,145.365498
1780456771,142.628230
1780456771,131.504132
1780456771,150.174072
1780456771,150.075707
1780456771,159.836383
1780456771,161.791826
1780456771,161.943819
1780456771,147.412250
1780456771,146.558023
1780456771,148.519006
1780456771,148.625267
1780456771,152.665581
1780456771,152.932047
1780456771,167.071024
1780456771,153.529646
1780456771,154.086116
1780456771,153.881867
1780456771,153.242710
1780456771,158.057982
1780456771,157.258751
1780456771,164.927822
1780456771,149.238095
1780456771,165.765597
1780456771,159.395719
1780456771,156.044394
1780456771,156.350646
1780456771,168.782888
1780456771,168.919618
1780456771,169.353675
1780456771,169.614077
1780456771,166.271778
1780456771,166.470835
1780456771,166.450626
1780456771,161.638123
1780456771,166.755333
1780456771,155.717208
1780456771,178.775078
1780456771,185.582943
1780456771,171.538743
1780456771,190.095427
1780456771,186.226583
1780456771,191.344291
1780456771,191.437854
1780456771,173.766229
1780456771,191.992183
1780456771,191.679523
1780456771,174.694065
1780456771,175.009483
1780456771,177.925444
1780456771,193.911223
1780456771,193.994688
1780456771,194.827912
1780456771,195.304413
1780456771,195.593275
1780456771,196.277568
1780456771,182.844982
1780456771,196.087171
1780456771,183.141046
1780456771,195.701180
1780456771,183.786694
1780456771,198.128623
1780456771,187.732325
1780456771,173.458816
1780456771,177.788879
1780456771,174.054752
1780456771,175.489540
1780456771,193.686719
1780456771,193.608547
1780456771,179.704779
1780456771,195.948869
1780456771,186.958381
1780456771,187.316419
1780456771,206.463663
1780456771,187.096761
1780456771,194.293368
1780456771,194.355183
1780456771,194.931236
1780456771,194.268810
1780456771,192.281742
1780456771,202.550026
1780456771,198.913216
1780456771,197.316488
1780456771,191.017908
1780456771,192.898047
1780456771,203.413999
1780456771,186.612324
1780456771,218.959352
1780456771,220.226882
1780456771,222.912059
1780456771,220.007386
1780456771,220.160248
1780456771,190.436526
1780456771,224.078491
1780456771,221.465564
1780456771,226.942978
1780456771,191.127941
1780456771,211.824678
1780456771,217.294418
1780456771,206.439601
1780456771,193.714548
1780456771,214.443081
1780456771,214.724975
1780456771,198.362186
1780456771,216.826419
1780456771,198.990106
1780456771,199.948713
1780456771,199.564040
1780456771,199.974983
1780456771,200.944136
1780456771,205.435210
1780456771,204.930886
1780456771,207.263422
1780456771,206.293165
1780456771,210.070632
1780456771,219.207533
1780456771,228.113138
1780456771,204.357275
1780456771,208.886607
1780456771,211.642605
1780456771,222.452590
1780456771,217.821451
1780456771,224.101925
1780456771,217.441949
1780456771,229.713101
1780456771,212.969016
1780456771,228.005790
1780456771,214.064069
1780456771,210.494682
1780456771,228.639472
1780456771,215.019770
1780456771,202.801712
1780456771,215.275790
1780456771,191.495123
1780456771,215.131428
1780456771,192.116262
1780456771,216.463705
1780456771,230.321330
1780456771,206.559105
1780456771,216.176404
1780456771,193.048421
1780456771,230.691742
1780456771,191.126135
1780456771,230.969806
1780456771,192.903189
1780456771,231.193555
1780456771,192.504762
1780456771,223.614716
1780456771,209.804472
1780456771,195.112708
1780456771,232.013128
1780456771,194.212620
1780456771,232.338420
1780456771,210.885292
1780456771,221.114897
1780456771,224.480231
1780456771,227.136646
1780456771,195.688211
1780456771,227.098003
1780456771,214.900833
1780456771,234.223058
1780456771,229.371268
1780456771,229.804862
1780456771,230.336095
1780456771,202.651714
1780456771,224.067261
1780456771,224.940284
1780456771,206.547690
1780456771,238.076681
1780456771,207.463285
1780456771,229.157757
1780456771,224.858440
1780456771,238.313290
1780456771,207.247224
1780456771,245.792421
1780456771,207.367226
1780456771,240.459135
1780456771,225.159922
1780456771,240.777019
1780456771,207.857414
1780456771,220.097820
1780456771,207.776318
1780456771,220.999092
1780456771,225.287677
1780456771,220.871755
1780456771,207.733167
1780456771,224.538481
1780456771,205.132711
1780456771,221.166618
1780456771,226.590632
1780456771,209.995374
1780456771,207.756146
1780456771,207.749940
1780456771,226.510398
1780456771,208.143215
1780456771,226.877011
1780456771,211.005285
1780456771,227.039997
1780456771,208.276904
1780456771,208.329272
1780456771,209.926151
1780456771,223.687026
1780456771,211.197236
1780456771,223.795771
1780456771,210.508589
1780456771,208.107862
1780456771,210.710671
1780456771,208.275721
1780456771,229.241833
1780456771,208.270872
1780456771,211.229832
1780456771,208.569771
1780456771,211.428542
1780456771,227.350125
1780456771,210.881723
1780456771,208.769591
1780456771,203.017556
1780456771,233.041067
1780456771,211.580458
1780456771,208.889355
1780456771,230.784936
1780456771,233.165486
1780456771,211.730473
1780456771,233.251561
1780456771,230.941794
1780456771,219.289280
1780456771,230.953553
1780456771,222.019848
1780456771,231.075795
1780456771,212.069079
1780456771,202.636827
1780456771,226.390338
1780456771,212.950284
1780456771,239.621358
1780456771,212.183272
1780456771,241.234196
1780456771,231.636161
1780456771,229.344903
1780456771,213.654142
1780456771,207.152964
1780456771,233.334806
1780456771,191.597439
1780456771,234.469959
1780456771,207.611207
1780456771,209.482495
1780456771,214.635275
1780456771,192.053757
1780456771,209.873801
1780456771,203.943298
1780456771,210.359749
1780456771,210.459540
1780456771,210.823206
1780456771,204.317267
1780456771,212.891141
1780456771,205.656556
1780456771,213.318189
1780456771,205.961008
1780456771,189.061248
1780456771,225.949479
1780456771,214.003862
1780456771,206.519822
1780456771,190.251615
1780456771,211.869843
1780456771,214.502297
1780456771,212.760708
1780456771,208.802151
1780456771,215.161922
1780456771,215.007729
1780456771,216.912103
1780456771,217.224427
1780456771,193.646771
1780456771,217.284229
1780456771,193.015550
1780456771,217.740075
1780456771,217.089668
1780456771,218.144705
1780456771,216.425405
1780456771,210.215330
1780456771,197.145013
1780456771,197.302784
1780456771,219.153051
1780456771,219.344353
1780456771,219.726214
1780456771,219.131313
1780456771,220.073279
1780456771,219.492755
1780456771,220.407330
1780456771,220.814809
1780456771,242.231947
1780456771,221.581388
1780456771,243.489921
1780456771,247.713229
1780456771,236.847536
1780456771,244.016020
1780456771,222.581981
1780456771,248.544656
1780456771,196.562946
1780456771,234.204838
1780456771,196.889220
1780456771,237.926525
1780456771,198.313950
1780456771,238.128350
1780456771,198.646013
1780456771,215.977926
1780456771,201.213495
1780456771,239.510395
1780456771,199.049206
1780456771,240.590452
1780456771,230.154236
1780456771,219.960308
1780456771,249.199893
1780456771,252.182819
1780456771,202.538913
1780456771,239.774970
1780456771,258.332439
1780456771,224.984782
1780456771,217.281799
1780456771,202.856749
1780456771,218.212742
1780456771,222.079911
1780456771,207.444787
1780456771,205.160993
1780456771,216.435182
1780456771,200.122076
1780456771,217.420638
1780456771,218.503607
1780456771,218.010283
1780456771,219.772917
1780456771,236.520023
1780456771,209.124880
1780456771,223.634560
1780456771,237.106763
1780456771,212.432821
1780456771,224.485811
1780456771,225.039081
1780456771,206.936141
1780456771,241.658353
1780456771,242.653788
1780456771,212.635520
1780456771,243.051399
1780456771,212.905422
1780456771,243.400721
1780456771,213.124019
1780456771,217.146505
1780456771,208.756303
1780456771,243.967882
1780456771,217.637727
1780456771,210.990369
1780456771,217.944645
1780456771,217.752012
1780456771,245.618603
1780456771,218.118936
1780456771,221.622532
1780456771,221.109340
1780456771,225.101817
1780456771,230.034809
1780456771,224.286705
1780456771,196.085376
1780456771,220.099141
1780456771,203.154393
1780456771,220.377891
1780456771,203.440071
1780456771,215.937509
1780456771,213.621199
1780456771,205.908871
1780456771,221.986769
1780456771,227.375306
1780456771,230.757555
1780456771,208.368827
1780456771,248.144891
1780456771,254.046764
1780456771,211.025613
1780456771,237.802847
1780456771,217.083344
1780456771,237.909470
1780456771,206.665002
1780456771,238.040792
1780456771,207.768825
1780456771,206.766082
1780456771,219.308770
1780456771,222.706320
1780456771,207.583756
1780456771,221.805246
1780456771,219.131929
1780456771,213.583618
1780456771,217.888879
1780456771,221.451981
1780456771,218.555911
1780456771,219.725449
1780456771,215.579319
1780456771,256.985420
1780456771,213.857227
1780456771,240.941128
1780456771,218.756048
1780456771,220.022034
1780456771,243.333118
1780456771,213.161162
1780456771,225.524107
1780456771,220.148320
1780456771,214.203928
1780456771,244.045109
1780456771,226.818759
1780456771,244.159985
1780456771,219.693539
1780456771,244.339652
1780456771,213.561795
1780456771,244.225341
1780456771,244.295383
1780456771,214.436301
1780456771,244.387280
1780456771,214.232779
1780456771,218.006057
1780456771,220.195674
1780456771,220.454748
1780456771,223.855246
1780456771,223.762079
1780456771,241.711490
1780456771,218.315074
1780456771,224.724950
1780456771,216.452611
1780456771,243.105942
1780456771,216.579917
1780456771,228.107461
1780456771,217.600723
1780456771,228.594356
1780456771,224.962909
1780456771,227.691734
1780456771,219.165118
1780456771,227.679069
1780456771,219.187324
1780456771,225.100468
1780456771,218.621824
1780456771,225.620837
1780456771,229.075015
1780456771,232.802844
1780456771,220.567822
1780456771,225.095716
1780456771,221.228763
1780456771,233.576100
1780456771,225.238909
1780456771,233.122862
1780456771,222.238674
1780456771,233.660141
1780456771,218.276056
1780456771,225.576418
1780456771,223.085087
1780456771,221.220471
1780456771,221.721476
1780456771,224.769209
1780456771,222.645990
1780456771,221.846460
1780456771,215.309343
1780456771,226.799556
1780456771,215.820558
1780456771,215.944516
1780456771,227.164692
1780456771,225.443357
1780456771,227.262224
1780456771,224.004726
1780456771,244.609210
1780456771,246.371296
1780456771,229.601876
1780456771,227.753564
1780456771,223.480733
1780456771,227.471433
1780456771,218.586832
1780456771,225.979987
1780456771,235.127604
1780456771,228.215150
1780456771,226.684135
1780456771,228.100774
1780456771,224.017187
1780456771,228.601975
1780456771,228.226099
1780456771,229.285875
1780456771,217.700537
1780456771,229.232639
1780456771,221.434602
1780456771,249.520510
1780456771,229.126691
1780456771,229.652569
1780456771,225.991015
1780456771,250.225010
1780456771,227.080934
1780456771,250.611922
1780456771,229.975723
1780456771,250.895836
1780456771,228.245981
1780456771,231.276679
1780456771,228.973087
1780456771,228.372343
1780456771,230.846012
1780456771,229.414339
1780456771,230.956324
1780456771,232.124974
1780456771,223.708977
1780456771,230.188455
1780456771,235.106198
1780456771,242.632081
1780456771,244.224176
1780456771,230.915637
1780456771,231.259005
1780456771,232.749970
1780456771,232.772565
1780456771,249.799820
1780456771,202.635663
1780456771,233.596000
1780456771,206.958647
1780456771,251.519542
1780456771,234.209255
1780456771,234.294361
1780456771,252.330642
1780456771,234.804585
1780456771,216.692663
1780456771,224.312986
1780456771,219.679683
1780456771,231.965821
1780456771,224.061629
1780456771,224.690368
1780456771,225.285652
1780456771,225.412114
1780456771,210.230269
1780456771,227.542319
1780456771,225.097212
1780456771,197.736773
1780456771,193.417506
1780456771,198.301592
1780456771,202.998239
1780456771,198.232845
1780456771,194.365245
1780456771,193.898013
1780456771,204.366126
1780456771,199.957313
1780456771,200.085878
1780456771,210.879343
1780456771,195.750879
1780456771,205.598556
1780456771,201.244122
1780456771,212.727662
1780456771,225.368380
1780456771,196.050282
1780456771,221.661304
1780456771,201.624133
1780456771,207.532390
1780456771,215.889491
1780456771,203.988937
1780456771,227.971520
1780456771,208.090115
1780456771,205.017533
1780456771,209.049005
1780456771,205.025524
1780456771,221.690116
1780456771,200.223753
1780456771,217.946705
1780456771,209.973365
1780456771,216.592745
1780456771,207.014937
1780456771,222.776584
1780456771,201.256641
1780456771,210.648255
1780456771,208.078872
1780456771,220.696266
1780456771,212.369669
1780456771,223.139104
1780456771,201.800353
1780456771,224.118282
1780456771,210.171285
1780456771,228.797696
1780456771,212.799645
1780456771,230.137409
1780456771,202.778194
1780456771,211.704344
1780456771,227.602323
1780456771,203.294606
1780456771,231.712494
1780456771,225.145510
1780456771,214.439117
1780456771,219.268832
1780456771,213.100233
1780456771,214.821882
1780456771,225.844305
1780456771,231.443500
1780456771,215.481513
1780456771,225.760727
1780456771,214.434880
1780456771,220.359220
1780456771,205.295959
1780456771,230.373269
1780456771,216.549223
1780456771,222.434707
1780456771,215.179369
1780456771,208.114675
1780456771,216.642736
1780456771,209.227646
1780456771,217.542309
1780456771,209.761035
1780456771,210.183902
1780456771,223.406657
1780456771,218.592687
1780456771,233.968392
1780456771,209.892478
1780456771,229.340512
1780456771,219.404474
1780456771,219.983474
1780456771,224.996301
1780456771,219.921336
1780456771,225.759530
1780456771,220.801688
1780456771,222.388839
1780456771,230.647854
1780456771,212.131242
1780456771,236.262172
1780456771,220.838081
1780456771,240.817231
1780456771,221.811807
1780456771,227.048065
1780456771,214.300532
1780456771,237.590361
1780456771,217.888662
1780456771,227.616965
1780456771,216.617152
1780456771,223.644893
1780456771,217.433380
1780456771,216.910763
1780456771,238.680544
1780456771,224.205248
1780456771,205.330605
1780456771,216.935081
1780456771,241.149558
1780456771,219.145760
1780456771,233.368829
1780456771,224.330627
1780456771,241.363133
1780456771,217.713667
1780456771,232.619723
1780456771,218.257244
1780456771,243.236236
1780456771,207.854351
1780456771,233.540109
1780456771,218.378579
1780456771,218.534406
1780456771,237.334572
1780456771,225.375003
1780456771,233.659817
1780456771,226.437366
1780456771,240.277850
1780456771,218.551915
1780456771,237.899838
1780456771,233.024398
1780456771,221.085334
1780456771,243.493511
1780456771,225.459638
1780456771,238.780726
1780456771,218.698774
1780456771,237.143607
1780456771,225.885967
1780456771,241.855430
1780456771,220.616936
1780456771,236.675937
1780456771,226.647236
1780456771,243.674546
1780456771,226.018725
1780456771,226.660594
1780456771,239.647333
1780456771,226.691296
1780456771,233.487138
1780456771,221.327821
1780456771,238.208824
1780456771,219.039283
1780456771,243.881771
1780456771,227.668786
1780456771,237.196352
1780456771,221.506118
1780456771,242.127108
1780456771,227.607510
1780456771,240.096702
1780456771,222.264102
1780456771,237.911406
1780456771,224.336838
1780456771,242.155484
1780456771,242.210128
1780456771,220.203654
1780456771,240.255979
1780456771,222.740625
1780456771,242.210538
1780456771,215.679872
1780456771,228.091215
1780456771,215.756265
1780456771,247.000762
1780456771,217.528142
1780456771,239.062571
1780456771,206.445093
1780456771,242.487684
1780456771,216.000744
1780456771,239.186063
1780456771,205.264207
1780456771,244.419641
1780456771,206.470867
1780456771,235.929838
1780456771,220.552064
1780456771,218.100565
1780456771,235.934652
1780456771,220.649831
1780456771,237.760627
1780456771,204.227067
1780456771,248.071714
1780456771,212.647945
1780456771,275.040403
1780456771,204.004970
1780456771,204.355288
1780456771,204.130736
1780456771,253.901431
1780456771,206.908664
1780456771,206.918973
1780456771,204.280010
1780456771,259.307826
1780456771,217.913320
1780456771,225.223824
1780456771,216.149372
1780456771,224.031112
1780456771,205.746940
1780456771,225.413794
1780456771,218.145946
1780456771,228.610688
1780456771,219.291917
1780456771,222.450428
1780456771,207.031764
1780456771,227.155812
1780456771,228.986782
1780456771,207.148107
1780456771,208.379254
1780456771,208.383727
1780456771,234.023152
1780456771,222.558564
1780456771,223.382332
1780456771,218.328126
1780456771,227.003052
1780456771,218.916890
1780456771,235.377391
1780456771,221.292109
1780456771,228.115035
1780456771,213.644915
1780456771,228.214615
1780456771,222.188754
1780456771,227.496518
1780456771,207.490085
1780456771,209.353923
1780456771,236.805025
1780456771,209.733290
1780456771,230.024195
1780456771,209.904063
1780456771,237.739868
1780456771,187.919493
1780456771,238.433897
1780456771,208.843699
1780456771,230.162457
1780456771,209.366074
1780456771,209.993125
1780456771,241.035955
1780456771,210.973396
1780456771,244.732893
1780456771,209.667449
1780456771,236.812514
1780456771,213.825648
1780456771,119.332513
1780456771,211.085225
1780456771,108.733281
1780456771,211.160861
1780456771,108.857458
1780456771,214.237667
1780456771,109.061438
1780456771,150.783164
1780456771,210.243761
1780456771,211.285216
1780456771,212.622195
1780456771,109.243223
1780456771,212.594474
1780456771,108.968086
1780456771,214.394829
1780456771,120.898418
1780456771,214.838156
1780456771,108.978069
1780456771,212.840314
1780456771,123.004792
1780456771,214.836033
1780456771,123.203480
1780456771,109.576438
1780456771,216.904616
1780456771,123.433341
1780456771,205.472211
1780456771,109.694473
1780456771,205.732159
1780456771,109.499942
1780456771,205.796316
1780456771,109.796600
1780456771,205.927532
1780456771,109.839145
1780456771,207.104680
1780456771,109.799446
1780456771,210.293284
1780456771,109.466816
1780456771,197.700705
1780456771,109.804214
1780456771,210.834568
1780456771,110.017542
1780456771,212.378292
1780456771,109.810613
1780456771,211.746678
1780456771,232.653138
1780456771,197.893610
1780456771,231.867870
1780456771,211.953172
1780456771,194.901690
1780456771,213.299800
1780456771,190.151292
1780456771,198.647676
1780456771,183.231184
1780456771,212.543905
1780456771,213.355251
1780456771,183.951509
1780456771,213.463650
1780456771,190.386377
1780456771,213.538393
1780456771,183.279868
1780456771,199.982919
1780456771,153.074086
1780456771,213.422129
1780456771,183.535248
1780456771,200.916989
1780456771,183.465987
1780456771,200.172413
1780456771,193.949487
1780456771,202.212179
1780456771,194.022531
1780456771,214.483954
1780456771,183.259129
1780456771,202.154935
1780456771,195.222418
1780456771,203.287511
1780456771,184.208446
1780456771,207.940973
1780456771,195.380686
1780456771,204.590852
1780456771,203.461550
1780456771,194.178518
1780456771,202.434717
1780456771,183.641486
1780456771,203.486220
1780456771,188.162218
1780456771,206.791713
1780456771,188.314342
1780456771,203.567309
1780456771,195.517136
1780456771,206.792540
1780456771,197.506558
1780456771,177.274125
1780456771,206.970855
1780456771,178.394800
1780456771,208.222255
1780456771,178.500017
1780456771,207.002206
1780456771,179.760735
1780456771,206.006546
1780456771,207.004270
1780456771,180.287955
1780456771,183.826804
1780456771,207.108692
1780456771,209.601776
1780456771,159.386389
1780456771,186.161317
1780456771,207.242140
1780456771,187.331027
1780456771,198.637831
1780456771,187.413153
1780456771,198.714388
1780456771,176.660841
1780456771,188.638050
1780456771,198.692891
1780456771,180.575251
1780456771,198.799441
1780456771,183.999025
1780456771,199.462824
1780456771,174.013548
1780456771,174.791304
1780456771,200.327392
1780456771,188.755923
1780456771,200.709898
1780456771,201.193775
1780456771,189.019405
1780456771,202.033041
1780456771,190.271309
1780456771,201.284859
1780456771,189.149582
1780456771,203.273796
1780456771,191.601847
1780456771,203.293043
1780456771,178.550156
1780456771,202.217611
1780456771,191.725652
1780456771,207.511351
1780456771,179.081128
1780456771,203.461216
1780456771,191.790127
1780456771,179.395068
1780456771,203.563660
1780456771,191.894559
1780456771,206.894044
1780456771,189.338840
1780456771,207.778711
1780456771,178.480588
1780456771,192.029456
1780456771,203.104807
1780456771,179.583791
1780456771,181.158895
1780456771,193.199152
1780456771,181.269390
1780456771,192.100969
1780456771,179.737569
1780456771,187.148624
1780456771,184.955469
1780456771,190.926767
1780456771,185.038763
1780456771,194.535123
1780456771,194.536966
1780456771,196.838139
1780456771,195.682075
1780456771,193.421095
1780456771,179.051867
1780456771,187.307419
1780456771,197.025628
1780456771,196.956454
1780456771,179.739514
1780456771,191.117005
1780456771,189.687574
1780456771,191.118100
1780456771,189.909610
1780456771,191.265214
1780456771,185.334363
1780456771,180.156893
1780456771,191.391973
1780456771,185.316905
1780456771,174.446487
1780456771,191.478319
1780456771,155.591492
1780456771,185.389097
1780456771,185.512052
1780456771,185.619220
1780456771,190.295306
1780456771,193.972747
1780456771,191.427457
1780456771,191.498573
1780456771,185.859002
1780456771,179.662354
1780456771,195.142448
1780456771,178.980774
1780456771,196.259500
1780456771,163.475316
1780456771,196.361791
1780456771,179.636158
1780456771,186.037775
1780456771,170.630696
1780456771,186.093192
1780456771,180.611917
1780456771,191.792915
1780456771,196.604803
1780456771,161.522725
1780456771,186.225029
1780456771,181.845961
1780456771,186.070583
1780456771,165.723489
1780456771,186.324261
1780456771,189.437918
1780456771,191.948920
1780456771,187.024478
1780456771,182.369297
1780456771,186.140645
1780456771,190.690463
1780456771,190.836278
1780456771,190.783003
1780456771,190.838546
1780456771,175.215667
1780456771,192.354432
1780456771,179.342078
1780456771,195.823690
1780456771,166.338149
1780456771,191.054040
1780456771,171.519505
1780456771,186.611585
1780456771,171.424906
1780456771,198.412068
1780456771,163.803356
1780456771,172.373098
1780456771,197.141601
1780456771,173.276533
1780456771,212.399689
1780456771,173.878218
1780456771,209.958270
1780456771,169.977247
1780456771,186.543582
1780456771,172.528589
1780456771,164.647614
1780456771,173.228530
1780456771,174.614430
1780456771,173.491216
1780456771,175.162964
1780456771,159.025964
1780456771,178.670160
1780456771,165.326209
1780456771,174.692391
1780456771,174.339555
1780456771,165.675057
1780456771,180.792522
1780456771,160.180628
1780456771,180.623553
1780456771,173.897301
1780456771,178.940464
1780456771,170.298501
1780456771,179.222861
1780456771,171.453852
1780456771,174.780658
1780456771,179.448254
1780456771,172.836726
1780456771,180.134777
1780456771,161.716104
1780456771,181.812012
1780456771,171.689392
1780456771,183.560291
1780456771,172.977715
1780456771,183.575658
1780456771,165.521107
1780456771,178.707017
1780456771,170.568283
1780456771,183.686540
1780456771,170.701496
1780456771,183.802715
1780456771,168.883422
1780456771,182.162716
1780456771,183.751532
1780456771,173.274187
1780456771,185.701622
1780456771,176.778630
1780456771,183.528849
1780456771,180.768051
1780456771,188.665298
1780456771,181.005358
1780456771,182.338673
1780456771,163.265254
1780456771,188.793188
1780456771,178.760382
1780456771,184.115325
1780456771,182.636665
1780456771,189.970508
1780456771,157.612783
1780456771,182.570457
1780456771,184.112860
1780456771,153.278265
1780456771,156.363631
1780456771,153.565815
1780456771,184.336956
1780456771,157.473062
1780456771,163.303981
1780456771,166.512969
1780456771,170.298773
1780456771,160.024034
1780456771,187.729162
1780456771,137.469539
1780456771,167.177643
1780456771,162.177734
1780456771,170.584766
1780456771,188.337805
1780456771,172.351004
1780456771,191.590341
1780456771,172.844223
1780456771,161.983867
1780456771,190.487759
1780456771,137.860847
1780456771,163.844094
1780456771,157.966808
1780456771,189.447979
1780456771,137.404033
1780456771,166.533726
1780456771,139.878444
1780456771,170.311426
1780456771,135.463336
1780456771,170.608820
1780456771,142.251651
1780456771,168.294577
1780456771,153.591139
1780456771,166.208117
1780456771,135.695495
1780456771,168.439380
1780456771,136.025367
1780456771,149.350824
1780456771,170.739108
1780456771,137.046613
1780456771,160.375356
1780456771,156.164897
1780456771,140.757738
1780456771,145.406764
1780456771,156.406966
1780456771,142.537460
1780456771,145.971207
1780456771,140.809587
1780456771,139.707309
1780456771,141.981644
1780456771,157.437388
1780456771,147.495187
1780456771,164.251789
1780456771,161.773811
1780456771,141.208280
1780456771,139.226146
1780456771,149.510558
1780456771,146.590729
1780456771,138.911785
1780456771,163.656674
1780456771,142.868567
1780456771,142.619764
1780456771,142.707459
1780456771,163.272016
1780456771,161.759437
1780456771,143.108099
1780456771,140.296015
1780456771,147.534153
1780456771,162.596861
1780456771,149.872835
1780456771,135.735145
1780456771,149.205137
1780456771,136.007176
1780456771,151.410913
1780456771,137.029654
1780456771,166.221982
1780456771,146.614549
1780456771,151.808082
1780456771,158.341020
1780456771,151.984343
1780456771,150.576569
1780456771,168.522112
1780456771,140.141829
1780456771,151.992884
1780456771,158.194868
1780456771,148.584021
1780456771,142.024449
1780456771,168.400703
1780456771,142.890838
1780456771,152.288865
1780456771,140.635432
1780456771,152.134307
1780456771,142.164426
1780456771,148.508111
1780456771,121.640839
1780456771,148.735927
1780456771,166.590661
1780456771,148.971875
1780456771,122.354231
1780456771,170.860358
1780456771,170.682970
1780456771,171.228414
1780456771,150.786054
1780456771,149.571130
1780456771,124.210436
1780456771,124.374069
1780456771,152.540770
1780456771,168.441312
1780456771,152.869975
1780456771,169.008396
1780456771,170.850922
1780456771,125.713055
1780456771,156.610848
1780456771,122.268754
1780456771,157.804895
1780456771,123.635576
1780456771,158.070791
1780456771,169.372231
1780456771,161.940178
1780456771,122.164516
1780456771,159.950823
1780456771,125.528120
1780456771,162.522085
1780456771,123.068490
1780456771,164.445222
1780456771,122.807310
1780456771,170.044696
1780456771,124.213491
1780456771,171.668587
1780456771,141.801500
1780456771,172.811764
1780456771,123.753752
1780456771,124.275954
1780456771,171.944286
1780456771,140.338639
1780456771,173.163965
1780456771,165.151883
1780456771,158.689771
1780456771,127.801934
1780456771,149.834592
1780456771,128.192819
1780456771,151.470917
1780456771,128.520485
1780456771,125.270168
1780456771,169.741283
1780456771,153.321601
1780456771,125.279555
1780456771,123.459584
1780456771,150.036861
1780456771,143.302660
1780456771,151.868791
1780456771,150.729335
1780456771,153.384570
1780456771,132.390018
1780456771,130.686724
1780456771,156.696246
1780456771,152.106309
1780456771,130.233292
1780456771,157.835409
1780456771,131.041847
1780456771,152.501481
1780456771,129.877633
1780456771,132.495978
1780456771,132.782486
1780456771,132.261176
1780456771,133.124536
1780456771,127.835735
1780456771,130.163063
1780456771,127.312354
1780456771,133.007380
1780456771,129.000903
1780456771,130.754379
1780456771,144.436191
1780456771,131.676424
1780456771,116.985475
1780456771,132.897341
1780456771,228.260446
1780456771,133.096820
1780456771,122.855312
1780456771,133.017366
1780456771,109.833233
1780456771,133.049235
1780456771,133.308877
1780456771,138.390954
1780456771,110.536362
1780456771,137.471239
1780456771,109.548622
1780456771,139.071235
1780456771,117.503471
1780456771,137.554570
1780456771,118.480967
1780456771,140.009952
1780456771,109.447034
1780456771,156.437004
1780456771,123.705385
1780456771,137.219060
1780456771,111.292444
1780456771,139.897645
1780456771,149.939598
1780456771,148.678174
1780456771,123.641652
1780456771,132.627738
1780456771,117.036162
1780456771,116.554756
1780456771,115.412002
1780456771,117.684877
1780456771,133.182191
1780456771,118.845043
1780456771,149.014153
1780456771,117.990902
1780456771,149.775448
1780456771,114.030018
1780456771,114.915672
1780456771,118.435836
1780456771,113.682681
1780456771,154.514197
1780456771,126.690339
1780456771,118.529236
1780456771,127.866306
1780456771,117.988450
1780456771,125.147240
1780456771,117.877424
1780456771,117.770055
1780456771,113.492036
1780456771,115.584167
1780456771,118.146759
1780456771,150.527954
1780456771,118.866758
1780456771,116.648539
1780456771,118.277575
1780456771,160.660785
1780456771,113.143471
1780456771,117.459293
1780456771,115.117667
1780456771,107.572909
1780456771,112.926822
1780456771,106.397529
1780456771,106.147657
1780456771,106.826043
1780456771,109.806704
1780456771,108.073452
1780456771,106.650657
1780456771,111.244869
1780456771,107.619654
1780456771,109.658538
1780456771,107.472259
1780456771,108.546918
1780456771,109.993700
1780456771,150.333257
1780456771,107.967376
1780456771,109.350832
1780456771,109.671941
1780456771,112.791044
1780456771,109.665421
1780456771,115.383759
1780456771,149.557729
1780456771,110.614058
1780456771,112.112057
1780456771,107.834993
1780456771,109.346507
1780456771,111.924448
1780456771,112.074019
1780456771,112.540942
1780456771,153.212399
1780456771,150.653584
1780456771,154.578403
1780456771,151.095614
1780456771,113.530485
1780456771,117.486607
1780456771,119.285301
1780456771,118.093688
1780456771,110.640257
1780456771,129.993828
1780456771,118.476404
1780456771,114.103100
1780456771,119.882209
1780456771,119.682994
1780456771,126.686072
1780456771,128.746368
1780456771,151.959750
1780456771,113.686226
1780456771,135.524718
1780456771,131.998040
1780456771,152.561511
1780456771,114.177915
1780456771,127.969400
1780456771,120.166835
1780456771,152.147847
1780456771,113.447396
1780456771,111.917805
1780456771,102.626639
1780456771,147.468366
1780456771,148.213654
1780456771,103.365283
1780456771,145.923678
1780456771,103.997141
1780456771,103.579906
1780456771,112.682003
1780456771,114.772351
1780456771,103.497137
1780456771,104.304020
1780456771,104.531414
1780456771,104.487154
1780456771,149.564055
1780456771,104.574581
1780456771,111.651564
1780456771,104.562020
1780456771,104.909988
1780456771,133.020330
1780456771,105.462956
1780456771,114.629901
1780456771,115.642664
1780456771,117.806058
1780456771,116.776367
1780456771,105.700031
1780456771,114.108573
1780456771,103.917357
1780456771,105.901147
1780456771,104.233546
1780456771,106.190276
1780456771,105.616025
1780456771,118.903007
1780456771,106.223462
1780456771,105.938906
1780456771,114.300083
1780456771,105.722010
1780456771,149.265619
1780456771,148.737690
1780456771,105.387177
1780456771,106.327049
1780456771,149.626498
1780456771,121.863636
1780456771,103.908321
1780456771,106.795489
1780456771,118.167439
1780456771,132.646769
1780456771,106.811614
1780456771,114.858337
1780456771,114.746284
1780456771,115.978670
1780456771,105.292197
1780456771,117.107058
1780456771,107.689562
1780456771,123.663014
1780456771,121.119364
1780456771,107.781346
1780456771,108.749130
1780456771,117.515579
1780456771,150.847839
1780456771,107.906730
1780456771,150.096827
1780456771,134.115437
1780456771,115.438366
1780456771,109.523018
1780456771,120.518785
1780456771,108.006837
1780456771,108.350893
1780456771,120.568821
1780456771,105.441248
1780456771,107.963082
1780456771,106.748122
1780456771,117.282795
1780456771,109.294675
1780456771,109.523561
1780456771,116.834045
1780456771,116.708751
1780456771,109.936306
1780456771,110.894279
1780456771,103.634679
1780456771,124.656898
1780456771,110.133384
1780456771,119.556722
1780456771,121.694947
1780456771,110.227661
1780456771,105.725100
1780456771,123.291323
1780456771,136.679011
1780456771,124.819235
1780456771,104.938671
1780456771,123.691986
1780456771,107.161622
1780456771,104.451421
1780456771,151.669332
1780456771,104.307970
1780456771,107.145059
1780456771,146.398559
1780456771,120.669234
1780456771,111.101366
1780456771,118.602148
1780456771,104.450268
1780456771,106.438641
1780456771,104.305774
1780456771,129.281152
1780456771,104.502204
1780456771,110.400807
1780456771,104.185195
1780456771,107.771103
1780456771,106.065825
1780456771,107.631254
1780456771,106.366362
1780456771,107.178685
1780456771,138.178879
1780456771,106.976284
1780456771,104.760915
1780456771,103.253754
1780456771,103.604450
1780456771,103.887380
1780456771,103.821331
1780456771,103.027773
1780456771,102.770023
1780456771,102.973303
1780456771,105.623953
1780456771,103.524609
1780456771,102.552952
1780456771,102.775672
1780456771,102.433902
1780456771,102.757908
1780456771,102.762609
1780456771,103.074964
1780456771,103.055374
1780456771,102.948452
1780456771,102.943347
1780456771,104.725313
1780456771,133.271416
1780456771,102.506852
1780456771,102.675129
1780456771,102.748096
1780456771,102.437572
1780456771,102.806940
1780456771,102.820673
1780456771,102.742136
1780456771,104.196596
1780456771,104.886813
1780456771,104.115919
1780456771,104.415819
1780456771,104.202273
1780456771,104.118297
1780456771,103.800272
1780456771,103.098073
1780456771,102.918391
1780456771,102.999409
1780456771,104.010959
1780456771,104.378222
1780456771,103.973668
1780456771,105.531437
1780456771,105.407943
1780456771,106.277323
1780456771,106.178581
1780456771,106.279102
1780456771,105.939255
1780456771,123.279853
1780456771,106.817488
1780456771,137.591134
1780456771,105.612907
1780456771,104.421632
1780456771,127.890496
1780456771,121.694169
1780456771,108.696231
1780456771,106.907669
1780456771,108.878145
1780456771,109.584098
1780456771,108.869052
1780456771,109.241769
1780456771,129.057458
1780456771,109.597755
1780456771,142.565987
1780456771,109.316048
1780456771,135.030829
1780456771,135.384900
1780456771,130.104005
1780456771,135.944674
1780456771,109.822226
1780456771,112.400356
1780456771,124.571147
1780456771,124.348099
1780456771,128.896719
1780456771,133.373629
1780456771,111.629646
1780456771,111.599090
1780456771,111.499629
1780456771,111.996324
1780456771,112.092550
1780456771,112.029950
1780456771,104.058163
1780456771,111.949841
1780456771,105.870287
1780456771,104.427406
1780456771,105.391028
1780456771,103.885365
1780456771,103.622617
1780456771,104.203125
1780456771,104.750548
1780456771,104.398951
1780456771,103.539601
1780456771,103.741425
1780456771,105.027524
1780456771,105.597642
1780456771,105.399015
1780456771,103.538511
1780456771,105.522875
1780456771,112.593865
1780456771,103.061827
1780456771,103.010753
1780456771,114.107144
1780456771,113.841320
1780456771,114.030526
1780456771,113.343553
1780456771,113.111801
1780456771,113.868562
1780456771,113.321306
1780456771,112.366151
1780456771,103.208096
1780456771,103.550792
1780456771,103.836629
1780456771,104.387148
1780456771,102.971192
1780456771,104.303911
1780456771,128.223658
1780456771,114.298787
1780456771,122.777847
1780456771,116.916717
1780456771,120.516789
1780456771,121.676376
1780456771,122.155009
1780456771,118.923551
1780456771,104.441061
1780456771,115.002838
1780456771,116.520381
1780456771,113.840250
1780456771,124.069260
1780456771,116.697241
1780456771,124.422312
1780456771,136.324522
1780456771,114.279056
1780456771,122.939772
1780456771,115.008069
1780456771,127.215920
1780456771,125.244210
1780456771,113.343828
1780456771,111.826188
1780456771,112.558740
1780456771,114.143266
1780456771,113.251693
1780456771,114.454807
1780456771,110.099057
1780456771,113.901760
1780456771,111.473989
1780456771,123.601927
1780456771,112.902816
1780456771,110.248963
1780456771,112.051193
1780456771,113.125699
1780456771,113.542953
1780456771,112.014255
1780456771,116.637226
1780456771,112.735741
1780456771,113.453732
1780456771,113.048708
1780456771,115.177305
1780456771,113.257259
1780456771,129.097738
1780456771,128.950017
1780456771,163.718555
1780456771,128.719613
1780456771,163.733302
1780456771,163.706455
1780456771,129.031441
1780456771,128.096092
1780456771,129.188332
1780456771,120.383524
1780456771,121.197538
1780456771,119.773382
1780456771,119.605797
1780456771,128.333190
1780456771,120.197473
1780456771,163.678806
1780456771,128.858686
1780456771,140.725281
1780456771,128.848378
1780456771,120.870127
1780456771,115.582021
1780456771,114.310880
1780456771,113.087086
1780456771,123.204945
1780456771,114.302542
1780456771,113.348447
1780456771,113.759465
1780456771,110.454339
1780456771,113.209889
1780456771,114.419039
1780456771,114.379861
1780456771,114.500535
1780456771,114.340741
1780456771,114.410436
1780456771,114.337748
1780456771,114.689348
1780456771,114.698758
1780456771,107.120411
1780456771,107.036253
1780456771,110.692371
1780456771,114.731382
1780456771,113.635578
1780456771,115.903884
1780456771,114.016848
1780456771,115.186931
1780456771,115.071641
1780456771,118.002771
1780456771,106.214200
1780456771,114.351706
1780456771,106.186823
1780456771,113.465146
1780456771,113.565623
1780456771,114.825305
1780456771,112.318476
1780456771,112.396475
1780456771,108.637450
1780456771,110.110423
1780456771,113.780614
1780456771,113.658475
1780456771,111.322387
1780456771,110.212552
1780456771,107.170158
1780456771,107.466607
1780456771,107.381746
1780456771,108.857031
1780456771,112.704788
1780456771,107.425372
1780456771,106.888061
1780456771,111.717716
1780456771,106.329643
1780456771,105.108558
1780456771,118.060537
1780456771,118.355897
1780456771,111.288843
1780456771,111.643716
1780456771,107.131071
1780456771,111.654249
1780456771,106.623302
1780456771,119.541976
1780456771,116.720082
1780456771,107.508456
1780456771,119.806361
1780456771,120.057459
1780456771,108.486430
1780456771,120.152460
1780456771,117.346835
1780456771,113.788090
1780456771,108.343657
1780456771,114.057104
1780456771,113.232915
1780456771,114.630747
1780456771,113.477653
1780456771,108.971246
1780456771,113.646706
1780456771,106.979076
1780456771,125.418322
1780456771,105.219619
1780456771,126.001621
1780456771,105.494757
1780456771,126.502254
1780456771,124.622068
1780456771,127.488249
1780456771,128.573716
1780456771,150.580669
1780456771,149.946822
1780456771,149.783747
1780456771,149.297101
1780456771,148.054707
1780456771,148.550252
1780456771,128.716810
1780456771,147.824325
1780456771,151.264843
1780456771,149.124466
1780456771,151.602989
1780456771,150.817142
1780456771,148.940551
1780456771,140.130196
1780456771,137.638886
1780456771,140.112674
1780456771,138.889036
1780456771,140.780389
1780456771,129.837592
1780456771,138.890840
1780456771,138.937883
1780456771,137.669515
1780456771,149.773088
1780456771,137.747984
1780456771,148.469373
1780456771,129.437807
1780456771,128.918344
1780456771,128.903694
1780456771,129.876414
1780456771,137.940747
1780456771,139.300247
1780456771,130.017197
1780456771,128.758503
1780456771,139.319396
1780456771,129.577169
1780456771,128.851662
1780456771,129.377244
1780456771,129.598351
1780456771,129.352008
1780456771,122.725356
1780456771,126.525194
1780456771,122.798343
1780456771,129.133298
1780456771,130.370386
1780456771,129.624599
1780456771,129.098075
1780456771,130.593993
1780456771,130.415332
1780456771,125.477367
1780456771,129.491191
1780456771,129.070995
1780456771,130.058148
1780456771,129.402501
1780456771,128.036937
1780456771,129.886906
1780456771,129.158795
1780456771,119.226584
1780456771,129.268918
1780456771,113.716752
1780456771,129.039598
1780456771,110.313900
1780456771,129.797171
1780456771,111.456596
1780456771,112.029244
1780456771,114.974538
1780456771,129.713839
1780456771,113.871196
1780456771,127.024993
1780456771,111.971473
1780456771,125.848866
1780456771,115.576652
1780456771,128.427808
1780456771,115.651109
1780456771,108.616970
1780456771,114.034887
1780456771,130.322109
1780456771,130.390707
1780456771,114.071008
1780456771,129.875783
1780456771,130.961489
1780456771,115.824252
1780456771,124.892075
1780456771,130.575425
1780456771,115.783450
1780456771,129.900219
1780456771,122.550891
1780456771,130.384951
1780456771,126.246558
1780456771,130.293904
1780456771,126.134212
1780456771,123.859587
1780456771,120.564735
1780456771,120.725344
1780456771,111.927859
1780456771,112.556756
1780456771,122.150107
1780456771,122.366723
1780456771,134.352401
1780456771,134.678771
1780456771,134.345173
1780456771,134.244397
1780456771,134.224245
1780456771,134.340681
1780456771,134.645878
1780456771,134.635821
1780456771,134.845551
1780456771,134.988129
1780456771,123.582356
1780456771,134.981122
1780456771,134.652647
1780456771,135.179212
1780456771,135.104011
1780456771,122.914968
1780456771,121.563432
1780456771,134.942032
1780456771,134.850186
1780456771,122.949797
1780456771,116.976012
1780456771,120.575885
1780456771,113.552080
1780456771,117.098053
1780456771,115.491892
1780456771,121.573981
1780456771,118.140823
1780456771,121.692892
1780456771,123.246256
1780456771,103.566183
1780456771,104.843145
1780456771,104.840471
1780456771,125.911321
1780456771,105.838946
1780456771,106.025722
1780456771,105.850626
1780456771,105.738869
1780456771,106.234647
1780456771,105.758962
1780456771,134.774749
1780456771,133.601191
1780456771,131.314289
1780456771,119.400037
1780456771,118.875102
1780456771,119.392258
1780456771,119.482884
1780456771,105.642161
1780456771,106.970389
1780456771,123.027770
1780456771,106.906730
1780456771,106.900053
1780456771,126.683427
1780456771,122.714539
1780456771,106.763727
1780456771,107.920327
1780456771,107.338084
1780456771,119.547175
1780456771,107.981194
1780456771,124.843178
1780456771,108.912388
1780456771,123.777670
1780456771,109.221555
1780456771,108.410117
1780456771,108.181716
1780456771,123.852311
1780456771,108.662248
1780456771,120.463317
1780456771,123.896764
1780456771,107.344776
1780456771,109.541187
1780456771,110.104165
1780456771,109.135935
1780456771,107.873813
1780456771,109.431156
1780456771,109.805004
1780456771,110.315474
1780456771,110.408233
1780456771,110.605034
1780456771,110.381252
1780456771,111.015027
1780456771,127.408324
1780456771,111.573538
1780456771,122.614282
1780456771,110.676369
1780456771,126.176367
1780456771,110.539205
1780456771,111.703873
1780456771,125.706068
1780456771,109.439485
1780456771,109.382825
1780456771,108.121513
1780456771,110.816002
1780456771,110.806541
1780456771,113.332875
1780456771,113.442744
1780456771,113.294589
1780456771,114.608440
1780456771,105.461092
1780456771,114.008610
1780456771,113.849331
1780456771,114.801925
1780456771,114.406801
1780456771,109.626522
1780456771,115.475358
1780456771,112.715925
1780456771,114.207098
1780456771,112.899453
1780456771,114.780778
1780456771,115.494207
1780456771,114.599146
1780456771,111.249931
1780456771,115.443444
1780456771,114.543663
1780456771,112.455758
1780456771,114.314221
1780456771,115.851883
1780456771,113.195975
1780456771,115.741346
1780456771,115.783417
1780456771,113.248102
1780456771,113.123726
1780456771,115.969790
1780456771,112.467500
1780456771,113.279249
1780456771,115.744026
1780456771,116.128696
1780456771,112.578155
1780456771,112.069720
1780456771,112.141079
1780456771,116.305711
1780456771,116.494220
1780456771,114.241281
1780456771,116.407508
1780456771,110.320434
1780456771,117.345642
1780456771,110.284229
1780456771,117.843502
1780456771,112.714611
1780456771,112.630666
1780456771,112.615292
1780456771,112.736654
1780456771,117.708670
1780456771,110.083864
1780456771,109.918084
1780456771,118.141185
1780456771,118.026900
1780456771,109.934499
1780456771,104.149195
1780456771,108.767949
1780456771,119.136859
1780456771,118.927490
1780456771,107.604958
1780456771,115.594068
1780456771,107.609928
1780456771,115.858016
1780456771,107.865333
1780456771,109.943125
1780456771,119.667622
1780456771,110.613130
1780456771,113.600102
1780456771,119.883102
1780456771,121.200158
1780456771,120.964112
1780456771,120.803804
1780456771,121.061849
1780456771,120.999220
1780456771,106.217969
1780456771,120.095307
1780456771,120.174743
1780456771,119.845193
1780456771,106.296958
1780456771,105.140332
1780456771,107.429500
1780456771,118.873860
1780456771,111.080867
1780456771,110.690140
1780456771,109.690031
1780456771,109.287710
1780456771,108.975531
1780456771,122.892647
1780456771,112.028325
1780456771,120.233656
1780456771,120.350257
1780456771,108.228689
1780456771,109.579007
1780456771,105.838952
1780456771,110.215234
1780456771,107.087892
1780456771,120.891910
1780456771,122.352836
1780456771,104.775645
1780456771,121.189079
1780456771,104.073596
1780456771,121.460579
1780456771,105.459042
1780456771,105.562666
1780456771,117.301892
1780456771,105.708689
1780456771,104.503685
1780456771,104.878726
1780456771,104.943226
1780456771,104.366517
1780456771,103.295091
1780456771,105.099848
1780456771,122.275953
1780456771,105.186529
1780456771,104.006604
1780456771,105.675186
1780456771,122.280052
1780456771,104.866419
1780456771,122.456310
1780456771,109.416163
1780456771,105.289392
1780456771,122.695996
1780456771,108.794712
1780456771,123.285529
1780456771,120.389021
1780456771,108.860561
1780456771,119.344962
1780456771,111.502545
1780456771,110.338123
1780456771,109.060182
1780456771,111.644591
1780456771,108.968062
1780456771,107.866455
1780456771,110.466862
1780456771,109.199755
1780456771,106.106052
1780456771,110.464871
1780456771,106.275465
1780456771,110.572136
1780456771,123.292030
1780456771,106.287584
1780456771,106.503103
1780456771,122.766616
1780456771,103.447465
1780456771,105.922102
1780456771,123.903981
1780456771,123.678243
1780456771,103.079577
1780456771,123.690460
1780456771,103.077711
1780456771,104.781338
1780456771,103.719745
1780456771,123.443199
1780456771,105.185947
1780456771,103.785522
1780456771,123.496325
1780456771,123.446658
1780456771,123.475239
1780456771,123.203258
1780456771,107.502818
1780456771,103.945851
1780456771,123.235213
1780456771,107.909340
1780456771,103.151163
1780456771,103.195132
1780456771,104.489118
1780456771,103.330357
1780456771,103.497919
1780456771,103.456322
1780456771,109.771734
1780456771,121.165419
1780456771,102.443254
1780456771,109.805477
1780456771,109.403751
1780456771,109.364163
1780456771,103.486271
1780456771,109.931462
1780456771,125.440778
1780456771,103.256086
1780456771,104.027600
1780456771,109.217691
1780456771,103.747600
1780456771,123.856845
1780456771,120.831666
1780456771,111.800454
1780456771,119.820672
1780456771,128.092557
1780456771,127.594164
1780456771,107.255474
1780456771,113.376106
1780456771,124.274484
1780456771,106.599094
1780456771,126.479845
1780456771,127.431970
1780456771,112.592366
1780456771,126.847129
1780456771,113.535156
1780456771,120.479405
1780456771,124.414929
1780456771,128.409379
1780456771,107.237791
1780456771,120.693910
1780456771,118.192706
1780456771,124.298221
1780456771,107.460414
1780456771,111.879855
1780456771,112.215778
1780456771,117.519190
1780456771,117.288050
1780456771,112.262299
1780456771,117.712419
1780456771,111.527616
1780456771,118.289792
1780456771,111.729417
1780456771,111.880032
1780456771,116.606969
1780456771,110.775382
1780456771,115.654968
1780456771,111.208483
1780456771,114.160855
1780456771,111.542817
1780456771,114.488678
1780456771,110.349194
1780456771,110.115602
1780456771,109.911061
1780456771,110.508105
1780456771,110.599603
1780456771,110.330642
1780456771,110.134502
1780456771,111.380959
1780456771,110.341578
1780456771,110.387338
1780456771,110.854785
1780456771,108.692625
1780456771,110.948142
1780456771,109.491481
1780456771,110.442179
1780456771,108.941409
1780456771,111.017608
1780456771,109.811731
1780456771,112.578903
1780456771,108.944191
1780456771,111.360991
1780456771,110.100165
1780456771,111.119614
1780456771,112.064897
1780456771,112.979238
1780456771,114.582187
1780456771,111.052530
1780456771,114.500781
1780456771,114.199567
1780456771,114.493933
1780456771,115.265672
1780456771,115.309001
1780456771,114.179188
1780456771,115.371314
1780456771,112.009696
1780456771,111.202391
1780456771,112.455765
1780456771,113.569167
1780456771,114.722143
1780456771,112.724686
1780456771,114.477287
1780456771,115.261980
1780456771,112.789907
1780456771,112.238257
1780456771,116.207725
1780456771,112.723453
1780456771,111.911148
1780456771,114.624551
1780456771,116.336263
1780456771,115.794662
1780456771,111.942708
1780456771,116.975736
1780456771,112.645311
1780456771,112.900285
1780456771,118.203045
1780456771,118.398718
1780456771,115.204875
1780456771,113.629668
1780456771,116.968610
1780456771,117.086621
1780456771,117.113255
1780456771,118.152929
1780456771,113.858508
1780456771,119.111483
1780456771,115.649323
1780456771,114.762462
1780456771,114.299935
1780456771,113.198962
1780456771,118.015417
1780456771,117.775151
1780456771,119.534153
1780456771,116.063020
1780456771,115.455386
1780456771,120.492318
1780456771,117.197936
1780456771,117.590189
1780456771,117.972106
1780456771,121.200110
1780456771,117.239055
1780456771,118.239290
1780456771,117.109682
1780456771,123.822748
1780456771,117.724407
1780456771,122.673492
1780456771,123.914969
1780456771,120.717514
1780456771,121.777509
1780456771,120.703331
1780456771,121.614998
1780456771,122.212450
1780456771,120.956183
1780456771,120.904736
1780456771,120.590773
1780456771,120.224004
1780456771,124.123470
1780456771,120.922249
1780456771,119.362538
1780456771,119.915464
1780456771,124.526626
1780456771,125.028229
1780456771,117.940287
1780456771,120.963042
1780456771,120.114759
1780456771,123.765904
1780456771,119.720074
1780456771,118.292036
1780456771,120.005839
1780456771,123.358053
1780456771,119.801244
1780456771,125.319677
1780456771,118.387275
1780456771,124.347322
1780456771,118.619151
1780456771,119.557848
1780456771,124.440343
1780456771,120.051213
1780456771,120.706825
1780456771,120.138509
1780456771,124.677616
1780456771,125.645790
1780456771,120.050766
1780456771,120.259423
1780456771,125.674549
1780456771,118.506510
1780456771,123.999939
1780456771,125.389397
1780456771,116.572463
1780456771,123.432486
1780456771,117.151314
1780456771,124.551813
1780456771,116.869662
1780456771,121.386901
1780456771,117.952877
1780456771,125.233338
1780456771,123.798533
1780456771,123.624225
1780456771,125.629172
1780456771,124.392094
1780456771,116.686098
1780456771,118.673826
1780456771,120.499797
1780456771,120.128555
1780456771,120.452766
1780456771,119.520479
1780456771,124.170862
1780456771,124.173711
1780456771,118.276488
1780456771,121.026931
1780456771,117.592223
1780456771,125.001018
1780456771,119.401115
1780456771,120.248338
1780456771,125.570533
1780456771,121.215252
1780456771,124.872606
1780456771,120.163895
1780456771,126.072380
1780456771,127.340822
1780456771,120.176740
1780456771,120.190549
1780456771,121.537584
1780456771,120.619310
1780456771,126.473053
1780456771,126.835322
1780456771,127.425788
1780456771,121.876917
1780456771,121.017116
1780456771,120.862864
1780456771,127.531946
1780456771,126.153442
1780456771,119.468105
1780456771,128.881331
1780456771,122.464532
1780456771,127.078424
1780456771,128.257673
1780456771,120.611978
1780456771,127.011892
1780456771,129.512188
1780456771,128.204831
1780456771,122.981465
1780456771,123.460582
1780456771,123.542845
1780456771,129.093414
1780456771,129.521642
1780456771,122.267563
1780456771,129.949615
1780456771,129.384781
1780456771,129.909983
1780456771,129.875015
1780456771,122.682595
1780456771,129.974035
1780456771,122.956233
1780456771,128.415153
1780456771,130.483399
1780456771,130.673337
1780456771,130.587897
1780456771,123.079567
1780456771,128.803639
1780456771,123.215387
1780456771,128.606828
1780456771,123.361569
1780456771,130.926028
1780456771,121.777135
1780456771,128.957103
1780456771,123.935843
1780456771,130.301935
1780456771,129.524263
1780456771,122.586371
1780456771,132.469472
1780456771,122.424984
1780456771,121.843101
1780456771,127.966031
1780456771,128.263785
1780456771,122.115872
1780456771,122.517215
1780456771,130.432435
1780456771,131.864862
1780456771,128.643715
1780456771,131.965028
1780456771,129.042751
1780456771,130.708683
1780456771,128.084028
1780456771,123.711944
1780456771,128.563946
1780456771,122.942362
1780456771,129.702578
1780456771,128.345499
1780456771,129.331483
1780456771,133.924171
1780456771,124.569782
1780456771,131.741783
1780456771,132.361120
1780456771,131.792304
1780456771,128.960004
1780456771,123.735279
1780456771,123.299551
1780456771,130.863224
1780456771,125.180991
1780456771,134.782548
1780456771,125.059907
1780456771,123.606390
1780456771,133.695002
1780456771,124.184060
1780456771,123.626884
1780456771,130.188491
1780456771,130.962918
1780456771,133.638001
1780456771,124.906207
1780456771,125.257642
1780456771,129.951627
1780456771,131.298262
1780456771,136.464525
1780456771,130.242694
1780456771,132.867408
1780456771,130.443267
1780456771,127.439823
1780456771,130.473152
1780456771,132.772261
1780456771,131.922181
1780456771,132.172419
1780456771,136.799505
1780456771,126.046183
1780456771,125.420552
1780456771,128.644197
1780456771,125.722722
1780456771,130.564609
1780456771,125.245241
1780456771,132.412362
1780456771,131.213589
1780456771,131.493143
1780456771,129.957484
1780456771,131.399959
1780456771,126.888397
1780456771,133.160885
1780456771,134.018001
1780456771,133.873723
1780456771,136.289579
1780456771,130.989905
1780456771,130.939224
1780456771,136.947778
1780456771,137.403834
1780456771,133.678813
1780456771,133.929845
1780456771,130.842330
1780456771,140.277120
1780456771,134.416076
1780456771,137.943944
1780456771,138.140909
1780456771,136.794222
1780456771,136.778031
1780456771,136.876661
1780456771,143.693344
1780456771,143.694324
1780456771,140.886285
1780456771,133.911609
1780456771,142.118821
1780456771,142.350794
1780456771,136.553753
1780456771,134.289361
1780456771,140.617671
1780456771,146.232428
1780456771,138.095896
1780456771,146.163203
1780456771,138.824160
1780456771,141.110721
1780456771,140.511381
1780456771,137.249555
1780456771,138.070736
1780456771,138.926538
1780456771,141.580224
1780456771,136.260172
1780456771,140.281729
1780456771,140.962204
1780456771,140.415874
1780456771,141.193984
1780456771,138.757231
1780456771,141.206394
1780456771,143.474848
1780456771,143.248922
1780456771,137.740539
1780456771,138.150767
1780456771,138.029007
1780456771,137.564013
1780456771,138.972208
1780456771,138.328716
1780456771,141.870725
1780456771,137.724484
1780456771,136.577381
1780456771,134.613508
1780456771,139.026117
1780456771,138.842661
1780456771,137.742013
1780456771,140.261124
1780456771,142.202121
1780456771,140.075303
1780456771,138.523012
1780456771,138.215804
1780456771,137.127686
1780456771,139.851320
1780456771,138.866075
1780456771,139.509193
1780456771,137.700601
1780456771,141.097643
1780456771,143.085298
1780456771,141.568814
1780456771,144.732953
1780456771,138.004204
1780456771,142.206953
1780456771,148.125395
1780456771,140.944345
1780456771,138.966711
1780456771,146.047600
1780456771,143.941673
1780456771,142.331632
1780456771,142.550857
1780456771,143.805120
1780456771,145.454823
1780456771,142.579324
1780456771,144.135757
1780456771,141.752710
1780456771,151.166844
1780456771,140.066926
1780456771,149.557101
1780456771,144.492769
1780456771,143.254208
1780456771,150.809965
1780456771,140.198213
1780456771,146.241530
1780456771,144.885806
1780456771,148.346600
1780456771,151.449364
1780456771,146.741345
1780456771,148.649935
1780456771,146.937828
1780456771,147.501826
1780456771,152.515839
1780456771,152.303871
1780456771,146.697546
1780456771,145.130010
1780456771,147.412617
1780456771,152.460895
1780456771,147.939482
1780456771,148.215837
1780456771,147.063203
1780456771,148.377052
1780456771,147.194672
1780456771,147.527884
1780456771,148.843155
1780456771,147.947811
1780456771,154.961840
1780456771,147.699985
1780456771,148.343351
1780456771,150.122756
1780456771,148.898361
1780456771,148.915104
1780456771,148.493243
1780456771,146.382261
1780456771,147.495903
1780456771,147.362028
1780456771,147.742838
1780456771,148.355786
1780456771,148.628243
1780456771,155.991660
1780456771,152.831439
1780456771,152.684090
1780456771,152.467368
1780456771,147.103359
1780456771,152.308726
1780456771,155.116153
1780456771,158.329455
1780456771,148.975379
1780456771,158.735770
1780456771,139.980722
1780456771,159.025177
1780456771,141.391078
1780456771,141.463006
1780456771,140.200928
1780456771,158.951546
1780456771,158.446715
1780456771,149.166910
1780456771,153.140749
1780456771,153.476042
1780456771,157.118042
1780456771,153.634015
1780456771,154.115712
1780456771,152.734230
1780456771,150.667862
1780456771,153.329544
1780456771,140.268344
1780456771,152.032712
1780456771,159.802087
1780456771,159.730488
1780456771,152.920980
1780456771,154.202104
1780456771,141.754954
1780456771,151.568545
1780456771,142.101210
1780456771,159.944598
1780456771,159.743148
1780456771,153.978411
1780456771,160.244794
1780456771,154.443595
1780456771,154.506889
1780456771,159.178710
1780456771,155.153166
1780456771,159.656588
1780456771,155.198649
1780456771,160.134621
1780456771,159.788590
1780456771,155.441529
1780456771,157.594497
1780456771,156.590341
1780456771,157.633781
1780456771,152.840551
1780456771,157.544989
1780456771,157.853880
1780456771,159.189750
1780456771,158.265462
1780456771,158.334096
1780456771,157.614569
1780456771,162.903048
1780456771,158.906295
1780456771,158.164492
1780456771,157.948094
1780456771,163.258818
1780456771,163.711153
1780456771,163.755151
1780456771,169.264782
1780456771,164.140933
1780456771,163.951019
1780456771,162.915126
1780456771,170.683851
1780456771,163.820103
1780456771,164.471762
1780456771,167.558589
1780456771,166.571099
1780456771,167.309366
1780456771,165.939631
1780456771,165.075393
1780456771,165.316631
1780456771,165.078422
1780456771,175.547065
1780456771,174.831241
1780456771,177.197814
1780456771,177.319411
1780456771,170.545744
1780456771,176.752563
1780456771,170.138931
1780456771,167.923482
1780456771,176.579196
1780456771,176.316243
1780456771,170.856792
1780456771,178.242517
1780456771,172.325033
1780456771,167.786717
1780456771,173.629918
1780456771,173.053396
1780456771,173.981545
1780456771,180.199390
1780456771,162.463176
1780456771,159.816079
1780456771,160.259275
1780456771,182.278897
1780456771,174.570177
1780456771,182.358259
1780456771,175.506759
1780456771,173.983382
1780456771,173.723921
1780456771,173.711068
1780456771,173.057326
1780456771,182.552082
1780456771,173.171447
1780456771,173.161537
1780456771,173.372212
1780456771,172.436007
1780456771,173.932940
1780456771,172.284177
1780456771,173.695326
1780456771,174.561090
1780456771,172.877558
1780456771,174.107970
1780456771,172.881559
1780456771,174.686985
1780456771,173.284212
1780456771,173.386025
1780456771,133.557629
1780456771,170.480885
1780456771,169.126149
1780456771,174.530500
1780456771,178.876738
1780456771,179.049429
1780456771,180.716009
1780456771,188.277653
1780456771,188.134716
1780456771,182.654439
1780456771,183.572899
1780456771,180.720876
1780456771,182.456793
1780456771,181.886104
1780456771,182.453215
1780456771,182.237257
1780456771,186.426691
1780456771,193.728541
1780456771,188.214626
1780456771,186.854489
1780456771,186.027140
1780456771,193.719123
1780456771,193.799631
1780456771,193.233576
1780456771,185.489448
1780456771,193.494067
1780456771,185.466561
1780456771,184.094464
1780456771,193.451058
1780456771,184.904116
1780456771,181.623536
1780456771,193.282935
1780456771,184.314251
1780456771,190.761913
1780456771,184.151693
1780456771,186.035876
1780456771,184.616905
1780456771,186.449945
1780456771,184.453125
1780456771,186.197539
1780456771,186.538120
1780456771,193.963737
1780456771,193.905937
1780456771,193.894982
1780456771,193.686490
1780456771,184.826546
1780456771,185.706490
1780456771,193.431763
1780456771,193.759029
1780456771,193.569695
1780456771,184.844468
1780456771,192.127912
1780456771,185.095895
1780456771,185.720635
1780456771,195.207976
1780456771,192.522822
1780456771,194.184572
1780456771,195.105431
1780456771,195.065743
1780456771,196.048999
1780456771,198.621929
1780456771,198.142123
1780456771,192.392217
1780456771,197.967367
1780456771,197.710941
1780456771,204.523811
1780456771,198.114333
1780456771,204.533360
1780456771,204.924481
1780456771,203.852223
1780456771,196.450489
1780456771,194.686140
1780456771,194.961980
1780456771,191.474476
1780456771,204.056487
1780456771,189.041493
1780456771,204.668092
1780456771,197.718118
1780456771,195.298184
1780456771,202.989799
1780456771,204.407217
1780456771,194.524945
1780456771,204.367073
1780456771,203.131520
1780456771,204.570289
1780456771,195.180459
1780456771,203.328968
1780456771,203.334660
1780456771,192.042766
1780456771,204.662724
1780456771,201.804452
1780456771,196.954069
1780456771,204.043504
1780456771,194.763934
1780456771,203.076940
1780456771,197.540222
1780456771,195.024916
1780456771,202.304472
1780456771,205.271780
1780456771,205.392193
1780456771,198.617706
1780456771,205.318918
1780456771,190.116005
1780456771,203.486901
1780456771,196.472056
1780456771,196.570510
1780456771,191.785218
1780456771,204.482968
1780456771,195.320092
1780456771,197.173400
1780456771,194.372756
1780456771,191.736846
1780456771,191.166452
1780456771,191.460595
1780456771,199.506371
1780456771,199.274481
1780456771,199.510413
1780456771,190.691862
1780456771,192.265892
1780456771,192.493205
1780456771,195.107647
1780456771,190.800743
1780456771,193.803195
1780456771,200.794535
1780456771,188.147639
1780456771,190.800943
1780456771,196.646881
1780456771,199.812899
1780456771,190.924087
1780456771,196.821816
1780456771,188.151155
1780456771,189.840426
1780456771,188.201388
1780456771,200.081938
1780456771,192.649164
1780456771,200.409416
1780456771,192.578064
1780456771,189.920026
1780456771,188.387468
1780456771,200.254535
1780456771,188.463745
1780456771,190.118437
1780456771,188.581227
1780456771,196.956075
1780456771,189.931077
1780456771,188.704956
1780456771,190.004487
1780456771,190.177959
1780456771,190.110628
1780456771,199.944334
1780456771,190.159232
1780456771,188.544414
1780456771,188.534326
1780456771,189.643870
1780456771,190.208617
1780456771,189.304915
1780456771,160.984067
1780456771,161.089462
1780456771,159.740344
1780456771,158.968834
1780456771,157.932996
1780456771,192.793607
1780456771,191.594419
1780456771,190.459271
1780456771,190.472333
1780456771,190.455142
1780456771,141.817324
1780456771,138.790150
1780456771,141.859603
1780456771,210.870459
1780456771,138.865104
1780456771,210.787188
1780456771,135.952286
1780456771,210.544385
1780456771,211.191877
1780456771,210.891671
1780456771,211.302986
1780456771,217.212965
1780456771,217.167135
1780456771,208.089030
1780456771,204.434703
1780456771,215.432772
1780456771,216.126451
1780456771,202.041876
1780456771,211.505113
1780456771,139.000842
1780456771,204.951183
1780456771,203.392339
1780456771,202.136435
1780456771,211.418306
1780456771,211.533255
1780456771,208.015074
1780456771,211.541146
1780456771,211.030101
1780456771,214.333536
1780456771,214.815525
1780456771,214.528005
1780456771,214.601634
1780456771,220.422859
1780456771,214.050017
1780456771,221.789840
1780456771,211.521062
1780456771,215.125163
1780456771,210.913129
1780456771,218.451542
1780456771,221.715450
1780456771,201.476546
1780456771,218.357808
1780456771,202.103625
1780456771,212.760379
1780456771,213.952135
1780456771,207.854588
1780456771,210.501263
1780456771,200.756592
1780456771,210.906133
1780456771,207.990645
1780456771,213.767896
1780456771,146.071639
1780456771,177.711287
1780456771,215.440458
1780456771,208.590214
1780456771,223.949378
1780456771,221.908763
1780456771,224.499038
1780456771,230.888262
1780456771,230.900489
1780456771,219.648979
1780456771,232.088543
1780456771,232.303401
1780456771,216.836826
1780456771,232.658331
1780456771,214.313817
1780456771,215.650307
1780456771,216.986604
1780456771,206.583678
1780456771,156.063556
1780456771,203.595270
1780456771,184.229453
1780456771,184.219318
1780456771,184.272478
1780456771,181.852658
1780456771,187.535960
1780456771,156.326739
1780456771,203.777351
1780456771,203.779888
1780456771,156.251305
1780456771,231.068956
1780456771,237.027452
1780456771,228.681084
1780456771,228.982305
1780456771,228.784557
1780456771,229.387635
1780456771,231.138434
1780456771,219.733560
1780456771,219.604197
1780456771,145.784014
1780456771,214.140960
1780456771,218.291523
1780456771,144.847031
1780456771,238.328825
1780456771,184.101617
1780456771,186.904779
1780456771,131.594632
1780456771,188.934962
1780456771,188.983160
1780456771,240.689782
1780456771,161.752568
1780456771,160.568302
1780456771,161.712041
1780456771,246.534331
1780456771,242.001807
1780456771,242.203563
1780456771,230.260004
1780456771,227.455699
1780456771,230.381711
1780456771,242.426519
1780456771,117.003177
1780456771,116.668228
1780456771,116.748856
1780456771,243.185319
1780456771,248.505163
1780456771,248.410299
1780456771,246.545676
1780456771,255.107691
1780456771,245.365249
1780456771,255.195710
1780456771,248.062653
1780456771,240.861551
1780456771,245.207868
1780456771,246.338358
1780456771,243.087721
1780456771,248.615713
1780456771,245.051870
1780456771,245.889402
1780456771,254.689574
1780456771,245.753841
1780456771,233.819764
1780456771,245.322019
1780456771,245.249998
1780456771,239.849704
1780456771,245.592068
1780456771,245.208680
1780456771,245.382377
1780456771,242.846044
1780456771,205.584180
1780456771,254.235980
1780456771,240.040534
1780456771,234.199099
1780456771,243.331439
1780456771,235.855658
1780456771,240.164583
1780456771,242.724595
1780456771,254.523559
1780456771,237.275505
1780456771,180.262042
1780456771,237.127763
1780456771,183.168900
1780456771,180.206714
1780456771,183.328567
1780456771,197.632613
1780456771,181.379719
1780456771,185.601528
1780456771,124.168146
1780456771,248.506045
1780456771,214.338129
1780456771,245.497047
1780456771,189.526802
1780456771,188.782047
1780456771,189.648544
1780456771,170.647746
1780456771,186.975778
1780456771,130.704114
1780456771,189.045175
1780456771,185.124853
1780456771,189.787388
1780456771,192.856994
1780456771,170.553639
1780456771,189.973547
1780456771,179.700292
1780456771,185.253120
1780456771,193.031747
1780456771,186.519243
1780456771,176.863550
1780456771,186.662057
1780456771,176.889953
1780456771,186.574648
1780456771,178.976644
1780456771,180.957396
1780456771,179.005509
1780456771,184.401961
1780456771,189.337082
1780456771,175.799039
1780456771,129.577900
1780456771,186.711209
1780456771,129.701019
1780456771,182.280378
1780456771,129.744720
1780456771,172.971805
1780456771,175.722630
1780456771,129.849833
1780456771,131.286598
1780456771,131.124394
1780456771,131.078617
1780456771,131.230155
1780456771,135.440850
1780456771,135.741107
1780456771,135.917871
1780456771,136.076262
1780456771,136.055693
1780456771,135.988171
1780456771,135.683280
1780456771,135.944495
1780456771,135.826250
1780456771,136.014130
1780456771,253.780571
1780456771,272.775146
1780456771,264.668275
1780456771,264.543340
1780456771,272.338254
1780456771,264.490156
1780456771,257.567889
1780456771,257.658317
1780456771,256.226569
1780456771,259.151582
1780456771,259.277021
1780456771,253.699220
1780456771,259.315107
1780456771,230.757006
1780456771,199.135585
1780456771,255.268212
1780456771,253.779099
1780456771,253.632186
1780456771,253.798465
1780456771,225.267492
1780456771,198.908450
1780456771,256.697850
1780456771,198.817718
1780456771,256.817222
1780456771,231.077802
1780456771,258.327569
1780456771,187.698863
1780456771,228.921973
1780456771,256.334754
1780456771,228.995323
1780456771,256.662923
1780456771,189.557393
1780456771,229.049353
1780456771,252.641429
1780456771,188.624302
1780456771,232.372231
1780456771,252.796265
1780456771,198.106263
1780456771,252.802360
1780456771,188.290379
1780456771,238.494451
1780456771,202.678277
1780456771,167.173747
1780456771,272.038942
1780456771,278.730037
1780456771,258.215079
1780456771,263.860611
1780456771,226.340912
1780456771,261.143677
1780456771,231.101102
1780456771,226.401376
1780456771,168.206145
1780456771,228.456060
1780456771,164.270160
1780456771,164.514373
1780456771,133.870515
1780456771,133.965750
1780456771,134.083953
1780456771,134.184271
1780456771,196.379512
1780456771,188.537354
1780456771,169.204225
1780456771,201.809714
1780456771,169.289013
1780456771,223.778733
1780456771,169.420483
1780456771,201.969513
1780456771,169.414522
1780456771,224.941603
1780456771,188.785366
1780456771,201.040821
1780456771,201.192364
1780456771,187.511005
1780456771,201.310385
1780456771,196.587611
1780456771,201.303529
1780456771,198.835155
1780456771,203.926951
1780456771,198.963667
1780456771,224.099797
1780456771,131.120151
1780456771,131.063761
1780456771,131.002975
1780456771,130.904195
1780456771,130.941081
1780456771,122.435933
1780456771,139.394161
1780456771,139.356202
1780456771,139.356588
1780456771,152.967981
1780456771,152.723875
1780456771,153.320116
1780456771,152.846868
1780456771,153.286551
1780456771,153.421838
1780456771,139.657855
1780456771,139.652141
1780456771,139.786508
1780456771,123.580827
1780456771,139.841637
1780456771,134.212834
1780456771,135.130695
1780456771,139.883846
1780456771,139.788701
1780456771,140.139432
1780456771,136.419791
1780456771,139.893431
1780456771,137.773434
1780456771,140.216924
1780456771,139.411559
1780456771,153.865572
1780456771,137.610975
1780456771,136.753871
1780456771,138.206222
1780456771,140.109811
1780456771,140.029862
1780456771,136.062795
1780456771,134.599419
1780456771,131.577760
1780456771,136.349741
1780456771,129.135429
1780456771,131.313528
1780456771,136.792973
1780456771,130.587003
1780456771,131.033503
1780456771,130.726114
1780456771,132.558798
1780456771,137.647235
1780456771,137.358234
1780456771,125.802067
1780456771,137.423913
1780456771,125.706467
1780456771,136.630120
1780456771,126.179807
1780456771,136.775854
1780456771,126.543673
1780456771,126.553065
1780456771,126.635674
1780456771,126.697367
1780456771,129.226577
1780456771,127.264933
1780456771,125.958127
1780456771,127.799379
1780456771,127.689212
1780456771,128.125789
1780456771,154.371426
1780456771,127.755750
1780456771,128.053605
1780456771,154.958340
1780456771,155.077586
1780456771,130.744515
1780456771,128.507186
1780456771,128.477113
1780456771,155.091828
1780456771,155.083409
1780456771,128.835785
1780456771,155.528979
1780456771,130.599952
1780456771,130.480077
1780456771,155.570514
1780456771,155.620090
1780456771,130.722606
1780456771,130.845683
1780456771,130.639442
1780456771,157.572732
1780456771,157.555425
1780456771,157.547191
1780456772,131.641682
1780456772,133.173745
1780456772,132.519651
1780456772,133.374926
1780456772,132.743869
1780456772,130.317722
1780456772,134.437394
1780456772,133.499491
1780456772,134.561883
1780456772,132.929910
1780456772,134.728636
1780456772,134.649035
1780456772,134.883422
1780456772,135.053759
1780456772,134.893752
1780456772,135.291776
1780456772,134.667109
1780456772,135.170896
1780456772,134.846905
1780456772,135.405133
1780456772,135.709728
1780456772,135.361850
1780456772,135.531123
1780456772,134.981628
1780456772,135.551323
1780456772,134.808315
1780456772,127.091616
1780456772,127.379183
1780456772,127.857071
1780456772,149.417594
1780456772,149.511549
1780456772,128.321627
1780456772,149.862337
1780456772,149.880392
1780456772,149.993982
1780456772,150.382329
1780456772,150.836148
1780456772,166.090164
1780456772,170.094376
1780456772,170.507970
1780456772,170.468434
1780456772,147.701450
1780456772,148.707397
1780456772,148.701430
1780456772,170.720368
1780456772,170.857891
1780456772,170.962972
1780456772,170.874751
1780456772,170.826830
1780456772,150.478851
1780456772,170.648620
1780456772,170.551956
1780456772,151.361638
1780456772,150.595359
1780456772,171.211512
1780456772,149.030133
1780456772,170.924706
1780456772,166.678064
1780456772,166.636161
1780456772,166.659124
1780456772,144.662986
1780456772,147.091194
1780456772,147.298167
1780456772,142.315886
1780456772,138.718677
1780456772,139.238471
1780456772,139.138998
1780456772,139.191934
1780456772,135.960400
1780456772,139.048779
1780456772,129.485811
1780456772,139.229950
1780456772,139.393953
1780456772,129.682327
1780456772,139.197609
1780456772,139.264505
1780456772,129.560298
1780456772,144.554135
1780456772,144.499149
1780456772,144.513526
1780456772,144.508325
1780456772,145.923586
1780456772,144.748082
1780456772,146.009025
1780456772,146.267874
1780456772,146.447844
1780456772,146.257503
1780456772,140.695820
1780456772,159.270713
1780456772,129.682497
1780456772,150.568173
1780456772,147.380647
1780456772,148.322712
1780456772,130.622196
1780456772,131.040860
1780456772,131.321031
1780456772,131.585357
1780456772,145.674869
1780456772,131.919596
1780456772,129.514789
1780456772,129.686915
1780456772,143.967442
1780456772,152.018136
1780456772,146.517717
1780456772,128.528401
1780456772,152.440589
1780456772,141.081504
1780456772,152.971327
1780456772,153.693536
1780456772,156.480258
1780456772,151.861971
1780456772,149.006580
1780456772,149.056775
1780456772,149.072901
1780456772,142.026803
1780456772,145.688190
1780456772,147.744102
1780456772,145.718702
1780456772,145.848791
1780456772,148.933724
1780456772,134.767698
1780456772,145.810573
1780456772,133.216236
1780456772,132.136572
1780456772,130.860491
1780456772,131.237327
1780456772,122.113198
1780456772,122.633487
1780456772,123.520056
1780456772,162.357585
1780456772,161.412333
1780456772,162.363622
1780456772,162.432358
1780456772,150.862969
1780456772,153.614137
1780456772,175.071578
1780456772,174.905051
1780456772,175.429657
1780456772,172.773655
1780456772,174.734430
1780456772,173.915866
1780456772,175.563520
1780456772,148.175618
1780456772,154.859110
1780456772,168.721076
1780456772,169.171317
1780456772,168.602328
1780456772,169.161515
1780456772,168.346573
1780456772,168.269290
1780456772,168.330119
1780456772,159.275092
1780456772,168.481040
1780456772,167.804934
1780456772,150.856300
1780456772,151.937138
1780456772,152.038069
1780456772,152.592507
1780456772,152.878249
1780456772,151.669595
1780456772,151.897359
1780456772,152.210130
1780456772,152.262444
1780456772,151.290421
1780456772,151.716292
1780456772,151.696723
1780456772,152.876711
1780456772,152.217066
1780456772,151.428950
1780456772,151.525349
1780456772,128.149956
1780456772,128.383697
1780456772,175.680842
1780456772,166.457858
1780456772,159.603716
1780456772,159.587755
1780456772,149.473372
1780456772,146.867600
1780456772,155.966106
1780456772,149.429562
1780456772,156.199792
1780456772,124.283198
1780456772,118.810003
1780456772,137.910693
1780456772,118.773647
1780456772,176.190339
1780456772,118.459122
1780456772,129.430661
1780456772,172.380314
1780456772,130.152223
1780456772,119.612964
1780456772,119.541244
1780456772,177.763808
1780456772,120.802255
1780456772,178.353608
1780456772,178.125955
1780456772,119.789466
1780456772,177.641151
1780456772,179.031397
1780456772,179.205203
1780456772,128.950275
1780456772,181.433204
1780456772,139.759152
1780456772,141.099397
1780456772,175.840666
1780456772,175.894626
1780456772,176.242510
1780456772,175.841892
1780456772,137.397259
1780456772,181.396192
1780456772,129.393982
1780456772,132.899297
1780456772,166.550379
1780456772,133.599268
1780456772,176.056282
1780456772,166.387975
1780456772,134.321725
1780456772,166.642646
1780456772,134.317530
1780456772,176.421750
1780456772,176.625509
1780456772,176.711770
1780456772,157.026109
1780456772,181.431531
1780456772,124.002642
1780456772,176.688608
1780456772,164.747881
1780456772,123.762958
1780456772,124.173693
1780456772,124.496850
1780456772,157.186260
1780456772,157.177864
1780456772,124.462892
1780456772,123.625588
1780456772,130.457157
1780456772,157.339027
1780456772,166.848870
1780456772,119.305457
1780456772,181.610986
1780456772,173.671493
1780456772,117.396213
1780456772,176.704849
1780456772,176.664702
1780456772,116.032167
1780456772,177.037426
1780456772,176.957953
1780456772,176.832575
1780456772,122.505836
1780456772,121.136877
1780456772,177.151940
1780456772,176.985191
1780456772,122.423997
1780456772,168.518280
1780456772,126.292267
1780456772,168.667777
1780456772,124.208248
1780456772,161.400549
1780456772,160.688272
1780456772,159.787068
1780456772,154.876868
1780456772,154.797548
1780456772,123.312791
1780456772,149.257838
1780456772,156.207993
1780456772,155.082280
1780456772,160.028748
1780456772,169.482623
1780456772,143.718091
1780456772,140.980897
1780456772,138.146769
1780456772,143.765358
1780456772,143.847035
1780456772,147.090118
1780456772,150.919022
1780456772,123.666756
1780456772,139.474984
1780456772,173.779483
1780456772,125.535607
1780456772,141.298421
1780456772,132.355904
1780456772,176.921140
1780456772,165.041701
1780456772,174.005461
1780456772,135.847617
1780456772,174.342069
1780456772,169.361538
1780456772,169.453448
1780456772,169.190498
1780456772,124.385766
1780456772,174.497413
1780456772,123.530679
1780456772,123.701711
1780456772,160.745241
1780456772,160.774205
1780456772,122.050348
1780456772,160.825297
1780456772,120.602487
1780456772,159.759565
1780456772,159.720492
1780456772,122.049939
1780456772,120.917939
1780456772,159.889703
1780456772,158.433820
1780456772,118.525841
1780456772,155.401987
1780456772,159.062698
1780456772,159.023290
1780456772,159.122595
1780456772,119.479483
1780456772,119.654663
1780456772,171.349276
1780456772,118.855710
1780456772,159.621796
1780456772,159.700369
1780456772,171.923141
1780456772,159.862379
1780456772,119.322715
1780456772,172.374353
1780456772,158.582181
1780456772,169.261138
1780456772,157.886801
1780456772,168.682776
1780456772,158.024909
1780456772,158.219320
1780456772,161.427692
1780456772,161.540996
1780456772,160.485691
1780456772,198.775669
1780456772,196.925283
1780456772,195.741500
1780456772,196.199404
1780456772,127.633393
1780456772,135.650332
1780456772,174.732870
1780456772,135.791098
1780456772,175.141888
1780456772,135.865437
1780456772,192.706454
1780456772,131.162477
1780456772,191.367225
1780456772,194.898687
1780456772,132.588423
1780456772,134.025054
1780456772,175.277689
1780456772,175.288486
1780456772,129.916308
1780456772,183.054285
1780456772,184.187554
1780456772,129.234481
1780456772,186.171501
1780456772,131.309503
1780456772,130.092422
1780456772,186.224469
1780456772,133.241980
1780456772,132.499863
1780456772,170.697077
1780456772,170.308272
1780456772,133.278262
1780456772,133.326833
1780456772,133.866457
1780456772,132.327487
1780456772,132.018816
1780456772,164.940069
1780456772,131.900501
1780456772,169.100968
1780456772,129.714811
1780456772,169.209423
1780456772,175.779092
1780456772,133.662922
1780456772,175.747888
1780456772,175.781629
1780456772,175.851801
1780456772,169.785162
1780456772,175.804740
1780456772,133.044147
1780456772,175.823018
1780456772,123.458715
1780456772,169.855047
1780456772,168.211210
1780456772,169.941647
1780456772,169.892566
1780456772,170.162538
1780456772,170.196039
1780456772,129.447710
1780456772,167.081316
1780456772,168.388524
1780456772,128.709770
1780456772,170.032734
1780456772,167.016207
1780456772,170.381157
1780456772,176.242656
1780456772,183.955697
1780456772,123.865705
1780456772,170.489710
1780456772,123.858813
1780456772,170.520147
1780456772,170.323310
1780456772,170.580224
1780456772,167.580820
1780456772,167.315088
1780456772,127.703757
1780456772,189.356361
1780456772,127.081011
1780456772,190.058905
1780456772,126.673063
1780456772,164.602327
1780456772,140.144824
1780456772,140.146233
1780456772,140.157787
1780456772,137.344272
1780456772,138.113620
1780456772,139.037531
1780456772,138.309900
1780456772,139.238616
1780456772,139.234329
1780456772,139.382203
1780456772,139.433974
1780456772,182.067260
1780456772,183.025250
1780456772,183.012761
1780456772,183.853727
1780456772,182.169356
1780456772,182.243703
1780456772,133.305204
1780456772,182.405793
1780456772,134.008120
1780456772,196.231315
1780456772,187.393820
1780456772,186.336154
1780456772,128.030203
1780456772,128.319816
1780456772,126.847181
1780456772,126.357314
1780456772,198.431127
1780456772,198.733061
1780456772,125.566424
1780456772,126.901544
1780456772,198.502482
1780456772,125.742590
1780456772,196.333649
1780456772,124.749446
1780456772,196.694577
1780456772,173.850074
1780456772,173.859338
1780456772,129.443052
1780456772,175.273434
1780456772,176.651631
1780456772,129.422283
1780456772,175.292527
1780456772,169.973925
1780456772,175.593402
1780456772,175.570289
1780456772,175.486241
1780456772,175.424423
1780456772,128.037259
1780456772,170.172877
1780456772,170.156656
1780456772,173.154816
1780456772,125.109995
1780456772,197.266923
1780456772,197.373254
1780456772,125.479736
1780456772,196.949847
1780456772,125.626213
1780456772,196.310146
1780456772,171.110261
1780456772,202.459552
1780456772,178.205652
1780456772,193.348736
1780456772,193.409006
1780456772,193.382869
1780456772,193.308897
1780456772,130.851907
1780456772,193.421837
1780456772,189.198686
1780456772,130.825644
1780456772,184.411335
1780456772,130.951670
1780456772,185.868504
1780456772,131.039744
1780456772,176.335725
1780456772,184.418906
1780456772,187.803941
1780456772,184.467182
1780456772,173.683349
1780456772,184.513786
1780456772,182.436840
1780456772,179.176814
1780456772,179.677506
1780456772,174.063770
1780456772,174.204039
1780456772,174.335746
1780456772,174.043135
1780456772,201.956564
1780456772,199.256669
1780456772,202.062067
1780456772,202.014100
1780456772,172.928737
1780456772,175.187203
1780456772,172.198977
1780456772,199.416643
1780456772,199.389841
1780456772,174.536202
1780456772,194.161247
1780456772,173.091190
1780456772,194.443897
1780456772,191.817987
1780456772,179.232291
1780456772,175.507203
1780456772,174.426682
1780456772,176.271127
1780456772,179.709044
1780456772,117.011454
1780456772,172.474261
1780456772,171.498243
1780456772,174.717532
1780456772,173.037911
1780456772,172.238513
1780456772,121.348473
1780456772,120.414267
1780456772,121.708674
1780456772,167.775134
1780456772,167.752142
1780456772,161.490288
1780456772,161.818606
1780456772,161.116894
1780456772,161.836653
1780456772,202.697324
1780456772,132.242272
1780456772,199.038350
1780456772,160.964155
1780456772,202.715783
1780456772,202.802137
1780456772,198.971594
1780456772,161.142992
1780456772,183.601313
1780456772,183.603155
1780456772,162.334602
1780456772,180.292266
1780456772,121.665915
1780456772,174.938924
1780456772,130.386990
1780456772,174.839301
1780456772,171.333977
1780456772,178.598732
1780456772,177.088475
1780456772,178.619840
1780456772,172.939163
1780456772,178.699830
1780456772,172.952048
1780456772,162.893845
1780456772,176.229711
1780456772,162.693374
1780456772,162.011473
1780456772,118.883272
1780456772,162.348444
1780456772,162.716086
1780456772,118.898097
1780456772,118.998681
1780456772,162.772387
1780456772,162.741926
1780456772,162.912095
1780456772,162.758504
1780456772,119.137655
1780456772,176.484209
1780456772,118.086687
1780456772,172.099018
1780456772,164.194897
1780456772,164.191774
1780456772,163.731167
1780456772,195.548335
1780456772,195.498230
1780456772,195.562393
1780456772,171.145648
1780456772,165.040405
1780456772,195.895689
1780456772,183.538943
1780456772,180.906011
1780456772,182.371183
1780456772,181.432368
1780456772,183.144259
1780456772,183.950324
1780456772,199.698802
1780456772,169.153807
1780456772,140.859117
1780456772,140.925612
1780456772,138.443420
1780456772,199.855943
1780456772,196.594762
1780456772,183.903023
1780456772,139.842540
1780456772,191.572218
1780456772,200.067283
1780456772,200.092253
1780456772,200.064269
1780456772,198.804068
1780456772,200.086749
1780456772,139.403090
1780456772,138.523531
1780456772,170.293813
1780456772,171.992000
1780456772,172.005164
1780456772,116.933124
1780456772,172.051616
1780456772,113.696197
1780456772,172.307724
1780456772,117.091750
1780456772,172.229990
1780456772,113.758243
1780456772,203.569972
1780456772,197.778458
1780456772,193.177623
1780456772,196.570069
1780456772,196.672606
1780456772,193.234019
1780456772,199.365296
1780456772,193.170148
1780456772,192.553976
1780456772,115.939188
1780456772,115.213359
1780456772,172.805558
1780456772,115.229887
1780456772,171.588221
1780456772,115.340205
1780456772,168.676601
1780456772,115.564064
1780456772,115.432236
1780456772,115.605715
1780456772,115.494262
1780456772,115.611104
1780456772,115.229774
1780456772,115.403312
1780456772,190.219953
1780456772,185.077793
1780456772,184.433252
1780456772,116.383680
1780456772,171.522677
1780456772,171.582852
1780456772,176.306969
1780456772,171.780638
1780456772,172.059873
1780456772,177.120812
1780456772,177.332030
1780456772,171.446878
1780456772,177.641347
1780456772,171.651440
1780456772,171.786358
1780456772,172.006022
1780456772,175.904744
1780456772,190.277503
1780456772,190.534508
1780456772,175.265105
1780456772,172.588040
1780456772,175.516839
1780456772,189.689916
1780456772,189.950920
1780456772,175.696101
1780456772,174.571728
1780456772,173.307984
1780456772,173.040032
1780456772,171.611480
1780456772,189.939058
1780456772,193.020965
1780456772,134.523309
1780456772,127.314075
1780456772,189.324818
1780456772,189.936692
1780456772,194.080958
1780456772,126.861781
1780456772,122.375352
1780456772,121.383198
1780456772,186.917298
1780456772,182.980921
1780456772,186.997682
1780456772,182.498555
1780456772,185.451543
1780456772,189.066955
1780456772,189.161140
1780456772,187.243307
1780456772,187.091693
1780456772,189.539866
1780456772,177.282902
1780456772,190.108682
1780456772,177.349785
1780456772,190.739668
1780456772,189.919890
1780456772,185.976195
1780456772,122.049760
1780456772,186.718860
1780456772,122.129066
1780456772,177.627555
1780456772,184.983380
1780456772,187.312052
1780456772,187.358710
1780456772,188.807109
1780456772,185.503706
1780456772,188.834909
1780456772,189.454657
1780456772,179.007307
1780456772,179.160716
1780456772,186.918036
1780456772,191.138350
1780456772,177.633197
1780456772,184.200478
1780456772,118.430705
1780456772,191.910268
1780456772,183.754512
1780456772,191.898924
1780456772,184.801128
1780456772,183.263236
1780456772,181.387327
1780456772,187.175330
1780456772,181.444138
1780456772,170.474113
1780456772,183.056799
1780456772,169.716703
1780456772,181.663622
1780456772,182.644253
1780456772,180.040100
1780456772,170.988248
1780456772,181.700141
1780456772,180.289979
1780456772,169.845959
1780456772,180.229098
1780456772,170.006274
1780456772,169.960717
1780456772,170.149928
1780456772,170.238510
1780456772,182.600412
1780456772,171.820411
1780456772,184.044965
1780456772,182.687974
1780456772,171.875999
1780456772,174.739145
1780456772,161.083125
1780456772,169.483777
1780456772,171.393801
1780456772,179.180116
1780456772,175.877952
1780456772,179.351674
1780456772,176.062896
1780456772,179.402001
1780456772,162.255223
1780456772,179.409924
1780456772,178.129523
1780456772,173.132210
1780456772,176.426610
1780456772,175.084117
1780456772,186.268146
1780456772,177.282567
1780456772,186.249450
1780456772,186.225592
1780456772,177.200105
1780456772,185.611986
1780456772,176.834181
1780456772,177.305682
1780456772,182.937874
1780456772,186.362720
1780456772,175.527242
1780456772,184.474075
1780456772,184.468307
1780456772,177.126062
1780456772,178.195479
1780456772,180.420344
1780456772,183.064574
1780456772,179.834673
1780456772,177.111292
1780456772,178.444948
1780456772,178.425277
1780456772,172.415951
1780456772,175.868798
1780456772,177.130099
1780456772,173.662831
1780456772,170.130211
1780456772,175.976851
1780456772,178.519385
1780456772,171.459847
1780456772,163.518505
1780456772,168.894009
1780456772,171.504221
1780456772,170.399349
1780456772,168.974905
1780456772,172.697044
1780456772,171.565842
1780456772,171.171849
1780456772,171.283217
1780456772,165.783500
1780456772,166.616509
1780456772,165.203271
1780456772,165.899467
1780456772,165.400873
1780456772,166.905633
1780456772,168.916480
1780456772,182.662490
1780456772,179.951580
1780456772,168.885746
1780456772,168.884054
1780456772,168.971406
1780456772,169.188320
1780456772,169.033213
1780456772,168.926045
1780456772,169.128039
1780456772,169.065102
1780456772,167.530402
1780456772,168.876010
1780456772,169.245752
1780456772,169.325868
1780456772,167.598396
1780456772,186.979843
1780456772,180.684305
1780456772,180.731851
1780456772,185.493512
1780456772,177.447659
1780456772,188.542396
1780456772,167.966125
1780456772,166.974703
1780456772,167.962104
1780456772,167.871447
1780456772,168.274729
1780456772,168.211661
1780456772,168.265252
1780456772,168.158059
1780456772,169.827945
1780456772,167.186316
1780456772,164.620523
1780456772,164.624797
1780456772,164.700254
1780456772,166.137426
1780456772,167.384821
1780456772,167.876591
1780456772,168.970634
1780456772,164.999674
1780456772,168.011329
1780456772,167.594235
1780456772,166.315658
1780456772,167.673091
1780456772,167.751071
1780456772,167.075059
1780456772,167.735003
1780456772,167.644502
1780456772,167.811495
1780456772,167.305310
1780456772,164.969138
1780456772,164.898403
1780456772,164.887829
1780456772,165.024740
1780456772,164.850759
1780456772,170.807212
1780456772,170.723505
1780456772,170.640941
1780456772,170.889795
1780456772,163.874971
1780456772,166.501733
1780456772,168.357175
1780456772,170.665496
1780456772,160.885625
1780456772,160.974801
1780456772,164.518845
1780456772,174.424927
1780456772,157.444120
1780456772,173.383896
1780456772,174.559438
1780456772,124.387443
1780456772,165.158484
1780456772,164.077397
1780456772,166.872263
1780456772,162.288553
1780456772,161.107786
1780456772,125.238448
1780456772,162.487932
1780456772,126.656301
1780456772,159.855172
1780456772,163.787201
1780456772,126.974707
1780456772,160.058538
1780456772,152.371703
1780456772,163.904451
1780456772,162.724827
1780456772,153.535878
1780456772,127.273180
1780456772,162.119878
1780456772,127.140242
1780456772,163.103587
1780456772,163.020929
1780456772,127.191626
1780456772,164.427396
1780456772,126.381169
1780456772,127.183294
1780456772,160.456031
1780456772,160.731847
1780456772,152.233813
1780456772,127.362783
1780456772,160.634456
1780456772,160.670330
1780456772,163.463734
1780456772,127.549640
1780456772,169.694826
1780456772,152.983676
1780456772,161.049886
1780456772,131.206263
1780456772,163.692414
1780456772,154.404494
1780456772,167.258776
1780456772,161.172171
1780456772,159.926958
1780456772,131.455553
1780456772,151.774236
1780456772,161.370394
1780456772,131.654797
1780456772,131.916716
1780456772,164.316572
1780456772,112.474996
1780456772,132.106473
1780456772,163.775355
1780456772,167.097930
1780456772,118.996523
1780456772,164.812068
1780456772,167.050597
1780456772,166.746078
1780456772,164.979009
1780456772,167.433104
1780456772,162.446835
1780456772,169.912957
1780456772,119.452425
1780456772,162.724868
1780456772,153.105836
1780456772,143.105221
1780456772,146.470949
1780456772,129.743810
1780456772,143.276220
1780456772,143.244328
1780456772,145.530733
1780456772,143.434102
1780456772,165.316287
1780456772,130.218665
1780456772,165.192404
1780456772,162.724039
1780456772,151.422004
1780456772,164.420517
1780456772,163.029877
1780456772,164.320819
1780456772,130.402914
1780456772,120.862235
1780456772,158.008284
1780456772,164.468481
1780456772,130.002862
1780456772,122.564655
1780456772,168.667122
1780456772,165.850478
1780456772,122.710361
1780456772,159.484210
1780456772,166.028150
1780456772,156.696234
1780456772,123.088877
1780456772,118.456691
1780456772,170.939026
1780456772,163.932096
1780456772,170.365428
1780456772,171.554880
1780456772,121.682933
1780456772,121.165564
1780456772,121.890094
1780456772,151.539531
1780456772,122.040257
1780456772,151.577827
1780456772,163.112159
1780456772,164.275889
1780456772,123.370929
1780456772,165.433587
1780456772,151.704522
1780456772,166.963745
1780456772,161.235183
1780456772,161.344667
1780456772,122.104419
1780456772,154.506819
1780456772,124.194215
1780456772,117.901984
1780456772,124.449646
1780456772,154.996737
1780456772,133.714457
1780456772,124.665938
1780456772,133.771484
1780456772,155.325341
1780456772,122.962969
1780456772,118.660149
1780456772,124.980813
1780456772,158.768865
1780456772,156.033523
1780456772,135.532822
1780456772,154.296422
1780456772,125.846889
1780456772,156.427307
1780456772,126.035847
1780456772,125.934715
1780456772,135.395178
1780456772,156.725336
1780456772,120.151116
1780456772,135.687114
1780456772,153.058817
1780456772,153.264790
1780456772,120.036755
1780456772,135.950324
1780456772,136.861650
1780456772,120.761514
1780456772,136.528031
1780456772,125.691190
1780456772,137.923435
1780456772,121.398817
1780456772,152.176826
1780456772,138.173491
1780456772,149.513470
1780456772,137.172639
1780456772,125.897959
1780456772,115.661289
1780456772,138.264803
1780456772,121.991322
1780456772,150.141893
1780456772,122.034740
1780456772,138.747191
1780456772,150.093919
1780456772,115.990500
1780456772,122.268952
1780456772,114.004369
1780456772,122.462797
1780456772,139.081878
1780456772,150.512830
1780456772,115.772239
1780456772,122.595940
1780456772,142.709371
1780456772,150.714688
1780456772,122.710728
1780456772,114.480605
1780456772,142.999484
1780456772,150.917976
1780456772,123.192917
1780456772,114.926323
1780456772,129.688665
1780456772,151.430460
1780456772,112.467858
1780456772,123.830185
1780456772,130.262534
1780456772,123.443700
1780456772,151.638712
1780456772,123.655959
1780456772,130.235871
1780456772,151.704030
1780456772,140.751715
1780456772,151.923202
1780456772,124.170792
1780456772,124.043340
1780456772,152.512416
1780456772,152.661716
1780456772,124.246410
1780456772,153.013553
1780456772,124.918399
1780456772,150.019791
1780456772,131.569594
1780456772,130.431952
1780456772,130.503617
1780456772,125.245409
1780456772,148.290126
1780456772,125.429546
1780456772,147.860243
1780456772,147.173106
1780456772,142.628523
1780456772,141.820531
1780456772,123.493973
1780456772,142.618705
1780456772,123.598960
1780456772,142.759403
1780456772,142.875343
1780456772,142.844765
1780456772,140.364167
1780456772,121.958215
1780456772,115.303381
1780456772,131.636653
1780456772,120.472087
1780456772,115.796946
1780456772,113.643638
1780456772,117.115281
1780456772,135.924843
1780456772,132.082697
1780456772,116.068783
1780456772,138.551649
1780456772,127.905322
1780456772,105.878496
1780456772,116.565447
1780456772,105.912785
1780456772,116.611831
1780456772,128.151733
1780456772,106.277574
1780456772,106.245729
1780456772,128.373295
1780456772,143.436833
1780456772,128.744341
1780456772,142.465656
1780456772,116.716614
1780456772,133.465351
1780456772,133.395745
1780456772,133.666486
1780456772,133.564617
1780456772,118.088397
1780456772,118.266058
1780456772,133.775311
1780456772,132.334287
1780456772,132.368497
1780456772,118.411922
1780456772,129.664112
1780456772,129.432924
1780456772,125.934084
1780456772,118.667072
1780456772,129.514701
1780456772,129.659004
1780456772,118.918594
1780456772,134.735439
1780456772,128.591390
1780456772,119.148849
1780456772,128.403385
1780456772,144.314236
1780456772,119.351222
1780456772,135.570608
1780456772,131.027537
1780456772,120.338314
1780456772,135.732039
1780456772,126.637860
1780456772,120.058847
1780456772,120.515481
1780456772,135.839432
1780456772,131.037202
1780456772,126.864430
1780456772,131.771163
1780456772,143.297011
1780456772,127.406975
1780456772,120.713403
1780456772,136.415419
1780456772,128.515144
1780456772,127.526384
1780456772,137.435390
1780456772,128.779050
1780456772,137.382609
1780456772,128.045911
1780456772,144.045040
1780456772,134.313619
1780456772,134.217939
1780456772,138.350221
1780456772,133.967435
1780456772,138.739021
1780456772,139.033014
1780456772,134.734567
1780456772,139.465936
1780456772,139.583306
1780456772,139.785970
1780456772,112.421052
1780456772,135.359684
1780456772,139.682018
1780456772,112.595345
1780456772,135.582288
1780456772,103.116265
1780456772,135.524252
1780456772,132.462395
1780456772,118.312394
1780456772,127.580933
1780456772,130.467766
1780456772,130.545731
1780456772,134.652431
1780456772,127.666636
1780456772,132.194671
1780456772,132.206529
1780456772,132.243437
1780456772,132.232994
1780456772,132.270516
1780456772,132.728725
1780456772,135.249865
1780456772,134.524203
1780456772,133.996094
1780456772,116.692368
1780456772,116.774371
1780456772,117.009718
1780456772,117.046216
1780456772,134.103567
1780456772,105.883288
1780456772,117.762118
1780456772,117.900390
1780456772,134.241788
1780456772,138.783571
1780456772,135.805585
1780456772,137.846153
1780456772,137.246745
1780456772,134.441413
1780456772,106.418407
1780456772,106.421771
1780456772,134.459023
1780456772,134.679177
1780456772,134.604662
1780456772,138.385215
1780456772,137.201087
1780456772,137.354300
1780456772,111.044831
1780456772,124.737436
1780456772,119.627545
1780456772,119.807886
1780456772,120.103538
1780456772,124.263675
1780456772,120.599864
1780456772,124.797735
1780456772,113.183586
1780456772,110.675858
1780456772,126.154332
1780456772,122.830874
1780456772,132.218299
1780456772,133.396098
1780456772,132.800196
1780456772,129.880442
1780456772,129.887765
1780456772,129.923588
1780456772,130.029404
1780456772,133.093584
1780456772,130.158334
1780456772,131.976521
1780456772,132.168503
1780456772,132.223663
1780456772,126.631575
1780456772,126.633141
1780456772,124.687754
1780456772,130.823766
1780456772,130.903659
1780456772,119.302838
1780456772,119.542455
1780456772,116.563574
1780456772,116.638568
1780456772,117.163306
1780456772,112.949472
1780456772,113.108728
1780456772,108.431453
1780456772,109.209267
1780456772,113.670798
1780456772,111.667409
1780456772,112.411744
1780456772,112.914487
1780456772,113.739730
1780456772,113.918277
1780456772,122.803024
1780456772,122.410590
1780456772,106.957610
1780456772,122.487116
1780456772,123.074294
1780456772,107.192394
1780456772,116.527188
1780456772,107.216717
1780456772,116.011230
1780456772,116.321199
1780456772,116.371140
1780456772,116.067619
1780456772,116.458232
1780456772,116.549048
1780456772,107.494522
1780456772,116.699733
1780456772,116.912039
1780456772,116.743535
1780456772,107.493687
1780456772,116.918151
1780456772,107.689962
1780456772,117.498262
1780456772,117.428371
1780456772,117.573432
1780456772,117.843259
1780456772,117.853326
1780456772,117.803383
1780456772,109.170343
1780456772,108.872543
1780456772,115.167236
1780456772,116.298904
1780456772,110.088417
1780456772,108.991372
1780456772,110.050811
1780456772,110.112887
1780456772,109.721232
1780456772,107.973546
1780456772,110.187349
1780456772,110.159012
1780456772,108.374174
1780456772,106.619908
1780456772,108.819226
1780456772,108.927954
1780456772,110.491597
1780456772,107.468633
1780456772,107.617876
1780456772,130.499625
1780456772,130.607023
1780456772,130.674229
1780456772,118.008641
1780456772,119.192171
1780456772,132.661013
1780456772,132.292769
1780456772,132.518503
1780456772,132.234744
1780456772,132.818239
1780456772,132.780513
1780456772,132.660936
1780456772,132.571412
1780456772,132.379466
1780456772,132.686180
1780456772,132.636305
1780456772,123.237749
1780456772,123.238881
1780456772,113.128284
1780456772,133.319308
1780456772,133.467383
1780456772,133.577005
1780456772,125.055109
1780456772,124.919330
1780456772,122.364352
1780456772,125.012483
1780456772,125.084814
1780456772,122.424691
1780456772,120.150629
1780456772,118.173367
1780456772,118.342768
1780456772,123.053620
1780456772,120.708596
1780456772,123.065571
1780456772,118.693972
1780456772,123.182378
1780456772,123.376796
1780456772,123.571870
1780456772,121.391870
1780456772,121.384975
1780456772,119.303988
1780456772,124.017973
1780456772,124.005660
1780456772,116.509467
1780456772,124.089385
1780456772,116.537243
1780456772,123.868832
1780456772,116.638565
1780456772,116.734339
1780456772,124.069115
1780456772,122.222630
1780456772,117.302178
1780456772,116.971965
1780456772,117.524837
1780456772,116.972597
1780456772,117.049709
1780456772,117.560998
1780456772,117.495470
1780456772,117.646530
1780456772,117.766636
1780456772,118.235442
1780456772,118.269241
1780456772,118.268309
1780456772,118.263385
1780456772,118.219926
1780456772,118.445411
1780456772,124.114014
1780456772,112.133077
1780456772,112.229849
1780456772,124.300198
1780456772,112.056822
1780456772,112.131218
1780456772,112.281660
1780456772,106.919766
1780456772,119.033148
1780456772,112.195805
1780456772,118.867508
1780456772,119.047819
1780456772,119.083248
1780456772,112.701882
1780456772,119.062950
1780456772,118.997218
1780456772,119.382075
1780456772,123.091112
1780456772,114.858421
1780456772,107.956342
1780456772,119.822077
1780456772,115.344262
1780456772,116.290683
1780456772,113.793336
1780456772,115.378695
1780456772,108.589156
1780456772,113.916384
1780456772,113.867970
1780456772,113.769951
1780456772,108.674806
1780456772,113.931170
1780456772,108.433623
1780456772,113.954539
1780456772,114.117871
1780456772,114.330109
1780456772,116.571042
1780456772,109.761919
1780456772,109.924386
1780456772,110.222047
1780456772,110.094578
1780456772,117.166292
1780456772,110.586704
1780456772,110.976899
1780456772,110.593934
1780456772,110.811181
1780456772,111.143121
1780456772,109.783069
1780456772,108.578078
1780456772,107.652466
1780456772,108.244898
1780456772,108.149991
1780456772,108.398978
1780456772,131.278379
1780456772,152.156619
1780456772,139.511119
1780456772,137.997522
1780456772,133.903162
1780456772,134.019709
1780456772,134.411970
1780456772,134.471761
1780456772,140.023910
1780456772,134.809579
1780456772,128.276558
1780456772,130.313363
1780456772,143.746703
1780456772,130.995719
1780456772,123.943430
1780456772,121.422887
1780456772,129.685053
1780456772,130.475319
1780456772,130.475234
1780456772,130.763199
1780456772,130.939370
1780456772,132.153989
1780456772,132.184335
1780456772,126.842291
1780456772,133.916661
1780456772,127.975409
1780456772,124.439185
1780456772,130.235926
1780456772,130.571299
1780456772,130.525758
1780456772,130.754962
1780456772,130.561985
1780456772,130.786657
1780456772,128.063411
1780456772,130.626103
1780456772,128.322161
1780456772,131.321487
1780456772,131.265639
1780456772,132.294745
1780456772,138.063554
1780456772,140.782928
1780456772,130.002111
1780456772,138.416329
1780456772,139.647776
1780456772,139.672704
1780456772,139.735345
1780456772,140.030770
1780456772,133.409706
1780456772,140.074754
1780456772,140.178810
1780456772,141.765611
1780456772,141.628652
1780456772,105.963029
1780456772,133.689635
1780456772,129.628001
1780456772,130.912124
1780456772,130.550936
1780456772,129.161829
1780456772,133.764762
1780456772,131.970603
1780456772,133.910565
1780456772,110.912790
1780456772,134.089932
1780456772,134.351448
1780456772,134.379510
1780456772,135.693482
1780456772,136.105377
1780456772,130.095922
1780456772,130.548723
1780456772,138.652358
1780456772,130.672113
1780456772,140.181744
1780456772,131.386027
1780456772,131.751759
1780456772,132.270809
1780456772,129.787724
1780456772,134.976428
1780456772,130.700183
1780456772,108.066596
1780456772,106.728153
1780456772,108.219377
1780456772,122.411519
1780456772,120.778975
1780456772,127.501249
1780456772,127.303459
1780456772,127.649574
1780456772,127.714068
1780456772,127.336051
1780456772,127.700460
1780456772,128.084449
1780456772,127.934920
1780456772,128.117810
1780456772,128.037839
1780456772,110.388894
1780456772,143.377714
1780456772,144.699998
1780456772,145.780360
1780456772,145.852260
1780456772,146.166484
1780456772,146.198935
1780456772,146.190877
1780456772,146.421573
1780456772,146.553006
1780456772,146.631317
1780456772,146.661823
1780456772,146.773938
1780456772,129.198256
1780456772,129.107911
1780456772,141.840576
1780456772,133.657102
1780456772,123.312629
1780456772,134.244388
1780456772,124.265799
1780456772,135.043457
1780456772,134.955747
1780456772,142.062060
1780456772,147.834322
1780456772,140.691323
1780456772,147.952748
1780456772,113.396089
1780456772,140.800334
1780456772,148.459566
1780456772,148.656062
1780456772,148.643540
1780456772,135.600136
1780456772,147.166969
1780456772,140.143220
1780456772,141.335268
1780456772,143.184235
1780456772,144.677351
1780456772,135.540964
1780456772,146.518977
1780456772,135.151198
1780456772,149.181408
1780456772,145.218687
1780456772,143.831326
1780456772,145.169336
1780456772,149.326620
1780456772,136.510490
1780456772,138.113221
1780456772,138.510452
1780456772,139.377728
1780456772,139.731044
1780456772,139.130604
1780456772,139.781418
1780456772,140.646836
1780456772,128.486728
1780456772,141.019041
1780456772,141.767469
1780456772,138.435398
1780456772,138.124279
1780456772,139.579070
1780456772,140.779646
1780456772,141.814339
1780456772,142.244247
1780456772,140.340006
1780456772,110.756429
1780456772,107.223663
1780456772,113.191928
1780456772,107.015193
1780456772,110.774661
1780456772,112.921658
1780456772,106.260058
1780456772,106.382099
1780456772,107.928284
1780456772,133.019086
1780456772,135.296454
1780456772,133.371338
1780456772,107.395071
1780456772,107.416024
1780456772,132.343419
1780456772,107.279217
1780456772,113.556819
1780456772,118.740191
1780456772,118.364298
1780456772,120.988578
1780456772,119.521256
1780456772,131.974027
1780456772,138.405988
1780456772,138.485074
1780456772,125.007728
1780456772,138.410086
1780456772,125.375460
1780456772,138.513878
1780456772,138.469545
1780456772,138.586295
1780456772,138.683364
1780456772,132.374505
1780456772,113.281277
1780456772,132.351771
1780456772,131.388633
1780456772,112.130672
1780456772,113.882973
1780456772,112.935649
1780456772,109.698663
1780456772,102.433804
1780456772,109.704263
1780456772,144.024911
1780456772,144.268169
1780456772,143.960447
1780456772,144.333398
1780456772,144.073364
1780456772,144.436104
1780456772,136.557249
1780456772,144.387673
1780456772,136.711837
1780456772,144.073954
1780456772,144.429274
1780456772,144.227213
1780456772,126.385059
1780456772,144.470504
1780456772,144.461603
1780456772,104.995581
1780456772,142.105325
1780456772,142.187247
1780456772,142.154653
1780456772,105.333802
1780456772,142.074939
1780456772,142.137564
1780456772,105.182296
1780456772,105.258202
1780456772,135.658856
1780456772,106.719917
1780456772,111.738712
1780456772,126.000733
1780456772,111.040476
1780456772,111.922485
1780456772,142.396365
1780456772,142.465188
1780456772,112.913942
1780456772,113.098063
1780456772,143.721106
1780456772,143.792615
1780456772,120.073288
1780456772,143.855690
1780456772,120.094196
1780456772,143.986587
1780456772,120.661137
1780456772,111.276549
1780456772,132.856345
1780456772,142.863088
1780456772,120.943891
1780456772,120.916762
1780456772,126.577276
1780456772,136.863422
1780456772,106.341810
1780456772,106.762977
1780456772,120.513805
1780456772,113.884037
1780456772,113.781965
1780456772,113.660257
1780456772,113.817231
1780456772,138.328370
1780456772,111.888749
1780456772,121.333780
1780456772,114.062016
1780456772,121.327823
1780456772,112.101379
1780456772,113.120453
1780456772,114.235620
1780456772,133.135051
1780456772,109.080060
1780456772,108.179729
1780456772,129.611546
1780456772,109.445072
1780456772,107.902177
1780456772,109.674743
1780456772,141.069367
1780456772,143.684404
1780456772,142.258822
1780456772,151.282782
1780456772,151.343308
1780456772,129.949092
1780456772,129.876956
1780456772,129.952894
1780456772,107.909873
1780456772,107.986368
1780456772,108.057534
1780456772,108.522611
1780456772,108.327465
1780456772,133.443946
1780456772,133.793227
1780456772,108.542910
1780456772,133.812478
1780456772,122.342955
1780456772,130.921216
1780456772,118.120905
1780456772,144.959950
1780456772,147.858937
1780456772,118.400935
1780456772,113.694810
1780456772,113.651143
1780456772,113.479356
1780456772,113.445379
1780456772,114.530904
1780456772,113.649761
1780456772,144.312843
1780456772,105.425858
1780456772,123.546329
1780456772,124.406274
1780456772,110.925021
1780456772,109.279412
1780456772,131.920756
1780456772,132.425856
1780456772,109.495564
1780456772,110.622248
1780456772,114.383804
1780456772,112.817230
1780456772,134.396705
1780456772,112.922390
1780456772,110.267130
1780456772,112.685259
1780456772,135.173853
1780456772,135.297487
1780456772,113.706465
1780456772,143.760906
1780456772,113.665867
1780456772,111.291291
1780456772,112.230060
1780456772,113.932374
1780456772,114.841775
1780456772,114.738665
1780456772,122.230128
1780456772,137.074468
1780456772,111.404223
1780456772,115.045747
1780456772,123.531338
1780456772,119.701013
1780456772,111.783550
1780456772,120.014737
1780456772,123.820856
1780456772,103.603349
1780456772,111.927195
1780456772,112.651604
1780456772,105.242856
1780456772,120.286301
1780456772,110.004748
1780456772,106.802117
1780456772,119.775201
1780456772,114.564676
1780456772,106.885205
1780456772,107.142895
1780456772,104.455187
1780456772,103.925025
1780456772,119.536894
1780456772,114.672813
1780456772,106.299192
1780456772,119.495647
1780456772,106.462578
1780456772,120.727767
1780456772,106.409516
1780456772,119.572155
1780456772,118.231234
1780456772,106.163884
1780456772,108.996932
1780456772,106.234694
1780456772,118.664719
1780456772,106.481870
1780456772,114.548395
1780456772,119.576710
1780456772,115.417917
1780456772,104.209856
1780456772,104.308480
1780456772,118.814668
1780456772,109.951722
1780456772,106.393846
1780456772,117.803621
1780456772,105.712736
1780456772,105.792241
1780456772,117.664691
1780456772,105.785247
1780456772,105.627136
1780456772,103.502977
1780456772,106.046342
1780456772,106.616592
1780456772,106.342707
1780456772,106.209825
1780456772,107.640367
1780456772,107.704653
1780456772,119.026919
1780456772,119.043684
1780456772,113.253113
1780456772,110.299216
1780456772,111.082532
1780456772,112.733891
1780456772,120.989665
1780456772,117.194460
1780456772,117.266541
1780456772,120.086278
1780456772,119.179030
1780456772,121.379347
1780456772,120.500676
1780456772,118.203470
1780456772,119.674241
1780456772,119.858204
1780456772,121.268807
1780456772,121.461207
1780456772,121.392272
1780456772,121.810239
1780456772,102.172837
1780456772,108.757743
1780456772,119.642937
1780456772,109.488754
1780456772,109.525959
1780456772,105.857342
1780456772,109.981963
1780456772,122.295754
1780456772,105.206157
1780456772,119.739066
1780456772,109.256575
1780456772,109.533498
1780456772,105.975298
1780456772,107.731926
1780456772,119.979499
1780456772,103.168229
1780456772,119.946985
1780456772,110.237738
1780456772,103.376775
1780456772,105.946333
1780456772,103.738662
1780456772,120.392013
1780456772,105.981366
1780456772,105.834605
1780456772,120.351685
1780456772,103.876379
1780456772,120.499120
1780456772,103.648807
1780456772,105.667451
1780456772,105.480524
1780456772,120.538165
1780456772,105.604805
1780456772,120.797373
1780456772,104.515900
1780456772,102.813312
1780456772,124.004770
1780456772,105.622240
1780456772,105.588255
1780456772,121.222832
1780456772,121.316948
1780456772,105.980922
1780456772,106.113609
1780456772,105.242850
1780456772,106.073375
1780456772,105.243074
1780456772,105.234655
1780456772,124.818107
1780456772,105.383388
1780456772,106.360268
1780456772,124.969440
1780456772,124.422498
1780456772,106.267294
1780456772,105.386204
1780456772,125.010793
1780456772,106.457925
1780456772,106.312504
1780456772,124.623161
1780456772,105.535133
1780456772,106.478996
1780456772,105.599822
1780456772,122.954292
1780456772,105.586034
1780456772,107.137286
1780456772,107.003691
1780456772,125.548741
1780456772,107.361511
1780456772,121.946442
1780456772,121.843348
1780456772,121.950500
1780456772,105.547401
1780456772,107.482533
1780456772,125.708429
1780456772,125.709147
1780456772,103.932669
1780456772,104.289309
1780456772,104.869617
1780456772,105.078297
1780456772,126.279839
1780456772,127.062230
1780456772,126.667824
1780456772,126.787357
1780456772,126.858440
1780456772,126.990292
1780456772,105.281036
1780456772,104.966237
1780456772,123.698204
1780456772,122.083837
1780456772,123.726058
1780456772,123.964856
1780456772,121.539446
1780456772,120.011776
1780456772,102.432129
1780456772,119.476573
1780456772,118.024192
1780456772,106.087569
1780456772,106.283599
1780456772,118.441335
1780456772,106.332899
1780456772,106.788924
1780456772,106.242450
1780456772,117.511408
1780456772,106.990140
1780456772,110.713888
1780456772,103.375101
1780456772,118.672975
1780456772,116.742432
1780456772,103.452680
1780456772,107.493225
1780456772,103.732206
1780456772,119.050916
1780456772,107.646756
1780456772,104.244063
1780456772,119.270261
1780456772,119.281670
1780456772,104.030959
1780456772,107.899673
1780456772,104.503876
1780456772,104.874052
1780456772,104.847443
1780456772,102.983084
1780456772,114.078688
1780456772,106.415368
1780456772,105.280752
1780456772,113.659627
1780456772,103.124117
1780456772,103.260626
1780456772,113.814962
1780456772,114.968008
1780456772,110.229614
1780456772,103.926420
1780456772,103.589003
1780456772,110.483919
1780456772,103.870918
1780456772,111.852896
1780456772,110.742060
1780456772,103.146427
1780456772,115.070310
1780456772,115.301977
1780456772,104.007081
1780456772,110.889387
1780456772,102.523617
1780456772,111.428381
1780456772,103.585978
1780456772,111.463437
1780456772,111.652052
1780456772,110.647501
1780456772,102.631677
1780456772,102.767369
1780456772,109.149170
1780456772,107.261689
1780456772,103.149121
1780456772,109.190070
1780456772,102.995178
1780456772,108.511319
1780456772,109.465854
1780456772,108.379721
1780456772,103.156686
1780456772,109.586082
1780456772,108.328729
1780456772,109.232809
1780456772,109.685065
1780456772,108.087398
1780456772,109.809083
1780456772,102.334378
1780456772,109.518385
1780456772,109.709276
1780456772,109.592745
1780456772,102.482365
1780456772,106.487863
1780456772,109.865759
1780456772,102.740070
1780456772,106.908819
1780456772,110.216530
1780456772,103.008775
1780456772,107.017184
1780456772,106.604601
1780456772,110.009599
1780456772,106.798921
1780456772,110.609776
1780456772,105.465209
1780456772,106.155241
1780456772,103.892394
1780456772,110.378771
1780456772,111.302532
1780456772,105.490345
1780456772,105.441270
1780456772,102.779654
1780456772,105.542331
1780456772,111.532160
1780456772,111.608041
1780456772,104.541102
1780456772,110.853385
1780456772,103.434663
1780456772,109.208600
1780456772,109.356307
1780456772,102.341322
1780456772,102.700727
1780456772,111.556305
1780456772,102.997807
1780456772,109.724302
1780456772,112.115272
1780456772,103.407113
1780456772,103.549171
1780456772,110.084487
1780456772,103.184182
1780456772,110.295164
1780456772,103.976331
1780456772,103.583697
1780456772,103.921879
1780456772,110.879403
1780456772,104.178388
1780456772,110.926305
1780456772,104.347281
1780456772,104.157958
1780456772,111.291638
1780456772,105.020572
1780456772,111.282614
1780456772,104.312955
1780456772,102.284239
1780456772,110.437902
1780456772,104.102859
1780456772,102.579668
1780456772,111.774880
1780456772,105.291026
1780456772,102.728298
1780456772,110.691750
1780456772,104.927330
1780456772,112.062710
1780456772,106.226398
1780456772,112.001122
1780456772,111.471585
1780456772,106.938185
1780456772,107.272504
1780456772,104.431023
1780456772,106.151992
1780456772,107.333286
1780456772,106.385401
1780456772,106.586370
1780456772,105.263164
1780456772,106.577572
1780456772,107.069233
1780456772,113.067555
1780456772,111.960270
1780456772,105.445204
1780456772,110.184107
1780456772,111.634458
1780456772,112.921151
1780456772,110.613220
1780456772,109.655742
1780456772,109.940048
1780456772,109.727218
1780456772,109.986201
1780456772,104.714410
1780456772,105.267113
1780456772,112.588679
1780456772,105.444807
1780456772,112.366187
1780456772,105.818387
1780456772,105.694055
1780456772,110.881771
1780456772,106.449467
1780456772,111.373277
1780456772,107.229656
1780456772,107.423397
1780456772,107.992814
1780456772,107.757245
1780456772,107.208279
1780456772,109.535720
1780456772,109.925211
1780456772,109.974642
1780456772,104.675096
1780456772,110.036744
1780456772,104.153057
1780456772,104.940986
1780456772,116.572878
1780456772,116.341023
1780456772,117.181749
1780456772,116.465067
1780456772,116.559159
1780456772,116.641339
1780456772,110.761850
1780456772,105.317889
1780456772,116.886867
1780456772,117.016548
1780456772,115.212959
1780456772,110.517574
1780456772,107.492936
1780456772,107.325731
1780456772,108.289417
1780456772,108.410380
1780456772,116.583473
1780456772,116.660333
1780456772,116.541001
1780456772,116.882284
1780456772,117.018961
1780456772,107.685576
1780456772,117.170048
1780456772,117.173987
1780456772,105.111899
1780456772,110.896387
1780456772,111.342436
1780456772,106.279543
1780456772,106.341103
1780456772,104.372678
1780456772,105.814283
1780456772,105.138965
1780456772,111.396416
1780456772,105.602715
1780456772,111.445800
1780456772,106.167377
1780456772,111.310133
1780456772,105.542846
1780456772,110.959646
1780456772,110.944036
1780456772,104.505961
1780456772,106.195032
1780456772,109.642938
1780456772,106.776607
1780456772,104.664396
1780456772,106.947901
1780456772,109.908205
1780456772,104.218098
1780456772,106.679759
1780456772,110.065273
1780456772,104.295106
1780456772,104.408382
1780456772,107.098308
1780456772,104.465156
1780456772,110.303184
1780456772,107.637488
1780456772,104.548919
1780456772,108.739238
1780456772,107.792965
1780456772,104.197482
1780456772,104.360558
1780456772,108.192438
1780456772,106.626446
1780456772,103.947230
1780456772,107.543332
1780456772,108.062284
1780456772,104.327510
1780456772,106.265157
1780456772,104.530973
1780456772,103.781914
1780456772,106.348977
1780456772,103.979477
1780456772,104.293663
1780456772,104.493406
1780456772,109.000987
1780456772,109.480946
1780456772,103.398101
1780456772,102.457704
1780456772,109.429486
1780456772,103.490591
1780456772,107.739835
1780456772,103.692718
1780456772,102.430733
1780456772,107.080526
1780456772,107.138785
1780456772,103.827599
1780456772,106.443471
1780456772,103.934249
1780456772,103.795164
1780456772,106.147451
1780456772,105.922561
1780456772,103.304088
1780456772,104.342548
1780456772,105.252352
1780456772,105.199808
1780456772,104.925056
1780456772,102.753191
1780456772,105.396833
1780456772,102.890107
1780456772,105.344237
1780456772,105.301454
1780456772,105.191507
1780456772,105.285222
1780456772,105.542166
1780456772,105.744274
1780456772,105.734788
1780456772,106.529742
1780456772,106.158427
1780456772,105.836437
1780456772,103.118176
1780456772,105.987023
1780456772,106.249858
1780456772,106.067096
1780456772,105.204686
1780456772,105.974423
1780456772,105.214503
1780456772,105.993666
1780456772,106.616857
1780456772,105.271672
1780456772,106.697197
1780456772,108.069147
1780456772,105.951463
1780456772,108.240620
1780456772,106.083015
1780456772,108.051230
1780456772,108.197047
1780456772,106.594942
1780456772,106.491218
1780456772,103.676278
1780456772,105.967518
1780456772,106.728865
1780456772,106.555358
1780456772,109.716116
1780456772,108.026718
1780456772,106.955078
1780456772,107.008574
1780456772,106.922629
1780456772,104.483827
1780456772,107.484850
1780456772,110.203117
1780456772,108.704426
1780456772,108.574140
1780456772,107.344324
1780456772,108.941131
1780456772,108.945341
1780456772,110.630241
1780456772,107.409673
1780456772,109.416696
1780456772,108.935177
1780456772,109.860331
1780456772,108.281754
1780456772,108.368864
1780456772,108.537600
1780456772,108.960557
1780456772,109.671519
1780456772,105.730372
1780456772,106.129960
1780456772,105.923620
1780456772,108.997410
1780456772,109.922861
1780456772,108.388689
1780456772,103.795908
1780456772,106.313154
1780456772,108.724842
1780456772,103.600401
1780456772,106.976429
1780456772,106.627572
1780456772,109.194844
1780456772,110.114519
1780456772,110.871095
1780456772,110.565935
1780456772,110.608092
1780456772,110.670860
1780456772,107.186835
1780456772,110.761687
1780456772,110.692730
1780456772,110.573918
1780456772,104.627974
1780456772,108.219602
1780456772,108.024471
1780456772,104.669331
1780456772,103.300235
1780456772,108.141838
1780456772,110.317986
1780456772,110.767045
1780456772,104.757051
1780456772,103.937661
1780456772,110.497631
1780456772,104.198126
1780456772,104.764466
1780456772,103.268639
1780456772,108.459217
1780456772,105.127383
1780456772,104.945475
1780456772,104.649411
1780456772,108.650087
1780456772,106.070872
1780456772,105.475675
1780456772,106.307107
1780456772,103.137856
1780456772,111.597664
1780456772,107.132339
1780456772,106.842948
1780456772,104.228580
1780456772,105.805104
1780456772,107.248145
1780456772,105.598433
1780456772,107.223521
1780456772,106.321618
1780456772,107.331018
1780456772,105.939029
1780456772,105.749165
1780456772,107.277967
1780456772,105.623147
1780456772,106.700415
1780456772,106.254016
1780456772,107.016693
1780456772,108.025737
1780456772,106.286079
1780456772,106.521247
1780456772,107.730672
1780456772,104.576554
1780456772,106.251010
1780456772,104.765048
1780456772,106.327446
1780456772,103.687628
1780456772,107.788669
1780456772,105.018550
1780456772,105.934445
1780456772,110.081867
1780456772,105.843829
1780456772,105.849319
1780456772,110.503523
1780456772,111.817853
1780456772,110.580625
1780456772,109.803391
1780456772,107.770314
1780456772,107.534048
1780456772,107.916921
1780456772,108.069199
1780456772,107.998096
1780456772,107.690140
1780456772,107.776174
1780456772,106.581583
1780456772,108.369027
1780456772,106.527748
1780456772,106.802403
1780456772,102.361074
1780456772,106.639456
1780456772,106.608651
1780456772,103.358301
1780456772,107.281623
1780456772,104.023039
1780456772,109.970591
1780456772,104.152057
1780456772,107.777349
1780456772,108.430322
1780456772,107.981017
1780456772,108.709808
1780456772,107.990008
1780456772,105.048832
1780456772,107.318869
1780456772,107.781944
1780456772,108.715550
1780456772,103.457481
1780456772,120.314839
1780456772,114.169736
1780456772,109.964229
1780456772,111.866411
1780456772,112.444878
1780456772,120.274948
1780456772,114.529475
1780456772,113.507978
1780456772,110.025285
1780456772,111.219628
1780456772,121.906038
1780456772,123.420604
1780456772,109.799037
1780456772,114.690886
1780456772,109.980314
1780456772,114.388834
1780456772,114.699258
1780456772,121.741621
1780456772,112.503635
1780456772,121.984110
1780456772,117.066891
1780456772,122.164557
1780456772,116.448166
1780456772,112.817660
1780456772,115.946218
1780456772,116.712159
1780456772,116.388391
1780456772,114.597978
1780456772,116.753531
1780456772,123.660838
1780456772,112.640664
1780456772,112.783302
1780456772,109.215566
1780456772,114.770806
1780456772,116.692665
1780456772,116.845904
1780456772,123.910539
1780456772,108.329909
1780456772,116.716489
1780456772,112.928538
1780456772,117.274462
1780456772,112.437586
1780456772,113.198942
1780456772,112.781208
1780456772,114.742406
1780456772,112.656775
1780456772,126.760455
1780456772,125.107677
1780456772,112.904892
1780456772,113.474989
1780456772,112.662131
1780456772,126.046769
1780456772,112.782388
1780456772,113.492382
1780456772,114.029619
1780456772,113.167903
1780456772,111.919619
1780456772,107.778584
1780456772,112.344689
1780456772,112.696006
1780456772,116.556751
1780456772,111.794309
1780456772,112.651633
1780456772,127.672273
1780456772,111.169248
1780456772,126.381492
1780456772,126.305856
1780456772,112.314605
1780456772,108.351022
1780456772,112.368745
1780456772,107.778566
1780456772,112.058673
1780456772,106.323099
1780456772,106.460924
1780456772,112.309168
1780456772,106.613327
1780456772,128.725197
1780456772,128.825261
1780456772,128.674522
1780456772,125.744869
1780456772,128.109705
1780456772,111.853691
1780456772,111.844332
1780456772,111.391787
1780456772,126.922032
1780456772,128.162751
1780456772,119.640450
1780456772,127.123844
1780456772,127.620087
1780456772,109.591996
1780456772,108.424767
1780456772,128.005966
1780456772,116.726252
1780456772,109.077518
1780456772,108.985260
1780456772,112.681892
1780456772,113.225393
1780456772,113.447172
1780456772,108.553356
1780456772,125.961962
1780456772,133.367598
1780456772,133.939875
1780456772,133.364683
1780456772,134.193139
1780456772,134.074460
1780456772,133.450145
1780456772,134.223800
1780456772,115.961857
1780456772,134.347354
1780456772,116.346148
1780456772,130.223920
1780456772,120.950882
1780456772,130.922029
1780456772,115.627074
1780456772,115.216274
1780456772,130.891418
1780456772,116.381792
1780456772,133.600388
1780456772,109.380766
1780456772,131.609609
1780456772,132.639459
1780456772,114.080119
1780456772,120.138646
1780456772,112.710155
1780456772,119.172658
1780456772,131.964549
1780456772,120.076001
1780456772,111.481261
1780456772,111.110726
1780456772,108.033716
1780456772,112.564247
1780456772,133.214504
1780456772,113.000869
1780456772,114.365241
1780456772,112.677980
1780456772,127.069802
1780456772,127.305088
1780456772,108.439931
1780456772,109.713949
1780456772,124.041539
1780456772,120.868121
1780456772,121.820135
1780456772,123.579988
1780456772,121.031897
1780456772,121.137144
1780456772,121.241121
1780456772,121.644946
1780456772,121.427543
1780456772,120.401372
1780456772,121.870134
1780456772,121.287195
1780456772,110.304104
1780456772,110.290985
1780456772,128.960900
1780456772,106.071814
1780456772,127.972211
1780456772,120.176204
1780456772,126.329258
1780456772,122.458353
1780456772,109.184947
1780456772,135.109281
1780456772,129.161607
1780456772,129.426538
1780456772,128.819374
1780456772,129.840951
1780456772,143.124762
1780456772,126.692426
1780456772,129.536316
1780456772,129.165201
1780456772,127.458410
1780456772,142.248993
1780456772,122.491873
1780456772,128.843731
1780456772,126.978826
1780456772,129.192366
1780456772,117.595088
1780456772,129.877362
1780456772,129.541088
1780456772,117.439770
1780456772,129.713217
1780456772,119.651187
1780456772,129.819077
1780456772,120.575857
1780456772,127.037993
1780456772,119.966845
1780456772,138.848163
1780456772,129.619539
1780456772,120.757192
1780456772,129.679828
1780456772,120.405863
1780456772,138.785254
1780456772,136.883372
1780456772,136.561010
1780456772,119.777971
1780456772,113.939293
1780456772,138.493663
1780456772,114.699517
1780456772,107.962536
1780456772,136.888254
1780456772,110.076503
1780456772,120.400935
1780456772,114.246298
1780456772,120.873398
1780456772,137.123060
1780456772,105.274122
1780456772,114.666780
1780456772,117.869636
1780456772,117.042873
1780456772,117.104440
1780456772,114.761752
1780456772,118.224384
1780456772,136.788742
1780456772,118.516105
1780456772,117.754421
1780456772,116.620749
1780456772,108.801423
1780456772,124.219366
1780456772,108.905530
1780456772,124.684948
1780456772,124.056368
1780456772,115.334088
1780456772,116.799390
1780456772,138.065355
1780456772,138.292316
1780456772,124.365360
1780456772,120.876421
1780456772,118.069328
1780456772,125.393618
1780456772,137.787588
1780456772,125.472247
1780456772,125.030191
1780456772,119.368820
1780456772,125.098337
1780456772,130.938349
1780456772,119.917624
1780456772,125.513616
1780456772,119.997675
1780456772,138.665654
1780456772,117.078043
1780456772,138.798205
1780456772,138.833393
1780456772,139.348148
1780456772,128.686223
1780456772,140.848221
1780456772,141.319777
1780456772,141.643319
1780456772,139.992500
1780456772,141.096905
1780456772,140.629701
1780456772,141.192175
1780456772,126.843611
1780456772,120.870348
1780456772,122.231550
1780456772,122.196430
1780456772,135.452975
1780456772,130.960131
1780456772,134.358033
1780456772,132.363110
1780456772,134.551352
1780456772,144.924384
1780456772,144.417831
1780456772,119.077280
1780456772,129.997455
1780456772,130.993692
1780456772,131.148908
1780456772,134.546934
1780456772,158.433687
1780456772,158.415799
1780456772,149.845932
1780456772,154.724360
1780456772,134.275907
1780456772,128.599503
1780456772,157.994234
1780456772,122.993196
1780456772,134.411271
1780456772,124.245966
1780456772,125.151415
1780456772,126.434118
1780456772,122.809529
1780456772,128.255065
1780456772,124.287281
1780456772,123.291941
1780456772,144.779701
1780456772,123.138587
1780456772,146.432908
1780456772,143.446657
1780456772,143.836685
1780456772,145.124023
1780456772,147.325108
1780456772,126.691261
1780456772,124.002068
1780456772,109.470703
1780456772,120.601408
1780456772,108.635940
1780456772,121.130665
1780456772,120.363041
1780456772,120.339316
1780456772,121.249095
1780456772,152.857169
1780456772,120.721128
1780456772,131.320510
1780456772,159.711297
1780456772,131.025357
1780456772,130.691936
1780456772,131.053342
1780456772,130.798300
1780456772,115.168203
1780456772,115.330656
1780456772,135.639858
1780456772,123.877433
1780456772,129.671025
1780456772,131.153646
1780456772,129.820318
1780456772,131.275176
1780456772,131.490901
1780456772,149.467280
1780456772,131.643028
1780456772,149.823190
1780456772,114.418965
1780456772,114.767581
1780456772,151.975450
1780456772,114.965900
1780456772,151.830774
1780456772,115.372987
1780456772,155.997307
1780456772,115.525292
1780456772,156.136920
1780456772,130.170256
1780456772,124.427903
1780456772,130.257763
1780456772,152.012414
1780456772,151.755583
1780456772,150.639679
1780456772,163.076511
1780456772,126.722737
1780456772,159.549149
1780456772,160.869726
1780456772,122.299170
1780456772,165.430425
1780456772,157.982475
1780456772,165.592529
1780456772,155.149765
1780456772,157.456066
1780456772,154.017528
1780456772,153.876576
1780456772,154.534983
1780456772,157.085131
1780456772,157.660069
1780456772,155.075621
1780456772,156.354590
1780456772,116.565729
1780456772,116.722532
1780456772,116.702607
1780456772,155.994168
1780456772,117.127947
1780456772,135.226711
1780456772,135.150907
1780456772,133.573708
1780456772,107.657766
1780456772,135.558378
1780456772,109.784785
1780456772,165.088927
1780456772,107.223237
1780456772,107.830600
1780456772,124.102954
1780456772,107.934368
1780456772,123.905023
1780456772,106.235781
1780456772,124.153420
1780456772,108.077833
1780456772,128.827852
1780456772,110.022191
1780456772,107.907036
1780456772,128.945319
1780456772,133.325119
1780456772,130.412736
1780456772,160.177795
1780456772,159.979126
1780456772,107.510895
1780456772,160.854032
1780456772,108.741731
1780456772,108.978203
1780456772,108.763295
1780456772,112.407656
1780456772,117.476384
1780456772,117.620047
1780456772,109.231466
1780456772,107.997176
1780456772,106.167214
1780456772,145.416730
1780456772,106.028147
1780456772,138.190607
1780456772,138.188842
1780456772,138.378781
1780456772,129.722655
1780456772,134.522084
1780456772,130.008791
1780456772,129.970245
1780456772,130.183925
1780456772,139.874054
1780456772,139.971153
1780456772,130.479890
1780456772,130.474620
1780456772,137.766493
1780456772,111.564896
1780456772,113.308213
1780456772,114.747396
1780456772,114.445960
1780456772,111.335802
1780456772,112.084732
1780456772,114.680600
1780456772,123.130726
1780456772,114.814043
1780456772,114.913127
1780456772,129.955906
1780456772,117.329082
1780456772,129.979899
1780456772,129.886699
1780456772,131.057254
1780456772,130.211032
1780456772,131.289683
1780456772,131.370321
1780456772,130.785917
1780456772,114.117019
1780456772,130.932304
1780456772,117.634759
1780456772,108.692980
1780456772,115.290491
1780456772,108.760607
1780456772,129.860658
1780456772,109.245052
1780456772,130.317863
1780456772,109.847261
1780456772,130.020839
1780456772,110.027480
1780456772,108.110829
1780456772,109.983920
1780456772,115.620478
1780456772,115.650987
1780456772,130.245218
1780456772,149.081112
1780456772,145.352917
1780456772,145.557749
1780456772,151.283874
1780456772,150.268589
1780456772,151.632860
1780456772,146.014816
1780456772,145.813232
1780456772,113.141796
1780456772,134.469356
1780456772,135.456982
1780456772,135.574486
1780456772,110.428741
1780456772,113.060301
1780456772,124.398743
1780456772,165.020121
1780456772,177.009624
1780456772,115.276278
1780456772,171.680142
1780456772,170.246297
1780456772,174.193944
1780456772,177.100084
1780456772,115.918273
1780456772,177.237379
1780456772,175.730519
1780456772,111.045491
1780456772,112.822051
1780456772,112.904684
1780456772,114.511158
1780456772,115.890870
1780456772,148.853264
1780456772,114.911869
1780456772,115.913913
1780456772,132.937374
1780456772,116.103030
1780456772,123.734845
1780456772,155.953978
1780456772,116.221641
1780456772,116.286275
1780456772,116.391107
1780456772,166.137635
1780456772,112.516358
1780456772,167.531866
1780456772,146.607338
1780456772,113.316042
1780456772,170.947324
1780456772,113.394041
1780456772,169.909972
1780456772,115.362644
1780456772,116.513748
1780456772,112.005055
1780456772,125.989686
1780456772,122.014680
1780456772,120.529530
1780456772,121.312485
1780456772,120.229299
1780456772,121.554228
1780456772,133.254993
1780456772,134.491906
1780456772,122.324148
1780456772,125.701958
1780456772,162.728308
1780456772,162.728646
1780456772,133.289133
1780456772,166.966439
1780456772,120.876814
1780456772,164.276241
1780456772,167.169732
1780456772,121.687313
1780456772,159.118486
1780456772,121.070268
1780456772,121.805921
1780456772,120.713571
1780456772,121.011799
1780456772,135.003534
1780456772,163.093015
1780456772,159.374515
1780456772,159.350739
1780456772,121.074414
1780456772,163.058736
1780456772,119.204962
1780456772,120.031556
1780456772,120.957565
1780456772,114.078949
1780456772,121.385038
1780456772,155.749391
1780456772,150.243546
1780456772,150.228050
1780456772,117.858521
1780456772,117.977186
1780456772,121.577617
1780456772,118.083385
1780456772,119.653570
1780456772,114.038797
1780456772,113.446698
1780456772,114.358562
1780456772,109.592396
1780456772,105.341898
1780456772,105.558836
1780456772,105.412998
1780456772,110.590333
1780456772,124.053265
1780456772,108.058398
1780456772,106.105034
1780456772,132.475632
1780456772,123.264551
1780456772,132.403552
1780456772,123.785866
1780456772,123.935814
1780456772,111.843104
1780456772,111.260815
1780456772,127.031883
1780456772,126.343913
1780456772,127.925069
1780456772,124.228798
1780456772,125.671421
1780456772,126.210619
1780456772,126.980212
1780456772,133.081846
1780456772,111.077969
1780456772,125.058949
1780456772,130.497664
1780456772,110.483380
1780456772,130.660552
1780456772,125.681987
1780456772,123.626614
1780456772,126.223486
1780456772,111.217755
1780456772,125.011389
1780456772,110.625993
1780456772,104.688003
1780456772,123.821770
1780456772,104.717300
1780456772,104.855695
1780456772,105.339113
1780456772,105.422679
1780456772,117.891210
1780456772,103.414325
1780456772,106.004176
1780456772,105.574393
1780456772,105.953410
1780456772,114.984504
1780456772,105.767318
1780456772,103.968792
1780456772,103.480365
1780456772,114.246697
1780456772,103.578225
1780456772,104.902124
1780456772,104.343311
1780456772,104.342419
1780456772,105.126216
1780456772,130.687401
1780456772,109.928581
1780456772,125.892836
1780456772,108.068021
1780456772,120.370174
1780456772,108.410063
1780456772,125.902483
1780456772,104.830646
1780456772,116.944922
1780456772,117.140825
1780456772,115.633323
1780456772,105.631422
1780456772,105.205494
1780456772,105.416242
1780456772,105.649111
1780456772,106.125799
1780456772,135.593420
1780456772,121.188968
1780456772,115.351718
1780456772,115.386739
1780456772,102.528981
1780456772,113.734317
1780456772,103.396897
1780456772,114.119689
1780456772,102.972334
1780456772,113.553505
1780456772,110.005175
1780456772,102.682805
1780456772,103.233519
1780456772,110.220597
1780456772,103.441696
1780456772,102.915422
1780456772,103.489344
1780456772,110.285693
1780456772,103.263157
1780456772,103.859275
1780456772,103.737080
1780456772,103.249157
1780456772,102.754961
1780456772,102.780284
1780456772,103.582510
1780456772,102.854718
1780456772,103.586998
1780456772,103.733099
1780456772,103.629313
1780456772,103.810883
1780456772,102.636029
1780456772,103.820050
1780456772,103.780768
1780456772,103.890243
1780456772,103.948762
1780456772,104.352878
1780456772,104.557082
1780456772,102.972457
1780456772,102.137820
1780456772,103.292209
1780456772,103.374988
1780456772,103.688098
1780456772,104.754518
1780456772,105.335977
1780456772,102.435366
1780456772,103.517559
1780456772,106.767118
1780456772,103.853413
1780456772,107.269733
1780456772,105.856662
1780456772,107.672722
1780456772,105.301538
1780456772,105.063765
1780456772,105.436055
1780456772,104.842987
1780456772,108.938757
1780456772,106.202837
1780456772,105.111043
1780456772,105.568888
1780456772,106.720084
1780456772,107.239977
1780456772,107.368083
1780456772,107.476644
1780456772,108.046282
1780456772,107.314764
1780456772,108.219712
1780456772,107.167408
1780456772,105.857073
1780456772,107.597107
1780456772,108.012391
1780456772,107.970945
1780456772,105.501817
1780456772,105.564943
1780456772,106.194596
1780456772,108.030410
1780456772,114.462915
1780456772,106.254637
1780456772,117.886562
1780456772,117.572596
1780456772,117.921228
1780456772,117.551360
1780456772,117.646513
1780456772,118.150689
1780456772,118.537523
1780456772,106.022062
1780456772,106.435853
1780456772,118.725992
1780456772,114.752736
1780456772,105.251839
1780456772,107.722995
1780456772,112.791525
1780456772,119.010318
1780456772,117.711617
1780456772,118.382383
1780456772,118.786982
1780456772,121.200254
1780456772,131.186677
1780456772,120.932278
1780456772,124.112472
1780456772,136.622657
1780456772,136.998372
1780456772,133.448649
1780456772,123.417661
1780456772,126.439119
1780456772,138.712979
1780456772,138.873061
1780456772,139.586758
1780456772,121.290040
1780456772,122.745622
1780456772,140.358236
1780456772,134.502316
1780456772,123.647817
1780456772,132.749297
1780456772,131.992867
1780456772,136.213029
1780456772,132.567197
1780456772,136.854450
1780456772,129.334709
1780456772,129.815043
1780456772,138.203695
1780456772,131.955563
1780456772,135.466406
1780456772,129.228546
1780456772,129.260431
1780456772,139.963116
1780456772,129.038301
1780456772,139.828550
1780456772,128.159303
1780456772,132.700727
1780456772,141.261514
1780456772,132.984972
1780456772,139.879844
1780456772,133.274742
1780456772,130.780704
1780456772,141.579945
1780456772,129.398325
1780456772,134.061190
1780456772,134.044194
1780456772,134.481434
1780456772,141.403269
1780456772,134.763044
1780456772,135.046623
1780456772,141.806768
1780456772,132.407984
1780456772,144.528441
1780456772,143.229623
1780456772,133.583592
1780456772,143.640354
1780456772,144.018547
1780456772,134.136626
1780456772,135.873081
1780456772,134.405846
1780456772,134.485279
1780456772,139.027898
1780456772,138.958528
1780456772,138.881972
1780456772,139.073685
1780456772,148.415052
1780456772,136.422200
1780456772,129.221982
1780456772,148.415595
1780456772,138.662134
1780456772,136.376066
1780456772,129.707842
1780456772,139.276992
1780456772,120.086739
1780456772,149.130611
1780456772,147.938461
1780456772,133.493525
1780456772,146.702443
1780456772,134.926182
1780456772,128.139990
1780456772,136.409828
1780456772,122.369197
1780456772,138.258638
1780456772,129.671909
1780456772,138.739123
1780456772,131.081668
1780456772,139.601128
1780456772,131.641473
1780456772,153.347012
1780456772,140.027187
1780456772,132.443711
1780456772,152.151372
1780456772,155.032006
1780456772,156.478044
1780456772,155.207048
1780456772,134.857373
1780456772,143.983690
1780456772,141.896936
1780456772,146.374985
1780456772,138.302214
1780456772,135.618455
1780456772,138.202917
1780456772,142.651452
1780456772,145.310596
1780456772,145.613490
1780456772,146.003162
1780456772,146.177150
1780456772,122.448442
1780456772,146.547504
1780456772,134.586853
1780456772,147.860785
1780456772,141.979581
1780456772,142.222444
1780456772,146.794113
1780456772,153.461705
1780456772,147.798039
1780456772,124.811409
1780456772,140.631847
1780456772,150.375509
1780456772,140.883977
1780456772,145.178493
1780456772,153.360453
1780456772,146.971152
1780456772,147.354612
1780456772,133.686493
1780456772,148.860750
1780456772,148.954432
1780456772,155.707635
1780456772,156.159165
1780456772,130.028857
1780456772,149.996425
1780456772,130.520408
1780456772,153.855057
1780456772,151.668849
1780456772,133.394339
1780456772,131.316333
1780456772,155.986620
1780456772,135.827095
1780456772,160.274873
1780456772,137.722220
1780456772,139.508089
1780456772,139.935362
1780456772,132.826338
1780456772,145.765301
1780456772,153.691295
1780456772,135.323664
1780456772,139.671751
1780456772,136.070837
1780456772,140.391774
1780456772,139.120940
1780456772,147.974275
1780456772,146.109795
1780456772,154.565301
1780456772,149.404210
1780456772,169.317134
1780456772,169.688454
1780456772,166.607663
1780456772,171.597814
1780456772,158.923131
1780456772,163.355542
1780456772,172.702447
1780456772,170.497273
1780456772,185.594427
1780456772,179.282827
1780456772,186.428776
1780456772,171.037922
1780456772,186.529054
1780456772,186.985012
1780456772,182.889419
1780456772,194.039791
1780456772,179.633115
1780456772,191.279971
1780456772,196.079548
1780456772,192.004363
1780456772,194.555222
1780456772,192.650910
1780456772,197.378107
1780456772,193.032707
1780456772,193.752499
1780456772,196.182256
1780456772,199.590642
1780456772,196.393709
1780456772,192.560138
1780456772,197.766089
1780456772,200.186897
1780456772,198.273921
1780456772,200.727300
1780456772,176.177839
1780456772,184.785521
1780456772,201.136800
1780456772,209.104835
1780456772,207.108229
1780456772,201.339993
1780456772,201.342695
1780456772,183.618096
1780456772,192.832160
1780456772,209.433773
1780456772,192.955311
1780456772,180.785904
1780456772,212.597734
1780456772,180.875164
1780456772,207.334478
1780456772,181.050437
1780456772,181.129780
1780456772,209.488980
1780456772,202.921392
1780456772,189.108794
1780456772,212.713060
1780456772,193.462268
1780456772,203.091523
1780456772,184.918145
1780456772,216.360126
1780456772,200.360602
1780456772,197.281094
1780456772,201.968920
1780456772,216.646521
1780456772,207.727266
1780456772,204.719652
1780456772,186.297932
1780456772,216.089209
1780456772,189.171305
1780456772,216.199214
1780456772,207.980905
1780456772,209.396399
1780456772,186.307474
1780456772,206.205952
1780456772,199.548617
1780456772,187.123204
1780456772,194.386604
1780456772,200.524780
1780456772,200.759002
1780456772,197.041342
1780456772,215.060010
1780456772,211.938056
1780456772,218.558792
1780456772,196.087396
1780456772,219.251439
1780456772,212.684620
1780456772,201.827782
1780456772,197.822373
1780456772,199.522121
1780456772,205.363985
1780456772,206.807381
1780456772,211.889764
1780456772,201.771962
1780456772,211.657735
1780456772,205.430402
1780456772,212.961286
1780456772,208.610696
1780456772,213.568287
1780456772,214.245923
1780456772,191.569817
1780456772,205.444340
1780456772,216.208570
1780456772,215.112276
1780456772,213.182158
1780456772,197.715026
1780456772,208.090379
1780456772,215.578364
1780456772,217.205395
1780456772,215.983332
1780456772,217.326252
1780456772,224.403542
1780456772,194.469591
1780456772,224.667864
1780456772,217.953473
1780456772,224.918018
1780456772,217.842093
1780456772,220.803913
1780456772,223.856042
1780456772,201.184489
1780456772,225.803860
1780456772,226.259139
1780456772,226.984006
1780456772,181.217833
1780456772,201.799549
1780456772,223.273825
1780456772,203.536254
1780456772,213.598123
1780456772,224.178744
1780456772,224.121943
1780456772,206.729476
1780456772,224.553519
1780456772,207.168896
1780456772,215.871719
1780456772,210.143937
1780456772,222.448062
1780456772,214.205546
1780456772,214.783822
1780456772,215.960106
1780456772,216.314401
1780456772,218.027480
1780456772,216.581079
1780456772,218.276884
1780456772,233.951050
1780456772,221.693477
1780456772,225.702126
1780456772,227.686912
1780456772,234.345916
1780456772,226.222857
1780456772,217.705289
1780456772,232.434933
1780456772,232.272566
1780456772,211.649069
1780456772,233.233418
1780456772,207.713264
1780456772,213.689858
1780456772,212.850810
1780456772,186.932049
1780456772,189.284061
1780456772,220.456020
1780456772,221.019385
1780456772,197.858032
1780456772,217.523522
1780456772,224.493930
1780456772,247.259229
1780456772,244.446905
1780456772,244.362327
1780456772,225.997050
1780456772,243.857688
1780456772,226.286616
1780456772,217.174238
1780456772,233.002691
1780456772,212.651903
1780456772,216.326168
1780456772,188.316126
1780456772,188.571705
1780456772,196.774607
1780456772,215.771320
1780456772,215.844366
1780456772,197.279350
1780456772,216.682380
1780456772,194.376976
1780456772,214.552327
1780456772,189.479461
1780456772,219.482595
1780456772,189.693047
1780456772,216.263708
1780456772,219.667409
1780456772,219.836154
1780456772,222.231234
1780456772,221.393250
1780456772,222.276951
1780456772,215.163267
1780456772,222.444167
1780456772,215.206406
1780456772,217.295339
1780456772,199.296531
1780456772,224.384954
1780456772,248.145860
1780456772,248.485292
1780456772,231.359364
1780456772,230.096237
1780456772,231.490575
1780456772,233.033302
1780456772,242.265323
1780456772,239.868242
1780456772,242.311290
1780456772,236.127321
1780456772,242.527862
1780456772,212.732953
1780456772,231.784231
1780456772,217.791713
1780456772,230.340738
1780456772,239.859928
1780456772,245.777394
1780456772,228.070386
1780456772,223.101933
1780456772,238.846606
1780456772,230.526393
1780456772,234.922890
1780456772,242.687607
1780456772,240.729392
1780456772,240.699777
1780456772,231.844879
1780456772,239.118097
1780456772,240.258874
1780456772,221.183247
1780456772,249.528331
1780456772,243.290872
1780456772,249.863415
1780456772,232.142565
1780456772,201.523056
1780456772,219.610529
1780456772,232.677899
1780456772,212.507152
1780456772,249.720418
1780456772,219.744806
1780456772,231.116004
1780456772,221.021130
1780456772,201.320700
1780456772,220.104883
1780456772,237.100786
1780456772,241.307618
1780456772,221.352595
1780456772,241.659354
1780456772,234.279335
1780456772,221.319149
1780456772,221.423862
1780456772,221.323496
1780456772,234.473052
1780456772,250.581676
1780456772,221.882124
1780456772,250.303777
1780456772,221.634276
1780456772,236.083552
1780456772,221.763022
1780456772,223.338495
1780456772,235.988168
1780456772,247.089017
1780456772,226.139836
1780456772,236.283004
1780456772,241.417784
1780456772,223.587258
1780456772,237.849292
1780456772,204.861969
1780456772,223.426422
1780456772,242.504797
1780456772,223.677730
1780456772,226.307434
1780456772,247.806227
1780456772,206.580255
1780456772,250.813244
1780456772,206.559550
1780456772,242.533981
1780456772,242.027882
1780456772,243.407611
1780456772,233.742334
1780456772,226.619393
1780456772,211.099521
1780456772,228.185660
1780456772,233.860694
1780456772,220.747863
1780456772,235.010810
1780456772,244.411194
1780456772,192.416410
1780456772,244.243243
1780456772,200.395245
1780456772,236.851848
1780456772,237.165845
1780456772,212.599000
1780456772,238.324241
1780456772,198.236721
1780456772,245.002124
1780456772,238.908258
1780456772,197.111455
1780456772,239.073558
1780456772,223.139521
1780456772,239.318320
1780456772,198.414309
1780456772,246.618619
1780456772,234.715129
1780456772,203.542001
1780456772,204.146271
1780456772,200.037676
1780456772,233.456877
1780456772,201.569423
1780456772,202.363618
1780456772,202.198514
1780456772,204.902215
1780456772,205.327447
1780456772,217.671328
1780456772,214.569167
1780456772,221.323399
1780456772,221.388826
1780456772,235.049653
1780456772,199.444174
1780456772,237.965984
1780456772,215.168540
1780456772,238.526609
1780456772,202.611259
1780456772,239.247984
1780456772,218.083187
1780456772,204.874861
1780456772,236.119549
1780456772,240.337654
1780456772,236.365980
1780456772,220.385789
1780456772,236.917359
1780456772,220.883430
1780456772,208.071384
1780456772,208.163640
1780456772,213.408620
1780456772,221.681256
1780456772,222.002762
1780456772,238.565658
1780456772,241.216452
1780456772,213.103042
1780456772,184.270846
1780456772,221.748015
1780456772,223.224364
1780456772,245.338832
1780456772,252.666258
1780456772,253.250067
1780456772,254.436868
1780456772,211.449594
1780456772,227.239659
1780456772,255.452195
1780456772,229.408842
1780456772,231.823336
1780456772,214.467250
1780456772,215.185717
1780456772,230.546900
1780456772,261.219129
1780456772,215.956078
1780456772,212.041563
1780456772,229.452202
1780456772,212.514465
1780456772,236.292527
1780456772,214.018789
1780456772,236.620641
1780456772,214.113253
1780456772,217.854688
1780456772,214.809124
1780456772,230.618605
1780456772,215.152512
1780456772,222.889782
1780456772,215.500180
1780456772,237.620183
1780456772,237.884230
1780456772,231.424325
1780456772,238.232793
1780456772,233.531729
1780456772,238.490030
1780456772,244.016031
1780456772,237.080959
1780456772,219.697778
1780456772,252.845744
1780456772,246.006648
1780456772,237.464959
1780456772,247.624223
1780456772,239.504731
1780456772,220.628554
1780456772,235.021095
1780456772,220.892514
1780456772,239.605609
1780456772,212.415680
1780456772,221.494831
1780456772,254.360679
1780456772,240.121333
1780456772,206.297827
1780456772,218.167167
1780456772,197.308567
1780456772,222.658688
1780456772,208.987921
1780456772,199.485457
1780456772,223.213991
1780456772,199.093875
1780456772,212.044773
1780456772,227.571146
1780456772,214.636739
1780456772,234.564670
1780456772,204.857426
1780456772,216.143330
1780456772,207.831448
1780456772,236.190410
1780456772,223.310315
1780456772,236.711488
1780456772,223.777388
1780456772,209.431769
1780456772,224.179363
1780456772,224.360295
1780456772,200.079241
1780456772,210.095240
1780456772,210.489456
1780456772,225.256885
1780456772,222.192251
1780456772,212.168264
1780456772,203.188323
1780456772,217.221964
1780456772,212.852822
1780456772,226.109134
1780456772,217.743792
1780456772,226.397003
1780456772,216.155738
1780456772,204.112338
1780456772,213.446818
1780456772,227.042458
1780456772,233.711980
1780456772,219.373131
1780456772,209.394191
1780456772,219.729526
1780456772,239.920031
1780456772,210.162200
1780456772,240.221551
1780456772,232.184631
1780456772,220.373386
1780456772,224.452508
1780456772,217.735048
1780456772,237.936936
1780456772,221.808549
1780456772,226.335627
1780456772,227.989002
1780456772,226.290413
1780456772,240.468487
1780456772,228.553164
1780456772,215.021310
1780456772,235.874930
1780456772,243.360598
1780456772,226.990622
1780456772,214.513442
1780456772,218.539226
1780456772,243.471212
1780456772,200.697876
1780456772,242.447164
1780456772,235.844958
1780456772,202.584528
1780456772,244.269600
1780456772,214.881488
1780456772,243.634403
1780456772,214.999155
1780456772,218.684555
1780456772,203.354582
1780456772,218.811116
1780456772,201.212182
1780456772,218.886056
1780456772,215.105159
1780456772,219.826112
1780456772,203.671220
1780456772,245.573386
1780456772,222.228393
1780456772,219.824332
1780456772,203.131372
1780456772,222.402598
1780456772,206.016353
1780456772,238.493987
1780456772,205.455284
1780456772,222.516627
1780456772,222.431410
1780456772,228.943618
1780456772,203.211694
1780456772,215.573519
1780456772,230.372519
1780456772,206.251127
1780456772,245.936210
1780456772,223.765442
1780456772,245.007139
1780456772,217.419002
1780456772,233.072300
1780456772,223.874040
1780456772,217.711266
1780456772,213.022652
1780456772,234.282826
1780456772,209.958286
1780456772,217.526991
1780456772,219.062113
1780456772,194.458969
1780456772,210.213824
1780456772,224.127753
1780456772,219.210614
1780456772,218.905622
1780456772,193.044529
1780456772,219.107387
1780456772,219.369321
1780456772,210.437483
1780456772,193.357140
1780456772,211.367982
1780456772,225.741852
1780456772,222.862773
1780456772,196.264659
1780456772,220.574304
1780456772,194.725383
1780456772,202.571041
1780456772,219.162544
1780456772,199.639108
1780456772,211.554940
1780456772,205.450095
1780456772,219.325579
1780456772,206.204770
1780456772,213.494945
1780456772,217.721816
1780456772,225.716542
1780456772,210.585887
1780456772,219.503088
1780456772,210.517731
1780456772,219.694721
1780456772,211.549197
1780456772,215.814084
1780456772,212.418631
1780456772,212.314054
1780456772,194.005690
1780456772,225.838938
1780456772,196.671397
1780456772,193.890557
1780456772,226.314156
1780456772,194.006724
1780456772,214.544018
1780456772,196.707664
1780456772,226.047990
1780456772,213.593428
1780456772,223.471851
1780456772,198.332190
1780456772,213.572347
1780456772,214.645156
1780456772,226.245489
1780456772,219.741593
1780456772,228.246362
1780456772,213.803160
1780456772,197.633227
1780456772,194.386644
1780456772,222.446618
1780456772,216.144483
1780456772,229.868410
1780456772,196.361242
1780456772,231.529001
1780456772,216.707765
1780456772,215.035543
1780456772,222.310599
1780456772,231.606986
1780456772,214.882476
1780456772,223.832077
1780456772,228.461971
1780456772,212.203914
1780456772,214.318718
1780456772,231.753735
1780456772,201.494865
1780456772,212.992551
1780456772,229.292538
1780456772,233.509229
1780456772,215.344137
1780456772,233.069650
1780456772,203.123284
1780456772,214.191619
1780456772,223.826792
1780456772,221.730177
1780456772,217.152987
1780456772,222.859879
1780456772,203.488501
1780456772,234.712775
1780456772,216.886032
1780456772,215.404522
1780456772,230.750009
1780456772,224.309051
1780456772,227.176213
1780456772,205.855090
1780456772,227.062785
1780456772,227.198356
1780456772,242.798552
1780456772,214.612606
1780456772,214.678519
1780456772,229.970329
1780456772,240.388087
1780456772,218.973749
1780456772,215.595301
1780456772,230.098022
1780456772,217.416737
1780456772,230.387835
1780456772,215.740127
1780456772,230.246271
1780456772,223.228629
1780456772,230.049191
1780456772,245.189682
1780456772,230.698138
1780456772,215.012622
1780456772,224.459800
1780456772,240.607604
1780456772,224.826011
1780456772,241.983633
1780456772,227.426133
1780456772,210.144998
1780456772,217.667822
1780456772,251.226299
1780456772,189.845577
1780456772,219.045518
1780456772,189.882125
1780456772,190.433945
1780456772,219.468125
1780456772,192.208083
1780456772,191.609543
1780456772,217.562848
1780456772,211.651995
1780456772,237.876370
1780456772,191.121717
1780456772,109.528696
1780456772,191.276490
1780456772,116.879071
1780456772,193.387805
1780456772,109.039815
1780456772,193.063996
1780456772,130.625979
1780456772,193.584865
1780456772,109.858576
1780456772,193.450010
1780456772,110.468639
1780456772,193.676661
1780456772,110.083869
1780456772,196.931111
1780456772,115.371957
1780456772,211.701202
1780456772,118.944752
1780456772,193.497778
1780456772,119.194504
1780456772,214.174907
1780456772,119.322075
1780456772,212.062487
1780456772,212.683588
1780456772,248.866143
1780456772,225.304287
1780456772,214.405831
1780456772,218.458070
1780456772,193.893884
1780456772,194.025567
1780456772,193.739052
1780456772,197.182547
1780456772,195.754117
1780456772,198.612427
1780456772,195.958166
1780456772,216.003025
1780456772,213.013987
1780456772,197.235775
1780456772,214.558718
1780456772,216.770069
1780456772,203.257933
1780456772,197.422720
1780456772,178.134385
1780456772,220.597949
1780456772,214.869288
1780456772,172.045091
1780456772,213.150244
1780456772,189.221264
1780456772,216.100942
1780456772,189.106978
1780456772,216.115845
1780456772,189.337690
1780456772,217.108831
1780456772,176.995494
1780456772,187.770509
1780456772,213.268088
1780456772,213.459459
1780456772,214.333483
1780456772,189.364448
1780456772,215.007814
1780456772,179.036991
1780456772,214.937831
1780456772,189.606056
1780456772,217.367463
1780456772,179.279843
1780456772,217.395708
1780456772,190.784235
1780456772,194.741352
1780456772,216.531165
1780456772,194.258408
1780456772,216.398747
1780456772,191.803993
1780456772,196.782858
1780456772,216.336057
1780456772,195.436328
1780456772,216.542834
1780456772,180.137262
1780456772,197.052352
1780456772,180.174063
1780456772,218.927234
1780456772,231.045116
1780456772,181.883750
1780456772,204.021783
1780456772,183.925542
1780456772,182.005122
1780456772,178.437238
1780456772,197.125188
1780456772,180.404139
1780456772,177.040593
1780456772,184.099719
1780456772,192.786451
1780456772,171.357414
1780456772,197.250454
1780456772,180.443696
1780456772,193.005981
1780456772,172.950173
1780456772,184.243723
1780456772,186.361560
1780456772,197.380136
1780456772,178.115139
1780456772,139.075421
1780456772,180.601914
1780456772,173.879121
1780456772,184.402435
1780456772,188.526475
1780456772,198.702696
1780456772,178.615942
1780456772,198.709908
1780456772,188.658757
1780456772,198.751571
1780456772,190.419846
1780456772,195.158060
1780456772,174.956852
1780456772,184.547537
1780456772,176.270675
1780456772,193.354139
1780456772,184.412186
1780456772,184.418542
1780456772,192.161454
1780456772,184.494810
1780456772,184.563532
1780456772,193.857260
1780456772,177.244919
1780456772,186.888502
1780456772,186.842216
1780456772,194.015687
1780456772,193.504119
1780456772,177.108939
1780456772,184.740510
1780456772,186.966457
1780456772,194.110235
1780456772,172.233722
1780456772,184.957013
1780456772,195.748724
1780456772,206.127349
1780456772,186.901603
1780456772,198.151605
1780456772,187.180759
1780456772,209.899298
1780456772,215.021083
1780456772,195.632802
1780456772,193.794947
1780456772,196.222057
1780456772,172.586427
1780456772,195.941348
1780456772,187.142835
1780456772,195.861497
1780456772,196.080713
1780456772,196.122115
1780456772,196.207693
1780456772,187.158728
1780456772,216.160387
1780456772,174.686863
1780456772,206.880840
1780456772,194.420891
1780456772,187.363730
1780456772,187.458408
1780456772,196.163911
1780456772,195.210245
1780456772,185.371452
1780456772,187.427649
1780456772,185.326852
1780456772,140.352259
1780456772,189.772934
1780456772,187.592620
1780456772,189.877418
1780456772,176.375708
1780456772,196.675730
1780456772,208.852485
1780456772,187.826324
1780456772,208.962417
1780456772,209.750783
1780456772,191.566526
1780456772,175.585039
1780456772,191.754934
1780456772,196.402015
1780456772,189.891166
1780456772,191.764424
1780456772,196.852761
1780456772,191.872563
1780456772,190.107725
1780456772,188.072378
1780456772,181.030173
1780456772,185.888306
1780456772,190.312599
1780456772,187.868015
1780456772,181.200744
1780456772,188.058003
1780456772,190.332867
1780456772,207.848638
1780456772,191.968536
1780456772,188.222933
1780456772,208.127606
1780456772,157.145472
1780456772,157.362478
1780456772,190.498319
1780456772,160.550434
1780456772,190.387496
1780456772,192.059252
1780456772,173.182025
1780456772,211.151557
1780456772,161.409424
1780456772,213.226287
1780456772,173.614468
1780456772,173.544536
1780456772,161.226704
1780456772,172.867023
1780456772,173.216955
1780456772,174.527799
1780456772,175.880567
1780456772,174.882796
1780456772,162.403178
1780456772,175.584339
1780456772,179.732055
1780456772,177.135228
1780456772,171.213914
1780456772,161.937009
1780456772,141.548078
1780456772,163.349780
1780456772,162.258459
1780456772,169.891435
1780456772,163.301469
1780456772,170.489110
1780456772,174.864862
1780456772,179.851542
1780456772,169.728911
1780456772,181.613091
1780456772,180.673146
1780456772,170.100769
1780456772,176.040213
1780456772,177.703981
1780456772,171.669409
1780456772,178.232810
1780456772,181.116914
1780456772,178.081358
1780456772,180.944675
1780456772,178.021931
1780456772,173.611588
1780456772,178.124771
1780456772,173.903261
1780456772,163.881391
1780456772,183.339180
1780456772,164.094339
1780456772,185.089336
1780456772,170.718093
1780456772,171.666380
1780456772,172.605381
1780456772,164.093733
1780456772,166.510487
1780456772,185.886355
1780456772,187.029957
1780456772,167.176112
1780456772,180.686256
1780456772,171.369688
1780456772,189.272856
1780456772,167.824693
1780456772,178.393162
1780456772,182.472511
1780456772,166.404436
1780456772,189.478840
1780456772,167.650813
1780456772,173.534819
1780456772,168.616768
1780456772,179.915249
1780456772,167.211089
1780456772,179.511359
1780456772,168.417981
1780456772,187.481623
1780456772,168.773947
1780456772,175.036184
1780456772,168.860459
1780456772,168.942056
1780456772,183.412061
1780456772,168.927817
1780456772,187.656635
1780456772,171.903885
1780456772,176.136842
1780456772,180.559599
1780456772,183.250445
1780456772,172.428770
1780456772,196.678908
1780456772,169.235517
1780456772,180.854597
1780456772,156.791876
1780456772,173.616821
1780456772,140.723185
1780456772,142.546863
1780456772,142.514720
1780456772,181.655045
1780456772,173.815369
1780456772,142.507878
1780456772,142.563282
1780456772,174.164364
1780456772,142.530174
1780456772,170.807322
1780456772,142.757253
1780456772,169.441683
1780456772,146.505807
1780456772,170.444753
1780456772,180.131174
1780456772,146.333422
1780456772,170.893423
1780456772,159.368994
1780456772,173.016835
1780456772,159.442030
1780456772,171.272475
1780456772,159.403894
1780456772,172.744528
1780456772,157.385239
1780456772,148.097420
1780456772,147.821383
1780456772,150.357345
1780456772,161.571727
1780456772,150.045493
1780456772,148.286389
1780456772,150.463347
1780456772,148.733998
1780456772,149.890637
1780456772,159.834565
1780456772,161.824703
1780456772,148.471500
1780456772,152.281497
1780456772,148.234916
1780456772,152.432200
1780456772,149.153360
1780456772,159.739737
1780456772,149.547087
1780456772,152.692277
1780456772,159.888595
1780456772,159.971925
1780456772,159.867285
1780456772,160.117233
1780456772,152.990838
1780456772,131.643688
1780456772,160.048077
1780456772,143.485857
1780456772,155.638589
1780456772,151.020998
1780456772,157.590555
1780456772,131.886049
1780456772,159.919106
1780456772,197.592807
1780456772,146.726446
1780456772,171.379054
1780456772,147.658160
1780456772,155.955449
1780456772,137.467171
1780456772,143.831215
1780456772,132.079949
1780456772,123.692209
1780456772,140.352491
1780456772,122.578889
1780456772,138.374800
1780456772,140.551458
1780456772,139.168998
1780456772,122.352107
1780456772,151.524465
1780456772,123.136867
1780456772,139.757647
1780456772,140.985069
1780456772,132.354946
1780456772,125.094278
1780456772,140.048396
1780456772,128.982050
1780456772,140.332672
1780456772,128.750911
1780456772,141.856335
1780456772,129.597695
1780456772,143.295203
1780456772,129.375910
1780456772,142.453424
1780456772,127.180610
1780456772,152.166085
1780456772,147.887427
1780456772,136.572777
1780456772,131.079342
1780456772,143.872649
1780456772,132.090453
1780456772,152.090178
1780456772,148.181317
1780456772,142.400161
1780456772,131.468777
1780456772,142.121735
1780456772,132.398627
1780456772,143.890748
1780456772,150.737226
1780456772,143.987882
1780456772,132.385560
1780456772,142.945728
1780456772,132.648597
1780456772,143.135951
1780456772,132.225887
1780456772,153.825072
1780456772,141.715800
1780456772,130.371971
1780456772,151.928497
1780456772,148.407264
1780456772,152.808365
1780456772,130.737995
1780456772,143.915710
1780456772,132.319744
1780456772,247.208723
1780456772,144.224975
1780456772,144.315377
1780456772,237.511549
1780456772,138.741108
1780456772,139.745303
1780456772,141.267320
1780456772,132.945761
1780456772,117.702656
1780456772,116.288298
1780456772,111.446734
1780456772,117.404416
1780456772,116.338330
1780456772,136.852319
1780456772,116.409306
1780456772,116.477619
1780456772,116.497493
1780456772,139.073286
1780456772,116.602926
1780456772,117.118928
1780456772,139.254655
1780456772,137.627125
1780456772,117.232940
1780456772,117.077828
1780456772,138.529324
1780456772,122.695816
1780456772,117.791004
1780456772,138.054635
1780456772,117.690540
1780456772,117.227369
1780456772,116.068954
1780456772,124.147495
1780456772,142.047554
1780456772,139.109521
1780456772,112.732307
1780456772,109.853389
1780456772,128.788835
1780456772,114.883484
1780456772,115.863961
1780456772,137.459599
1780456772,117.216049
1780456772,117.317189
1780456772,110.742539
1780456772,117.481009
1780456772,117.608546
1780456772,138.100685
1780456772,111.734631
1780456772,118.075442
1780456772,114.079834
1780456772,114.531652
1780456772,110.085453
1780456772,110.351626
1780456772,117.125622
1780456772,113.879644
1780456772,110.996247
1780456772,114.685253
1780456772,138.358584
1780456772,115.184788
1780456772,111.737920
1780456772,142.997676
1780456772,118.475015
1780456772,118.387733
1780456772,112.613844
1780456772,115.216095
1780456772,110.186701
1780456772,139.078044
1780456772,111.200856
1780456772,116.726831
1780456772,128.704749
1780456772,138.291841
1780456772,112.622248
1780456772,117.134085
1780456772,113.180217
1780456772,111.243034
1780456772,111.374152
1780456772,113.532508
1780456772,119.503711
1780456772,105.097763
1780456772,104.988600
1780456772,106.043110
1780456772,108.885942
1780456772,109.655575
1780456772,112.436606
1780456772,114.283674
1780456772,112.790957
1780456772,119.060844
1780456772,143.790271
1780456772,118.404135
1780456772,112.215990
1780456772,114.359891
1780456772,118.514359
1780456772,108.063494
1780456772,117.318828
1780456772,107.764237
1780456772,116.482268
1780456772,107.612262
1780456772,131.260948
1780456772,111.602393
1780456772,130.432538
1780456772,110.101553
1780456772,108.686597
1780456772,109.926664
1780456772,109.993255
1780456772,109.768317
1780456772,114.040549
1780456772,113.746946
1780456772,133.041014
1780456772,109.582024
1780456772,112.282811
1780456772,104.424832
1780456772,104.226322
1780456772,138.298401
1780456772,104.269911
1780456772,136.380617
1780456772,139.396383
1780456772,103.865677
1780456772,104.255134
1780456772,108.057154
1780456772,109.538351
1780456772,141.580772
1780456772,108.800089
1780456772,141.618906
1780456772,109.637634
1780456772,128.747608
1780456772,109.708433
1780456772,109.884580
1780456772,118.956361
1780456772,106.727965
1780456772,122.537739
1780456772,120.323772
1780456772,118.815385
1780456772,130.794192
1780456772,110.991339
1780456772,110.755633
1780456772,105.525773
1780456772,126.581459
1780456772,142.922109
1780456772,110.450776
1780456772,105.561225
1780456772,110.629695
1780456772,141.435100
1780456772,110.635247
1780456772,141.976269
1780456772,111.644484
1780456772,110.312944
1780456772,109.059147
1780456772,108.557210
1780456772,145.879732
1780456772,143.106384
1780456772,123.080074
1780456772,105.558929
1780456772,142.335414
1780456772,105.459807
1780456772,111.260058
1780456772,110.863369
1780456772,108.522853
1780456772,130.226847
1780456772,105.752228
1780456772,111.565657
1780456772,111.676163
1780456772,105.399351
1780456772,128.039923
1780456772,110.404563
1780456772,130.404196
1780456772,108.739581
1780456772,105.885632
1780456772,125.299565
1780456772,122.506146
1780456772,143.085982
1780456772,108.992696
1780456772,108.712507
1780456772,144.581634
1780456772,112.244618
1780456772,143.829499
1780456772,125.127860
1780456772,123.712803
1780456772,108.962365
1780456772,123.015013
1780456772,114.293507
1780456772,105.827413
1780456772,105.656315
1780456772,129.055102
1780456772,104.287287
1780456772,114.969314
1780456772,108.476434
1780456772,105.718431
1780456772,109.774135
1780456772,108.258565
1780456772,107.745608
1780456772,109.337000
1780456772,114.567255
1780456772,123.913229
1780456772,107.021517
1780456772,115.171613
1780456772,104.277250
1780456772,107.806919
1780456772,108.248832
1780456772,107.868631
1780456772,108.095150
1780456772,108.042784
1780456772,136.199956
1780456772,113.281756
1780456772,105.604819
1780456772,144.820691
1780456772,144.922884
1780456772,109.680331
1780456772,111.292775
1780456772,135.965417
1780456772,142.641096
1780456772,116.024556
1780456772,116.086127
1780456772,126.782057
1780456772,109.246258
1780456772,106.710332
1780456772,109.009555
1780456772,108.619892
1780456772,104.074366
1780456772,146.365410
1780456772,103.893969
1780456772,103.929409
1780456772,139.812571
1780456772,138.918361
1780456772,139.483482
1780456772,139.027151
1780456772,120.870807
1780456772,139.717282
1780456772,120.708267
1780456772,137.894553
1780456772,120.742408
1780456772,120.937442
1780456772,154.960026
1780456772,120.457182
1780456772,120.756998
1780456772,153.068711
1780456772,136.845496
1780456772,111.388880
1780456772,153.271073
1780456772,120.340283
1780456772,121.153014
1780456772,119.325349
1780456772,121.198632
1780456772,152.499455
1780456772,121.261740
1780456772,118.877204
1780456772,121.084066
1780456772,118.669603
1780456772,120.645695
1780456772,138.267395
1780456772,121.255199
1780456772,121.448370
1780456772,119.165771
1780456772,133.020724
1780456772,153.817570
1780456772,153.762840
1780456772,129.104699
1780456772,138.032664
1780456772,117.228177
1780456772,123.201696
1780456772,122.379534
1780456772,133.674801
1780456772,133.623694
1780456772,106.829447
1780456772,113.350158
1780456772,112.845340
1780456772,115.334420
1780456772,113.689107
1780456772,114.316099
1780456772,110.775734
1780456772,114.666105
1780456772,112.948937
1780456772,152.631160
1780456772,112.914429
1780456772,112.762604
1780456772,110.374126
1780456772,111.356534
1780456772,113.967512
1780456772,112.854886
1780456772,113.887144
1780456772,109.545908
1780456772,112.685079
1780456772,111.185814
1780456772,110.404062
1780456772,110.722287
1780456772,144.354913
1780456772,109.705891
1780456772,146.313473
1780456772,145.721324
1780456772,111.317178
1780456772,145.477655
1780456772,146.131874
1780456772,141.019108
1780456772,146.600720
1780456772,147.782010
1780456772,146.089486
1780456772,141.333486
1780456772,147.335145
1780456772,105.340910
1780456772,106.756205
1780456772,147.349527
1780456772,106.589836
1780456772,106.802032
1780456772,147.319252
1780456772,144.390419
1780456772,142.850916
1780456772,106.110494
1780456772,107.473197
1780456772,107.095471
1780456772,130.410382
1780456772,107.209692
1780456772,144.250419
1780456772,107.343228
1780456772,106.430357
1780456772,107.965257
1780456772,107.944993
1780456772,144.970338
1780456772,107.180293
1780456772,106.253643
1780456772,107.439248
1780456772,107.853729
1780456772,143.671613
1780456772,132.115338
1780456772,108.049719
1780456772,108.021352
1780456772,133.400734
1780456772,143.007257
1780456772,145.462896
1780456772,108.557016
1780456772,103.654229
1780456772,123.945655
1780456772,103.616039
1780456772,106.483307
1780456772,129.388593
1780456772,108.380582
1780456772,106.764913
1780456772,107.375691
1780456772,106.606748
1780456772,104.357788
1780456772,103.488913
1780456772,104.866695
1780456772,102.857501
1780456772,103.950351
1780456772,102.920197
1780456772,108.408164
1780456772,105.767661
1780456772,105.596333
1780456772,104.344409
1780456772,104.528769
1780456772,104.083016
1780456772,103.364353
1780456772,102.748119
1780456772,102.540496
1780456772,102.972788
1780456772,102.942298
1780456772,102.868670
1780456772,101.998192
1780456772,102.899451
1780456772,102.758602
1780456772,102.984539
1780456772,102.648927
1780456772,102.472935
1780456772,102.751329
1780456772,102.878301
1780456772,102.468908
1780456772,102.764279
1780456772,102.426705
1780456772,102.423827
1780456772,102.683405
1780456772,103.142644
1780456772,102.830895
1780456772,102.844783
1780456772,102.765644
1780456772,102.687149
1780456772,103.053019
1780456772,102.678677
1780456772,102.898244
1780456772,102.571403
1780456772,102.860384
1780456772,102.563384
1780456772,101.502557
1780456772,102.654343
1780456772,102.410476
1780456772,102.636494
1780456772,102.564668
1780456772,102.655384
1780456772,103.059982
1780456772,102.748532
1780456772,102.719959
1780456772,102.774172
1780456772,102.501121
1780456772,102.488768
1780456772,102.562786
1780456772,102.812514
1780456772,102.486832
1780456772,103.142088
1780456772,102.813848
1780456772,102.901366
1780456772,102.953345
1780456772,102.378371
1780456772,102.818070
1780456772,102.394301
1780456772,102.220304
1780456772,104.772208
1780456772,103.784593
1780456772,133.250506
1780456772,103.255829
1780456772,105.521388
1780456772,135.091803
1780456772,105.492493
1780456772,139.573255
1780456772,135.576379
1780456772,122.753081
1780456772,122.553992
1780456772,135.753812
1780456772,129.890383
1780456772,123.784242
1780456772,130.916414
1780456772,106.514235
1780456772,123.896870
1780456772,106.529268
1780456772,124.909755
1780456772,107.773716
1780456772,104.080461
1780456772,108.206885
1780456772,106.456666
1780456772,104.925358
1780456772,108.126156
1780456772,103.870107
1780456772,105.001271
1780456772,104.873917
1780456772,105.569751
1780456772,102.564030
1780456772,129.452423
1780456772,106.402514
1780456772,108.013259
1780456772,108.249458
1780456772,110.898775
1780456772,104.617427
1780456772,108.584731
1780456772,105.242446
1780456772,106.301404
1780456772,107.991139
1780456772,104.481892
1780456772,107.115567
1780456772,109.142753
1780456772,105.525525
1780456772,107.014527
1780456772,107.978285
1780456772,104.387308
1780456772,106.155564
1780456772,109.451926
1780456772,107.866481
1780456772,105.478996
1780456772,105.812629
1780456772,104.571506
1780456772,109.564733
1780456772,104.788784
1780456772,106.759630
1780456772,103.015915
1780456772,103.664713
1780456772,103.203173
1780456772,105.050632
1780456772,110.514414
1780456772,105.364783
1780456772,110.089299
1780456772,110.884266
1780456772,102.554642
1780456772,102.973539
1780456772,110.508834
1780456772,103.362084
1780456772,104.857709
1780456772,109.572069
1780456772,102.447987
1780456772,102.680787
1780456772,104.779976
1780456772,104.853821
1780456772,102.631246
1780456772,104.995586
1780456772,104.719254
1780456772,103.023723
1780456772,102.718511
1780456772,103.058348
1780456772,102.697225
1780456772,122.471631
1780456772,115.291575
1780456772,121.884885
1780456772,113.200288
1780456772,116.000691
1780456772,109.873897
1780456772,111.027288
1780456772,104.160527
1780456772,114.389999
1780456772,114.397995
1780456772,114.537219
1780456772,114.550915
1780456772,114.498251
1780456772,113.057962
1780456772,111.446168
1780456772,106.485101
1780456772,111.308847
1780456772,107.207653
1780456772,114.578522
1780456772,108.704997
1780456772,114.450612
1780456772,113.079987
1780456772,112.757052
1780456772,111.458200
1780456772,107.621069
1780456772,131.511680
1780456772,129.856468
1780456772,117.282132
1780456772,115.532284
1780456772,116.228783
1780456772,117.938272
1780456772,116.282718
1780456772,116.402527
1780456772,110.291457
1780456772,111.755070
1780456772,118.226861
1780456772,112.756112
1780456772,110.938105
1780456772,114.627991
1780456772,110.507335
1780456772,110.514472
1780456772,118.358094
1780456772,105.388800
1780456772,118.353550
1780456772,138.024111
1780456772,136.983808
1780456772,135.915686
1780456772,135.451513
1780456772,134.831973
1780456772,133.546558
1780456772,135.246772
1780456772,134.130362
1780456772,133.617428
1780456772,134.797460
1780456772,124.906393
1780456772,123.275749
1780456772,125.023876
1780456772,125.001851
1780456772,133.220968
1780456772,124.562708
1780456772,133.670153
1780456772,125.223906
1780456772,133.565585
1780456772,124.988455
1780456772,133.955287
1780456772,123.455682
1780456772,109.759803
1780456772,106.431140
1780456772,117.128822
1780456772,117.160456
1780456772,110.159205
1780456772,110.356908
1780456772,117.034997
1780456772,110.389136
1780456772,121.979403
1780456772,117.626381
1780456772,123.577914
1780456772,109.774489
1780456772,122.140041
1780456772,116.783766
1780456772,123.858031
1780456772,122.222288
1780456772,120.943725
1780456772,106.716067
1780456772,106.385617
1780456772,119.679491
1780456772,106.892603
1780456772,106.761218
1780456772,140.727245
1780456772,138.335712
1780456772,140.087173
1780456772,139.387820
1780456772,135.379655
1780456772,140.616048
1780456772,135.416656
1780456772,126.856062
1780456772,135.428952
1780456772,137.520994
1780456772,126.815434
1780456772,139.839975
1780456772,126.820767
1780456772,125.288559
1780456772,125.407517
1780456772,127.023029
1780456772,126.596092
1780456772,126.561503
1780456772,127.096359
1780456772,125.530195
1780456772,126.740054
1780456772,127.119776
1780456772,127.029725
1780456772,105.622837
1780456772,126.869309
1780456772,105.678553
1780456772,126.872572
1780456772,126.935563
1780456772,105.747821
1780456772,127.007363
1780456772,107.040743
1780456772,114.569272
1780456772,108.593342
1780456772,106.808604
1780456772,111.151558
1780456772,107.157037
1780456772,107.572100
1780456772,115.554929
1780456772,111.631923
1780456772,113.621959
1780456772,113.621297
1780456772,123.219237
1780456772,121.238845
1780456772,113.906013
1780456772,119.734680
1780456772,113.052471
1780456772,110.531570
1780456772,110.549001
1780456772,125.284828
1780456772,124.378757
1780456772,122.762089
1780456772,106.755914
1780456772,123.497316
1780456772,120.843974
1780456772,110.748636
1780456772,107.774176
1780456772,110.680010
1780456772,114.454576
1780456772,117.777685
1780456772,113.424106
1780456772,114.512973
1780456772,112.910655
1780456772,110.562360
1780456772,110.164172
1780456772,110.134490
1780456772,102.688282
1780456772,103.249795
1780456772,103.119246
1780456772,103.030940
1780456772,103.165565
1780456772,104.826615
1780456772,104.901374
1780456772,104.976667
1780456772,104.471111
1780456772,105.065352
1780456772,104.687116
1780456772,104.653139
1780456772,104.279215
1780456772,106.923399
1780456772,130.147261
1780456772,103.597594
1780456772,106.470009
1780456772,105.168928
1780456772,106.683205
1780456772,106.725085
1780456772,106.636437
1780456772,106.908555
1780456772,106.890464
1780456772,106.829723
1780456772,107.228683
1780456772,104.688703
1780456772,107.154192
1780456772,107.224311
1780456772,106.807969
1780456772,107.440856
1780456772,106.917918
1780456772,107.090920
1780456772,107.421403
1780456772,106.931935
1780456772,105.049062
1780456772,108.028333
1780456772,107.878541
1780456772,105.381585
1780456772,107.827453
1780456772,108.076824
1780456772,105.933250
1780456772,107.399201
1780456772,107.055837
1780456772,105.986220
1780456772,107.059948
1780456772,106.026341
1780456772,106.291167
1780456772,106.009345
1780456772,106.526966
1780456772,107.522671
1780456772,107.473167
1780456772,107.090782
1780456772,106.736261
1780456772,107.314377
1780456772,107.006540
1780456772,119.742568
1780456772,128.046218
1780456772,127.448950
1780456772,109.056348
1780456772,109.053043
1780456772,127.295889
1780456772,108.617234
1780456772,127.745886
1780456772,108.942477
1780456772,107.709663
1780456772,107.902022
1780456772,108.060139
1780456772,107.622747
1780456772,108.014521
1780456772,108.033551
1780456772,107.789069
1780456772,108.231941
1780456772,109.531416
1780456772,108.825524
1780456772,109.047726
1780456772,108.902425
1780456772,109.624266
1780456772,108.161736
1780456772,109.623804
1780456772,109.593576
1780456772,110.366114
1780456772,108.456254
1780456772,107.753339
1780456772,107.869804
1780456772,107.793002
1780456772,109.520698
1780456772,110.159807
1780456772,109.915567
1780456772,108.613680
1780456772,109.693123
1780456772,111.213916
1780456772,111.312955
1780456772,111.067973
1780456772,110.437130
1780456772,111.278813
1780456772,108.822529
1780456772,111.653329
1780456772,112.414971
1780456772,113.073288
1780456772,112.034972
1780456772,112.796567
1780456772,113.019240
1780456772,113.400136
1780456772,113.146983
1780456772,113.430262
1780456772,113.320031
1780456772,113.739449
1780456772,114.977561
1780456772,114.854930
1780456772,113.067972
1780456772,114.854451
1780456772,113.334791
1780456772,113.068774
1780456772,113.318369
1780456772,113.711367
1780456772,113.497565
1780456772,113.925676
1780456772,103.993036
1780456772,113.877637
1780456772,111.225211
1780456772,111.223822
1780456772,114.760224
1780456772,110.428327
1780456772,110.524876
1780456772,111.480466
1780456772,112.638690
1780456772,112.932947
1780456772,113.046990
1780456772,113.620761
1780456772,111.579570
1780456772,111.402281
1780456772,115.155214
1780456772,115.561566
1780456772,115.707297
1780456772,113.245818
1780456772,115.127389
1780456772,116.069625
1780456772,113.412246
1780456772,115.507589
1780456772,115.221160
1780456772,115.119718
1780456772,114.885938
1780456772,115.063978
1780456772,115.331557
1780456772,115.399232
1780456772,116.240300
1780456772,116.181810
1780456772,113.296274
1780456772,112.298350
1780456772,112.395899
1780456772,111.178503
1780456772,110.152966
1780456772,111.224758
1780456772,112.507478
1780456772,110.128861
1780456772,108.978321
1780456772,112.614098
1780456772,110.211065
1780456772,110.242507
1780456772,110.330240
1780456772,110.261164
1780456772,120.269950
1780456772,120.175949
1780456772,109.693834
1780456772,119.715269
1780456772,108.602206
1780456772,109.725642
1780456772,108.762156
1780456772,106.951468
1780456772,109.533981
1780456772,107.738567
1780456772,119.671448
1780456772,108.077919
1780456772,119.887296
1780456772,106.716612
1780456772,108.801640
1780456772,120.219443
1780456772,119.757575
1780456772,119.939668
1780456772,104.945999
1780456772,113.480391
1780456772,120.843272
1780456772,111.184318
1780456772,103.938598
1780456772,111.226834
1780456772,111.155258
1780456772,107.315780
1780456772,105.342690
1780456772,108.006608
1780456772,109.864226
1780456772,120.505487
1780456772,111.305024
1780456772,120.013273
1780456772,104.436512
1780456772,106.491024
1780456772,105.534119
1780456772,106.621546
1780456772,106.592228
1780456772,106.440154
1780456772,109.377484
1780456772,111.221236
1780456772,108.065508
1780456772,107.483023
1780456772,105.546849
1780456772,106.099259
1780456772,106.635666
1780456772,106.708951
1780456772,114.810835
1780456772,111.392643
1780456772,105.326284
1780456772,106.872110
1780456772,106.489973
1780456772,106.086136
1780456772,103.225236
1780456772,103.260916
1780456772,103.211951
1780456772,106.473976
1780456772,103.315112
1780456772,103.476231
1780456772,102.634341
1780456772,105.014483
1780456772,106.804913
1780456772,102.675150
1780456772,103.854880
1780456772,103.897437
1780456772,105.262086
1780456772,104.091071
1780456772,103.262843
1780456772,105.790322
1780456772,105.713920
1780456772,103.427421
1780456772,105.896543
1780456772,103.548591
1780456772,102.297952
1780456772,106.095526
1780456772,102.578126
1780456772,106.302314
1780456772,106.473174
1780456772,102.958459
1780456772,102.953017
1780456772,102.992000
1780456772,103.024408
1780456772,103.038298
1780456772,105.606588
1780456772,101.748853
1780456772,106.808006
1780456772,103.100273
1780456772,103.143996
1780456772,106.850788
1780456772,102.749458
1780456772,102.851278
1780456772,103.289564
1780456772,103.518103
1780456772,102.819390
1780456772,104.015686
1780456772,102.875243
1780456772,102.849788
1780456772,104.106293
1780456772,102.003192
1780456772,101.416129
1780456772,102.648504
1780456772,102.754353
1780456772,102.847240
1780456772,102.993422
1780456772,103.178511
1780456772,102.472178
1780456772,103.207946
1780456772,102.602052
1780456772,103.421229
1780456772,103.539862
1780456772,102.799465
1780456772,102.837204
1780456772,103.689903
1780456772,103.145130
1780456772,103.177373
1780456772,102.239920
1780456772,102.391844
1780456772,102.442586
1780456772,102.463733
1780456772,102.635504
1780456772,102.729668
1780456772,102.550426
1780456772,102.932650
1780456772,102.892224
1780456772,102.626668
1780456772,102.964331
1780456772,102.471334
1780456772,103.394219
1780456772,102.557346
1780456772,102.617204
1780456772,103.260754
1780456772,102.621914
1780456772,103.673041
1780456772,103.789351
1780456772,103.394761
1780456772,103.704357
1780456772,103.955772
1780456772,103.867787
1780456772,102.716469
1780456772,103.028692
1780456772,103.154554
1780456772,103.206182
1780456772,102.670462
1780456772,103.205706
1780456772,103.872667
1780456772,103.581896
1780456772,103.014725
1780456772,103.380325
1780456772,102.772103
1780456772,102.643775
1780456772,102.525316
1780456772,103.139380
1780456772,103.540930
1780456772,102.863898
1780456772,103.283979
1780456772,103.855341
1780456772,103.936642
1780456772,103.433293
1780456772,103.637442
1780456772,103.369683
1780456772,103.808834
1780456772,103.173648
1780456772,103.962024
1780456772,103.672159
1780456772,103.484391
1780456772,104.118527
1780456772,103.808495
1780456772,103.468593
1780456772,103.337319
1780456772,103.610332
1780456772,103.320239
1780456772,103.727342
1780456772,103.728408
1780456772,103.341025
1780456772,103.276149
1780456772,103.605241
1780456772,103.699514
1780456772,103.537817
1780456772,104.679098
1780456772,104.393727
1780456772,104.378033
1780456772,103.507860
1780456772,104.643384
1780456772,103.072154
1780456772,104.542431
1780456772,103.511934
1780456772,103.257654
1780456772,104.033469
1780456772,103.401335
1780456772,104.578162
1780456772,104.524524
1780456772,103.827152
1780456772,104.056078
1780456772,103.702669
1780456772,104.050188
1780456772,103.482025
1780456772,104.840264
1780456772,104.988372
1780456772,103.941291
1780456772,103.438668
1780456772,105.330230
1780456772,104.695218
1780456772,104.478831
1780456772,104.383235
1780456772,105.715232
1780456772,104.575268
1780456772,104.112514
1780456772,104.292948
1780456772,103.759909
1780456772,104.045501
1780456772,103.789427
1780456772,104.414777
1780456772,105.913832
1780456772,105.732528
1780456772,103.509893
1780456772,106.089704
1780456772,105.118532
1780456772,103.578509
1780456772,104.182035
1780456772,103.973085
1780456772,104.506846
1780456772,103.732443
1780456772,106.444349
1780456772,103.752234
1780456772,106.639137
1780456772,103.611396
1780456772,103.223043
1780456772,104.333662
1780456772,105.913413
1780456772,111.126708
1780456772,104.220292
1780456772,103.777704
1780456772,104.242207
1780456772,105.805938
1780456772,106.256473
1780456772,104.473978
1780456772,105.909640
1780456772,107.287793
1780456772,111.542355
1780456772,105.996319
1780456772,103.495828
1780456772,105.909273
1780456772,111.731480
1780456772,103.016397
1780456772,111.784541
1780456772,104.709041
1780456772,107.149270
1780456772,107.214259
1780456772,104.894924
1780456772,103.119412
1780456772,107.174532
1780456772,106.418170
1780456772,106.873101
1780456772,106.232674
1780456772,107.488697
1780456772,105.477313
1780456772,105.294832
1780456772,109.151758
1780456772,108.978055
1780456772,108.726160
1780456772,104.927373
1780456772,108.433133
1780456772,108.176435
1780456772,108.114442
1780456772,114.377711
1780456772,105.057661
1780456772,107.122372
1780456772,107.385868
1780456772,108.610655
1780456772,105.601343
1780456772,106.883275
1780456772,105.370851
1780456772,115.027082
1780456772,114.823896
1780456772,107.640924
1780456772,115.186592
1780456772,111.090016
1780456772,108.442974
1780456772,107.769954
1780456772,108.335283
1780456772,108.133865
1780456772,115.659372
1780456772,107.833803
1780456772,115.715905
1780456772,108.688840
1780456772,107.206533
1780456772,111.439977
1780456772,116.165797
1780456772,106.486954
1780456772,107.607193
1780456772,117.116145
1780456772,116.551146
1780456772,111.352725
1780456772,107.727506
1780456772,109.163750
1780456772,112.592427
1780456772,107.170669
1780456772,111.924703
1780456772,117.705056
1780456772,107.886709
1780456772,116.506118
1780456772,108.096013
1780456772,109.500878
1780456772,118.025819
1780456772,109.588882
1780456772,111.826692
1780456772,108.433069
1780456772,112.337616
1780456772,112.223762
1780456772,108.350235
1780456772,111.985081
1780456772,111.904072
1780456772,108.272543
1780456772,117.394356
1780456772,110.204949
1780456772,114.522358
1780456772,112.139910
1780456772,118.267236
1780456772,119.173026
1780456772,112.292916
1780456772,117.771002
1780456772,114.373725
1780456772,116.672396
1780456772,111.024352
1780456772,113.886531
1780456772,117.956994
1780456772,113.546312
1780456772,110.705224
1780456772,110.624324
1780456772,114.297560
1780456772,118.286056
1780456772,110.715251
1780456772,107.166957
1780456772,112.671278
1780456772,112.574393
1780456772,110.246036
1780456772,112.809473
1780456772,112.912315
1780456772,112.815588
1780456772,113.263253
1780456772,117.693326
1780456772,116.158490
1780456772,116.207004
1780456772,116.572199
1780456772,114.203872
1780456772,112.048420
1780456772,113.393377
1780456772,114.467241
1780456772,112.024328
1780456772,116.387931
1780456772,115.525703
1780456772,116.752466
1780456772,113.482298
1780456772,115.477160
1780456772,118.657481
1780456772,112.306683
1780456772,116.029981
1780456772,113.605659
1780456772,113.962410
1780456772,113.878320
1780456772,113.898897
1780456772,109.055730
1780456772,114.472455
1780456772,113.927355
1780456772,117.051842
1780456772,115.559425
1780456772,115.816445
1780456772,121.321096
1780456772,115.745500
1780456772,116.110395
1780456772,117.240976
1780456772,116.459356
1780456772,115.030928
1780456772,122.946858
1780456772,113.565732
1780456772,116.161361
1780456772,121.778199
1780456772,116.343229
1780456772,116.758666
1780456772,114.451706
1780456772,122.035868
1780456772,122.183782
1780456772,114.609941
1780456772,122.155237
1780456772,114.639614
1780456772,114.009065
1780456772,122.218695
1780456772,122.356808
1780456772,116.496155
1780456772,122.512345
1780456772,117.425772
1780456772,117.016279
1780456772,113.856930
1780456772,117.357126
1780456772,121.364159
1780456772,122.706716
1780456772,121.009813
1780456772,117.107010
1780456772,121.400370
1780456772,114.839778
1780456772,113.559263
1780456772,114.322937
1780456772,116.860909
1780456772,119.221935
1780456772,119.775311
1780456772,115.055930
1780456772,119.675333
1780456772,121.900252
1780456772,113.803797
1780456772,116.298726
1780456772,114.768743
1780456772,111.896386
1780456772,119.399593
1780456772,120.787774
1780456772,117.458398
1780456772,115.964016
1780456772,120.944619
1780456772,114.058844
1780456772,119.259816
1780456772,122.547393
1780456772,119.532323
1780456772,115.863573
1780456772,120.959178
1780456772,119.561023
1780456772,117.814694
1780456772,120.432745
1780456772,119.664456
1780456772,119.252107
1780456772,120.813410
1780456772,112.970899
1780456772,116.766192
1780456772,120.826371
1780456772,119.534466
1780456772,115.114525
1780456772,121.081083
1780456772,117.831846
1780456772,119.067840
1780456772,117.280652
1780456772,117.891236
1780456772,118.812164
1780456772,120.012335
1780456772,117.552563
1780456772,115.532888
1780456772,120.707534
1780456772,118.943756
1780456772,120.503747
1780456772,118.761558
1780456772,120.440251
1780456772,118.991619
1780456772,118.027267
1780456772,118.668811
1780456772,120.834984
1780456772,120.692470
1780456772,128.141658
1780456772,124.720481
1780456772,119.361306
1780456772,120.299186
1780456772,119.204158
1780456772,116.814986
1780456772,118.439303
1780456772,119.636424
1780456772,118.858666
1780456772,118.573578
1780456772,118.902172
1780456772,119.703905
1780456772,120.731254
1780456772,119.529952
1780456772,128.942375
1780456772,120.526671
1780456772,116.822498
1780456772,125.574528
1780456772,119.241942
1780456772,129.383946
1780456772,120.639258
1780456772,119.194615
1780456772,120.686122
1780456772,128.993156
1780456772,128.999799
1780456772,117.458085
1780456772,120.946109
1780456772,119.540763
1780456772,119.972450
1780456772,127.038054
1780456772,126.758265
1780456772,120.703707
1780456772,118.330826
1780456772,127.029638
1780456772,130.303422
1780456772,126.985497
1780456772,117.473330
1780456772,117.357081
1780456772,121.778444
1780456772,130.987800
1780456772,122.398869
1780456772,125.401130
1780456772,130.295211
1780456772,127.736237
1780456772,122.327940
1780456772,130.466997
1780456772,121.908648
1780456772,131.112886
1780456772,131.014351
1780456772,121.611008
1780456772,121.763908
1780456772,123.084945
1780456772,130.367762
1780456772,130.783648
1780456772,125.904622
1780456772,118.163539
1780456772,130.490935
1780456772,132.152075
1780456772,131.337528
1780456772,130.739511
1780456772,132.061267
1780456772,131.499824
1780456772,129.572995
1780456772,126.227150
1780456772,120.165960
1780456772,122.840874
1780456772,120.024407
1780456772,129.918326
1780456772,132.591142
1780456772,132.495445
1780456772,123.493038
1780456772,132.289783
1780456772,125.178797
1780456772,127.149544
1780456772,127.063303
1780456772,132.434281
1780456772,131.506969
1780456772,129.434267
1780456772,131.101620
1780456772,127.114350
1780456772,126.184431
1780456772,131.108718
1780456772,131.270373
1780456772,124.440085
1780456772,132.132679
1780456772,133.191566
1780456772,127.428535
1780456772,131.806362
1780456772,131.619113
1780456772,126.584331
1780456772,131.752418
1780456772,130.239846
1780456772,131.825053
1780456772,126.802184
1780456772,132.016231
1780456772,133.490883
1780456772,132.121663
1780456772,130.654243
1780456772,124.699113
1780456772,133.299474
1780456772,125.015196
1780456772,134.488410
1780456772,124.802726
1780456772,134.367518
1780456772,133.356964
1780456772,131.833710
1780456772,133.319731
1780456772,133.928909
1780456772,128.599849
1780456772,132.891380
1780456772,133.083372
1780456772,122.334975
1780456772,121.410829
1780456772,126.197232
1780456772,126.147598
1780456772,134.374043
1780456772,134.627779
1780456772,132.149155
1780456772,122.851252
1780456772,132.255407
1780456772,133.566453
1780456772,132.511731
1780456772,129.062744
1780456772,134.983749
1780456772,129.952972
1780456772,137.063700
1780456772,129.185458
1780456772,133.423566
1780456772,132.282331
1780456772,133.734717
1780456772,135.362238
1780456772,133.216266
1780456772,132.632097
1780456772,132.819480
1780456772,133.706828
1780456772,132.226574
1780456772,132.798488
1780456772,132.967541
1780456772,132.284337
1780456772,136.011850
1780456772,133.085740
1780456772,135.373133
1780456772,136.085953
1780456772,132.668152
1780456772,138.217217
1780456772,138.225825
1780456772,132.766370
1780456772,128.273365
1780456772,126.628710
1780456772,138.156107
1780456772,133.402776
1780456772,138.339592
1780456772,138.195273
1780456772,125.991120
1780456772,125.839794
1780456772,126.461447
1780456772,136.153403
1780456772,123.601791
1780456772,132.803172
1780456772,138.625967
1780456772,136.531414
1780456772,138.500060
1780456772,137.798460
1780456772,131.047239
1780456772,127.624295
1780456772,137.079921
1780456772,126.621425
1780456772,138.098525
1780456772,138.485560
1780456772,131.357877
1780456772,138.384308
1780456772,137.189333
1780456772,138.039663
1780456772,127.190238
1780456772,138.119775
1780456772,137.120930
1780456772,131.961037
1780456772,137.031359
1780456772,134.134339
1780456772,137.435658
1780456772,137.924745
1780456772,137.404732
1780456772,138.158208
1780456772,132.240100
1780456772,127.963437
1780456772,134.241454
1780456772,139.392764
1780456772,139.408473
1780456772,132.532715
1780456772,139.474336
1780456772,139.644035
1780456772,134.291796
1780456772,128.333490
1780456772,125.023443
1780456772,138.381667
1780456772,133.930149
1780456772,133.002523
1780456772,134.976872
1780456772,140.165418
1780456772,133.241831
1780456772,128.068560
1780456772,135.418806
1780456772,141.625791
1780456772,133.135729
1780456772,125.794640
1780456772,135.452474
1780456772,125.950178
1780456772,141.859772
1780456772,142.002900
1780456772,134.688119
1780456772,133.860490
1780456772,142.073165
1780456772,133.922582
1780456772,135.043235
1780456772,125.196804
1780456772,134.106540
1780456772,136.141192
1780456772,142.398040
1780456772,141.518503
1780456772,129.626522
1780456772,134.481518
1780456772,129.390416
1780456772,141.832659
1780456772,120.457949
1780456772,134.535865
1780456772,142.938615
1780456772,142.766071
1780456772,142.935211
1780456772,120.848867
1780456772,120.916650
1780456772,143.034627
1780456772,134.955292
1780456772,142.091800
1780456772,134.878889
1780456772,143.217676
1780456772,121.352881
1780456772,140.970385
1780456772,135.404787
1780456772,143.648542
1780456772,136.851498
1780456772,141.393060
1780456772,135.650065
1780456772,143.495376
1780456772,142.215220
1780456772,144.710617
1780456772,121.845156
1780456772,121.817621
1780456772,143.616485
1780456772,144.577675
1780456772,121.239383
1780456772,144.777823
1780456772,144.973788
1780456772,120.063090
1780456772,146.313136
1780456772,118.725206
1780456772,144.653604
1780456772,123.514046
1780456772,118.838773
1780456772,118.989521
1780456772,145.557311
1780456772,122.190639
1780456772,122.186908
1780456772,122.108471
1780456772,116.879455
1780456772,146.271214
1780456772,121.183886
1780456772,119.963876
1780456772,116.168613
1780456772,119.911461
1780456772,148.772778
1780456772,141.894579
1780456772,139.978701
1780456772,120.391297
1780456772,141.021160
1780456772,140.146084
1780456772,146.229562
1780456772,140.145896
1780456772,149.800939
1780456772,141.987499
1780456772,142.330772
1780456772,142.779952
1780456772,142.144469
1780456772,126.225026
1780456772,149.209126
1780456772,148.969531
1780456772,148.843392
1780456772,149.123862
1780456772,141.960929
1780456772,142.830197
1780456772,141.692278
1780456772,125.382971
1780456772,114.684355
1780456772,143.407406
1780456772,149.061045
1780456772,143.470129
1780456772,149.445049
1780456772,144.329478
1780456772,119.055040
1780456772,143.237755
1780456772,149.413173
1780456772,142.496261
1780456772,116.692746
1780456772,142.672383
1780456772,116.833470
1780456772,116.886470
1780456772,142.830093
1780456772,149.197712
1780456772,149.112318
1780456772,149.104507
1780456772,149.271308
1780456772,150.301055
1780456772,142.719587
1780456772,149.597829
1780456772,150.620478
1780456772,143.013341
1780456772,143.106759
1780456772,139.174897
1780456772,150.592872
1780456772,149.404548
1780456772,143.534832
1780456772,149.875782
1780456772,116.616579
1780456772,144.919484
1780456772,149.406044
1780456772,146.213428
1780456772,141.833334
1780456772,142.074367
1780456772,156.703999
1780456772,145.904971
1780456772,140.538774
1780456772,146.057228
1780456772,146.192825
1780456772,142.111334
1780456772,146.143812
1780456772,149.286510
1780456772,145.956528
1780456772,150.197131
1780456772,149.913559
1780456772,154.056208
1780456772,154.021600
1780456772,153.849943
1780456772,140.511530
1780456772,147.442749
1780456772,146.910432
1780456772,154.115270
1780456772,146.857510
1780456772,147.305060
1780456772,143.444877
1780456772,147.094106
1780456772,133.956687
1780456772,147.241994
1780456772,147.214686
1780456772,134.249739
1780456772,143.318859
1780456772,150.757315
1780456772,132.623051
1780456772,148.434504
1780456772,129.795142
1780456772,120.923839
1780456772,123.482051
1780456772,123.625060
1780456772,120.985738
1780456772,127.386025
1780456772,143.542875
1780456772,156.183178
1780456772,121.067349
1780456772,121.233724
1780456772,133.486626
1780456772,142.712440
1780456772,156.477709
1780456772,121.478353
1780456772,133.368633
1780456772,142.785750
1780456772,141.765303
1780456772,121.601630
1780456772,116.542350
1780456772,131.773870
1780456772,132.993741
1780456772,137.395849
1780456772,149.777173
1780456772,150.392703
1780456772,122.372656
1780456772,135.830988
1780456772,131.977172
1780456772,157.244358
1780456772,136.140853
1780456772,159.852088
1780456772,138.426183
1780456772,159.018647
1780456772,138.278775
1780456772,158.942648
1780456772,125.016397
1780456772,137.129279
1780456772,136.942135
1780456772,159.381649
1780456772,138.420905
1780456772,153.210807
1780456772,160.005996
1780456772,153.374072
1780456772,153.473363
1780456772,126.773667
1780456772,136.721104
1780456772,139.197946
1780456772,131.587716
1780456772,154.880701
1780456772,131.583216
1780456772,139.478878
1780456772,128.998147
1780456772,129.158701
1780456772,138.354993
1780456772,141.262487
1780456772,149.089104
1780456772,135.419591
1780456772,161.280564
1780456772,131.860309
1780456772,141.545307
1780456772,133.086422
1780456772,124.411026
1780456772,139.994410
1780456772,152.030169
1780456772,162.508432
1780456772,130.142680
1780456772,140.911822
1780456772,132.957922
1780456772,141.032514
1780456772,139.575919
1780456772,138.199775
1780456772,156.618373
1780456772,134.241936
1780456772,132.981198
1780456772,142.696153
1780456772,141.022337
1780456772,142.395669
1780456772,133.089347
1780456772,120.941129
1780456772,138.543603
1780456772,136.797042
1780456772,156.454454
1780456772,123.346075
1780456772,136.861981
1780456772,136.929166
1780456772,142.789310
1780456772,163.532240
1780456772,121.335235
1780456772,122.482863
1780456772,123.619402
1780456772,123.919230
1780456772,130.894764
1780456772,122.639715
1780456772,118.670857
1780456772,140.228639
1780456772,130.910844
1780456772,157.876001
1780456772,140.606975
1780456772,141.004172
1780456772,141.104420
1780456772,124.174707
1780456772,124.064767
1780456772,125.719114
1780456772,124.212317
1780456772,132.377369
1780456772,125.781157
1780456772,120.677044
1780456772,132.506916
1780456772,125.810526
1780456772,132.582650
1780456772,125.769961
1780456772,123.087801
1780456772,120.820212
1780456772,120.849146
1780456772,160.602975
1780456772,160.650270
1780456772,167.307753
1780456772,161.276414
1780456772,168.505618
1780456772,159.975806
1780456772,155.345370
1780456772,161.740744
1780456772,154.269791
1780456772,162.026171
1780456772,149.338865
1780456772,149.550411
1780456772,162.188189
1780456772,126.830804
1780456772,125.439849
1780456772,147.087810
1780456772,150.356842
1780456772,150.449731
1780456772,149.579378
1780456772,145.526696
1780456772,159.311971
1780456772,149.895004
1780456772,120.715679
1780456772,159.098719
1780456772,163.002595
1780456772,142.000764
1780456772,163.649071
1780456772,163.290925
1780456772,140.816776
1780456772,150.376858
1780456772,163.410900
1780456772,139.899563
1780456772,119.913223
1780456772,158.722317
1780456772,140.298972
1780456772,150.862005
1780456772,152.537430
1780456772,117.002099
1780456772,152.761835
1780456772,140.646426
1780456772,151.571353
1780456772,152.154723
1780456772,148.145772
1780456772,148.552664
1780456772,150.960374
1780456772,152.693297
1780456772,148.752842
1780456772,153.005872
1780456772,142.216801
1780456772,128.654934
1780456772,142.402749
1780456772,116.311926
1780456772,149.088793
1780456772,152.048540
1780456772,149.200089
1780456772,141.515726
1780456772,115.382429
1780456772,129.510236
1780456772,148.117498
1780456772,142.090326
1780456772,116.014518
1780456772,149.899146
1780456772,140.923922
1780456772,115.307828
1780456772,143.811118
1780456772,149.828146
1780456772,143.760745
1780456772,145.342371
1780456772,150.613379
1780456772,147.749154
1780456772,150.433655
1780456772,149.967955
1780456772,141.267077
1780456772,141.481512
1780456772,147.857588
1780456772,144.122059
1780456772,150.503943
1780456772,144.179531
1780456772,133.165545
1780456772,133.206450
1780456772,145.616157
1780456772,115.709236
1780456772,141.560134
1780456772,141.578993
1780456772,145.572387
1780456772,146.963974
1780456772,148.101490
1780456772,141.691159
1780456772,132.786926
1780456772,128.151154
1780456772,130.505578
1780456772,104.733467
1780456772,128.445524
1780456772,128.631299
1780456772,128.841275
1780456772,130.402788
1780456772,122.415596
1780456772,135.151968
1780456772,118.621198
1780456772,132.804859
1780456772,104.200397
1780456772,136.726328
1780456772,126.327751
1780456772,136.571160
1780456772,126.394160
1780456772,121.502158
1780456772,127.613572
1780456772,127.562471
1780456772,138.046775
1780456772,119.262236
1780456772,130.676893
1780456772,122.707330
1780456772,156.897080
1780456772,129.590026
1780456772,133.170848
1780456772,157.676370
1780456772,105.098705
1780456772,147.075476
1780456772,131.741081
1780456772,155.756699
1780456772,147.712319
1780456772,147.764167
1780456772,146.137552
1780456772,132.107420
1780456772,147.148007
1780456772,139.217753
1780456772,139.224204
1780456772,139.661559
1780456772,149.205939
1780456772,147.936273
1780456772,150.617519
1780456772,142.264285
1780456772,133.603839
1780456772,142.270061
1780456772,132.339778
1780456772,138.133934
1780456772,140.704323
1780456772,136.745616
1780456772,140.781396
1780456772,139.342207
1780456772,140.754293
1780456772,137.391512
1780456772,107.581562
1780456772,142.434069
1780456772,143.089162
1780456772,110.289527
1780456772,144.117764
1780456772,126.605223
1780456772,156.450975
1780456772,142.674460
1780456772,144.239069
1780456772,144.180677
1780456772,133.948330
1780456772,135.210441
1780456772,149.090282
1780456772,114.491755
1780456772,154.043379
1780456772,131.467943
1780456772,159.163670
1780456772,131.465501
1780456772,156.822204
1780456772,132.079027
1780456772,159.136952
1780456772,143.042277
1780456772,144.310690
1780456772,110.708644
1780456772,111.261879
1780456772,111.271689
1780456772,146.143133
1780456772,108.312690
1780456772,107.984119
1780456772,106.440210
1780456772,145.180952
1780456772,146.532517
1780456772,108.503588
1780456772,108.665401
1780456772,114.686577
1780456772,108.611239
1780456772,106.412661
1780456772,115.200948
1780456772,107.411923
1780456772,107.522935
1780456772,138.174910
1780456772,108.434792
1780456772,138.268546
1780456772,108.255516
1780456772,108.688618
1780456772,114.456260
1780456772,114.887911
1780456772,111.643408
1780456772,111.418342
1780456772,111.528716
1780456772,112.060056
1780456772,112.297694
1780456772,151.382965
1780456772,120.507602
1780456772,149.223135
1780456772,112.668202
1780456772,111.651557
1780456772,112.594163
1780456772,110.509676
1780456772,110.478330
1780456772,111.461861
1780456772,112.621468
1780456772,111.641527
1780456772,113.205016
1780456772,111.708961
1780456772,112.637285
1780456772,110.068411
1780456772,113.496925
1780456772,147.297044
1780456772,146.004519
1780456772,110.653255
1780456772,113.628550
1780456772,111.953531
1780456772,115.649399
1780456772,115.630440
1780456772,113.750624
1780456772,115.486023
1780456772,113.965168
1780456772,115.500554
1780456772,114.053962
1780456772,114.665621
1780456772,115.003805
1780456772,112.941835
1780456772,112.143602
1780456772,113.454349
1780456772,114.234037
1780456772,113.126611
1780456772,153.862585
1780456772,150.741039
1780456772,106.662373
1780456772,152.054038
1780456772,152.088945
1780456772,150.664669
1780456772,142.290731
1780456772,150.926928
1780456772,116.995721
1780456772,151.199504
1780456772,130.081560
1780456772,147.998547
1780456772,128.522463
1780456772,120.723779
1780456772,130.860457
1780456772,121.070776
1780456772,129.303663
1780456772,117.341428
1780456772,112.269554
1780456772,150.234361
1780456772,150.312667
1780456772,122.854246
1780456772,120.471153
1780456772,120.700360
1780456772,120.906865
1780456772,131.569756
1780456772,131.507729
1780456772,152.174319
1780456772,149.674445
1780456772,149.500720
1780456772,148.448543
1780456772,131.168710
1780456772,103.832541
1780456772,104.830410
1780456772,125.069026
1780456772,129.274396
1780456772,125.423188
1780456772,106.616667
1780456772,108.240575
1780456772,103.975557
1780456772,103.993579
1780456772,104.193000
1780456772,102.782019
1780456772,102.590989
1780456772,103.154915
1780456772,103.207817
1780456772,104.788162
1780456772,104.777603
1780456772,105.015215
1780456772,104.907300
1780456772,104.510993
1780456772,104.764838
1780456772,103.858596
1780456772,104.027321
1780456772,104.448561
1780456772,104.872546
1780456772,105.279956
1780456772,105.098979
1780456772,105.150959
1780456772,105.296750
1780456772,105.238940
1780456772,110.755282
1780456772,110.868616
1780456772,110.760828
1780456772,110.588134
1780456772,110.809366
1780456772,110.804659
1780456772,110.957554
1780456772,110.813046
1780456772,110.999605
1780456772,110.959889
1780456772,106.046844
1780456772,106.040030
1780456773,106.991935
1780456773,106.978074
1780456773,107.042610
1780456773,106.905615
1780456773,107.075873
1780456773,103.145894
1780456773,103.660363
1780456773,103.290151
1780456773,105.238366
1780456773,110.742666
1780456773,105.282549
1780456773,105.472649
1780456773,105.646647
1780456773,106.224052
1780456773,106.258115
1780456773,107.139429
1780456773,107.142676
1780456773,108.760834
1780456773,109.129174
1780456773,109.331831
1780456773,108.754051
1780456773,109.405563
1780456773,108.815043
1780456773,109.579074
1780456773,109.646459
1780456773,109.685139
1780456773,109.627669
1780456773,109.429175
1780456773,109.589315
1780456773,109.128687
1780456773,109.224136
1780456773,109.279588
1780456773,109.602119
1780456773,110.835877
1780456773,110.847371
1780456773,110.305531
1780456773,110.954577
1780456773,110.914093
1780456773,109.904059
1780456773,106.156260
1780456773,109.763515
1780456773,109.837763
1780456773,109.961379
1780456773,109.328673
1780456773,109.642626
1780456773,109.604669
1780456773,109.306436
1780456773,109.285293
1780456773,109.834305
1780456773,106.518935
1780456773,109.826772
1780456773,109.658363
1780456773,109.987030
1780456773,106.522914
1780456773,110.097335
1780456773,109.496035
1780456773,110.010987
1780456773,109.808173
1780456773,110.343375
1780456773,109.719996
1780456773,110.265202
1780456773,106.673498
1780456773,111.722035
1780456773,112.210169
1780456773,108.945527
1780456773,112.348821
1780456773,112.285443
1780456773,112.509521
1780456773,112.088140
1780456773,109.285935
1780456773,112.216318
1780456773,114.058704
1780456773,112.453586
1780456773,112.580748
1780456773,112.235243
1780456773,114.321669
1780456773,113.821856
1780456773,110.144490
1780456773,115.259644
1780456773,115.938534
1780456773,115.952947
1780456773,111.438906
1780456773,108.736660
1780456773,109.349735
1780456773,114.286942
1780456773,115.086709
1780456773,115.207527
1780456773,115.283316
1780456773,115.524863
1780456773,115.243932
1780456773,115.426371
1780456773,118.449553
1780456773,118.906679
1780456773,118.419457
1780456773,119.103738
1780456773,117.889907
1780456773,117.592895
1780456773,117.442970
1780456773,117.536905
1780456773,117.725958
1780456773,115.620218
1780456773,115.754698
1780456773,115.515214
1780456773,112.905613
1780456773,113.564583
1780456773,115.753165
1780456773,115.622310
1780456773,115.843944
1780456773,115.758901
1780456773,115.835717
1780456773,120.072303
1780456773,108.191901
1780456773,108.326699
1780456773,108.309010
1780456773,108.423438
1780456773,122.052160
1780456773,112.097918
1780456773,118.605772
1780456773,119.788243
1780456773,112.760546
1780456773,108.529525
1780456773,112.340441
1780456773,110.873905
1780456773,111.139471
1780456773,111.177531
1780456773,109.161953
1780456773,106.854396
1780456773,109.426312
1780456773,109.570223
1780456773,110.492057
1780456773,107.870025
1780456773,110.648333
1780456773,117.009696
1780456773,114.277242
1780456773,107.039824
1780456773,107.899325
1780456773,114.247593
1780456773,111.471474
1780456773,107.030478
1780456773,110.639142
1780456773,106.692943
1780456773,113.030068
1780456773,115.419750
1780456773,115.486304
1780456773,115.442641
1780456773,111.676121
1780456773,113.643537
1780456773,113.331429
1780456773,113.270766
1780456773,111.597770
1780456773,110.689170
1780456773,108.687963
1780456773,111.645649
1780456773,111.814423
1780456773,108.946006
1780456773,112.439278
1780456773,110.704960
1780456773,110.775594
1780456773,109.031681
1780456773,108.509322
1780456773,111.490670
1780456773,111.413258
1780456773,111.465316
1780456773,108.460917
1780456773,111.303625
1780456773,111.434887
1780456773,111.521017
1780456773,111.621987
1780456773,111.595530
1780456773,109.235599
1780456773,109.179565
1780456773,112.041586
1780456773,109.651131
1780456773,111.070254
1780456773,116.885758
1780456773,116.892035
1780456773,112.049069
1780456773,117.236713
1780456773,116.896799
1780456773,113.267118
1780456773,112.164340
1780456773,117.030263
1780456773,112.323559
1780456773,113.388683
1780456773,113.354617
1780456773,112.415689
1780456773,111.595601
1780456773,113.859297
1780456773,110.712085
1780456773,112.498394
1780456773,112.397687
1780456773,117.221007
1780456773,112.106498
1780456773,113.560452
1780456773,114.155267
1780456773,116.652205
1780456773,112.598118
1780456773,113.689344
1780456773,114.202378
1780456773,117.325400
1780456773,115.156937
1780456773,112.235695
1780456773,117.698524
1780456773,112.255484
1780456773,116.127371
1780456773,116.078197
1780456773,109.551170
1780456773,112.669367
1780456773,109.527366
1780456773,109.804086
1780456773,104.617258
1780456773,104.844230
1780456773,114.986472
1780456773,112.748522
1780456773,110.873767
1780456773,108.019044
1780456773,111.331256
1780456773,108.091455
1780456773,111.141857
1780456773,112.830527
1780456773,111.244439
1780456773,108.279952
1780456773,111.149125
1780456773,106.498867
1780456773,106.703813
1780456773,106.760227
1780456773,112.178222
1780456773,112.333170
1780456773,110.777543
1780456773,112.325450
1780456773,112.290430
1780456773,112.503806
1780456773,112.595235
1780456773,111.315151
1780456773,109.998724
1780456773,110.713910
1780456773,110.007283
1780456773,110.138274
1780456773,114.856140
1780456773,110.632223
1780456773,107.791970
1780456773,110.501039
1780456773,110.780533
1780456773,110.656933
1780456773,111.195489
1780456773,110.623531
1780456773,111.506797
1780456773,111.757807
1780456773,108.268112
1780456773,108.169138
1780456773,112.552521
1780456773,112.500731
1780456773,114.777105
1780456773,107.639743
1780456773,113.067282
1780456773,109.244796
1780456773,113.136396
1780456773,108.963891
1780456773,108.891571
1780456773,109.266275
1780456773,109.700865
1780456773,109.554216
1780456773,111.365725
1780456773,109.705515
1780456773,108.107861
1780456773,111.568510
1780456773,108.501566
1780456773,111.828874
1780456773,106.658191
1780456773,112.308370
1780456773,110.695199
1780456773,110.996342
1780456773,111.048176
1780456773,111.242799
1780456773,109.640150
1780456773,109.660744
1780456773,111.019303
1780456773,111.336794
1780456773,108.334925
1780456773,108.342199
1780456773,103.869906
1780456773,113.135995
1780456773,108.547144
1780456773,113.340270
1780456773,108.709022
1780456773,112.141852
1780456773,110.549202
1780456773,110.732143
1780456773,112.185158
1780456773,112.722552
1780456773,109.293242
1780456773,104.934828
1780456773,112.309093
1780456773,110.820275
1780456773,111.484699
1780456773,111.565344
1780456773,112.871739
1780456773,112.752268
1780456773,110.162201
1780456773,113.465893
1780456773,111.914479
1780456773,111.745915
1780456773,110.184160
1780456773,110.313984
1780456773,113.290075
1780456773,114.028814
1780456773,113.949178
1780456773,112.589849
1780456773,114.507378
1780456773,111.719290
1780456773,113.017861
1780456773,109.253822
1780456773,111.781648
1780456773,111.508610
1780456773,110.306236
1780456773,111.156045
1780456773,109.838602
1780456773,111.385874
1780456773,109.098903
1780456773,115.137126
1780456773,110.781114
1780456773,115.171286
1780456773,105.990839
1780456773,110.464140
1780456773,111.055806
1780456773,111.247763
1780456773,114.057890
1780456773,107.905166
1780456773,107.259027
1780456773,111.701740
1780456773,116.869242
1780456773,107.158575
1780456773,113.785614
1780456773,115.531234
1780456773,115.687155
1780456773,112.045452
1780456773,106.237851
1780456773,106.314534
1780456773,116.854565
1780456773,106.388183
1780456773,112.664235
1780456773,112.601625
1780456773,109.512160
1780456773,112.731667
1780456773,112.968747
1780456773,104.537457
1780456773,111.102591
1780456773,104.825108
1780456773,116.330450
1780456773,116.303468
1780456773,116.187226
1780456773,117.857433
1780456773,105.761231
1780456773,112.260677
1780456773,116.424220
1780456773,105.884515
1780456773,111.519255
1780456773,113.271142
1780456773,113.496589
1780456773,116.858859
1780456773,114.998622
1780456773,115.715343
1780456773,106.520880
1780456773,115.869918
1780456773,112.355856
1780456773,105.315458
1780456773,111.676716
1780456773,107.396197
1780456773,104.967900
1780456773,116.624837
1780456773,112.053100
1780456773,107.547562
1780456773,113.206869
1780456773,107.058352
1780456773,115.004330
1780456773,112.430967
1780456773,116.389014
1780456773,106.279260
1780456773,116.589111
1780456773,127.445562
1780456773,112.463847
1780456773,116.023654
1780456773,114.041097
1780456773,115.599352
1780456773,111.106014
1780456773,128.216569
1780456773,110.267268
1780456773,112.442994
1780456773,112.438926
1780456773,112.521894
1780456773,109.895828
1780456773,128.310474
1780456773,109.991378
1780456773,126.398411
1780456773,126.095426
1780456773,110.890430
1780456773,129.249938
1780456773,112.578149
1780456773,127.165903
1780456773,127.239050
1780456773,110.351557
1780456773,129.305138
1780456773,115.774279
1780456773,112.545791
1780456773,127.436682
1780456773,109.714211
1780456773,115.950798
1780456773,126.664027
1780456773,128.415471
1780456773,112.743446
1780456773,111.095293
1780456773,127.508099
1780456773,113.139261
1780456773,111.295796
1780456773,128.048341
1780456773,111.289959
1780456773,114.593174
1780456773,102.759913
1780456773,125.299148
1780456773,128.051967
1780456773,109.828911
1780456773,110.781970
1780456773,125.411215
1780456773,112.102716
1780456773,124.245763
1780456773,103.297188
1780456773,110.156862
1780456773,109.570883
1780456773,111.254231
1780456773,122.695231
1780456773,102.397441
1780456773,110.564834
1780456773,115.107733
1780456773,102.793524
1780456773,110.774757
1780456773,121.396000
1780456773,115.282600
1780456773,102.920515
1780456773,109.906025
1780456773,124.876381
1780456773,111.151983
1780456773,123.534454
1780456773,109.887019
1780456773,102.453202
1780456773,111.149027
1780456773,102.705969
1780456773,111.177031
1780456773,126.061232
1780456773,111.386526
1780456773,102.891351
1780456773,116.516754
1780456773,102.775920
1780456773,109.347505
1780456773,102.943219
1780456773,102.844755
1780456773,116.791289
1780456773,103.105540
1780456773,103.366575
1780456773,110.080982
1780456773,110.039341
1780456773,116.891747
1780456773,110.164690
1780456773,110.161146
1780456773,103.359679
1780456773,103.558999
1780456773,117.070521
1780456773,118.326689
1780456773,102.540166
1780456773,111.616751
1780456773,103.887780
1780456773,120.537593
1780456773,110.683520
1780456773,111.796847
1780456773,104.213772
1780456773,103.126502
1780456773,120.269066
1780456773,109.911887
1780456773,117.093238
1780456773,111.206400
1780456773,103.650070
1780456773,111.556867
1780456773,103.461360
1780456773,110.305086
1780456773,102.602319
1780456773,103.964205
1780456773,110.541449
1780456773,110.961976
1780456773,110.782470
1780456773,120.399060
1780456773,111.193380
1780456773,119.330013
1780456773,104.659639
1780456773,117.894355
1780456773,121.763620
1780456773,104.600405
1780456773,104.559329
1780456773,103.424488
1780456773,106.273612
1780456773,111.293559
1780456773,111.216420
1780456773,104.838954
1780456773,119.631874
1780456773,119.678621
1780456773,103.750723
1780456773,121.007338
1780456773,102.924691
1780456773,103.334149
1780456773,110.792835
1780456773,120.165365
1780456773,103.165357
1780456773,103.320278
1780456773,112.202376
1780456773,111.294849
1780456773,103.969201
1780456773,119.874398
1780456773,111.311569
1780456773,105.955737
1780456773,103.634053
1780456773,119.208225
1780456773,111.512017
1780456773,118.696391
1780456773,103.183217
1780456773,121.394789
1780456773,111.523608
1780456773,106.154418
1780456773,119.616807
1780456773,105.332933
1780456773,106.457423
1780456773,105.464437
1780456773,110.810153
1780456773,120.712452
1780456773,120.580517
1780456773,111.112159
1780456773,105.849361
1780456773,111.171200
1780456773,111.548822
1780456773,106.233282
1780456773,119.085812
1780456773,111.735846
1780456773,119.864484
1780456773,117.613031
1780456773,117.374650
1780456773,103.305117
1780456773,111.738006
1780456773,103.505461
1780456773,118.135170
1780456773,118.316776
1780456773,118.529794
1780456773,116.528308
1780456773,119.630711
1780456773,102.867447
1780456773,116.941928
1780456773,103.260400
1780456773,110.589626
1780456773,119.496450
1780456773,103.193479
1780456773,118.746383
1780456773,103.213317
1780456773,107.648505
1780456773,119.785033
1780456773,105.148893
1780456773,113.843241
1780456773,118.669849
1780456773,111.041852
1780456773,109.539447
1780456773,112.675265
1780456773,103.713053
1780456773,119.237282
1780456773,112.692934
1780456773,108.057773
1780456773,107.708316
1780456773,111.364705
1780456773,108.154764
1780456773,107.702158
1780456773,108.665924
1780456773,106.993525
1780456773,108.849869
1780456773,107.163032
1780456773,112.847270
1780456773,108.817613
1780456773,119.897367
1780456773,114.435787
1780456773,103.994091
1780456773,109.003676
1780456773,104.329278
1780456773,111.612563
1780456773,109.111885
1780456773,120.446225
1780456773,121.153612
1780456773,119.557625
1780456773,102.918169
1780456773,104.261143
1780456773,107.355509
1780456773,110.690709
1780456773,107.479442
1780456773,119.733387
1780456773,110.675406
1780456773,119.722859
1780456773,107.727196
1780456773,103.214861
1780456773,105.094348
1780456773,120.173833
1780456773,109.658269
1780456773,108.061791
1780456773,119.278662
1780456773,106.805648
1780456773,108.089127
1780456773,106.973700
1780456773,108.298587
1780456773,119.494774
1780456773,107.048311
1780456773,105.341384
1780456773,119.481499
1780456773,108.422648
1780456773,105.489187
1780456773,105.833788
1780456773,119.816392
1780456773,107.489284
1780456773,107.481970
1780456773,105.852103
1780456773,106.108807
1780456773,120.081088
1780456773,108.937175
1780456773,107.741959
1780456773,120.426774
1780456773,107.792496
1780456773,106.262701
1780456773,109.505315
1780456773,104.835277
1780456773,105.194393
1780456773,120.627761
1780456773,106.629796
1780456773,120.764917
1780456773,108.228447
1780456773,108.454552
1780456773,109.807846
1780456773,120.919515
1780456773,107.328588
1780456773,108.683533
1780456773,105.713244
1780456773,108.718371
1780456773,107.574138
1780456773,109.042956
1780456773,121.322774
1780456773,107.561427
1780456773,107.378184
1780456773,109.072156
1780456773,106.123450
1780456773,120.461450
1780456773,106.285540
1780456773,109.612462
1780456773,120.788258
1780456773,109.341287
1780456773,106.410345
1780456773,106.485807
1780456773,120.781058
1780456773,108.455791
1780456773,106.514468
1780456773,108.509720
1780456773,121.328513
1780456773,105.296520
1780456773,108.685255
1780456773,105.498870
1780456773,121.363453
1780456773,107.223185
1780456773,121.582988
1780456773,107.452424
1780456773,120.619323
1780456773,107.710319
1780456773,121.997695
1780456773,107.866006
1780456773,108.176029
1780456773,108.153368
1780456773,109.719059
1780456773,122.371440
1780456773,109.818981
1780456773,105.204953
1780456773,108.328683
1780456773,108.599718
1780456773,122.668758
1780456773,108.749771
1780456773,110.280110
1780456773,108.632663
1780456773,105.895692
1780456773,107.188097
1780456773,123.178952
1780456773,107.548121
1780456773,104.660765
1780456773,108.981728
1780456773,122.185561
1780456773,107.639136
1780456773,106.395384
1780456773,109.088374
1780456773,119.879349
1780456773,107.802726
1780456773,109.259935
1780456773,109.231822
1780456773,122.525169
1780456773,108.328615
1780456773,106.717439
1780456773,122.767787
1780456773,109.465436
1780456773,107.131265
1780456773,108.588682
1780456773,121.834145
1780456773,108.538563
1780456773,121.966320
1780456773,105.918351
1780456773,108.514025
1780456773,110.375354
1780456773,122.312503
1780456773,106.108485
1780456773,107.555422
1780456773,107.662405
1780456773,106.162193
1780456773,122.465370
1780456773,109.214165
1780456773,109.260105
1780456773,109.293442
1780456773,106.378056
1780456773,122.759300
1780456773,106.674265
1780456773,107.848460
1780456773,109.433498
1780456773,109.760344
1780456773,122.910813
1780456773,108.333445
1780456773,108.451927
1780456773,121.899133
1780456773,109.968198
1780456773,108.440362
1780456773,107.235129
1780456773,122.129577
1780456773,108.905778
1780456773,107.398866
1780456773,122.329456
1780456773,110.353107
1780456773,107.470332
1780456773,106.371048
1780456773,107.818012
1780456773,121.396789
1780456773,109.233389
1780456773,107.800983
1780456773,110.699953
1780456773,109.442235
1780456773,106.710958
1780456773,109.755161
1780456773,120.482711
1780456773,108.356170
1780456773,106.001580
1780456773,107.201055
1780456773,120.642476
1780456773,110.244974
1780456773,107.285269
1780456773,110.227225
1780456773,121.149349
1780456773,107.320252
1780456773,110.429042
1780456773,121.166713
1780456773,107.404188
1780456773,110.494137
1780456773,105.322007
1780456773,120.237265
1780456773,109.201841
1780456773,105.501471
1780456773,108.129274
1780456773,106.989638
1780456773,120.242795
1780456773,108.062173
1780456773,110.976460
1780456773,108.467449
1780456773,121.883531
1780456773,109.818243
1780456773,108.229582
1780456773,108.447877
1780456773,119.163736
1780456773,107.753642
1780456773,122.320269
1780456773,110.330890
1780456773,110.295838
1780456773,110.465058
1780456773,108.212865
1780456773,108.942655
1780456773,121.387787
1780456773,108.312898
1780456773,105.649717
1780456773,109.235693
1780456773,118.482229
1780456773,105.572883
1780456773,109.422146
1780456773,109.138198
1780456773,118.551900
1780456773,107.402132
1780456773,105.966799
1780456773,108.830811
1780456773,120.325718
1780456773,109.950766
1780456773,106.072922
1780456773,110.052226
1780456773,121.643573
1780456773,104.813948
1780456773,120.666636
1780456773,109.120341
1780456773,110.207174
1780456773,110.501929
1780456773,110.343193
1780456773,116.523478
1780456773,106.435250
1780456773,120.964117
1780456773,108.102945
1780456773,110.544206
1780456773,105.532654
1780456773,105.285048
1780456773,113.681836
1780456773,110.581680
1780456773,108.582680
1780456773,110.143287
1780456773,111.301756
1780456773,108.883811
1780456773,110.840470
1780456773,111.305639
1780456773,109.193562
1780456773,110.272993
1780456773,105.636627
1780456773,104.424285
1780456773,107.999863
1780456773,109.367219
1780456773,109.461205
1780456773,109.628514
1780456773,106.498107
1780456773,111.909329
1780456773,109.814293
1780456773,109.746527
1780456773,111.924877
1780456773,111.387521
1780456773,108.655549
1780456773,106.985637
1780456773,111.663989
1780456773,106.880382
1780456773,107.519572
1780456773,109.010289
1780456773,110.382197
1780456773,107.372478
1780456773,109.094030
1780456773,107.765182
1780456773,107.216818
1780456773,107.915435
1780456773,109.364728
1780456773,108.117743
1780456773,109.632504
1780456773,109.377331
1780456773,108.206903
1780456773,109.685675
1780456773,109.845033
1780456773,108.485101
1780456773,108.285944
1780456773,108.404997
1780456773,109.847263
1780456773,108.154414
1780456773,108.960778
1780456773,110.398568
1780456773,108.505541
1780456773,104.188409
1780456773,112.069605
1780456773,113.361425
1780456773,104.402613
1780456773,109.162821
1780456773,104.234750
1780456773,112.389711
1780456773,107.583788
1780456773,112.670631
1780456773,106.611791
1780456773,107.886686
1780456773,107.875043
1780456773,112.755463
1780456773,104.965337
1780456773,109.913628
1780456773,109.211517
1780456773,109.477843
1780456773,109.645543
1780456773,108.229669
1780456773,105.176610
1780456773,109.600358
1780456773,111.954799
1780456773,102.750710
1780456773,107.086136
1780456773,108.720038
1780456773,104.446649
1780456773,107.394754
1780456773,113.541470
1780456773,107.271369
1780456773,109.048292
1780456773,110.254401
1780456773,107.461007
1780456773,112.388258
1780456773,104.685121
1780456773,103.517726
1780456773,109.428605
1780456773,107.824407
1780456773,108.028002
1780456773,109.555239
1780456773,106.646549
1780456773,108.299939
1780456773,105.027790
1780456773,107.019667
1780456773,109.657609
1780456773,103.976320
1780456773,106.948732
1780456773,108.594377
1780456773,104.376712
1780456773,108.837522
1780456773,108.594174
1780456773,107.536978
1780456773,103.362998
1780456773,110.319335
1780456773,107.716256
1780456773,107.628604
1780456773,104.775352
1780456773,112.600179
1780456773,107.854237
1780456773,107.851703
1780456773,102.652864
1780456773,108.041345
1780456773,106.481449
1780456773,110.966125
1780456773,108.331926
1780456773,106.602076
1780456773,112.991751
1780456773,102.999483
1780456773,107.053588
1780456773,102.968325
1780456773,110.071379
1780456773,103.257127
1780456773,108.753049
1780456773,103.088477
1780456773,111.539625
1780456773,103.396568
1780456773,108.805406
1780456773,103.667384
1780456773,107.752101
1780456773,110.583890
1780456773,102.533157
1780456773,107.615432
1780456773,114.115414
1780456773,102.624495
1780456773,107.994933
1780456773,103.906625
1780456773,102.775190
1780456773,108.125916
1780456773,111.180653
1780456773,102.936029
1780456773,111.266136
1780456773,108.575323
1780456773,108.652519
1780456773,111.490828
1780456773,102.102872
1780456773,108.835659
1780456773,111.603990
1780456773,107.594259
1780456773,113.452812
1780456773,113.496164
1780456773,109.145966
1780456773,102.622717
1780456773,112.119919
1780456773,113.881064
1780456773,102.793424
1780456773,106.893403
1780456773,113.685248
1780456773,112.678647
1780456773,103.068733
1780456773,111.122157
1780456773,107.137361
1780456773,103.167043
1780456773,103.345455
1780456773,107.371462
1780456773,111.502630
1780456773,102.399828
1780456773,107.638263
1780456773,113.046513
1780456773,107.844379
1780456773,110.541093
1780456773,102.658341
1780456773,112.017275
1780456773,106.720177
1780456773,102.868896
1780456773,106.965628
1780456773,112.113098
1780456773,106.998633
1780456773,101.703828
1780456773,112.290573
1780456773,103.124479
1780456773,107.294116
1780456773,111.108587
1780456773,103.197620
1780456773,111.522101
1780456773,103.435604
1780456773,111.545106
1780456773,103.732681
1780456773,102.236887
1780456773,111.840551
1780456773,103.921701
1780456773,110.594631
1780456773,103.802637
1780456773,111.707581
1780456773,104.047157
1780456773,102.831578
1780456773,112.058562
1780456773,101.705586
1780456773,104.208259
1780456773,111.044384
1780456773,104.445574
1780456773,104.666681
1780456773,112.379858
1780456773,103.404353
1780456773,104.933741
1780456773,103.493934
1780456773,111.553932
1780456773,102.285063
1780456773,104.964865
1780456773,103.625973
1780456773,111.692041
1780456773,104.028167
1780456773,109.324009
1780456773,104.029136
1780456773,102.925068
1780456773,109.531260
1780456773,103.125395
1780456773,104.398175
1780456773,103.117287
1780456773,103.253745
1780456773,104.495975
1780456773,108.717142
1780456773,103.586006
1780456773,103.568727
1780456773,109.030060
1780456773,103.742073
1780456773,109.222913
1780456773,103.925450
1780456773,103.058128
1780456773,108.276221
1780456773,108.570614
1780456773,108.642352
1780456773,108.834906
1780456773,109.026359
1780456773,102.594101
1780456773,109.458812
1780456773,102.867870
1780456773,109.706576
1780456773,109.971859
1780456773,103.528004
1780456773,108.971295
1780456773,102.802014
1780456773,103.023678
1780456773,103.048048
1780456773,109.698370
1780456773,103.211862
1780456773,103.267259
1780456773,109.813096
1780456773,103.259429
1780456773,109.884675
1780456773,103.399970
1780456773,103.568365
1780456773,103.488470
1780456773,104.948378
1780456773,103.567857
1780456773,103.845120
1780456773,103.612828
1780456773,103.838753
1780456773,103.977446
1780456773,103.521035
1780456773,103.750574
1780456773,104.050749
1780456773,102.492599
1780456773,104.014750
1780456773,104.210150
1780456773,104.505080
1780456773,102.608177
1780456773,104.806814
1780456773,102.914583
1780456773,104.495128
1780456773,103.115613
1780456773,105.218017
1780456773,105.180408
1780456773,105.416129
1780456773,105.890058
1780456773,102.676486
1780456773,103.992322
1780456773,105.553069
1780456773,104.066363
1780456773,106.049026
1780456773,105.688875
1780456773,106.025463
1780456773,106.611641
1780456773,102.023908
1780456773,106.359531
1780456773,105.030174
1780456773,105.145696
1780456773,102.345601
1780456773,103.176622
1780456773,103.347174
1780456773,105.976661
1780456773,105.950193
1780456773,106.157248
1780456773,106.247581
1780456773,103.719588
1780456773,106.527013
1780456773,103.917217
1780456773,105.870752
1780456773,108.505911
1780456773,108.744027
1780456773,108.908941
1780456773,104.811159
1780456773,104.269116
1780456773,109.700767
1780456773,109.407158
1780456773,107.664409
1780456773,105.168455
1780456773,110.072344
1780456773,108.819586
1780456773,105.879058
1780456773,105.863603
1780456773,105.788566
1780456773,103.333881
1780456773,109.177312
1780456773,105.765585
1780456773,103.649448
1780456773,106.521928
1780456773,109.514098
1780456773,109.833600
1780456773,104.355490
1780456773,104.735146
1780456773,105.224047
1780456773,104.173490
1780456773,106.720724
1780456773,104.393309
1780456773,104.526589
1780456773,105.222056
1780456773,102.928272
1780456773,111.616026
1780456773,107.328553
1780456773,107.267305
1780456773,107.490092
1780456773,107.157240
1780456773,107.348053
1780456773,106.038199
1780456773,107.574915
1780456773,105.745503
1780456773,107.488081
1780456773,105.938403
1780456773,107.614725
1780456773,107.733981
1780456773,106.378350
1780456773,106.490995
1780456773,106.958411
1780456773,109.708522
1780456773,108.320049
1780456773,108.120229
1780456773,108.358090
1780456773,108.336427
1780456773,108.418722
1780456773,108.227281
1780456773,108.365032
1780456773,108.126704
1780456773,108.609927
1780456773,107.368089
1780456773,108.831056
1780456773,109.257618
1780456773,106.775899
1780456773,111.580563
1780456773,111.831925
1780456773,110.689325
1780456773,110.921294
1780456773,111.827765
1780456773,105.184169
1780456773,108.953522
1780456773,112.700496
1780456773,113.803693
1780456773,112.484540
1780456773,105.755527
1780456773,108.616413
1780456773,105.770718
1780456773,105.786296
1780456773,105.686782
1780456773,108.947155
1780456773,104.392203
1780456773,107.103191
1780456773,107.503423
1780456773,103.761137
1780456773,107.573999
1780456773,110.726012
1780456773,110.749423
1780456773,107.958682
1780456773,107.887665
1780456773,107.856599
1780456773,110.835424
1780456773,105.976333
1780456773,109.482888
1780456773,107.693500
1780456773,109.811066
1780456773,107.667221
1780456773,112.169642
1780456773,117.177765
1780456773,117.446630
1780456773,117.228602
1780456773,116.863290
1780456773,112.298415
1780456773,114.933974
1780456773,118.096137
1780456773,106.703359
1780456773,107.203370
1780456773,117.945173
1780456773,112.646711
1780456773,111.345391
1780456773,111.336811
1780456773,114.115788
1780456773,109.097469
1780456773,114.197170
1780456773,114.132227
1780456773,113.023324
1780456773,110.352444
1780456773,110.453566
1780456773,119.329703
1780456773,119.371079
1780456773,119.435915
1780456773,119.540647
1780456773,119.568915
1780456773,119.509664
1780456773,119.486698
1780456773,119.544783
1780456773,119.618105
1780456773,119.625967
1780456773,119.750110
1780456773,119.818378
1780456773,119.841455
1780456773,111.045629
1780456773,111.107312
1780456773,113.056154
1780456773,115.374064
1780456773,115.310583
1780456773,112.378933
1780456773,117.138368
1780456773,115.638107
1780456773,118.217836
1780456773,113.350675
1780456773,107.230717
1780456773,113.491036
1780456773,118.399137
1780456773,113.615432
1780456773,118.506409
1780456773,111.639561
1780456773,111.776470
1780456773,111.905891
1780456773,111.818367
1780456773,111.816000
1780456773,111.941590
1780456773,112.072704
1780456773,112.196211
1780456773,117.693530
1780456773,123.903980
1780456773,108.265096
1780456773,108.257554
1780456773,108.454457
1780456773,108.779011
1780456773,113.646556
1780456773,113.807340
1780456773,104.475050
1780456773,104.570991
1780456773,105.400944
1780456773,109.042455
1780456773,108.772742
1780456773,107.313344
1780456773,109.439860
1780456773,112.049277
1780456773,112.050832
1780456773,115.173854
1780456773,115.253813
1780456773,116.746861
1780456773,114.209402
1780456773,115.323135
1780456773,117.345677
1780456773,117.536464
1780456773,114.273167
1780456773,117.489408
1780456773,106.587543
1780456773,109.730200
1780456773,106.768446
1780456773,114.517538
1780456773,114.153953
1780456773,114.677807
1780456773,105.359574
1780456773,107.374957
1780456773,103.647892
1780456773,115.360296
1780456773,117.201530
1780456773,105.661619
1780456773,117.379149
1780456773,106.493647
1780456773,119.194510
1780456773,106.620618
1780456773,106.708468
1780456773,113.546718
1780456773,106.898708
1780456773,119.283895
1780456773,118.263087
1780456773,106.967559
1780456773,118.224088
1780456773,114.925422
1780456773,120.727868
1780456773,115.915352
1780456773,121.075213
1780456773,116.108391
1780456773,108.712816
1780456773,117.274549
1780456773,120.300297
1780456773,108.985644
1780456773,118.585963
1780456773,119.434295
1780456773,119.962186
1780456773,110.139203
1780456773,120.458542
1780456773,110.205370
1780456773,120.865847
1780456773,120.928598
1780456773,125.206307
1780456773,125.491546
1780456773,114.043950
1780456773,114.176241
1780456773,114.180074
1780456773,113.165268
1780456773,118.822900
1780456773,109.568092
1780456773,118.571944
1780456773,110.443598
1780456773,110.480229
1780456773,110.408135
1780456773,112.854769
1780456773,113.470608
1780456773,126.042451
1780456773,114.846423
1780456773,115.275430
1780456773,122.299605
1780456773,127.460372
1780456773,125.665987
1780456773,115.229487
1780456773,115.338623
1780456773,123.217423
1780456773,127.797652
1780456773,115.691774
1780456773,115.413848
1780456773,106.947105
1780456773,120.138355
1780456773,121.365395
1780456773,107.231838
1780456773,107.598497
1780456773,107.199207
1780456773,114.015289
1780456773,121.789583
1780456773,121.889348
1780456773,120.440427
1780456773,121.858660
1780456773,123.241510
1780456773,123.335102
1780456773,123.490484
1780456773,123.320137
1780456773,123.179738
1780456773,123.492184
1780456773,123.476450
1780456773,123.522888
1780456773,116.519838
1780456773,127.371850
1780456773,127.112744
1780456773,127.221274
1780456773,127.459400
1780456773,127.392243
1780456773,115.550522
1780456773,117.925730
1780456773,118.015064
1780456773,111.654182
1780456773,111.919411
1780456773,118.672606
1780456773,110.194234
1780456773,119.604540
1780456773,110.667504
1780456773,121.958603
1780456773,116.531255
1780456773,116.361299
1780456773,123.308110
1780456773,125.121209
1780456773,125.326001
1780456773,116.752684
1780456773,116.577723
1780456773,116.664710
1780456773,117.023351
1780456773,127.081691
1780456773,117.038137
1780456773,117.284857
1780456773,117.588174
1780456773,125.602282
1780456773,117.120442
1780456773,116.992218
1780456773,125.750815
1780456773,117.167963
1780456773,114.416333
1780456773,111.882815
1780456773,122.576530
1780456773,122.029743
1780456773,113.322155
1780456773,113.763875
1780456773,112.922265
1780456773,112.442590
1780456773,108.026558
1780456773,122.163733
1780456773,122.473392
1780456773,122.209536
1780456773,108.696075
1780456773,115.104611
1780456773,115.658855
1780456773,115.818785
1780456773,138.656998
1780456773,114.224050
1780456773,114.220961
1780456773,114.310158
1780456773,123.074057
1780456773,116.590762
1780456773,116.774351
1780456773,126.202295
1780456773,125.407413
1780456773,124.103162
1780456773,126.191261
1780456773,124.754730
1780456773,125.361000
1780456773,126.464805
1780456773,124.258842
1780456773,119.838379
1780456773,119.767259
1780456773,113.213558
1780456773,122.842647
1780456773,117.676121
1780456773,117.081905
1780456773,116.902189
1780456773,124.083189
1780456773,119.444904
1780456773,117.274629
1780456773,117.952835
1780456773,119.633745
1780456773,114.026086
1780456773,107.240747
1780456773,115.837481
1780456773,107.972418
1780456773,110.806095
1780456773,121.076611
1780456773,121.051589
1780456773,127.407546
1780456773,121.224969
1780456773,131.072485
1780456773,130.984152
1780456773,131.098064
1780456773,126.206736
1780456773,131.270142
1780456773,138.515127
1780456773,137.672429
1780456773,127.709005
1780456773,119.437488
1780456773,120.232820
1780456773,120.421862
1780456773,118.964452
1780456773,115.352986
1780456773,115.534759
1780456773,115.646815
1780456773,111.328186
1780456773,102.673468
1780456773,108.175940
1780456773,106.413709
1780456773,114.084504
1780456773,105.704119
1780456773,111.759124
1780456773,111.783842
1780456773,111.791555
1780456773,111.791179
1780456773,112.041276
1780456773,107.216532
1780456773,104.818192
1780456773,104.980308
1780456773,105.016109
1780456773,105.825907
1780456773,106.371610
1780456773,106.467354
1780456773,107.493872
1780456773,112.083303
1780456773,112.341718
1780456773,112.377846
1780456773,112.475478
1780456773,112.223691
1780456773,112.501110
1780456773,112.573048
1780456773,112.417432
1780456773,112.561926
1780456773,104.315734
1780456773,104.452430
1780456773,115.647203
1780456773,115.341776
1780456773,112.519763
1780456773,112.697281
1780456773,112.672524
1780456773,113.705706
1780456773,114.812438
1780456773,112.809566
1780456773,113.836099
1780456773,114.679652
1780456773,116.474839
1780456773,115.021851
1780456773,115.101749
1780456773,115.431940
1780456773,115.122426
1780456773,105.644606
1780456773,108.668369
1780456773,113.073289
1780456773,105.349786
1780456773,109.349542
1780456773,105.721652
1780456773,105.926933
1780456773,112.377705
1780456773,104.441699
1780456773,105.596480
1780456773,108.908998
1780456773,107.221395
1780456773,107.050362
1780456773,109.196459
1780456773,107.861604
1780456773,107.450879
1780456773,107.930158
1780456773,107.702946
1780456773,107.770182
1780456773,108.874034
1780456773,108.788642
1780456773,108.954090
1780456773,109.606199
1780456773,109.801101
1780456773,107.281753
1780456773,107.196028
1780456773,105.118249
1780456773,107.033368
1780456773,112.695474
1780456773,112.894383
1780456773,111.358360
1780456773,111.377035
1780456773,109.444139
1780456773,108.744557
1780456773,108.466253
1780456773,107.802851
1780456773,107.801450
1780456773,109.236638
1780456773,110.479158
1780456773,110.208908
1780456773,107.941109
1780456773,103.771599
1780456773,117.866186
1780456773,110.842580
1780456773,114.648647
1780456773,117.104818
1780456773,116.892279
1780456773,117.295529
1780456773,117.393981
1780456773,114.730720
1780456773,114.725037
1780456773,114.866217
1780456773,114.710890
1780456773,119.508295
1780456773,122.065025
1780456773,111.662622
1780456773,112.882187
1780456773,106.419008
1780456773,121.538754
1780456773,110.732401
1780456773,108.879833
1780456773,111.066650
1780456773,123.198711
1780456773,123.069772
1780456773,121.695342
1780456773,123.077664
1780456773,123.231938
1780456773,122.972580
1780456773,113.243863
1780456773,113.427481
1780456773,113.524364
1780456773,113.604492
1780456773,113.722684
1780456773,123.545908
1780456773,123.279966
1780456773,123.381602
1780456773,123.533804
1780456773,123.715808
1780456773,123.809756
1780456773,123.961362
1780456773,111.986226
1780456773,112.056935
1780456773,110.302185
1780456773,119.736316
1780456773,116.150384
1780456773,116.235632
1780456773,108.792893
1780456773,117.685128
1780456773,117.696366
1780456773,113.921646
1780456773,123.732494
1780456773,120.290012
1780456773,120.340423
1780456773,106.755838
1780456773,120.464764
1780456773,120.544861
1780456773,121.892896
1780456773,113.738701
1780456773,113.850663
1780456773,121.624933
1780456773,115.500389
1780456773,112.875979
1780456773,107.999921
1780456773,113.204466
1780456773,113.696690
1780456773,116.411214
1780456773,112.538938
1780456773,121.241595
1780456773,117.250635
1780456773,117.944889
1780456773,117.437821
1780456773,121.493596
1780456773,114.304855
1780456773,114.394612
1780456773,110.726050
1780456773,114.653490
1780456773,121.658356
1780456773,121.741365
1780456773,114.287237
1780456773,114.254521
1780456773,114.378103
1780456773,111.534096
1780456773,111.559562
1780456773,109.520517
1780456773,120.085117
1780456773,104.698748
1780456773,112.158487
1780456773,119.293514
1780456773,115.527212
1780456773,115.649458
1780456773,120.257756
1780456773,120.257092
1780456773,120.374150
1780456773,115.031171
1780456773,119.989957
1780456773,114.367868
1780456773,103.919975
1780456773,104.221106
1780456773,103.835867
1780456773,103.974371
1780456773,117.456155
1780456773,120.216308
1780456773,120.210496
1780456773,119.642590
1780456773,120.077581
1780456773,105.203556
1780456773,119.831864
1780456773,118.124816
1780456773,120.264494
1780456773,119.824420
1780456773,129.884496
1780456773,114.926667
1780456773,120.701077
1780456773,105.276182
1780456773,126.786208
1780456773,119.427408
1780456773,130.959059
1780456773,126.416996
1780456773,123.674438
1780456773,119.665596
1780456773,126.986982
1780456773,119.701233
1780456773,119.444164
1780456773,119.717594
1780456773,119.658181
1780456773,119.806925
1780456773,119.970652
1780456773,120.094716
1780456773,127.101914
1780456773,117.239448
1780456773,117.519482
1780456773,117.823161
1780456773,117.729509
1780456773,117.963863
1780456773,119.789273
1780456773,119.883671
1780456773,126.880489
1780456773,120.659821
1780456773,119.706292
1780456773,112.238975
1780456773,125.714887
1780456773,119.692047
1780456773,119.543371
1780456773,126.492052
1780456773,126.691793
1780456773,112.633256
1780456773,126.562557
1780456773,127.083605
1780456773,126.963609
1780456773,121.305165
1780456773,121.332147
1780456773,120.442993
1780456773,116.686857
1780456773,109.712680
1780456773,121.974730
1780456773,117.164138
1780456773,128.653298
1780456773,128.917302
1780456773,122.927455
1780456773,109.386500
1780456773,115.221402
1780456773,109.912307
1780456773,110.162345
1780456773,115.088359
1780456773,121.605237
1780456773,110.871969
1780456773,124.921346
1780456773,130.821586
1780456773,123.535244
1780456773,123.522555
1780456773,124.418188
1780456773,128.303903
1780456773,122.602720
1780456773,127.806848
1780456773,118.460942
1780456773,128.304594
1780456773,120.675792
1780456773,113.792246
1780456773,128.307714
1780456773,116.929853
1780456773,121.241838
1780456773,117.093181
1780456773,119.325221
1780456773,116.927127
1780456773,116.807861
1780456773,125.314264
1780456773,115.013004
1780456773,125.729011
1780456773,125.506680
1780456773,125.096173
1780456773,112.971897
1780456773,112.944018
1780456773,125.698204
1780456773,151.115389
1780456773,158.200254
1780456773,142.825667
1780456773,143.182900
1780456773,145.235472
1780456773,151.468222
1780456773,151.473311
1780456773,134.769933
1780456773,129.981691
1780456773,138.193022
1780456773,131.828554
1780456773,131.636010
1780456773,131.935376
1780456773,131.707134
1780456773,139.533207
1780456773,132.119417
1780456773,140.612662
1780456773,153.289895
1780456773,153.524023
1780456773,142.902185
1780456773,154.085785
1780456773,135.482717
1780456773,157.229965
1780456773,164.128280
1780456773,144.633710
1780456773,164.283434
1780456773,164.571594
1780456773,156.762960
1780456773,153.814983
1780456773,156.917674
1780456773,153.666703
1780456773,156.493901
1780456773,156.888126
1780456773,162.017492
1780456773,157.126485
1780456773,164.336639
1780456773,157.812852
1780456773,143.667313
1780456773,143.962364
1780456773,164.589356
1780456773,145.112104
1780456773,136.375596
1780456773,150.290859
1780456773,158.438555
1780456773,156.962440
1780456773,158.254312
1780456773,157.070755
1780456773,157.180357
1780456773,157.256889
1780456773,157.332546
1780456773,151.813176
1780456773,151.913932
1780456773,160.075267
1780456773,140.262424
1780456773,159.937971
1780456773,140.425653
1780456773,139.184027
1780456773,140.102562
1780456773,160.235473
1780456773,140.205976
1780456773,142.119820
1780456773,142.486570
1780456773,143.617973
1780456773,159.756308
1780456773,161.692210
1780456773,159.840356
1780456773,152.094129
1780456773,152.488274
1780456773,158.062763
1780456773,158.813702
1780456773,158.836613
1780456773,147.595603
1780456773,146.769854
1780456773,156.157137
1780456773,147.833442
1780456773,148.046041
1780456773,157.324245
1780456773,156.442537
1780456773,160.089436
1780456773,160.366959
1780456773,160.244868
1780456773,150.945108
1780456773,146.007535
1780456773,156.697057
1780456773,149.324915
1780456773,142.515268
1780456773,154.621991
1780456773,140.561104
1780456773,138.518810
1780456773,135.660210
1780456773,135.406477
1780456773,153.862251
1780456773,137.961594
1780456773,147.495405
1780456773,156.170352
1780456773,146.428875
1780456773,135.042779
1780456773,157.935641
1780456773,133.768242
1780456773,134.167334
1780456773,157.100900
1780456773,132.617616
1780456773,143.693365
1780456773,143.604916
1780456773,157.376486
1780456773,138.341906
1780456773,157.620539
1780456773,146.003219
1780456773,144.367394
1780456773,158.237193
1780456773,133.408480
1780456773,143.927682
1780456773,145.322922
1780456773,144.255934
1780456773,142.981496
1780456773,144.396688
1780456773,157.482974
1780456773,141.156275
1780456773,140.914349
1780456773,159.645305
1780456773,143.314170
1780456773,140.662963
1780456773,158.676754
1780456773,132.234770
1780456773,132.253971
1780456773,159.117051
1780456773,139.233476
1780456773,143.351465
1780456773,159.273496
1780456773,132.204574
1780456773,142.392451
1780456773,157.225271
1780456773,140.364475
1780456773,141.261887
1780456773,164.666717
1780456773,158.469063
1780456773,163.918368
1780456773,140.879568
1780456773,159.470085
1780456773,132.408558
1780456773,132.648931
1780456773,140.728232
1780456773,167.382789
1780456773,141.717455
1780456773,143.648646
1780456773,141.096611
1780456773,140.262127
1780456773,166.024052
1780456773,140.313704
1780456773,142.823522
1780456773,165.358449
1780456773,140.217792
1780456773,161.147490
1780456773,163.201130
1780456773,140.313534
1780456773,162.332400
1780456773,144.514459
1780456773,162.588248
1780456773,160.433956
1780456773,140.752217
1780456773,143.094577
1780456773,139.283878
1780456773,135.556909
1780456773,171.034999
1780456773,140.071300
1780456773,172.579787
1780456773,143.342654
1780456773,137.662199
1780456773,137.490542
1780456773,136.328526
1780456773,151.688288
1780456773,152.006968
1780456773,143.736088
1780456773,143.195284
1780456773,161.042162
1780456773,143.151087
1780456773,142.258276
1780456773,165.248357
1780456773,152.841047
1780456773,153.152203
1780456773,136.354787
1780456773,165.469662
1780456773,165.946198
1780456773,166.283776
1780456773,153.002141
1780456773,153.510353
1780456773,153.610298
1780456773,174.156515
1780456773,169.560304
1780456773,153.651834
1780456773,162.781211
1780456773,176.546214
1780456773,175.151873
1780456773,176.803502
1780456773,167.743669
1780456773,156.624365
1780456773,174.949541
1780456773,153.070057
1780456773,167.441753
1780456773,175.048809
1780456773,165.749118
1780456773,177.622989
1780456773,166.599460
1780456773,174.154752
1780456773,167.341007
1780456773,166.064223
1780456773,165.872442
1780456773,165.992115
1780456773,165.501666
1780456773,149.269393
1780456773,149.341033
1780456773,149.210793
1780456773,171.326655
1780456773,171.063356
1780456773,147.758235
1780456773,171.361537
1780456773,174.604572
1780456773,147.840923
1780456773,170.742723
1780456773,170.884957
1780456773,174.983370
1780456773,169.776708
1780456773,169.596187
1780456773,176.709677
1780456773,145.909310
1780456773,171.216924
1780456773,175.684572
1780456773,148.315771
1780456773,147.719642
1780456773,170.435884
1780456773,175.837366
1780456773,142.450759
1780456773,176.365126
1780456773,173.615982
1780456773,148.474054
1780456773,173.822416
1780456773,158.892638
1780456773,182.772684
1780456773,143.753729
1780456773,182.434639
1780456773,145.940719
1780456773,182.812277
1780456773,159.020706
1780456773,178.831942
1780456773,174.052004
1780456773,171.334786
1780456773,144.246097
1780456773,182.884724
1780456773,181.691702
1780456773,159.783883
1780456773,140.841961
1780456773,143.681932
1780456773,148.396854
1780456773,145.477495
1780456773,142.985319
1780456773,178.871151
1780456773,142.953574
1780456773,179.031737
1780456773,143.658118
1780456773,177.739976
1780456773,166.550894
1780456773,143.499748
1780456773,170.489059
1780456773,175.338441
1780456773,173.568612
1780456773,146.692978
1780456773,147.161437
1780456773,171.559128
1780456773,172.828605
1780456773,163.462021
1780456773,174.493742
1780456773,161.015701
1780456773,171.440711
1780456773,142.501549
1780456773,161.424642
1780456773,162.403784
1780456773,168.604673
1780456773,143.073051
1780456773,141.443225
1780456773,146.168548
1780456773,168.960270
1780456773,168.942036
1780456773,142.024680
1780456773,171.237775
1780456773,169.384091
1780456773,162.422199
1780456773,142.760906
1780456773,171.949036
1780456773,174.006557
1780456773,173.552266
1780456773,181.198650
1780456773,173.512698
1780456773,178.174538
1780456773,171.463829
1780456773,172.654217
1780456773,178.088740
1780456773,180.200273
1780456773,172.951179
1780456773,182.550786
1780456773,172.568972
1780456773,177.002797
1780456773,178.182617
1780456773,185.389711
1780456773,183.204682
1780456773,148.550253
1780456773,171.283745
1780456773,177.265541
1780456773,150.166915
1780456773,171.135516
1780456773,149.669307
1780456773,180.057324
1780456773,147.946239
1780456773,183.967879
1780456773,179.639481
1780456773,166.780304
1780456773,180.728864
1780456773,148.087279
1780456773,178.194269
1780456773,148.056242
1780456773,179.017016
1780456773,148.349854
1780456773,149.109384
1780456773,174.757643
1780456773,184.684788
1780456773,166.961943
1780456773,174.858655
1780456773,168.317844
1780456773,183.096387
1780456773,172.542442
1780456773,150.951520
1780456773,175.004945
1780456773,177.196936
1780456773,182.383844
1780456773,184.703490
1780456773,184.722028
1780456773,184.177219
1780456773,183.946395
1780456773,174.554480
1780456773,172.863632
1780456773,184.985081
1780456773,156.084180
1780456773,183.000089
1780456773,156.074284
1780456773,154.149202
1780456773,175.746612
1780456773,175.304992
1780456773,169.113173
1780456773,154.653654
1780456773,155.386158
1780456773,155.073232
1780456773,154.028420
1780456773,154.442211
1780456773,155.348999
1780456773,173.749248
1780456773,184.790754
1780456773,180.959589
1780456773,173.596352
1780456773,182.078981
1780456773,154.015734
1780456773,182.129436
1780456773,157.079890
1780456773,153.906294
1780456773,174.432983
1780456773,173.028374
1780456773,172.269743
1780456773,156.433899
1780456773,179.236477
1780456773,174.604577
1780456773,193.574464
1780456773,174.903171
1780456773,193.505720
1780456773,159.418891
1780456773,194.882749
1780456773,194.189565
1780456773,193.968333
1780456773,175.312123
1780456773,196.857439
1780456773,160.157476
1780456773,197.003147
1780456773,176.608876
1780456773,177.450544
1780456773,168.778416
1780456773,160.996592
1780456773,198.655425
1780456773,178.132555
1780456773,196.823403
1780456773,198.841285
1780456773,198.953387
1780456773,196.793100
1780456773,195.191161
1780456773,191.301971
1780456773,160.416700
1780456773,178.045351
1780456773,179.691097
1780456773,178.507791
1780456773,172.830397
1780456773,180.007584
1780456773,179.777488
1780456773,192.580232
1780456773,160.514388
1780456773,191.334356
1780456773,160.669720
1780456773,191.642373
1780456773,200.193596
1780456773,190.182678
1780456773,173.716374
1780456773,154.377023
1780456773,153.784271
1780456773,170.538359
1780456773,193.508319
1780456773,191.231358
1780456773,190.214613
1780456773,190.891397
1780456773,170.139559
1780456773,167.258307
1780456773,170.010714
1780456773,161.033053
1780456773,162.476797
1780456773,162.554912
1780456773,209.847244
1780456773,204.406158
1780456773,161.338902
1780456773,162.706511
1780456773,205.107430
1780456773,169.857769
1780456773,160.931606
1780456773,164.565629
1780456773,151.850773
1780456773,154.470280
1780456773,154.470883
1780456773,192.791973
1780456773,154.263429
1780456773,205.836614
1780456773,157.915457
1780456773,161.703023
1780456773,193.144884
1780456773,206.608906
1780456773,205.712699
1780456773,158.171044
1780456773,193.262170
1780456773,153.098851
1780456773,194.551867
1780456773,204.799216
1780456773,160.930198
1780456773,198.202414
1780456773,153.346388
1780456773,158.996206
1780456773,187.222313
1780456773,197.976491
1780456773,153.991785
1780456773,199.608260
1780456773,197.158320
1780456773,167.697384
1780456773,157.812165
1780456773,156.421405
1780456773,149.379521
1780456773,186.624322
1780456773,153.270576
1780456773,153.044876
1780456773,153.258418
1780456773,149.318405
1780456773,148.541010
1780456773,197.139755
1780456773,150.644033
1780456773,163.892078
1780456773,195.510576
1780456773,190.603275
1780456773,162.691882
1780456773,163.112572
1780456773,146.412956
1780456773,190.415415
1780456773,145.127808
1780456773,145.327738
1780456773,144.557840
1780456773,198.022389
1780456773,197.989572
1780456773,145.973045
1780456773,197.728593
1780456773,197.627239
1780456773,202.841499
1780456773,196.720765
1780456773,149.629705
1780456773,202.818093
1780456773,149.601348
1780456773,196.679995
1780456773,196.549032
1780456773,146.952865
1780456773,164.890099
1780456773,164.824341
1780456773,145.452590
1780456773,199.972694
1780456773,200.173271
1780456773,139.936615
1780456773,140.246292
1780456773,140.394069
1780456773,140.374979
1780456773,140.337170
1780456773,208.131518
1780456773,140.787623
1780456773,140.835190
1780456773,208.364762
1780456773,142.196907
1780456773,206.657195
1780456773,142.395311
1780456773,194.807964
1780456773,204.997525
1780456773,204.865705
1780456773,204.076073
1780456773,204.987064
1780456773,204.376114
1780456773,195.788904
1780456773,209.385343
1780456773,144.994495
1780456773,220.420521
1780456773,145.139369
1780456773,205.998770
1780456773,218.486234
1780456773,214.836713
1780456773,217.756102
1780456773,144.101551
1780456773,213.163748
1780456773,207.267738
1780456773,205.862898
1780456773,203.054692
1780456773,217.771114
1780456773,204.780457
1780456773,215.790940
1780456773,206.236254
1780456773,214.141621
1780456773,215.827732
1780456773,206.616745
1780456773,211.775274
1780456773,206.841829
1780456773,203.946033
1780456773,216.429802
1780456773,204.798478
1780456773,211.712434
1780456773,204.538729
1780456773,211.869085
1780456773,206.820463
1780456773,212.000932
1780456773,206.999862
1780456773,212.089324
1780456773,203.091548
1780456773,214.036504
1780456773,203.877944
1780456773,203.508939
1780456773,207.938201
1780456773,147.704247
1780456773,202.160901
1780456773,149.995194
1780456773,201.453191
1780456773,150.640324
1780456773,150.792501
1780456773,201.143012
1780456773,147.040668
1780456773,149.655625
1780456773,209.015881
1780456773,149.557318
1780456773,201.536492
1780456773,150.215311
1780456773,150.345372
1780456773,201.804039
1780456773,150.465250
1780456773,209.743135
1780456773,145.001044
1780456773,145.101671
1780456773,202.109829
1780456773,141.372439
1780456773,141.237451
1780456773,202.642300
1780456773,140.644723
1780456773,202.436243
1780456773,140.830755
1780456773,140.488890
1780456773,208.874859
1780456773,140.699653
1780456773,209.289813
1780456773,139.508813
1780456773,135.398378
1780456773,209.021739
1780456773,139.686637
1780456773,200.973137
1780456773,135.917092
1780456773,201.788552
1780456773,136.260425
1780456773,136.342127
1780456773,206.135429
1780456773,141.645573
1780456773,141.698153
1780456773,141.909161
1780456773,205.925477
1780456773,141.040222
1780456773,202.987859
1780456773,141.510575
1780456773,137.618568
1780456773,142.911175
1780456773,208.539497
1780456773,141.815285
1780456773,208.744233
1780456773,142.056491
1780456773,208.805147
1780456773,133.247034
1780456773,224.270066
1780456773,219.996148
1780456773,216.092768
1780456773,217.567316
1780456773,216.185122
1780456773,202.068402
1780456773,218.236919
1780456773,221.740734
1780456773,220.773926
1780456773,218.554223
1780456773,218.542417
1780456773,205.485357
1780456773,214.289862
1780456773,220.347169
1780456773,209.439143
1780456773,220.572347
1780456773,218.695897
1780456773,203.532892
1780456773,217.951957
1780456773,211.176869
1780456773,212.921594
1780456773,221.418237
1780456773,204.688003
1780456773,219.232703
1780456773,221.640220
1780456773,204.940887
1780456773,211.621055
1780456773,220.560318
1780456773,204.415019
1780456773,216.759236
1780456773,212.175822
1780456773,205.570476
1780456773,221.012235
1780456773,220.913563
1780456773,211.482853
1780456773,205.685614
1780456773,205.546921
1780456773,211.825806
1780456773,211.943452
1780456773,206.958176
1780456773,206.754430
1780456773,208.864239
1780456773,215.649409
1780456773,221.580069
1780456773,206.068731
1780456773,221.585443
1780456773,206.353961
1780456773,221.498286
1780456773,215.099319
1780456773,206.361007
1780456773,214.990061
1780456773,213.199525
1780456773,222.096759
1780456773,213.028232
1780456773,213.741852
1780456773,220.466253
1780456773,142.538727
1780456773,220.779857
1780456773,218.302115
1780456773,137.967271
1780456773,145.673017
1780456773,145.490992
1780456773,138.159065
1780456773,138.039217
1780456773,145.596423
1780456773,145.300437
1780456773,221.616295
1780456773,138.354136
1780456773,138.813444
1780456773,138.906113
1780456773,139.104834
1780456773,224.841098
1780456773,146.889316
1780456773,139.268303
1780456773,139.673644
1780456773,140.011111
1780456773,224.276947
1780456773,220.717334
1780456773,138.897124
1780456773,219.545678
1780456773,139.285811
1780456773,218.996595
1780456773,139.702057
1780456773,140.079259
1780456773,139.984446
1780456773,235.766288
1780456773,234.494117
1780456773,234.666619
1780456773,236.061431
1780456773,142.180248
1780456773,137.569024
1780456773,221.628714
1780456773,137.653631
1780456773,138.591297
1780456773,138.685407
1780456773,138.935420
1780456773,142.214464
1780456773,121.686036
1780456773,121.731063
1780456773,140.033653
1780456773,140.087831
1780456773,149.499882
1780456773,239.560977
1780456773,239.108724
1780456773,232.621752
1780456773,232.305260
1780456773,238.412012
1780456773,238.422255
1780456773,238.721279
1780456773,232.617163
1780456773,233.498132
1780456773,238.743411
1780456773,230.680367
1780456773,229.904846
1780456773,149.972444
1780456773,229.276526
1780456773,134.332958
1780456773,134.747754
1780456773,228.148160
1780456773,230.564387
1780456773,228.799026
1780456773,240.311139
1780456773,229.444927
1780456773,237.302198
1780456773,227.556043
1780456773,240.556769
1780456773,228.542838
1780456773,232.684606
1780456773,241.737079
1780456773,232.248289
1780456773,154.781992
1780456773,229.974528
1780456773,241.008213
1780456773,232.340219
1780456773,233.652913
1780456773,252.566087
1780456773,237.600148
1780456773,225.084874
1780456773,225.653625
1780456773,232.621195
1780456773,247.704544
1780456773,248.471804
1780456773,239.625198
1780456773,250.659770
1780456773,233.432299
1780456773,235.266661
1780456773,239.895857
1780456773,246.170710
1780456773,240.930458
1780456773,238.312409
1780456773,248.245040
1780456773,255.873010
1780456773,247.090572
1780456773,254.103227
1780456773,249.592305
1780456773,250.279706
1780456773,259.221472
1780456773,272.886089
1780456773,255.326327
1780456773,251.606469
1780456773,261.054610
1780456773,261.366771
1780456773,252.321187
1780456773,252.427350
1780456773,261.475277
1780456773,255.017910
1780456773,253.257015
1780456773,265.410759
1780456773,275.661726
1780456773,259.693002
1780456773,261.671086
1780456773,256.519094
1780456773,262.280758
1780456773,262.774108
1780456773,267.458526
1780456773,268.334691
1780456773,261.340269
1780456773,267.146067
1780456773,261.361192
1780456773,274.697008
1780456773,261.996944
1780456773,263.889365
1780456773,269.095861
1780456773,264.261004
1780456773,267.967609
1780456773,262.552046
1780456773,258.620040
1780456773,263.028856
1780456773,277.287451
1780456773,265.085758
1780456773,267.250745
1780456773,267.478040
1780456773,266.430962
1780456773,251.372809
1780456773,274.759065
1780456773,269.094181
1780456773,268.517699
1780456773,282.522866
1780456773,263.453341
1780456773,284.981073
1780456773,283.368900
1780456773,285.471685
1780456773,285.900264
1780456773,270.380337
1780456773,288.089215
1780456773,273.942920
1780456773,294.642915
1780456773,272.678691
1780456773,271.616337
1780456773,285.982142
1780456773,273.868974
1780456773,274.516389
1780456773,281.063160
1780456773,290.746939
1780456773,289.380155
1780456773,305.704909
1780456773,315.572001
1780456773,304.961331
1780456773,287.066373
1780456773,310.144760
1780456773,311.636075
1780456773,296.200392
1780456773,309.084857
1780456773,312.641311
1780456773,313.014953
1780456773,299.590423
1780456773,314.954361
1780456773,192.857762
1780456773,198.607475
1780456773,304.289808
1780456773,292.539156
1780456773,295.386287
1780456773,189.106746
1780456773,297.446478
1780456773,201.979190
1780456773,297.680636
1780456773,303.541241
1780456773,298.220116
1780456773,298.524519
1780456773,304.136366
1780456773,298.843635
1780456773,299.229029
1780456773,297.742645
1780456773,306.885956
1780456773,304.243078
1780456773,306.455564
1780456773,314.902489
1780456773,314.949919
1780456773,312.450628
1780456773,311.126473
1780456773,320.149315
1780456773,198.902495
1780456773,321.359864
1780456773,317.034478
1780456773,338.957850
1780456773,298.748016
1780456773,302.071785
1780456773,289.884306
1780456773,293.066460
1780456773,300.514321
1780456773,177.038051
1780456773,187.019364
1780456773,295.815657
1780456773,329.934173
1780456773,343.032301
1780456773,330.808886
1780456773,331.846937
1780456773,343.671553
1780456773,333.711639
1780456773,334.583439
1780456773,335.207594
1780456773,336.917929
1780456773,336.917587
1780456773,336.808343
1780456773,322.887925
1780456773,324.589479
1780456773,338.895998
1780456773,325.432843
1780456773,334.499063
1780456773,325.711260
1780456773,327.434223
1780456773,347.606864
1780456773,328.072544
1780456773,335.726764
1780456773,339.067487
1780456773,340.062377
1780456773,339.679354
1780456773,340.060233
1780456773,339.488984
1780456773,340.735120
1780456773,341.384862
1780456773,324.254083
1780456773,326.068047
1780456773,324.763898
1780456773,327.180420
1780456773,327.848727
1780456773,328.167134
1780456773,313.135542
1780456773,320.397674
1780456773,323.631106
1780456773,328.329116
1780456773,325.674279
1780456773,328.505926
1780456773,325.992095
1780456773,324.381992
1780456773,195.482129
1780456773,316.056261
1780456773,197.690121
1780456773,195.712877
1780456773,196.121635
1780456773,198.776905
1780456773,311.957636
1780456773,201.598735
1780456773,196.663194
1780456773,204.654570
1780456773,305.288372
1780456773,203.617896
1780456773,197.221074
1780456773,205.092530
1780456773,312.304991
1780456773,205.444527
1780456773,313.163554
1780456773,314.589116
1780456773,295.008772
1780456773,316.346282
1780456773,210.463244
1780456773,199.459522
1780456773,212.454714
1780456773,199.903091
1780456773,212.734441
1780456773,200.501156
1780456773,211.637905
1780456773,209.820601
1780456773,211.428882
1780456773,333.778729
1780456773,218.372244
1780456773,201.696592
1780456773,315.043390
1780456773,334.584419
1780456773,318.002014
1780456773,224.532290
1780456773,335.344116
1780456773,322.065118
1780456773,325.918267
1780456773,320.740129
1780456773,323.936480
1780456773,332.659296
1780456773,332.887725
1780456773,326.616601
1780456773,328.325291
1780456773,333.292944
1780456773,318.272173
1780456773,334.442033
1780456773,335.418193
1780456773,319.009352
1780456773,335.306525
1780456773,320.393463
1780456773,322.773511
1780456773,341.038385
1780456773,319.606191
1780456773,286.913614
1780456773,287.079032
1780456773,287.450823
1780456773,336.481828
1780456773,294.665019
1780456773,338.714350
1780456773,343.592854
1780456773,294.944979
1780456773,194.581896
1780456773,339.631296
1780456773,350.216126
1780456773,339.639002
1780456773,340.024760
1780456773,296.064793
1780456773,295.887658
1780456773,351.304886
1780456773,358.915937
1780456773,195.980971
1780456773,198.608877
1780456773,196.343257
1780456773,292.653260
1780456773,298.422836
1780456773,306.616940
1780456773,334.877130
1780456773,331.053270
1780456773,335.595674
1780456773,299.366613
1780456773,305.610973
1780456773,357.924920
1780456773,306.169723
1780456773,358.697646
1780456773,308.816582
1780456773,359.058128
1780456773,312.680663
1780456773,338.458231
1780456773,313.113828
1780456773,309.074556
1780456773,315.321579
1780456773,309.354451
1780456773,309.761716
1780456773,316.967144
1780456773,321.250559
1780456773,313.699299
1780456773,317.612989
1780456773,317.807827
1780456773,314.454062
1780456773,201.557441
1780456773,208.192311
1780456773,318.590468
1780456773,320.529372
1780456773,320.940894
1780456773,318.961410
1780456773,345.805513
1780456773,307.488832
1780456773,324.700766
1780456773,312.624872
1780456773,332.545956
1780456773,314.321279
1780456773,321.773920
1780456773,342.390766
1780456773,204.937636
1780456773,323.199502
1780456773,323.310298
1780456773,318.828034
1780456773,318.747611
1780456773,328.351129
1780456773,320.271648
1780456773,312.936821
1780456773,349.561509
1780456773,329.318947
1780456773,342.861476
1780456773,329.667723
1780456773,321.044580
1780456773,281.665601
1780456773,372.368695
1780456773,360.402554
1780456773,363.772035
1780456773,367.138096
1780456773,369.556977
1780456773,369.643845
1780456773,353.965979
1780456773,354.800822
1780456773,352.625264
1780456773,346.707201
1780456773,229.641568
1780456773,229.567844
1780456773,233.113336
1780456773,238.848808
1780456773,274.597593
1780456773,345.378813
1780456773,347.631876
1780456773,340.504134
1780456773,279.019902
1780456773,267.111815
1780456773,279.098003
1780456773,279.086984
1780456773,279.284277
1780456773,344.907102
1780456773,345.866397
1780456773,345.853425
1780456773,217.349033
1780456773,217.305871
1780456773,215.196387
1780456773,217.090057
1780456773,192.204247
1780456773,218.990861
1780456773,224.900051
1780456773,193.110160
1780456773,224.158281
1780456773,331.557253
1780456773,316.403304
1780456773,227.872919
1780456773,230.979435
1780456773,230.673604
1780456773,230.838814
1780456773,230.972939
1780456773,193.697362
1780456773,194.095806
1780456773,231.436312
1780456773,232.995027
1780456773,200.822087
1780456773,352.586269
1780456773,203.144032
1780456773,203.170430
1780456773,201.403322
1780456773,203.607902
1780456773,203.645514
1780456773,203.830419
1780456773,204.277730
1780456773,232.675996
1780456773,195.082454
1780456773,336.752507
1780456773,195.412961
1780456773,338.028964
1780456773,210.444014
1780456773,321.464027
1780456773,317.414624
1780456773,195.189109
1780456773,195.168745
1780456773,211.218616
1780456773,210.242972
1780456773,321.998531
1780456773,211.845037
1780456773,323.049843
1780456773,341.885319
1780456773,327.006116
1780456773,342.259152
1780456773,323.367398
1780456773,335.074974
1780456773,327.559637
1780456773,219.311501
1780456773,200.196567
1780456773,199.199936
1780456773,215.399245
1780456773,335.681661
1780456773,313.546802
1780456773,215.940463
1780456773,313.584711
1780456773,308.859905
1780456773,319.081112
1780456773,328.040986
1780456773,325.497373
1780456773,325.493414
1780456773,329.487248
1780456773,330.257766
1780456773,327.567293
1780456773,201.812733
1780456773,325.930929
1780456773,326.309911
1780456773,218.228150
1780456773,330.543137
1780456773,221.006366
1780456773,331.021236
1780456773,330.521471
1780456773,296.772721
1780456773,221.858504
1780456773,296.662823
1780456773,222.125123
1780456773,331.959570
1780456773,332.147292
1780456773,297.684209
1780456773,220.380905
1780456773,331.318818
1780456773,331.658880
1780456773,336.600872
1780456773,205.317308
1780456773,333.528842
1780456773,337.255000
1780456773,333.037615
1780456773,337.420322
1780456773,333.077949
1780456773,333.663015
1780456773,334.720397
1780456773,334.000442
1780456773,358.683387
1780456773,307.806790
1780456773,206.361187
1780456773,314.095180
1780456773,315.037690
1780456773,352.371689
1780456773,315.307372
1780456773,206.991657
1780456773,316.057120
1780456773,207.751090
1780456773,324.713596
1780456773,208.133472
1780456773,361.538768
1780456773,208.666733
1780456773,367.764775
1780456773,336.879813
1780456773,340.538905
1780456773,341.673909
1780456773,228.616194
1780456773,322.567361
1780456773,228.688550
1780456773,229.058485
1780456773,239.702746
1780456773,245.083204
1780456773,350.703113
1780456773,350.620084
1780456773,258.780557
1780456773,252.246165
1780456773,382.479122
1780456773,365.672257
1780456773,354.142396
1780456773,366.055911
1780456773,221.782154
1780456773,311.591496
1780456773,354.831724
1780456773,313.080272
1780456773,355.258168
1780456773,313.536263
1780456773,223.973589
1780456773,314.600185
1780456773,222.976542
1780456773,386.771806
1780456773,357.979051
1780456773,324.937349
1780456773,224.766835
1780456773,228.717674
1780456773,358.618345
1780456773,325.519843
1780456773,224.227927
1780456773,326.423144
1780456773,359.293862
1780456773,334.382766
1780456773,225.912139
1780456773,334.672184
1780456773,359.983395
1780456773,226.308967
1780456773,210.289252
1780456773,226.558237
1780456773,225.514571
1780456773,343.324778
1780456773,341.120357
1780456773,227.083445
1780456773,317.541037
1780456773,228.013675
1780456773,350.987159
1780456773,318.193792
1780456773,318.661988
1780456773,351.197983
1780456773,318.995067
1780456773,319.216704
1780456773,319.186396
1780456773,319.532405
1780456773,328.802978
1780456773,329.213695
1780456773,329.452434
1780456773,232.917418
1780456773,329.897919
1780456773,318.823789
1780456773,330.325559
1780456773,373.765024
1780456773,287.448367
1780456773,305.587078
1780456773,310.007790
1780456773,326.507497
1780456773,324.513652
1780456773,326.956115
1780456773,322.221466
1780456773,319.845024
1780456773,327.373009
1780456773,231.439799
1780456773,232.689667
1780456773,232.758874
1780456773,233.011306
1780456773,364.692983
1780456773,368.575660
1780456773,365.234151
1780456773,370.479491
1780456773,370.792897
1780456773,372.128202
1780456773,372.290678
1780456773,372.485600
1780456773,368.771217
1780456773,372.858499
1780456773,372.878836
1780456773,371.366184
1780456773,376.871527
1780456773,377.536879
1780456773,298.199673
1780456773,378.951714
1780456773,314.422375
1780456773,318.210896
1780456773,318.492844
1780456773,386.718480
1780456773,383.532867
1780456773,318.839642
1780456773,318.853126
1780456773,319.256807
1780456773,319.328526
1780456773,392.107974
1780456773,315.814143
1780456773,372.030134
1780456773,325.163390
1780456773,189.029870
1780456773,373.784857
1780456773,317.870055
1780456773,318.494830
1780456773,379.551102
1780456773,380.270827
1780456773,382.003279
1780456773,383.313105
1780456773,348.412636
1780456773,367.357196
1780456773,358.568290
1780456773,353.056790
1780456773,317.356782
1780456773,249.464078
1780456773,336.441150
1780456773,247.103100
1780456773,363.626251
1780456773,253.578745
1780456773,363.693966
1780456773,251.693416
1780456773,253.793967
1780456773,253.972273
1780456773,270.796882
1780456773,220.035732
1780456773,187.098873
1780456773,193.338084
1780456773,222.707055
1780456773,193.527496
1780456773,355.388635
1780456773,331.985234
1780456773,388.140195
1780456773,328.647460
1780456773,250.240286
1780456773,193.345475
1780456773,399.739559
1780456773,331.498757
1780456773,328.812166
1780456773,221.859250
1780456773,349.472033
1780456773,180.778907
1780456773,323.699475
1780456773,330.289048
1780456773,226.672195
1780456773,194.065588
1780456773,195.064229
1780456773,334.668273
1780456773,337.787553
1780456773,225.549750
1780456773,225.528270
1780456773,334.822531
1780456773,193.839398
1780456773,194.192467
1780456773,337.450573
1780456773,225.746220
1780456773,194.132488
1780456773,193.953342
1780456773,229.728253
1780456773,249.297423
1780456773,343.352718
1780456773,218.462760
1780456773,219.168430
1780456773,230.113396
1780456773,220.239322
1780456773,191.415397
1780456773,225.615716
1780456773,221.434344
1780456773,227.488913
1780456773,274.310074
1780456773,226.887624
1780456773,188.514178
1780456773,240.620938
1780456773,180.646379
1780456773,227.667384
1780456773,229.801265
1780456773,226.489486
1780456773,180.667947
1780456773,357.724237
1780456773,229.721344
1780456773,239.955874
1780456773,180.495898
1780456773,357.118574
1780456773,229.840579
1780456773,240.778353
1780456773,179.568438
1780456773,188.781251
1780456773,180.927610
1780456773,230.433528
1780456773,357.889789
1780456773,181.447384
1780456773,241.010797
1780456773,230.047781
1780456773,196.375810
1780456773,230.818045
1780456773,229.968290
1780456773,182.015101
1780456773,230.050372
1780456773,230.823778
1780456773,230.921601
1780456773,182.257329
1780456773,194.929670
1780456773,231.060328
1780456773,230.824603
1780456773,181.757252
1780456773,343.719259
1780456773,182.139818
1780456773,196.480950
1780456773,231.260062
1780456773,195.038525
1780456773,240.434113
1780456773,343.173792
1780456773,182.442443
1780456773,195.537407
1780456773,158.984597
1780456773,343.357948
1780456773,241.301581
1780456773,343.360796
1780456773,183.552076
1780456773,195.665984
1780456773,241.408789
1780456773,339.407724
1780456773,241.484134
1780456773,230.806426
1780456773,182.689781
1780456773,197.207888
1780456773,241.554362
1780456773,344.341905
1780456773,185.659439
1780456773,344.415696
1780456773,230.974275
1780456773,241.051531
1780456773,197.375778
1780456773,185.119339
1780456773,344.383487
1780456773,241.082881
1780456773,197.480503
1780456773,186.332059
1780456773,227.826449
1780456773,246.889962
1780456773,344.701375
1780456773,149.348254
1780456773,197.659958
1780456773,154.480392
1780456773,344.863656
1780456773,149.996850
1780456773,228.042797
1780456773,189.846328
1780456773,344.966709
1780456773,157.672858
1780456773,197.756932
1780456773,345.075711
1780456773,159.188965
1780456773,343.582725
1780456773,159.290026
1780456773,231.451297
1780456773,188.702422
1780456773,340.023621
1780456773,160.092448
1780456773,228.358182
1780456773,247.069251
1780456773,351.449415
1780456773,190.704598
1780456773,232.189259
1780456773,186.263767
1780456773,348.498970
1780456773,186.323826
1780456773,231.445338
1780456773,187.152631
1780456773,231.816528
1780456773,185.749701
1780456773,348.697781
1780456773,247.315431
1780456773,351.821751
1780456773,188.288523
1780456773,231.967102
1780456773,188.994945
1780456773,351.982382
1780456773,251.704661
1780456773,231.559622
1780456773,187.302998
1780456773,352.096189
1780456773,188.033305
1780456773,253.389550
1780456773,188.069024
1780456773,358.150638
1780456773,191.191368
1780456773,358.284012
1780456773,190.638150
1780456773,232.152442
1780456773,251.166556
1780456773,241.919562
1780456773,188.230354
1780456773,232.547558
1780456773,193.519220
1780456773,358.382081
1780456773,255.601358
1780456773,245.753654
1780456773,154.055627
1780456773,255.679471
1780456773,255.663944
1780456773,354.415245
1780456773,159.476407
1780456773,358.693037
1780456773,189.578949
1780456773,270.880763
1780456773,190.912930
1780456773,193.808574
1780456773,190.869812
1780456773,170.305149
1780456773,190.942911
1780456773,258.022424
1780456773,155.341730
1780456773,165.648424
1780456773,156.412628
1780456773,220.386607
1780456773,190.948673
1780456773,171.802323
1780456773,189.419993
1780456773,194.088485
1780456773,165.093003
1780456773,268.131708
1780456773,191.036859
1780456773,197.064233
1780456773,184.462469
1780456773,270.886764
1780456773,174.717935
1780456773,172.532343
1780456773,274.258543
1780456773,222.032473
1780456773,274.120819
1780456773,222.614336
1780456773,274.114350
1780456773,164.832292
1780456773,274.378574
1780456773,271.299527
1780456773,176.182442
1780456773,271.491391
1780456773,176.859150
1780456773,271.108344
1780456773,274.422842
1780456773,174.216575
1780456773,222.290720
1780456773,174.794284
1780456773,222.346582
1780456773,194.514915
1780456773,184.828221
1780456773,192.357252
1780456773,222.924830
1780456773,273.468428
1780456773,224.011890
1780456773,192.404732
1780456773,327.869922
1780456773,273.616828
1780456773,227.168865
1780456773,275.562195
1780456773,274.802976
1780456773,177.127542
1780456773,222.242312
1780456773,178.736409
1780456773,175.717847
1780456773,179.733060
1780456773,178.818986
1780456773,223.608000
1780456773,275.443970
1780456773,183.341349
1780456773,194.921368
1780456773,181.251896
1780456773,194.843950
1780456773,184.468938
1780456773,258.880705
1780456773,183.403479
1780456773,258.951320
1780456773,188.213579
1780456773,170.257167
1780456773,186.238366
1780456773,176.341273
1780456773,187.570643
1780456773,186.328257
1780456773,186.439223
1780456773,189.155077
1780456773,190.607818
1780456773,189.000759
1780456773,192.938417
1780456773,192.089812
1780456773,187.806762
1780456773,192.172998
1780456773,192.409311
1780456773,193.089227
1780456773,224.705785
1780456773,225.181905
1780456773,192.468550
1780456773,198.320688
1780456773,225.361575
1780456773,193.198256
1780456773,276.091314
1780456773,193.047858
1780456773,169.376958
1780456773,195.752966
1780456773,160.776391
1780456773,192.545267
1780456773,171.731325
1780456773,198.619491
1780456773,161.601727
1780456773,224.277529
1780456773,162.596410
1780456773,198.622496
1780456773,163.142231
1780456773,198.938865
1780456773,163.120069
1780456773,198.643062
1780456773,164.935107
1780456773,198.888782
1780456773,165.268171
1780456773,199.072426
1780456773,167.581476
1780456773,198.664352
1780456773,168.240627
1780456773,200.100111
1780456773,166.318337
1780456773,200.045487
1780456773,175.060105
1780456773,200.077656
1780456773,167.131968
1780456773,200.154441
1780456773,200.428849
1780456773,200.222061
1780456773,223.185328
1780456773,200.449027
1780456773,168.316027
1780456773,200.495557
1780456773,168.015527
1780456773,183.786985
1780456773,165.919171
1780456773,200.513115
1780456773,168.468287
1780456773,182.403888
1780456773,175.592731
1780456773,222.557842
1780456773,169.445229
1780456773,169.755870
1780456773,181.175750
1780456773,193.313259
1780456773,182.077319
1780456773,233.415957
1780456773,183.799047
1780456773,355.130746
1780456773,225.055779
1780456773,244.690835
1780456773,183.550766
1780456773,260.226347
1780456773,226.323241
1780456773,169.612666
1780456773,183.964594
1780456773,184.242775
1780456773,183.684234
1780456773,225.913116
1780456773,228.934387
1780456773,337.377947
1780456773,184.083327
1780456773,225.319031
1780456773,199.631630
1780456773,341.262842
1780456773,151.986541
1780456773,152.333082
1780456773,276.804202
1780456773,153.303124
1780456773,273.741513
1780456773,153.206991
1780456773,157.819293
1780456773,154.131450
1780456773,158.068682
1780456773,154.755323
1780456773,154.975766
1780456773,155.338765
1780456773,156.465996
1780456773,156.562181
1780456773,162.755581
1780456773,173.160431
1780456773,173.389758
1780456773,160.194213
1780456773,163.045180
1780456773,158.182213
1780456773,158.524166
1780456773,164.096142
1780456773,166.164442
1780456773,159.933964
1780456773,160.238893
1780456773,160.496787
1780456773,161.792662
1780456773,162.920435
1780456773,272.935925
1780456773,272.063819
1780456773,172.798359
1780456773,146.149734
1780456773,146.406166
1780456773,146.829141
1780456773,147.113151
1780456773,148.316535
1780456773,147.131293
1780456773,275.920094
1780456773,276.034724
1780456773,276.026108
1780456773,275.667174
1780456773,144.267180
1780456773,276.228046
1780456773,145.170190
1780456773,156.720199
1780456773,270.398241
1780456773,270.327674
1780456773,270.400664
1780456773,270.464555
1780456773,271.508098
1780456773,271.532793
1780456773,272.458193
1780456773,272.505720
1780456773,271.683351
1780456773,157.589876
1780456773,169.300715
1780456773,269.179105
1780456773,164.372593
1780456773,162.538330
1780456773,158.023067
1780456773,158.581428
1780456773,143.988043
1780456773,157.739416
1780456773,157.304800
1780456773,158.228031
1780456773,149.270670
1780456773,155.387507
1780456773,149.496305
1780456773,148.470245
1780456773,144.557671
1780456773,158.225455
1780456773,149.352127
1780456773,145.119294
1780456773,141.083581
1780456773,162.138341
1780456773,140.841255
1780456773,140.691596
1780456773,155.291633
1780456773,155.763171
1780456773,277.222521
1780456773,167.524471
1780456773,266.693271
1780456773,153.381964
1780456773,262.963882
1780456773,263.719056
1780456773,188.122355
1780456773,152.562935
1780456773,145.833172
1780456773,263.886150
1780456773,268.333343
1780456773,159.179336
1780456773,270.842770
1780456773,189.571218
1780456773,261.729661
1780456773,191.028574
1780456773,190.085894
1780456773,245.015262
1780456773,189.870636
1780456773,245.627128
1780456773,192.047992
1780456773,244.886452
1780456773,248.352990
1780456773,248.111195
1780456773,165.669244
1780456773,248.311197
1780456773,248.607937
1780456773,167.196641
1780456773,174.634935
1780456773,245.696110
1780456773,164.215186
1780456773,249.049572
1780456773,163.558950
1780456773,244.657736
1780456773,193.400576
1780456773,236.642893
1780456773,164.272241
1780456773,178.840790
1780456773,216.795150
1780456773,148.612447
1780456773,216.689492
1780456773,146.695107
1780456773,163.399484
1780456773,215.256299
1780456773,175.882229
1780456773,237.258634
1780456773,166.217577
1780456773,215.735398
1780456773,216.075564
1780456773,163.873818
1780456773,217.463275
1780456773,161.468252
1780456773,216.395020
1780456773,160.092901
1780456773,216.637213
1780456773,146.623752
1780456773,153.135808
1780456773,157.958861
1780456773,218.510340
1780456773,157.947126
1780456773,146.784775
1780456773,217.560319
1780456773,154.282153
1780456773,148.099471
1780456773,218.004837
1780456773,144.954217
1780456773,206.301570
1780456773,146.262428
1780456773,217.998547
1780456773,206.705760
1780456773,144.462906
1780456773,144.420926
1780456773,133.280836
1780456773,142.879363
1780456773,206.375534
1780456773,202.045075
1780456773,201.441812
1780456773,143.232354
1780456773,144.320816
1780456773,147.583985
1780456773,144.298054
1780456773,145.278057
1780456773,202.975064
1780456773,142.747671
1780456773,201.500209
1780456773,141.367857
1780456773,140.922066
1780456773,201.768576
1780456773,141.295907
1780456773,201.591240
1780456773,139.364661
1780456773,201.862188
1780456773,201.563935
1780456773,141.319195
1780456773,157.767025
1780456773,148.186147
1780456773,157.654090
1780456773,202.473684
1780456773,158.020133
1780456773,141.279387
1780456773,137.562224
1780456773,137.504561
1780456773,137.389063
1780456773,148.601951
1780456773,144.156589
1780456773,201.494360
1780456773,205.549740
1780456773,200.539377
1780456773,183.993110
1780456773,197.099557
1780456773,142.129258
1780456773,139.323447
1780456773,194.993300
1780456773,150.557690
1780456773,139.561586
1780456773,194.768377
1780456773,139.650001
1780456773,194.928793
1780456773,137.738701
1780456773,151.215448
1780456773,139.855008
1780456773,193.912764
1780456773,137.852230
1780456773,191.446646
1780456773,137.970812
1780456773,138.981327
1780456773,192.431289
1780456773,151.079307
1780456773,149.171681
1780456773,140.186813
1780456773,181.135560
1780456773,139.520220
1780456773,193.467797
1780456773,185.653594
1780456773,140.920133
1780456773,201.432960
1780456773,140.874401
1780456773,194.925100
1780456773,148.596817
1780456773,160.060996
1780456773,193.041822
1780456773,175.891081
1780456773,138.308563
1780456773,191.827158
1780456773,148.567823
1780456773,175.556152
1780456773,175.158992
1780456773,141.011780
1780456773,174.774163
1780456773,185.404047
1780456773,193.445305
1780456773,174.719630
1780456773,185.525312
1780456773,174.458284
1780456773,140.822859
1780456773,174.715311
1780456773,175.443910
1780456773,174.563351
1780456773,138.197256
1780456773,179.796673
1780456773,139.765226
1780456773,139.347178
1780456773,174.918128
1780456773,136.741160
1780456773,138.141351
1780456773,159.917825
1780456773,139.056468
1780456773,170.668884
1780456773,188.035216
1780456773,137.724921
1780456773,187.333765
1780456773,137.642173
1780456773,132.353118
1780456773,170.770488
1780456773,186.270650
1780456773,180.119566
1780456773,174.593056
1780456773,136.946108
1780456773,162.289345
1780456773,157.521230
1780456773,159.681321
1780456773,156.053177
1780456773,189.741298
1780456773,155.808670
1780456773,187.498683
1780456773,156.320631
1780456773,156.110966
1780456773,202.275122
1780456773,156.230205
1780456773,169.451501
1780456773,167.878159
1780456773,139.542637
1780456773,185.881929
1780456773,134.171207
1780456773,199.704281
1780456773,123.466180
1780456773,200.597005
1780456773,182.285562
1780456773,182.427121
1780456773,182.057669
1780456773,155.409564
1780456773,166.805547
1780456773,182.102153
1780456773,155.195285
1780456773,181.446875
1780456773,196.084546
1780456773,164.616431
1780456773,163.949492
1780456773,196.301056
1780456773,181.037451
1780456773,154.957663
1780456773,154.487187
1780456773,161.088499
1780456773,218.107610
1780456773,173.140601
1780456773,158.837083
1780456773,178.607261
1780456773,178.809990
1780456773,159.090971
1780456773,150.864343
1780456773,166.085834
1780456773,198.947896
1780456773,179.099271
1780456773,166.465450
1780456773,173.144764
1780456773,179.739579
1780456773,179.566146
1780456773,169.293028
1780456773,155.693385
1780456773,149.134739
1780456773,156.396369
1780456773,171.579638
1780456773,172.432735
1780456773,198.599228
1780456773,149.508071
1780456773,186.694249
1780456773,204.341675
1780456773,162.870072
1780456773,171.545599
1780456773,154.651153
1780456773,165.245918
1780456773,187.182487
1780456773,165.862414
1780456773,166.415163
1780456773,189.426696
1780456773,162.763012
1780456773,154.489086
1780456773,190.551459
1780456773,174.242996
1780456773,174.310439
1780456773,174.643338
1780456773,156.141036
1780456773,156.409500
1780456773,191.839014
1780456773,201.557996
1780456773,161.055123
1780456773,156.612444
1780456773,171.253809
1780456773,156.240786
1780456773,162.736724
1780456773,152.500380
1780456773,168.900747
1780456773,206.252840
1780456773,192.306295
1780456773,214.114719
1780456773,168.364461
1780456773,149.345802
1780456773,215.188942
1780456773,159.747347
1780456773,208.307875
1780456773,204.661272
1780456773,204.536045
1780456773,196.234832
1780456773,213.952510
1780456773,208.030974
1780456773,156.386107
1780456773,204.686850
1780456773,178.183574
1780456773,174.493967
1780456773,190.859090
1780456773,188.819653
1780456773,208.247946
1780456773,155.304491
1780456773,168.621847
1780456773,164.075194
1780456773,158.866359
1780456773,159.847957
1780456773,159.541143
1780456773,158.220634
1780456773,158.005174
1780456773,152.727069
1780456773,159.523199
1780456773,173.952601
1780456773,159.044911
1780456773,158.649822
1780456773,159.491252
1780456773,159.389173
1780456773,165.439877
1780456773,158.682198
1780456773,167.778281
1780456773,158.071050
1780456773,156.571921
1780456773,166.812616
1780456773,156.819854
1780456773,169.452502
1780456773,169.581140
1780456773,158.403119
1780456773,162.025110
1780456773,152.695869
1780456773,157.775484
1780456773,158.124411
1780456773,161.350134
1780456773,158.109112
1780456773,162.448698
1780456773,152.524603
1780456773,154.345946
1780456773,176.593009
1780456773,153.851651
1780456773,154.260312
1780456773,157.995994
1780456773,154.034619
1780456773,158.089082
1780456773,158.285398
1780456773,185.699190
1780456773,156.000328
1780456773,158.775736
1780456773,181.910647
1780456773,183.664671
1780456773,187.461578
1780456773,187.672159
1780456773,190.700819
1780456773,163.351423
1780456773,163.832442
1780456773,194.420359
1780456773,169.823724
1780456773,167.272071
1780456773,170.490252
1780456773,180.581181
1780456773,182.782895
1780456773,171.297479
1780456773,173.897936
1780456773,169.740722
1780456773,144.253652
1780456773,167.390660
1780456773,171.566546
1780456773,157.719016
1780456773,170.655409
1780456773,168.574127
1780456773,158.775329
1780456773,165.561737
1780456773,173.102770
1780456773,172.460964
1780456773,159.556574
1780456773,183.198071
1780456773,159.068481
1780456773,157.782541
1780456773,157.333709
1780456773,191.515388
1780456773,173.167736
1780456773,161.999416
1780456773,158.488120
1780456773,175.267551
1780456773,158.894534
1780456773,192.451011
1780456773,163.196046
1780456773,154.666489
1780456773,155.447260
1780456773,164.203089
1780456773,157.617855
1780456773,156.517397
1780456773,164.797957
1780456773,154.630204
1780456773,156.397249
1780456773,174.809283
1780456773,165.126160
1780456773,156.066599
1780456773,157.361001
1780456773,165.947757
1780456773,155.172316
1780456773,166.311776
1780456773,155.644321
1780456773,155.082193
1780456773,164.689776
1780456773,155.241669
1780456773,181.234218
1780456773,162.540010
1780456773,162.583553
1780456773,160.308139
1780456773,162.235833
1780456773,151.070896
1780456773,151.875809
1780456773,151.741511
1780456773,155.355898
1780456773,162.901362
1780456773,190.193921
1780456773,151.695009
1780456773,175.488272
1780456773,152.972006
1780456773,151.073644
1780456773,174.182591
1780456773,153.227356
1780456773,163.914679
1780456773,153.147747
1780456773,163.951336
1780456773,161.209304
1780456773,161.699903
1780456773,160.402240
1780456773,152.336657
1780456773,160.798086
1780456773,165.772285
1780456773,195.033526
1780456773,193.932813
1780456773,182.113618
1780456773,158.695177
1780456773,177.479900
1780456773,185.124939
1780456773,159.906961
1780456773,180.366924
1780456773,187.248125
1780456773,168.924392
1780456773,148.967612
1780456773,188.566599
1780456773,168.846751
1780456773,168.719348
1780456773,195.596454
1780456773,164.717488
1780456773,182.011360
1780456773,162.057601
1780456773,181.552141
1780456773,160.402491
1780456773,202.048162
1780456773,160.521851
1780456773,161.914836
1780456773,170.180305
1780456773,138.092903
1780456773,206.118268
1780456773,175.064362
1780456773,157.296170
1780456773,154.485194
1780456773,157.215811
1780456773,152.659948
1780456773,195.361698
1780456773,183.263383
1780456773,163.388260
1780456773,163.364083
1780456773,163.114779
1780456773,165.054025
1780456773,180.566012
1780456773,158.834915
1780456773,143.692003
1780456773,160.739516
1780456773,158.281909
1780456773,161.480290
1780456773,158.314693
1780456773,206.327413
1780456773,183.074723
1780456773,199.738574
1780456773,157.830239
1780456773,120.942240
1780456773,121.179638
1780456773,158.740788
1780456773,121.603540
1780456773,151.625656
1780456773,150.400819
1780456773,143.999986
1780456773,132.060906
1780456773,131.578480
1780456773,160.052052
1780456773,162.142932
1780456773,162.559455
1780456773,189.521174
1780456773,166.226940
1780456773,135.702143
1780456773,166.160735
1780456773,166.502894
1780456773,164.128046
1780456773,127.053783
1780456773,134.038922
1780456773,134.790780
1780456773,137.236399
1780456773,176.807935
1780456773,186.247823
1780456773,164.671248
1780456773,154.270006
1780456773,154.963685
1780456773,154.842391
1780456773,155.149017
1780456773,178.446095
1780456773,150.605939
1780456773,143.973868
1780456773,139.456951
1780456773,117.722483
1780456773,120.367718
1780456773,115.881844
1780456773,114.725152
1780456773,122.491269
1780456773,122.737758
1780456773,115.791188
1780456773,123.760229
1780456773,116.662623
1780456773,120.534261
1780456773,113.270890
1780456773,123.739287
1780456773,121.938856
1780456773,112.196456
1780456773,187.823946
1780456773,117.246786
1780456773,114.813381
1780456773,112.096969
1780456773,179.756737
1780456773,173.643206
1780456773,174.220366
1780456773,172.530037
1780456773,173.607299
1780456773,173.366523
1780456773,147.080883
1780456773,169.677285
1780456773,161.622922
1780456773,147.271574
1780456773,160.819317
1780456773,172.427813
1780456773,192.526838
1780456773,192.234846
1780456773,196.827122
1780456773,132.406956
1780456773,192.039113
1780456773,139.297883
1780456773,132.559947
1780456773,195.725951
1780456773,185.084504
1780456773,188.199070
1780456773,160.879224
1780456773,188.562976
1780456773,147.414713
1780456773,132.034738
1780456773,107.943928
1780456773,132.509614
1780456773,191.758393
1780456773,191.482854
1780456773,181.614382
1780456773,132.656988
1780456773,181.766999
1780456773,132.728243
1780456773,137.962948
1780456773,188.129514
1780456773,135.864447
1780456773,135.892824
1780456773,135.586117
1780456773,136.767929
1780456773,136.660935
1780456773,182.506795
1780456773,269.046273
1780456773,182.410330
1780456773,226.965491
1780456773,179.462427
1780456773,180.125420
1780456773,232.867299
1780456773,224.792509
1780456773,230.679737
1780456773,234.999921
1780456773,219.136705
1780456773,246.740416
1780456773,246.552157
1780456773,170.237821
1780456773,232.801716
1780456773,174.869052
1780456773,217.170191
1780456773,249.421076
1780456773,218.898232
1780456773,229.595585
1780456773,255.186463
1780456773,224.914108
1780456773,259.229913
1780456773,255.777783
1780456773,217.037396
1780456773,237.410478
1780456773,247.345289
1780456773,213.686456
1780456773,247.932750
1780456773,249.907000
1780456773,250.098256
1780456773,248.373122
1780456773,247.682365
1780456773,122.616500
1780456773,121.038253
1780456773,131.188465
1780456773,122.286540
1780456773,122.296411
1780456773,123.447875
1780456773,121.818437
1780456773,122.289190
1780456773,121.852248
1780456773,124.993193
1780456773,123.692757
1780456773,247.432373
1780456773,223.049667
1780456773,220.555185
1780456773,201.763436
1780456773,211.648773
1780456773,214.057256
1780456773,202.606587
1780456773,212.892094
1780456773,154.432919
1780456773,208.265256
1780456773,194.111280
1780456773,261.592015
1780456773,194.785147
1780456773,164.552833
1780456773,194.490507
1780456773,182.963009
1780456773,195.617436
1780456773,192.428528
1780456773,195.958693
1780456773,191.876781
1780456773,195.844215
1780456773,196.369193
1780456773,141.982253
1780456773,135.766585
1780456773,149.436145
1780456773,151.683913
1780456773,130.054358
1780456773,203.032368
1780456773,126.227165
1780456773,152.981563
1780456773,135.315536
1780456773,126.056043
1780456773,126.276986
1780456773,208.566489
1780456773,154.413705
1780456773,127.305648
1780456773,153.256244
1780456773,126.364715
1780456773,154.191422
1780456773,129.407212
1780456773,215.230582
1780456773,127.614199
1780456773,254.254873
1780456773,135.864505
1780456773,232.274800
1780456773,135.607878
1780456773,233.231031
1780456773,135.990967
1780456773,236.952609
1780456773,121.871299
1780456773,236.907358
1780456773,125.885071
1780456773,237.843587
1780456773,239.491214
1780456773,164.718060
1780456773,218.869895
1780456773,257.813434
1780456773,259.322145
1780456773,194.764825
1780456773,225.808967
1780456773,179.007827
1780456773,200.006653
1780456773,259.655390
1780456773,199.610277
1780456773,200.326892
1780456773,141.981499
1780456773,222.823291
1780456773,142.365960
1780456773,141.441280
1780456773,141.978593
1780456773,142.045948
1780456773,142.152770
1780456773,142.579789
1780456773,142.192847
1780456773,142.459407
1780456773,141.582131
1780456773,142.729317
1780456773,222.809025
1780456773,238.449680
1780456773,223.478403
1780456773,150.055675
1780456773,232.442639
1780456773,171.202145
1780456773,143.015707
1780456773,143.079917
1780456773,135.288431
1780456773,141.760021
1780456773,142.488244
1780456773,144.474776
1780456773,131.484420
1780456773,130.939991
1780456773,131.896994
1780456773,131.125545
1780456773,131.951550
1780456773,136.951015
1780456773,144.749152
1780456773,142.103248
1780456773,139.926776
1780456773,141.866294
1780456773,137.866048
1780456773,144.137280
1780456773,145.041849
1780456773,142.254044
1780456773,144.608879
1780456773,138.699529
1780456773,142.271991
1780456773,145.008442
1780456773,142.168580
1780456773,129.505594
1780456773,139.345506
1780456773,145.211925
1780456773,138.284056
1780456773,145.647601
1780456773,145.713748
1780456773,145.825417
1780456773,111.262438
1780456773,145.801732
1780456773,145.864764
1780456773,131.162113
1780456773,145.717917
1780456773,115.343653
1780456773,146.723559
1780456773,138.496843
1780456773,150.348790
1780456773,143.846506
1780456773,140.146670
1780456773,141.443057
1780456773,140.573310
1780456773,136.691720
1780456773,136.681613
1780456773,145.498656
1780456773,137.949635
1780456773,138.826387
1780456773,146.565949
1780456773,146.201743
1780456773,147.275624
1780456773,146.380677
1780456773,146.359013
1780456773,147.375863
1780456773,145.539322
1780456773,144.643956
1780456773,146.522423
1780456773,144.577182
1780456773,149.418496
1780456773,146.552882
1780456773,120.820538
1780456773,149.465090
1780456773,119.490631
1780456773,157.153025
1780456773,153.317335
1780456773,145.532142
1780456773,154.567051
1780456773,159.702543
1780456773,145.011994
1780456773,160.322145
1780456773,150.746286
1780456773,159.259415
1780456773,149.974425
1780456773,159.945681
1780456773,115.901732
1780456773,111.493926
1780456773,118.763359
1780456773,119.264748
1780456773,163.637867
1780456773,122.710529
1780456773,110.116161
1780456773,148.515511
1780456773,111.424534
1780456773,111.458532
1780456773,112.956980
1780456773,137.674908
1780456773,112.996953
1780456773,153.473756
1780456773,113.606630
1780456773,113.088421
1780456773,108.732439
1780456773,150.581215
1780456773,149.501060
1780456773,146.770156
1780456773,110.413911
1780456773,109.628153
1780456773,110.411071
1780456773,145.985365
1780456773,109.716222
1780456773,109.760137
1780456773,151.914705
1780456773,157.387864
1780456773,151.827400
1780456773,156.881309
1780456773,157.792169
1780456773,156.855315
1780456773,149.184169
1780456773,142.350110
1780456773,142.382793
1780456773,149.322100
1780456773,153.976090
1780456773,142.522445
1780456773,144.630381
1780456773,142.671180
1780456773,156.363493
1780456773,142.973408
1780456773,153.971753
1780456773,143.205435
1780456773,159.045438
1780456773,139.790334
1780456773,145.789901
1780456773,139.778221
1780456773,152.547023
1780456773,139.939643
1780456773,140.118884
1780456773,144.444010
1780456773,140.234496
1780456773,144.866376
1780456773,150.835610
1780456773,140.568320
1780456773,146.837510
1780456773,145.268299
1780456773,145.485981
1780456773,140.455695
1780456773,138.882151
1780456773,138.964980
1780456773,138.218715
1780456773,139.985975
1780456773,156.061702
1780456773,148.518740
1780456773,148.837016
1780456773,148.574019
1780456773,138.608848
1780456773,114.038906
1780456773,153.444656
1780456773,115.483916
1780456773,141.909631
1780456773,142.961173
1780456773,141.536960
1780456773,143.036815
1780456773,140.218485
1780456773,115.417822
1780456773,147.399717
1780456773,142.136800
1780456773,144.095900
1780456773,143.785155
1780456773,147.685237
1780456773,156.385720
1780456773,142.194373
1780456773,140.752169
1780456773,141.729627
1780456773,140.362363
1780456773,142.332245
1780456773,142.689131
1780456773,143.997927
1780456773,143.297266
1780456773,142.464275
1780456773,140.526236
1780456773,152.517947
1780456773,154.852528
1780456773,152.547229
1780456773,152.444060
1780456773,152.486642
1780456773,158.386561
1780456773,152.667578
1780456773,117.242261
1780456773,144.130337
1780456773,153.798024
1780456773,144.579709
1780456773,118.490265
1780456773,148.204660
1780456773,143.317988
1780456773,154.230383
1780456773,143.725842
1780456773,142.726714
1780456773,141.666983
1780456773,143.483901
1780456773,136.793087
1780456773,137.734459
1780456773,133.026480
1780456773,137.046507
1780456773,138.178839
1780456773,136.811411
1780456773,136.784623
1780456773,136.865266
1780456773,125.769782
1780456773,136.344261
1780456773,136.091404
1780456773,135.596980
1780456773,125.992588
1780456773,124.107252
1780456773,135.376086
1780456773,124.295254
1780456773,135.734528
1780456773,135.679961
1780456773,135.646452
1780456773,149.249756
1780456773,123.617408
1780456773,135.782858
1780456773,149.574731
1780456773,135.445759
1780456773,134.871081
1780456773,149.094576
1780456773,134.994174
1780456773,134.648963
1780456773,134.518815
1780456773,129.845904
1780456773,134.735762
1780456773,134.728823
1780456773,135.022274
1780456773,134.121764
1780456773,134.117755
1780456773,133.617788
1780456773,133.729892
1780456773,133.753038
1780456773,132.720875
1780456773,125.161601
1780456773,132.022367
1780456773,125.353498
1780456773,147.618922
1780456773,131.663587
1780456773,147.926487
1780456773,131.560771
1780456773,125.272500
1780456773,125.353071
1780456773,152.662430
1780456773,161.631022
1780456773,152.286580
1780456773,161.097953
1780456773,148.949563
1780456773,149.167120
1780456773,157.721544
1780456773,163.960942
1780456773,163.663821
1780456773,143.126137
1780456773,163.966443
1780456773,167.561236
1780456773,149.269840
1780456773,154.552257
1780456773,130.506357
1780456773,162.509551
1780456773,158.029265
1780456773,162.653329
1780456773,161.806362
1780456773,130.513126
1780456773,130.582744
1780456773,158.056882
1780456773,162.802210
1780456773,162.583202
1780456773,162.945168
1780456773,130.031771
1780456773,153.276980
1780456773,129.970678
1780456773,153.381373
1780456773,162.761628
1780456773,140.421306
1780456773,124.128759
1780456773,154.683658
1780456773,127.707687
1780456773,128.243191
1780456773,154.947644
1780456773,132.335574
1780456773,142.749905
1780456773,134.452224
1780456773,128.988192
1780456773,139.832343
1780456773,128.977840
1780456773,145.102332
1780456773,125.326038
1780456773,155.366583
1780456773,155.380925
1780456773,155.252768
1780456773,133.440367
1780456773,133.313019
1780456773,132.416016
1780456773,133.848283
1780456773,154.803812
1780456773,132.718979
1780456773,151.855459
1780456773,132.852592
1780456773,146.951669
1780456773,156.209702
1780456773,146.865767
1780456773,143.756246
1780456773,156.218502
1780456773,145.839669
1780456773,146.561922
1780456773,128.827016
1780456773,140.881853
1780456773,132.398866
1780456773,141.309270
1780456773,154.752910
1780456773,155.251089
1780456773,153.785973
1780456773,148.912230
1780456773,129.804334
1780456773,140.830780
1780456773,133.227813
1780456773,140.595033
1780456773,133.339742
1780456773,153.804821
1780456773,153.762133
1780456773,141.115196
1780456773,152.388133
1780456773,132.682210
1780456773,147.625120
1780456773,138.034949
1780456773,130.013472
1780456773,147.972785
1780456773,146.688108
1780456773,144.845174
1780456773,127.437966
1780456773,146.887832
1780456773,128.750382
1780456773,145.879796
1780456773,128.820762
1780456773,144.359912
1780456773,127.932836
1780456773,144.017243
1780456773,143.412128
1780456773,119.933195
1780456773,141.849043
1780456773,127.213491
1780456773,129.476671
1780456773,142.035049
1780456773,142.183030
1780456773,127.585705
1780456773,127.630941
1780456773,142.058947
1780456773,141.739679
1780456773,129.066467
1780456773,117.506594
1780456773,141.405070
1780456773,127.987999
1780456773,128.269928
1780456773,140.659158
1780456773,118.122188
1780456773,129.671107
1780456773,121.866077
1780456773,143.205938
1780456773,118.677620
1780456773,128.675571
1780456773,118.904126
1780456773,141.179323
1780456773,118.413048
1780456773,155.707217
1780456773,128.381084
1780456773,118.540089
1780456773,118.483835
1780456773,154.811232
1780456773,129.212140
1780456773,128.937031
1780456773,128.642580
1780456773,129.401549
1780456773,155.150459
1780456773,127.481602
1780456773,128.619358
1780456773,141.205356
1780456773,118.598768
1780456773,127.798427
1780456773,141.445811
1780456773,118.265645
1780456773,121.377224
1780456773,118.381215
1780456773,153.770520
1780456773,118.426619
1780456773,128.171232
1780456773,120.034652
1780456773,130.099426
1780456773,152.794009
1780456773,134.545027
1780456773,119.271810
1780456773,141.694323
1780456773,133.406098
1780456773,136.392330
1780456773,116.816081
1780456773,128.860667
1780456773,149.125278
1780456773,123.161348
1780456773,142.049706
1780456773,136.641505
1780456773,123.218924
1780456773,133.862086
1780456773,120.614300
1780456773,124.104492
1780456773,134.272667
1780456773,125.363186
1780456773,123.753285
1780456773,120.138911
1780456773,133.828648
1780456773,120.228185
1780456773,126.189577
1780456773,124.511117
1780456773,124.756272
1780456773,125.546893
1780456773,124.934583
1780456773,126.728363
1780456773,125.593855
1780456773,125.921327
1780456773,125.170693
1780456773,126.017048
1780456773,124.805301
1780456773,126.628070
1780456773,119.243348
1780456773,127.680196
1780456773,124.946553
1780456773,123.504230
1780456773,127.756539
1780456773,123.822208
1780456773,127.789203
1780456773,125.976950
1780456773,123.963236
1780456773,126.346517
1780456773,128.018832
1780456773,128.062072
1780456773,123.321952
1780456773,127.030423
1780456773,128.343897
1780456773,123.411176
1780456773,126.992953
1780456773,127.139246
1780456773,122.823496
1780456773,126.405951
1780456773,126.526365
1780456773,128.942162
1780456773,128.379469
1780456773,127.232387
1780456773,128.507058
1780456773,126.153816
1780456773,128.656899
1780456773,129.367012
1780456773,158.065620
1780456773,127.583317
1780456773,126.742384
1780456773,137.366895
1780456773,142.277499
1780456773,136.234195
1780456773,137.381650
1780456773,136.181646
1780456773,135.780006
1780456773,142.316619
1780456773,129.547947
1780456773,128.950602
1780456773,136.367515
1780456773,122.547264
1780456773,128.055823
1780456773,127.292334
1780456773,135.332936
1780456773,138.734043
1780456773,125.487716
1780456773,140.812733
1780456773,128.792470
1780456773,130.074307
1780456773,125.631322
1780456773,125.593235
1780456773,125.630950
1780456773,127.021650
1780456773,134.348970
1780456773,126.752218
1780456773,128.880243
1780456773,138.949856
1780456773,123.928752
1780456773,126.424498
1780456773,129.387161
1780456773,127.717543
1780456773,121.883390
1780456773,124.625923
1780456773,126.712530
1780456773,128.011543
1780456773,124.467577
1780456773,128.807279
1780456773,129.001173
1780456773,128.533902
1780456773,128.299024
1780456773,128.384058
1780456773,129.462100
1780456773,125.660907
1780456773,125.255571
1780456773,125.895951
1780456773,129.189312
1780456773,127.649171
1780456773,129.616051
1780456773,129.713801
1780456773,129.372451
1780456773,126.914853
1780456773,125.349790
1780456773,127.383600
1780456773,129.488278
1780456773,129.617447
1780456773,128.340241
1780456773,130.653443
1780456773,129.732578
1780456773,129.005666
1780456773,126.843576
1780456773,128.732696
1780456773,126.547537
1780456773,128.372539
1780456773,129.709976
1780456773,129.620534
1780456773,129.405880
1780456773,124.682388
1780456773,126.855628
1780456773,129.381479
1780456773,127.992841
1780456773,130.564588
1780456773,128.038813
1780456773,129.633355
1780456773,129.764209
1780456773,129.642220
1780456773,125.951071
1780456773,137.553389
1780456773,129.561089
1780456773,130.012600
1780456773,127.607403
1780456773,129.246427
1780456773,130.100600
1780456773,129.459473
1780456773,138.101574
1780456773,129.432596
1780456773,130.284450
1780456773,128.009803
1780456773,130.094913
1780456773,130.441049
1780456773,130.137670
1780456773,130.763213
1780456773,129.660697
1780456773,129.865431
1780456773,130.736396
1780456773,129.609706
1780456773,132.945648
1780456773,124.558740
1780456773,129.628241
1780456773,128.638056
1780456773,129.406304
1780456773,131.175021
1780456773,124.923889
1780456773,128.482705
1780456773,125.473236
1780456773,129.008417
1780456773,128.490032
1780456773,129.968445
1780456773,131.412196
1780456773,128.720504
1780456773,129.998861
1780456773,131.433275
1780456773,126.417971
1780456773,128.504238
1780456773,130.650448
1780456773,128.648339
1780456773,132.002189
1780456773,127.320545
1780456773,130.246982
1780456773,133.897800
1780456773,134.213501
1780456773,130.868196
1780456773,134.451922
1780456773,126.031051
1780456773,130.628912
1780456773,127.229129
1780456773,134.267598
1780456773,129.898207
1780456773,139.585798
1780456773,133.948664
1780456773,130.507182
1780456773,139.784326
1780456773,130.391611
1780456773,134.349541
1780456773,130.456193
1780456773,136.050865
1780456773,132.160351
1780456773,128.543065
1780456773,134.672734
1780456773,134.171401
1780456773,131.731323
1780456773,134.240712
1780456773,131.354595
1780456773,134.654256
1780456773,132.153662
1780456773,133.811620
1780456773,131.594636
1780456773,131.531250
1780456773,133.734788
1780456773,135.963486
1780456773,129.492582
1780456773,129.571442
1780456773,135.925212
1780456773,129.609219
1780456773,135.898773
1780456773,135.917106
1780456773,135.580771
1780456773,135.538878
1780456773,133.489390
1780456773,133.334036
1780456773,135.574645
1780456773,133.163935
1780456773,130.126018
1780456773,135.704952
1780456773,134.644222
1780456773,134.633059
1780456773,135.177042
1780456773,139.103422
1780456773,139.312904
1780456773,139.529573
1780456773,134.998250
1780456773,139.280981
1780456773,135.254085
1780456773,138.772779
1780456773,139.811612
1780456773,135.324148
1780456773,135.972494
1780456773,138.533466
1780456773,138.125701
1780456773,140.768639
1780456773,138.856241
1780456773,138.202603
1780456773,138.807764
1780456773,138.170937
1780456773,136.979192
1780456773,139.266992
1780456773,139.292604
1780456773,138.405536
1780456773,139.998248
1780456773,135.333434
1780456773,140.941224
1780456773,133.084512
1780456773,140.809098
1780456773,139.005084
1780456773,132.731334
1780456773,143.756051
1780456773,143.446846
1780456773,143.019183
1780456773,125.156373
1780456773,130.033221
1780456773,131.335621
1780456773,125.415446
1780456773,139.676522
1780456773,129.414901
1780456773,141.792605
1780456773,129.494147
1780456773,138.456577
1780456773,140.335836
1780456773,136.822433
1780456773,139.700992
1780456773,125.256968
1780456773,129.194713
1780456773,125.717397
1780456773,139.635578
1780456773,128.459808
1780456773,130.752733
1780456773,139.932400
1780456773,124.958327
1780456773,142.207859
1780456773,125.007930
1780456773,138.598479
1780456773,125.210669
1780456773,121.478231
1780456773,140.265006
1780456773,140.296624
1780456773,143.847879
1780456773,144.788509
1780456773,124.474560
1780456773,143.809423
1780456773,148.395782
1780456773,148.508471
1780456773,148.607326
1780456773,144.339706
1780456773,144.537706
1780456773,149.484180
1780456773,144.981717
1780456773,145.028392
1780456773,145.219233
1780456773,143.732197
1780456773,150.186263
1780456773,132.753138
1780456773,150.960548
1780456773,147.798416
1780456773,142.355199
1780456773,151.009129
1780456773,151.104917
1780456773,147.930172
1780456773,152.307211
1780456773,148.177990
1780456773,152.308435
1780456773,132.191532
1780456773,125.908808
1780456773,152.639761
1780456773,152.696211
1780456773,124.819706
1780456773,152.868122
1780456773,153.095179
1780456773,146.849531
1780456773,124.016281
1780456773,124.091745
1780456773,133.101888
1780456773,152.214768
1780456773,126.859025
1780456773,153.292419
1780456773,153.472146
1780456773,127.056229
1780456773,132.819290
1780456773,123.997736
1780456773,123.988607
1780456773,147.881114
1780456773,126.684034
1780456773,126.792326
1780456773,151.172925
1780456773,123.344717
1780456773,154.158257
1780456773,148.460047
1780456773,153.756235
1780456773,133.915892
1780456773,151.892995
1780456773,127.898752
1780456773,125.192009
1780456773,148.479765
1780456773,152.596420
1780456773,122.499504
1780456773,122.262337
1780456773,152.550573
1780456773,119.836118
1780456773,122.355715
1780456773,148.323822
1780456773,126.579227
1780456773,145.890741
1780456773,147.092659
1780456773,121.030485
1780456773,117.648825
1780456773,150.330897
1780456773,152.043851
1780456773,152.647349
1780456773,141.678511
1780456773,152.548399
1780456773,152.086478
1780456773,152.705417
1780456773,157.340318
1780456773,129.981425
1780456773,149.477937
1780456773,149.401562
1780456773,148.854177
1780456773,153.239971
1780456773,126.697950
1780456773,137.035396
1780456773,130.642117
1780456773,153.404622
1780456773,129.512925
1780456773,153.549734
1780456773,156.357074
1780456773,136.424971
1780456773,151.701555
1780456773,136.114430
1780456773,157.339263
1780456773,156.243677
1780456773,152.568433
1780456773,152.033791
1780456773,126.255854
1780456773,155.995702
1780456773,156.127622
1780456773,156.023719
1780456773,134.433810
1780456773,151.351537
1780456773,159.730887
1780456773,156.341737
1780456773,151.947296
1780456773,159.749972
1780456773,156.628044
1780456773,157.896890
1780456773,155.896929
1780456773,155.069612
1780456773,151.562211
1780456773,152.495313
1780456773,151.514373
1780456773,155.451218
1780456773,152.032848
1780456773,155.539825
1780456773,155.190347
1780456773,153.486938
1780456773,155.641467
1780456773,154.890277
1780456773,121.126812
1780456773,128.684887
1780456773,121.634911
1780456773,152.569427
1780456773,123.395245
1780456773,119.571021
1780456773,136.518921
1780456773,127.076181
1780456773,124.615537
1780456773,120.291438
1780456773,141.530766
1780456773,160.765473
1780456773,120.733843
1780456773,121.871157
1780456773,134.084158
1780456773,143.981437
1780456773,134.151796
1780456773,118.637940
1780456773,136.671630
1780456773,135.575865
1780456773,135.314778
1780456773,160.021408
1780456773,160.920700
1780456773,159.887359
1780456773,160.213321
1780456773,160.074354
1780456773,124.315254
1780456773,159.222005
1780456773,153.096499
1780456773,159.046117
1780456773,159.168289
1780456773,159.468139
1780456773,159.995028
1780456773,161.039409
1780456773,161.469142
1780456773,134.844157
1780456773,150.908156
1780456773,137.665020
1780456773,150.992928
1780456773,132.610482
1780456773,162.059572
1780456773,137.820955
1780456773,161.889769
1780456773,134.045910
1780456773,161.586640
1780456773,134.223934
1780456773,162.284175
1780456773,131.943915
1780456773,162.409503
1780456773,161.395437
1780456773,137.187984
1780456773,147.538417
1780456773,111.418707
1780456773,129.405868
1780456773,111.552270
1780456773,127.402435
1780456773,111.756944
1780456773,125.998576
1780456773,158.185292
1780456773,111.956164
1780456773,134.556844
1780456773,158.495246
1780456773,112.203012
1780456773,158.607485
1780456773,134.812753
1780456773,112.374887
1780456773,160.494493
1780456773,134.893845
1780456773,141.570413
1780456773,112.488189
1780456773,163.852131
1780456773,112.844797
1780456773,134.193565
1780456773,161.027584
1780456773,113.076242
1780456773,157.915108
1780456773,113.169590
1780456773,148.582753
1780456773,113.555855
1780456773,147.596825
1780456773,161.624895
1780456773,113.492436
1780456773,132.141951
1780456773,140.264885
1780456773,112.511838
1780456773,132.353995
1780456773,159.895835
1780456773,114.019503
1780456773,167.178722
1780456773,158.809580
1780456773,162.132419
1780456773,111.950078
1780456773,130.607572
1780456773,165.799340
1780456773,147.535140
1780456773,128.050449
1780456773,147.645685
1780456773,111.348705
1780456773,149.284392
1780456773,165.620369
1780456773,167.111279
1780456773,148.252502
1780456773,167.057650
1780456773,164.545792
1780456773,145.884285
1780456773,116.070287
1780456773,146.181457
1780456773,166.239491
1780456773,146.366388
1780456773,110.094797
1780456773,116.298951
1780456773,165.977181
1780456773,116.276041
1780456773,116.463166
1780456773,143.051695
1780456773,116.774578
1780456773,147.184842
1780456773,115.690458
1780456773,143.551511
1780456773,110.630338
1780456773,115.930213
1780456773,167.053557
1780456773,147.721728
1780456773,115.109275
1780456773,111.081857
1780456773,145.693389
1780456773,117.658265
1780456773,144.274290
1780456773,164.471250
1780456773,168.192706
1780456773,113.666195
1780456773,167.393594
1780456773,113.747477
1780456773,167.571504
1780456773,119.901123
1780456773,168.262737
1780456773,167.992908
1780456773,166.471311
1780456773,168.123393
1780456773,115.162669
1780456773,115.342677
1780456773,172.486830
1780456773,169.751485
1780456773,171.143034
1780456773,159.713633
1780456773,169.067692
1780456773,160.931798
1780456773,159.818878
1780456773,143.626841
1780456773,167.073384
1780456773,147.272725
1780456773,165.386982
1780456773,155.112028
1780456773,150.171139
1780456773,158.796882
1780456773,149.996113
1780456773,161.272563
1780456773,142.475997
1780456773,151.429635
1780456773,156.565696
1780456773,151.494737
1780456773,158.959662
1780456773,151.525308
1780456773,163.565760
1780456773,114.160222
1780456773,111.944662
1780456773,170.275305
1780456773,170.444269
1780456773,170.445208
1780456773,173.148506
1780456773,173.318734
1780456773,175.398299
1780456773,174.254675
1780456773,115.218815
1780456773,113.685006
1780456773,104.145639
1780456773,105.452789
1780456773,104.382914
1780456773,170.274054
1780456773,171.752657
1780456773,177.045751
1780456773,171.705287
1780456773,163.927840
1780456773,161.512065
1780456773,152.674697
1780456773,162.783989
1780456773,152.760626
1780456773,150.275728
1780456773,151.503285
1780456773,158.094669
1780456773,150.285461
1780456773,160.614164
1780456773,150.250176
1780456773,151.786723
1780456773,152.906499
1780456773,152.878549
1780456773,154.202025
1780456773,147.750922
1780456773,149.247089
1780456773,149.353817
1780456773,148.071375
1780456773,150.616212
1780456773,149.312567
1780456773,151.874207
1780456773,123.739913
1780456773,123.702541
1780456773,115.032000
1780456773,120.481713
1780456773,113.989562
1780456773,123.673429
1780456773,105.340862
1780456773,128.487361
1780456773,104.065324
1780456773,128.368160
1780456773,147.001010
1780456773,128.405702
1780456773,147.126601
1780456773,128.871764
1780456773,107.326117
1780456773,128.960222
1780456773,113.160959
1780456773,128.606673
1780456773,124.565111
1780456773,124.879162
1780456773,125.056279
1780456773,125.314713
1780456773,123.700507
1780456773,123.963015
1780456773,118.816170
1780456773,184.533419
1780456773,165.729437
1780456773,179.045612
1780456773,176.281060
1780456773,184.293141
1780456773,184.269298
1780456773,184.613710
1780456773,184.593421
1780456773,179.266654
1780456773,184.603930
1780456773,163.571982
1780456773,176.580692
1780456773,167.431198
1780456773,183.477700
1780456773,172.238228
1780456773,173.429049
1780456773,172.331615
1780456773,175.776875
1780456773,172.372755
1780456773,176.686674
1780456773,183.070836
1780456773,184.583114
1780456773,176.814098
1780456773,175.812236
1780456773,125.932585
1780456773,114.331088
1780456773,126.062112
1780456773,126.088923
1780456773,111.579837
1780456773,126.337045
1780456773,162.022708
1780456773,165.775998
1780456773,165.734173
1780456773,119.807462
1780456773,141.248964
1780456773,165.732049
1780456773,159.500077
1780456773,148.067113
1780456773,150.712139
1780456773,159.798733
1780456773,157.352025
1780456773,152.998925
1780456773,146.980940
1780456773,153.092296
1780456773,150.724919
1780456773,147.071547
1780456773,154.299548
1780456773,145.966333
1780456773,154.384425
1780456773,144.909549
1780456773,108.559968
1780456773,141.088278
1780456773,119.287376
1780456773,154.549528
1780456773,146.378902
1780456773,156.312495
1780456773,157.782169
1780456773,154.954807
1780456773,147.542268
1780456773,149.567102
1780456773,156.526665
1780456773,159.057916
1780456773,156.718693
1780456773,144.250268
1780456773,144.338780
1780456773,157.983180
1780456773,145.461307
1780456773,147.730534
1780456773,164.477337
1780456773,164.452385
1780456773,153.968706
1780456773,160.759035
1780456773,155.227661
1780456773,141.939364
1780456773,141.856539
1780456773,165.833163
1780456773,109.647871
1780456773,116.929445
1780456773,137.935581
1780456773,115.010719
1780456773,137.782431
1780456773,137.940228
1780456773,137.944824
1780456773,122.265886
1780456773,132.071148
1780456773,114.623013
1780456773,123.464080
1780456773,116.520517
1780456773,113.547903
1780456773,117.359985
1780456773,127.329740
1780456773,118.974393
1780456773,125.926304
1780456773,120.277164
1780456773,119.372952
1780456773,112.551012
1780456773,122.551720
1780456773,108.294443
1780456773,122.616859
1780456773,119.395672
1780456773,118.977910
1780456773,112.720245
1780456773,143.935822
1780456773,144.047212
1780456773,112.726626
1780456773,144.021451
1780456773,113.898583
1780456773,127.694135
1780456773,129.264578
1780456773,127.704327
1780456773,113.935618
1780456773,115.408160
1780456773,115.839080
1780456773,130.476773
1780456773,119.791390
1780456773,114.080529
1780456773,108.625738
1780456773,144.173342
1780456773,108.732521
1780456773,171.583765
1780456773,170.844124
1780456773,144.609468
1780456773,171.026717
1780456773,144.716243
1780456773,117.143736
1780456773,144.722856
1780456773,109.868948
1780456773,117.538787
1780456773,148.900593
1780456773,147.807609
1780456773,147.873797
1780456773,146.780053
1780456773,145.736061
1780456773,146.829302
1780456773,140.139497
1780456773,138.902481
1780456773,143.095461
1780456773,146.047655
1780456773,145.220776
1780456773,134.537447
1780456773,171.924267
1780456773,170.888356
1780456773,170.953491
1780456773,115.411980
1780456773,149.975612
1780456773,133.361508
1780456773,115.471777
1780456773,133.492681
1780456773,163.960933
1780456773,107.369355
1780456773,134.222813
1780456773,124.800993
1780456773,124.756960
1780456773,149.257694
1780456773,147.597107
1780456773,148.602964
1780456773,108.862587
1780456773,135.508509
1780456773,129.275783
1780456773,124.541263
1780456773,125.165094
1780456773,149.287408
1780456773,125.170719
1780456773,149.065275
1780456773,149.227611
1780456773,149.614139
1780456773,149.602888
1780456773,149.178276
1780456773,123.577134
1780456773,149.588505
1780456773,123.681783
1780456773,124.615335
1780456773,123.136292
1780456773,124.228777
1780456773,111.780042
1780456773,117.402502
1780456773,152.544175
1780456773,152.850543
1780456773,115.455595
1780456773,136.930112
1780456773,152.664938
1780456773,152.544213
1780456773,152.779703
1780456773,153.087153
1780456773,152.911691
1780456773,152.808309
1780456773,119.215790
1780456773,153.027516
1780456773,132.217335
1780456773,153.093990
1780456773,141.606963
1780456773,134.803406
1780456773,141.513566
1780456773,150.796561
1780456773,125.753150
1780456773,132.700501
1780456773,139.738244
1780456773,125.950351
1780456773,154.128302
1780456773,154.056888
1780456773,154.006885
1780456773,154.290991
1780456773,149.855636
1780456773,149.858014
1780456773,149.423032
1780456773,143.090933
1780456773,137.406430
1780456773,155.358681
1780456773,139.395271
1780456773,139.850732
1780456773,124.711829
1780456773,124.808073
1780456773,140.754433
1780456773,119.612379
1780456773,110.939529
1780456773,112.786278
1780456773,143.223463
1780456773,143.262655
1780456773,125.565189
1780456773,125.484035
1780456773,114.274244
1780456773,125.587529
1780456773,143.362103
1780456773,114.527158
1780456773,114.554752
1780456773,125.590049
1780456773,130.371830
1780456773,128.129540
1780456773,144.517795
1780456773,131.006861
1780456773,121.641617
1780456773,114.446508
1780456773,127.871949
1780456773,127.823118
1780456773,117.542278
1780456773,117.713395
1780456773,117.664630
1780456773,146.719634
1780456773,147.028257
1780456773,147.068364
1780456773,147.260108
1780456773,147.544135
1780456773,147.673397
1780456773,143.110635
1780456773,124.399901
1780456773,114.620869
1780456773,129.028944
1780456773,148.603478
1780456773,119.354029
1780456773,119.311543
1780456773,130.889343
1780456773,131.246094
1780456773,125.447511
1780456773,131.336247
1780456773,131.580481
1780456773,119.269733
1780456773,129.028050
1780456773,129.347716
1780456773,128.435063
1780456773,128.525572
1780456773,113.181535
1780456773,132.113868
1780456773,138.805971
1780456773,127.660366
1780456773,127.784047
1780456773,138.872072
1780456773,127.836724
1780456773,115.127363
1780456773,130.689368
1780456773,134.054745
1780456773,110.812422
1780456773,133.683807
1780456773,115.459495
1780456773,115.394261
1780456773,115.462441
1780456773,124.479299
1780456773,133.745656
1780456773,115.470907
1780456773,110.898772
1780456773,116.037080
1780456773,115.925951
1780456773,120.126550
1780456773,120.346833
1780456773,121.236965
1780456773,119.256724
1780456773,121.358118
1780456773,121.473602
1780456773,122.046974
1780456773,117.739120
1780456773,122.466814
1780456773,122.485455
1780456773,120.838642
1780456773,120.903138
1780456773,121.063983
1780456773,105.681329
1780456773,105.936916
1780456773,106.115074
1780456773,106.161691
1780456773,107.501079
1780456773,107.666510
1780456773,107.798314
1780456773,109.711390
1780456773,109.747380
1780456773,109.780569
1780456773,109.661684
1780456773,109.543428
1780456773,109.782124
1780456773,109.642725
1780456773,109.641175
1780456773,109.820185
1780456773,109.748257
1780456773,110.012126
1780456773,111.918276
1780456773,107.014513
1780456773,106.842335
1780456773,106.697877
1780456773,106.794783
1780456773,107.016151
1780456773,106.913642
1780456773,107.190225
1780456773,106.941137
1780456773,106.911667
1780456773,107.331885
1780456773,106.844748
1780456773,107.533740
1780456773,106.940393
1780456773,107.237058
1780456773,106.718646
1780456773,107.523705
1780456773,107.320985
1780456773,107.231525
1780456773,107.484887
1780456773,107.441815
1780456773,109.725591
1780456773,109.904937
1780456773,109.934278
1780456773,110.303146
1780456773,110.359364
1780456773,103.123790
1780456773,110.020141
1780456773,110.057150
1780456773,110.469962
1780456773,110.311938
1780456773,110.432135
1780456773,109.982997
1780456773,110.124765
1780456773,110.515239
1780456773,110.650656
1780456773,110.288586
1780456773,110.249240
1780456773,104.628518
1780456773,105.188569
1780456773,106.451368
1780456773,106.402448
1780456773,104.980593
1780456773,105.040282
1780456773,105.279300
1780456773,105.770501
1780456773,105.391612
1780456773,105.721572
1780456773,106.180951
1780456773,105.838136
1780456773,106.578603
1780456773,106.569965
1780456773,106.732337
1780456773,106.823959
1780456773,107.773863
1780456773,110.854605
1780456773,111.061181
1780456773,115.427847
1780456773,115.505162
1780456773,115.364057
1780456773,115.320772
1780456773,115.502397
1780456773,115.068771
1780456773,115.651851
1780456773,115.379344
1780456773,115.387692
1780456773,115.630105
1780456773,115.455449
1780456773,115.638355
1780456773,115.984027
1780456773,115.629102
1780456773,115.828537
1780456773,115.572574
1780456773,106.361319
1780456773,106.401284
1780456773,106.394263
1780456773,106.471622
1780456773,106.429982
1780456773,108.369370
1780456773,116.212254
1780456773,116.406654
1780456773,108.934750
1780456773,106.708488
1780456773,106.443847
1780456773,111.274099
1780456773,109.406935
1780456773,109.712060
1780456773,110.084565
1780456773,110.146600
1780456773,110.347156
1780456773,111.237921
1780456773,110.415224
1780456773,112.373105
1780456773,111.907176
1780456773,111.980085
1780456773,111.738601
1780456773,112.396120
1780456773,112.514401
1780456773,112.119576
1780456773,113.175742
1780456773,112.931025
1780456773,112.190527
1780456773,113.018178
1780456773,113.324877
1780456773,113.137405
1780456773,113.215768
1780456773,113.404229
1780456773,113.713599
1780456773,114.031328
1780456773,112.905635
1780456773,113.459605
1780456773,113.446602
1780456773,113.595258
1780456773,114.007004
1780456773,113.588244
1780456773,113.875069
1780456773,113.980076
1780456773,114.060152
1780456773,113.963845
1780456773,113.915177
1780456773,113.771209
1780456773,105.106081
1780456773,105.466956
1780456773,116.382069
1780456773,116.009863
1780456773,116.317965
1780456773,116.269078
1780456773,106.931576
1780456773,106.825704
1780456773,106.739503
1780456773,106.958450
1780456773,118.013686
1780456773,117.685842
1780456773,107.642888
1780456773,118.238819
1780456773,108.332508
1780456773,105.542608
1780456773,108.822477
1780456773,104.746300
1780456773,104.828438
1780456773,105.253798
1780456773,121.320377
1780456773,121.290849
1780456773,121.330006
1780456773,107.329717
1780456773,121.278487
1780456773,121.779034
1780456773,111.511178
1780456773,112.277580
1780456773,112.425676
1780456773,122.309871
1780456773,112.571270
1780456773,109.129929
1780456773,109.093376
1780456773,109.403034
1780456773,109.369896
1780456773,124.446513
1780456773,123.962141
1780456773,124.449436
1780456773,114.690478
1780456773,124.301032
1780456773,124.787931
1780456773,110.388571
1780456773,110.604922
1780456773,110.876877
1780456773,112.529669
1780456773,114.805437
1780456773,114.779213
1780456773,124.970246
1780456773,115.145751
1780456773,115.017535
1780456773,115.214271
1780456773,125.082523
1780456773,115.344318
1780456773,112.611173
1780456773,115.035144
1780456773,112.741347
1780456773,111.220357
1780456773,115.505461
1780456773,115.498912
1780456773,115.557956
1780456773,115.521681
1780456773,115.971785
1780456773,115.719618
1780456773,115.889750
1780456773,117.383037
1780456773,117.440260
1780456773,116.798724
1780456773,116.990410
1780456773,117.227779
1780456773,117.320502
1780456773,117.381210
1780456773,117.035910
1780456773,117.135224
1780456773,117.076904
1780456773,121.788604
1780456773,117.284496
1780456773,121.792274
1780456773,117.337899
1780456773,113.477367
1780456773,121.756070
1780456773,121.552179
1780456773,121.501968
1780456773,110.184909
1780456773,110.216787
1780456773,112.133785
1780456773,109.306721
1780456773,109.878401
1780456773,110.260647
1780456773,114.476333
1780456773,112.608827
1780456773,114.562227
1780456773,111.821415
1780456773,107.571048
1780456773,124.262741
1780456773,125.207057
1780456773,124.394825
1780456773,125.205624
1780456773,124.378877
1780456773,107.912654
1780456773,124.618691
1780456773,125.235546
1780456773,124.646747
1780456773,112.689687
1780456773,112.513898
1780456773,112.611813
1780456773,112.806439
1780456773,112.592368
1780456773,117.016725
1780456773,104.592824
1780456773,114.665014
1780456773,114.856804
1780456773,114.928015
1780456773,104.554397
1780456773,113.473596
1780456773,109.033638
1780456773,104.644161
1780456773,114.481033
1780456773,114.668326
1780456773,114.643967
1780456773,114.571847
1780456773,114.640635
1780456773,118.947460
1780456773,120.989900
1780456773,123.483923
1780456773,120.960249
1780456773,104.916964
1780456773,104.880297
1780456773,105.625786
1780456773,112.176487
1780456773,105.534586
1780456773,105.484722
1780456773,103.869820
1780456773,111.585825
1780456773,111.570837
1780456773,114.158854
1780456773,111.654885
1780456773,114.381972
1780456773,114.354881
1780456773,111.831922
1780456773,114.298530
1780456773,111.885383
1780456773,114.519068
1780456773,111.983031
1780456773,114.375267
1780456773,112.030551
1780456773,113.482671
1780456773,114.497036
1780456773,108.016037
1780456773,114.603533
1780456773,112.779234
1780456773,114.591578
1780456773,114.644690
1780456773,114.469522
1780456773,114.581864
1780456773,112.212047
1780456773,108.185977
1780456773,114.782424
1780456773,105.456004
1780456773,112.789812
1780456773,111.335391
1780456773,106.261609
1780456773,107.426226
1780456773,104.185337
1780456773,114.346228
1780456773,108.372152
1780456773,111.533217
1780456773,106.351769
1780456773,114.850479
1780456773,111.691784
1780456773,106.984213
1780456773,111.355724
1780456773,106.303963
1780456773,104.563803
1780456773,105.543067
1780456773,105.944340
1780456773,105.919239
1780456773,105.671394
1780456773,105.862173
1780456773,106.058799
1780456773,106.056566
1780456773,105.848854
1780456773,106.099894
1780456773,106.290527
1780456773,105.761191
1780456773,103.546095
1780456773,103.819926
1780456773,107.021851
1780456773,107.601502
1780456773,107.351986
1780456773,106.814923
1780456773,103.754153
1780456773,108.120795
1780456773,107.879458
1780456773,107.784741
1780456773,107.877943
1780456773,108.346391
1780456773,107.937317
1780456773,107.917758
1780456773,108.035067
1780456773,107.457580
1780456773,107.841782
1780456773,108.615621
1780456773,104.830798
1780456773,105.474813
1780456773,114.944354
1780456773,108.623283
1780456773,115.011831
1780456773,105.320888
1780456773,115.193446
1780456773,114.879194
1780456773,117.759731
1780456773,115.059262
1780456773,110.388896
1780456773,106.294198
1780456773,104.373048
1780456773,114.927038
1780456773,114.152580
1780456773,114.780790
1780456773,109.641801
1780456773,113.528874
1780456773,107.063283
1780456773,105.884346
1780456773,116.958728
1780456773,106.272580
1780456773,107.109064
1780456773,115.198240
1780456773,116.274906
1780456773,109.752155
1780456773,117.067936
1780456773,103.224407
1780456773,116.386556
1780456773,113.756621
1780456773,106.549144
1780456773,106.567062
1780456773,113.983823
1780456774,106.818981
1780456774,103.120199
1780456774,111.815664
1780456774,106.872124
1780456774,112.633565
1780456774,110.775536
1780456774,102.378035
1780456774,112.970995
1780456774,105.001682
1780456774,113.145442
1780456774,102.697458
1780456774,113.397753
1780456774,113.053178
1780456774,105.060666
1780456774,113.214784
1780456774,104.815566
1780456774,105.057501
1780456774,113.564221
1780456774,111.181403
1780456774,103.470306
1780456774,103.706961
1780456774,114.352482
1780456774,103.923140
1780456774,104.024899
1780456774,104.069111
1780456774,114.357138
1780456774,103.684090
1780456774,104.146652
1780456774,104.039822
1780456774,104.333265
1780456774,104.223722
1780456774,104.301679
1780456774,115.556674
1780456774,104.350707
1780456774,104.349930
1780456774,115.242028
1780456774,104.594247
1780456774,115.334345
1780456774,104.738399
1780456774,115.048530
1780456774,116.181137
1780456774,105.890452
1780456774,103.016884
1780456774,103.257471
1780456774,116.951161
1780456774,103.275322
1780456774,113.138926
1780456774,113.079419
1780456774,115.763811
1780456774,106.859128
1780456774,112.675779
1780456774,107.263108
1780456774,105.994688
1780456774,107.487846
1780456774,105.372345
1780456774,114.681153
1780456774,114.595136
1780456774,114.700905
1780456774,113.949236
1780456774,106.887729
1780456774,114.962847
1780456774,114.267928
1780456774,114.340179
1780456774,114.397466
1780456774,110.102623
1780456774,114.277261
1780456774,114.215834
1780456774,108.899634
1780456774,114.659588
1780456774,106.079320
1780456774,109.113282
1780456774,113.902492
1780456774,110.765964
1780456774,110.563944
1780456774,107.820069
1780456774,114.650500
1780456774,108.330153
1780456774,114.308088
1780456774,107.153273
1780456774,107.261248
1780456774,107.330165
1780456774,114.688388
1780456774,109.291950
1780456774,111.672536
1780456774,111.722583
1780456774,112.585543
1780456774,112.206922
1780456774,114.753218
1780456774,107.698524
1780456774,115.191472
1780456774,109.900738
1780456774,112.341226
1780456774,112.889382
1780456774,112.426288
1780456774,115.236992
1780456774,113.254253
1780456774,108.299986
1780456774,113.335925
1780456774,115.139555
1780456774,108.385094
1780456774,107.739899
1780456774,113.764124
1780456774,113.666274
1780456774,114.011996
1780456774,107.805020
1780456774,114.108952
1780456774,107.358144
1780456774,110.786822
1780456774,114.162899
1780456774,112.488305
1780456774,114.445500
1780456774,105.649457
1780456774,112.949264
1780456774,113.062248
1780456774,106.107370
1780456774,109.423524
1780456774,112.325862
1780456774,112.598252
1780456774,112.882906
1780456774,109.281154
1780456774,113.071361
1780456774,112.988466
1780456774,113.366640
1780456774,112.961010
1780456774,109.682172
1780456774,113.464512
1780456774,113.243473
1780456774,113.211281
1780456774,113.749879
1780456774,110.045338
1780456774,109.820104
1780456774,113.766828
1780456774,112.446827
1780456774,110.221996
1780456774,114.219993
1780456774,112.658269
1780456774,114.730268
1780456774,109.895513
1780456774,114.594890
1780456774,112.870021
1780456774,111.914560
1780456774,113.318162
1780456774,114.794887
1780456774,114.635730
1780456774,112.265578
1780456774,117.653635
1780456774,118.137397
1780456774,115.024600
1780456774,115.698099
1780456774,118.204557
1780456774,112.549601
1780456774,111.589363
1780456774,118.367975
1780456774,113.541586
1780456774,118.549644
1780456774,118.408462
1780456774,112.776792
1780456774,118.940118
1780456774,115.700159
1780456774,118.623314
1780456774,117.888208
1780456774,114.026366
1780456774,118.894019
1780456774,112.931917
1780456774,112.600161
1780456774,115.476625
1780456774,113.052453
1780456774,112.858739
1780456774,110.160012
1780456774,110.111014
1780456774,116.364051
1780456774,110.117291
1780456774,116.447013
1780456774,116.498974
1780456774,111.596939
1780456774,116.197159
1780456774,110.550417
1780456774,113.310572
1780456774,112.718827
1780456774,114.971590
1780456774,107.963042
1780456774,110.953588
1780456774,113.031295
1780456774,109.599944
1780456774,116.595568
1780456774,116.653602
1780456774,111.133189
1780456774,112.489413
1780456774,108.627140
1780456774,113.060820
1780456774,111.327438
1780456774,115.673975
1780456774,107.085133
1780456774,115.682201
1780456774,107.128534
1780456774,114.576830
1780456774,111.330458
1780456774,109.119798
1780456774,114.919175
1780456774,110.398823
1780456774,114.952286
1780456774,109.245687
1780456774,114.343767
1780456774,116.202859
1780456774,110.691184
1780456774,107.660035
1780456774,113.953881
1780456774,114.622596
1780456774,112.501806
1780456774,107.686554
1780456774,114.105745
1780456774,114.860033
1780456774,113.895736
1780456774,107.899988
1780456774,113.884508
1780456774,112.800049
1780456774,115.048903
1780456774,114.068955
1780456774,108.310633
1780456774,113.008052
1780456774,114.216448
1780456774,110.288644
1780456774,113.048918
1780456774,107.944012
1780456774,110.734144
1780456774,113.296345
1780456774,113.261658
1780456774,110.618156
1780456774,109.621642
1780456774,108.599006
1780456774,113.739748
1780456774,111.184069
1780456774,109.342226
1780456774,109.432748
1780456774,108.303208
1780456774,113.913286
1780456774,111.571329
1780456774,111.510048
1780456774,109.145279
1780456774,111.709115
1780456774,109.888790
1780456774,109.773286
1780456774,109.839195
1780456774,113.364834
1780456774,107.496481
1780456774,110.637776
1780456774,111.826355
1780456774,113.460927
1780456774,110.018909
1780456774,112.161738
1780456774,112.560940
1780456774,110.235011
1780456774,113.692677
1780456774,110.053398
1780456774,112.429496
1780456774,110.279644
1780456774,110.365447
1780456774,112.873599
1780456774,112.781465
1780456774,111.371102
1780456774,110.466283
1780456774,110.032498
1780456774,110.494640
1780456774,113.189660
1780456774,111.073203
1780456774,110.642339
1780456774,110.713447
1780456774,111.690336
1780456774,111.567572
1780456774,105.592961
1780456774,110.902940
1780456774,111.773325
1780456774,112.067917
1780456774,106.353612
1780456774,111.394134
1780456774,112.951981
1780456774,114.283367
1780456774,111.790953
1780456774,114.051318
1780456774,112.164246
1780456774,113.329236
1780456774,111.225687
1780456774,106.803016
1780456774,112.877773
1780456774,112.505559
1780456774,112.459899
1780456774,112.655136
1780456774,113.185182
1780456774,113.358522
1780456774,113.545264
1780456774,114.229341
1780456774,109.404375
1780456774,114.124184
1780456774,113.846758
1780456774,110.855582
1780456774,107.831970
1780456774,107.828004
1780456774,114.533306
1780456774,113.197988
1780456774,107.760813
1780456774,113.158568
1780456774,107.873709
1780456774,109.493038
1780456774,111.255661
1780456774,113.301014
1780456774,109.916211
1780456774,114.857361
1780456774,111.765935
1780456774,115.061200
1780456774,114.034728
1780456774,111.530428
1780456774,111.768545
1780456774,115.204833
1780456774,114.077142
1780456774,115.517028
1780456774,114.275191
1780456774,115.615971
1780456774,115.041917
1780456774,115.560884
1780456774,114.802837
1780456774,110.957010
1780456774,109.394314
1780456774,111.229818
1780456774,115.783285
1780456774,115.866379
1780456774,107.021509
1780456774,109.809336
1780456774,115.681297
1780456774,108.966028
1780456774,110.476898
1780456774,109.213873
1780456774,114.271047
1780456774,109.536436
1780456774,109.753262
1780456774,111.454835
1780456774,114.889896
1780456774,111.602114
1780456774,111.763674
1780456774,117.468216
1780456774,114.896966
1780456774,113.268041
1780456774,110.417912
1780456774,115.009551
1780456774,111.658794
1780456774,113.098658
1780456774,114.993933
1780456774,116.856465
1780456774,116.652242
1780456774,116.486601
1780456774,117.139631
1780456774,105.769279
1780456774,115.244707
1780456774,117.392962
1780456774,117.271344
1780456774,115.512691
1780456774,115.187524
1780456774,115.335907
1780456774,113.968491
1780456774,117.566755
1780456774,105.938508
1780456774,117.025099
1780456774,115.552769
1780456774,114.125843
1780456774,115.764750
1780456774,114.021107
1780456774,115.937747
1780456774,108.007341
1780456774,118.327075
1780456774,105.316031
1780456774,116.043446
1780456774,116.306228
1780456774,118.818686
1780456774,114.905853
1780456774,108.966781
1780456774,116.536415
1780456774,118.459921
1780456774,113.624166
1780456774,118.713941
1780456774,115.585467
1780456774,118.792955
1780456774,119.080166
1780456774,115.564301
1780456774,120.994320
1780456774,116.526986
1780456774,116.326448
1780456774,116.738107
1780456774,116.916589
1780456774,117.169658
1780456774,117.511369
1780456774,111.860426
1780456774,117.797716
1780456774,108.676882
1780456774,121.474650
1780456774,118.004617
1780456774,121.617648
1780456774,116.716257
1780456774,105.623918
1780456774,114.358362
1780456774,115.681665
1780456774,115.659181
1780456774,122.022629
1780456774,108.306438
1780456774,117.155873
1780456774,106.914386
1780456774,106.976461
1780456774,105.935815
1780456774,117.186077
1780456774,106.002189
1780456774,112.159165
1780456774,109.531065
1780456774,112.954134
1780456774,113.128190
1780456774,108.599861
1780456774,112.483539
1780456774,113.404301
1780456774,116.524321
1780456774,113.632726
1780456774,106.762233
1780456774,121.231232
1780456774,121.199159
1780456774,121.137920
1780456774,113.167639
1780456774,107.998836
1780456774,115.606327
1780456774,115.569674
1780456774,121.251874
1780456774,109.608934
1780456774,110.577949
1780456774,112.419881
1780456774,112.644155
1780456774,111.459048
1780456774,109.020599
1780456774,113.147403
1780456774,110.524268
1780456774,113.452635
1780456774,106.901166
1780456774,109.575336
1780456774,116.023996
1780456774,107.955425
1780456774,105.737982
1780456774,109.245968
1780456774,115.734639
1780456774,116.957919
1780456774,122.671025
1780456774,108.810346
1780456774,108.909113
1780456774,109.014269
1780456774,118.951243
1780456774,122.932167
1780456774,123.103464
1780456774,118.848416
1780456774,117.781789
1780456774,117.776040
1780456774,116.717277
1780456774,118.954017
1780456774,121.391959
1780456774,109.193129
1780456774,109.096656
1780456774,109.240503
1780456774,105.657281
1780456774,105.728781
1780456774,110.016835
1780456774,105.757258
1780456774,116.406233
1780456774,110.213461
1780456774,110.367695
1780456774,110.686328
1780456774,105.351361
1780456774,107.678026
1780456774,107.676545
1780456774,108.860251
1780456774,114.860332
1780456774,112.246765
1780456774,110.570902
1780456774,106.963210
1780456774,113.661879
1780456774,108.107566
1780456774,113.841341
1780456774,107.447380
1780456774,106.142622
1780456774,108.514244
1780456774,106.411563
1780456774,106.293706
1780456774,108.288945
1780456774,106.682030
1780456774,114.623275
1780456774,109.054660
1780456774,126.327361
1780456774,106.808156
1780456774,113.855390
1780456774,122.502540
1780456774,123.673745
1780456774,122.421378
1780456774,122.498114
1780456774,108.723519
1780456774,111.962974
1780456774,112.701241
1780456774,107.094010
1780456774,108.743363
1780456774,112.644470
1780456774,107.038924
1780456774,115.126648
1780456774,108.990716
1780456774,107.249423
1780456774,121.156851
1780456774,112.565549
1780456774,106.478415
1780456774,121.372606
1780456774,107.642231
1780456774,112.844562
1780456774,114.776438
1780456774,110.290134
1780456774,106.754160
1780456774,108.307975
1780456774,105.784963
1780456774,122.033145
1780456774,106.035940
1780456774,108.567685
1780456774,107.274934
1780456774,121.692727
1780456774,105.509575
1780456774,105.449090
1780456774,113.435218
1780456774,108.898450
1780456774,105.685986
1780456774,115.873486
1780456774,104.898243
1780456774,107.833076
1780456774,112.689551
1780456774,105.064420
1780456774,105.833657
1780456774,108.075083
1780456774,106.018024
1780456774,105.862681
1780456774,106.076815
1780456774,107.246097
1780456774,108.583350
1780456774,104.405665
1780456774,106.397232
1780456774,113.485182
1780456774,104.641542
1780456774,104.707805
1780456774,107.666404
1780456774,107.823646
1780456774,104.705832
1780456774,104.876144
1780456774,107.060021
1780456774,108.127713
1780456774,107.569463
1780456774,107.237413
1780456774,107.855830
1780456774,105.625173
1780456774,107.314087
1780456774,112.750049
1780456774,107.939571
1780456774,104.526799
1780456774,110.024159
1780456774,107.792969
1780456774,104.703403
1780456774,111.643609
1780456774,108.202680
1780456774,106.025544
1780456774,107.331360
1780456774,105.069514
1780456774,103.758037
1780456774,111.843401
1780456774,104.160188
1780456774,111.893870
1780456774,106.532927
1780456774,104.284178
1780456774,109.668275
1780456774,106.771673
1780456774,104.446488
1780456774,109.065841
1780456774,108.849307
1780456774,109.190570
1780456774,104.101435
1780456774,105.951953
1780456774,109.218674
1780456774,104.416043
1780456774,104.983225
1780456774,107.563679
1780456774,104.915868
1780456774,104.654030
1780456774,104.798576
1780456774,105.321326
1780456774,107.931948
1780456774,107.939602
1780456774,105.122589
1780456774,105.558792
1780456774,108.278029
1780456774,105.930882
1780456774,106.122060
1780456774,107.202892
1780456774,105.306131
1780456774,106.159709
1780456774,106.224047
1780456774,106.200524
1780456774,106.290303
1780456774,103.649928
1780456774,106.463624
1780456774,106.477795
1780456774,106.457754
1780456774,106.567956
1780456774,107.586309
1780456774,105.504974
1780456774,104.298105
1780456774,104.569098
1780456774,106.327652
1780456774,107.577750
1780456774,108.693054
1780456774,106.621318
1780456774,105.377666
1780456774,109.228912
1780456774,107.244802
1780456774,107.388464
1780456774,107.332617
1780456774,109.404729
1780456774,109.094615
1780456774,106.384354
1780456774,106.189794
1780456774,105.194209
1780456774,109.728612
1780456774,106.582016
1780456774,103.802657
1780456774,110.180438
1780456774,106.756269
1780456774,106.943179
1780456774,110.224501
1780456774,107.117756
1780456774,109.811518
1780456774,106.055069
1780456774,110.765868
1780456774,110.624779
1780456774,110.031333
1780456774,110.920893
1780456774,106.207963
1780456774,110.808117
1780456774,110.907847
1780456774,105.748207
1780456774,106.700450
1780456774,106.495153
1780456774,106.278069
1780456774,110.900738
1780456774,106.965077
1780456774,111.365505
1780456774,105.540941
1780456774,104.209871
1780456774,106.522669
1780456774,109.908199
1780456774,103.214155
1780456774,105.697596
1780456774,111.800075
1780456774,108.992937
1780456774,107.417120
1780456774,107.265462
1780456774,109.312267
1780456774,110.512190
1780456774,112.581884
1780456774,107.907172
1780456774,112.670084
1780456774,105.384778
1780456774,105.579678
1780456774,109.645125
1780456774,108.235146
1780456774,108.460066
1780456774,109.881961
1780456774,110.059031
1780456774,108.636329
1780456774,109.980430
1780456774,104.881458
1780456774,104.784526
1780456774,109.069029
1780456774,111.690894
1780456774,107.701317
1780456774,105.112301
1780456774,106.440717
1780456774,113.678016
1780456774,109.203043
1780456774,114.015440
1780456774,105.641704
1780456774,114.356696
1780456774,109.312472
1780456774,104.573830
1780456774,114.551543
1780456774,104.761556
1780456774,109.350597
1780456774,111.639453
1780456774,108.782886
1780456774,109.948239
1780456774,105.258911
1780456774,109.229784
1780456774,105.232096
1780456774,109.732987
1780456774,108.314390
1780456774,105.023619
1780456774,110.423509
1780456774,108.575130
1780456774,105.327820
1780456774,108.756135
1780456774,108.860428
1780456774,104.788079
1780456774,108.873683
1780456774,105.880450
1780456774,109.440380
1780456774,109.354646
1780456774,105.523363
1780456774,108.691423
1780456774,106.537212
1780456774,107.381852
1780456774,106.136375
1780456774,109.056149
1780456774,108.969843
1780456774,105.748973
1780456774,107.987126
1780456774,106.657934
1780456774,107.544441
1780456774,109.870660
1780456774,106.231453
1780456774,108.822534
1780456774,102.234239
1780456774,106.482781
1780456774,109.525674
1780456774,106.955235
1780456774,106.225646
1780456774,105.655885
1780456774,105.583115
1780456774,105.911120
1780456774,105.439909
1780456774,105.858718
1780456774,103.593805
1780456774,106.114725
1780456774,105.920875
1780456774,103.992922
1780456774,103.750954
1780456774,106.546662
1780456774,106.694361
1780456774,116.851208
1780456774,115.618060
1780456774,104.299808
1780456774,117.295368
1780456774,107.089146
1780456774,107.080114
1780456774,107.275154
1780456774,114.990390
1780456774,105.304698
1780456774,115.109687
1780456774,115.410365
1780456774,105.481004
1780456774,107.572195
1780456774,107.631360
1780456774,107.587792
1780456774,106.822012
1780456774,118.250735
1780456774,103.052431
1780456774,106.001478
1780456774,115.729267
1780456774,106.119939
1780456774,114.793186
1780456774,104.841787
1780456774,114.896817
1780456774,103.240387
1780456774,105.239722
1780456774,103.137840
1780456774,115.719788
1780456774,115.992122
1780456774,104.272189
1780456774,105.236719
1780456774,105.063367
1780456774,105.205478
1780456774,105.314933
1780456774,105.204707
1780456774,105.114532
1780456774,104.508831
1780456774,104.929602
1780456774,105.148211
1780456774,117.392602
1780456774,117.777390
1780456774,116.591132
1780456774,105.450292
1780456774,105.500716
1780456774,116.719296
1780456774,106.579756
1780456774,106.692323
1780456774,106.877967
1780456774,106.922060
1780456774,117.333791
1780456774,107.083933
1780456774,105.190929
1780456774,105.230307
1780456774,106.415146
1780456774,116.940025
1780456774,106.580012
1780456774,106.365108
1780456774,114.229736
1780456774,103.893560
1780456774,114.798872
1780456774,107.566139
1780456774,114.140881
1780456774,107.797497
1780456774,114.238135
1780456774,114.649257
1780456774,108.373454
1780456774,108.606089
1780456774,115.272378
1780456774,115.007288
1780456774,108.856766
1780456774,115.491623
1780456774,107.960909
1780456774,105.970787
1780456774,115.540695
1780456774,105.243834
1780456774,115.732781
1780456774,113.709110
1780456774,113.519505
1780456774,105.129397
1780456774,113.999375
1780456774,105.029048
1780456774,104.951620
1780456774,114.114762
1780456774,105.434126
1780456774,112.842629
1780456774,105.308298
1780456774,112.898009
1780456774,105.518742
1780456774,109.576353
1780456774,105.655221
1780456774,112.035137
1780456774,112.114144
1780456774,112.197307
1780456774,109.056800
1780456774,112.140293
1780456774,104.245416
1780456774,106.235511
1780456774,106.528698
1780456774,104.203585
1780456774,112.676927
1780456774,104.161577
1780456774,106.695422
1780456774,112.569164
1780456774,104.254982
1780456774,106.696461
1780456774,112.483442
1780456774,104.259406
1780456774,106.514068
1780456774,106.435815
1780456774,112.154156
1780456774,106.684900
1780456774,107.301364
1780456774,112.768917
1780456774,107.698925
1780456774,107.704043
1780456774,107.246779
1780456774,105.769484
1780456774,108.230581
1780456774,105.878121
1780456774,108.257123
1780456774,114.017100
1780456774,105.710340
1780456774,105.869151
1780456774,105.884969
1780456774,114.303058
1780456774,103.541373
1780456774,106.497285
1780456774,106.497080
1780456774,106.036841
1780456774,104.240932
1780456774,104.721707
1780456774,104.383770
1780456774,104.881355
1780456774,105.202739
1780456774,105.142096
1780456774,105.569465
1780456774,108.214466
1780456774,107.527749
1780456774,107.946236
1780456774,105.743656
1780456774,108.158004
1780456774,107.599077
1780456774,107.655968
1780456774,111.261985
1780456774,110.938681
1780456774,110.938394
1780456774,110.801618
1780456774,111.049398
1780456774,111.299780
1780456774,111.248819
1780456774,110.851984
1780456774,109.015589
1780456774,111.009826
1780456774,108.353571
1780456774,109.545683
1780456774,106.615904
1780456774,106.665931
1780456774,108.954666
1780456774,106.706943
1780456774,104.820684
1780456774,108.275607
1780456774,106.746587
1780456774,106.706697
1780456774,108.817696
1780456774,105.208054
1780456774,105.494119
1780456774,107.056221
1780456774,108.954205
1780456774,105.357455
1780456774,109.043687
1780456774,107.460789
1780456774,107.797109
1780456774,109.917699
1780456774,109.970706
1780456774,106.615891
1780456774,111.484904
1780456774,108.617993
1780456774,110.329698
1780456774,108.937699
1780456774,109.080378
1780456774,110.489573
1780456774,109.166502
1780456774,110.661272
1780456774,110.972524
1780456774,110.732403
1780456774,109.421717
1780456774,110.893599
1780456774,109.149081
1780456774,109.123566
1780456774,109.587639
1780456774,109.342240
1780456774,110.038895
1780456774,108.574637
1780456774,110.127610
1780456774,110.903490
1780456774,113.048593
1780456774,108.935144
1780456774,107.012861
1780456774,110.815640
1780456774,110.723962
1780456774,108.594614
1780456774,111.272429
1780456774,112.086475
1780456774,112.244432
1780456774,114.479429
1780456774,103.826937
1780456774,111.618505
1780456774,111.741437
1780456774,112.205778
1780456774,109.315460
1780456774,108.328853
1780456774,111.297995
1780456774,109.532334
1780456774,115.531891
1780456774,111.500805
1780456774,113.468150
1780456774,108.422545
1780456774,111.211109
1780456774,111.638655
1780456774,111.498866
1780456774,109.763257
1780456774,113.695350
1780456774,111.298861
1780456774,111.693886
1780456774,109.133761
1780456774,112.268311
1780456774,109.269421
1780456774,118.688821
1780456774,119.477404
1780456774,116.141190
1780456774,116.174116
1780456774,116.280324
1780456774,116.264249
1780456774,119.512305
1780456774,114.418990
1780456774,116.239435
1780456774,111.223952
1780456774,105.058918
1780456774,110.158627
1780456774,113.635963
1780456774,115.700477
1780456774,115.714402
1780456774,104.495637
1780456774,109.957933
1780456774,110.960224
1780456774,107.646158
1780456774,111.385004
1780456774,110.630206
1780456774,111.568293
1780456774,112.911588
1780456774,107.896563
1780456774,108.138460
1780456774,108.742179
1780456774,107.020316
1780456774,112.616765
1780456774,107.353283
1780456774,107.650359
1780456774,106.391845
1780456774,111.149486
1780456774,115.972504
1780456774,120.173616
1780456774,121.845632
1780456774,118.555089
1780456774,120.166249
1780456774,120.362906
1780456774,120.387059
1780456774,113.018428
1780456774,113.088754
1780456774,112.998346
1780456774,113.134518
1780456774,116.310495
1780456774,116.505638
1780456774,113.099100
1780456774,116.483261
1780456774,120.510426
1780456774,122.758290
1780456774,112.154138
1780456774,113.031467
1780456774,112.159197
1780456774,116.458782
1780456774,112.261953
1780456774,112.282882
1780456774,113.160596
1780456774,113.248048
1780456774,113.404127
1780456774,111.054963
1780456774,105.163473
1780456774,113.366139
1780456774,108.239869
1780456774,108.333331
1780456774,112.454129
1780456774,108.349674
1780456774,108.344470
1780456774,108.462640
1780456774,108.517190
1780456774,108.522844
1780456774,106.932936
1780456774,118.601429
1780456774,119.948900
1780456774,119.094205
1780456774,116.434756
1780456774,119.295380
1780456774,116.535354
1780456774,116.925245
1780456774,117.023187
1780456774,115.973960
1780456774,114.676241
1780456774,114.957244
1780456774,108.103215
1780456774,107.677193
1780456774,102.671234
1780456774,108.593533
1780456774,104.006855
1780456774,105.984275
1780456774,104.301977
1780456774,104.659995
1780456774,131.031902
1780456774,115.954346
1780456774,116.088192
1780456774,117.132203
1780456774,114.971088
1780456774,120.818487
1780456774,117.264974
1780456774,127.006442
1780456774,117.351407
1780456774,117.464340
1780456774,117.431073
1780456774,103.478028
1780456774,128.411328
1780456774,112.939130
1780456774,112.458771
1780456774,124.086320
1780456774,131.485545
1780456774,113.343787
1780456774,119.958926
1780456774,111.759134
1780456774,103.355786
1780456774,124.114647
1780456774,104.315338
1780456774,113.440953
1780456774,114.420432
1780456774,111.875315
1780456774,111.819241
1780456774,124.268515
1780456774,114.566271
1780456774,114.558057
1780456774,103.419363
1780456774,114.096968
1780456774,102.776388
1780456774,114.655851
1780456774,103.850266
1780456774,115.739564
1780456774,103.609411
1780456774,127.782113
1780456774,114.357237
1780456774,114.441750
1780456774,118.560557
1780456774,104.051067
1780456774,104.768844
1780456774,105.085249
1780456774,105.104311
1780456774,119.027736
1780456774,105.167099
1780456774,115.040332
1780456774,115.989226
1780456774,116.575691
1780456774,112.048893
1780456774,115.664013
1780456774,113.868687
1780456774,110.838668
1780456774,110.745333
1780456774,110.740225
1780456774,110.707603
1780456774,109.907321
1780456774,103.377571
1780456774,110.088434
1780456774,110.858606
1780456774,106.182243
1780456774,105.772672
1780456774,106.959309
1780456774,105.968219
1780456774,106.919958
1780456774,105.259756
1780456774,106.999768
1780456774,106.109670
1780456774,107.125835
1780456774,107.248106
1780456774,110.950518
1780456774,111.286066
1780456774,106.519775
1780456774,103.879689
1780456774,106.306210
1780456774,106.316293
1780456774,108.052591
1780456774,108.176286
1780456774,104.369180
1780456774,106.592902
1780456774,104.925861
1780456774,107.370899
1780456774,107.629842
1780456774,107.537680
1780456774,107.642780
1780456774,105.417277
1780456774,105.540379
1780456774,105.636140
1780456774,105.722421
1780456774,109.973749
1780456774,106.230070
1780456774,108.144129
1780456774,114.848854
1780456774,110.750494
1780456774,111.649473
1780456774,111.875359
1780456774,108.198191
1780456774,108.871889
1780456774,108.847899
1780456774,108.954614
1780456774,109.282821
1780456774,109.070408
1780456774,109.283789
1780456774,110.357441
1780456774,107.554588
1780456774,107.630869
1780456774,107.831908
1780456774,107.907663
1780456774,107.994010
1780456774,110.917498
1780456774,110.609863
1780456774,110.943225
1780456774,111.110406
1780456774,111.053155
1780456774,111.207478
1780456774,111.346430
1780456774,107.841296
1780456774,108.918514
1780456774,108.880335
1780456774,109.257694
1780456774,109.407314
1780456774,106.347847
1780456774,109.118929
1780456774,110.873365
1780456774,106.494360
1780456774,107.195559
1780456774,107.837804
1780456774,108.026284
1780456774,108.040899
1780456774,108.105425
1780456774,105.862607
1780456774,107.810738
1780456774,108.043340
1780456774,108.147826
1780456774,114.509879
1780456774,105.375426
1780456774,105.651091
1780456774,112.006226
1780456774,112.117690
1780456774,103.028462
1780456774,113.499951
1780456774,117.941636
1780456774,119.096239
1780456774,119.448845
1780456774,119.308954
1780456774,119.529867
1780456774,104.981687
1780456774,105.040717
1780456774,105.344342
1780456774,105.361242
1780456774,106.349745
1780456774,106.657496
1780456774,106.751073
1780456774,117.230907
1780456774,117.335279
1780456774,107.892986
1780456774,107.882271
1780456774,108.007128
1780456774,108.023513
1780456774,108.700178
1780456774,108.553383
1780456774,109.027636
1780456774,109.368406
1780456774,109.250606
1780456774,109.386704
1780456774,109.509902
1780456774,109.518353
1780456774,109.590783
1780456774,108.739373
1780456774,109.802323
1780456774,109.096255
1780456774,105.067287
1780456774,109.339010
1780456774,108.691876
1780456774,108.302633
1780456774,109.831975
1780456774,106.468056
1780456774,104.785375
1780456774,104.741089
1780456774,109.798796
1780456774,106.979349
1780456774,104.982585
1780456774,105.172564
1780456774,105.439533
1780456774,105.824534
1780456774,105.012494
1780456774,105.230349
1780456774,106.248839
1780456774,102.297493
1780456774,105.710152
1780456774,106.052313
1780456774,105.986229
1780456774,102.038199
1780456774,107.125063
1780456774,106.395342
1780456774,106.258851
1780456774,106.175473
1780456774,106.308973
1780456774,104.335551
1780456774,106.660193
1780456774,106.628843
1780456774,107.023064
1780456774,107.619690
1780456774,107.693672
1780456774,108.463417
1780456774,103.758523
1780456774,105.183960
1780456774,109.995276
1780456774,107.333461
1780456774,107.359894
1780456774,110.172903
1780456774,105.418345
1780456774,105.469431
1780456774,110.451685
1780456774,110.576218
1780456774,103.008654
1780456774,102.864533
1780456774,111.397933
1780456774,111.506511
1780456774,115.088054
1780456774,115.452996
1780456774,104.161340
1780456774,107.197242
1780456774,106.974490
1780456774,115.181201
1780456774,108.652978
1780456774,108.614422
1780456774,106.592143
1780456774,110.091506
1780456774,110.137886
1780456774,104.705818
1780456774,104.195670
1780456774,108.324058
1780456774,108.300937
1780456774,104.564164
1780456774,108.822172
1780456774,108.438570
1780456774,105.031666
1780456774,103.222200
1780456774,103.317076
1780456774,105.185282
1780456774,107.233515
1780456774,107.238354
1780456774,104.116570
1780456774,104.800596
1780456774,107.808435
1780456774,105.971164
1780456774,105.165692
1780456774,105.053449
1780456774,105.606664
1780456774,105.388723
1780456774,105.703065
1780456774,106.606281
1780456774,106.339462
1780456774,107.049965
1780456774,106.793874
1780456774,106.869932
1780456774,110.374689
1780456774,110.450425
1780456774,108.903992
1780456774,108.910012
1780456774,109.898477
1780456774,108.915713
1780456774,109.870746
1780456774,109.983569
1780456774,109.087815
1780456774,109.197889
1780456774,112.703943
1780456774,110.013536
1780456774,103.966553
1780456774,103.979108
1780456774,110.612403
1780456774,104.544355
1780456774,110.691675
1780456774,110.770014
1780456774,111.698812
1780456774,110.860245
1780456774,111.966323
1780456774,106.149654
1780456774,106.421529
1780456774,106.500248
1780456774,106.623074
1780456774,106.595749
1780456774,106.540561
1780456774,106.924827
1780456774,106.754137
1780456774,107.050941
1780456774,107.491784
1780456774,107.798409
1780456774,108.206155
1780456774,104.035114
1780456774,104.246162
1780456774,104.402149
1780456774,105.211463
1780456774,105.916093
1780456774,105.960499
1780456774,103.505997
1780456774,106.220284
1780456774,106.430625
1780456774,103.405216
1780456774,104.035779
1780456774,104.453938
1780456774,107.815523
1780456774,107.827485
1780456774,107.982672
1780456774,108.145961
1780456774,106.116427
1780456774,104.873485
1780456774,102.894325
1780456774,104.975894
1780456774,103.004230
1780456774,105.280207
1780456774,106.916125
1780456774,105.468135
1780456774,105.095770
1780456774,106.918347
1780456774,106.361949
1780456774,108.302381
1780456774,108.300679
1780456774,108.293379
1780456774,106.391966
1780456774,106.579558
1780456774,104.971102
1780456774,107.126088
1780456774,106.606875
1780456774,108.636981
1780456774,108.757349
1780456774,107.052725
1780456774,107.189394
1780456774,108.822138
1780456774,103.261150
1780456774,108.916534
1780456774,102.912482
1780456774,103.136459
1780456774,106.263526
1780456774,105.633783
1780456774,107.918910
1780456774,106.536844
1780456774,108.051877
1780456774,109.938639
1780456774,110.162857
1780456774,103.615332
1780456774,107.035754
1780456774,106.378715
1780456774,106.369477
1780456774,106.421579
1780456774,102.743601
1780456774,104.231293
1780456774,104.697331
1780456774,104.476056
1780456774,104.805664
1780456774,104.623890
1780456774,105.475239
1780456774,105.786339
1780456774,104.489849
1780456774,104.666863
1780456774,104.703327
1780456774,104.951525
1780456774,104.728201
1780456774,104.730151
1780456774,106.411019
1780456774,106.298636
1780456774,104.858746
1780456774,104.931997
1780456774,104.150932
1780456774,105.455348
1780456774,106.806467
1780456774,107.042670
1780456774,107.640539
1780456774,108.117623
1780456774,107.281264
1780456774,107.945845
1780456774,105.881977
1780456774,105.588840
1780456774,106.637518
1780456774,109.429022
1780456774,109.662770
1780456774,107.241846
1780456774,110.277364
1780456774,110.329871
1780456774,110.956030
1780456774,110.929855
1780456774,107.393479
1780456774,111.443374
1780456774,111.133647
1780456774,111.346997
1780456774,111.517356
1780456774,111.528078
1780456774,107.625657
1780456774,107.673385
1780456774,109.186641
1780456774,111.498935
1780456774,111.732849
1780456774,110.928758
1780456774,111.536977
1780456774,111.367791
1780456774,108.831500
1780456774,106.818846
1780456774,106.868743
1780456774,106.832683
1780456774,108.254237
1780456774,112.001404
1780456774,105.560170
1780456774,112.448135
1780456774,111.017885
1780456774,105.956982
1780456774,112.272227
1780456774,113.217481
1780456774,112.541362
1780456774,109.904349
1780456774,107.738746
1780456774,108.957901
1780456774,110.359404
1780456774,110.338305
1780456774,110.380051
1780456774,107.005537
1780456774,108.244251
1780456774,109.218747
1780456774,110.527198
1780456774,108.799875
1780456774,109.500594
1780456774,109.459663
1780456774,109.511818
1780456774,114.631332
1780456774,108.212884
1780456774,107.834202
1780456774,108.574889
1780456774,108.372395
1780456774,107.827621
1780456774,108.678245
1780456774,108.830890
1780456774,108.826490
1780456774,108.082660
1780456774,107.356981
1780456774,106.729811
1780456774,107.473118
1780456774,106.762597
1780456774,108.043217
1780456774,104.544917
1780456774,104.600478
1780456774,111.667318
1780456774,111.766494
1780456774,111.665999
1780456774,111.757436
1780456774,111.930611
1780456774,111.727861
1780456774,111.860521
1780456774,103.957559
1780456774,105.353062
1780456774,109.945583
1780456774,111.391656
1780456774,110.026084
1780456774,112.119280
1780456774,111.529491
1780456774,112.279799
1780456774,112.293325
1780456774,112.222661
1780456774,112.220692
1780456774,106.995615
1780456774,107.022859
1780456774,110.496546
1780456774,107.048960
1780456774,108.220423
1780456774,108.022240
1780456774,109.982581
1780456774,109.685867
1780456774,110.719686
1780456774,110.839972
1780456774,111.986437
1780456774,107.285643
1780456774,103.564081
1780456774,103.058424
1780456774,104.189678
1780456774,104.263292
1780456774,105.443378
1780456774,103.662761
1780456774,105.942351
1780456774,105.399138
1780456774,104.127592
1780456774,105.037651
1780456774,106.335624
1780456774,103.079176
1780456774,104.280134
1780456774,104.851369
1780456774,104.939041
1780456774,103.173680
1780456774,107.493662
1780456774,104.012242
1780456774,105.517382
1780456774,103.425709
1780456774,107.461448
1780456774,107.860375
1780456774,104.622888
1780456774,107.826490
1780456774,123.712996
1780456774,118.647208
1780456774,107.900280
1780456774,114.137592
1780456774,114.023259
1780456774,113.321101
1780456774,114.888849
1780456774,115.457074
1780456774,117.052479
1780456774,113.510728
1780456774,114.403543
1780456774,114.423455
1780456774,114.542093
1780456774,116.053961
1780456774,115.969170
1780456774,116.078040
1780456774,121.342976
1780456774,104.942777
1780456774,105.680147
1780456774,105.075674
1780456774,106.699778
1780456774,105.716633
1780456774,106.840492
1780456774,110.377008
1780456774,112.878417
1780456774,107.292083
1780456774,105.962641
1780456774,108.735748
1780456774,107.409871
1780456774,111.837468
1780456774,114.061449
1780456774,107.184510
1780456774,107.497381
1780456774,107.215402
1780456774,115.349655
1780456774,114.440323
1780456774,105.205898
1780456774,110.874033
1780456774,112.184946
1780456774,114.361543
1780456774,108.633177
1780456774,114.760342
1780456774,112.273826
1780456774,114.792010
1780456774,114.738664
1780456774,116.381234
1780456774,106.602430
1780456774,114.951270
1780456774,103.006008
1780456774,104.493938
1780456774,108.022985
1780456774,104.620571
1780456774,108.196951
1780456774,106.919876
1780456774,104.826771
1780456774,107.258599
1780456774,108.242590
1780456774,105.014441
1780456774,107.169016
1780456774,104.676789
1780456774,103.349171
1780456774,107.636850
1780456774,104.120484
1780456774,105.209900
1780456774,105.784416
1780456774,102.735993
1780456774,109.052303
1780456774,109.894934
1780456774,109.831479
1780456774,108.750399
1780456774,109.178120
1780456774,109.284853
1780456774,104.741476
1780456774,107.472189
1780456774,106.471215
1780456774,105.403474
1780456774,106.332916
1780456774,105.374176
1780456774,106.090044
1780456774,106.806441
1780456774,106.816855
1780456774,106.481050
1780456774,104.325821
1780456774,105.276192
1780456774,110.021710
1780456774,108.908745
1780456774,105.356273
1780456774,107.171874
1780456774,106.371006
1780456774,109.023161
1780456774,104.687199
1780456774,104.479571
1780456774,109.200268
1780456774,105.728554
1780456774,108.265581
1780456774,106.464511
1780456774,106.277500
1780456774,106.208438
1780456774,108.478312
1780456774,106.554765
1780456774,107.164461
1780456774,106.427917
1780456774,105.333452
1780456774,108.572230
1780456774,118.180964
1780456774,120.545982
1780456774,118.618553
1780456774,117.696576
1780456774,119.681845
1780456774,117.860160
1780456774,118.275449
1780456774,118.528743
1780456774,120.177589
1780456774,117.079034
1780456774,117.096227
1780456774,123.648576
1780456774,121.517851
1780456774,120.721068
1780456774,122.577723
1780456774,120.451425
1780456774,123.301139
1780456774,120.771439
1780456774,119.363907
1780456774,117.413925
1780456774,119.586749
1780456774,118.119848
1780456774,118.223310
1780456774,121.421883
1780456774,121.544368
1780456774,120.153729
1780456774,116.007872
1780456774,123.446555
1780456774,123.515676
1780456774,123.577478
1780456774,116.787592
1780456774,120.775452
1780456774,122.482256
1780456774,122.564831
1780456774,123.661291
1780456774,120.575990
1780456774,123.785047
1780456774,124.020124
1780456774,124.033549
1780456774,123.774944
1780456774,123.691826
1780456774,116.187243
1780456774,121.271476
1780456774,124.160872
1780456774,124.233521
1780456774,123.966448
1780456774,121.119063
1780456774,119.418952
1780456774,124.901299
1780456774,121.448047
1780456774,121.419008
1780456774,114.637942
1780456774,121.499960
1780456774,125.157781
1780456774,126.527676
1780456774,120.144998
1780456774,115.372391
1780456774,115.893262
1780456774,115.732525
1780456774,120.241714
1780456774,121.714919
1780456774,121.565253
1780456774,121.533742
1780456774,116.792695
1780456774,120.282413
1780456774,116.070756
1780456774,120.538074
1780456774,116.955364
1780456774,116.657644
1780456774,121.186238
1780456774,114.577847
1780456774,116.433399
1780456774,117.520088
1780456774,121.247154
1780456774,121.675217
1780456774,118.328320
1780456774,121.592965
1780456774,115.023187
1780456774,121.862283
1780456774,118.592220
1780456774,117.541239
1780456774,120.015314
1780456774,116.061825
1780456774,122.334865
1780456774,120.455368
1780456774,117.581588
1780456774,114.961007
1780456774,120.141808
1780456774,115.192022
1780456774,115.625904
1780456774,119.816581
1780456774,117.044412
1780456774,120.607208
1780456774,127.401708
1780456774,116.238874
1780456774,120.417539
1780456774,120.626808
1780456774,122.686802
1780456774,122.581574
1780456774,122.420388
1780456774,122.341708
1780456774,122.648085
1780456774,116.617892
1780456774,120.197594
1780456774,120.786610
1780456774,122.606387
1780456774,126.953530
1780456774,120.609674
1780456774,126.886005
1780456774,116.946753
1780456774,118.515441
1780456774,120.574228
1780456774,118.163656
1780456774,129.496267
1780456774,127.900909
1780456774,127.741169
1780456774,127.964649
1780456774,131.082583
1780456774,130.940678
1780456774,118.451942
1780456774,123.069083
1780456774,131.333053
1780456774,123.763974
1780456774,126.931939
1780456774,131.506855
1780456774,128.335518
1780456774,126.800733
1780456774,128.444312
1780456774,129.778052
1780456774,118.590707
1780456774,120.449337
1780456774,130.297005
1780456774,117.217901
1780456774,117.858402
1780456774,128.953078
1780456774,130.125181
1780456774,130.319980
1780456774,124.217678
1780456774,117.464773
1780456774,120.473887
1780456774,118.496920
1780456774,118.112002
1780456774,124.326709
1780456774,128.944891
1780456774,115.056047
1780456774,123.830738
1780456774,118.319057
1780456774,119.056585
1780456774,121.182951
1780456774,115.248190
1780456774,119.753936
1780456774,118.485671
1780456774,118.108715
1780456774,118.520805
1780456774,118.276496
1780456774,125.532226
1780456774,119.466583
1780456774,125.158844
1780456774,119.104922
1780456774,125.874076
1780456774,120.047726
1780456774,125.607051
1780456774,117.355448
1780456774,119.086823
1780456774,125.253949
1780456774,119.414586
1780456774,124.130266
1780456774,129.236214
1780456774,119.510849
1780456774,129.430783
1780456774,116.783084
1780456774,116.663612
1780456774,129.642447
1780456774,119.630186
1780456774,129.837673
1780456774,125.442499
1780456774,118.607095
1780456774,119.753487
1780456774,115.349513
1780456774,125.497084
1780456774,129.965076
1780456774,115.866660
1780456774,128.513278
1780456774,125.575901
1780456774,118.118451
1780456774,125.668627
1780456774,130.369575
1780456774,118.119169
1780456774,116.857045
1780456774,124.338316
1780456774,123.510633
1780456774,124.920018
1780456774,129.707326
1780456774,115.772089
1780456774,125.528097
1780456774,115.305176
1780456774,125.777242
1780456774,113.725908
1780456774,125.921077
1780456774,117.935697
1780456774,118.021362
1780456774,130.092542
1780456774,111.115446
1780456774,124.201594
1780456774,130.523705
1780456774,113.889360
1780456774,118.710366
1780456774,130.845346
1780456774,124.653804
1780456774,130.920625
1780456774,113.419699
1780456774,119.081123
1780456774,117.903931
1780456774,125.701682
1780456774,119.062974
1780456774,113.890916
1780456774,117.472522
1780456774,115.135128
1780456774,114.268742
1780456774,114.274938
1780456774,113.963884
1780456774,123.487332
1780456774,131.010172
1780456774,123.450687
1780456774,114.405918
1780456774,131.405164
1780456774,120.247777
1780456774,132.024765
1780456774,121.056177
1780456774,114.665428
1780456774,114.610587
1780456774,131.662767
1780456774,121.037473
1780456774,114.288584
1780456774,114.226640
1780456774,114.671128
1780456774,115.339954
1780456774,131.725294
1780456774,115.097711
1780456774,114.160131
1780456774,115.231531
1780456774,115.502058
1780456774,113.386256
1780456774,114.989303
1780456774,114.608153
1780456774,111.939857
1780456774,115.047974
1780456774,114.058747
1780456774,115.043056
1780456774,112.918977
1780456774,112.503612
1780456774,115.724623
1780456774,113.375749
1780456774,134.386535
1780456774,112.853676
1780456774,134.131102
1780456774,114.332552
1780456774,113.408963
1780456774,114.476781
1780456774,114.668716
1780456774,132.797366
1780456774,134.509552
1780456774,112.857793
1780456774,114.346489
1780456774,133.925984
1780456774,127.700222
1780456774,114.421129
1780456774,126.606005
1780456774,113.330710
1780456774,132.722195
1780456774,125.721082
1780456774,119.061417
1780456774,125.420138
1780456774,119.795174
1780456774,120.349217
1780456774,138.272594
1780456774,127.398229
1780456774,132.006177
1780456774,138.656612
1780456774,122.834654
1780456774,122.953941
1780456774,132.977311
1780456774,126.538573
1780456774,123.266968
1780456774,133.724296
1780456774,123.253063
1780456774,123.974193
1780456774,134.483390
1780456774,138.882248
1780456774,128.195473
1780456774,128.197667
1780456774,123.647576
1780456774,140.289118
1780456774,126.911920
1780456774,128.511376
1780456774,128.507785
1780456774,142.438904
1780456774,134.901350
1780456774,120.323690
1780456774,120.815429
1780456774,124.610782
1780456774,127.292276
1780456774,114.341119
1780456774,116.524333
1780456774,119.198325
1780456774,127.597500
1780456774,116.095382
1780456774,119.777737
1780456774,127.231460
1780456774,124.885928
1780456774,120.420358
1780456774,120.579836
1780456774,120.329726
1780456774,120.884535
1780456774,120.475763
1780456774,136.920340
1780456774,135.095913
1780456774,121.159715
1780456774,137.315706
1780456774,139.113253
1780456774,120.557931
1780456774,127.205570
1780456774,139.618638
1780456774,121.847946
1780456774,120.386577
1780456774,136.017880
1780456774,140.041231
1780456774,128.524892
1780456774,114.792008
1780456774,128.225764
1780456774,115.402372
1780456774,127.631031
1780456774,128.659919
1780456774,115.691286
1780456774,129.112244
1780456774,115.601984
1780456774,115.830325
1780456774,119.429721
1780456774,127.903878
1780456774,114.305702
1780456774,119.794979
1780456774,126.503316
1780456774,120.049970
1780456774,119.469234
1780456774,119.951282
1780456774,126.366262
1780456774,137.388180
1780456774,118.717039
1780456774,114.975520
1780456774,125.603386
1780456774,113.751733
1780456774,137.350860
1780456774,119.015270
1780456774,137.017516
1780456774,137.549625
1780456774,119.112849
1780456774,127.310329
1780456774,115.869283
1780456774,136.909316
1780456774,113.215064
1780456774,114.643243
1780456774,127.802579
1780456774,114.892674
1780456774,137.076761
1780456774,113.061055
1780456774,114.881969
1780456774,137.068343
1780456774,126.000108
1780456774,114.100498
1780456774,134.622560
1780456774,126.153436
1780456774,114.242174
1780456774,137.573107
1780456774,134.769873
1780456774,113.808886
1780456774,126.745581
1780456774,113.960025
1780456774,113.437559
1780456774,136.795693
1780456774,114.749693
1780456774,126.736913
1780456774,136.955722
1780456774,126.970224
1780456774,115.999541
1780456774,114.261092
1780456774,115.176919
1780456774,114.552389
1780456774,116.039524
1780456774,114.239546
1780456774,134.447079
1780456774,133.999841
1780456774,126.128869
1780456774,136.439403
1780456774,112.657601
1780456774,127.050226
1780456774,135.032052
1780456774,134.427746
1780456774,114.019685
1780456774,114.466959
1780456774,114.390721
1780456774,114.691684
1780456774,133.030504
1780456774,128.505754
1780456774,113.465769
1780456774,135.602264
1780456774,114.823733
1780456774,115.437576
1780456774,135.895211
1780456774,116.675237
1780456774,135.994068
1780456774,115.644751
1780456774,115.721718
1780456774,115.949506
1780456774,114.970699
1780456774,126.241037
1780456774,127.178550
1780456774,127.449966
1780456774,126.405076
1780456774,134.183693
1780456774,117.303192
1780456774,134.807542
1780456774,134.881313
1780456774,130.025580
1780456774,135.114927
1780456774,126.119770
1780456774,134.944304
1780456774,126.438222
1780456774,117.116872
1780456774,129.918892
1780456774,135.239727
1780456774,117.346899
1780456774,130.260745
1780456774,134.912669
1780456774,125.772871
1780456774,117.256171
1780456774,122.283276
1780456774,123.970744
1780456774,126.232695
1780456774,118.038921
1780456774,125.929018
1780456774,130.333228
1780456774,136.048571
1780456774,127.618192
1780456774,128.728157
1780456774,128.790091
1780456774,128.868603
1780456774,118.862499
1780456774,130.542155
1780456774,139.316605
1780456774,130.643603
1780456774,131.824394
1780456774,140.298489
1780456774,133.232363
1780456774,140.560924
1780456774,134.485104
1780456774,134.037050
1780456774,122.297210
1780456774,134.759087
1780456774,122.892965
1780456774,122.753198
1780456774,144.296207
1780456774,135.605523
1780456774,122.737877
1780456774,134.605471
1780456774,117.035895
1780456774,126.456249
1780456774,133.265462
1780456774,126.610953
1780456774,118.866975
1780456774,134.605893
1780456774,131.329763
1780456774,117.942268
1780456774,119.044874
1780456774,131.469230
1780456774,132.892369
1780456774,118.644690
1780456774,115.766268
1780456774,118.750091
1780456774,119.258854
1780456774,126.204098
1780456774,125.958497
1780456774,116.214537
1780456774,131.091211
1780456774,119.636496
1780456774,134.451340
1780456774,119.816305
1780456774,134.152379
1780456774,134.963494
1780456774,120.287619
1780456774,118.794363
1780456774,130.480097
1780456774,117.103383
1780456774,118.919984
1780456774,129.120559
1780456774,125.840183
1780456774,118.386707
1780456774,116.985352
1780456774,130.839598
1780456774,135.415335
1780456774,119.620370
1780456774,125.673756
1780456774,132.391166
1780456774,126.347479
1780456774,116.338738
1780456774,126.171982
1780456774,133.164817
1780456774,116.090179
1780456774,136.201713
1780456774,115.478805
1780456774,119.049269
1780456774,119.024974
1780456774,132.997764
1780456774,119.458462
1780456774,125.473087
1780456774,133.976241
1780456774,125.692641
1780456774,119.076786
1780456774,125.976416
1780456774,136.833486
1780456774,131.968290
1780456774,117.772026
1780456774,127.670038
1780456774,117.037111
1780456774,135.930676
1780456774,127.900500
1780456774,116.573117
1780456774,127.682755
1780456774,115.722885
1780456774,127.267478
1780456774,131.168822
1780456774,132.010144
1780456774,133.107332
1780456774,136.255949
1780456774,126.079763
1780456774,125.533794
1780456774,126.026211
1780456774,136.249745
1780456774,117.088235
1780456774,117.706186
1780456774,126.979594
1780456774,132.726997
1780456774,119.317288
1780456774,134.666408
1780456774,119.911528
1780456774,120.363224
1780456774,132.756795
1780456774,117.805575
1780456774,137.749735
1780456774,117.760874
1780456774,131.873913
1780456774,115.866292
1780456774,136.894438
1780456774,116.119255
1780456774,132.431841
1780456774,114.977751
1780456774,116.085675
1780456774,132.530119
1780456774,132.420867
1780456774,128.779665
1780456774,113.833695
1780456774,128.578469
1780456774,115.504544
1780456774,137.182991
1780456774,113.163820
1780456774,127.098293
1780456774,133.137081
1780456774,129.438535
1780456774,121.404028
1780456774,133.339253
1780456774,114.049631
1780456774,128.558335
1780456774,132.920280
1780456774,113.657365
1780456774,125.865736
1780456774,132.470145
1780456774,112.936372
1780456774,128.549710
1780456774,124.968926
1780456774,132.709969
1780456774,129.021558
1780456774,132.399721
1780456774,113.993049
1780456774,122.398280
1780456774,122.459807
1780456774,107.685263
1780456774,124.363682
1780456774,122.024747
1780456774,132.008628
1780456774,123.291446
1780456774,131.936265
1780456774,122.010255
1780456774,129.678486
1780456774,129.283429
1780456774,131.426353
1780456774,122.184609
1780456774,131.569423
1780456774,108.674869
1780456774,123.075027
1780456774,122.023392
1780456774,108.297936
1780456774,125.564913
1780456774,130.236154
1780456774,126.048844
1780456774,108.992505
1780456774,129.784334
1780456774,108.829363
1780456774,128.966650
1780456774,129.929687
1780456774,126.637265
1780456774,126.760184
1780456774,121.819729
1780456774,108.979074
1780456774,129.598519
1780456774,129.522466
1780456774,109.345324
1780456774,122.518247
1780456774,126.406282
1780456774,127.046308
1780456774,127.032869
1780456774,125.804535
1780456774,122.207738
1780456774,109.628299
1780456774,108.261914
1780456774,122.447554
1780456774,126.391042
1780456774,125.801790
1780456774,108.403063
1780456774,109.102707
1780456774,127.419237
1780456774,130.266506
1780456774,125.800951
1780456774,126.491567
1780456774,109.465830
1780456774,122.272535
1780456774,126.591734
1780456774,126.340222
1780456774,122.181417
1780456774,125.001069
1780456774,109.600035
1780456774,126.311926
1780456774,110.078821
1780456774,127.519387
1780456774,127.001633
1780456774,110.178116
1780456774,127.455474
1780456774,124.933256
1780456774,126.646223
1780456774,109.180884
1780456774,109.935291
1780456774,125.516720
1780456774,109.646041
1780456774,126.393884
1780456774,124.730594
1780456774,108.814418
1780456774,125.793277
1780456774,125.185936
1780456774,123.139826
1780456774,125.165826
1780456774,120.615076
1780456774,124.470680
1780456774,121.255113
1780456774,125.802156
1780456774,126.146843
1780456774,126.192272
1780456774,126.370844
1780456774,125.886824
1780456774,124.845584
1780456774,124.202608
1780456774,123.422937
1780456774,124.503166
1780456774,124.566225
1780456774,126.077725
1780456774,124.844508
1780456774,123.875744
1780456774,109.944048
1780456774,127.248370
1780456774,124.169574
1780456774,123.650101
1780456774,111.495992
1780456774,123.936366
1780456774,112.007815
1780456774,124.688372
1780456774,124.231513
1780456774,124.618788
1780456774,124.268668
1780456774,112.894979
1780456774,124.777558
1780456774,127.547190
1780456774,113.806689
1780456774,124.938556
1780456774,126.410692
1780456774,112.518465
1780456774,112.878847
1780456774,125.295494
1780456774,112.297308
1780456774,127.035053
1780456774,125.485508
1780456774,113.027056
1780456774,126.344238
1780456774,112.881767
1780456774,125.817014
1780456774,127.389091
1780456774,127.119370
1780456774,127.645999
1780456774,111.380955
1780456774,132.587757
1780456774,125.808476
1780456774,105.400356
1780456774,112.890505
1780456774,112.817167
1780456774,126.470799
1780456774,126.543950
1780456774,126.111965
1780456774,132.450390
1780456774,125.709521
1780456774,125.919301
1780456774,133.452078
1780456774,126.409512
1780456774,108.867895
1780456774,108.694099
1780456774,108.637249
1780456774,109.070101
1780456774,109.207741
1780456774,109.461871
1780456774,109.336226
1780456774,107.169697
1780456774,109.542126
1780456774,125.431455
1780456774,125.779938
1780456774,131.859390
1780456774,125.799828
1780456774,134.387056
1780456774,109.544421
1780456774,125.205162
1780456774,135.020041
1780456774,125.475769
1780456774,125.420286
1780456774,125.383338
1780456774,105.990929
1780456774,125.640049
1780456774,133.831745
1780456774,125.656567
1780456774,105.063742
1780456774,125.721436
1780456774,125.338379
1780456774,127.579181
1780456774,111.561912
1780456774,126.777537
1780456774,133.803680
1780456774,110.769456
1780456774,110.846924
1780456774,125.567641
1780456774,110.968741
1780456774,133.421407
1780456774,133.912654
1780456774,110.074503
1780456774,110.185156
1780456774,133.646037
1780456774,125.782973
1780456774,132.535089
1780456774,135.572330
1780456774,139.474710
1780456774,111.915609
1780456774,105.336874
1780456774,133.661598
1780456774,135.286101
1780456774,133.180101
1780456774,131.927901
1780456774,125.636886
1780456774,133.313088
1780456774,126.123867
1780456774,131.816086
1780456774,133.233311
1780456774,131.849217
1780456774,126.067205
1780456774,133.926540
1780456774,126.646176
1780456774,132.848711
1780456774,127.290574
1780456774,133.340922
1780456774,133.279080
1780456774,133.182353
1780456774,130.120798
1780456774,135.368242
1780456774,133.420175
1780456774,130.410870
1780456774,134.282743
1780456774,134.913605
1780456774,134.813653
1780456774,129.911913
1780456774,134.232336
1780456774,132.146006
1780456774,132.249232
1780456774,132.693600
1780456774,106.216399
1780456774,106.389715
1780456774,106.730144
1780456774,106.835826
1780456774,106.865617
1780456774,107.257700
1780456774,136.406651
1780456774,136.389686
1780456774,110.546517
1780456774,134.804285
1780456774,133.404312
1780456774,136.431570
1780456774,136.827445
1780456774,135.622167
1780456774,129.164200
1780456774,131.907534
1780456774,134.691459
1780456774,133.954693
1780456774,134.850633
1780456774,109.300037
1780456774,135.137529
1780456774,127.440509
1780456774,109.867584
1780456774,132.900146
1780456774,133.149864
1780456774,136.500583
1780456774,137.498190
1780456774,136.156239
1780456774,105.337329
1780456774,134.087066
1780456774,132.705096
1780456774,108.218127
1780456774,130.249901
1780456774,136.247016
1780456774,135.577716
1780456774,109.698736
1780456774,106.883929
1780456774,129.999593
1780456774,106.939617
1780456774,130.475518
1780456774,133.881140
1780456774,135.264964
1780456774,133.785684
1780456774,134.842757
1780456774,134.252890
1780456774,134.900944
1780456774,133.517987
1780456774,132.668226
1780456774,133.686781
1780456774,112.211276
1780456774,133.255182
1780456774,133.696593
1780456774,134.313056
1780456774,133.032499
1780456774,130.752161
1780456774,130.823441
1780456774,134.748034
1780456774,134.211394
1780456774,132.888613
1780456774,134.653921
1780456774,134.618304
1780456774,134.413836
1780456774,135.769911
1780456774,129.759490
1780456774,134.375584
1780456774,134.105169
1780456774,108.615245
1780456774,136.496677
1780456774,134.533329
1780456774,134.510747
1780456774,134.364109
1780456774,130.809834
1780456774,134.214476
1780456774,134.593785
1780456774,130.658240
1780456774,133.119073
1780456774,131.094332
1780456774,133.182110
1780456774,131.333882
1780456774,129.784494
1780456774,133.284924
1780456774,131.498933
1780456774,131.848695
1780456774,127.603512
1780456774,131.819871
1780456774,131.396037
1780456774,127.893921
1780456774,127.360780
1780456774,131.596032
1780456774,130.378431
1780456774,129.201634
1780456774,129.703972
1780456774,129.946117
1780456774,129.340697
1780456774,128.211274
1780456774,130.561388
1780456774,120.371427
1780456774,126.781934
1780456774,120.466499
1780456774,118.267610
1780456774,120.398087
1780456774,124.365467
1780456774,119.127443
1780456774,125.612627
1780456774,116.979608
1780456774,119.583478
1780456774,117.253416
1780456774,125.744668
1780456774,114.186667
1780456774,120.522107
1780456774,131.443990
1780456774,120.864582
1780456774,126.449192
1780456774,114.770065
1780456774,122.123131
1780456774,128.751377
1780456774,120.711354
1780456774,120.775122
1780456774,128.907879
1780456774,120.837244
1780456774,121.052519
1780456774,120.802477
1780456774,132.015607
1780456774,120.842534
1780456774,122.674973
1780456774,121.599320
1780456774,132.198008
1780456774,115.899213
1780456774,112.307166
1780456774,129.468715
1780456774,122.915535
1780456774,132.567251
1780456774,121.146074
1780456774,132.723480
1780456774,121.255784
1780456774,130.013214
1780456774,122.947409
1780456774,130.144909
1780456774,123.466202
1780456774,133.193295
1780456774,120.665800
1780456774,133.397729
1780456774,133.534174
1780456774,120.596764
1780456774,130.161506
1780456774,133.593441
1780456774,133.678773
1780456774,133.905516
1780456774,134.174769
1780456774,125.747499
1780456774,125.487392
1780456774,126.240189
1780456774,120.719766
1780456774,126.486077
1780456774,126.176913
1780456774,120.228200
1780456774,127.043574
1780456774,126.333249
1780456774,126.437049
1780456774,116.986311
1780456774,119.753447
1780456774,117.645062
1780456774,126.304543
1780456774,126.629600
1780456774,126.652309
1780456774,126.923249
1780456774,118.373565
1780456774,126.991837
1780456774,125.574051
1780456774,126.961729
1780456774,116.885471
1780456774,118.869475
1780456774,119.053685
1780456774,122.705117
1780456774,119.331144
1780456774,122.921404
1780456774,119.664198
1780456774,108.853841
1780456774,109.306209
1780456774,109.802437
1780456774,109.969246
1780456774,110.128434
1780456774,110.241301
1780456774,110.159340
1780456774,107.308782
1780456774,107.314793
1780456774,112.782417
1780456774,111.758282
1780456774,127.700997
1780456774,115.401389
1780456774,118.169625
1780456774,118.276633
1780456774,128.260724
1780456774,116.523555
1780456774,116.700428
1780456774,114.897351
1780456774,112.277874
1780456774,112.871312
1780456774,114.540325
1780456774,117.947417
1780456774,117.393349
1780456774,116.355433
1780456774,116.341202
1780456774,112.361786
1780456774,118.500942
1780456774,112.444313
1780456774,111.784370
1780456774,118.161777
1780456774,111.992956
1780456774,115.649995
1780456774,114.482584
1780456774,114.594976
1780456774,114.886753
1780456774,110.306091
1780456774,113.447568
1780456774,115.347287
1780456774,110.188888
1780456774,110.265310
1780456774,115.787449
1780456774,115.941409
1780456774,117.307070
1780456774,135.389557
1780456774,117.587137
1780456774,120.194898
1780456774,113.648757
1780456774,120.392390
1780456774,113.775024
1780456774,124.276457
1780456774,123.479992
1780456774,119.234804
1780456774,117.271085
1780456774,115.861098
1780456774,117.424339
1780456774,112.441739
1780456774,119.649840
1780456774,112.759228
1780456774,110.824045
1780456774,112.662533
1780456774,105.649456
1780456774,105.347008
1780456774,114.174100
1780456774,108.662726
1780456774,111.026902
1780456774,111.321011
1780456774,114.552582
1780456774,108.402752
1780456774,107.326168
1780456774,108.951021
1780456774,107.329671
1780456774,112.231451
1780456774,112.807544
1780456774,109.950025
1780456774,111.449318
1780456774,115.946354
1780456774,111.939901
1780456774,113.024883
1780456774,113.587309
1780456774,110.569210
1780456774,111.068862
1780456774,111.164310
1780456774,109.494972
1780456774,108.717080
1780456774,112.079419
1780456774,110.829275
1780456774,111.184538
1780456774,115.916207
1780456774,115.394937
1780456774,111.819979
1780456774,112.626167
1780456774,110.476075
1780456774,129.656643
1780456774,121.277304
1780456774,121.201992
1780456774,121.320131
1780456774,132.817275
1780456774,121.265041
1780456774,110.311685
1780456774,114.448113
1780456774,133.296775
1780456774,116.380926
1780456774,116.433100
1780456774,109.905066
1780456774,110.282942
1780456774,129.572742
1780456774,126.105594
1780456774,130.322072
1780456774,121.710703
1780456774,112.574391
1780456774,113.415177
1780456774,116.021504
1780456774,122.515759
1780456774,113.722272
1780456774,122.667286
1780456774,122.420099
1780456774,112.498832
1780456774,121.990124
1780456774,138.376257
1780456774,117.262211
1780456774,122.137746
1780456774,125.428927
1780456774,107.147299
1780456774,115.001838
1780456774,112.202751
1780456774,112.972368
1780456774,109.853082
1780456774,115.130376
1780456774,107.837980
1780456774,114.530631
1780456774,122.471705
1780456774,113.496999
1780456774,117.458361
1780456774,116.191343
1780456774,114.800368
1780456774,105.058743
1780456774,113.874758
1780456774,114.269336
1780456774,114.421179
1780456774,124.947669
1780456774,114.529439
1780456774,124.199121
1780456774,119.987944
1780456774,125.228097
1780456774,120.131961
1780456774,123.729313
1780456774,124.207867
1780456774,125.167299
1780456774,123.527212
1780456774,110.812926
1780456774,123.579895
1780456774,123.093374
1780456774,111.101432
1780456774,110.132663
1780456774,123.854036
1780456774,136.679762
1780456774,121.732163
1780456774,121.068236
1780456774,109.888086
1780456774,119.782269
1780456774,119.979271
1780456774,111.613286
1780456774,112.792906
1780456774,120.998697
1780456774,124.650856
1780456774,115.065234
1780456774,108.777393
1780456774,120.094489
1780456774,108.716555
1780456774,120.959081
1780456774,118.831317
1780456774,111.858534
1780456774,121.223279
1780456774,110.440810
1780456774,109.411524
1780456774,110.410210
1780456774,109.193882
1780456774,108.657417
1780456774,121.713901
1780456774,124.888336
1780456774,125.732360
1780456774,122.376374
1780456774,123.493608
1780456774,122.519897
1780456774,109.051621
1780456774,112.253791
1780456774,124.087390
1780456774,112.341665
1780456774,110.763037
1780456774,122.245859
1780456774,125.314913
1780456774,118.315374
1780456774,118.569301
1780456774,109.769601
1780456774,109.856556
1780456774,118.466483
1780456774,108.710490
1780456774,118.706398
1780456774,124.940083
1780456774,109.357161
1780456774,124.963263
1780456774,109.282341
1780456774,107.030685
1780456774,118.717619
1780456774,131.917007
1780456774,131.763730
1780456774,125.774139
1780456774,130.202021
1780456774,130.188767
1780456774,128.629228
1780456774,129.408025
1780456774,129.639755
1780456774,123.567034
1780456774,125.499301
1780456774,122.062924
1780456774,109.442501
1780456774,120.290268
1780456774,121.323513
1780456774,108.648999
1780456774,121.538996
1780456774,108.846728
1780456774,121.731410
1780456774,109.306239
1780456774,122.849481
1780456774,121.545179
1780456774,106.252952
1780456774,110.350155
1780456774,120.601816
1780456774,111.145673
1780456774,109.420318
1780456774,127.103294
1780456774,125.354269
1780456774,117.275253
1780456774,117.465383
1780456774,117.311369
1780456774,117.379260
1780456774,106.835790
1780456774,106.301656
1780456774,121.794814
1780456774,106.298529
1780456774,122.292823
1780456774,114.156326
1780456774,114.927876
1780456774,122.262225
1780456774,112.960678
1780456774,104.147987
1780456774,104.621295
1780456774,105.958807
1780456774,122.460939
1780456774,112.311544
1780456774,111.887102
1780456774,112.170441
1780456774,123.409920
1780456774,123.006559
1780456774,105.689155
1780456774,105.535990
1780456774,105.429517
1780456774,105.392827
1780456774,106.279392
1780456774,106.125608
1780456774,113.003993
1780456774,121.693009
1780456774,122.699650
1780456774,112.216223
1780456774,120.024873
1780456774,106.708801
1780456774,112.535162
1780456774,112.832755
1780456774,112.686707
1780456774,120.406889
1780456774,106.970179
1780456774,105.113179
1780456774,116.630846
1780456774,116.058971
1780456774,118.084883
1780456774,118.479250
1780456774,107.325632
1780456774,116.172841
1780456774,118.527492
1780456774,118.344607
1780456774,105.884110
1780456774,116.936321
1780456774,106.872348
1780456774,117.763609
1780456774,118.459082
1780456774,108.189773
1780456774,121.502098
1780456774,108.086641
1780456774,119.619645
1780456774,122.049243
1780456774,121.625678
1780456774,126.855975
1780456774,130.203774
1780456774,105.393022
1780456774,105.658673
1780456774,125.494093
1780456774,125.074767
1780456774,105.824140
1780456774,124.956294
1780456774,124.042396
1780456774,122.882460
1780456774,123.590628
1780456774,126.264579
1780456774,124.587957
1780456774,108.579404
1780456774,121.101883
1780456774,124.218925
1780456774,123.760469
1780456774,103.935565
1780456774,110.531408
1780456774,105.375781
1780456774,124.039390
1780456774,124.816624
1780456774,125.090708
1780456774,108.292010
1780456774,124.088390
1780456774,124.248849
1780456774,105.896914
1780456774,124.771208
1780456774,111.744134
1780456774,108.637373
1780456774,124.512919
1780456774,108.672888
1780456774,124.625556
1780456774,111.975742
1780456774,125.096929
1780456774,112.073792
1780456774,113.865892
1780456774,113.305527
1780456774,114.163039
1780456774,115.103730
1780456774,115.160416
1780456774,112.578057
1780456774,111.744497
1780456774,127.377611
1780456774,110.646578
1780456774,111.271453
1780456774,112.037424
1780456774,112.858004
1780456774,131.020780
1780456774,130.803431
1780456774,123.900560
1780456774,120.267230
1780456774,124.799523
1780456774,129.900226
1780456774,130.305802
1780456774,124.729413
1780456774,122.841018
1780456774,123.666684
1780456774,123.631152
1780456774,122.558678
1780456774,131.492986
1780456774,122.881545
1780456774,132.271139
1780456774,123.176399
1780456774,124.900447
1780456774,123.842916
1780456774,122.059812
1780456774,125.161812
1780456774,124.361464
1780456774,131.092219
1780456774,125.499153
1780456774,125.641776
1780456774,125.104135
1780456774,125.401662
1780456774,140.665356
1780456774,125.563712
1780456774,143.523973
1780456774,143.967329
1780456774,142.080102
1780456774,128.878220
1780456774,130.690474
1780456774,127.967544
1780456774,125.667904
1780456774,132.612746
1780456774,126.540337
1780456774,129.996930
1780456774,132.869923
1780456774,132.930724
1780456774,126.690100
1780456774,128.572228
1780456774,127.068279
1780456774,133.042446
1780456774,128.033891
1780456774,134.203290
1780456774,128.315613
1780456774,130.369610
1780456774,144.742139
1780456774,129.506825
1780456774,139.471227
1780456774,135.559993
1780456774,135.861377
1780456774,149.211091
1780456774,144.399007
1780456774,136.118210
1780456774,138.077727
1780456774,138.857667
1780456774,138.771458
1780456774,111.045726
1780456774,139.092349
1780456774,139.098218
1780456774,137.471636
1780456774,143.671402
1780456774,134.791676
1780456774,144.378063
1780456774,139.950116
1780456774,140.351776
1780456774,141.652901
1780456774,146.555650
1780456774,142.481027
1780456774,144.781147
1780456774,147.194014
1780456774,148.611817
1780456774,144.739176
1780456774,145.790494
1780456774,147.262787
1780456774,146.792267
1780456774,150.567782
1780456774,148.792564
1780456774,149.666547
1780456774,141.084280
1780456774,150.217432
1780456774,152.436788
1780456774,150.483167
1780456774,139.397008
1780456774,150.827323
1780456774,151.726963
1780456774,138.886751
1780456774,152.802680
1780456774,153.486124
1780456774,139.252647
1780456774,139.668611
1780456774,155.071598
1780456774,154.272122
1780456774,136.422995
1780456774,156.133047
1780456774,153.426627
1780456774,156.523868
1780456774,157.333142
1780456774,153.608368
1780456774,160.308348
1780456774,152.951842
1780456774,139.097087
1780456774,146.468564
1780456774,149.483302
1780456774,154.513448
1780456774,154.530364
1780456774,146.790634
1780456774,160.570689
1780456774,154.162395
1780456774,161.672421
1780456774,162.334159
1780456774,126.970460
1780456774,159.739758
1780456774,147.083246
1780456774,161.075417
1780456774,125.931868
1780456774,142.372510
1780456774,125.894217
1780456774,127.715957
1780456774,142.654653
1780456774,143.332220
1780456774,128.710347
1780456774,129.046356
1780456774,144.038103
1780456774,144.407953
1780456774,160.035494
1780456774,130.644023
1780456774,131.456377
1780456774,131.732392
1780456774,145.499872
1780456774,161.630424
1780456774,151.573665
1780456774,145.798700
1780456774,171.477657
1780456774,133.278636
1780456774,146.303488
1780456774,146.551077
1780456774,149.389490
1780456774,147.679629
1780456774,148.736378
1780456774,148.066967
1780456774,151.180421
1780456774,151.582739
1780456774,158.351774
1780456774,156.826058
1780456774,153.398664
1780456774,158.678885
1780456774,152.788219
1780456774,158.899218
1780456774,158.621584
1780456774,152.971111
1780456774,153.054061
1780456774,155.640102
1780456774,158.687676
1780456774,154.175154
1780456774,139.059391
1780456774,159.114918
1780456774,154.748529
1780456774,161.410523
1780456774,175.240137
1780456774,161.835581
1780456774,158.046859
1780456774,155.590690
1780456774,161.431598
1780456774,155.938590
1780456774,157.005896
1780456774,162.246335
1780456774,162.307029
1780456774,163.224229
1780456774,134.181932
1780456774,157.687718
1780456774,139.516026
1780456774,159.858441
1780456774,160.061990
1780456774,165.708038
1780456774,166.518125
1780456774,165.892422
1780456774,160.102887
1780456774,160.782177
1780456774,165.477277
1780456774,176.920056
1780456774,174.151452
1780456774,167.425576
1780456774,173.726742
1780456774,168.708362
1780456774,176.169019
1780456774,175.930584
1780456774,176.283911
1780456774,170.415903
1780456774,172.040852
1780456774,142.160959
1780456774,142.318058
1780456774,142.430863
1780456774,142.680233
1780456774,143.667119
1780456774,142.653396
1780456774,141.064312
1780456774,142.847391
1780456774,142.419012
1780456774,142.532452
1780456774,143.997494
1780456774,144.179883
1780456774,143.013849
1780456774,144.305561
1780456774,144.484466
1780456774,146.416591
1780456774,146.531067
1780456774,148.363751
1780456774,146.043841
1780456774,147.458602
1780456774,147.680089
1780456774,148.547590
1780456774,149.825436
1780456774,147.163358
1780456774,157.494004
1780456774,158.503907
1780456774,152.059082
1780456774,162.048092
1780456774,157.310323
1780456774,162.339949
1780456774,158.830204
1780456774,162.387098
1780456774,160.189919
1780456774,163.492312
1780456774,160.560797
1780456774,162.830729
1780456774,163.381846
1780456774,161.017191
1780456774,163.768841
1780456774,163.442185
1780456774,162.042038
1780456774,163.422578
1780456774,164.630467
1780456774,163.480183
1780456774,166.019211
1780456774,164.885888
1780456774,167.008854
1780456774,164.896567
1780456774,164.974133
1780456774,167.176775
1780456774,166.205354
1780456774,167.227866
1780456774,170.337686
1780456774,186.978856
1780456774,187.310151
1780456774,193.255723
1780456774,193.698112
1780456774,189.674904
1780456774,189.849829
1780456774,200.129643
1780456774,170.519113
1780456774,169.927198
1780456774,169.880329
1780456774,168.284073
1780456774,168.540892
1780456774,168.454773
1780456774,197.129841
1780456774,170.322273
1780456774,193.683852
1780456774,169.951078
1780456774,168.554198
1780456774,170.341652
1780456774,170.760015
1780456774,168.955783
1780456774,172.267145
1780456774,170.335628
1780456774,172.557277
1780456774,173.113481
1780456774,173.550152
1780456774,174.251094
1780456774,175.360755
1780456774,165.736537
1780456774,177.804181
1780456774,200.592912
1780456774,197.655695
1780456774,171.596316
1780456774,178.893969
1780456774,178.367139
1780456774,182.206568
1780456774,181.420436
1780456774,179.320917
1780456774,181.815264
1780456774,184.977521
1780456774,183.024898
1780456774,183.253730
1780456774,176.625791
1780456774,176.677840
1780456774,176.791991
1780456774,186.425792
1780456774,177.667029
1780456774,184.404303
1780456774,179.145372
1780456774,184.819026
1780456774,179.533847
1780456774,187.507455
1780456774,188.095325
1780456774,186.875115
1780456774,188.762121
1780456774,188.589633
1780456774,186.687117
1780456774,168.281458
1780456774,172.590978
1780456774,170.701303
1780456774,170.416876
1780456774,173.530555
1780456774,171.238101
1780456774,186.734111
1780456774,188.397664
1780456774,188.558259
1780456774,188.577796
1780456774,184.346925
1780456774,178.670686
1780456774,180.179291
1780456774,179.866590
1780456774,178.862688
1780456774,180.002273
1780456774,181.329697
1780456774,181.287622
1780456774,182.886576
1780456774,181.723228
1780456774,183.773799
1780456774,181.732107
1780456774,183.932129
1780456774,181.702609
1780456774,183.991361
1780456774,184.100453
1780456774,181.737515
1780456774,184.225162
1780456774,181.813596
1780456774,181.987767
1780456774,184.624599
1780456774,182.368589
1780456774,182.763476
1780456774,183.257981
1780456774,180.937341
1780456774,181.064573
1780456774,185.258411
1780456774,181.739753
1780456774,185.815875
1780456774,182.557594
1780456774,187.701497
1780456774,187.967863
1780456774,184.205243
1780456774,184.046092
1780456774,188.251658
1780456774,185.408330
1780456774,185.268082
1780456774,187.874640
1780456774,192.560401
1780456774,190.400718
1780456774,191.862111
1780456774,191.754682
1780456774,192.408153
1780456774,192.478294
1780456774,194.212541
1780456774,200.808747
1780456774,203.959643
1780456774,199.487644
1780456774,204.297089
1780456774,204.022611
1780456774,206.256901
1780456774,206.885605
1780456774,198.355334
1780456774,210.607159
1780456774,211.700636
1780456774,211.593524
1780456774,213.384659
1780456774,212.713166
1780456774,212.792862
1780456774,213.184429
1780456774,214.111089
1780456774,212.920776
1780456774,205.399617
1780456774,202.221482
1780456774,199.678674
1780456774,205.683917
1780456774,204.350660
1780456774,216.635813
1780456774,202.432580
1780456774,215.735150
1780456774,217.123798
1780456774,197.820499
1780456774,199.473282
1780456774,199.164246
1780456774,200.977422
1780456774,203.853108
1780456774,201.384688
1780456774,201.431530
1780456774,209.984048
1780456774,216.495687
1780456774,201.831953
1780456774,179.280695
1780456774,179.091493
1780456774,186.676385
1780456774,179.070508
1780456774,179.760273
1780456774,184.627605
1780456774,179.773352
1780456774,184.992734
1780456774,185.784158
1780456774,185.189852
1780456774,214.572043
1780456774,215.870643
1780456774,215.389553
1780456774,216.892616
1780456774,215.251082
1780456774,215.378315
1780456774,215.506325
1780456774,217.106590
1780456774,217.043942
1780456774,217.193064
1780456774,216.917417
1780456774,215.656065
1780456774,217.133036
1780456774,217.211111
1780456774,217.267021
1780456774,217.644630
1780456774,217.728707
1780456774,217.888640
1780456774,217.853680
1780456774,217.853386
1780456774,217.709733
1780456774,217.879286
1780456774,217.895145
1780456774,217.732900
1780456774,216.310663
1780456774,218.114084
1780456774,200.170927
1780456774,189.743042
1780456774,201.007199
1780456774,190.368951
1780456774,191.337147
1780456774,200.160561
1780456774,193.695714
1780456774,200.176318
1780456774,191.900800
1780456774,203.603897
1780456774,190.000394
1780456774,203.497018
1780456774,195.243517
1780456774,203.582141
1780456774,195.181174
1780456774,202.942771
1780456774,190.031075
1780456774,201.706697
1780456774,194.063188
1780456774,203.270670
1780456774,197.604650
1780456774,201.641044
1780456774,203.242437
1780456774,197.205783
1780456774,190.819730
1780456774,193.222745
1780456774,188.962956
1780456774,197.998046
1780456774,203.307268
1780456774,204.136203
1780456774,197.843020
1780456774,188.987040
1780456774,191.122120
1780456774,204.296113
1780456774,190.769826
1780456774,203.608834
1780456774,192.286731
1780456774,204.336342
1780456774,198.146111
1780456774,203.680883
1780456774,196.034598
1780456774,199.664584
1780456774,189.334124
1780456774,202.388886
1780456774,198.355682
1780456774,198.496787
1780456774,198.364464
1780456774,199.701082
1780456774,204.679920
1780456774,202.814683
1780456774,191.763309
1780456774,204.620833
1780456774,192.880673
1780456774,197.950012
1780456774,198.764927
1780456774,195.256135
1780456774,201.230999
1780456774,203.199551
1780456774,205.596095
1780456774,203.296219
1780456774,209.606528
1780456774,200.571591
1780456774,204.033589
1780456774,202.300406
1780456774,209.028474
1780456774,204.407491
1780456774,209.643926
1780456774,197.399247
1780456774,209.967192
1780456774,200.989863
1780456774,209.524343
1780456774,205.257930
1780456774,209.952679
1780456774,207.856795
1780456774,210.773271
1780456774,203.934513
1780456774,210.980859
1780456774,206.122614
1780456774,212.211486
1780456774,208.634907
1780456774,212.414919
1780456774,202.620882
1780456774,211.775754
1780456774,206.735925
1780456774,211.978001
1780456774,206.835484
1780456774,212.796915
1780456774,209.876933
1780456774,211.256699
1780456774,211.242798
1780456774,205.903123
1780456774,207.997817
1780456774,208.398177
1780456774,206.935877
1780456774,207.258310
1780456774,207.567682
1780456774,213.497463
1780456774,208.275868
1780456774,213.924269
1780456774,211.946911
1780456774,210.866548
1780456774,212.399109
1780456774,212.704328
1780456774,210.095121
1780456774,215.673174
1780456774,214.106241
1780456774,214.028181
1780456774,220.660887
1780456774,215.013144
1780456774,212.840408
1780456774,221.436582
1780456774,217.092657
1780456774,221.376639
1780456774,215.771990
1780456774,219.217746
1780456774,215.895713
1780456774,219.565668
1780456774,216.010053
1780456774,216.535201
1780456774,212.488143
1780456774,225.311742
1780456774,214.406960
1780456774,209.378426
1780456774,215.284599
1780456774,215.740562
1780456774,226.740212
1780456774,218.362555
1780456774,204.083540
1780456774,218.326131
1780456774,225.778753
1780456774,216.483026
1780456774,222.497495
1780456774,220.769354
1780456774,224.453974
1780456774,219.478089
1780456774,228.172690
1780456774,221.713823
1780456774,219.847797
1780456774,226.832861
1780456774,217.790802
1780456774,226.249844
1780456774,198.733051
1780456774,225.279058
1780456774,207.328971
1780456774,225.986516
1780456774,199.550100
1780456774,227.777166
1780456774,231.507961
1780456774,207.846612
1780456774,208.205912
1780456774,228.380708
1780456774,208.352899
1780456774,232.034323
1780456774,208.703372
1780456774,228.815303
1780456774,203.110005
1780456774,229.059749
1780456774,229.190515
1780456774,209.223304
1780456774,209.501873
1780456774,229.592384
1780456774,204.737108
1780456774,232.637738
1780456774,231.177019
1780456774,204.949495
1780456774,233.664697
1780456774,212.013822
1780456774,231.658751
1780456774,238.868785
1780456774,206.523216
1780456774,204.788329
1780456774,215.026593
1780456774,205.372603
1780456774,205.653784
1780456774,205.244916
1780456774,207.004799
1780456774,208.257459
1780456774,208.753372
1780456774,217.435017
1780456774,217.849436
1780456774,215.712020
1780456774,218.136621
1780456774,215.698879
1780456774,215.411470
1780456774,225.880703
1780456774,225.847656
1780456774,222.709887
1780456774,226.759785
1780456774,219.095925
1780456774,215.694122
1780456774,215.769881
1780456774,216.686645
1780456774,219.483677
1780456774,212.365013
1780456774,213.359526
1780456774,216.968409
1780456774,213.737823
1780456774,221.859187
1780456774,214.034075
1780456774,221.051792
1780456774,207.646445
1780456774,217.708423
1780456774,222.678511
1780456774,219.109467
1780456774,218.242907
1780456774,217.922272
1780456774,218.143136
1780456774,220.555195
1780456774,223.038867
1780456774,219.180189
1780456774,219.133288
1780456774,219.299875
1780456774,219.292608
1780456774,221.666934
1780456774,220.623782
1780456774,221.887402
1780456774,225.139367
1780456774,223.214999
1780456774,225.445149
1780456774,220.884852
1780456774,221.029578
1780456774,225.045786
1780456774,225.428683
1780456774,232.062539
1780456774,227.651191
1780456774,228.151747
1780456774,251.882951
1780456774,225.654365
1780456774,232.670288
1780456774,229.238210
1780456774,253.562865
1780456774,225.786404
1780456774,252.294760
1780456774,225.686714
1780456774,215.934090
1780456774,223.889909
1780456774,227.643476
1780456774,229.266667
1780456774,236.707464
1780456774,223.890314
1780456774,239.099209
1780456774,237.126402
1780456774,238.702967
1780456774,220.164361
1780456774,237.113728
1780456774,225.719593
1780456774,239.680236
1780456774,230.700741
1780456774,236.044497
1780456774,237.163380
1780456774,222.628002
1780456774,240.703524
1780456774,225.464070
1780456774,236.832165
1780456774,229.542418
1780456774,239.315668
1780456774,229.695400
1780456774,238.915030
1780456774,225.728298
1780456774,226.115728
1780456774,233.371067
1780456774,230.898242
1780456774,228.314446
1780456774,225.852777
1780456774,225.992403
1780456774,211.185679
1780456774,238.850187
1780456774,241.141601
1780456774,240.618051
1780456774,240.761331
1780456774,209.314272
1780456774,241.261153
1780456774,240.750268
1780456774,240.886635
1780456774,240.848044
1780456774,211.465265
1780456774,240.807105
1780456774,211.549545
1780456774,242.757043
1780456774,211.628706
1780456774,244.393434
1780456774,211.567814
1780456774,243.056055
1780456774,243.869720
1780456774,211.163806
1780456774,241.332663
1780456774,213.398408
1780456774,244.884915
1780456774,215.817132
1780456774,241.685786
1780456774,205.209123
1780456774,215.969850
1780456774,206.350106
1780456774,207.695765
1780456774,217.027755
1780456774,221.376297
1780456774,217.255622
1780456774,213.888450
1780456774,208.077646
1780456774,217.632402
1780456774,215.259348
1780456774,214.403235
1780456774,255.992789
1780456774,216.587987
1780456774,214.419157
1780456774,212.396154
1780456774,213.850787
1780456774,218.862936
1780456774,214.005824
1780456774,214.283473
1780456774,214.605312
1780456774,218.914570
1780456774,217.922115
1780456774,217.770572
1780456774,214.146992
1780456774,224.635619
1780456774,219.684224
1780456774,224.635273
1780456774,215.649544
1780456774,212.797556
1780456774,218.233648
1780456774,217.112978
1780456774,214.577533
1780456774,214.702830
1780456774,214.285360
1780456774,210.833022
1780456774,220.348405
1780456774,226.043956
1780456774,220.503209
1780456774,214.663546
1780456774,218.380168
1780456774,214.669659
1780456774,221.400248
1780456774,220.423370
1780456774,220.616709
1780456774,226.530205
1780456774,220.671519
1780456774,226.482341
1780456774,217.302658
1780456774,216.054885
1780456774,218.505684
1780456774,216.035344
1780456774,218.265636
1780456774,220.655371
1780456774,223.991710
1780456774,211.142826
1780456774,218.554794
1780456774,218.635200
1780456774,222.646897
1780456774,220.801231
1780456774,216.303269
1780456774,215.129445
1780456774,226.578784
1780456774,225.105095
1780456774,221.624907
1780456774,222.748776
1780456774,224.296887
1780456774,224.251478
1780456774,220.991142
1780456774,224.222020
1780456774,224.430430
1780456774,222.994367
1780456774,218.275733
1780456774,223.063164
1780456774,217.754447
1780456774,217.796156
1780456774,228.243931
1780456774,224.418164
1780456774,226.841933
1780456774,199.707340
1780456774,225.483582
1780456774,211.699334
1780456774,213.533637
1780456774,199.698410
1780456774,215.487546
1780456774,199.770699
1780456774,212.968551
1780456774,197.901859
1780456774,213.963277
1780456774,199.603148
1780456774,213.083123
1780456774,199.768008
1780456774,213.153333
1780456774,197.964985
1780456774,229.093471
1780456774,231.097011
1780456774,199.194595
1780456774,109.624017
1780456774,200.271564
1780456774,206.102711
1780456774,199.197933
1780456774,108.688935
1780456774,202.097075
1780456774,111.006473
1780456774,199.888464
1780456774,110.742553
1780456774,200.879037
1780456774,109.025858
1780456774,200.096668
1780456774,109.565230
1780456774,201.683733
1780456774,113.408253
1780456774,199.427717
1780456774,109.803149
1780456774,199.547414
1780456774,110.217832
1780456774,201.837288
1780456774,110.595561
1780456774,200.143334
1780456774,110.845711
1780456774,202.512386
1780456774,111.830360
1780456774,204.159859
1780456774,112.166539
1780456774,199.668134
1780456774,112.552770
1780456774,200.313688
1780456774,113.307592
1780456774,203.859958
1780456774,113.226757
1780456774,200.108025
1780456774,113.537257
1780456774,200.168481
1780456774,113.733851
1780456774,112.995746
1780456774,202.815946
1780456774,114.323245
1780456774,200.316270
1780456774,114.621501
1780456774,202.746727
1780456774,115.092750
1780456774,204.842610
1780456774,204.743487
1780456774,210.573384
1780456774,211.417372
1780456774,214.540552
1780456774,211.445952
1780456774,217.609457
1780456774,219.113319
1780456774,211.520023
1780456774,203.116720
1780456774,217.765603
1780456774,203.126663
1780456774,210.680709
1780456774,203.245627
1780456774,216.262581
1780456774,203.250371
1780456774,213.080419
1780456774,202.942173
1780456774,112.265268
1780456774,213.158426
1780456774,213.018697
1780456774,208.556338
1780456774,209.740875
1780456774,203.444288
1780456774,219.225212
1780456774,205.883466
1780456774,219.297618
1780456774,205.644801
1780456774,216.452581
1780456774,208.710692
1780456774,220.280802
1780456774,206.906680
1780456774,208.837489
1780456774,217.224106
1780456774,207.653647
1780456774,220.646051
1780456774,203.529308
1780456774,218.352225
1780456774,203.614942
1780456774,222.646579
1780456774,206.483925
1780456774,218.408417
1780456774,205.709798
1780456774,223.684989
1780456774,219.670171
1780456774,206.289331
1780456774,218.549413
1780456774,206.260664
1780456774,215.773724
1780456774,208.563861
1780456774,191.578833
1780456774,210.238723
1780456774,188.153353
1780456774,190.103744
1780456774,208.001616
1780456774,210.626044
1780456774,191.659646
1780456774,210.121956
1780456774,190.163268
1780456774,190.035867
1780456774,211.579740
1780456774,190.094607
1780456774,182.746088
1780456774,190.285907
1780456774,212.577185
1780456774,190.267024
1780456774,209.021194
1780456774,189.560724
1780456774,213.944251
1780456774,209.054083
1780456774,182.855416
1780456774,205.770788
1780456774,189.666755
1780456774,211.855217
1780456774,190.354237
1780456774,214.042412
1780456774,191.250136
1780456774,209.606334
1780456774,192.222687
1780456774,189.732924
1780456774,206.545955
1780456774,192.068229
1780456774,209.611298
1780456774,192.052946
1780456774,207.332022
1780456774,190.569842
1780456774,214.306266
1780456774,192.325342
1780456774,206.676946
1780456774,190.556559
1780456774,211.295718
1780456774,212.138710
1780456774,192.343599
1780456774,207.450672
1780456774,213.172414
1780456774,190.704408
1780456774,192.513251
1780456774,214.586997
1780456774,195.610696
1780456774,208.799556
1780456774,197.088258
1780456774,192.702657
1780456774,213.296532
1780456774,195.599507
1780456774,216.763733
1780456774,190.991658
1780456774,207.975693
1780456774,192.642900
1780456774,214.576171
1780456774,192.718976
1780456774,214.801775
1780456774,192.588402
1780456774,214.786645
1780456774,192.859231
1780456774,208.369207
1780456774,192.772993
1780456774,213.568099
1780456774,193.688423
1780456774,192.761779
1780456774,208.984530
1780456774,193.897166
1780456774,217.037924
1780456774,193.908704
1780456774,216.914552
1780456774,194.300344
1780456774,216.713980
1780456774,196.013054
1780456774,208.722467
1780456774,197.590682
1780456774,194.667455
1780456774,199.386082
1780456774,198.758780
1780456774,200.363870
1780456774,194.902859
1780456774,200.294447
1780456774,194.986609
1780456774,200.043912
1780456774,196.484542
1780456774,200.554819
1780456774,196.655038
1780456774,198.177433
1780456774,198.336548
1780456774,200.677747
1780456774,197.977452
1780456774,200.296620
1780456774,203.074501
1780456774,196.874883
1780456774,207.951490
1780456774,196.767973
1780456774,200.574646
1780456774,200.560095
1780456774,197.012182
1780456774,201.107667
1780456774,202.072486
1780456774,218.086075
1780456774,198.700299
1780456774,202.115250
1780456774,202.071111
1780456774,186.613374
1780456774,200.513736
1780456774,187.885883
1780456774,183.298881
1780456774,200.819844
1780456774,201.301187
1780456774,186.763085
1780456774,157.336813
1780456774,188.153652
1780456774,201.433958
1780456774,201.108142
1780456774,186.821503
1780456774,201.553941
1780456774,184.141929
1780456774,201.704653
1780456774,158.586504
1780456774,201.328432
1780456774,188.278794
1780456774,200.789048
1780456774,201.148177
1780456774,186.896243
1780456774,201.507078
1780456774,188.273901
1780456774,188.284702
1780456774,188.614216
1780456774,188.595697
1780456774,188.748614
1780456774,185.078398
1780456774,189.964422
1780456774,190.055733
1780456774,191.053063
1780456774,187.431019
1780456774,190.410828
1780456774,199.871931
1780456774,191.667853
1780456774,198.278704
1780456774,191.158639
1780456774,191.799377
1780456774,201.897117
1780456774,190.362751
1780456774,190.419333
1780456774,202.546781
1780456774,202.118002
1780456774,195.172102
1780456774,193.057143
1780456774,203.594449
1780456774,190.581320
1780456774,201.971961
1780456774,203.474031
1780456774,195.332966
1780456774,191.506018
1780456774,203.564900
1780456774,176.230964
1780456774,202.592620
1780456774,185.647508
1780456774,176.593019
1780456774,183.331713
1780456774,175.297183
1780456774,186.504711
1780456774,176.875992
1780456774,186.491029
1780456774,176.807597
1780456774,186.638435
1780456774,186.644149
1780456774,178.952370
1780456774,182.406265
1780456774,177.237867
1780456774,189.514663
1780456774,179.982076
1780456774,188.364739
1780456774,177.920836
1780456774,188.182100
1780456774,181.124898
1780456774,188.300633
1780456774,178.417666
1780456774,189.900374
1780456774,181.400144
1780456774,188.477339
1780456774,180.315621
1780456774,189.768445
1780456774,179.465382
1780456774,188.259322
1780456774,180.482481
1780456774,188.151247
1780456774,179.891932
1780456774,187.065073
1780456774,182.638039
1780456774,188.713609
1780456774,193.993578
1780456774,178.596183
1780456774,202.968826
1780456774,186.479879
1780456774,203.244845
1780456774,184.261233
1780456774,203.142125
1780456774,182.250687
1780456774,203.335421
1780456774,183.484102
1780456774,184.980351
1780456774,187.290936
1780456774,187.416703
1780456774,203.723026
1780456774,184.014877
1780456774,199.595182
1780456774,182.587359
1780456774,183.520431
1780456774,161.296858
1780456774,165.181838
1780456774,182.849377
1780456774,162.934381
1780456774,159.197130
1780456774,183.014906
1780456774,182.103463
1780456774,184.843398
1780456774,184.014595
1780456774,162.411667
1780456774,166.736798
1780456774,153.279899
1780456774,135.719930
1780456774,163.557105
1780456774,171.552130
1780456774,184.353485
1780456774,174.872254
1780456774,184.608973
1780456774,172.219968
1780456774,161.385608
1780456774,168.918003
1780456774,160.587167
1780456774,173.500129
1780456774,172.707168
1780456774,176.823226
1780456774,160.877916
1780456774,144.271829
1780456774,178.773545
1780456774,159.150116
1780456774,176.866485
1780456774,159.339464
1780456774,176.622424
1780456774,143.529447
1780456774,181.404901
1780456774,160.512254
1780456774,184.303700
1780456774,144.659689
1780456774,186.054317
1780456774,144.770577
1780456774,186.278616
1780456774,145.482982
1780456774,176.434128
1780456774,145.806878
1780456774,178.463188
1780456774,176.882615
1780456774,181.020220
1780456774,146.189947
1780456774,176.231183
1780456774,177.404594
1780456774,172.339677
1780456774,177.352755
1780456774,146.723854
1780456774,181.528435
1780456774,176.034915
1780456774,182.563888
1780456774,175.711877
1780456774,179.567286
1780456774,147.424402
1780456774,179.854054
1780456774,148.374396
1780456774,152.738766
1780456774,175.993854
1780456774,152.523740
1780456774,154.563109
1780456774,153.051036
1780456774,176.790603
1780456774,153.120408
1780456774,153.844776
1780456774,157.076390
1780456774,154.523511
1780456774,177.028295
1780456774,155.859721
1780456774,149.092986
1780456774,153.914597
1780456774,153.573288
1780456774,154.776448
1780456774,161.647597
1780456774,155.757305
1780456774,149.276878
1780456774,156.265805
1780456774,157.116466
1780456774,161.905187
1780456774,182.885420
1780456774,151.982295
1780456774,156.840972
1780456774,152.380711
1780456774,156.643999
1780456774,156.951324
1780456774,152.317758
1780456774,157.615507
1780456774,132.597030
1780456774,183.318146
1780456774,133.269529
1780456774,163.371530
1780456774,133.597948
1780456774,184.907630
1780456774,133.660300
1780456774,158.822154
1780456774,151.889238
1780456774,184.101706
1780456774,152.097483
1780456774,162.046782
1780456774,152.203275
1780456774,183.738867
1780456774,154.069143
1780456774,154.806039
1780456774,190.976194
1780456774,136.603738
1780456774,190.630802
1780456774,191.061195
1780456774,135.247562
1780456774,194.655449
1780456774,137.855857
1780456774,135.871412
1780456774,167.772719
1780456774,137.199166
1780456774,139.214883
1780456774,165.411876
1780456774,142.191857
1780456774,144.033875
1780456774,149.813101
1780456774,142.058840
1780456774,179.250204
1780456774,144.635709
1780456774,129.019552
1780456774,142.435039
1780456774,128.863092
1780456774,158.515217
1780456774,130.441317
1780456774,160.902278
1780456774,133.673118
1780456774,129.666928
1780456774,143.030935
1780456774,130.472530
1780456774,143.726725
1780456774,132.515132
1780456774,141.930114
1780456774,130.980332
1780456774,142.817581
1780456774,131.381705
1780456774,160.983387
1780456774,132.878269
1780456774,131.213148
1780456774,143.883452
1780456774,145.177038
1780456774,144.810150
1780456774,143.732713
1780456774,133.303472
1780456774,129.833489
1780456774,144.252188
1780456774,132.441328
1780456774,123.760263
1780456774,124.791084
1780456774,133.894824
1780456774,125.056533
1780456774,125.267386
1780456774,134.941662
1780456774,128.650748
1780456774,132.880721
1780456774,128.924032
1780456774,135.787942
1780456774,129.311561
1780456774,153.129718
1780456774,129.932170
1780456774,155.273332
1780456774,129.210869
1780456774,130.729703
1780456774,130.498023
1780456774,128.700091
1780456774,130.718861
1780456774,142.813947
1780456774,118.554784
1780456774,106.854822
1780456774,111.251272
1780456774,115.609803
1780456774,117.648523
1780456774,105.704335
1780456774,116.480014
1780456774,105.591320
1780456774,114.581567
1780456774,105.835287
1780456774,113.142331
1780456774,113.272584
1780456774,114.773449
1780456774,117.704137
1780456774,114.059419
1780456774,117.007556
1780456774,113.890680
1780456774,123.469879
1780456774,115.414703
1780456774,105.000774
1780456774,114.673307
1780456774,118.536486
1780456774,116.822959
1780456774,115.902670
1780456774,105.686637
1780456774,105.468674
1780456774,105.571393
1780456774,106.570882
1780456774,105.920509
1780456774,105.511287
1780456774,135.225467
1780456774,104.450552
1780456774,106.041375
1780456774,131.786203
1780456774,133.402234
1780456774,106.856325
1780456774,106.569515
1780456774,107.612950
1780456774,105.658336
1780456774,106.918027
1780456774,137.235392
1780456774,106.160323
1780456774,106.499976
1780456774,105.019675
1780456774,106.879317
1780456774,104.843858
1780456774,103.600095
1780456774,106.258576
1780456774,104.956787
1780456774,105.314379
1780456774,106.214419
1780456774,108.414888
1780456774,104.639047
1780456774,106.763783
1780456774,106.414802
1780456774,107.604120
1780456774,132.061793
1780456774,106.221169
1780456774,106.146992
1780456774,106.711535
1780456774,130.774429
1780456774,132.904339
1780456774,107.018601
1780456774,106.738609
1780456774,107.316137
1780456774,131.591324
1780456774,106.145088
1780456774,105.908683
1780456774,104.316702
1780456774,103.932793
1780456774,106.893362
1780456774,104.508590
1780456774,108.426854
1780456774,107.126312
1780456774,106.910820
1780456774,104.935540
1780456774,104.080090
1780456774,104.386193
1780456774,107.919192
1780456774,129.881952
1780456774,135.379587
1780456774,130.126812
1780456774,107.767121
1780456774,108.303545
1780456774,105.403090
1780456774,104.052318
1780456774,105.390505
1780456774,105.003096
1780456774,103.488158
1780456774,103.096343
1780456774,103.258184
1780456774,105.571594
1780456774,102.569109
1780456774,131.162490
1780456774,131.230608
1780456774,130.758725
1780456774,104.887596
1780456774,107.210207
1780456774,105.992466
1780456774,103.994527
1780456774,137.226234
1780456774,104.886716
1780456774,104.968036
1780456774,138.073735
1780456774,106.032180
1780456774,105.787303
1780456774,105.755768
1780456774,107.713236
1780456774,140.600879
1780456774,107.534000
1780456774,107.379616
1780456774,107.514935
1780456774,107.287326
1780456774,108.273231
1780456774,106.957394
1780456774,109.176106
1780456774,106.878806
1780456774,109.365571
1780456774,107.269188
1780456774,108.742399
1780456774,108.674288
1780456774,108.224886
1780456774,107.922214
1780456774,109.568750
1780456774,109.952776
1780456774,109.181205
1780456774,107.929334
1780456774,142.656141
1780456774,108.874117
1780456774,109.996247
1780456774,107.887927
1780456774,108.564807
1780456774,126.631634
1780456774,110.019715
1780456774,130.425167
1780456774,132.344709
1780456774,108.427222
1780456774,109.015875
1780456774,108.550361
1780456774,133.921307
1780456774,105.304902
1780456774,109.370004
1780456774,123.278937
1780456774,104.580101
1780456774,105.567132
1780456774,104.313660
1780456774,103.619121
1780456774,104.010058
1780456774,103.130389
1780456774,110.109420
1780456774,135.857138
1780456774,110.029850
1780456774,110.174470
1780456774,110.104715
1780456774,109.789993
1780456774,109.299810
1780456774,106.201643
1780456774,123.294729
1780456774,127.965634
1780456774,121.651350
1780456774,106.196129
1780456774,104.970910
1780456774,103.630149
1780456774,113.501260
1780456774,113.959005
1780456774,113.534615
1780456774,111.006222
1780456774,137.256528
1780456774,112.905271
1780456774,108.929249
1780456774,128.355816
1780456774,114.081865
1780456774,113.073240
1780456774,106.104624
1780456774,113.758938
1780456774,131.716732
1780456774,112.644586
1780456774,112.022467
1780456774,111.682975
1780456774,105.005189
1780456774,111.569631
1780456774,108.308571
1780456774,129.909651
1780456774,109.940483
1780456774,129.987606
1780456774,113.895128
1780456774,104.778136
1780456774,106.390778
1780456774,109.371338
1780456774,112.223750
1780456774,113.143960
1780456774,109.750053
1780456774,131.693133
1780456774,109.524125
1780456774,111.503466
1780456774,109.944853
1780456774,105.103766
1780456774,112.352501
1780456774,112.580042
1780456774,109.327224
1780456774,110.071249
1780456774,106.786264
1780456774,120.622713
1780456774,104.876310
1780456774,107.819873
1780456774,107.755296
1780456774,112.442907
1780456774,110.624296
1780456774,109.017026
1780456774,111.891439
1780456774,144.876673
1780456774,111.529127
1780456774,106.692609
1780456774,160.215959
1780456774,120.182087
1780456774,107.956909
1780456774,106.340003
1780456774,112.112204
1780456774,120.868830
1780456774,158.632883
1780456774,142.417024
1780456774,119.609162
1780456774,114.476189
1780456774,117.842015
1780456774,115.345305
1780456774,114.985740
1780456774,114.271078
1780456774,115.646919
1780456774,120.657143
1780456774,114.532686
1780456774,118.655337
1780456774,117.434533
1780456774,113.224472
1780456774,115.401209
1780456774,115.081458
1780456774,112.393770
1780456774,113.062179
1780456774,112.104056
1780456774,110.362550
1780456774,117.146942
1780456774,111.580611
1780456774,123.301972
1780456774,122.395553
1780456774,110.512490
1780456774,146.997560
1780456774,117.108641
1780456774,111.235451
1780456774,113.922671
1780456774,114.143740
1780456774,162.011536
1780456774,114.355231
1780456774,151.505570
1780456774,123.318487
1780456774,120.109627
1780456774,112.102241
1780456774,114.381426
1780456774,110.471239
1780456774,114.275041
1780456774,111.355451
1780456774,114.018937
1780456774,115.414330
1780456774,147.861864
1780456774,111.129764
1780456774,110.701596
1780456774,110.609876
1780456774,104.238252
1780456774,104.422318
1780456774,121.757208
1780456774,119.599991
1780456774,105.810494
1780456774,122.609285
1780456774,122.341304
1780456774,107.833926
1780456774,121.648070
1780456774,123.259992
1780456774,119.935424
1780456774,107.557394
1780456774,108.603329
1780456774,104.898464
1780456774,107.372146
1780456774,126.284556
1780456774,124.251638
1780456774,110.828275
1780456774,112.595244
1780456774,112.217685
1780456774,109.898802
1780456774,110.977372
1780456774,111.287583
1780456774,109.840723
1780456774,106.335460
1780456774,113.287982
1780456774,108.336849
1780456774,112.569161
1780456774,112.280198
1780456774,113.491996
1780456774,110.851325
1780456774,109.541971
1780456774,111.450571
1780456774,108.430574
1780456774,110.318510
1780456774,104.333756
1780456774,104.102023
1780456774,102.896460
1780456774,105.436132
1780456774,106.055807
1780456774,104.648458
1780456774,105.421937
1780456774,103.471305
1780456774,103.523649
1780456774,107.065490
1780456774,175.364074
1780456774,107.882722
1780456774,107.594048
1780456774,107.758049
1780456774,139.781744
1780456774,136.568201
1780456774,139.460655
1780456774,110.398847
1780456774,107.286121
1780456774,114.049091
1780456774,114.620523
1780456774,113.863693
1780456774,113.892250
1780456774,141.153491
1780456774,113.257151
1780456774,113.600729
1780456774,140.838615
1780456774,111.119850
1780456774,124.959439
1780456774,143.099321
1780456774,105.682582
1780456774,105.375510
1780456774,149.550631
1780456774,142.091910
1780456774,145.704457
1780456774,104.989810
1780456774,105.720715
1780456774,105.382012
1780456774,105.512045
1780456774,104.987239
1780456774,105.200448
1780456774,105.345770
1780456774,105.510825
1780456774,105.469940
1780456774,105.495749
1780456774,105.517231
1780456774,105.454572
1780456774,105.357852
1780456774,106.687231
1780456774,127.340733
1780456774,126.375811
1780456774,129.388145
1780456774,107.890571
1780456774,106.716472
1780456774,127.785495
1780456774,128.760634
1780456774,106.692676
1780456774,120.360348
1780456774,116.838572
1780456774,117.553276
1780456774,110.871351
1780456774,111.402570
1780456774,110.453439
1780456774,151.257707
1780456774,152.112569
1780456774,123.364466
1780456774,123.337349
1780456774,120.752374
1780456774,149.310276
1780456774,149.215959
1780456774,121.072561
1780456774,120.993181
1780456774,120.785619
1780456774,114.820209
1780456774,123.666274
1780456774,118.579334
1780456774,114.635696
1780456774,123.871405
1780456774,121.101809
1780456774,121.337927
1780456774,112.897252
1780456774,142.179017
1780456774,114.291202
1780456774,114.367574
1780456774,115.559591
1780456774,115.237568
1780456774,115.549905
1780456774,117.006652
1780456774,122.899038
1780456774,150.274087
1780456774,135.106542
1780456774,135.113831
1780456774,115.530569
1780456774,143.112277
1780456774,117.020143
1780456774,123.256426
1780456774,117.178711
1780456774,122.718485
1780456774,122.152161
1780456774,122.438730
1780456774,117.165794
1780456774,119.882619
1780456774,116.734058
1780456774,122.705866
1780456774,135.220188
1780456774,132.794816
1780456774,171.782939
1780456774,127.829332
1780456774,132.965228
1780456774,161.272041
1780456774,133.268928
1780456774,146.197733
1780456774,134.583163
1780456774,146.727771
1780456774,172.235366
1780456774,134.204393
1780456774,114.403642
1780456774,134.326145
1780456774,127.667004
1780456774,128.214557
1780456774,161.251562
1780456774,146.709207
1780456774,109.831782
1780456774,128.169182
1780456774,118.819898
1780456774,134.312556
1780456774,128.248441
1780456774,114.386999
1780456774,126.706954
1780456774,146.804407
1780456774,123.668789
1780456774,126.840874
1780456774,128.021768
1780456774,127.819218
1780456774,146.385118
1780456774,135.229164
1780456774,133.984805
1780456774,210.628939
1780456774,172.874353
1780456774,199.739565
1780456774,199.951929
1780456774,172.772819
1780456774,211.491312
1780456774,164.955671
1780456774,185.440416
1780456774,174.438698
1780456774,174.183555
1780456774,174.719318
1780456774,174.332044
1780456774,184.998460
1780456774,163.023600
1780456774,172.169830
1780456774,165.384544
1780456774,167.010863
1780456774,165.239258
1780456774,185.089832
1780456774,165.191644
1780456774,185.223960
1780456774,152.497663
1780456774,185.571832
1780456774,154.424139
1780456774,167.209790
1780456774,174.596248
1780456774,157.715353
1780456774,211.242173
1780456774,152.590940
1780456774,160.692199
1780456774,110.334752
1780456774,119.514291
1780456774,119.424389
1780456774,108.733089
1780456774,119.719568
1780456774,109.002831
1780456774,119.623338
1780456774,109.094411
1780456774,121.691791
1780456774,108.466513
1780456774,122.152599
1780456774,108.389284
1780456774,125.368472
1780456774,110.624286
1780456774,128.171911
1780456774,108.704424
1780456774,133.408937
1780456774,108.968280
1780456774,132.331718
1780456774,111.106114
1780456774,142.107020
1780456774,111.190986
1780456774,142.173403
1780456774,142.244067
1780456774,151.961784
1780456774,164.176844
1780456774,120.707051
1780456774,159.316689
1780456774,168.604954
1780456774,169.627093
1780456774,169.809733
1780456774,177.097551
1780456774,214.782118
1780456774,154.352556
1780456774,214.931793
1780456774,154.446385
1780456774,153.233203
1780456774,143.728310
1780456774,153.337253
1780456774,155.583595
1780456774,156.692872
1780456774,143.912345
1780456774,151.842269
1780456774,124.043407
1780456774,157.779158
1780456774,123.552368
1780456774,151.903732
1780456774,126.781697
1780456774,168.791328
1780456774,124.374017
1780456774,168.803062
1780456774,124.288368
1780456774,168.580137
1780456774,132.001153
1780456774,109.781441
1780456774,132.405790
1780456774,125.512445
1780456774,135.524832
1780456774,112.219481
1780456774,115.040807
1780456774,138.951532
1780456774,114.334295
1780456774,138.976214
1780456774,114.259498
1780456774,138.978684
1780456774,137.962102
1780456774,112.266784
1780456774,112.125197
1780456774,143.041089
1780456774,124.669997
1780456774,154.035306
1780456774,112.647221
1780456774,153.782642
1780456774,125.224854
1780456774,124.077484
1780456774,126.576795
1780456774,123.425243
1780456774,124.040043
1780456774,165.822120
1780456774,164.516527
1780456774,182.851833
1780456774,180.313637
1780456774,193.124997
1780456774,180.672086
1780456774,160.567428
1780456774,148.943347
1780456774,156.975014
1780456774,170.343408
1780456774,168.911812
1780456774,173.885379
1780456774,166.880443
1780456774,180.367879
1780456774,146.295955
1780456774,148.998582
1780456774,147.292927
1780456774,149.053844
1780456774,149.166281
1780456774,147.846352
1780456774,160.963714
1780456774,147.704293
1780456774,149.029666
1780456774,131.157060
1780456774,159.838426
1780456774,128.699054
1780456774,119.086110
1780456774,129.459740
1780456774,131.337559
1780456774,116.729369
1780456774,129.632359
1780456774,118.887275
1780456774,117.215584
1780456774,129.554393
1780456774,131.410788
1780456774,117.206323
1780456774,117.112610
1780456774,143.054439
1780456774,117.597704
1780456774,131.140921
1780456774,118.915957
1780456774,143.151475
1780456774,118.936369
1780456774,147.156822
1780456774,117.605080
1780456774,146.653487
1780456774,149.744805
1780456774,157.731384
1780456774,157.652291
1780456774,147.291220
1780456774,145.577535
1780456774,121.006637
1780456774,121.307358
1780456774,120.729294
1780456774,120.422548
1780456774,121.145933
1780456774,121.035919
1780456774,115.122914
1780456774,121.250571
1780456774,121.287073
1780456774,121.165812
1780456774,114.114443
1780456774,120.523726
1780456774,117.696742
1780456774,116.758606
1780456774,121.063878
1780456774,120.662780
1780456774,121.285260
1780456774,117.944308
1780456774,116.831327
1780456774,115.437611
1780456774,121.465276
1780456774,115.584459
1780456774,114.340853
1780456774,116.531848
1780456774,113.103128
1780456774,154.919966
1780456774,172.073991
1780456774,154.917392
1780456774,176.105030
1780456774,153.631642
1780456774,154.953556
1780456774,153.743764
1780456774,154.959962
1780456774,155.119210
1780456774,153.863009
1780456774,166.212960
1780456774,153.877126
1780456774,153.849508
1780456774,147.156273
1780456774,163.267177
1780456774,156.248730
1780456774,165.694229
1780456774,156.242181
1780456774,151.075268
1780456774,143.746251
1780456774,146.584875
1780456774,163.227917
1780456774,154.021966
1780456774,147.635589
1780456774,138.556835
1780456774,154.139805
1780456774,139.120163
1780456774,123.110810
1780456774,147.878729
1780456774,123.275461
1780456774,125.055093
1780456774,135.862958
1780456774,135.164477
1780456774,126.484404
1780456774,135.308193
1780456774,136.142635
1780456774,145.100061
1780456774,137.209552
1780456774,151.655415
1780456774,145.121931
1780456774,144.352173
1780456774,146.225665
1780456774,137.942766
1780456774,111.819231
1780456774,123.740096
1780456774,123.554969
1780456774,116.803396
1780456774,123.538103
1780456774,116.931145
1780456774,124.247452
1780456774,124.491018
1780456774,114.397432
1780456774,118.255597
1780456774,126.269906
1780456774,119.316054
1780456774,135.129804
1780456774,135.545640
1780456774,117.129374
1780456774,126.324095
1780456774,124.496030
1780456774,124.137030
1780456774,124.515462
1780456774,123.252335
1780456774,123.956766
1780456774,123.948726
1780456774,119.820884
1780456774,125.916703
1780456774,123.642577
1780456774,124.061281
1780456774,114.096060
1780456774,124.071264
1780456774,127.370505
1780456774,126.042606
1780456774,124.859806
1780456774,123.488666
1780456774,126.102887
1780456774,121.191668
1780456774,122.478480
1780456774,118.743401
1780456774,121.354286
1780456774,117.586805
1780456774,121.369572
1780456774,120.040375
1780456774,108.706363
1780456774,117.547695
1780456774,115.639559
1780456774,116.742083
1780456774,113.292106
1780456774,119.466134
1780456774,117.274059
1780456774,119.493031
1780456774,115.453990
1780456774,115.931403
1780456774,122.904042
1780456774,120.830332
1780456774,123.430083
1780456774,111.405616
1780456774,111.051552
1780456774,120.954660
1780456774,118.492697
1780456774,112.391521
1780456774,130.280137
1780456774,109.754166
1780456774,109.992148
1780456774,110.000442
1780456774,127.843420
1780456774,127.816459
1780456774,117.246885
1780456774,121.051467
1780456774,119.715200
1780456774,136.685797
1780456774,118.620680
1780456774,136.473955
1780456774,113.759590
1780456774,117.376434
1780456774,113.719561
1780456774,129.689223
1780456774,127.208879
1780456774,122.961518
1780456774,128.625798
1780456774,124.858469
1780456774,128.390969
1780456774,136.328377
1780456774,136.570717
1780456774,136.493232
1780456774,128.751178
1780456774,136.480414
1780456774,119.413148
1780456774,136.642351
1780456774,137.603775
1780456774,123.202849
1780456774,136.435065
1780456774,123.293566
1780456774,120.604011
1780456774,117.175001
1780456774,137.679712
1780456774,118.063159
1780456774,137.753351
1780456774,127.644429
1780456774,123.574398
1780456774,125.236560
1780456774,123.967929
1780456774,122.612873
1780456774,126.101439
1780456774,123.746557
1780456774,118.195086
1780456774,127.218166
1780456774,117.539739
1780456774,117.807910
1780456774,121.109850
1780456774,127.272727
1780456774,127.107620
1780456774,120.274503
1780456774,125.104623
1780456774,121.657647
1780456774,124.200650
1780456774,120.758735
1780456774,116.064497
1780456774,117.423875
1780456774,119.480060
1780456774,123.173455
1780456774,123.382900
1780456774,122.070677
1780456774,117.625779
1780456774,123.463862
1780456774,116.680989
1780456774,114.899676
1780456774,115.991714
1780456774,122.803246
1780456774,115.952385
1780456774,121.819867
1780456774,116.986325
1780456774,115.385925
1780456774,117.210943
1780456774,116.425440
1780456774,120.015650
1780456774,117.375084
1780456774,119.411228
1780456774,118.306885
1780456774,118.566839
1780456774,118.001270
1780456774,140.155073
1780456774,128.687996
1780456774,126.156448
1780456774,125.213659
1780456774,120.448464
1780456774,119.197264
1780456774,122.580712
1780456774,119.154779
1780456774,119.216639
1780456774,118.318022
1780456774,119.385386
1780456774,124.076797
1780456774,120.610273
1780456774,139.659240
1780456774,130.145667
1780456774,131.508640
1780456774,127.878886
1780456774,118.399831
1780456774,129.045343
1780456774,125.468552
1780456774,125.548604
1780456774,127.628177
1780456774,129.109464
1780456774,126.744276
1780456774,130.400772
1780456774,128.003253
1780456774,124.466379
1780456774,124.572937
1780456774,125.459853
1780456774,121.115182
1780456774,126.822673
1780456774,124.692346
1780456774,129.254626
1780456774,118.937696
1780456774,132.048183
1780456774,124.650560
1780456774,126.841812
1780456774,124.637346
1780456774,121.251878
1780456774,126.944913
1780456774,113.323221
1780456774,113.691430
1780456774,113.429424
1780456774,113.581930
1780456774,114.413175
1780456774,114.771877
1780456774,114.904468
1780456774,113.750707
1780456774,112.233199
1780456774,111.773736
1780456774,115.476128
1780456774,114.106649
1780456774,115.581257
1780456774,115.423365
1780456774,114.172012
1780456774,110.566689
1780456774,115.504397
1780456774,114.480788
1780456774,110.197192
1780456774,115.891598
1780456774,110.300486
1780456774,113.513722
1780456774,110.259401
1780456774,115.721338
1780456774,114.586360
1780456774,115.555863
1780456774,113.452355
1780456774,115.133919
1780456774,115.318447
1780456774,110.786861
1780456774,117.336566
1780456774,110.862599
1780456774,117.263579
1780456774,117.588299
1780456774,112.210170
1780456774,116.407443
1780456774,115.623256
1780456774,116.505114
1780456774,112.257296
1780456774,112.235560
1780456774,115.711031
1780456774,112.285599
1780456774,116.054490
1780456774,116.089925
1780456774,117.567948
1780456774,118.379814
1780456774,117.959369
1780456774,117.753575
1780456774,117.801032
1780456774,118.375801
1780456774,113.830800
1780456774,112.663014
1780456774,119.546440
1780456774,119.366030
1780456774,119.324760
1780456774,119.155570
1780456774,119.270735
1780456774,119.190100
1780456774,117.486323
1780456774,116.324409
1780456774,122.424527
1780456774,119.085364
1780456774,123.105810
1780456774,123.206009
1780456774,123.102119
1780456774,118.820659
1780456774,118.958065
1780456774,123.430419
1780456774,124.550194
1780456774,125.477718
1780456774,121.025133
1780456774,124.639432
1780456774,124.723522
1780456774,125.868720
1780456774,124.619916
1780456774,125.956223
1780456774,124.988107
1780456774,124.837746
1780456774,121.794983
1780456774,126.412473
1780456774,125.069446
1780456774,125.274912
1780456774,123.049975
1780456774,127.373954
1780456774,126.023274
1780456774,127.316496
1780456774,121.980530
1780456774,122.029222
1780456774,127.361235
1780456774,123.604624
1780456774,123.562168
1780456774,127.580304
1780456774,128.104649
1780456774,123.359857
1780456774,127.818183
1780456774,128.728432
1780456774,128.496591
1780456774,130.838067
1780456774,128.756238
1780456774,131.153561
1780456774,128.634564
1780456774,128.599185
1780456774,130.178123
1780456774,128.671420
1780456774,130.625608
1780456774,128.304453
1780456774,132.579547
1780456774,128.575318
1780456774,132.817135
1780456774,123.016079
1780456774,123.934562
1780456774,127.891789
1780456774,127.834913
1780456774,127.738276
1780456774,133.222402
1780456774,127.875107
1780456774,128.099787
1780456774,126.682897
1780456774,133.161562
1780456774,126.873575
1780456774,131.601022
1780456774,127.276668
1780456774,133.308867
1780456774,126.937952
1780456774,127.330458
1780456774,131.641220
1780456774,127.395820
1780456774,131.582316
1780456774,131.476436
1780456774,131.758055
1780456774,132.295778
1780456774,127.727259
1780456774,127.877536
1780456774,132.518999
1780456774,133.802679
1780456774,133.948346
1780456774,126.364166
1780456774,135.238810
1780456774,126.140312
1780456774,131.305157
1780456774,133.501274
1780456774,135.199822
1780456774,131.756439
1780456774,135.148876
1780456774,133.915071
1780456774,125.606540
1780456774,131.314421
1780456774,125.754616
1780456774,135.163010
1780456774,134.446957
1780456774,131.751627
1780456774,135.131838
1780456774,131.883701
1780456774,132.092862
1780456774,134.294771
1780456774,138.714405
1780456774,136.363455
1780456774,139.708626
1780456774,136.803467
1780456774,134.501463
1780456774,136.214705
1780456774,138.595429
1780456774,128.948985
1780456774,135.732404
1780456774,140.863688
1780456774,135.646021
1780456774,136.313934
1780456774,138.346957
1780456774,135.777630
1780456774,135.049264
1780456774,141.061797
1780456774,140.024330
1780456774,141.119935
1780456774,141.207630
1780456774,139.758355
1780456774,134.242156
1780456774,139.303779
1780456774,137.299212
1780456774,137.055841
1780456774,134.644186
1780456774,129.193628
1780456774,134.751669
1780456774,142.083129
1780456774,136.360696
1780456774,129.152699
1780456774,142.129668
1780456774,135.156813
1780456774,142.195278
1780456774,135.196799
1780456774,140.187707
1780456774,142.403906
1780456774,140.309652
1780456774,142.874158
1780456774,134.072289
1780456774,143.383987
1780456774,143.218744
1780456774,142.256137
1780456774,140.710463
1780456774,142.981340
1780456774,139.409095
1780456774,142.753631
1780456774,139.973104
1780456774,139.558329
1780456774,142.850883
1780456774,142.453228
1780456774,143.372945
1780456774,139.627427
1780456774,142.466843
1780456774,142.289221
1780456774,142.544112
1780456774,139.981592
1780456774,141.137891
1780456774,139.766654
1780456774,141.233238
1780456774,140.081144
1780456774,141.370742
1780456774,142.846011
1780456774,140.011811
1780456774,143.577623
1780456774,136.204906
1780456774,145.389718
1780456774,143.704348
1780456774,140.813135
1780456774,143.316634
1780456774,143.054242
1780456774,140.018354
1780456774,143.594618
1780456774,145.909282
1780456774,139.603666
1780456774,143.725232
1780456774,140.016440
1780456774,139.707503
1780456774,133.313284
1780456774,146.136855
1780456774,146.253589
1780456774,139.922881
1780456774,137.438260
1780456774,144.171934
1780456774,140.086209
1780456774,143.525668
1780456774,144.451060
1780456774,142.818464
1780456774,144.055470
1780456774,144.154748
1780456774,143.286252
1780456774,138.971546
1780456774,143.967997
1780456774,137.085177
1780456774,142.725728
1780456774,141.663324
1780456774,141.515038
1780456774,147.061310
1780456774,138.298811
1780456774,147.119611
1780456774,138.072498
1780456774,145.289567
1780456774,143.585538
1780456774,138.623298
1780456774,146.635027
1780456774,146.792254
1780456774,134.029136
1780456774,146.858659
1780456774,143.670487
1780456774,143.371090
1780456774,147.618100
1780456774,147.071999
1780456774,147.596654
1780456774,147.664061
1780456774,147.713906
1780456774,147.297108
1780456774,138.181634
1780456774,147.424895
1780456774,147.898754
1780456774,147.493609
1780456774,148.428441
1780456774,138.820491
1780456774,145.318519
1780456774,148.499190
1780456774,145.329299
1780456774,144.511883
1780456774,143.374462
1780456774,137.257474
1780456774,144.617955
1780456774,138.074814
1780456774,146.133651
1780456774,138.274286
1780456774,145.596863
1780456774,150.115382
1780456774,145.596178
1780456774,144.724985
1780456774,148.577254
1780456774,148.308548
1780456774,138.685827
1780456774,146.886775
1780456774,142.131973
1780456774,148.358759
1780456774,138.857176
1780456774,138.785691
1780456774,143.216624
1780456774,147.703103
1780456774,142.585004
1780456774,142.656867
1780456774,142.765821
1780456774,142.885837
1780456774,142.077544
1780456774,147.674900
1780456774,140.901313
1780456774,140.678890
1780456774,140.424186
1780456774,140.222889
1780456774,150.955493
1780456774,141.234857
1780456774,141.241688
1780456774,151.274545
1780456774,148.556754
1780456774,151.465262
1780456774,148.844494
1780456774,151.332952
1780456774,151.411374
1780456774,140.117466
1780456774,141.450909
1780456774,151.559857
1780456774,151.617515
1780456774,149.251922
1780456774,147.799089
1780456774,152.766076
1780456774,147.962355
1780456774,144.583787
1780456774,152.983754
1780456774,147.922582
1780456774,154.992076
1780456774,142.391648
1780456774,147.553444
1780456774,147.618200
1780456774,147.726705
1780456774,152.063054
1780456774,152.986019
1780456774,152.936755
1780456774,151.550985
1780456774,146.817584
1780456774,146.198441
1780456774,152.987480
1780456774,146.491993
1780456774,151.938881
1780456774,146.761245
1780456774,155.574456
1780456774,150.788366
1780456774,145.294167
1780456774,146.865460
1780456774,153.011648
1780456774,153.039899
1780456774,151.590338
1780456774,148.079297
1780456774,151.619652
1780456774,148.514674
1780456774,151.068735
1780456774,156.940021
1780456774,147.659758
1780456774,151.911831
1780456774,147.062643
1780456774,157.339463
1780456774,147.750149
1780456774,152.976912
1780456774,155.635223
1780456774,157.430700
1780456774,147.413748
1780456774,149.287560
1780456774,155.677062
1780456774,152.460569
1780456774,155.727902
1780456774,156.929134
1780456774,157.898812
1780456774,152.633093
1780456774,155.987100
1780456774,158.125181
1780456774,152.837460
1780456774,158.297194
1780456774,158.376313
1780456774,152.897253
1780456774,153.253207
1780456774,157.967314
1780456774,151.880276
1780456774,151.786575
1780456774,155.857890
1780456774,155.015921
1780456774,160.694622
1780456774,155.058060
1780456774,151.875231
1780456774,154.226406
1780456774,153.796845
1780456774,160.493717
1780456774,155.528429
1780456774,160.034972
1780456774,154.356367
1780456774,158.559727
1780456774,160.286839
1780456774,153.589204
1780456774,158.538196
1780456774,162.462231
1780456774,163.140494
1780456774,163.711563
1780456774,153.309435
1780456774,153.343429
1780456774,163.538455
1780456774,160.451704
1780456774,163.648850
1780456774,160.580873
1780456774,153.642927
1780456774,153.389503
1780456774,153.465562
1780456774,153.331533
1780456774,162.037882
1780456774,153.790511
1780456774,163.477735
1780456774,154.710974
1780456774,164.437349
1780456774,156.915276
1780456774,160.222978
1780456774,151.245425
1780456774,152.191734
1780456774,160.378209
1780456774,155.526831
1780456774,159.771872
1780456774,159.915114
1780456774,163.672326
1780456774,163.050142
1780456774,158.787673
1780456774,164.962959
1780456774,162.942900
1780456774,158.753041
1780456774,156.185223
1780456774,157.694910
1780456774,154.495447
1780456774,164.882162
1780456774,164.772415
1780456774,163.503131
1780456774,160.030228
1780456774,159.233376
1780456774,158.219035
1780456774,155.910629
1780456774,163.720387
1780456774,164.329037
1780456774,156.218231
1780456774,165.416718
1780456774,153.418880
1780456774,156.267771
1780456774,156.358131
1780456774,161.266170
1780456774,158.431178
1780456774,153.414053
1780456774,160.008751
1780456774,155.882451
1780456774,157.925676
1780456774,155.958517
1780456774,155.799721
1780456774,158.481251
1780456774,158.408903
1780456774,153.362643
1780456774,159.780772
1780456774,156.283904
1780456774,161.087489
1780456774,155.912053
1780456774,156.450790
1780456774,156.397313
1780456774,165.466561
1780456774,153.753578
1780456774,165.551952
1780456774,166.810303
1780456774,160.077482
1780456774,161.047914
1780456774,157.619755
1780456774,159.778442
1780456774,165.885629
1780456774,159.830907
1780456774,157.802761
1780456774,157.252645
1780456774,162.122228
1780456774,158.813971
1780456774,158.064978
1780456774,158.661708
1780456774,152.512725
1780456774,155.386878
1780456774,158.261716
1780456774,159.007741
1780456774,155.408360
1780456774,151.042565
1780456774,164.813744
1780456774,159.100347
1780456774,157.888936
1780456774,151.409226
1780456774,164.999040
1780456774,151.479866
1780456774,159.482294
1780456774,164.793213
1780456774,165.193731
1780456774,166.510830
1780456774,158.619979
1780456774,161.687251
1780456774,165.397273
1780456774,163.571250
1780456774,165.523261
1780456774,158.676093
1780456774,164.797670
1780456774,152.277018
1780456774,168.444950
1780456774,163.499390
1780456774,151.310448
1780456774,163.573016
1780456774,150.385054
1780456774,164.168695
1780456774,163.907001
1780456774,158.389478
1780456774,169.122628
1780456774,164.674316
1780456774,162.997815
1780456774,170.203427
1780456774,158.376730
1780456774,152.413979
1780456774,153.115411
1780456774,169.635762
1780456774,154.383309
1780456774,165.153739
1780456774,164.141747
1780456774,163.852766
1780456774,164.961391
1780456774,171.115696
1780456774,171.025840
1780456774,165.632150
1780456774,170.696857
1780456774,166.677016
1780456774,170.921098
1780456774,166.450132
1780456774,166.433348
1780456774,164.526001
1780456774,170.910739
1780456774,170.853169
1780456774,157.538015
1780456774,156.124347
1780456774,156.326482
1780456774,167.287216
1780456774,168.239101
1780456774,173.786698
1780456774,167.835982
1780456774,168.246620
1780456774,168.065135
1780456774,168.215882
1780456774,166.009478
1780456774,169.256119
1780456774,175.902473
1780456774,168.276841
1780456774,177.530232
1780456774,177.317859
1780456774,170.422436
1780456774,170.455926
1780456774,173.152406
1780456774,170.589492
1780456774,173.590271
1780456774,178.533542
1780456774,178.933138
1780456774,173.310824
1780456774,173.152179
1780456774,176.734058
1780456774,180.215968
1780456774,180.265831
1780456774,176.419784
1780456774,176.312427
1780456774,179.576408
1780456774,179.365541
1780456774,180.026451
1780456774,173.139265
1780456774,181.041966
1780456774,176.200076
1780456774,179.600707
1780456774,176.945708
1780456774,181.661828
1780456774,181.326494
1780456774,176.217352
1780456774,182.015837
1780456774,179.000131
1780456774,179.144051
1780456774,179.239076
1780456774,179.248162
1780456774,176.713341
1780456774,179.100969
1780456774,164.187182
1780456774,181.685827
1780456774,180.322445
1780456774,183.228464
1780456774,180.344309
1780456774,183.248975
1780456774,180.997479
1780456774,184.901330
1780456774,188.806571
1780456774,183.767896
1780456774,183.019946
1780456774,188.899377
1780456774,181.768999
1780456774,183.948180
1780456774,191.030045
1780456774,188.969064
1780456774,183.157597
1780456774,180.678438
1780456774,183.737195
1780456774,192.510316
1780456774,184.083802
1780456774,185.148621
1780456774,187.912338
1780456774,185.428442
1780456774,187.998040
1780456774,187.746156
1780456774,188.133984
1780456774,184.368634
1780456774,185.677208
1780456774,187.520378
1780456774,187.289324
1780456774,187.163217
1780456774,188.040550
1780456774,186.690905
1780456774,186.209572
1780456774,187.752338
1780456774,185.951689
1780456774,187.783698
1780456774,186.241138
1780456774,187.959870
1780456774,186.781227
1780456774,188.074070
1780456774,185.886739
1780456774,190.766510
1780456774,186.108013
1780456774,187.606897
1780456774,193.262501
1780456774,185.979719
1780456774,193.779526
1780456774,182.607310
1780456774,186.998690
1780456774,187.347587
1780456774,183.602476
1780456774,193.630581
1780456774,185.428969
1780456774,187.632478
1780456774,185.488763
1780456774,188.864131
1780456774,187.052746
1780456774,187.787129
1780456774,188.005368
1780456774,189.849265
1780456774,189.989064
1780456774,178.975936
1780456774,188.248775
1780456774,193.959470
1780456774,189.490323
1780456774,191.193905
1780456774,193.889856
1780456774,186.080094
1780456774,193.736238
1780456774,194.077412
1780456774,173.325449
1780456774,189.335566
1780456774,184.446282
1780456774,189.550201
1780456774,163.691131
1780456774,157.818277
1780456774,170.074237
1780456774,157.969012
1780456774,158.122328
1780456774,173.457785
1780456774,163.782052
1780456774,173.663505
1780456774,157.938030
1780456774,173.575416
1780456774,158.014399
1780456774,157.884933
1780456774,158.375570
1780456774,155.667978
1780456774,190.049633
1780456774,178.828015
1780456774,154.770521
1780456774,178.782909
1780456774,189.986616
1780456774,189.261464
1780456774,185.177816
1780456774,190.657118
1780456774,178.641071
1780456774,191.078695
1780456774,184.966593
1780456774,177.461873
1780456774,151.994137
1780456774,159.680567
1780456774,192.602856
1780456774,189.697864
1780456774,189.817130
1780456774,161.563120
1780456774,188.664510
1780456774,178.595905
1780456774,178.871190
1780456774,190.960284
1780456774,193.745981
1780456774,192.154303
1780456774,190.484959
1780456774,193.288071
1780456774,160.769532
1780456774,176.505868
1780456774,195.072704
1780456774,176.579267
1780456774,178.987625
1780456774,188.367292
1780456774,161.045137
1780456774,152.403292
1780456774,178.062250
1780456774,162.551873
1780456774,180.344597
1780456774,179.201549
1780456774,191.724588
1780456774,179.278291
1780456774,192.365680
1780456774,195.519884
1780456774,189.565259
1780456774,180.662757
1780456774,199.185052
1780456774,196.122952
1780456774,194.060329
1780456774,165.645972
1780456774,166.364411
1780456774,164.055303
1780456774,164.255155
1780456774,163.566963
1780456774,199.781749
1780456774,162.834811
1780456774,163.947158
1780456774,199.523877
1780456774,205.093258
1780456774,161.810835
1780456774,160.668319
1780456774,196.654856
1780456774,199.300472
1780456774,159.486777
1780456774,159.434938
1780456774,153.576919
1780456774,198.921995
1780456774,160.716013
1780456774,154.692308
1780456774,154.771917
1780456774,202.158521
1780456774,197.331285
1780456774,160.852211
1780456774,199.975210
1780456774,158.400799
1780456774,199.970292
1780456774,197.515653
1780456774,167.018987
1780456774,199.347273
1780456774,169.909204
1780456774,168.550620
1780456774,188.678512
1780456774,175.662927
1780456774,149.036256
1780456774,174.762961
1780456774,196.532743
1780456774,182.961825
1780456774,141.911157
1780456774,170.213345
1780456774,167.888985
1780456774,202.368318
1780456774,164.474573
1780456774,158.414239
1780456774,202.320446
1780456774,156.067342
1780456774,152.379864
1780456774,198.415315
1780456774,136.641906
1780456774,151.007106
1780456774,140.071923
1780456774,202.390200
1780456774,172.048456
1780456774,172.256512
1780456774,159.154528
1780456774,153.005331
1780456774,150.091723
1780456774,141.730149
1780456774,137.637389
1780456774,169.317785
1780456774,140.204940
1780456774,121.458641
1780456774,134.254764
1780456774,156.335406
1780456774,178.332256
1780456774,196.776054
1780456774,160.225497
1780456774,178.719019
1780456774,179.845523
1780456774,160.435534
1780456774,159.190054
1780456774,209.929613
1780456774,160.477393
1780456774,145.142762
1780456774,160.554872
1780456774,159.310989
1780456774,178.879392
1780456774,145.335293
1780456774,172.784129
1780456774,145.378421
1780456774,159.197608
1780456774,145.450016
1780456774,159.176071
1780456774,150.380760
1780456774,132.143308
1780456774,150.429180
1780456774,162.014421
1780456774,164.445587
1780456774,145.612447
1780456774,170.340959
1780456774,177.732964
1780456774,159.491208
1780456774,180.491322
1780456774,171.887460
1780456774,180.487528
1780456774,180.608225
1780456774,159.656876
1780456774,180.690689
1780456774,177.845391
1780456774,192.537118
1780456774,212.775538
1780456774,174.352746
1780456774,180.722911
1780456774,177.980110
1780456774,207.953243
1780456774,212.066002
1780456774,212.350234
1780456774,207.969328
1780456774,179.424510
1780456774,199.846654
1780456774,210.644983
1780456774,181.059812
1780456774,145.993991
1780456774,184.293204
1780456774,161.314161
1780456774,208.479714
1780456774,161.449865
1780456774,201.365839
1780456774,200.163303
1780456774,160.000084
1780456774,161.509499
1780456774,127.392065
1780456774,162.827859
1780456774,123.332207
1780456774,164.156426
1780456774,127.507077
1780456774,208.725573
1780456774,127.510050
1780456774,167.639576
1780456774,127.564542
1780456774,161.710872
1780456774,128.884327
1780456774,209.561478
1780456774,134.283792
1780456774,172.763664
1780456774,136.003947
1780456774,171.537813
1780456774,138.254344
1780456774,172.913237
1780456774,145.436434
1780456774,167.871748
1780456774,151.673701
1780456774,174.137593
1780456774,145.767943
1780456774,174.125028
1780456774,178.905860
1780456774,195.860048
1780456774,178.763779
1780456774,212.582309
1780456774,212.452107
1780456774,212.640226
1780456774,210.313678
1780456774,194.677113
1780456774,212.574098
1780456774,209.843907
1780456774,186.819397
1780456774,179.653123
1780456774,210.908775
1780456774,126.195729
1780456774,126.170285
1780456774,179.551416
1780456774,201.572057
1780456774,134.529857
1780456774,135.243750
1780456774,171.382703
1780456774,130.253700
1780456774,135.361099
1780456774,134.410090
1780456774,135.353132
1780456774,134.439705
1780456774,212.198263
1780456774,130.561725
1780456774,128.060520
1780456774,173.544086
1780456774,127.275129
1780456774,173.731127
1780456774,124.875809
1780456774,173.237061
1780456774,165.094609
1780456774,149.825032
1780456774,197.861445
1780456774,188.167942
1780456774,172.369669
1780456774,149.052281
1780456774,199.142032
1780456774,146.829397
1780456774,195.762159
1780456774,188.251730
1780456774,163.928508
1780456774,185.138942
1780456774,172.544390
1780456774,169.380676
1780456774,185.484379
1780456774,169.631263
1780456774,143.815813
1780456774,133.313213
1780456774,169.761866
1780456774,168.573645
1780456774,137.741691
1780456774,167.596883
1780456774,137.846030
1780456774,140.838571
1780456774,134.135882
1780456774,142.035139
1780456774,186.307387
1780456774,134.386872
1780456774,169.498722
1780456774,134.387353
1780456774,165.750465
1780456774,169.837856
1780456774,134.694092
1780456774,169.932801
1780456774,142.968740
1780456774,184.489056
1780456774,163.967090
1780456774,187.274459
1780456774,141.489331
1780456774,186.106182
1780456774,170.139463
1780456774,135.175880
1780456774,156.564320
1780456774,184.944658
1780456774,132.878341
1780456774,185.209654
1780456774,129.275812
1780456774,183.426555
1780456774,167.476218
1780456774,134.685869
1780456774,183.440509
1780456774,149.446624
1780456774,132.481194
1780456774,168.085701
1780456774,149.857710
1780456774,115.730835
1780456774,159.383633
1780456774,175.698522
1780456774,134.309734
1780456774,183.183010
1780456774,215.346299
1780456774,146.473357
1780456774,213.308178
1780456774,106.753479
1780456774,178.994279
1780456774,214.661984
1780456774,106.949047
1780456774,134.259519
1780456774,179.284466
1780456774,173.498782
1780456774,135.412938
1780456774,181.895460
1780456774,182.090528
1780456774,107.358471
1780456774,107.323520
1780456774,108.253304
1780456774,108.149754
1780456774,174.414198
1780456774,181.875470
1780456774,212.207416
1780456774,181.906620
1780456774,212.298101
1780456774,208.866454
1780456774,180.733476
1780456774,175.018226
1780456774,171.379833
1780456774,181.008333
1780456774,171.469722
1780456774,180.112557
1780456774,162.965805
1780456774,192.778125
1780456774,173.357407
1780456774,163.207694
1780456774,163.224812
1780456774,163.389782
1780456774,158.513009
1780456774,184.221622
1780456774,145.835524
1780456774,184.143505
1780456774,175.820755
1780456774,146.284980
1780456774,184.522376
1780456774,173.556095
1780456774,164.748973
1780456774,136.631535
1780456774,155.501888
1780456774,158.892544
1780456774,168.261820
1780456774,142.607380
1780456774,183.665021
1780456774,178.971346
1780456774,179.196423
1780456774,178.295308
1780456774,178.502908
1780456774,141.178540
1780456774,141.229764
1780456774,140.472917
1780456774,141.643850
1780456774,123.170200
1780456774,114.464791
1780456774,140.739956
1780456774,114.923390
1780456774,114.915272
1780456774,176.578639
1780456774,167.755815
1780456774,115.025702
1780456774,115.212503
1780456774,162.275573
1780456774,115.536164
1780456774,115.603487
1780456774,115.950686
1780456774,163.857755
1780456774,162.891886
1780456774,162.962146
1780456774,115.684441
1780456774,116.177634
1780456774,116.277260
1780456774,164.218486
1780456774,116.478980
1780456774,164.514336
1780456774,116.833718
1780456774,116.914491
1780456774,116.654312
1780456774,151.979448
1780456774,150.079904
1780456774,106.116046
1780456774,117.390466
1780456774,117.840006
1780456774,117.843449
1780456774,117.837975
1780456774,118.957800
1780456774,119.292894
1780456774,108.382082
1780456774,120.876395
1780456774,121.135040
1780456774,121.216464
1780456774,121.311816
1780456774,121.250761
1780456774,109.559916
1780456774,110.494029
1780456774,110.663350
1780456774,110.293283
1780456774,110.958402
1780456774,110.389558
1780456774,111.060339
1780456774,111.269861
1780456774,111.764626
1780456774,122.713657
1780456774,122.793559
1780456774,122.922615
1780456774,122.685139
1780456774,122.675991
1780456774,122.956453
1780456774,122.806668
1780456774,112.517102
1780456774,112.896531
1780456774,112.790099
1780456774,112.319090
1780456774,116.311443
1780456774,116.813902
1780456774,116.613170
1780456774,116.642129
1780456774,116.750845
1780456774,117.088027
1780456774,117.240616
1780456774,116.525074
1780456774,116.862185
1780456774,117.154024
1780456774,116.776918
1780456774,117.019131
1780456774,117.013793
1780456774,117.136280
1780456774,117.179933
1780456774,117.476088
1780456774,117.252106
1780456774,117.337459
1780456774,103.864809
1780456774,103.983996
1780456774,104.452470
1780456774,104.575486
1780456774,105.345338
1780456774,105.159056
1780456774,105.449378
1780456774,102.147011
1780456774,105.568085
1780456774,105.389902
1780456774,105.711542
1780456774,105.747058
1780456774,105.765915
1780456774,105.851956
1780456774,105.756997
1780456774,105.997485
1780456774,106.410829
1780456774,106.461668
1780456774,105.906692
1780456774,107.758788
1780456774,107.955152
1780456774,105.249662
1780456774,105.139433
1780456774,107.982868
1780456774,105.339491
1780456774,105.570657
1780456774,108.025892
1780456774,105.585223
1780456774,105.836129
1780456774,109.447216
1780456774,105.913757
1780456774,109.279138
1780456774,109.531384
1780456774,106.289258
1780456774,106.241959
1780456774,109.179710
1780456774,106.282381
1780456774,109.716783
1780456774,106.571519
1780456774,109.777755
1780456774,107.141649
1780456774,110.298641
1780456774,107.185006
1780456774,104.906374
1780456774,114.282546
1780456774,106.157334
1780456774,114.172437
1780456774,105.503413
1780456774,111.264612
1780456774,105.786196
1780456774,114.140196
1780456774,110.918809
1780456774,111.393913
1780456774,106.787720
1780456774,106.737248
1780456774,114.412948
1780456774,114.626735
1780456774,115.324496
1780456774,115.195570
1780456774,114.904163
1780456774,112.086827
1780456774,107.267029
1780456774,112.248091
1780456774,112.011628
1780456774,111.728922
1780456774,112.154565
1780456774,115.142339
1780456774,115.561605
1780456774,107.650103
1780456774,106.791516
1780456774,112.505334
1780456774,115.925889
1780456774,112.426482
1780456774,115.840072
1780456774,112.233766
1780456774,107.964961
1780456774,112.696097
1780456774,112.718171
1780456774,112.976005
1780456774,112.593592
1780456774,112.861573
1780456774,108.323980
1780456774,116.098056
1780456774,115.873784
1780456774,116.733538
1780456774,116.521716
1780456774,109.604262
1780456774,109.546554
1780456774,109.424330
1780456774,109.529947
1780456774,109.361885
1780456774,109.617452
1780456774,109.435221
1780456774,109.703895
1780456774,109.674805
1780456774,109.803644
1780456774,117.965574
1780456774,117.284423
1780456774,114.584319
1780456774,117.869388
1780456774,114.683148
1780456774,117.809763
1780456774,114.589463
1780456774,114.627937
1780456774,109.473613
1780456774,114.662172
1780456774,114.772141
1780456774,110.812851
1780456774,110.942637
1780456774,110.901452
1780456774,110.730847
1780456774,111.061220
1780456774,110.808695
1780456774,110.985763
1780456774,111.195745
1780456774,106.530207
1780456774,119.643629
1780456774,116.604333
1780456774,116.511576
1780456774,111.088434
1780456774,115.955294
1780456774,111.628499
1780456774,116.501622
1780456774,116.740506
1780456774,116.285377
1780456774,117.008526
1780456774,105.932276
1780456774,112.244150
1780456774,105.678484
1780456774,106.796011
1780456774,105.748563
1780456774,105.906904
1780456774,106.270984
1780456774,106.112314
1780456774,107.160669
1780456774,106.851042
1780456774,107.162995
1780456774,107.528983
1780456774,107.634730
1780456774,107.261960
1780456774,113.850410
1780456774,107.617865
1780456775,113.224045
1780456775,107.263340
1780456775,114.087044
1780456775,113.902087
1780456775,113.795810
1780456775,114.081082
1780456775,107.461612
1780456775,107.753361
1780456775,108.770262
1780456775,108.264412
1780456775,108.735075
1780456775,108.334018
1780456775,110.243701
1780456775,123.383804
1780456775,123.512402
1780456775,123.316778
1780456775,123.510611
1780456775,123.381915
1780456775,123.536204
1780456775,110.438018
1780456775,110.474364
1780456775,110.393944
1780456775,123.748482
1780456775,110.462909
1780456775,110.593506
1780456775,109.110497
1780456775,109.551111
1780456775,109.535112
1780456775,109.415943
1780456775,109.725899
1780456775,109.161181
1780456775,110.553682
1780456775,121.777562
1780456775,121.512037
1780456775,121.760362
1780456775,122.226513
1780456775,122.083900
1780456775,122.102262
1780456775,110.251501
1780456775,122.094819
1780456775,110.263617
1780456775,121.894868
1780456775,108.423104
1780456775,117.536754
1780456775,113.179104
1780456775,117.606580
1780456775,108.518922
1780456775,107.418083
1780456775,108.790546
1780456775,108.587899
1780456775,118.003016
1780456775,108.970589
1780456775,108.767294
1780456775,109.052003
1780456775,109.104205
1780456775,118.217680
1780456775,118.067157
1780456775,113.652927
1780456775,118.207027
1780456775,113.714922
1780456775,113.441330
1780456775,118.435888
1780456775,113.829295
1780456775,118.177695
1780456775,114.387788
1780456775,113.164063
1780456775,116.993020
1780456775,116.569240
1780456775,115.237610
1780456775,116.519541
1780456775,116.048754
1780456775,116.246226
1780456775,117.528000
1780456775,116.951380
1780456775,115.915663
1780456775,115.642541
1780456775,115.754751
1780456775,115.623876
1780456775,111.739208
1780456775,116.836323
1780456775,123.627001
1780456775,123.337599
1780456775,114.706459
1780456775,123.370116
1780456775,114.790245
1780456775,114.696961
1780456775,114.752215
1780456775,119.733953
1780456775,104.827611
1780456775,117.560455
1780456775,124.907630
1780456775,120.080047
1780456775,118.097298
1780456775,120.551210
1780456775,120.490901
1780456775,117.497494
1780456775,120.632698
1780456775,107.890424
1780456775,120.975937
1780456775,121.036820
1780456775,115.309355
1780456775,118.813942
1780456775,115.022652
1780456775,120.395943
1780456775,119.118057
1780456775,118.954123
1780456775,121.232361
1780456775,106.962329
1780456775,115.835430
1780456775,119.779671
1780456775,107.228065
1780456775,119.950194
1780456775,120.246397
1780456775,122.244865
1780456775,108.492899
1780456775,108.595293
1780456775,108.584296
1780456775,108.778783
1780456775,121.651064
1780456775,108.392176
1780456775,108.588308
1780456775,121.372022
1780456775,121.323382
1780456775,121.858899
1780456775,121.212930
1780456775,121.429053
1780456775,108.981112
1780456775,108.941467
1780456775,121.980721
1780456775,123.651590
1780456775,117.720499
1780456775,117.880463
1780456775,117.893066
1780456775,116.491172
1780456775,117.679639
1780456775,117.758022
1780456775,121.991917
1780456775,117.956423
1780456775,122.546391
1780456775,122.294850
1780456775,122.449175
1780456775,122.709162
1780456775,122.588242
1780456775,113.950012
1780456775,113.941573
1780456775,122.597113
1780456775,123.425735
1780456775,112.691003
1780456775,123.593792
1780456775,123.574348
1780456775,123.613205
1780456775,123.637859
1780456775,115.186038
1780456775,113.584415
1780456775,111.760033
1780456775,111.848661
1780456775,112.239405
1780456775,111.982732
1780456775,112.088036
1780456775,112.937383
1780456775,113.179739
1780456775,113.086738
1780456775,113.183297
1780456775,113.390041
1780456775,122.394490
1780456775,121.130355
1780456775,122.268707
1780456775,115.788815
1780456775,122.468436
1780456775,115.817305
1780456775,122.323511
1780456775,115.841643
1780456775,115.808018
1780456775,115.000925
1780456775,110.144248
1780456775,110.183450
1780456775,112.896515
1780456775,116.110084
1780456775,112.067759
1780456775,108.281967
1780456775,111.174762
1780456775,111.480922
1780456775,108.839101
1780456775,111.043833
1780456775,111.108056
1780456775,117.656140
1780456775,111.500793
1780456775,111.405070
1780456775,111.656705
1780456775,109.498923
1780456775,109.681045
1780456775,109.514483
1780456775,110.275936
1780456775,116.316120
1780456775,121.105887
1780456775,119.050390
1780456775,121.004501
1780456775,117.994447
1780456775,117.982485
1780456775,115.865251
1780456775,112.599739
1780456775,116.741660
1780456775,114.504020
1780456775,108.236361
1780456775,115.424415
1780456775,115.569019
1780456775,115.640992
1780456775,115.943784
1780456775,124.608538
1780456775,115.885242
1780456775,124.426966
1780456775,124.523044
1780456775,115.915771
1780456775,109.246128
1780456775,109.350203
1780456775,122.324478
1780456775,122.271569
1780456775,108.772374
1780456775,112.362770
1780456775,112.180440
1780456775,112.195319
1780456775,121.201920
1780456775,121.356585
1780456775,121.146660
1780456775,121.402770
1780456775,121.292821
1780456775,121.508964
1780456775,122.070266
1780456775,123.213855
1780456775,123.158676
1780456775,117.113109
1780456775,119.812604
1780456775,124.991811
1780456775,123.461454
1780456775,118.563305
1780456775,118.590906
1780456775,115.725386
1780456775,126.142340
1780456775,118.554830
1780456775,126.250868
1780456775,123.426341
1780456775,123.641009
1780456775,117.098225
1780456775,123.668598
1780456775,123.747104
1780456775,118.753637
1780456775,117.079537
1780456775,118.729896
1780456775,117.158339
1780456775,117.234252
1780456775,123.573034
1780456775,123.763346
1780456775,118.900870
1780456775,127.057397
1780456775,130.001597
1780456775,129.042336
1780456775,128.859663
1780456775,130.304991
1780456775,129.041774
1780456775,130.059686
1780456775,118.553438
1780456775,130.281842
1780456775,130.476248
1780456775,127.382474
1780456775,128.533234
1780456775,126.856690
1780456775,132.948864
1780456775,127.154732
1780456775,118.981699
1780456775,129.219118
1780456775,128.443420
1780456775,126.702478
1780456775,126.698006
1780456775,121.160317
1780456775,110.271962
1780456775,131.783453
1780456775,109.872960
1780456775,110.218448
1780456775,122.335780
1780456775,130.534850
1780456775,131.217766
1780456775,122.406408
1780456775,122.965764
1780456775,128.650146
1780456775,128.899329
1780456775,128.747403
1780456775,125.747631
1780456775,128.929405
1780456775,111.558881
1780456775,131.465537
1780456775,123.277463
1780456775,119.942801
1780456775,122.395779
1780456775,129.826733
1780456775,120.784218
1780456775,120.863141
1780456775,108.810553
1780456775,130.408944
1780456775,130.072462
1780456775,121.088061
1780456775,124.911650
1780456775,124.882930
1780456775,113.013899
1780456775,121.629392
1780456775,123.751235
1780456775,123.777020
1780456775,110.234390
1780456775,123.978771
1780456775,123.005347
1780456775,111.778134
1780456775,123.713070
1780456775,110.888860
1780456775,110.903438
1780456775,110.133521
1780456775,124.900561
1780456775,125.705353
1780456775,109.910854
1780456775,131.854711
1780456775,111.284665
1780456775,111.000924
1780456775,124.071627
1780456775,125.162895
1780456775,111.522626
1780456775,124.718357
1780456775,114.585641
1780456775,126.517254
1780456775,128.378835
1780456775,125.657624
1780456775,124.651119
1780456775,111.734625
1780456775,117.791637
1780456775,120.026407
1780456775,110.222167
1780456775,118.694614
1780456775,117.817676
1780456775,126.934746
1780456775,116.929002
1780456775,127.251862
1780456775,126.069139
1780456775,116.113795
1780456775,116.526272
1780456775,127.112092
1780456775,125.816285
1780456775,127.431767
1780456775,110.177977
1780456775,123.913682
1780456775,126.224208
1780456775,117.795106
1780456775,124.061168
1780456775,111.951482
1780456775,109.862033
1780456775,116.601256
1780456775,117.452770
1780456775,111.142805
1780456775,115.751657
1780456775,111.108712
1780456775,117.926717
1780456775,115.811646
1780456775,113.689029
1780456775,116.515618
1780456775,115.427888
1780456775,113.462627
1780456775,115.549970
1780456775,113.620531
1780456775,115.717035
1780456775,121.019659
1780456775,115.928442
1780456775,121.070249
1780456775,115.044270
1780456775,116.178423
1780456775,113.960002
1780456775,108.522836
1780456775,107.927679
1780456775,122.271232
1780456775,118.825734
1780456775,118.469053
1780456775,114.634402
1780456775,113.235352
1780456775,114.616327
1780456775,113.740235
1780456775,112.600426
1780456775,115.433067
1780456775,112.015512
1780456775,118.650413
1780456775,108.120952
1780456775,115.579366
1780456775,109.872212
1780456775,122.005962
1780456775,110.636819
1780456775,117.539733
1780456775,118.171391
1780456775,112.890734
1780456775,117.584745
1780456775,118.295867
1780456775,115.853432
1780456775,118.161280
1780456775,120.248539
1780456775,118.825716
1780456775,113.872592
1780456775,118.609354
1780456775,114.960252
1780456775,106.791982
1780456775,106.844008
1780456775,123.057047
1780456775,112.875278
1780456775,119.145082
1780456775,117.582097
1780456775,123.605475
1780456775,108.763925
1780456775,114.437400
1780456775,113.362947
1780456775,107.126088
1780456775,110.463408
1780456775,113.195553
1780456775,110.463604
1780456775,118.065990
1780456775,118.024816
1780456775,108.306856
1780456775,114.272670
1780456775,113.379541
1780456775,115.582458
1780456775,112.553217
1780456775,114.915745
1780456775,114.578115
1780456775,112.010986
1780456775,111.533344
1780456775,112.943599
1780456775,114.883180
1780456775,113.739489
1780456775,113.167858
1780456775,112.620119
1780456775,112.043606
1780456775,112.974962
1780456775,112.129322
1780456775,113.830774
1780456775,110.636892
1780456775,112.640412
1780456775,110.540465
1780456775,108.343704
1780456775,111.465586
1780456775,104.957213
1780456775,109.111263
1780456775,112.897587
1780456775,111.379563
1780456775,111.482525
1780456775,108.817324
1780456775,111.284894
1780456775,105.319790
1780456775,107.571510
1780456775,113.389254
1780456775,110.408205
1780456775,112.014753
1780456775,111.106727
1780456775,111.131922
1780456775,112.421450
1780456775,111.237131
1780456775,111.383405
1780456775,109.280026
1780456775,102.922475
1780456775,109.456917
1780456775,113.687428
1780456775,104.563334
1780456775,111.542453
1780456775,107.601310
1780456775,113.600338
1780456775,106.076189
1780456775,104.442384
1780456775,105.990206
1780456775,104.615656
1780456775,113.014549
1780456775,107.775271
1780456775,111.746613
1780456775,106.416124
1780456775,110.300389
1780456775,114.415586
1780456775,114.331459
1780456775,105.447530
1780456775,113.886774
1780456775,103.871963
1780456775,112.757031
1780456775,103.908935
1780456775,114.395136
1780456775,110.666153
1780456775,112.925534
1780456775,112.524105
1780456775,114.219818
1780456775,112.978978
1780456775,105.930400
1780456775,112.991032
1780456775,104.632424
1780456775,113.122661
1780456775,113.355021
1780456775,109.217785
1780456775,112.864741
1780456775,113.799928
1780456775,113.119630
1780456775,108.297224
1780456775,104.357087
1780456775,113.165935
1780456775,113.511066
1780456775,104.736401
1780456775,103.565276
1780456775,114.013265
1780456775,114.107864
1780456775,105.073932
1780456775,113.577224
1780456775,118.324002
1780456775,117.049527
1780456775,113.446054
1780456775,118.345984
1780456775,118.611189
1780456775,105.422716
1780456775,118.631719
1780456775,118.785312
1780456775,113.881817
1780456775,108.445819
1780456775,113.741823
1780456775,106.754053
1780456775,108.294073
1780456775,113.758109
1780456775,114.054561
1780456775,115.530395
1780456775,104.505118
1780456775,104.373031
1780456775,109.947020
1780456775,113.776578
1780456775,110.052313
1780456775,114.154750
1780456775,108.765960
1780456775,114.707463
1780456775,110.042759
1780456775,117.588837
1780456775,110.053605
1780456775,117.722150
1780456775,111.307057
1780456775,118.878201
1780456775,110.213151
1780456775,104.792485
1780456775,110.039621
1780456775,114.171082
1780456775,114.076763
1780456775,104.888238
1780456775,113.117962
1780456775,114.189489
1780456775,104.815299
1780456775,105.002434
1780456775,103.920418
1780456775,114.512213
1780456775,105.186350
1780456775,113.999435
1780456775,104.097588
1780456775,114.098799
1780456775,113.688314
1780456775,112.494356
1780456775,105.447557
1780456775,112.637940
1780456775,112.525595
1780456775,105.691335
1780456775,112.734974
1780456775,114.043348
1780456775,114.184822
1780456775,106.034641
1780456775,112.906330
1780456775,112.910245
1780456775,103.975425
1780456775,113.121738
1780456775,115.591200
1780456775,114.625095
1780456775,113.248657
1780456775,113.323450
1780456775,104.274291
1780456775,113.501379
1780456775,104.336318
1780456775,114.868528
1780456775,113.811968
1780456775,104.501337
1780456775,112.338109
1780456775,112.456063
1780456775,113.950227
1780456775,111.329279
1780456775,113.104667
1780456775,113.047576
1780456775,114.619866
1780456775,102.514605
1780456775,102.693815
1780456775,111.702522
1780456775,111.599296
1780456775,102.900248
1780456775,102.999403
1780456775,116.233182
1780456775,115.217503
1780456775,103.114326
1780456775,110.757842
1780456775,103.451915
1780456775,103.277958
1780456775,102.156744
1780456775,112.739111
1780456775,103.718496
1780456775,111.215234
1780456775,103.670347
1780456775,114.303531
1780456775,114.469142
1780456775,103.802800
1780456775,113.143775
1780456775,110.328823
1780456775,102.697245
1780456775,106.889046
1780456775,113.434112
1780456775,104.149833
1780456775,110.701778
1780456775,107.043641
1780456775,104.267113
1780456775,109.764481
1780456775,104.409308
1780456775,107.213038
1780456775,103.308702
1780456775,107.390770
1780456775,103.478556
1780456775,107.621237
1780456775,105.003946
1780456775,108.908080
1780456775,103.727404
1780456775,107.931160
1780456775,104.001167
1780456775,107.903981
1780456775,104.111381
1780456775,106.912909
1780456775,104.284850
1780456775,107.053252
1780456775,107.025928
1780456775,104.316005
1780456775,107.207945
1780456775,107.321299
1780456775,107.504835
1780456775,107.524599
1780456775,102.663491
1780456775,107.801862
1780456775,101.605198
1780456775,102.754625
1780456775,107.876127
1780456775,107.954335
1780456775,103.018858
1780456775,108.012393
1780456775,103.158139
1780456775,108.090661
1780456775,107.093196
1780456775,103.424410
1780456775,107.168397
1780456775,107.223371
1780456775,103.615367
1780456775,103.872099
1780456775,107.621705
1780456775,102.777444
1780456775,107.715539
1780456775,107.617822
1780456775,102.854081
1780456775,103.990261
1780456775,103.036115
1780456775,103.211796
1780456775,103.291975
1780456775,103.277734
1780456775,102.299566
1780456775,102.347608
1780456775,103.747190
1780456775,103.717252
1780456775,104.038905
1780456775,102.586391
1780456775,102.838051
1780456775,103.030637
1780456775,103.155154
1780456775,103.207451
1780456775,103.437846
1780456775,103.541236
1780456775,103.468634
1780456775,103.521415
1780456775,102.216465
1780456775,103.879176
1780456775,102.745797
1780456775,104.153017
1780456775,102.885078
1780456775,104.293311
1780456775,104.497471
1780456775,103.408960
1780456775,103.348944
1780456775,103.411072
1780456775,103.363536
1780456775,103.730383
1780456775,103.570046
1780456775,103.826526
1780456775,103.306367
1780456775,103.979957
1780456775,103.584824
1780456775,102.720691
1780456775,102.573677
1780456775,104.456048
1780456775,104.666177
1780456775,103.247765
1780456775,102.959959
1780456775,104.806637
1780456775,103.383927
1780456775,103.298340
1780456775,104.502417
1780456775,103.196093
1780456775,103.534558
1780456775,103.383068
1780456775,104.686508
1780456775,103.766091
1780456775,102.232257
1780456775,104.871623
1780456775,103.910770
1780456775,102.412391
1780456775,105.544373
1780456775,105.663406
1780456775,102.853270
1780456775,105.481779
1780456775,104.807994
1780456775,103.154938
1780456775,104.925691
1780456775,104.803013
1780456775,103.269675
1780456775,103.152181
1780456775,105.174627
1780456775,103.256055
1780456775,105.404518
1780456775,105.645017
1780456775,105.234268
1780456775,104.039930
1780456775,105.791845
1780456775,103.870414
1780456775,102.615705
1780456775,106.095059
1780456775,105.777810
1780456775,106.241465
1780456775,103.049020
1780456775,104.783725
1780456775,106.395104
1780456775,103.124031
1780456775,104.447761
1780456775,103.327416
1780456775,104.923910
1780456775,106.234979
1780456775,106.162181
1780456775,105.048476
1780456775,106.567524
1780456775,106.781300
1780456775,102.437217
1780456775,106.928453
1780456775,103.792919
1780456775,105.706966
1780456775,105.495251
1780456775,105.766253
1780456775,105.654271
1780456775,102.981764
1780456775,104.390189
1780456775,105.828218
1780456775,103.241840
1780456775,104.801049
1780456775,103.743130
1780456775,104.929878
1780456775,106.490481
1780456775,103.895792
1780456775,106.531946
1780456775,106.772876
1780456775,102.704098
1780456775,106.960298
1780456775,108.909173
1780456775,103.343494
1780456775,109.759333
1780456775,103.842905
1780456775,103.771100
1780456775,109.339240
1780456775,104.066600
1780456775,105.295652
1780456775,104.568971
1780456775,104.587568
1780456775,104.564137
1780456775,104.537303
1780456775,110.714091
1780456775,104.886164
1780456775,105.079151
1780456775,107.667087
1780456775,104.967480
1780456775,105.109344
1780456775,111.038679
1780456775,105.383735
1780456775,108.283105
1780456775,105.801723
1780456775,105.843729
1780456775,111.335593
1780456775,104.521042
1780456775,106.581227
1780456775,109.354626
1780456775,109.305138
1780456775,106.749261
1780456775,109.384803
1780456775,104.739257
1780456775,104.272327
1780456775,103.557477
1780456775,104.123518
1780456775,105.776643
1780456775,106.882836
1780456775,105.922815
1780456775,105.992778
1780456775,103.784234
1780456775,109.810555
1780456775,105.685363
1780456775,111.927343
1780456775,109.173894
1780456775,106.627815
1780456775,105.857191
1780456775,104.954310
1780456775,103.415671
1780456775,104.042779
1780456775,103.153447
1780456775,103.392060
1780456775,103.104331
1780456775,103.666026
1780456775,103.911875
1780456775,104.077695
1780456775,102.407730
1780456775,102.504725
1780456775,102.765482
1780456775,102.812671
1780456775,102.931175
1780456775,102.946156
1780456775,103.189855
1780456775,103.322249
1780456775,103.752007
1780456775,103.679586
1780456775,103.278376
1780456775,105.441457
1780456775,105.405560
1780456775,105.570581
1780456775,105.741027
1780456775,106.061203
1780456775,105.605022
1780456775,105.004723
1780456775,104.715190
1780456775,107.316768
1780456775,105.151580
1780456775,104.445453
1780456775,104.637673
1780456775,104.801680
1780456775,105.781873
1780456775,106.133865
1780456775,106.258182
1780456775,106.395383
1780456775,106.274465
1780456775,103.668827
1780456775,104.798696
1780456775,104.845448
1780456775,104.960267
1780456775,105.837426
1780456775,105.921755
1780456775,103.779364
1780456775,106.853074
1780456775,106.980036
1780456775,107.092287
1780456775,109.009317
1780456775,107.407351
1780456775,107.386184
1780456775,106.458625
1780456775,107.803698
1780456775,106.982713
1780456775,105.240148
1780456775,107.159111
1780456775,109.107587
1780456775,109.169084
1780456775,109.433254
1780456775,109.434634
1780456775,106.057415
1780456775,108.009100
1780456775,109.333595
1780456775,105.778732
1780456775,107.573175
1780456775,107.564487
1780456775,106.633647
1780456775,105.020151
1780456775,106.729480
1780456775,106.617349
1780456775,108.813171
1780456775,108.711176
1780456775,108.768920
1780456775,108.791263
1780456775,108.940305
1780456775,108.772336
1780456775,108.235624
1780456775,107.047262
1780456775,103.777820
1780456775,107.619117
1780456775,107.619865
1780456775,107.556789
1780456775,107.645440
1780456775,107.942265
1780456775,107.714556
1780456775,106.759471
1780456775,104.471874
1780456775,108.023010
1780456775,107.484355
1780456775,107.989285
1780456775,108.094383
1780456775,107.301493
1780456775,108.853528
1780456775,108.868133
1780456775,108.916364
1780456775,104.078293
1780456775,108.821352
1780456775,108.149969
1780456775,108.513076
1780456775,108.297253
1780456775,104.613246
1780456775,109.981473
1780456775,109.542093
1780456775,110.456105
1780456775,109.539480
1780456775,109.592657
1780456775,109.478251
1780456775,110.081585
1780456775,110.752265
1780456775,110.800828
1780456775,111.120365
1780456775,110.105996
1780456775,108.404184
1780456775,110.992241
1780456775,110.486085
1780456775,110.980529
1780456775,111.114265
1780456775,111.278682
1780456775,111.392902
1780456775,111.297724
1780456775,111.621688
1780456775,104.066725
1780456775,112.534193
1780456775,112.056887
1780456775,108.671108
1780456775,112.529462
1780456775,112.071296
1780456775,111.776674
1780456775,112.044649
1780456775,112.018651
1780456775,112.748018
1780456775,112.027151
1780456775,112.764075
1780456775,112.847508
1780456775,109.326160
1780456775,112.556154
1780456775,111.090504
1780456775,104.581571
1780456775,112.474625
1780456775,110.140816
1780456775,112.620511
1780456775,107.594461
1780456775,111.047954
1780456775,111.286308
1780456775,112.775868
1780456775,107.730185
1780456775,112.772132
1780456775,107.830253
1780456775,107.694697
1780456775,115.997897
1780456775,112.889719
1780456775,108.282374
1780456775,111.745669
1780456775,113.436342
1780456775,111.792020
1780456775,111.951915
1780456775,113.483396
1780456775,111.952162
1780456775,113.353722
1780456775,111.224517
1780456775,107.298587
1780456775,107.846341
1780456775,107.586931
1780456775,104.487392
1780456775,110.274182
1780456775,110.210436
1780456775,113.831358
1780456775,113.723593
1780456775,110.179367
1780456775,110.328023
1780456775,110.204082
1780456775,119.471081
1780456775,109.708368
1780456775,109.723125
1780456775,109.987959
1780456775,109.918518
1780456775,109.975237
1780456775,110.117091
1780456775,110.192253
1780456775,110.300510
1780456775,110.352128
1780456775,110.451368
1780456775,110.438995
1780456775,110.348381
1780456775,110.032481
1780456775,116.852214
1780456775,112.476725
1780456775,110.383166
1780456775,117.087504
1780456775,118.587475
1780456775,120.957810
1780456775,122.090511
1780456775,120.299356
1780456775,121.604296
1780456775,110.766287
1780456775,105.125682
1780456775,103.537157
1780456775,111.052080
1780456775,111.035069
1780456775,111.082919
1780456775,110.881907
1780456775,111.588310
1780456775,107.160813
1780456775,111.252122
1780456775,107.387977
1780456775,111.378566
1780456775,107.624878
1780456775,107.571104
1780456775,107.494029
1780456775,111.293339
1780456775,107.741214
1780456775,107.410600
1780456775,111.409034
1780456775,110.660201
1780456775,111.725581
1780456775,111.540563
1780456775,111.641530
1780456775,111.740892
1780456775,111.978704
1780456775,107.874968
1780456775,105.076467
1780456775,111.388001
1780456775,108.057809
1780456775,108.136609
1780456775,111.725846
1780456775,108.470292
1780456775,108.540084
1780456775,108.585506
1780456775,104.530410
1780456775,108.884775
1780456775,103.869666
1780456775,109.075325
1780456775,102.964454
1780456775,104.740073
1780456775,109.124390
1780456775,104.861838
1780456775,105.251819
1780456775,104.748080
1780456775,103.436563
1780456775,103.768947
1780456775,103.582084
1780456775,103.626055
1780456775,103.744314
1780456775,104.499688
1780456775,104.186125
1780456775,104.492005
1780456775,104.557904
1780456775,104.158874
1780456775,103.948512
1780456775,104.165215
1780456775,104.204686
1780456775,104.504244
1780456775,104.409138
1780456775,104.804350
1780456775,104.526292
1780456775,105.330444
1780456775,105.690459
1780456775,105.771110
1780456775,105.728330
1780456775,105.702585
1780456775,106.060785
1780456775,107.115094
1780456775,107.013396
1780456775,107.844480
1780456775,108.498647
1780456775,108.671222
1780456775,106.656093
1780456775,108.735439
1780456775,109.076715
1780456775,109.196570
1780456775,108.917000
1780456775,108.813037
1780456775,109.751426
1780456775,109.278747
1780456775,109.094305
1780456775,109.030643
1780456775,106.212950
1780456775,109.627541
1780456775,108.458086
1780456775,110.224151
1780456775,109.123745
1780456775,110.049656
1780456775,110.125209
1780456775,110.335768
1780456775,109.935817
1780456775,111.070029
1780456775,111.828208
1780456775,111.049010
1780456775,109.392432
1780456775,109.645725
1780456775,111.962131
1780456775,110.173567
1780456775,111.531177
1780456775,111.745717
1780456775,111.076853
1780456775,111.441136
1780456775,111.450394
1780456775,112.045716
1780456775,111.556517
1780456775,112.255399
1780456775,112.766090
1780456775,112.374740
1780456775,112.353121
1780456775,113.912505
1780456775,114.332100
1780456775,114.236816
1780456775,113.721442
1780456775,114.771152
1780456775,114.867607
1780456775,115.059496
1780456775,114.448027
1780456775,108.441462
1780456775,114.999602
1780456775,116.313513
1780456775,115.788940
1780456775,116.326897
1780456775,114.711893
1780456775,115.624648
1780456775,111.575962
1780456775,111.574364
1780456775,114.928553
1780456775,118.953919
1780456775,117.368099
1780456775,117.460168
1780456775,113.930841
1780456775,115.268621
1780456775,117.887019
1780456775,112.187995
1780456775,113.823281
1780456775,118.305314
1780456775,113.763120
1780456775,117.328750
1780456775,113.948600
1780456775,118.237623
1780456775,117.471627
1780456775,115.607578
1780456775,119.394442
1780456775,117.437506
1780456775,109.137794
1780456775,108.104200
1780456775,108.223851
1780456775,110.543333
1780456775,110.629408
1780456775,109.449307
1780456775,110.809685
1780456775,112.097249
1780456775,112.909060
1780456775,113.039916
1780456775,113.108146
1780456775,114.353457
1780456775,113.082471
1780456775,116.549903
1780456775,115.073104
1780456775,115.252694
1780456775,119.792779
1780456775,108.969098
1780456775,113.711282
1780456775,110.132718
1780456775,120.020282
1780456775,109.137730
1780456775,109.064089
1780456775,108.405001
1780456775,120.682874
1780456775,120.782288
1780456775,112.912669
1780456775,121.239373
1780456775,116.978352
1780456775,114.984324
1780456775,121.391625
1780456775,120.086816
1780456775,120.363079
1780456775,120.367867
1780456775,113.066195
1780456775,113.138052
1780456775,121.513417
1780456775,118.249353
1780456775,112.721656
1780456775,121.527156
1780456775,121.676378
1780456775,121.773706
1780456775,113.181680
1780456775,118.024746
1780456775,118.933755
1780456775,119.202946
1780456775,119.250026
1780456775,124.557457
1780456775,123.402385
1780456775,129.685370
1780456775,127.814016
1780456775,123.637611
1780456775,128.238381
1780456775,123.746903
1780456775,128.278782
1780456775,126.645038
1780456775,128.436909
1780456775,133.891933
1780456775,123.987029
1780456775,128.766951
1780456775,124.633439
1780456775,129.034976
1780456775,124.616118
1780456775,129.247757
1780456775,129.619946
1780456775,125.263913
1780456775,127.330360
1780456775,113.142183
1780456775,113.289526
1780456775,113.336475
1780456775,129.810378
1780456775,129.895111
1780456775,129.995204
1780456775,124.763002
1780456775,125.764084
1780456775,131.776853
1780456775,131.771486
1780456775,131.929494
1780456775,132.119101
1780456775,131.826948
1780456775,130.246022
1780456775,131.795767
1780456775,142.953787
1780456775,135.776406
1780456775,137.728240
1780456775,135.768349
1780456775,135.849943
1780456775,129.958562
1780456775,132.721695
1780456775,132.753161
1780456775,132.654146
1780456775,130.993984
1780456775,136.742695
1780456775,128.482605
1780456775,123.949374
1780456775,129.859441
1780456775,132.127935
1780456775,130.273680
1780456775,130.276424
1780456775,131.066631
1780456775,130.400350
1780456775,146.552849
1780456775,124.533513
1780456775,129.043998
1780456775,148.489342
1780456775,148.773274
1780456775,143.791720
1780456775,142.001751
1780456775,142.046511
1780456775,143.351762
1780456775,142.234157
1780456775,149.618289
1780456775,149.542778
1780456775,141.547451
1780456775,141.430468
1780456775,146.942434
1780456775,150.912771
1780456775,141.546863
1780456775,149.485568
1780456775,144.624094
1780456775,127.358366
1780456775,147.314086
1780456775,147.458632
1780456775,147.535988
1780456775,144.047551
1780456775,147.871947
1780456775,144.166864
1780456775,128.096433
1780456775,128.378589
1780456775,142.175857
1780456775,125.951271
1780456775,126.146051
1780456775,142.694098
1780456775,134.801249
1780456775,142.968387
1780456775,142.864791
1780456775,132.940929
1780456775,133.081547
1780456775,143.368144
1780456775,127.818249
1780456775,128.470845
1780456775,128.800429
1780456775,128.793004
1780456775,128.965311
1780456775,145.811228
1780456775,138.384726
1780456775,134.163971
1780456775,140.667721
1780456775,147.855357
1780456775,140.180634
1780456775,129.774732
1780456775,129.926474
1780456775,143.232851
1780456775,150.031554
1780456775,146.446903
1780456775,141.135954
1780456775,129.909687
1780456775,130.047909
1780456775,143.559680
1780456775,136.425703
1780456775,145.135473
1780456775,137.677593
1780456775,136.524872
1780456775,140.810548
1780456775,140.897330
1780456775,141.997582
1780456775,154.196156
1780456775,142.448675
1780456775,136.683354
1780456775,155.441752
1780456775,142.038592
1780456775,149.735827
1780456775,155.481855
1780456775,156.160324
1780456775,135.705290
1780456775,135.836805
1780456775,156.511062
1780456775,156.599641
1780456775,156.688468
1780456775,136.013801
1780456775,151.569512
1780456775,147.594719
1780456775,151.699129
1780456775,151.735530
1780456775,136.069409
1780456775,151.888420
1780456775,156.825732
1780456775,136.174377
1780456775,157.148763
1780456775,136.272107
1780456775,131.565946
1780456775,131.666603
1780456775,105.748774
1780456775,105.987583
1780456775,106.254651
1780456775,146.667312
1780456775,105.899903
1780456775,104.476598
1780456775,107.076901
1780456775,103.704054
1780456775,104.165089
1780456775,103.931606
1780456775,110.737376
1780456775,109.239582
1780456775,104.052871
1780456775,152.600039
1780456775,109.724116
1780456775,150.632577
1780456775,151.185386
1780456775,111.216788
1780456775,111.466144
1780456775,111.134666
1780456775,111.241918
1780456775,110.816621
1780456775,103.180793
1780456775,109.517464
1780456775,109.208651
1780456775,108.883139
1780456775,109.517518
1780456775,112.188100
1780456775,108.759917
1780456775,115.319156
1780456775,114.258012
1780456775,109.653092
1780456775,114.209753
1780456775,103.265084
1780456775,114.472813
1780456775,103.480032
1780456775,103.602933
1780456775,105.353027
1780456775,103.653249
1780456775,104.031794
1780456775,104.231700
1780456775,103.204043
1780456775,106.770336
1780456775,106.709727
1780456775,108.104258
1780456775,107.498852
1780456775,108.015006
1780456775,107.726892
1780456775,104.198385
1780456775,109.707199
1780456775,106.049419
1780456775,104.002807
1780456775,105.843776
1780456775,104.254169
1780456775,104.294062
1780456775,106.181213
1780456775,109.035568
1780456775,106.953817
1780456775,109.560817
1780456775,107.073643
1780456775,110.051080
1780456775,105.936815
1780456775,106.238769
1780456775,158.813309
1780456775,153.152555
1780456775,153.272763
1780456775,153.364693
1780456775,153.490262
1780456775,146.987498
1780456775,147.062502
1780456775,151.768226
1780456775,152.869627
1780456775,151.733693
1780456775,110.139844
1780456775,111.288218
1780456775,107.869197
1780456775,111.517517
1780456775,106.444492
1780456775,108.155167
1780456775,104.645288
1780456775,112.135584
1780456775,107.326118
1780456775,107.657317
1780456775,109.628713
1780456775,107.836210
1780456775,109.451917
1780456775,107.943046
1780456775,107.616487
1780456775,123.453455
1780456775,162.401762
1780456775,119.870975
1780456775,162.444080
1780456775,163.327184
1780456775,120.072075
1780456775,120.160672
1780456775,108.334109
1780456775,118.066640
1780456775,119.706898
1780456775,119.326768
1780456775,119.810652
1780456775,120.154803
1780456775,159.461564
1780456775,119.414303
1780456775,108.921039
1780456775,109.275008
1780456775,109.354613
1780456775,112.482640
1780456775,113.999211
1780456775,109.263077
1780456775,109.493690
1780456775,114.190809
1780456775,114.149568
1780456775,111.310351
1780456775,114.273856
1780456775,115.458348
1780456775,114.414087
1780456775,115.596860
1780456775,113.142823
1780456775,115.617578
1780456775,111.164642
1780456775,113.069994
1780456775,112.898021
1780456775,111.599008
1780456775,113.017266
1780456775,107.948930
1780456775,113.230300
1780456775,112.999482
1780456775,121.370970
1780456775,121.469365
1780456775,119.466668
1780456775,121.768007
1780456775,113.662040
1780456775,108.268099
1780456775,106.207577
1780456775,110.646402
1780456775,112.427223
1780456775,105.426936
1780456775,112.993094
1780456775,113.167473
1780456775,113.237036
1780456775,107.221319
1780456775,106.215702
1780456775,114.108669
1780456775,108.865947
1780456775,108.820328
1780456775,108.869245
1780456775,108.765063
1780456775,108.893194
1780456775,105.660785
1780456775,106.170562
1780456775,106.263399
1780456775,110.627404
1780456775,111.041521
1780456775,110.910306
1780456775,111.142673
1780456775,111.019485
1780456775,116.215674
1780456775,106.044584
1780456775,112.157614
1780456775,116.579787
1780456775,111.078418
1780456775,112.648068
1780456775,112.265202
1780456775,112.680338
1780456775,112.859741
1780456775,112.971757
1780456775,114.771354
1780456775,114.915119
1780456775,113.930632
1780456775,115.039850
1780456775,116.837526
1780456775,116.896357
1780456775,116.874163
1780456775,114.082818
1780456775,115.118365
1780456775,114.138202
1780456775,115.425621
1780456775,115.267688
1780456775,113.422659
1780456775,115.358136
1780456775,114.346656
1780456775,111.855830
1780456775,111.935383
1780456775,115.439322
1780456775,117.336300
1780456775,115.466272
1780456775,115.840227
1780456775,112.428665
1780456775,112.482837
1780456775,112.280886
1780456775,112.566443
1780456775,118.110547
1780456775,112.571596
1780456775,117.939036
1780456775,112.609089
1780456775,111.418353
1780456775,111.893887
1780456775,112.022709
1780456775,111.686593
1780456775,111.829216
1780456775,111.974745
1780456775,111.920835
1780456775,112.076948
1780456775,117.259871
1780456775,112.296575
1780456775,118.785802
1780456775,119.126881
1780456775,118.901379
1780456775,119.033019
1780456775,117.429417
1780456775,119.412678
1780456775,119.608613
1780456775,120.933894
1780456775,121.062651
1780456775,117.280580
1780456775,113.012261
1780456775,107.513636
1780456775,109.123637
1780456775,113.081647
1780456775,109.483506
1780456775,108.889155
1780456775,109.714947
1780456775,112.049811
1780456775,109.403701
1780456775,114.217014
1780456775,114.612854
1780456775,108.281910
1780456775,113.287614
1780456775,107.437655
1780456775,115.207973
1780456775,115.233714
1780456775,115.338716
1780456775,104.302698
1780456775,109.503796
1780456775,109.594678
1780456775,112.940788
1780456775,107.381843
1780456775,116.975940
1780456775,110.689501
1780456775,117.059947
1780456775,117.124312
1780456775,110.075311
1780456775,113.882492
1780456775,110.104767
1780456775,114.051818
1780456775,107.658972
1780456775,113.468902
1780456775,112.889879
1780456775,109.577449
1780456775,111.837147
1780456775,113.937685
1780456775,114.046465
1780456775,113.389722
1780456775,109.072885
1780456775,113.475639
1780456775,111.886473
1780456775,113.599603
1780456775,112.640062
1780456775,110.688569
1780456775,114.179751
1780456775,112.511178
1780456775,112.253821
1780456775,115.333311
1780456775,104.804574
1780456775,113.365967
1780456775,111.088984
1780456775,111.993101
1780456775,115.452785
1780456775,108.160852
1780456775,113.164701
1780456775,113.971931
1780456775,115.456821
1780456775,110.840242
1780456775,114.633457
1780456775,115.681945
1780456775,112.159232
1780456775,112.089339
1780456775,108.857827
1780456775,111.181205
1780456775,111.796891
1780456775,110.436343
1780456775,113.507157
1780456775,113.502328
1780456775,112.701627
1780456775,112.517669
1780456775,115.474321
1780456775,106.072476
1780456775,112.749493
1780456775,106.223579
1780456775,117.898041
1780456775,115.665884
1780456775,117.944311
1780456775,115.547495
1780456775,118.175197
1780456775,112.747737
1780456775,108.920820
1780456775,105.582927
1780456775,116.481300
1780456775,105.736473
1780456775,114.571906
1780456775,109.400736
1780456775,120.686879
1780456775,119.928819
1780456775,118.597808
1780456775,119.087072
1780456775,107.019088
1780456775,118.739042
1780456775,118.926127
1780456775,119.037950
1780456775,119.046425
1780456775,107.579617
1780456775,107.504967
1780456775,107.586436
1780456775,119.362420
1780456775,119.486304
1780456775,120.345005
1780456775,119.575327
1780456775,105.339921
1780456775,119.984017
1780456775,120.078944
1780456775,120.181641
1780456775,121.055398
1780456775,106.967676
1780456775,120.960679
1780456775,121.415235
1780456775,121.331618
1780456775,121.434938
1780456775,117.986777
1780456775,117.860864
1780456775,119.804979
1780456775,105.890978
1780456775,119.435407
1780456775,120.622585
1780456775,118.339889
1780456775,106.202324
1780456775,106.481739
1780456775,118.610533
1780456775,117.946606
1780456775,118.867164
1780456775,110.808351
1780456775,116.198750
1780456775,117.859711
1780456775,111.194250
1780456775,110.696762
1780456775,110.802142
1780456775,107.427369
1780456775,109.253470
1780456775,107.674189
1780456775,108.123468
1780456775,108.148128
1780456775,108.095976
1780456775,112.508214
1780456775,107.412018
1780456775,112.121623
1780456775,112.846753
1780456775,108.278411
1780456775,113.403259
1780456775,120.996583
1780456775,107.651216
1780456775,121.222315
1780456775,121.297678
1780456775,121.312904
1780456775,121.359815
1780456775,113.991386
1780456775,114.435967
1780456775,117.685670
1780456775,117.982876
1780456775,116.335222
1780456775,117.468526
1780456775,117.866306
1780456775,117.937687
1780456775,121.696534
1780456775,118.229557
1780456775,108.142755
1780456775,108.218587
1780456775,121.808982
1780456775,114.228304
1780456775,121.907278
1780456775,108.397044
1780456775,104.069773
1780456775,108.204182
1780456775,108.187152
1780456775,104.691460
1780456775,104.915260
1780456775,104.881853
1780456775,104.909924
1780456775,104.888868
1780456775,105.401019
1780456775,105.301342
1780456775,105.415609
1780456775,105.576811
1780456775,106.415327
1780456775,104.993466
1780456775,109.407353
1780456775,109.340950
1780456775,109.047667
1780456775,105.631109
1780456775,105.340166
1780456775,107.839429
1780456775,112.047744
1780456775,111.673864
1780456775,112.229928
1780456775,111.925974
1780456775,112.364773
1780456775,104.143419
1780456775,112.381588
1780456775,113.006301
1780456775,109.073086
1780456775,114.140281
1780456775,109.089992
1780456775,112.553860
1780456775,112.754729
1780456775,113.286580
1780456775,113.355417
1780456775,111.579766
1780456775,111.577334
1780456775,110.350127
1780456775,115.505132
1780456775,111.254451
1780456775,108.834537
1780456775,108.874918
1780456775,107.714418
1780456775,107.279863
1780456775,107.072403
1780456775,116.765535
1780456775,117.863237
1780456775,117.097192
1780456775,117.374051
1780456775,117.610204
1780456775,115.916521
1780456775,110.166260
1780456775,114.238963
1780456775,117.194697
1780456775,113.378193
1780456775,116.524760
1780456775,124.791732
1780456775,110.671501
1780456775,116.875447
1780456775,129.235171
1780456775,115.542914
1780456775,125.372280
1780456775,111.011955
1780456775,125.478404
1780456775,116.090934
1780456775,111.019367
1780456775,123.454212
1780456775,115.809032
1780456775,126.064671
1780456775,111.967593
1780456775,112.212650
1780456775,111.401040
1780456775,122.429129
1780456775,123.759266
1780456775,114.158582
1780456775,115.654544
1780456775,124.770742
1780456775,124.942558
1780456775,114.537994
1780456775,124.395539
1780456775,111.925280
1780456775,112.252414
1780456775,114.508308
1780456775,112.080797
1780456775,109.711120
1780456775,112.462269
1780456775,125.597252
1780456775,110.608318
1780456775,125.414893
1780456775,124.052385
1780456775,124.278000
1780456775,124.891012
1780456775,113.671532
1780456775,110.308418
1780456775,128.884479
1780456775,124.502201
1780456775,129.936600
1780456775,132.476207
1780456775,125.380697
1780456775,125.126747
1780456775,132.805571
1780456775,126.094587
1780456775,135.630835
1780456775,131.789765
1780456775,133.565665
1780456775,126.287970
1780456775,125.978368
1780456775,125.918444
1780456775,131.848359
1780456775,125.040933
1780456775,124.803730
1780456775,124.047485
1780456775,126.152786
1780456775,132.329996
1780456775,125.866352
1780456775,125.758984
1780456775,132.582039
1780456775,126.277389
1780456775,133.086193
1780456775,121.797147
1780456775,130.292300
1780456775,126.418961
1780456775,129.343194
1780456775,128.016200
1780456775,126.567916
1780456775,130.953140
1780456775,129.259381
1780456775,124.577125
1780456775,127.319245
1780456775,127.141951
1780456775,127.524142
1780456775,125.211156
1780456775,129.365393
1780456775,119.241328
1780456775,128.640961
1780456775,125.904604
1780456775,126.173427
1780456775,128.860033
1780456775,116.737126
1780456775,128.857679
1780456775,117.434168
1780456775,129.254158
1780456775,118.643152
1780456775,116.875841
1780456775,120.434737
1780456775,117.371141
1780456775,120.620418
1780456775,120.693520
1780456775,121.921315
1780456775,118.780656
1780456775,122.734947
1780456775,137.062340
1780456775,121.044769
1780456775,127.427545
1780456775,117.456296
1780456775,121.836446
1780456775,127.373169
1780456775,116.946795
1780456775,117.021334
1780456775,127.450019
1780456775,123.001709
1780456775,122.907551
1780456775,121.775994
1780456775,123.387686
1780456775,123.619009
1780456775,124.017225
1780456775,116.761255
1780456775,123.838008
1780456775,116.517654
1780456775,131.911195
1780456775,131.230652
1780456775,131.167241
1780456775,118.947820
1780456775,119.717122
1780456775,124.730760
1780456775,129.681609
1780456775,128.088405
1780456775,126.838367
1780456775,129.567655
1780456775,131.197775
1780456775,131.362793
1780456775,131.668987
1780456775,123.919461
1780456775,114.463276
1780456775,119.877055
1780456775,113.298788
1780456775,115.765298
1780456775,116.028138
1780456775,115.718787
1780456775,117.620254
1780456775,123.938127
1780456775,133.408383
1780456775,134.613748
1780456775,126.008243
1780456775,124.041757
1780456775,119.954605
1780456775,125.755726
1780456775,130.346245
1780456775,126.163905
1780456775,126.542015
1780456775,128.216757
1780456775,126.950126
1780456775,124.425669
1780456775,128.611060
1780456775,131.600217
1780456775,128.012249
1780456775,128.180321
1780456775,117.064201
1780456775,115.932116
1780456775,127.286422
1780456775,123.479998
1780456775,116.575016
1780456775,117.201413
1780456775,125.299195
1780456775,125.656947
1780456775,123.950843
1780456775,124.945785
1780456775,130.225864
1780456775,127.566344
1780456775,129.124674
1780456775,119.870142
1780456775,132.822621
1780456775,131.076393
1780456775,131.462651
1780456775,109.899540
1780456775,132.976192
1780456775,137.678775
1780456775,110.659260
1780456775,138.351189
1780456775,139.555233
1780456775,133.880481
1780456775,113.453728
1780456775,127.805777
1780456775,114.735138
1780456775,127.764323
1780456775,127.972289
1780456775,110.366257
1780456775,116.978608
1780456775,116.444000
1780456775,117.399686
1780456775,117.634716
1780456775,117.638381
1780456775,125.290919
1780456775,119.495480
1780456775,127.504789
1780456775,121.458958
1780456775,126.070156
1780456775,122.410926
1780456775,106.754542
1780456775,136.821948
1780456775,131.817619
1780456775,142.387174
1780456775,141.492000
1780456775,141.697771
1780456775,142.936485
1780456775,132.116048
1780456775,125.032550
1780456775,142.449427
1780456775,143.193194
1780456775,126.802131
1780456775,126.876198
1780456775,144.364256
1780456775,111.922922
1780456775,111.921159
1780456775,143.504261
1780456775,122.395234
1780456775,124.020360
1780456775,124.804105
1780456775,125.276649
1780456775,133.091868
1780456775,127.452721
1780456775,133.348685
1780456775,124.949664
1780456775,133.307407
1780456775,133.578228
1780456775,133.113997
1780456775,133.865805
1780456775,130.228050
1780456775,130.365696
1780456775,131.335712
1780456775,133.983040
1780456775,124.729689
1780456775,134.185583
1780456775,124.460111
1780456775,125.033205
1780456775,129.360758
1780456775,133.151142
1780456775,133.271262
1780456775,111.352281
1780456775,126.424981
1780456775,123.388194
1780456775,123.356388
1780456775,125.738178
1780456775,124.882109
1780456775,124.787038
1780456775,112.891838
1780456775,113.039370
1780456775,125.426763
1780456775,124.998018
1780456775,110.642862
1780456775,113.015243
1780456775,125.234503
1780456775,125.048129
1780456775,124.795380
1780456775,124.609167
1780456775,108.814893
1780456775,145.659873
1780456775,146.990604
1780456775,146.373912
1780456775,140.391767
1780456775,118.059133
1780456775,128.568255
1780456775,129.534987
1780456775,129.672907
1780456775,129.428910
1780456775,127.438324
1780456775,129.034023
1780456775,137.389962
1780456775,129.345437
1780456775,138.997210
1780456775,119.026770
1780456775,119.053508
1780456775,124.645506
1780456775,127.687726
1780456775,127.758471
1780456775,126.805467
1780456775,127.676048
1780456775,130.547853
1780456775,136.671139
1780456775,126.090503
1780456775,126.492137
1780456775,126.524843
1780456775,137.720520
1780456775,137.154220
1780456775,137.640816
1780456775,137.187952
1780456775,137.508446
1780456775,127.309207
1780456775,127.131891
1780456775,133.665374
1780456775,125.929056
1780456775,122.592023
1780456775,112.727481
1780456775,127.223519
1780456775,134.205320
1780456775,132.439189
1780456775,111.677913
1780456775,134.216939
1780456775,134.011374
1780456775,134.458897
1780456775,111.578083
1780456775,121.744078
1780456775,122.330572
1780456775,134.169947
1780456775,122.285638
1780456775,123.066129
1780456775,134.821754
1780456775,127.722107
1780456775,127.943403
1780456775,127.603005
1780456775,133.240832
1780456775,139.809838
1780456775,132.929792
1780456775,133.898066
1780456775,125.038474
1780456775,127.165895
1780456775,117.067918
1780456775,131.758220
1780456775,132.131372
1780456775,122.027048
1780456775,130.843651
1780456775,133.334708
1780456775,122.299433
1780456775,133.716864
1780456775,122.436500
1780456775,133.824133
1780456775,140.808172
1780456775,125.775728
1780456775,130.289438
1780456775,105.176039
1780456775,131.081852
1780456775,131.455925
1780456775,142.035697
1780456775,126.912166
1780456775,130.914423
1780456775,128.634865
1780456775,120.682345
1780456775,131.098751
1780456775,107.481769
1780456775,130.414291
1780456775,141.573840
1780456775,131.454971
1780456775,131.694189
1780456775,131.809633
1780456775,107.593957
1780456775,111.311314
1780456775,132.588185
1780456775,132.742652
1780456775,133.020139
1780456775,125.026293
1780456775,110.987442
1780456775,124.130149
1780456775,140.441869
1780456775,124.083885
1780456775,124.156452
1780456775,140.825890
1780456775,125.836697
1780456775,141.078905
1780456775,142.741504
1780456775,124.093970
1780456775,144.533413
1780456775,142.929734
1780456775,136.006788
1780456775,142.569767
1780456775,132.162561
1780456775,132.041583
1780456775,141.207021
1780456775,131.217096
1780456775,130.695823
1780456775,141.901882
1780456775,146.503760
1780456775,124.149914
1780456775,124.337755
1780456775,137.375087
1780456775,142.489503
1780456775,146.661529
1780456775,142.661239
1780456775,146.602205
1780456775,124.126137
1780456775,124.858431
1780456775,124.089120
1780456775,128.759501
1780456775,141.931186
1780456775,142.046912
1780456775,124.001178
1780456775,123.545079
1780456775,124.415330
1780456775,130.829896
1780456775,132.522484
1780456775,142.502846
1780456775,135.742744
1780456775,133.664989
1780456775,133.542186
1780456775,131.874512
1780456775,133.542133
1780456775,135.575045
1780456775,143.723427
1780456775,135.794791
1780456775,146.455456
1780456775,148.266145
1780456775,135.925172
1780456775,137.392391
1780456775,137.487739
1780456775,144.250493
1780456775,136.910250
1780456775,139.139823
1780456775,148.959792
1780456775,138.461118
1780456775,120.386735
1780456775,139.193590
1780456775,141.642582
1780456775,122.262427
1780456775,142.122508
1780456775,143.210283
1780456775,141.635282
1780456775,134.201309
1780456775,145.262545
1780456775,141.393242
1780456775,142.402246
1780456775,140.501083
1780456775,143.345983
1780456775,143.136394
1780456775,144.044558
1780456775,144.551870
1780456775,124.087608
1780456775,126.647462
1780456775,132.593061
1780456775,126.157483
1780456775,122.973637
1780456775,123.981198
1780456775,112.463022
1780456775,130.202575
1780456775,131.964427
1780456775,124.821156
1780456775,132.953074
1780456775,127.778801
1780456775,123.914053
1780456775,121.816377
1780456775,119.376264
1780456775,129.879653
1780456775,119.956049
1780456775,120.192736
1780456775,111.102889
1780456775,127.166317
1780456775,126.167720
1780456775,129.962434
1780456775,127.505208
1780456775,127.628325
1780456775,127.858593
1780456775,109.543681
1780456775,129.156838
1780456775,128.683048
1780456775,124.408112
1780456775,145.581431
1780456775,131.943954
1780456775,132.073495
1780456775,132.882612
1780456775,144.228736
1780456775,134.535296
1780456775,134.542123
1780456775,136.112207
1780456775,146.036238
1780456775,130.821243
1780456775,136.612922
1780456775,138.264593
1780456775,140.191959
1780456775,147.019676
1780456775,147.384606
1780456775,140.378368
1780456775,136.301987
1780456775,139.909765
1780456775,136.588463
1780456775,149.766360
1780456775,150.095568
1780456775,130.107054
1780456775,145.835975
1780456775,136.506844
1780456775,146.031531
1780456775,137.116095
1780456775,140.386621
1780456775,136.166786
1780456775,126.778276
1780456775,126.463342
1780456775,139.632961
1780456775,116.833237
1780456775,139.281266
1780456775,112.785075
1780456775,138.677553
1780456775,139.331302
1780456775,108.417792
1780456775,139.301429
1780456775,136.406690
1780456775,114.616046
1780456775,123.136334
1780456775,114.076355
1780456775,114.256921
1780456775,114.461074
1780456775,125.041531
1780456775,113.409693
1780456775,123.341695
1780456775,113.173981
1780456775,121.521034
1780456775,131.422204
1780456775,118.422457
1780456775,119.555906
1780456775,119.688711
1780456775,119.566250
1780456775,110.855911
1780456775,112.187100
1780456775,110.983947
1780456775,112.022686
1780456775,113.933561
1780456775,140.660057
1780456775,149.011708
1780456775,118.717666
1780456775,143.073338
1780456775,117.399428
1780456775,149.149302
1780456775,149.465878
1780456775,149.727658
1780456775,149.612776
1780456775,152.627426
1780456775,153.540846
1780456775,153.926030
1780456775,160.392679
1780456775,155.543824
1780456775,160.738735
1780456775,156.828206
1780456775,161.351232
1780456775,158.069487
1780456775,158.139554
1780456775,160.956643
1780456775,163.911148
1780456775,163.965552
1780456775,163.612493
1780456775,163.839962
1780456775,164.128757
1780456775,163.183282
1780456775,164.772228
1780456775,143.182733
1780456775,164.721559
1780456775,143.200263
1780456775,143.407867
1780456775,165.554050
1780456775,158.247094
1780456775,165.815839
1780456775,143.632235
1780456775,163.487011
1780456775,158.493062
1780456775,158.681605
1780456775,159.185431
1780456775,112.558937
1780456775,120.032061
1780456775,119.078575
1780456775,120.307038
1780456775,120.614243
1780456775,120.737557
1780456775,160.840304
1780456775,130.531022
1780456775,135.690624
1780456775,139.697396
1780456775,135.003385
1780456775,141.111289
1780456775,141.267027
1780456775,129.603768
1780456775,135.164014
1780456775,139.786016
1780456775,114.252988
1780456775,141.347800
1780456775,142.735420
1780456775,141.798151
1780456775,149.646878
1780456775,145.605517
1780456775,114.652929
1780456775,149.887697
1780456775,148.734576
1780456775,151.323392
1780456775,116.193951
1780456775,151.081265
1780456775,116.159748
1780456775,155.401327
1780456775,151.090259
1780456775,122.487885
1780456775,161.340891
1780456775,111.630405
1780456775,150.856501
1780456775,148.943891
1780456775,112.278293
1780456775,130.186044
1780456775,139.335329
1780456775,113.665687
1780456775,149.122324
1780456775,161.720658
1780456775,144.902032
1780456775,114.057234
1780456775,114.162256
1780456775,114.071806
1780456775,132.806091
1780456775,114.311324
1780456775,161.978386
1780456775,124.646875
1780456775,111.022580
1780456775,161.770887
1780456775,145.425420
1780456775,123.048801
1780456775,161.671342
1780456775,150.798089
1780456775,111.824652
1780456775,121.921496
1780456775,111.739452
1780456775,161.440176
1780456775,126.711688
1780456775,126.988263
1780456775,122.173969
1780456775,114.442823
1780456775,112.176457
1780456775,145.546346
1780456775,139.021295
1780456775,124.922041
1780456775,126.822556
1780456775,138.974740
1780456775,121.188267
1780456775,124.921230
1780456775,139.852567
1780456775,110.650222
1780456775,115.074799
1780456775,123.475644
1780456775,162.906950
1780456775,119.195816
1780456775,162.034948
1780456775,108.809374
1780456775,159.945836
1780456775,118.826289
1780456775,160.125031
1780456775,108.894130
1780456775,110.789302
1780456775,117.318196
1780456775,140.846930
1780456775,160.607002
1780456775,112.270968
1780456775,160.696393
1780456775,119.291355
1780456775,160.517952
1780456775,117.253526
1780456775,138.392842
1780456775,118.157686
1780456775,115.941468
1780456775,124.590732
1780456775,123.642163
1780456775,124.568301
1780456775,148.349031
1780456775,148.313430
1780456775,112.185155
1780456775,112.105436
1780456775,112.373919
1780456775,137.244662
1780456775,116.141382
1780456775,137.996710
1780456775,157.701757
1780456775,125.962078
1780456775,125.779109
1780456775,124.316022
1780456775,125.143387
1780456775,127.973877
1780456775,124.268621
1780456775,123.970672
1780456775,123.789306
1780456775,122.213961
1780456775,123.598587
1780456775,122.563263
1780456775,122.192953
1780456775,122.042147
1780456775,125.559072
1780456775,115.969672
1780456775,133.150864
1780456775,120.324487
1780456775,133.415813
1780456775,125.387941
1780456775,115.603860
1780456775,115.810454
1780456775,125.592590
1780456775,122.819908
1780456775,132.452263
1780456775,122.937866
1780456775,115.938729
1780456775,117.047884
1780456775,117.231601
1780456775,117.173313
1780456775,114.613369
1780456775,117.266382
1780456775,116.142623
1780456775,117.406499
1780456775,118.179894
1780456775,134.353312
1780456775,127.909921
1780456775,117.592859
1780456775,133.890575
1780456775,118.328030
1780456775,133.757346
1780456775,134.514807
1780456775,128.002432
1780456775,116.016543
1780456775,118.480000
1780456775,134.668219
1780456775,117.737289
1780456775,126.411855
1780456775,115.264416
1780456775,115.718724
1780456775,124.952621
1780456775,117.795233
1780456775,117.892788
1780456775,135.048519
1780456775,118.212795
1780456775,135.112979
1780456775,118.335138
1780456775,134.854966
1780456775,134.915022
1780456775,135.483856
1780456775,118.595638
1780456775,134.477561
1780456775,134.581305
1780456775,134.436907
1780456775,118.547981
1780456775,106.712589
1780456775,120.842291
1780456775,139.827336
1780456775,142.280658
1780456775,116.810279
1780456775,115.061508
1780456775,107.348076
1780456775,118.308901
1780456775,117.705935
1780456775,117.592722
1780456775,114.169212
1780456775,135.520188
1780456775,137.650268
1780456775,132.915735
1780456775,123.019685
1780456775,105.218109
1780456775,104.865581
1780456775,134.729341
1780456775,111.991783
1780456775,104.911216
1780456775,115.074264
1780456775,105.123912
1780456775,132.710303
1780456775,105.079508
1780456775,130.311664
1780456775,120.820065
1780456775,114.089773
1780456775,130.464479
1780456775,115.398906
1780456775,120.788391
1780456775,114.320213
1780456775,114.165860
1780456775,120.796157
1780456775,114.142239
1780456775,132.326539
1780456775,138.630263
1780456775,138.621818
1780456775,122.463018
1780456775,114.403265
1780456775,138.552810
1780456775,138.507823
1780456775,123.499642
1780456775,137.171960
1780456775,136.861739
1780456775,123.358946
1780456775,137.150479
1780456775,114.452525
1780456775,131.432523
1780456775,120.907337
1780456775,120.753529
1780456775,119.804015
1780456775,132.882072
1780456775,123.578131
1780456775,131.135985
1780456775,131.806691
1780456775,130.156749
1780456775,116.386220
1780456775,130.012079
1780456775,116.117617
1780456775,104.317853
1780456775,116.463124
1780456775,103.492266
1780456775,125.404049
1780456775,115.839131
1780456775,103.775812
1780456775,107.417690
1780456775,107.843221
1780456775,107.911601
1780456775,107.776863
1780456775,116.413647
1780456775,122.276937
1780456775,122.392384
1780456775,122.507801
1780456775,116.737004
1780456775,116.322057
1780456775,114.925291
1780456775,122.552461
1780456775,115.634464
1780456775,122.362094
1780456775,121.373793
1780456775,114.513060
1780456775,130.058256
1780456775,114.635220
1780456775,122.093330
1780456775,129.812885
1780456775,114.744278
1780456775,121.536001
1780456775,129.509504
1780456775,114.928192
1780456775,121.719600
1780456775,129.863228
1780456775,114.997123
1780456775,121.787604
1780456775,130.421198
1780456775,114.167295
1780456775,121.800893
1780456775,130.109131
1780456775,114.754491
1780456775,120.097120
1780456775,129.770034
1780456775,113.913599
1780456775,120.364342
1780456775,128.796954
1780456775,113.704200
1780456775,120.931816
1780456775,130.004153
1780456775,121.009174
1780456775,112.746872
1780456775,128.649781
1780456775,130.161750
1780456775,113.074413
1780456775,121.065206
1780456775,128.333118
1780456775,120.062339
1780456775,128.565997
1780456775,127.583008
1780456775,120.348801
1780456775,130.589379
1780456775,127.652703
1780456775,121.977207
1780456775,130.605766
1780456775,126.935799
1780456775,130.765105
1780456775,130.343813
1780456775,119.905370
1780456775,113.753866
1780456775,127.281265
1780456775,120.083346
1780456775,113.869628
1780456775,126.896219
1780456775,119.925253
1780456775,131.244900
1780456775,113.976687
1780456775,120.118368
1780456775,131.267526
1780456775,114.374274
1780456775,117.083850
1780456775,113.956445
1780456775,131.104095
1780456775,114.137401
1780456775,114.546914
1780456775,131.209574
1780456775,114.457808
1780456775,131.300419
1780456775,114.419757
1780456775,111.848509
1780456775,131.429325
1780456775,114.815960
1780456775,130.958291
1780456775,113.178889
1780456775,113.607401
1780456775,126.973359
1780456775,113.928801
1780456775,127.108959
1780456775,113.703505
1780456775,131.827626
1780456775,132.037671
1780456775,114.973711
1780456775,123.334114
1780456775,123.367906
1780456775,115.658494
1780456775,114.667989
1780456775,123.790675
1780456775,113.671294
1780456775,123.622974
1780456775,116.109917
1780456775,123.478702
1780456775,111.699450
1780456775,116.234956
1780456775,123.490741
1780456775,115.782798
1780456775,113.513685
1780456775,122.548890
1780456775,113.850522
1780456775,113.724264
1780456775,116.427691
1780456775,116.325262
1780456775,112.367355
1780456775,117.030919
1780456775,116.497903
1780456775,116.430275
1780456775,115.642485
1780456775,114.378494
1780456775,114.730362
1780456775,111.891061
1780456775,112.921243
1780456775,114.351727
1780456775,112.098649
1780456775,117.065957
1780456775,114.672383
1780456775,116.271267
1780456775,116.903531
1780456775,114.431441
1780456775,116.586231
1780456775,114.672704
1780456775,113.403754
1780456775,102.909544
1780456775,115.116825
1780456775,103.156961
1780456775,117.347473
1780456775,113.570179
1780456775,117.187829
1780456775,117.242479
1780456775,112.952671
1780456775,102.209098
1780456775,117.260128
1780456775,102.449926
1780456775,102.376077
1780456775,102.590066
1780456775,102.633146
1780456775,102.609811
1780456775,104.072207
1780456775,104.001569
1780456775,104.146817
1780456775,104.486132
1780456775,102.675637
1780456775,105.437876
1780456775,105.278704
1780456775,105.759557
1780456775,105.389596
1780456775,102.829239
1780456775,103.315135
1780456775,102.892275
1780456775,103.256218
1780456775,103.500356
1780456775,104.539717
1780456775,104.873970
1780456775,104.469238
1780456775,105.140950
1780456775,103.419628
1780456775,105.622310
1780456775,102.908147
1780456775,105.717488
1780456775,104.575212
1780456775,108.054293
1780456775,114.152682
1780456775,109.535798
1780456775,106.805315
1780456775,107.669589
1780456775,106.963755
1780456775,110.241028
1780456775,115.058612
1780456775,115.346324
1780456775,107.666169
1780456775,108.388774
1780456775,107.296170
1780456775,107.827148
1780456775,108.926344
1780456775,108.543226
1780456775,112.476040
1780456775,108.937910
1780456775,112.744676
1780456775,109.049499
1780456775,117.746769
1780456775,109.381006
1780456775,117.793587
1780456775,113.612684
1780456775,113.686674
1780456775,107.681881
1780456775,108.744518
1780456775,117.796189
1780456775,109.069218
1780456775,109.603375
1780456775,104.350399
1780456775,117.785817
1780456775,107.523993
1780456775,117.517278
1780456775,117.702747
1780456775,117.321112
1780456775,114.020818
1780456775,117.451722
1780456775,117.682090
1780456775,113.795594
1780456775,117.903886
1780456775,113.979809
1780456775,113.973325
1780456775,110.590533
1780456775,112.249302
1780456775,114.408170
1780456775,114.124386
1780456775,111.703330
1780456775,114.322844
1780456775,105.281060
1780456775,112.350801
1780456775,112.321019
1780456775,112.041805
1780456775,104.782432
1780456775,112.242268
1780456775,103.062319
1780456775,103.061952
1780456775,110.152490
1780456775,106.702389
1780456775,106.679682
1780456775,106.570970
1780456775,105.445335
1780456775,103.925021
1780456775,110.488294
1780456775,109.738193
1780456775,108.600659
1780456775,107.276723
1780456775,109.626947
1780456775,108.954621
1780456775,109.775552
1780456775,109.684870
1780456775,107.054650
1780456775,109.761747
1780456775,107.203930
1780456775,109.856732
1780456775,109.908631
1780456775,115.905631
1780456775,114.739138
1780456775,115.989150
1780456775,108.250562
1780456775,104.796021
1780456775,107.975106
1780456775,108.559891
1780456775,111.463848
1780456775,111.462318
1780456775,111.801438
1780456775,113.315109
1780456775,112.951320
1780456775,113.032621
1780456775,111.392992
1780456775,115.908067
1780456775,115.880205
1780456775,112.749003
1780456775,105.425417
1780456775,106.919038
1780456775,113.677455
1780456775,116.529499
1780456775,114.163917
1780456775,114.744670
1780456775,116.562182
1780456775,108.152583
1780456775,114.720218
1780456775,114.483955
1780456775,113.986523
1780456775,116.152788
1780456775,107.177837
1780456775,114.133129
1780456775,117.445489
1780456775,116.198306
1780456775,109.415210
1780456775,119.793583
1780456775,119.166507
1780456775,119.083293
1780456775,115.988312
1780456775,116.694921
1780456775,120.459732
1780456775,120.886151
1780456775,121.028192
1780456775,111.403278
1780456775,121.782194
1780456775,123.425770
1780456775,121.592340
1780456775,114.245441
1780456775,116.711706
1780456775,122.298693
1780456775,115.159635
1780456775,126.156565
1780456775,127.521560
1780456775,128.381751
1780456775,126.904815
1780456775,117.346735
1780456775,106.663648
1780456775,106.980224
1780456775,112.166921
1780456775,113.323907
1780456775,112.552421
1780456775,111.938322
1780456775,111.978474
1780456775,116.291003
1780456775,116.988627
1780456775,113.796656
1780456775,122.384118
1780456775,122.692860
1780456775,123.831861
1780456775,129.126545
1780456775,129.306037
1780456775,129.777330
1780456775,130.746553
1780456775,119.182429
1780456775,120.241121
1780456775,132.905919
1780456775,121.453353
1780456775,121.760681
1780456775,123.310332
1780456775,123.553054
1780456775,125.586343
1780456775,109.524944
1780456775,112.309799
1780456775,111.431560
1780456775,113.338210
1780456775,113.589342
1780456775,113.812804
1780456775,114.317846
1780456775,114.805071
1780456775,116.518604
1780456775,116.503373
1780456775,117.091351
1780456775,113.811712
1780456775,130.636627
1780456775,108.224916
1780456775,108.492122
1780456775,107.667477
1780456775,110.166175
1780456775,109.363753
1780456775,108.763821
1780456775,111.149276
1780456775,111.492327
1780456775,111.619401
1780456775,109.864683
1780456775,110.061603
1780456775,110.434052
1780456775,111.944733
1780456775,113.455086
1780456775,114.943118
1780456775,117.024987
1780456775,124.211672
1780456775,119.301755
1780456775,132.709490
1780456775,160.116579
1780456775,169.867377
1780456775,179.796483
1780456775,183.324081
1780456775,185.957521
1780456775,196.778668
1780456775,203.959144
1780456775,207.736817
1780456775,205.158691
1780456775,208.792678
1780456775,200.640472
1780456775,209.734186
1780456775,192.865919
1780456775,207.634972
1780456775,203.912594
1780456775,205.265041
1780456775,211.326189
1780456775,207.278707
1780456775,212.223110
1780456775,212.625293
1780456775,188.617683
1780456775,206.956384
1780456775,192.623126
1780456775,200.869969
1780456775,216.049216
1780456775,223.853853
1780456775,218.366500
1780456775,198.976427
1780456775,216.539924
1780456775,218.455712
1780456775,217.262425
1780456775,219.649334
1780456775,203.503129
1780456775,203.828853
1780456775,200.924673
1780456775,196.406588
1780456775,204.873472
1780456775,200.147786
1780456775,196.303832
1780456775,205.853758
1780456775,205.856402
1780456775,200.759246
1780456775,200.806963
1780456775,201.074273
1780456775,207.795027
1780456775,201.506501
1780456775,208.220609
1780456775,208.405544
1780456775,209.945923
1780456775,198.947387
1780456775,202.624356
1780456775,210.465260
1780456775,204.454666
1780456775,210.823624
1780456775,202.870458
1780456775,208.173523
1780456775,201.330539
1780456775,208.492732
1780456775,201.385497
1780456775,209.488258
1780456775,209.580647
1780456775,210.003453
1780456775,203.489669
1780456775,203.742104
1780456775,210.196967
1780456775,204.149439
1780456775,210.717427
1780456775,204.398254
1780456775,212.729261
1780456775,212.453576
1780456775,225.278483
1780456775,212.970209
1780456775,213.684294
1780456775,213.900757
1780456775,213.898735
1780456775,213.111947
1780456775,213.133669
1780456775,220.224794
1780456775,218.654090
1780456775,220.827611
1780456775,221.589416
1780456775,219.817978
1780456775,221.414393
1780456775,222.359386
1780456775,222.215406
1780456775,222.289479
1780456775,222.338633
1780456775,221.199258
1780456775,222.966929
1780456775,223.480940
1780456775,223.275148
1780456775,224.107302
1780456775,223.815480
1780456775,225.048418
1780456775,223.850125
1780456775,224.729423
1780456775,224.571660
1780456775,216.082165
1780456775,224.953452
1780456775,217.779751
1780456775,218.852188
1780456775,221.584481
1780456775,221.615817
1780456775,219.297911
1780456775,219.717290
1780456775,222.484992
1780456775,225.432653
1780456775,222.905527
1780456775,223.444477
1780456775,219.258394
1780456775,220.054279
1780456775,220.210461
1780456775,219.830669
1780456775,220.641817
1780456775,220.545852
1780456775,215.816433
1780456775,219.320724
1780456775,216.383626
1780456775,221.382189
1780456775,228.734323
1780456775,228.058026
1780456775,229.188925
1780456775,234.652431
1780456775,232.791133
1780456775,232.313261
1780456775,237.472654
1780456775,237.839721
1780456775,230.982650
1780456775,223.945907
1780456775,232.699570
1780456775,238.744416
1780456775,235.207134
1780456775,235.089498
1780456775,234.751904
1780456775,226.251547
1780456775,240.068225
1780456775,220.898574
1780456775,222.733052
1780456775,233.581402
1780456775,235.993177
1780456775,241.705325
1780456775,191.821570
1780456775,220.013929
1780456775,202.236741
1780456775,218.561835
1780456775,201.916307
1780456775,204.509572
1780456775,201.627229
1780456775,204.991585
1780456775,203.179556
1780456775,205.779451
1780456775,202.606979
1780456775,207.572334
1780456775,203.138254
1780456775,203.949802
1780456775,204.150665
1780456775,200.837911
1780456775,208.784131
1780456775,203.473945
1780456775,203.999322
1780456775,201.466926
1780456775,209.609418
1780456775,209.914535
1780456775,204.710575
1780456775,205.009966
1780456775,203.022193
1780456775,210.282104
1780456775,205.335424
1780456775,210.687274
1780456775,210.720594
1780456775,211.007271
1780456775,205.975806
1780456775,211.424387
1780456775,206.223117
1780456775,205.776411
1780456775,205.527752
1780456775,206.716494
1780456775,206.298997
1780456775,210.061615
1780456775,207.133404
1780456775,206.748906
1780456775,212.478221
1780456775,247.394340
1780456775,246.537066
1780456775,246.831429
1780456775,251.938101
1780456775,247.174153
1780456775,248.343074
1780456775,253.788721
1780456775,255.560046
1780456775,249.642076
1780456775,255.102371
1780456775,247.577633
1780456775,252.183526
1780456775,248.735176
1780456775,248.829853
1780456775,249.113658
1780456775,249.690412
1780456775,249.519181
1780456775,252.228814
1780456775,254.223905
1780456775,221.282963
1780456775,227.468554
1780456775,224.254190
1780456775,215.945931
1780456775,229.542135
1780456775,217.379731
1780456775,232.433019
1780456775,218.232930
1780456775,233.919310
1780456775,243.455234
1780456775,230.814475
1780456775,220.816582
1780456775,222.583697
1780456775,222.732014
1780456775,234.877681
1780456775,223.517168
1780456775,229.866105
1780456775,223.813685
1780456775,230.525359
1780456775,224.260166
1780456775,234.233616
1780456775,234.339729
1780456775,226.628468
1780456775,235.765233
1780456775,235.923503
1780456775,238.018207
1780456775,227.806343
1780456775,236.313646
1780456775,226.390858
1780456775,245.835493
1780456775,228.320337
1780456775,246.356995
1780456775,228.159702
1780456775,238.790883
1780456775,228.311722
1780456775,237.655509
1780456775,228.662683
1780456775,229.120095
1780456775,229.456825
1780456775,229.527126
1780456775,229.804931
1780456775,234.603185
1780456775,236.008686
1780456775,237.212171
1780456775,242.316152
1780456775,230.438948
1780456775,238.957168
1780456775,239.317505
1780456775,241.179016
1780456775,230.504811
1780456775,241.374995
1780456775,231.144395
1780456775,247.001585
1780456775,234.870468
1780456775,231.526318
1780456775,241.495702
1780456775,235.321287
1780456775,249.600276
1780456775,239.342669
1780456775,250.095015
1780456775,245.052152
1780456775,237.400995
1780456775,243.060892
1780456775,241.359639
1780456775,245.600098
1780456775,240.212631
1780456775,243.287620
1780456775,246.676076
1780456775,246.841490
1780456775,249.192033
1780456775,229.750798
1780456775,229.274538
1780456775,230.092064
1780456775,223.010354
1780456775,223.159858
1780456775,226.200992
1780456775,226.424841
1780456775,227.130379
1780456775,224.568103
1780456775,231.296153
1780456775,231.951919
1780456775,231.280181
1780456775,232.535604
1780456775,232.825431
1780456775,225.269528
1780456775,233.080934
1780456775,234.932454
1780456775,235.489336
1780456775,233.266261
1780456775,235.405486
1780456775,236.352232
1780456775,217.536883
1780456775,228.663534
1780456775,236.884862
1780456775,218.320847
1780456775,240.694847
1780456775,218.545626
1780456775,241.307551
1780456775,220.497709
1780456775,243.207128
1780456775,242.203479
1780456775,242.063415
1780456775,221.357083
1780456775,244.047917
1780456775,244.403775
1780456775,222.164551
1780456775,239.288641
1780456775,239.486247
1780456775,259.976960
1780456775,260.384505
1780456775,267.968949
1780456775,264.619433
1780456775,269.673375
1780456775,212.107550
1780456775,267.001904
1780456775,263.314181
1780456775,211.132164
1780456775,211.551355
1780456775,211.630900
1780456775,211.909859
1780456775,212.247386
1780456775,213.831357
1780456775,214.049381
1780456775,214.373688
1780456775,214.625068
1780456775,214.809990
1780456775,199.945671
1780456775,201.193264
1780456775,215.514863
1780456775,201.497214
1780456775,215.715966
1780456775,215.969376
1780456775,200.872959
1780456775,217.384931
1780456775,200.923653
1780456775,203.932611
1780456775,195.597104
1780456775,202.623937
1780456775,201.640134
1780456775,204.031492
1780456775,204.347169
1780456775,204.409422
1780456775,202.227188
1780456775,204.660811
1780456775,231.952360
1780456775,229.825199
1780456775,229.964573
1780456775,205.240891
1780456775,230.926795
1780456775,203.691794
1780456775,230.850316
1780456775,205.404812
1780456775,231.341089
1780456775,196.698925
1780456775,236.083415
1780456775,205.523569
1780456775,232.278315
1780456775,205.252323
1780456775,209.331317
1780456775,240.086121
1780456775,209.547721
1780456775,231.508810
1780456775,202.805521
1780456775,233.930928
1780456775,203.309832
1780456775,234.005428
1780456775,232.618483
1780456775,203.364342
1780456775,233.513727
1780456775,202.308444
1780456775,233.455590
1780456775,203.353102
1780456775,233.541988
1780456775,203.496076
1780456775,237.832420
1780456775,205.616220
1780456775,237.903090
1780456775,205.522638
1780456775,237.947340
1780456775,203.593780
1780456775,238.004336
1780456775,205.535817
1780456775,243.285477
1780456775,205.719026
1780456775,244.494733
1780456775,207.137615
1780456775,245.474434
1780456775,205.585839
1780456775,244.876532
1780456775,205.640033
1780456775,243.407598
1780456775,208.025683
1780456775,246.885580
1780456775,208.015759
1780456775,208.087958
1780456775,245.859212
1780456775,206.144257
1780456775,246.378863
1780456775,210.058634
1780456775,245.074336
1780456775,203.750115
1780456775,211.981347
1780456775,207.443449
1780456775,211.201178
1780456775,206.196203
1780456775,211.309685
1780456775,212.044870
1780456775,206.062497
1780456775,210.433699
1780456775,209.341129
1780456775,204.789548
1780456775,211.363409
1780456775,204.879584
1780456775,209.509394
1780456775,213.209117
1780456775,206.045499
1780456775,212.980698
1780456775,208.423828
1780456775,212.255946
1780456775,206.218414
1780456775,212.240257
1780456775,209.620223
1780456775,212.222276
1780456775,210.507434
1780456775,213.402993
1780456775,206.643697
1780456775,210.720425
1780456775,212.524645
1780456775,213.436127
1780456775,209.828944
1780456775,206.620712
1780456775,214.612159
1780456775,206.804772
1780456775,213.568941
1780456775,210.490184
1780456775,214.674991
1780456775,214.671487
1780456775,208.081221
1780456775,214.666466
1780456775,210.861813
1780456775,214.907050
1780456775,210.583513
1780456775,215.713995
1780456775,209.973663
1780456775,214.930945
1780456775,211.994796
1780456775,217.076596
1780456775,210.969497
1780456775,212.047131
1780456775,198.614163
1780456775,212.142810
1780456775,217.197297
1780456775,211.137085
1780456775,216.966971
1780456775,212.836616
1780456775,218.404830
1780456775,195.456711
1780456775,191.307992
1780456775,195.446003
1780456775,195.458486
1780456775,215.320494
1780456775,196.116197
1780456775,217.516861
1780456775,215.404310
1780456775,196.256256
1780456775,218.737451
1780456775,196.398173
1780456775,215.423510
1780456775,196.415412
1780456775,216.362461
1780456775,198.683387
1780456775,218.850677
1780456775,217.579377
1780456775,196.730808
1780456775,217.521859
1780456775,197.885995
1780456775,217.756838
1780456775,197.780210
1780456775,219.202420
1780456775,197.978339
1780456775,217.762518
1780456775,197.814700
1780456775,216.589338
1780456775,197.973136
1780456775,217.804911
1780456775,217.848079
1780456775,198.128200
1780456775,198.259545
1780456775,217.835082
1780456775,197.084255
1780456775,219.205994
1780456775,198.657958
1780456775,219.414902
1780456775,199.135458
1780456775,218.106071
1780456775,219.356443
1780456775,199.538244
1780456775,197.078348
1780456775,219.543874
1780456775,198.425179
1780456775,219.425397
1780456775,198.365117
1780456775,219.671653
1780456775,198.354701
1780456775,198.479173
1780456775,232.855295
1780456775,200.783347
1780456775,218.166828
1780456775,218.111342
1780456775,196.900525
1780456775,199.533497
1780456775,198.709752
1780456775,197.419557
1780456775,198.770104
1780456775,197.538216
1780456775,200.010415
1780456775,197.167529
1780456775,198.773639
1780456775,199.959994
1780456775,201.131762
1780456775,206.172711
1780456775,200.222987
1780456775,201.040261
1780456775,206.056867
1780456775,198.701247
1780456775,201.235707
1780456775,201.176943
1780456775,200.218126
1780456775,201.248591
1780456775,206.164542
1780456775,201.324259
1780456775,201.412015
1780456775,206.478443
1780456775,201.324755
1780456775,206.273656
1780456775,201.584626
1780456775,206.380532
1780456775,206.377213
1780456775,198.939519
1780456775,202.431247
1780456775,206.502886
1780456775,202.784418
1780456775,206.500007
1780456775,205.496543
1780456775,203.547664
1780456775,203.522279
1780456775,203.495999
1780456775,203.163513
1780456775,203.202773
1780456775,205.680385
1780456775,208.890898
1780456775,237.977872
1780456775,205.600044
1780456775,204.533249
1780456775,107.167770
1780456775,205.748857
1780456775,108.650620
1780456775,205.689245
1780456775,107.681181
1780456775,107.304398
1780456775,206.439935
1780456775,205.797253
1780456775,109.280553
1780456775,193.110002
1780456775,151.835309
1780456775,188.927147
1780456775,155.576866
1780456775,188.303051
1780456775,159.126318
1780456775,188.296609
1780456775,157.208116
1780456775,188.657882
1780456775,110.105619
1780456775,111.048036
1780456775,188.425176
1780456775,188.342373
1780456775,164.181651
1780456775,188.337815
1780456775,151.910240
1780456775,192.804663
1780456775,109.764075
1780456775,110.809788
1780456775,188.459827
1780456775,159.482259
1780456775,192.278037
1780456775,197.817049
1780456775,164.420399
1780456775,111.031816
1780456775,192.195286
1780456775,164.553010
1780456775,197.948882
1780456775,190.371310
1780456775,188.765332
1780456775,190.815429
1780456775,159.721872
1780456775,164.714639
1780456775,195.253275
1780456775,190.839273
1780456775,164.839064
1780456775,110.778533
1780456775,196.305665
1780456775,112.147870
1780456775,188.402164
1780456775,192.051437
1780456775,112.611687
1780456775,189.836784
1780456775,209.933283
1780456775,196.643389
1780456775,198.659541
1780456775,111.894267
1780456775,196.722541
1780456775,188.916571
1780456775,196.854711
1780456775,176.923348
1780456775,198.829525
1780456775,176.392840
1780456775,198.311891
1780456775,180.892183
1780456775,198.999326
1780456775,183.727908
1780456775,190.205028
1780456775,181.113009
1780456775,190.185089
1780456775,176.746683
1780456775,191.346167
1780456775,183.670463
1780456775,194.395777
1780456775,186.424559
1780456775,192.980988
1780456775,184.544683
1780456775,194.421400
1780456775,187.882445
1780456775,197.020063
1780456775,186.492466
1780456775,187.131248
1780456775,188.916549
1780456775,195.078280
1780456775,179.496309
1780456775,198.527476
1780456775,197.101684
1780456775,197.449912
1780456775,193.988984
1780456775,197.253519
1780456775,184.151517
1780456775,198.713221
1780456775,184.695028
1780456775,198.716774
1780456775,187.263989
1780456775,199.701778
1780456775,194.890106
1780456775,199.556441
1780456775,185.605316
1780456775,196.418531
1780456775,195.516025
1780456775,187.536219
1780456775,194.266625
1780456775,196.388959
1780456775,196.468869
1780456775,189.865669
1780456775,195.048335
1780456775,194.920125
1780456775,195.094864
1780456775,194.917192
1780456775,197.826199
1780456775,189.817275
1780456775,196.562577
1780456775,189.999059
1780456775,196.637479
1780456775,195.098064
1780456775,197.834588
1780456775,190.466110
1780456775,197.793239
1780456775,189.651797
1780456775,197.707534
1780456775,197.754228
1780456775,199.356616
1780456775,197.807588
1780456775,197.918153
1780456775,164.840076
1780456775,196.873732
1780456775,165.337979
1780456775,198.055751
1780456775,165.457372
1780456775,195.240769
1780456775,165.595604
1780456775,165.800648
1780456775,156.152099
1780456775,164.693298
1780456775,194.813101
1780456775,166.008876
1780456775,198.299064
1780456775,185.960742
1780456775,198.284851
1780456775,166.209397
1780456775,195.513442
1780456775,166.993628
1780456775,199.700173
1780456775,166.765612
1780456775,195.623339
1780456775,166.929197
1780456775,199.744026
1780456775,199.924417
1780456775,186.820789
1780456775,199.811195
1780456775,187.110313
1780456775,199.801645
1780456775,167.766983
1780456775,173.212244
1780456775,180.259982
1780456775,174.989591
1780456775,168.302045
1780456775,170.627759
1780456775,174.707880
1780456775,172.221974
1780456775,175.356164
1780456775,171.297176
1780456775,176.221019
1780456775,171.010172
1780456775,175.763950
1780456775,176.132711
1780456775,177.892022
1780456775,171.710950
1780456775,178.142039
1780456775,171.971830
1780456775,178.814017
1780456775,182.708470
1780456775,187.891295
1780456775,179.504089
1780456775,188.022648
1780456775,183.429309
1780456775,176.201549
1780456775,184.374365
1780456775,186.589893
1780456775,173.375228
1780456775,188.170456
1780456775,154.105959
1780456775,182.029877
1780456775,184.608465
1780456775,195.036493
1780456775,159.295661
1780456775,189.095030
1780456775,185.141514
1780456775,195.860412
1780456775,184.972439
1780456775,191.159219
1780456775,161.090997
1780456775,182.843712
1780456775,191.201672
1780456775,160.136425
1780456775,190.807668
1780456775,184.833474
1780456775,196.667583
1780456775,185.739912
1780456775,191.443080
1780456775,161.014051
1780456775,196.847303
1780456775,184.545382
1780456775,196.701151
1780456775,161.157881
1780456775,191.585962
1780456775,186.074472
1780456775,191.572859
1780456775,191.814050
1780456775,163.932098
1780456775,210.349572
1780456775,197.145022
1780456775,162.280822
1780456775,154.977157
1780456775,157.113770
1780456775,162.017115
1780456775,182.221111
1780456775,161.582365
1780456775,162.668714
1780456775,182.056424
1780456775,162.330007
1780456775,155.633575
1780456775,187.154888
1780456775,182.506371
1780456775,163.925874
1780456775,156.906058
1780456775,164.739757
1780456775,157.300759
1780456775,163.717888
1780456775,160.585391
1780456775,163.083290
1780456775,161.534352
1780456775,147.357119
1780456775,147.730248
1780456775,136.475592
1780456775,137.322865
1780456775,148.416246
1780456775,148.005540
1780456775,137.542698
1780456775,161.136184
1780456775,160.645178
1780456775,148.856184
1780456775,138.776743
1780456775,137.092014
1780456775,149.030700
1780456775,137.872490
1780456775,149.257887
1780456775,147.903408
1780456775,153.339690
1780456775,135.010731
1780456775,148.476626
1780456775,138.804694
1780456775,182.210481
1780456775,138.281443
1780456775,150.888691
1780456775,138.484482
1780456775,153.966140
1780456775,140.277746
1780456775,152.131690
1780456775,140.874323
1780456775,154.722747
1780456775,140.197895
1780456775,152.380125
1780456775,140.053904
1780456775,152.601154
1780456775,141.303059
1780456775,141.728939
1780456775,155.019799
1780456775,142.758986
1780456775,151.431242
1780456775,141.634070
1780456775,155.310250
1780456775,143.290338
1780456775,153.079186
1780456775,151.765416
1780456775,161.567734
1780456775,136.353738
1780456775,143.154074
1780456775,153.400085
1780456775,179.063253
1780456775,140.030346
1780456775,152.288058
1780456775,143.849025
1780456775,183.273022
1780456775,153.764586
1780456775,151.244584
1780456775,156.120553
1780456775,141.559494
1780456775,153.876156
1780456775,142.471854
1780456775,156.411461
1780456775,144.665724
1780456775,159.024049
1780456775,144.973095
1780456775,156.977472
1780456775,154.722453
1780456775,181.807955
1780456775,157.597874
1780456775,145.338614
1780456775,154.994259
1780456775,146.090834
1780456775,145.741115
1780456775,157.943735
1780456775,147.775587
1780456775,155.242895
1780456775,158.192267
1780456775,146.646905
1780456775,156.329577
1780456775,182.150503
1780456775,184.413003
1780456775,182.616943
1780456775,171.335899
1780456775,146.119492
1780456775,156.273176
1780456775,147.326491
1780456775,136.840748
1780456775,146.970117
1780456775,148.244216
1780456775,137.458417
1780456775,146.668734
1780456775,119.218229
1780456775,162.621665
1780456775,116.495297
1780456775,147.631224
1780456775,172.221212
1780456775,148.396870
1780456775,120.549459
1780456775,148.726496
1780456775,172.122259
1780456775,147.906785
1780456775,118.394702
1780456775,148.737372
1780456775,175.232443
1780456775,126.053631
1780456775,175.571207
1780456775,126.343907
1780456775,120.168983
1780456775,126.511421
1780456775,119.173816
1780456775,126.707149
1780456775,120.280284
1780456775,126.913975
1780456775,149.370365
1780456775,119.945655
1780456775,149.163373
1780456775,143.729670
1780456775,174.236779
1780456775,150.286321
1780456775,118.901595
1780456775,127.553085
1780456775,120.207980
1780456775,127.819945
1780456775,175.904628
1780456775,151.418095
1780456775,141.494841
1780456775,151.511967
1780456775,172.988653
1780456775,176.508285
1780456775,176.457728
1780456775,128.606468
1780456775,121.417994
1780456775,128.726962
1780456775,176.402599
1780456775,128.931419
1780456775,121.401228
1780456775,129.136503
1780456775,121.852864
1780456775,129.332440
1780456775,122.952943
1780456775,122.203096
1780456775,125.696064
1780456775,124.041683
1780456775,121.072462
1780456775,129.555367
1780456775,124.055954
1780456775,129.815336
1780456775,144.446804
1780456775,177.005001
1780456775,142.728722
1780456775,130.174501
1780456775,144.044184
1780456775,152.029185
1780456775,123.694736
1780456775,152.234734
1780456775,142.170013
1780456775,130.527034
1780456775,124.117111
1780456775,130.836018
1780456775,122.601785
1780456775,130.944023
1780456775,144.412311
1780456775,131.214088
1780456775,126.223181
1780456775,131.368650
1780456775,143.169819
1780456775,152.490854
1780456775,128.612665
1780456775,131.562847
1780456775,124.611037
1780456775,130.800325
1780456775,125.091775
1780456775,131.932439
1780456775,145.869132
1780456775,132.243573
1780456775,125.008566
1780456775,132.863131
1780456775,145.467456
1780456775,132.732456
1780456775,125.608675
1780456775,133.243096
1780456775,125.404502
1780456775,133.141509
1780456775,125.971404
1780456775,133.677436
1780456775,126.067274
1780456775,134.186519
1780456775,146.198323
1780456775,134.637987
1780456775,126.371620
1780456775,135.176397
1780456775,126.761343
1780456775,135.907334
1780456775,127.123641
1780456775,180.713241
1780456775,124.229899
1780456775,181.508291
1780456775,127.029188
1780456775,137.465630
1780456775,127.404016
1780456775,136.383008
1780456775,127.884042
1780456775,135.075328
1780456775,127.625248
1780456775,137.393224
1780456775,149.900751
1780456775,230.811895
1780456775,138.096382
1780456775,244.378709
1780456775,180.949351
1780456775,242.113773
1780456775,142.663775
1780456775,248.696012
1780456775,182.280591
1780456775,111.389739
1780456775,129.820087
1780456775,111.735021
1780456775,114.812412
1780456775,140.710560
1780456775,115.104741
1780456775,149.568404
1780456775,156.011815
1780456775,112.553285
1780456775,117.678940
1780456775,150.252223
1780456775,114.302777
1780456775,140.725848
1780456775,160.526966
1780456775,141.302347
1780456775,142.372210
1780456775,151.294944
1780456775,116.193682
1780456775,114.777402
1780456775,140.443991
1780456775,111.608251
1780456775,158.217242
1780456775,114.855677
1780456775,116.914607
1780456775,142.609859
1780456775,116.406784
1780456775,115.816247
1780456775,150.643933
1780456775,141.402030
1780456775,167.670489
1780456775,218.013943
1780456775,117.224645
1780456775,117.958255
1780456775,156.022265
1780456775,167.878783
1780456775,158.523865
1780456775,115.774358
1780456775,114.264673
1780456775,114.648953
1780456775,121.514320
1780456775,118.641674
1780456775,118.841516
1780456775,106.428374
1780456775,107.131794
1780456775,105.706143
1780456775,106.922223
1780456775,107.389969
1780456775,107.969424
1780456775,108.232555
1780456775,105.116953
1780456775,139.257417
1780456775,105.300249
1780456775,105.821399
1780456775,106.106699
1780456775,106.324721
1780456775,140.017005
1780456775,107.117919
1780456775,107.468457
1780456775,139.677173
1780456775,108.174819
1780456775,106.969145
1780456775,139.233655
1780456775,108.894103
1780456775,139.480412
1780456775,109.145712
1780456775,109.392742
1780456775,114.359600
1780456775,140.732775
1780456775,111.303113
1780456775,141.293928
1780456775,115.472607
1780456775,111.736576
1780456775,110.919252
1780456775,115.216075
1780456775,140.814983
1780456775,112.837022
1780456775,149.027893
1780456775,111.789204
1780456775,112.648464
1780456775,149.043298
1780456775,151.485072
1780456775,114.080050
1780456775,152.311180
1780456775,141.981471
1780456775,149.734028
1780456775,115.430949
1780456775,142.260539
1780456775,149.494600
1780456775,110.549507
1780456775,151.719285
1780456775,114.853714
1780456775,114.111772
1780456775,111.951030
1780456775,105.227665
1780456775,105.694391
1780456775,107.877234
1780456775,104.673965
1780456775,148.510734
1780456775,106.291232
1780456775,106.049752
1780456775,104.526037
1780456775,106.244089
1780456775,105.640976
1780456775,106.652969
1780456775,103.439627
1780456775,108.628382
1780456775,102.547631
1780456775,106.269995
1780456775,107.968268
1780456775,107.874374
1780456775,149.335855
1780456775,105.704739
1780456775,105.296941
1780456775,105.086005
1780456775,104.891908
1780456775,104.660947
1780456775,149.108919
1780456775,103.737102
1780456775,144.193061
1780456775,102.759358
1780456775,107.168552
1780456775,106.845703
1780456775,150.250839
1780456775,146.183606
1780456775,105.904941
1780456775,106.412422
1780456775,103.131092
1780456775,104.884288
1780456775,143.987696
1780456775,104.151957
1780456775,103.923218
1780456775,105.946981
1780456775,103.359060
1780456775,107.527664
1780456775,105.607955
1780456775,107.132139
1780456775,107.412819
1780456775,104.674728
1780456775,103.745007
1780456775,104.625570
1780456775,145.767772
1780456775,145.642566
1780456775,149.174895
1780456775,145.624944
1780456775,149.262904
1780456775,108.266883
1780456775,108.351439
1780456775,108.003494
1780456775,145.443391
1780456775,145.864262
1780456775,149.400353
1780456775,148.777400
1780456775,148.688817
1780456775,148.442652
1780456775,147.879521
1780456775,113.497343
1780456775,106.743273
1780456775,104.119093
1780456775,107.473677
1780456775,158.175286
1780456775,111.199577
1780456775,146.937379
1780456775,111.315075
1780456775,148.317802
1780456775,106.377647
1780456775,106.162526
1780456775,146.660049
1780456775,152.818485
1780456775,148.470046
1780456775,106.440850
1780456775,105.733527
1780456775,106.364737
1780456775,105.973759
1780456775,105.453457
1780456775,111.125661
1780456775,104.992224
1780456775,106.290151
1780456775,150.335229
1780456775,148.736784
1780456775,150.329521
1780456775,106.205317
1780456775,148.670029
1780456775,107.946365
1780456775,104.764622
1780456775,153.779414
1780456775,154.796033
1780456775,105.528645
1780456775,150.345314
1780456775,148.813764
1780456775,106.672771
1780456775,154.463286
1780456775,111.719337
1780456775,119.784729
1780456775,104.951381
1780456775,109.205125
1780456775,150.178028
1780456775,140.157475
1780456775,153.922862
1780456775,111.548682
1780456775,109.924462
1780456775,151.114543
1780456775,110.251530
1780456775,109.486248
1780456775,140.879881
1780456775,109.554668
1780456775,108.861040
1780456775,108.799600
1780456775,112.942751
1780456775,108.064037
1780456775,107.722079
1780456775,107.331218
1780456775,105.990980
1780456775,150.924718
1780456775,107.018743
1780456775,151.223682
1780456775,105.958318
1780456775,151.597786
1780456775,107.017619
1780456775,143.912708
1780456775,107.851658
1780456775,118.721399
1780456775,103.136994
1780456775,105.406590
1780456775,107.158332
1780456775,104.549245
1780456775,106.356900
1780456775,151.727090
1780456775,106.194286
1780456775,151.699479
1780456775,105.178726
1780456775,105.617146
1780456775,104.842212
1780456775,145.352567
1780456775,102.430956
1780456775,145.425687
1780456775,104.905475
1780456775,145.260617
1780456775,105.467998
1780456775,132.151915
1780456775,103.098698
1780456775,144.493194
1780456775,104.121875
1780456775,132.012779
1780456775,142.133545
1780456775,130.772279
1780456775,143.885386
1780456775,131.135749
1780456775,142.286842
1780456775,130.352868
1780456775,103.739104
1780456775,103.497743
1780456775,130.632768
1780456775,105.413659
1780456775,103.777219
1780456775,105.840897
1780456775,103.647008
1780456775,130.109068
1780456775,137.226697
1780456775,105.415740
1780456775,102.385102
1780456775,134.180902
1780456775,102.466377
1780456775,105.512315
1780456775,129.219514
1780456775,106.464480
1780456775,106.209086
1780456775,103.014044
1780456775,102.707576
1780456775,103.355400
1780456775,105.735390
1780456775,127.878362
1780456775,132.945138
1780456775,130.729466
1780456775,126.567348
1780456775,105.964144
1780456775,133.504303
1780456775,106.731066
1780456775,106.160712
1780456775,133.975090
1780456775,125.610930
1780456775,104.349004
1780456775,134.256701
1780456775,134.314907
1780456775,103.986772
1780456775,127.695537
1780456775,104.040091
1780456775,128.467679
1780456775,104.397612
1780456775,134.759994
1780456775,104.561204
1780456775,103.949412
1780456775,105.498990
1780456775,126.319008
1780456775,107.715136
1780456775,107.306393
1780456775,103.959240
1780456775,105.456318
1780456775,107.279238
1780456775,104.427378
1780456775,135.319919
1780456775,104.106231
1780456775,103.655725
1780456775,130.967641
1780456775,102.880523
1780456775,135.479014
1780456775,102.882995
1780456775,103.753710
1780456775,132.206569
1780456775,102.740834
1780456775,103.666147
1780456775,102.744485
1780456775,102.594465
1780456775,106.920569
1780456775,105.138019
1780456775,103.724134
1780456775,103.634007
1780456775,102.992873
1780456775,103.831621
1780456775,103.683933
1780456775,103.998743
1780456775,103.639140
1780456775,103.556062
1780456775,103.524469
1780456775,102.954584
1780456775,102.786978
1780456775,102.680916
1780456775,103.146261
1780456775,102.417409
1780456775,102.856713
1780456775,102.749506
1780456775,103.016343
1780456775,103.077909
1780456775,103.563567
1780456775,101.920399
1780456775,103.387401
1780456775,103.136090
1780456775,103.031864
1780456775,102.870361
1780456775,133.310527
1780456775,131.966577
1780456775,131.646811
1780456775,131.479502
1780456775,102.419582
1780456775,128.684520
1780456775,128.469136
1780456775,127.899455
1780456775,128.451198
1780456775,127.913431
1780456775,128.261474
1780456775,125.244616
1780456775,126.647557
1780456775,127.307589
1780456775,126.071367
1780456775,126.017403
1780456775,126.502177
1780456775,123.869822
1780456775,123.749248
1780456775,122.657623
1780456775,127.217459
1780456775,102.749223
1780456775,127.689748
1780456775,124.439240
1780456775,102.784740
1780456775,124.767059
1780456775,124.399376
1780456775,104.245304
1780456775,104.827114
1780456775,104.875944
1780456775,104.856030
1780456775,104.401848
1780456775,104.500720
1780456775,105.065596
1780456775,105.250900
1780456775,104.650682
1780456775,105.165278
1780456775,106.750347
1780456775,105.849731
1780456775,106.650627
1780456775,105.726450
1780456775,105.961188
1780456775,106.523090
1780456775,106.662701
1780456775,115.536060
1780456775,106.395120
1780456775,107.069075
1780456775,101.565281
1780456775,102.440900
1780456775,101.491702
1780456775,220.011778
1780456775,102.318522
1780456775,102.343134
1780456775,220.217952
1780456775,102.367601
1780456775,102.907707
1780456775,220.320214
1780456775,102.406072
1780456775,102.403681
1780456775,102.884461
1780456775,102.574461
1780456775,221.296597
1780456775,102.507405
1780456775,103.210467
1780456775,102.656845
1780456775,102.889255
1780456775,102.691337
1780456775,103.559401
1780456775,222.794126
1780456775,103.109964
1780456775,103.502035
1780456775,102.845410
1780456775,105.423958
1780456775,224.474924
1780456775,224.193655
1780456775,105.583929
1780456775,224.420199
1780456775,102.924881
1780456775,105.402838
1780456775,105.331794
1780456775,103.009943
1780456775,224.915768
1780456775,225.463434
1780456775,105.352883
1780456775,104.897317
1780456775,104.718595
1780456775,104.459134
1780456775,103.508366
1780456775,225.783940
1780456775,104.040376
1780456775,103.958972
1780456775,226.579875
1780456775,226.824059
1780456775,102.613733
1780456775,103.603248
1780456775,104.067848
1780456775,227.159225
1780456775,103.617819
1780456775,227.382107
1780456775,227.590863
1780456775,103.575328
1780456775,103.166773
1780456775,102.977759
1780456775,102.967482
1780456775,228.503591
1780456775,228.603875
1780456775,103.622847
1780456775,102.661601
1780456775,102.778117
1780456775,103.098068
1780456775,102.617836
1780456775,240.733148
1780456775,103.368352
1780456775,102.985025
1780456775,241.501678
1780456775,102.786026
1780456775,102.717861
1780456775,241.825937
1780456775,102.865306
1780456775,102.776620
1780456775,242.270189
1780456775,242.406614
1780456775,102.714573
1780456775,102.765454
1780456775,102.644136
1780456775,102.849757
1780456775,242.899072
1780456775,102.839699
1780456775,102.714120
1780456775,102.830938
1780456775,102.666874
1780456775,102.709647
1780456775,243.305765
1780456775,103.447875
1780456775,103.303439
1780456775,103.053759
1780456775,243.936456
1780456775,103.277854
1780456775,103.757694
1780456775,103.237022
1780456775,103.629152
1780456775,103.389407
1780456775,241.098885
1780456775,103.487320
1780456775,240.815112
1780456775,109.322732
1780456775,103.774810
1780456775,131.624241
1780456775,104.350117
1780456775,241.213897
1780456775,240.328727
1780456775,102.834113
1780456775,103.978396
1780456775,240.364156
1780456775,240.470940
1780456775,104.134989
1780456775,240.985348
1780456775,113.824270
1780456775,125.595521
1780456775,116.486120
1780456775,259.836639
1780456775,259.820204
1780456775,122.118703
1780456775,122.452246
1780456775,121.840968
1780456775,260.204277
1780456775,123.124692
1780456775,109.479890
1780456775,112.741143
1780456775,108.410070
1780456775,108.311422
1780456775,109.675663
1780456775,110.265820
1780456775,114.544688
1780456775,104.130578
1780456775,113.905967
1780456775,114.397068
1780456775,115.247653
1780456775,116.576488
1780456775,116.255792
1780456775,117.065476
1780456775,117.036850
1780456775,116.723649
1780456775,104.427238
1780456775,114.460297
1780456775,118.471420
1780456775,105.192027
1780456775,112.075152
1780456775,105.152441
1780456775,105.233780
1780456775,112.050765
1780456775,105.260657
1780456775,112.042305
1780456775,112.839394
1780456775,112.046244
1780456775,114.523609
1780456775,105.379045
1780456775,112.180878
1780456775,108.150797
1780456775,113.419334
1780456775,113.539396
1780456775,113.382446
1780456775,113.564583
1780456775,113.665085
1780456775,111.037520
1780456775,112.274133
1780456775,113.719653
1780456775,111.140583
1780456775,113.597670
1780456775,112.410404
1780456775,126.077985
1780456775,125.911068
1780456775,125.350354
1780456775,124.362426
1780456775,122.117219
1780456775,124.140867
1780456775,121.349815
1780456775,120.824770
1780456775,121.602870
1780456775,119.343676
1780456775,117.590117
1780456775,121.452158
1780456775,120.158664
1780456775,122.169959
1780456775,120.126159
1780456775,121.906457
1780456775,116.445922
1780456775,110.593837
1780456775,110.622836
1780456775,117.885037
1780456775,120.334135
1780456775,117.732024
1780456775,108.064220
1780456775,120.359693
1780456775,106.756494
1780456775,110.207536
1780456775,116.766064
1780456775,121.303922
1780456775,116.752793
1780456775,111.719158
1780456775,117.983459
1780456775,144.196659
1780456775,132.004207
1780456775,142.810737
1780456775,132.227389
1780456775,140.491365
1780456775,122.398947
1780456775,144.306482
1780456775,123.522199
1780456775,125.515682
1780456775,125.740705
1780456775,123.889371
1780456775,125.764358
1780456775,114.520551
1780456775,130.058638
1780456775,114.009687
1780456775,129.898369
1780456775,114.050312
1780456775,122.565658
1780456775,130.421108
1780456775,110.047451
1780456775,112.235033
1780456775,122.685540
1780456775,111.899299
1780456775,122.767701
1780456775,112.885219
1780456775,122.749484
1780456775,108.462478
1780456775,111.272853
1780456775,109.495751
1780456775,124.016031
1780456775,112.357226
1780456775,124.282249
1780456775,116.497915
1780456775,117.133454
1780456775,111.693506
1780456775,107.788059
1780456775,108.409330
1780456775,115.160350
1780456775,108.491595
1780456775,122.819954
1780456775,120.394186
1780456775,121.716539
1780456775,117.681340
1780456775,109.242269
1780456775,110.996552
1780456775,109.307707
1780456775,109.287853
1780456775,107.563567
1780456775,120.580832
1780456775,107.512130
1780456775,114.673393
1780456775,110.799631
1780456775,114.594701
1780456775,108.166721
1780456775,108.164437
1780456775,109.914768
1780456775,112.614666
1780456775,104.585734
1780456775,112.628084
1780456775,126.402018
1780456775,125.101732
1780456775,125.076651
1780456775,125.254225
1780456775,126.408915
1780456775,126.482444
1780456775,125.266362
1780456775,125.346906
1780456775,125.181603
1780456775,126.630847
1780456775,113.217098
1780456775,110.552312
1780456775,104.346751
1780456775,111.440349
1780456775,125.388148
1780456775,112.687053
1780456775,126.693823
1780456775,113.258226
1780456775,126.668208
1780456775,116.367795
1780456775,112.737325
1780456775,111.723889
1780456775,104.070641
1780456775,111.438065
1780456775,111.928252
1780456775,111.829068
1780456775,111.230343
1780456775,114.108798
1780456775,114.612575
1780456775,103.659672
1780456775,113.904220
1780456775,106.732490
1780456775,106.808798
1780456775,107.058275
1780456775,112.891070
1780456775,103.063788
1780456775,102.772319
1780456775,110.828973
1780456775,110.973602
1780456775,109.536721
1780456775,104.397337
1780456775,102.408253
1780456775,108.683939
1780456775,109.495679
1780456775,108.748844
1780456775,109.349180
1780456775,117.249320
1780456775,105.521341
1780456775,105.521304
1780456775,108.587229
1780456775,105.822819
1780456775,110.161150
1780456775,105.777193
1780456775,104.439223
1780456775,118.456982
1780456775,108.789910
1780456775,108.441403
1780456775,106.269534
1780456775,117.546477
1780456775,118.646986
1780456775,111.033845
1780456775,106.431734
1780456775,105.926385
1780456775,106.201144
1780456775,105.417091
1780456775,104.936799
1780456775,104.989621
1780456775,105.441450
1780456775,104.978593
1780456775,105.525706
1780456775,104.968064
1780456775,105.617701
1780456775,102.951866
1780456775,102.864763
1780456775,104.379503
1780456775,105.338737
1780456775,103.282491
1780456775,104.662814
1780456775,102.565312
1780456775,102.775138
1780456775,102.718916
1780456775,104.078543
1780456775,103.295789
1780456775,103.455545
1780456775,105.917543
1780456775,105.961685
1780456775,104.995275
1780456775,102.568339
1780456775,102.784899
1780456775,105.350467
1780456775,104.386129
1780456775,105.895339
1780456775,103.740757
1780456775,106.232503
1780456775,104.213209
1780456775,106.682338
1780456775,106.761319
1780456775,105.666058
1780456775,103.030814
1780456775,105.800215
1780456775,106.028368
1780456775,103.746465
1780456775,102.599845
1780456775,105.593243
1780456775,103.150390
1780456775,104.568744
1780456775,103.187725
1780456775,103.315217
1780456775,104.641765
1780456775,102.405966
1780456775,103.677291
1780456775,102.665903
1780456775,102.851561
1780456775,102.919765
1780456775,103.061259
1780456775,103.074278
1780456775,103.468825
1780456775,102.635506
1780456775,102.676280
1780456775,105.307123
1780456775,102.922089
1780456775,105.513317
1780456775,103.152562
1780456775,103.490409
1780456775,105.995364
1780456775,102.492219
1780456775,106.239789
1780456775,134.865486
1780456775,133.417931
1780456775,137.099194
1780456775,123.087426
1780456775,106.554448
1780456775,127.376154
1780456775,129.398799
1780456775,130.313865
1780456775,103.052509
1780456775,109.338558
1780456775,134.517793
1780456775,109.324809
1780456775,116.461017
1780456775,135.763180
1780456775,109.506750
1780456775,136.143367
1780456775,126.927371
1780456775,117.878601
1780456775,115.582434
1780456775,126.926129
1780456775,126.898272
1780456775,137.494679
1780456775,138.284379
1780456775,117.526907
1780456775,108.438629
1780456775,117.819904
1780456775,108.500369
1780456775,119.020908
1780456775,116.792661
1780456775,108.501597
1780456775,106.098930
1780456775,108.513260
1780456775,108.648304
1780456775,110.042313
1780456775,101.437035
1780456775,108.768484
1780456775,108.779665
1780456775,102.586974
1780456775,104.014222
1780456775,104.025421
1780456775,105.137425
1780456775,103.954332
1780456775,105.163470
1780456775,103.801932
1780456775,104.056677
1780456775,106.016669
1780456775,103.816115
1780456775,104.888161
1780456775,102.419374
1780456775,103.241547
1780456775,103.042467
1780456775,102.835052
1780456775,103.266744
1780456775,103.447254
1780456775,102.861867
1780456775,103.713399
1780456775,103.987880
1780456775,103.550761
1780456775,104.440102
1780456775,102.960709
1780456775,102.627323
1780456775,103.501929
1780456775,103.393329
1780456775,102.715464
1780456775,103.160123
1780456775,102.607784
1780456775,102.700914
1780456775,103.020697
1780456775,102.402754
1780456775,103.002793
1780456775,102.902421
1780456775,103.077888
1780456775,103.212716
1780456775,103.280397
1780456775,102.895641
1780456775,102.894571
1780456775,103.199977
1780456775,103.952368
1780456775,102.374638
1780456775,104.054102
1780456775,103.757241
1780456775,102.702928
1780456775,103.934055
1780456775,102.635760
1780456775,103.036263
1780456775,102.958274
1780456775,102.713003
1780456775,103.111136
1780456775,102.889780
1780456775,102.726629
1780456775,102.621837
1780456775,102.550004
1780456775,102.586725
1780456775,103.128879
1780456775,102.914182
1780456775,102.882513
1780456775,102.490123
1780456775,102.369551
1780456775,102.517028
1780456775,102.393913
1780456775,103.230010
1780456775,103.218954
1780456775,102.496694
1780456775,102.770031
1780456775,102.697916
1780456775,103.607364
1780456775,102.638264
1780456775,102.845492
1780456775,103.908385
1780456775,102.741993
1780456775,103.159487
1780456775,104.023377
1780456775,102.981205
1780456775,102.854880
1780456775,104.404389
1780456775,103.205690
1780456775,102.554384
1780456775,103.268872
1780456775,104.709857
1780456775,103.866356
1780456775,102.741284
1780456775,103.422848
1780456775,103.014902
1780456775,102.613119
1780456775,103.216802
1780456775,103.637919
1780456775,102.647716
1780456775,102.757092
1780456775,104.424062
1780456775,103.022925
1780456775,103.575054
1780456775,102.732114
1780456775,103.244361
1780456775,103.822562
1780456775,102.971117
1780456775,102.907602
1780456775,104.524529
1780456775,102.879230
1780456775,102.930286
1780456775,102.903735
1780456775,103.101119
1780456775,103.276471
1780456775,103.199168
1780456775,103.044614
1780456775,102.778610
1780456775,101.494813
1780456775,103.502137
1780456775,102.429961
1780456775,102.891787
1780456775,102.450830
1780456775,102.856414
1780456775,102.778288
1780456775,103.733776
1780456775,103.727803
1780456775,103.736198
1780456775,102.893042
1780456775,103.135181
1780456775,103.785649
1780456775,103.256775
1780456775,103.139231
1780456775,102.992751
1780456775,102.964921
1780456775,103.131446
1780456775,103.123346
1780456775,103.404783
1780456775,109.427711
1780456775,103.201563
1780456775,102.975410
1780456775,103.544352
1780456775,109.888263
1780456775,103.140994
1780456775,103.442197
1780456775,110.081949
1780456775,102.891553
1780456775,103.569396
1780456775,110.090838
1780456775,110.112624
1780456775,103.518095
1780456775,103.069967
1780456775,110.244878
1780456775,103.746066
1780456775,103.756338
1780456775,110.820044
1780456775,103.951570
1780456775,103.836202
1780456775,110.673947
1780456775,111.088321
1780456775,103.782840
1780456775,111.313670
1780456775,104.360303
1780456775,111.571287
1780456775,104.072800
1780456775,111.642177
1780456775,103.941479
1780456775,112.007879
1780456775,111.574711
1780456775,104.367261
1780456775,104.341420
1780456775,104.260435
1780456775,104.339857
1780456775,104.823782
1780456775,105.377184
1780456775,112.663436
1780456775,112.862798
1780456775,112.711812
1780456775,112.768723
1780456775,112.633365
1780456775,112.817408
1780456775,113.210626
1780456775,105.499886
1780456775,105.626478
1780456775,105.466274
1780456775,106.036573
1780456775,105.736023
1780456775,105.829307
1780456775,113.515492
1780456775,106.560313
1780456775,113.645797
1780456775,113.993351
1780456775,113.815144
1780456775,106.467708
1780456775,103.743011
1780456775,106.219046
1780456775,106.366539
1780456775,114.214331
1780456775,107.342733
1780456775,105.966111
1780456775,109.259462
1780456775,107.053438
1780456775,105.611987
1780456775,114.466151
1780456775,107.223975
1780456775,107.247217
1780456775,110.318366
1780456775,106.517301
1780456775,105.330060
1780456775,110.110744
1780456775,105.006885
1780456775,107.356565
1780456775,115.740965
1780456775,115.958408
1780456775,115.850828
1780456775,115.907899
1780456775,116.211963
1780456775,104.975279
1780456775,107.920685
1780456775,108.418505
1780456775,106.841695
1780456775,108.460658
1780456775,110.780712
1780456775,107.651832
1780456775,106.452799
1780456775,116.665563
1780456775,108.822041
1780456775,111.832683
1780456775,106.286412
1780456775,107.602626
1780456775,111.961479
1780456775,110.032731
1780456775,108.858952
1780456775,112.662076
1780456775,110.234199
1780456775,112.630086
1780456775,109.879090
1780456775,112.274724
1780456775,111.914011
1780456775,108.923423
1780456775,112.327224
1780456775,109.912722
1780456775,110.385771
1780456775,106.811982
1780456775,118.495557
1780456775,113.024702
1780456775,110.683348
1780456775,118.515504
1780456775,110.712372
1780456775,110.372221
1780456775,109.254313
1780456775,113.939942
1780456775,108.615887
1780456775,113.122676
1780456775,113.373298
1780456775,112.334563
1780456775,111.415365
1780456775,111.433294
1780456775,120.384310
1780456775,114.470085
1780456775,108.817573
1780456775,114.524519
1780456775,110.545303
1780456775,108.919341
1780456775,111.726115
1780456775,111.686373
1780456775,109.763569
1780456775,113.155618
1780456775,114.138208
1780456775,109.312094
1780456775,112.235190
1780456775,111.890056
1780456775,116.458245
1780456775,113.810540
1780456775,115.318065
1780456775,116.304768
1780456775,113.275965
1780456775,113.342284
1780456775,115.308067
1780456775,116.188903
1780456775,110.096437
1780456775,121.548434
1780456775,113.282567
1780456775,110.562026
1780456775,121.584955
1780456775,110.884430
1780456775,113.671687
1780456775,110.493061
1780456775,111.784455
1780456775,110.650053
1780456775,113.526638
1780456775,122.044734
1780456775,112.938123
1780456775,112.973963
1780456775,122.427739
1780456775,117.043151
1780456775,114.957444
1780456775,116.839058
1780456775,118.362397
1780456775,114.922042
1780456775,116.237517
1780456775,114.886983
1780456775,122.731699
1780456775,114.954185
1780456775,113.905111
1780456775,123.371237
1780456775,111.629893
1780456775,114.945767
1780456775,113.001829
1780456775,114.984402
1780456775,114.672749
1780456775,115.160514
1780456775,113.014834
1780456775,111.190533
1780456775,110.883017
1780456775,116.932267
1780456775,116.843481
1780456775,113.472658
1780456775,114.114820
1780456775,116.279823
1780456775,114.294305
1780456775,124.195685
1780456775,120.061980
1780456775,116.467609
1780456775,120.508909
1780456775,114.882780
1780456775,111.390438
1780456775,116.065540
1780456775,117.279221
1780456775,120.352344
1780456775,115.245343
1780456775,117.107315
1780456775,114.254380
1780456775,120.546862
1780456775,114.932727
1780456775,117.246398
1780456775,121.523271
1780456775,125.668588
1780456775,125.389379
1780456775,120.999761
1780456775,117.777242
1780456775,114.939838
1780456775,117.460275
1780456775,126.104806
1780456775,117.549238
1780456775,125.889176
1780456775,126.316360
1780456775,121.418004
1780456775,122.257814
1780456775,117.441691
1780456775,118.542306
1780456775,113.412439
1780456775,126.799371
1780456775,122.741791
1780456775,126.903989
1780456775,118.718713
1780456775,118.512637
1780456775,121.882827
1780456775,118.019172
1780456775,119.096066
1780456775,117.706911
1780456775,122.288767
1780456775,127.535451
1780456775,123.522530
1780456775,119.244689
1780456775,123.085529
1780456775,127.535527
1780456775,124.357848
1780456775,123.481355
1780456775,127.672952
1780456775,124.659389
1780456775,119.590428
1780456775,114.600337
1780456775,119.484302
1780456775,124.626204
1780456775,119.220952
1780456775,124.185427
1780456775,120.141930
1780456775,124.038766
1780456775,125.185477
1780456775,119.621984
1780456775,129.040129
1780456775,124.336292
1780456775,124.196671
1780456775,115.987844
1780456775,124.417953
1780456775,129.606823
1780456775,122.363438
1780456775,122.569684
1780456775,117.248854
1780456775,120.533359
1780456775,130.037109
1780456775,127.292439
1780456775,121.522586
1780456775,130.798650
1780456775,126.725668
1780456775,121.496667
1780456775,120.785244
1780456775,129.507772
1780456775,122.129853
1780456775,122.121067
1780456775,124.582091
1780456775,130.686261
1780456775,130.253338
1780456775,121.062148
1780456775,129.563808
1780456775,123.043547
1780456775,127.884575
1780456775,118.076419
1780456775,129.692107
1780456775,125.498130
1780456775,122.788651
1780456775,130.734476
1780456775,130.840682
1780456775,133.247764
1780456775,122.930300
1780456775,124.439786
1780456775,129.571424
1780456775,130.681667
1780456775,129.140870
1780456775,133.785452
1780456775,123.581841
1780456775,126.452849
1780456775,131.320273
1780456775,134.489073
1780456775,125.233114
1780456775,132.179364
1780456775,127.569262
1780456775,125.948923
1780456775,132.316745
1780456775,130.911541
1780456775,130.785720
1780456775,121.565345
1780456775,127.298285
1780456775,124.835050
1780456775,132.515733
1780456775,130.765904
1780456775,131.614408
1780456775,132.603920
1780456775,126.399931
1780456775,122.075575
1780456775,131.054051
1780456775,135.790812
1780456775,125.355719
1780456775,131.196035
1780456775,136.324676
1780456775,131.237785
1780456775,133.554353
1780456775,130.769702
1780456775,137.105988
1780456775,135.691067
1780456775,125.267394
1780456775,123.481070
1780456775,131.458535
1780456775,126.298801
1780456775,133.244143
1780456775,130.867945
1780456775,136.614490
1780456775,123.648778
1780456775,126.765477
1780456775,137.022594
1780456775,132.106819
1780456775,129.229212
1780456775,136.751715
1780456775,136.626850
1780456775,134.831436
1780456775,132.010131
1780456775,132.267224
1780456775,136.879756
1780456775,131.485085
1780456775,136.684421
1780456775,128.048088
1780456775,137.769997
1780456775,137.204309
1780456775,140.117616
1780456775,133.551501
1780456775,132.618816
1780456775,140.825110
1780456775,129.414285
1780456775,129.392439
1780456775,131.719024
1780456775,131.232578
1780456775,131.755164
1780456775,125.910560
1780456775,130.904793
1780456775,138.835566
1780456775,137.299420
1780456775,133.166706
1780456775,134.019570
1780456775,125.417597
1780456775,133.981512
1780456775,137.707850
1780456775,138.824220
1780456775,130.808291
1780456775,139.117240
1780456775,138.017078
1780456775,133.736216
1780456775,134.043989
1780456775,127.161491
1780456775,139.302085
1780456775,142.110861
1780456775,142.570118
1780456775,134.206746
1780456775,129.214849
1780456775,135.910635
1780456775,135.924708
1780456775,138.719441
1780456775,142.387104
1780456775,142.465360
1780456775,134.407617
1780456775,142.645698
1780456775,140.992040
1780456775,143.013917
1780456775,142.813241
1780456775,140.303656
1780456775,135.205574
1780456775,143.218284
1780456775,141.275954
1780456775,140.569125
1780456775,143.220482
1780456775,140.535144
1780456775,141.554351
1780456775,138.876097
1780456775,140.357039
1780456775,137.068066
1780456775,135.828598
1780456775,144.840833
1780456775,136.705279
1780456775,144.282572
1780456775,131.590071
1780456775,144.955420
1780456775,144.470502
1780456775,142.362123
1780456775,144.711711
1780456775,138.691240
1780456775,136.787913
1780456775,140.366879
1780456775,142.522052
1780456775,146.094894
1780456775,145.059885
1780456775,136.961990
1780456775,136.437595
1780456775,146.566873
1780456775,145.708598
1780456775,146.983630
1780456775,140.926164
1780456775,138.125746
1780456775,140.417837
1780456775,139.599006
1780456775,147.704762
1780456775,132.902033
1780456775,138.547810
1780456775,146.143946
1780456775,145.768148
1780456775,141.278578
1780456775,138.364739
1780456775,148.189532
1780456775,145.444086
1780456775,146.974457
1780456775,142.234149
1780456775,145.560862
1780456775,139.228369
1780456775,134.326489
1780456775,146.097063
1780456775,147.169082
1780456775,149.077826
1780456775,136.312498
1780456775,141.178647
1780456775,146.818089
1780456775,139.715294
1780456775,134.399874
1780456775,139.744275
1780456775,149.999378
1780456775,145.757019
1780456775,141.768078
1780456775,146.039865
1780456775,140.891294
1780456775,146.174917
1780456775,149.832350
1780456775,145.540748
1780456775,145.726835
1780456775,146.585383
1780456775,141.674042
1780456775,144.872129
1780456775,148.344034
1780456775,148.214461
1780456775,144.910016
1780456775,140.958083
1780456775,148.390560
1780456775,136.518480
1780456775,151.426730
1780456775,136.448838
1780456775,144.436030
1780456775,143.480691
1780456775,147.094663
1780456775,150.028548
1780456775,150.616603
1780456775,150.223248
1780456775,149.695668
1780456775,149.675607
1780456775,140.745960
1780456775,148.272927
1780456775,149.486084
1780456775,150.664703
1780456775,151.120033
1780456775,150.714946
1780456775,134.255246
1780456775,150.047336
1780456775,146.247145
1780456775,152.684894
1780456775,149.083712
1780456775,143.436314
1780456775,151.355550
1780456775,151.539239
1780456775,146.677148
1780456775,139.244593
1780456775,140.919195
1780456775,151.940716
1780456775,151.797582
1780456775,150.637529
1780456775,140.517609
1780456775,136.177459
1780456775,139.144935
1780456775,141.211269
1780456775,153.017065
1780456775,153.387800
1780456775,146.199026
1780456775,153.268819
1780456775,142.276027
1780456775,138.930648
1780456775,153.976033
1780456775,145.762757
1780456775,148.181041
1780456775,152.305717
1780456775,137.178473
1780456775,156.052859
1780456775,155.793081
1780456775,155.671250
1780456775,154.522478
1780456775,145.908979
1780456775,139.583659
1780456775,154.765494
1780456775,137.635523
1780456775,156.830935
1780456775,146.183250
1780456775,154.014453
1780456775,155.129806
1780456775,137.009579
1780456775,157.133627
1780456775,133.341825
1780456775,154.512773
1780456775,146.825114
1780456775,155.633673
1780456775,156.269071
1780456775,156.171563
1780456775,147.803424
1780456775,147.963689
1780456775,158.047580
1780456775,147.960115
1780456775,158.540805
1780456775,146.972659
1780456775,152.650473
1780456775,157.907216
1780456775,151.639871
1780456775,156.362537
1780456775,146.961595
1780456775,151.286821
1780456775,141.720181
1780456775,151.871632
1780456775,158.843669
1780456775,147.466793
1780456775,152.645431
1780456775,158.632671
1780456775,152.925150
1780456775,159.476508
1780456775,154.503000
1780456775,158.703206
1780456775,145.896811
1780456775,152.307111
1780456775,160.692548
1780456775,153.282672
1780456775,136.243052
1780456775,159.311521
1780456775,153.918792
1780456775,152.854613
1780456775,158.685270
1780456775,160.572370
1780456775,152.941921
1780456775,155.586684
1780456775,134.829360
1780456775,155.384624
1780456775,135.042522
1780456775,160.764213
1780456775,163.790224
1780456775,134.286615
1780456775,161.254266
1780456775,134.646339
1780456775,155.142967
1780456775,155.225876
1780456775,152.696470
1780456775,161.978394
1780456775,156.161379
1780456775,152.957132
1780456775,135.481794
1780456775,141.708847
1780456775,157.818320
1780456775,140.560188
1780456775,136.473833
1780456775,157.914461
1780456775,157.595444
1780456775,157.976877
1780456775,158.561429
1780456775,164.495393
1780456775,140.693922
1780456775,159.168501
1780456775,165.040506
1780456775,160.022131
1780456775,149.042780
1780456775,159.774649
1780456775,159.883068
1780456775,159.589600
1780456775,148.844728
1780456775,159.239741
1780456775,165.619021
1780456775,144.556570
1780456775,157.793334
1780456775,145.951209
1780456775,152.985508
1780456775,144.778164
1780456775,166.406962
1780456775,152.701793
1780456775,159.715226
1780456775,158.960201
1780456775,146.504948
1780456775,153.131753
1780456775,168.536084
1780456775,145.143181
1780456775,157.779557
1780456775,160.674144
1780456775,161.128113
1780456775,160.887961
1780456775,167.865904
1780456775,151.757475
1780456775,168.382178
1780456775,158.046913
1780456775,159.081633
1780456775,145.319267
1780456775,153.300501
1780456775,155.252711
1780456775,153.475301
1780456775,168.690876
1780456775,170.228589
1780456775,159.327222
1780456775,158.691493
1780456775,168.797450
1780456775,167.527851
1780456775,162.118959
1780456775,161.645235
1780456775,141.946498
1780456775,155.273332
1780456775,169.262706
1780456775,169.421455
1780456775,169.314175
1780456775,162.238976
1780456775,162.060071
1780456775,142.834191
1780456775,155.761223
1780456775,161.583182
1780456775,169.840050
1780456775,162.384701
1780456775,143.706003
1780456775,140.644044
1780456775,142.001545
1780456775,172.314302
1780456775,172.159227
1780456775,153.211812
1780456775,172.405821
1780456775,162.931261
1780456775,173.000474
1780456775,165.961940
1780456775,172.395220
1780456775,165.024391
1780456775,165.584521
1780456775,153.521376
1780456775,166.938025
1780456775,175.168023
1780456775,173.733445
1780456775,165.209361
1780456775,153.425805
1780456775,157.428873
1780456775,153.521083
1780456775,174.772284
1780456775,154.014959
1780456775,155.620524
1780456775,154.058238
1780456775,176.848738
1780456775,168.154366
1780456775,177.084314
1780456775,169.106981
1780456775,175.336328
1780456775,177.377048
1780456775,149.523606
1780456775,169.182741
1780456775,153.680321
1780456775,149.621074
1780456775,152.450202
1780456775,143.172729
1780456775,144.930689
1780456775,143.414765
1780456775,149.009716
1780456775,141.978175
1780456775,150.418792
1780456775,150.400697
1780456775,148.917123
1780456775,141.728186
1780456775,150.694053
1780456775,127.179167
1780456775,139.446641
1780456775,130.088322
1780456775,149.226637
1780456775,154.693283
1780456775,170.595009
1780456775,127.972625
1780456775,149.508232
1780456775,170.858106
1780456775,151.165873
1780456775,177.659555
1780456775,172.409112
1780456775,155.689802
1780456775,150.214393
1780456775,178.338819
1780456775,155.680080
1780456775,153.238237
1780456775,172.480175
1780456775,172.405964
1780456775,172.689946
1780456775,167.177617
1780456775,172.511124
1780456775,172.182806
1780456775,173.527139
1780456775,173.764040
1780456775,174.502394
1780456775,155.463632
1780456775,153.035360
1780456775,155.659285
1780456775,168.312198
1780456775,174.984633
1780456775,174.542564
1780456775,175.099244
1780456775,173.929378
1780456775,177.250004
1780456775,169.565386
1780456775,169.613654
1780456775,154.573296
1780456775,153.107424
1780456775,174.340848
1780456775,149.704277
1780456775,175.681851
1780456775,170.009553
1780456775,153.817310
1780456775,153.858558
1780456775,170.434611
1780456775,175.813536
1780456775,150.529451
1780456775,170.718932
1780456775,175.655352
1780456775,176.647499
1780456775,151.056773
1780456775,147.228605
1780456775,187.927499
1780456775,177.244864
1780456775,187.807881
1780456775,171.714394
1780456775,177.508120
1780456775,181.013307
1780456775,189.214141
1780456775,173.788268
1780456775,180.506371
1780456775,156.509428
1780456775,174.292128
1780456775,180.034065
1780456775,156.477967
1780456775,155.194164
1780456775,155.349468
1780456775,155.423086
1780456775,175.573819
1780456775,166.738038
1780456775,168.109938
1780456775,181.797333
1780456775,180.257624
1780456775,175.050316
1780456775,139.052198
1780456775,128.423327
1780456775,192.264086
1780456775,171.367361
1780456775,171.290223
1780456775,155.812512
1780456775,153.592335
1780456775,171.199695
1780456775,135.502911
1780456775,136.632081
1780456775,139.963302
1780456775,128.589947
1780456775,128.472935
1780456775,141.263030
1780456775,135.013914
1780456775,128.789619
1780456775,141.340090
1780456775,124.144551
1780456775,144.577731
1780456775,126.458513
1780456775,163.584785
1780456775,182.849905
1780456775,168.984153
1780456775,167.825249
1780456775,163.715413
1780456775,167.920832
1780456775,167.913043
1780456775,168.005506
1780456775,141.046065
1780456775,136.627237
1780456775,137.809353
1780456775,136.584633
1780456775,129.855217
1780456775,123.743690
1780456775,158.345081
1780456775,167.343730
1780456775,179.302514
1780456775,167.313912
1780456775,195.727083
1780456775,127.083022
1780456775,167.093808
1780456775,195.928468
1780456775,178.111076
1780456775,157.576366
1780456775,178.352860
1780456775,179.882801
1780456775,156.735687
1780456775,166.983279
1780456775,196.764426
1780456775,186.144756
1780456775,179.201322
1780456775,156.694923
1780456775,156.666216
1780456775,156.660512
1780456775,176.048697
1780456775,197.025784
1780456775,176.370076
1780456775,126.183813
1780456775,127.861990
1780456775,126.726649
1780456775,135.275968
1780456775,186.872233
1780456775,182.037787
1780456775,145.015614
1780456775,176.921792
1780456775,175.471235
1780456775,175.465212
1780456775,129.933450
1780456775,159.875782
1780456775,161.269769
1780456775,134.543253
1780456775,190.852186
1780456775,186.416557
1780456775,177.201164
1780456775,161.308251
1780456775,144.210520
1780456775,167.594764
1780456775,177.319722
1780456775,169.187820
1780456775,125.342652
1780456775,143.688978
1780456775,197.293723
1780456775,151.607745
1780456775,166.823526
1780456775,197.465980
1780456775,169.748659
1780456775,129.603488
1780456775,165.845200
1780456775,169.866455
1780456775,144.159012
1780456775,149.976959
1780456775,129.622918
1780456775,168.979498
1780456775,143.980562
1780456775,129.756246
1780456775,175.890541
1780456775,129.375582
1780456775,175.136074
1780456775,135.243295
1780456775,140.643565
1780456775,135.332940
1780456775,131.744047
1780456775,134.695390
1780456775,170.718680
1780456775,176.460959
1780456775,199.855445
1780456775,131.846868
1780456775,171.205572
1780456775,171.245212
1780456775,131.397284
1780456775,170.492468
1780456775,129.353352
1780456775,141.902328
1780456775,129.768855
1780456775,135.484427
1780456775,128.928021
1780456775,170.870572
1780456775,135.756018
1780456775,173.095364
1780456775,169.662515
1780456775,178.705648
1780456775,171.928972
1780456775,169.717638
1780456775,178.820335
1780456775,169.655848
1780456775,180.250236
1780456775,192.374189
1780456775,154.646650
1780456775,183.409555
1780456775,184.784000
1780456775,187.845674
1780456775,187.846673
1780456775,192.545301
1780456775,179.683051
1780456775,209.188852
1780456775,153.786787
1780456775,179.656994
1780456775,179.658567
1780456775,209.134453
1780456775,185.476847
1780456775,185.588397
1780456775,208.936440
1780456775,209.460616
1780456775,186.332286
1780456775,185.457998
1780456775,210.163684
1780456775,198.808820
1780456775,204.993174
1780456775,189.750559
1780456775,150.008778
1780456775,190.275950
1780456775,156.368600
1780456775,160.936274
1780456775,187.681513
1780456775,160.668556
1780456775,188.942514
1780456775,189.099467
1780456775,154.574296
1780456775,183.372525
1780456775,191.901955
1780456775,151.298553
1780456775,166.075127
1780456775,154.584507
1780456775,167.246286
1780456775,190.527063
1780456775,133.129075
1780456775,185.408293
1780456775,168.874514
1780456775,147.355008
1780456775,146.035304
1780456775,152.549926
1780456775,152.570515
1780456775,145.340724
1780456775,150.860337
1780456775,149.789815
1780456775,151.726007
1780456775,152.104422
1780456775,138.741683
1780456775,135.434785
1780456775,135.468739
1780456775,138.000221
1780456775,153.203101
1780456775,169.368128
1780456775,169.483607
1780456775,137.842243
1780456775,171.021898
1780456775,168.324925
1780456775,171.085808
1780456775,218.846871
1780456775,218.704218
1780456775,211.088719
1780456775,167.552007
1780456775,164.768212
1780456775,200.622643
1780456775,163.495623
1780456775,220.482185
1780456775,219.297407
1780456775,204.953760
1780456775,202.355743
1780456775,205.042220
1780456775,165.141114
1780456775,213.080995
1780456775,173.192761
1780456775,205.149565
1780456775,169.382986
1780456775,177.862446
1780456775,205.456927
1780456775,194.015352
1780456775,193.814309
1780456775,220.117564
1780456775,208.026454
1780456775,193.962429
1780456775,142.548311
1780456775,195.837416
1780456775,208.400546
1780456775,210.008856
1780456775,138.284744
1780456775,139.488072
1780456775,211.185491
1780456775,196.082094
1780456775,139.596755
1780456775,140.389623
1780456775,157.705853
1780456775,140.613520
1780456775,156.376945
1780456775,200.137722
1780456775,212.383600
1780456775,165.768765
1780456775,142.832929
1780456775,142.394135
1780456775,150.722570
1780456775,146.183191
1780456775,147.149694
1780456775,187.873030
1780456775,205.867748
1780456775,202.717676
1780456775,189.689216
1780456775,189.740006
1780456775,202.737599
1780456775,177.138224
1780456775,202.820443
1780456775,172.744269
1780456775,179.492347
1780456775,206.112004
1780456775,202.703210
1780456775,204.885390
1780456775,201.629264
1780456775,203.834150
1780456775,172.930117
1780456775,171.768468
1780456775,149.030629
1780456775,149.036285
1780456775,147.339013
1780456775,154.740041
1780456775,128.394887
1780456775,128.350591
1780456775,154.158610
1780456775,158.110786
1780456775,138.427645
1780456775,117.688787
1780456775,138.683577
1780456775,138.490005
1780456775,157.423833
1780456775,117.729048
1780456775,158.945907
1780456775,158.990472
1780456775,138.581553
1780456775,117.453777
1780456775,138.808914
1780456775,117.792608
1780456775,117.607566
1780456775,117.428732
1780456775,117.690327
1780456775,138.938530
1780456775,117.986871
1780456775,200.480134
1780456775,200.098021
1780456775,200.592226
1780456775,219.078277
1780456775,200.653105
1780456775,221.095650
1780456775,220.876584
1780456775,179.741500
1780456775,181.664819
1780456775,220.995531
1780456775,182.121896
1780456775,166.832508
1780456775,182.705710
1780456775,164.739262
1780456775,193.896603
1780456775,166.873185
1780456775,193.884157
1780456775,162.366024
1780456775,162.799719
1780456775,182.339244
1780456775,119.890056
1780456775,148.935857
1780456775,183.000562
1780456775,135.095820
1780456775,167.749090
1780456775,160.958732
1780456775,162.967979
1780456775,162.579051
1780456775,189.762136
1780456775,161.898635
1780456775,189.831510
1780456775,168.511261
1780456775,169.659074
1780456775,163.212956
1780456775,169.072867
1780456775,141.576372
1780456775,166.518531
1780456775,164.010226
1780456775,201.662501
1780456775,164.160489
1780456775,194.380586
1780456775,201.615408
1780456775,163.361848
1780456775,164.226810
1780456775,183.529221
1780456775,218.898751
1780456775,194.613075
1780456775,194.603514
1780456775,202.998534
1780456775,165.646968
1780456775,220.110061
1780456775,195.860416
1780456775,220.399076
1780456775,206.374810
1780456775,141.753321
1780456775,170.184737
1780456775,164.439610
1780456775,107.654331
1780456775,169.040477
1780456775,130.611603
1780456775,130.606417
1780456775,130.750747
1780456775,130.691006
1780456775,110.514107
1780456775,113.213273
1780456775,113.266585
1780456775,114.051011
1780456775,113.987357
1780456775,114.136863
1780456775,113.879314
1780456775,109.763254
1780456775,109.547569
1780456775,109.594450
1780456775,114.153477
1780456775,114.114256
1780456775,114.319123
1780456775,114.226877
1780456775,114.184510
1780456775,134.205804
1780456775,134.154729
1780456775,134.215288
1780456775,108.821245
1780456775,109.676121
1780456775,123.642257
1780456775,123.878826
1780456775,123.920297
1780456775,123.961812
1780456775,123.831102
1780456775,113.658012
1780456775,113.720506
1780456775,113.869110
1780456775,115.008834
1780456775,114.931739
1780456775,115.116746
1780456775,115.284312
1780456775,125.544052
1780456775,125.483462
1780456775,125.478764
1780456775,125.608796
1780456775,125.604576
1780456775,125.244358
1780456775,125.429872
1780456775,125.184401
1780456775,125.509522
1780456775,125.292326
1780456775,125.671298
1780456775,125.746801
1780456775,125.542317
1780456775,125.325433
1780456775,125.960949
1780456775,125.543407
1780456775,125.514727
1780456775,125.499863
1780456775,125.801156
1780456775,133.896479
1780456775,133.960092
1780456775,119.730369
1780456775,119.666721
1780456775,119.945157
1780456775,119.966549
1780456775,120.059374
1780456775,119.848336
1780456775,134.131752
1780456775,119.976559
1780456775,134.194330
1780456775,119.975181
1780456775,120.168411
1780456775,120.059791
1780456775,134.187886
1780456775,119.899001
1780456775,134.348650
1780456775,119.875674
1780456775,119.917645
1780456775,119.924560
1780456775,120.023721
1780456775,120.064185
1780456775,134.178625
1780456775,134.150213
1780456775,133.747571
1780456775,134.275962
1780456775,134.185831
1780456775,134.012314
1780456775,127.382906
1780456775,127.424587
1780456775,134.030557
1780456775,134.388479
1780456775,134.382603
1780456775,134.272412
1780456775,134.289484
1780456775,134.137740
1780456775,127.652045
1780456775,127.643340
1780456775,127.558496
1780456775,134.178267
1780456775,134.350297
1780456775,127.799964
1780456775,127.730884
1780456775,134.165687
1780456775,134.145159
1780456775,134.523618
1780456775,134.416605
1780456775,134.371230
1780456775,134.702553
1780456775,134.226676
1780456775,133.977032
1780456775,134.218330
1780456775,123.465441
1780456775,134.232107
1780456775,124.724063
1780456775,134.631319
1780456775,124.721386
1780456775,124.854766
1780456775,134.431122
1780456775,124.753731
1780456775,134.519982
1780456775,131.637017
1780456775,131.852759
1780456775,131.961249
1780456775,131.847854
1780456775,128.887681
1780456775,121.316180
1780456775,121.297957
1780456775,121.346472
1780456775,129.087990
1780456775,128.633004
1780456775,140.569501
1780456775,119.757583
1780456775,119.552791
1780456775,119.276382
1780456775,119.921331
1780456775,119.717303
1780456775,118.232027
1780456775,119.832083
1780456775,126.254513
1780456775,126.101303
1780456775,131.455185
1780456775,131.376161
1780456775,120.019886
1780456775,117.166542
1780456775,135.175664
1780456775,135.193743
1780456775,135.294849
1780456775,147.497962
1780456775,135.286485
1780456775,135.149367
1780456775,132.790204
1780456775,133.534468
1780456775,133.495189
1780456775,125.876982
1780456775,135.497428
1780456775,135.305959
1780456775,130.827208
1780456775,131.853959
1780456775,132.750668
1780456775,135.560041
1780456775,132.229416
1780456775,121.420114
1780456775,133.321660
1780456775,128.472608
1780456775,133.182418
1780456775,126.475567
1780456775,135.661685
1780456775,135.707754
1780456775,133.231979
1780456775,126.040806
1780456775,135.703383
1780456775,129.940978
1780456775,123.842805
1780456775,125.665815
1780456775,125.862525
1780456775,123.441830
1780456775,125.806917
1780456775,125.836277
1780456775,135.911345
1780456775,136.330001
1780456775,136.473725
1780456775,134.309006
1780456775,134.279738
1780456775,122.693262
1780456775,122.697312
1780456775,122.766154
1780456775,122.695976
1780456776,138.812510
1780456776,138.896855
1780456776,127.672021
1780456776,134.368741
1780456776,133.786240
1780456776,132.087021
1780456776,137.613625
1780456776,137.662116
1780456776,137.776340
1780456776,137.706816
1780456776,137.657970
1780456776,137.674127
1780456776,136.104179
1780456776,136.078860
1780456776,137.866349
1780456776,138.054567
1780456776,137.860002
1780456776,138.045027
1780456776,137.586910
1780456776,137.773986
1780456776,137.728170
1780456776,138.141366
1780456776,138.063132
1780456776,138.078914
1780456776,138.193237
1780456776,138.314432
1780456776,137.964003
1780456776,135.277282
1780456776,120.377763
1780456776,137.733257
1780456776,129.510340
1780456776,138.206498
1780456776,138.188414
1780456776,122.752382
1780456776,138.434045
1780456776,125.963661
1780456776,138.627618
1780456776,124.234683
1780456776,124.339448
1780456776,138.473840
1780456776,125.369867
1780456776,138.896908
1780456776,125.733487
1780456776,138.653592
1780456776,123.886587
1780456776,131.911405
1780456776,138.221597
1780456776,129.986808
1780456776,126.306944
1780456776,138.765196
1780456776,139.171360
1780456776,122.236839
1780456776,138.437480
1780456776,126.184872
1780456776,127.181120
1780456776,138.758254
1780456776,122.657582
1780456776,127.971975
1780456776,139.132901
1780456776,127.337126
1780456776,146.938905
1780456776,121.054394
1780456776,142.217066
1780456776,133.365166
1780456776,147.282243
1780456776,123.568654
1780456776,146.113976
1780456776,134.081392
1780456776,138.795988
1780456776,143.960166
1780456776,139.138081
1780456776,147.599073
1780456776,139.284875
1780456776,141.586591
1780456776,147.730032
1780456776,149.888073
1780456776,139.421913
1780456776,143.584094
1780456776,147.752859
1780456776,148.188409
1780456776,148.194182
1780456776,143.391978
1780456776,151.358667
1780456776,146.613603
1780456776,121.744468
1780456776,137.939098
1780456776,119.544035
1780456776,147.949894
1780456776,121.591443
1780456776,142.661424
1780456776,120.162938
1780456776,145.219961
1780456776,141.334574
1780456776,116.528252
1780456776,116.988706
1780456776,146.860350
1780456776,142.057228
1780456776,121.699659
1780456776,118.556083
1780456776,143.100116
1780456776,120.106478
1780456776,122.016353
1780456776,127.357232
1780456776,122.041773
1780456776,128.973880
1780456776,128.273324
1780456776,130.410747
1780456776,122.031979
1780456776,141.231824
1780456776,129.135865
1780456776,126.209143
1780456776,126.687773
1780456776,129.749121
1780456776,141.624324
1780456776,144.235852
1780456776,127.067217
1780456776,144.909531
1780456776,122.424237
1780456776,131.170828
1780456776,145.641641
1780456776,129.527818
1780456776,142.270358
1780456776,146.000211
1780456776,124.836513
1780456776,141.357968
1780456776,131.155194
1780456776,141.911630
1780456776,129.755649
1780456776,134.337557
1780456776,142.610647
1780456776,146.776130
1780456776,134.374325
1780456776,148.563147
1780456776,138.765211
1780456776,126.241522
1780456776,128.727057
1780456776,131.345025
1780456776,131.023856
1780456776,131.380478
1780456776,136.042420
1780456776,130.313127
1780456776,138.044089
1780456776,126.302931
1780456776,132.231254
1780456776,130.478655
1780456776,130.355464
1780456776,134.039631
1780456776,126.606114
1780456776,134.606441
1780456776,129.623589
1780456776,135.518385
1780456776,129.972372
1780456776,137.499444
1780456776,127.438004
1780456776,141.306435
1780456776,127.812340
1780456776,141.478455
1780456776,127.564069
1780456776,142.692131
1780456776,125.495908
1780456776,141.461765
1780456776,131.858408
1780456776,150.340054
1780456776,126.809977
1780456776,136.300906
1780456776,138.498032
1780456776,146.603671
1780456776,146.843955
1780456776,147.477298
1780456776,144.578298
1780456776,150.496326
1780456776,144.641507
1780456776,154.103371
1780456776,146.955964
1780456776,126.847814
1780456776,156.029038
1780456776,120.153211
1780456776,136.734985
1780456776,149.178246
1780456776,136.606845
1780456776,152.392313
1780456776,151.983605
1780456776,157.555639
1780456776,145.466439
1780456776,134.166974
1780456776,138.333847
1780456776,134.461955
1780456776,131.077264
1780456776,138.215935
1780456776,144.582986
1780456776,132.888753
1780456776,130.995890
1780456776,130.994720
1780456776,132.927788
1780456776,145.596447
1780456776,133.109440
1780456776,127.693444
1780456776,133.101137
1780456776,130.702795
1780456776,144.160926
1780456776,127.676439
1780456776,131.065727
1780456776,145.973403
1780456776,129.831672
1780456776,127.206180
1780456776,128.563123
1780456776,162.150077
1780456776,162.149718
1780456776,126.189320
1780456776,162.119452
1780456776,126.362425
1780456776,126.380820
1780456776,153.646563
1780456776,130.342551
1780456776,129.091606
1780456776,146.460204
1780456776,162.441416
1780456776,125.204893
1780456776,122.026979
1780456776,150.124475
1780456776,122.431720
1780456776,137.666189
1780456776,123.240377
1780456776,136.459981
1780456776,123.359411
1780456776,136.401226
1780456776,123.782722
1780456776,140.200020
1780456776,136.427874
1780456776,152.672571
1780456776,145.606896
1780456776,158.713578
1780456776,151.476396
1780456776,159.161000
1780456776,117.872189
1780456776,140.607084
1780456776,123.977570
1780456776,139.978505
1780456776,128.224247
1780456776,159.988825
1780456776,162.674626
1780456776,157.419070
1780456776,130.456804
1780456776,126.315238
1780456776,126.256075
1780456776,126.315521
1780456776,125.051662
1780456776,131.721293
1780456776,125.031812
1780456776,125.009464
1780456776,131.843547
1780456776,128.125045
1780456776,146.089587
1780456776,139.911099
1780456776,134.527476
1780456776,126.239846
1780456776,126.318309
1780456776,130.603616
1780456776,121.860419
1780456776,131.980932
1780456776,138.342801
1780456776,124.500221
1780456776,138.545592
1780456776,138.694529
1780456776,131.029858
1780456776,142.332690
1780456776,133.825978
1780456776,147.667615
1780456776,148.303868
1780456776,124.598188
1780456776,124.696008
1780456776,130.933748
1780456776,131.293157
1780456776,119.546455
1780456776,123.748665
1780456776,139.012155
1780456776,138.191738
1780456776,122.700841
1780456776,120.370092
1780456776,137.727569
1780456776,120.064349
1780456776,120.390030
1780456776,133.730274
1780456776,135.151697
1780456776,120.261677
1780456776,136.536412
1780456776,138.579173
1780456776,134.170710
1780456776,135.700650
1780456776,133.119444
1780456776,117.623838
1780456776,134.624631
1780456776,135.016789
1780456776,134.976450
1780456776,116.925484
1780456776,144.939546
1780456776,132.699245
1780456776,143.494179
1780456776,138.077079
1780456776,143.370075
1780456776,139.350090
1780456776,132.616233
1780456776,138.393305
1780456776,136.909312
1780456776,125.579421
1780456776,141.346829
1780456776,141.787486
1780456776,126.742275
1780456776,132.679893
1780456776,127.909645
1780456776,135.868405
1780456776,129.160546
1780456776,142.169228
1780456776,129.504570
1780456776,143.662100
1780456776,138.404231
1780456776,131.454939
1780456776,138.642628
1780456776,129.610996
1780456776,143.734398
1780456776,117.508405
1780456776,132.452230
1780456776,132.013931
1780456776,122.467849
1780456776,127.436445
1780456776,133.889355
1780456776,127.559771
1780456776,115.505362
1780456776,123.183517
1780456776,125.380774
1780456776,111.809363
1780456776,123.794415
1780456776,131.124418
1780456776,124.900171
1780456776,111.243053
1780456776,111.207111
1780456776,126.128312
1780456776,111.010187
1780456776,127.872762
1780456776,124.702192
1780456776,115.663007
1780456776,156.908714
1780456776,115.396347
1780456776,119.841205
1780456776,130.312269
1780456776,129.450988
1780456776,151.706140
1780456776,154.500041
1780456776,156.376974
1780456776,154.910984
1780456776,132.229220
1780456776,131.062983
1780456776,131.052801
1780456776,130.933564
1780456776,131.372001
1780456776,131.209724
1780456776,131.453279
1780456776,118.675722
1780456776,160.826224
1780456776,133.029266
1780456776,113.858608
1780456776,133.130537
1780456776,113.814867
1780456776,134.396052
1780456776,127.564007
1780456776,131.575023
1780456776,164.694329
1780456776,116.658228
1780456776,136.023872
1780456776,133.132469
1780456776,134.532528
1780456776,137.012518
1780456776,134.956345
1780456776,132.750423
1780456776,115.269779
1780456776,113.661393
1780456776,131.654592
1780456776,128.567886
1780456776,135.157758
1780456776,132.850880
1780456776,138.565809
1780456776,143.445796
1780456776,144.442509
1780456776,144.519258
1780456776,144.325203
1780456776,144.435453
1780456776,144.390447
1780456776,144.456947
1780456776,133.252247
1780456776,134.595465
1780456776,143.751254
1780456776,143.859418
1780456776,140.132236
1780456776,140.320722
1780456776,122.254219
1780456776,125.211364
1780456776,121.015155
1780456776,123.959879
1780456776,122.291674
1780456776,126.067350
1780456776,130.449146
1780456776,131.493595
1780456776,132.009936
1780456776,160.832163
1780456776,135.272828
1780456776,164.320444
1780456776,136.981094
1780456776,165.312550
1780456776,143.272029
1780456776,136.725990
1780456776,164.427295
1780456776,134.494361
1780456776,163.856520
1780456776,143.887493
1780456776,164.052319
1780456776,143.953942
1780456776,143.000275
1780456776,164.149443
1780456776,135.180222
1780456776,143.164091
1780456776,163.490580
1780456776,164.523379
1780456776,163.813672
1780456776,144.579116
1780456776,165.050687
1780456776,165.343089
1780456776,165.694829
1780456776,145.373610
1780456776,136.084457
1780456776,119.601345
1780456776,141.240747
1780456776,165.013271
1780456776,146.428814
1780456776,138.533285
1780456776,165.018753
1780456776,165.536712
1780456776,138.843996
1780456776,145.894688
1780456776,147.406803
1780456776,127.218766
1780456776,128.447726
1780456776,121.628766
1780456776,145.235708
1780456776,145.222542
1780456776,140.883889
1780456776,164.948287
1780456776,146.890718
1780456776,138.460401
1780456776,138.098786
1780456776,168.615903
1780456776,167.079951
1780456776,138.207489
1780456776,165.144904
1780456776,134.933346
1780456776,168.912234
1780456776,165.681123
1780456776,135.409173
1780456776,167.466720
1780456776,138.043100
1780456776,134.885882
1780456776,127.548193
1780456776,133.897321
1780456776,139.019738
1780456776,138.370639
1780456776,134.291805
1780456776,137.415653
1780456776,145.898309
1780456776,134.449823
1780456776,128.287778
1780456776,147.600351
1780456776,125.703810
1780456776,134.056781
1780456776,125.853131
1780456776,126.301173
1780456776,137.323781
1780456776,169.899813
1780456776,168.629946
1780456776,135.315381
1780456776,168.936723
1780456776,135.817482
1780456776,127.603925
1780456776,122.538199
1780456776,135.016655
1780456776,142.943152
1780456776,138.770831
1780456776,128.093585
1780456776,143.133231
1780456776,136.813510
1780456776,132.525998
1780456776,123.326627
1780456776,132.787348
1780456776,123.553511
1780456776,139.958645
1780456776,133.025767
1780456776,134.547365
1780456776,126.459611
1780456776,123.738987
1780456776,144.407290
1780456776,144.068986
1780456776,169.315135
1780456776,144.243697
1780456776,171.495164
1780456776,169.786322
1780456776,144.462406
1780456776,141.380750
1780456776,144.027044
1780456776,170.005780
1780456776,133.512560
1780456776,170.542930
1780456776,133.556618
1780456776,132.443302
1780456776,132.573703
1780456776,169.658271
1780456776,140.325689
1780456776,140.417774
1780456776,169.856624
1780456776,132.939458
1780456776,170.693372
1780456776,138.593509
1780456776,171.352843
1780456776,137.290737
1780456776,170.630528
1780456776,137.407041
1780456776,133.599504
1780456776,151.810524
1780456776,136.315059
1780456776,147.366673
1780456776,132.544071
1780456776,171.217051
1780456776,131.294994
1780456776,147.784348
1780456776,135.719153
1780456776,143.815004
1780456776,133.211759
1780456776,130.398779
1780456776,131.703158
1780456776,130.617041
1780456776,126.640470
1780456776,171.551962
1780456776,148.284904
1780456776,130.881630
1780456776,147.896043
1780456776,136.672896
1780456776,147.606932
1780456776,148.047184
1780456776,172.193207
1780456776,139.286766
1780456776,131.325883
1780456776,139.786514
1780456776,134.382083
1780456776,147.784352
1780456776,127.522661
1780456776,137.329669
1780456776,171.867695
1780456776,131.797220
1780456776,146.887552
1780456776,134.769255
1780456776,147.103120
1780456776,135.047153
1780456776,172.921500
1780456776,129.881894
1780456776,129.198424
1780456776,129.885829
1780456776,146.274922
1780456776,145.916476
1780456776,135.352900
1780456776,145.939034
1780456776,137.163622
1780456776,135.528821
1780456776,135.531089
1780456776,130.497577
1780456776,144.985935
1780456776,133.380034
1780456776,173.392681
1780456776,145.054365
1780456776,135.955069
1780456776,136.036789
1780456776,138.953424
1780456776,136.279749
1780456776,177.897613
1780456776,144.899359
1780456776,142.174671
1780456776,167.042082
1780456776,131.280626
1780456776,177.955203
1780456776,133.214195
1780456776,133.094033
1780456776,169.120139
1780456776,131.974208
1780456776,170.641622
1780456776,141.368936
1780456776,132.198738
1780456776,131.484837
1780456776,170.748685
1780456776,169.686232
1780456776,132.035459
1780456776,132.404525
1780456776,140.760125
1780456776,177.670721
1780456776,139.388072
1780456776,132.644566
1780456776,177.782997
1780456776,136.666445
1780456776,141.202901
1780456776,169.083127
1780456776,129.200910
1780456776,132.527841
1780456776,169.365926
1780456776,169.330709
1780456776,130.521842
1780456776,128.302476
1780456776,168.764031
1780456776,131.807362
1780456776,128.474147
1780456776,177.722658
1780456776,176.727327
1780456776,119.756100
1780456776,174.374695
1780456776,127.908634
1780456776,129.023032
1780456776,169.209034
1780456776,172.266282
1780456776,171.076536
1780456776,140.904523
1780456776,130.726028
1780456776,129.549259
1780456776,132.325934
1780456776,132.445574
1780456776,133.500887
1780456776,132.072025
1780456776,134.960946
1780456776,130.941999
1780456776,135.056918
1780456776,129.878370
1780456776,133.943187
1780456776,145.743706
1780456776,144.159654
1780456776,141.734602
1780456776,180.394916
1780456776,127.728682
1780456776,132.216623
1780456776,132.224320
1780456776,131.166527
1780456776,122.735870
1780456776,131.431673
1780456776,130.525147
1780456776,131.741704
1780456776,128.737194
1780456776,130.828018
1780456776,129.392854
1780456776,114.570541
1780456776,128.140639
1780456776,121.321207
1780456776,119.276555
1780456776,119.509906
1780456776,132.446778
1780456776,132.581184
1780456776,132.709984
1780456776,131.959316
1780456776,121.961834
1780456776,110.697857
1780456776,132.367088
1780456776,132.155396
1780456776,132.640501
1780456776,118.850054
1780456776,121.277956
1780456776,111.341714
1780456776,117.879613
1780456776,111.510117
1780456776,117.209378
1780456776,112.361161
1780456776,119.050525
1780456776,117.769765
1780456776,133.077501
1780456776,135.100804
1780456776,135.164485
1780456776,135.151471
1780456776,123.635276
1780456776,135.466261
1780456776,157.308174
1780456776,156.180241
1780456776,157.367065
1780456776,153.418973
1780456776,154.669084
1780456776,149.957432
1780456776,156.292030
1780456776,157.743409
1780456776,152.691779
1780456776,152.767817
1780456776,150.914786
1780456776,153.704550
1780456776,131.778352
1780456776,151.339372
1780456776,139.680591
1780456776,185.687114
1780456776,141.004404
1780456776,185.828742
1780456776,144.743542
1780456776,187.107882
1780456776,146.076261
1780456776,119.077972
1780456776,144.935625
1780456776,191.415697
1780456776,120.449829
1780456776,148.474646
1780456776,129.396270
1780456776,150.469039
1780456776,134.875855
1780456776,132.268355
1780456776,130.341456
1780456776,132.211974
1780456776,117.538774
1780456776,132.470853
1780456776,117.658737
1780456776,132.351141
1780456776,119.499902
1780456776,129.449785
1780456776,130.476895
1780456776,129.575797
1780456776,135.258703
1780456776,131.758823
1780456776,142.604765
1780456776,130.620394
1780456776,129.877305
1780456776,132.554322
1780456776,187.723489
1780456776,187.691376
1780456776,187.633256
1780456776,187.668127
1780456776,187.733570
1780456776,185.781605
1780456776,186.513745
1780456776,186.612695
1780456776,184.724730
1780456776,149.842111
1780456776,117.507569
1780456776,195.533521
1780456776,139.384941
1780456776,158.471254
1780456776,194.639184
1780456776,196.076795
1780456776,154.794225
1780456776,149.995624
1780456776,115.756462
1780456776,194.116762
1780456776,192.817768
1780456776,150.270122
1780456776,194.767530
1780456776,193.332224
1780456776,185.887343
1780456776,195.207121
1780456776,153.520070
1780456776,151.841768
1780456776,196.005082
1780456776,194.586481
1780456776,193.498075
1780456776,194.586535
1780456776,193.897423
1780456776,193.868440
1780456776,118.025392
1780456776,194.018662
1780456776,195.772330
1780456776,194.177602
1780456776,194.473701
1780456776,193.563073
1780456776,195.178866
1780456776,192.428111
1780456776,192.620744
1780456776,125.622240
1780456776,147.423694
1780456776,131.973282
1780456776,148.041305
1780456776,147.228440
1780456776,132.975140
1780456776,146.518313
1780456776,147.036510
1780456776,131.670785
1780456776,133.121373
1780456776,131.610275
1780456776,147.257159
1780456776,119.314871
1780456776,193.357666
1780456776,131.404955
1780456776,193.502220
1780456776,193.607219
1780456776,193.647646
1780456776,162.917323
1780456776,123.234388
1780456776,142.929175
1780456776,123.341288
1780456776,122.817984
1780456776,123.451259
1780456776,194.070510
1780456776,166.921507
1780456776,123.350559
1780456776,164.837410
1780456776,123.463921
1780456776,168.713089
1780456776,123.096689
1780456776,123.486784
1780456776,158.038959
1780456776,219.342296
1780456776,162.520192
1780456776,161.394053
1780456776,166.187430
1780456776,163.919346
1780456776,162.740335
1780456776,150.629494
1780456776,156.182237
1780456776,150.206517
1780456776,156.318199
1780456776,156.821955
1780456776,156.859182
1780456776,158.030525
1780456776,178.787599
1780456776,178.864960
1780456776,178.792459
1780456776,179.181569
1780456776,178.567981
1780456776,179.275131
1780456776,158.192628
1780456776,158.321498
1780456776,230.371292
1780456776,187.107483
1780456776,172.484856
1780456776,179.492510
1780456776,179.494403
1780456776,179.472509
1780456776,179.520424
1780456776,227.807723
1780456776,230.775571
1780456776,228.157450
1780456776,230.008298
1780456776,230.720158
1780456776,235.004884
1780456776,234.788580
1780456776,236.217144
1780456776,236.266033
1780456776,228.084137
1780456776,236.461976
1780456776,237.752649
1780456776,240.602772
1780456776,239.616842
1780456776,240.886728
1780456776,183.873642
1780456776,236.795724
1780456776,184.018385
1780456776,185.035217
1780456776,186.592367
1780456776,185.143547
1780456776,186.593251
1780456776,189.026515
1780456776,189.021340
1780456776,189.133018
1780456776,198.780746
1780456776,191.540470
1780456776,198.856055
1780456776,172.417560
1780456776,178.754188
1780456776,181.861252
1780456776,171.126094
1780456776,181.947476
1780456776,171.258296
1780456776,171.338412
1780456776,171.488548
1780456776,171.527912
1780456776,179.392167
1780456776,182.544282
1780456776,182.492166
1780456776,179.689602
1780456776,176.067311
1780456776,182.220777
1780456776,177.303972
1780456776,182.781563
1780456776,227.912079
1780456776,187.231676
1780456776,185.967896
1780456776,165.976997
1780456776,168.337539
1780456776,187.476382
1780456776,166.229114
1780456776,186.354978
1780456776,187.555471
1780456776,190.327917
1780456776,190.921743
1780456776,191.375018
1780456776,191.449421
1780456776,192.685168
1780456776,193.773928
1780456776,190.613292
1780456776,194.437047
1780456776,192.821006
1780456776,194.471585
1780456776,194.741585
1780456776,194.319428
1780456776,194.780541
1780456776,194.981938
1780456776,190.961222
1780456776,190.900657
1780456776,260.066614
1780456776,263.636385
1780456776,262.195777
1780456776,195.485528
1780456776,195.074495
1780456776,195.442058
1780456776,195.570073
1780456776,195.646769
1780456776,195.725795
1780456776,213.228639
1780456776,214.049610
1780456776,195.200276
1780456776,262.525355
1780456776,176.022466
1780456776,181.248055
1780456776,176.875089
1780456776,178.417077
1780456776,188.838723
1780456776,190.156054
1780456776,181.337127
1780456776,191.879962
1780456776,191.085416
1780456776,184.878482
1780456776,184.984559
1780456776,185.056358
1780456776,192.753757
1780456776,196.323057
1780456776,205.584726
1780456776,205.843681
1780456776,204.117503
1780456776,205.993034
1780456776,197.679726
1780456776,195.984597
1780456776,195.382123
1780456776,175.176060
1780456776,192.992769
1780456776,175.440922
1780456776,175.341648
1780456776,175.592740
1780456776,175.710113
1780456776,183.850035
1780456776,183.928325
1780456776,198.069636
1780456776,197.871867
1780456776,195.722892
1780456776,196.571863
1780456776,197.999988
1780456776,198.055972
1780456776,197.139601
1780456776,197.344760
1780456776,198.077374
1780456776,198.228316
1780456776,196.908457
1780456776,204.923017
1780456776,191.552463
1780456776,191.636136
1780456776,270.632007
1780456776,260.192844
1780456776,261.445456
1780456776,262.321564
1780456776,264.045365
1780456776,263.625642
1780456776,264.442298
1780456776,265.620085
1780456776,260.440499
1780456776,262.424877
1780456776,262.500153
1780456776,224.513462
1780456776,200.478015
1780456776,201.582444
1780456776,205.034951
1780456776,208.486599
1780456776,208.451397
1780456776,206.827147
1780456776,217.407930
1780456776,216.306755
1780456776,224.696182
1780456776,225.034244
1780456776,225.105237
1780456776,225.183236
1780456776,259.280349
1780456776,261.121149
1780456776,253.905057
1780456776,262.063344
1780456776,275.873010
1780456776,275.786868
1780456776,277.145152
1780456776,278.358778
1780456776,252.477715
1780456776,207.997821
1780456776,279.903175
1780456776,269.274731
1780456776,269.400922
1780456776,271.224421
1780456776,272.501664
1780456776,276.911902
1780456776,279.515995
1780456776,278.165358
1780456776,280.006155
1780456776,280.483090
1780456776,255.143723
1780456776,260.885087
1780456776,259.233486
1780456776,266.206282
1780456776,267.356849
1780456776,268.073683
1780456776,265.097078
1780456776,268.027657
1780456776,239.205366
1780456776,234.679363
1780456776,239.903876
1780456776,239.925211
1780456776,220.321635
1780456776,221.884532
1780456776,223.620770
1780456776,219.603651
1780456776,223.730755
1780456776,223.860064
1780456776,223.868828
1780456776,240.140163
1780456776,240.242184
1780456776,231.590365
1780456776,234.176459
1780456776,235.509291
1780456776,240.242588
1780456776,240.282359
1780456776,240.741007
1780456776,240.709633
1780456776,198.890776
1780456776,199.002233
1780456776,198.962902
1780456776,199.153773
1780456776,199.191466
1780456776,208.719052
1780456776,214.843065
1780456776,208.789543
1780456776,246.564998
1780456776,216.511269
1780456776,188.991576
1780456776,189.110779
1780456776,250.391176
1780456776,246.707738
1780456776,248.139749
1780456776,250.635638
1780456776,189.561008
1780456776,250.499701
1780456776,248.439552
1780456776,248.431369
1780456776,250.848596
1780456776,193.629207
1780456776,193.627117
1780456776,250.411057
1780456776,250.371152
1780456776,252.131278
1780456776,256.042234
1780456776,256.115372
1780456776,262.437835
1780456776,270.456709
1780456776,273.502571
1780456776,270.682234
1780456776,274.966947
1780456776,275.012757
1780456776,276.281532
1780456776,276.269017
1780456776,211.420117
1780456776,276.353371
1780456776,211.549146
1780456776,215.967595
1780456776,189.343918
1780456776,190.374403
1780456776,221.701773
1780456776,194.304360
1780456776,225.286032
1780456776,233.714941
1780456776,233.685058
1780456776,234.971066
1780456776,251.489953
1780456776,251.521837
1780456776,209.999810
1780456776,245.430516
1780456776,245.582662
1780456776,245.587095
1780456776,192.032424
1780456776,192.404579
1780456776,245.582063
1780456776,167.198440
1780456776,260.786681
1780456776,232.275934
1780456776,190.952486
1780456776,232.271939
1780456776,232.437968
1780456776,232.689029
1780456776,232.463197
1780456776,210.079435
1780456776,232.763546
1780456776,191.107047
1780456776,191.130821
1780456776,188.442787
1780456776,191.251770
1780456776,177.103159
1780456776,177.261794
1780456776,202.715744
1780456776,237.863683
1780456776,176.475582
1780456776,202.649601
1780456776,202.770401
1780456776,176.737456
1780456776,203.115671
1780456776,176.700088
1780456776,176.742258
1780456776,238.616494
1780456776,177.767848
1780456776,177.742004
1780456776,177.747372
1780456776,202.684696
1780456776,202.655602
1780456776,203.104997
1780456776,203.223704
1780456776,202.992656
1780456776,203.110687
1780456776,203.208289
1780456776,203.493816
1780456776,177.413852
1780456776,203.548647
1780456776,177.949503
1780456776,203.700849
1780456776,204.011751
1780456776,204.030290
1780456776,222.224414
1780456776,203.616068
1780456776,203.893221
1780456776,204.283932
1780456776,204.041290
1780456776,178.752859
1780456776,225.457706
1780456776,203.674060
1780456776,203.905900
1780456776,203.633915
1780456776,203.452292
1780456776,204.089125
1780456776,204.104901
1780456776,235.125384
1780456776,203.847592
1780456776,204.702318
1780456776,204.704820
1780456776,204.102569
1780456776,203.814796
1780456776,239.496394
1780456776,204.625458
1780456776,238.489105
1780456776,204.729689
1780456776,204.315861
1780456776,239.915459
1780456776,178.735355
1780456776,204.925907
1780456776,240.069510
1780456776,179.077273
1780456776,179.852488
1780456776,180.080064
1780456776,180.726715
1780456776,174.872138
1780456776,197.443837
1780456776,174.925016
1780456776,175.028885
1780456776,197.521155
1780456776,197.514759
1780456776,197.615367
1780456776,197.727769
1780456776,193.886194
1780456776,194.619026
1780456776,197.768376
1780456776,175.173850
1780456776,197.867304
1780456776,197.655170
1780456776,198.007429
1780456776,175.381842
1780456776,197.999143
1780456776,180.968838
1780456776,198.130428
1780456776,197.940019
1780456776,198.021695
1780456776,180.890745
1780456776,181.647099
1780456776,182.983673
1780456776,183.129248
1780456776,183.351847
1780456776,183.573948
1780456776,183.921879
1780456776,183.985646
1780456776,184.455562
1780456776,184.888891
1780456776,185.069118
1780456776,185.241097
1780456776,185.423047
1780456776,185.729258
1780456776,279.823692
1780456776,274.887014
1780456776,280.020495
1780456776,220.463496
1780456776,281.335928
1780456776,223.747378
1780456776,223.836629
1780456776,282.518333
1780456776,224.005295
1780456776,283.976482
1780456776,226.467792
1780456776,226.635855
1780456776,284.053655
1780456776,284.130977
1780456776,284.150184
1780456776,284.220920
1780456776,226.933136
1780456776,226.879946
1780456776,285.701125
1780456776,228.112613
1780456776,226.759160
1780456776,286.882721
1780456776,226.981877
1780456776,286.112595
1780456776,238.130494
1780456776,170.211653
1780456776,238.246321
1780456776,287.247720
1780456776,287.208368
1780456776,238.398614
1780456776,238.509578
1780456776,287.436668
1780456776,244.986800
1780456776,244.461258
1780456776,287.586640
1780456776,287.676737
1780456776,287.824874
1780456776,287.838132
1780456776,246.416381
1780456776,290.124861
1780456776,292.026713
1780456776,177.678300
1780456776,191.441498
1780456776,191.728963
1780456776,192.066671
1780456776,191.966637
1780456776,192.301623
1780456776,191.992786
1780456776,192.405282
1780456776,191.610231
1780456776,239.233343
1780456776,191.801665
1780456776,239.386909
1780456776,191.716592
1780456776,192.157170
1780456776,192.387504
1780456776,192.562304
1780456776,248.318254
1780456776,192.459811
1780456776,222.641556
1780456776,222.673568
1780456776,192.261778
1780456776,252.187664
1780456776,192.448825
1780456776,222.857995
1780456776,226.047738
1780456776,270.409849
1780456776,192.461209
1780456776,192.267332
1780456776,226.230162
1780456776,228.462436
1780456776,270.659216
1780456776,192.606909
1780456776,228.643617
1780456776,271.571812
1780456776,192.962467
1780456776,228.813420
1780456776,272.229885
1780456776,271.724946
1780456776,272.425108
1780456776,273.191491
1780456776,275.225901
1780456776,275.300503
1780456776,275.396689
1780456776,275.409631
1780456776,275.487162
1780456776,278.066144
1780456776,282.041854
1780456776,275.613016
1780456776,160.645978
1780456776,160.996967
1780456776,171.078580
1780456776,160.537364
1780456776,161.269807
1780456776,161.447933
1780456776,140.127686
1780456776,140.505427
1780456776,140.889437
1780456776,173.594295
1780456776,164.646331
1780456776,165.812216
1780456776,163.992122
1780456776,164.129396
1780456776,164.252158
1780456776,164.421008
1780456776,202.151395
1780456776,164.489904
1780456776,164.703944
1780456776,202.424197
1780456776,164.989760
1780456776,202.850527
1780456776,165.321017
1780456776,166.322913
1780456776,165.828058
1780456776,191.229102
1780456776,166.671172
1780456776,191.735735
1780456776,192.075138
1780456776,188.323829
1780456776,183.187238
1780456776,169.198784
1780456776,169.401490
1780456776,172.464297
1780456776,173.035299
1780456776,192.437383
1780456776,192.643018
1780456776,192.688196
1780456776,192.584692
1780456776,206.906975
1780456776,172.678002
1780456776,172.770631
1780456776,173.188328
1780456776,172.915466
1780456776,173.035097
1780456776,173.131669
1780456776,173.248239
1780456776,173.409205
1780456776,173.473521
1780456776,210.264193
1780456776,210.142889
1780456776,210.082414
1780456776,210.164562
1780456776,210.214060
1780456776,202.161201
1780456776,210.502641
1780456776,210.648778
1780456776,210.582974
1780456776,187.132962
1780456776,228.117309
1780456776,210.736829
1780456776,210.773375
1780456776,220.052410
1780456776,220.086198
1780456776,221.743238
1780456776,198.494636
1780456776,228.334026
1780456776,228.344516
1780456776,199.831177
1780456776,199.930292
1780456776,228.540627
1780456776,211.181294
1780456776,191.534800
1780456776,222.127285
1780456776,265.203820
1780456776,266.962805
1780456776,270.053162
1780456776,277.629655
1780456776,280.174336
1780456776,228.862565
1780456776,286.303142
1780456776,234.737071
1780456776,238.758086
1780456776,171.717220
1780456776,175.799430
1780456776,171.949937
1780456776,186.053004
1780456776,175.772425
1780456776,172.160171
1780456776,176.031203
1780456776,165.468627
1780456776,187.607416
1780456776,190.296211
1780456776,162.319247
1780456776,190.363563
1780456776,172.457678
1780456776,190.463108
1780456776,195.205507
1780456776,195.203839
1780456776,199.710837
1780456776,212.112431
1780456776,212.140964
1780456776,212.289954
1780456776,154.895221
1780456776,162.286834
1780456776,190.702187
1780456776,190.755289
1780456776,200.001231
1780456776,195.550793
1780456776,206.186558
1780456776,212.375750
1780456776,200.132718
1780456776,212.383411
1780456776,212.508926
1780456776,212.561085
1780456776,177.197807
1780456776,176.260064
1780456776,176.132474
1780456776,175.888503
1780456776,176.166309
1780456776,176.031637
1780456776,177.620655
1780456776,173.207414
1780456776,173.445094
1780456776,177.821439
1780456776,163.550809
1780456776,177.872062
1780456776,163.132995
1780456776,173.897628
1780456776,173.623120
1780456776,173.575939
1780456776,174.111204
1780456776,173.813840
1780456776,177.846061
1780456776,167.099991
1780456776,174.087674
1780456776,177.759245
1780456776,173.896436
1780456776,178.240132
1780456776,170.998947
1780456776,167.789263
1780456776,171.169256
1780456776,178.492296
1780456776,168.094925
1780456776,171.423860
1780456776,164.638212
1780456776,171.504488
1780456776,168.416221
1780456776,175.150075
1780456776,164.757586
1780456776,175.644005
1780456776,164.729497
1780456776,175.790605
1780456776,179.463611
1780456776,168.730806
1780456776,175.889815
1780456776,165.167101
1780456776,165.867577
1780456776,176.342333
1780456776,165.371956
1780456776,166.730915
1780456776,177.329947
1780456776,177.655792
1780456776,177.777797
1780456776,178.091288
1780456776,167.888701
1780456776,167.662670
1780456776,168.157854
1780456776,167.819727
1780456776,178.149199
1780456776,171.518301
1780456776,168.011667
1780456776,178.468310
1780456776,177.764915
1780456776,168.268541
1780456776,162.012629
1780456776,168.915907
1780456776,178.899823
1780456776,173.019022
1780456776,173.015216
1780456776,173.123199
1780456776,169.803685
1780456776,173.023015
1780456776,162.067726
1780456776,173.128861
1780456776,169.705023
1780456776,169.433806
1780456776,162.420819
1780456776,170.019438
1780456776,162.724344
1780456776,164.064135
1780456776,162.514422
1780456776,162.615385
1780456776,172.048687
1780456776,186.135460
1780456776,172.713193
1780456776,174.939579
1780456776,176.257207
1780456776,185.905274
1780456776,144.447814
1780456776,186.073800
1780456776,160.741827
1780456776,144.508710
1780456776,160.739224
1780456776,160.884568
1780456776,186.292181
1780456776,186.346519
1780456776,144.480824
1780456776,186.300918
1780456776,173.575530
1780456776,145.296635
1780456776,160.535543
1780456776,173.645424
1780456776,178.014941
1780456776,145.649146
1780456776,160.884061
1780456776,145.549358
1780456776,178.444235
1780456776,148.521169
1780456776,150.119568
1780456776,162.360497
1780456776,145.886354
1780456776,146.226123
1780456776,163.625172
1780456776,146.292843
1780456776,162.986597
1780456776,146.985869
1780456776,146.837484
1780456776,163.361859
1780456776,149.907494
1780456776,147.536172
1780456776,151.851525
1780456776,147.709676
1780456776,147.605103
1780456776,147.645484
1780456776,150.590334
1780456776,148.341962
1780456776,152.650516
1780456776,152.773950
1780456776,150.899657
1780456776,151.051210
1780456776,148.666613
1780456776,177.038409
1780456776,153.056079
1780456776,151.523625
1780456776,153.319514
1780456776,153.208937
1780456776,181.696975
1780456776,153.096687
1780456776,134.260514
1780456776,177.706433
1780456776,152.936913
1780456776,153.826269
1780456776,182.278996
1780456776,154.163206
1780456776,153.151826
1780456776,178.190683
1780456776,132.394265
1780456776,152.680715
1780456776,153.575432
1780456776,153.817205
1780456776,182.925785
1780456776,133.206909
1780456776,150.403423
1780456776,133.289598
1780456776,134.065384
1780456776,183.301416
1780456776,132.962444
1780456776,131.793147
1780456776,177.048166
1780456776,155.423451
1780456776,155.509044
1780456776,167.679070
1780456776,131.444825
1780456776,132.369366
1780456776,152.978747
1780456776,155.634313
1780456776,155.776458
1780456776,156.454032
1780456776,156.634103
1780456776,156.784126
1780456776,142.894775
1780456776,157.933299
1780456776,158.070532
1780456776,158.108896
1780456776,158.230583
1780456776,157.998431
1780456776,143.735709
1780456776,158.330665
1780456776,156.808499
1780456776,138.805451
1780456776,158.511495
1780456776,158.669964
1780456776,159.449446
1780456776,128.440078
1780456776,139.197911
1780456776,159.008079
1780456776,128.703918
1780456776,159.843748
1780456776,159.339946
1780456776,159.403613
1780456776,139.375565
1780456776,159.569393
1780456776,160.368971
1780456776,159.758806
1780456776,160.503978
1780456776,154.338647
1780456776,145.564975
1780456776,145.499488
1780456776,145.675679
1780456776,145.976187
1780456776,161.612891
1780456776,124.301428
1780456776,138.559661
1780456776,158.764029
1780456776,138.683237
1780456776,144.334866
1780456776,166.237441
1780456776,143.961056
1780456776,163.110604
1780456776,142.590579
1780456776,166.995194
1780456776,144.356193
1780456776,168.170659
1780456776,144.945786
1780456776,147.113203
1780456776,190.714719
1780456776,169.082794
1780456776,142.052995
1780456776,145.969171
1780456776,184.695383
1780456776,190.690660
1780456776,191.363942
1780456776,167.091052
1780456776,165.892034
1780456776,165.907726
1780456776,182.304881
1780456776,165.906711
1780456776,167.102032
1780456776,171.638848
1780456776,170.155547
1780456776,170.286235
1780456776,170.399827
1780456776,170.592995
1780456776,170.829470
1780456776,172.768006
1780456776,172.694929
1780456776,173.227626
1780456776,195.213050
1780456776,171.845582
1780456776,172.670245
1780456776,174.285382
1780456776,174.374699
1780456776,174.301753
1780456776,173.228440
1780456776,173.262227
1780456776,173.488744
1780456776,150.478713
1780456776,173.662357
1780456776,173.866119
1780456776,174.107560
1780456776,175.320813
1780456776,174.420434
1780456776,149.219185
1780456776,174.696390
1780456776,156.816674
1780456776,175.516374
1780456776,140.241331
1780456776,177.318889
1780456776,177.628342
1780456776,140.618923
1780456776,176.474467
1780456776,174.979467
1780456776,179.196703
1780456776,179.106017
1780456776,165.776724
1780456776,175.682790
1780456776,166.008990
1780456776,165.733701
1780456776,165.982692
1780456776,166.221614
1780456776,141.326596
1780456776,180.024107
1780456776,179.912401
1780456776,176.424669
1780456776,166.059728
1780456776,181.229457
1780456776,162.308970
1780456776,153.944743
1780456776,153.857301
1780456776,156.625821
1780456776,162.505805
1780456776,154.255273
1780456776,157.356794
1780456776,157.558050
1780456776,135.361539
1780456776,156.256506
1780456776,181.037764
1780456776,142.323539
1780456776,181.243540
1780456776,160.531190
1780456776,184.069651
1780456776,161.919305
1780456776,184.193641
1780456776,144.683305
1780456776,160.809292
1780456776,144.965947
1780456776,160.607133
1780456776,184.669447
1780456776,145.596127
1780456776,160.587743
1780456776,135.798860
1780456776,160.640742
1780456776,144.373813
1780456776,185.066813
1780456776,137.934531
1780456776,170.914079
1780456776,181.772989
1780456776,186.074375
1780456776,138.252785
1780456776,186.188944
1780456776,186.084011
1780456776,136.944362
1780456776,148.886804
1780456776,182.946807
1780456776,185.571207
1780456776,135.506813
1780456776,186.623287
1780456776,133.800262
1780456776,186.598887
1780456776,134.258883
1780456776,186.685101
1780456776,186.553155
1780456776,157.905421
1780456776,187.479992
1780456776,157.232316
1780456776,155.248984
1780456776,186.707671
1780456776,185.734877
1780456776,174.659235
1780456776,134.561036
1780456776,173.730504
1780456776,186.200451
1780456776,173.885132
1780456776,135.474621
1780456776,174.022460
1780456776,152.875953
1780456776,174.503720
1780456776,186.363499
1780456776,188.728951
1780456776,138.197777
1780456776,138.748053
1780456776,138.888093
1780456776,189.958152
1780456776,180.468163
1780456776,190.516915
1780456776,139.442327
1780456776,190.925926
1780456776,191.560979
1780456776,188.904330
1780456776,191.668368
1780456776,180.046960
1780456776,180.042828
1780456776,179.985966
1780456776,172.719481
1780456776,180.119337
1780456776,172.598099
1780456776,171.595974
1780456776,172.676634
1780456776,171.965508
1780456776,175.502425
1780456776,182.979237
1780456776,172.610396
1780456776,172.937054
1780456776,172.701438
1780456776,178.270159
1780456776,172.421911
1780456776,172.238414
1780456776,183.374786
1780456776,183.764373
1780456776,183.953896
1780456776,184.553233
1780456776,143.202053
1780456776,143.185494
1780456776,140.591362
1780456776,142.048680
1780456776,141.538836
1780456776,143.205844
1780456776,142.002834
1780456776,140.699025
1780456776,141.194507
1780456776,141.331986
1780456776,141.111825
1780456776,186.128865
1780456776,186.361854
1780456776,187.333864
1780456776,187.271583
1780456776,187.967993
1780456776,187.657099
1780456776,188.254674
1780456776,186.200199
1780456776,186.372867
1780456776,188.423714
1780456776,184.749067
1780456776,188.775955
1780456776,184.749956
1780456776,188.271977
1780456776,185.234637
1780456776,185.327071
1780456776,185.538350
1780456776,185.597352
1780456776,189.760066
1780456776,183.219653
1780456776,164.993345
1780456776,186.989732
1780456776,210.430213
1780456776,200.765930
1780456776,200.932260
1780456776,208.264907
1780456776,211.362739
1780456776,175.948524
1780456776,201.437160
1780456776,201.705337
1780456776,201.826063
1780456776,198.505762
1780456776,201.115797
1780456776,159.707242
1780456776,159.628569
1780456776,157.641407
1780456776,151.649044
1780456776,145.730067
1780456776,158.883875
1780456776,154.855141
1780456776,170.318515
1780456776,159.133323
1780456776,168.593770
1780456776,169.276746
1780456776,172.514310
1780456776,143.301130
1780456776,178.409670
1780456776,164.890585
1780456776,175.585263
1780456776,162.600097
1780456776,163.434086
1780456776,163.112533
1780456776,161.257093
1780456776,164.821233
1780456776,192.928699
1780456776,166.804404
1780456776,162.674740
1780456776,193.243495
1780456776,193.107237
1780456776,163.868387
1780456776,163.370307
1780456776,163.228093
1780456776,155.462638
1780456776,156.001906
1780456776,158.126417
1780456776,160.382044
1780456776,160.708317
1780456776,185.166241
1780456776,185.290560
1780456776,161.242682
1780456776,187.686027
1780456776,161.537318
1780456776,191.962522
1780456776,188.949528
1780456776,192.214295
1780456776,179.521129
1780456776,168.258893
1780456776,169.210328
1780456776,173.618957
1780456776,174.567850
1780456776,168.737114
1780456776,163.153325
1780456776,148.170224
1780456776,148.270157
1780456776,163.639896
1780456776,148.113771
1780456776,148.244719
1780456776,148.037406
1780456776,147.946202
1780456776,148.030846
1780456776,148.255736
1780456776,147.979421
1780456776,148.161495
1780456776,204.166735
1780456776,204.789129
1780456776,202.577748
1780456776,190.218713
1780456776,202.481356
1780456776,186.870403
1780456776,204.602674
1780456776,182.130209
1780456776,184.245576
1780456776,184.062919
1780456776,178.415353
1780456776,183.790080
1780456776,190.410264
1780456776,182.479300
1780456776,213.895606
1780456776,180.689337
1780456776,213.983540
1780456776,182.154842
1780456776,184.196104
1780456776,214.231807
1780456776,189.628854
1780456776,214.723483
1780456776,214.029243
1780456776,214.618221
1780456776,152.443328
1780456776,155.473114
1780456776,214.803858
1780456776,166.340574
1780456776,182.746741
1780456776,181.081513
1780456776,214.133531
1780456776,182.661597
1780456776,156.698995
1780456776,156.657892
1780456776,215.079179
1780456776,210.150372
1780456776,208.643506
1780456776,208.291668
1780456776,206.407567
1780456776,231.035597
1780456776,231.802237
1780456776,230.944819
1780456776,231.576448
1780456776,210.362828
1780456776,231.166734
1780456776,231.236859
1780456776,230.955646
1780456776,231.184414
1780456776,230.940045
1780456776,231.376624
1780456776,231.109029
1780456776,231.223427
1780456776,231.782685
1780456776,196.950840
1780456776,231.048582
1780456776,197.140582
1780456776,230.962356
1780456776,197.403878
1780456776,192.912881
1780456776,217.174604
1780456776,192.372677
1780456776,217.383538
1780456776,217.446283
1780456776,217.066922
1780456776,194.458533
1780456776,231.209380
1780456776,197.161461
1780456776,231.349025
1780456776,231.464322
1780456776,193.109315
1780456776,231.539090
1780456776,217.319708
1780456776,186.770399
1780456776,191.919837
1780456776,217.327466
1780456776,188.612193
1780456776,217.533607
1780456776,158.154024
1780456776,158.160893
1780456776,217.998010
1780456776,158.156137
1780456776,209.552431
1780456776,156.936615
1780456776,144.856198
1780456776,144.684221
1780456776,156.867269
1780456776,144.679025
1780456776,144.983586
1780456776,187.204593
1780456776,218.220342
1780456776,215.932372
1780456776,214.151611
1780456776,187.740713
1780456776,190.521539
1780456776,190.115168
1780456776,210.971070
1780456776,186.906218
1780456776,188.597444
1780456776,182.327930
1780456776,219.145479
1780456776,199.491572
1780456776,221.942984
1780456776,206.481772
1780456776,206.401534
1780456776,201.552641
1780456776,189.387459
1780456776,223.288751
1780456776,203.064212
1780456776,207.678028
1780456776,211.002070
1780456776,206.204205
1780456776,225.891177
1780456776,225.728811
1780456776,197.161615
1780456776,227.128870
1780456776,229.269296
1780456776,229.523876
1780456776,229.168953
1780456776,230.080968
1780456776,205.983422
1780456776,193.202603
1780456776,199.199281
1780456776,208.304069
1780456776,209.634068
1780456776,202.495212
1780456776,203.722465
1780456776,209.794072
1780456776,204.279907
1780456776,211.065422
1780456776,212.966809
1780456776,214.081890
1780456776,213.639244
1780456776,214.776495
1780456776,214.698347
1780456776,215.000816
1780456776,208.327762
1780456776,208.579997
1780456776,210.761785
1780456776,215.305931
1780456776,214.070929
1780456776,217.875122
1780456776,217.888075
1780456776,218.173686
1780456776,206.826596
1780456776,218.720496
1780456776,213.477203
1780456776,212.732575
1780456776,219.305200
1780456776,219.947962
1780456776,205.977751
1780456776,209.948838
1780456776,207.258027
1780456776,218.692318
1780456776,220.296013
1780456776,221.624818
1780456776,208.489319
1780456776,181.193287
1780456776,190.875773
1780456776,182.109307
1780456776,182.288082
1780456776,183.239717
1780456776,183.032619
1780456776,183.409167
1780456776,183.351542
1780456776,185.121852
1780456776,183.807876
1780456776,184.134438
1780456776,184.553889
1780456776,184.770726
1780456776,188.739277
1780456776,186.340097
1780456776,199.045417
1780456776,189.757996
1780456776,191.120603
1780456776,213.201381
1780456776,213.847464
1780456776,188.167149
1780456776,192.712240
1780456776,193.320949
1780456776,201.846804
1780456776,215.196352
1780456776,227.828457
1780456776,219.562667
1780456776,192.327646
1780456776,204.612271
1780456776,195.173184
1780456776,195.413347
1780456776,191.570630
1780456776,230.813826
1780456776,196.938272
1780456776,230.542787
1780456776,197.459813
1780456776,231.271633
1780456776,231.444278
1780456776,185.506391
1780456776,193.850581
1780456776,232.021352
1780456776,187.373639
1780456776,193.300615
1780456776,245.817737
1780456776,189.262067
1780456776,194.018385
1780456776,187.008941
1780456776,194.730939
1780456776,241.555971
1780456776,252.110779
1780456776,257.490731
1780456776,224.742605
1780456776,189.113566
1780456776,225.020350
1780456776,225.434166
1780456776,229.913930
1780456776,230.399170
1780456776,207.158482
1780456776,213.359392
1780456776,213.553247
1780456776,211.399824
1780456776,214.046618
1780456776,213.111676
1780456776,212.967799
1780456776,217.771891
1780456776,219.310257
1780456776,216.223271
1780456776,219.926195
1780456776,239.712308
1780456776,243.060866
1780456776,245.189645
1780456776,226.018692
1780456776,166.021470
1780456776,166.987428
1780456776,227.891489
1780456776,215.418883
1780456776,218.431805
1780456776,228.575147
1780456776,168.648989
1780456776,231.563792
1780456776,248.963215
1780456776,222.903124
1780456776,251.765768
1780456776,246.412285
1780456776,254.018388
1780456776,254.152663
1780456776,254.471435
1780456776,266.109004
1780456776,255.452152
1780456776,255.663592
1780456776,256.036197
1780456776,235.289577
1780456776,226.254347
1780456776,227.226522
1780456776,258.938072
1780456776,259.523561
1780456776,272.102924
1780456776,273.404451
1780456776,273.889998
1780456776,264.203616
1780456776,274.728445
1780456776,239.880155
1780456776,240.609873
1780456776,240.960222
1780456776,242.247562
1780456776,231.133830
1780456776,258.126774
1780456776,243.241559
1780456776,257.892694
1780456776,264.914349
1780456776,265.317244
1780456776,265.534866
1780456776,266.643649
1780456776,267.821757
1780456776,269.714893
1780456776,270.482309
1780456776,273.717776
1780456776,275.228368
1780456776,275.439432
1780456776,288.568298
1780456776,239.608607
1780456776,206.935161
1780456776,208.363964
1780456776,163.091514
1780456776,241.333258
1780456776,253.620475
1780456776,254.167965
1780456776,165.043753
1780456776,165.106553
1780456776,258.697429
1780456776,165.892247
1780456776,270.156655
1780456776,270.314536
1780456776,243.457431
1780456776,252.379561
1780456776,246.964799
1780456776,248.784903
1780456776,250.535819
1780456776,172.968226
1780456776,251.112147
1780456776,252.849888
1780456776,174.298297
1780456776,251.904646
1780456776,253.722828
1780456776,256.115574
1780456776,257.655952
1780456776,257.629389
1780456776,256.443783
1780456776,258.802591
1780456776,312.542613
1780456776,295.663145
1780456776,294.198430
1780456776,297.743412
1780456776,302.812464
1780456776,177.617485
1780456776,305.667755
1780456776,305.872516
1780456776,306.223827
1780456776,306.584725
1780456776,292.360265
1780456776,307.300572
1780456776,307.444678
1780456776,307.943202
1780456776,308.160388
1780456776,308.511480
1780456776,180.716420
1780456776,181.068882
1780456776,181.976893
1780456776,182.554689
1780456776,182.850131
1780456776,183.299762
1780456776,183.636815
1780456776,285.250036
1780456776,310.933595
1780456776,320.050734
1780456776,301.938040
1780456776,266.802335
1780456776,226.184126
1780456776,269.493407
1780456776,269.587333
1780456776,302.563744
1780456776,302.515551
1780456776,304.069560
1780456776,284.537009
1780456776,273.920543
1780456776,284.850996
1780456776,284.960427
1780456776,285.097343
1780456776,287.369282
1780456776,290.015924
1780456776,289.681652
1780456776,290.231880
1780456776,290.306351
1780456776,296.052378
1780456776,308.800258
1780456776,309.260393
1780456776,299.577201
1780456776,276.952651
1780456776,235.283336
1780456776,280.828260
1780456776,197.396972
1780456776,274.699105
1780456776,295.437954
1780456776,279.082478
1780456776,307.464180
1780456776,308.942437
1780456776,309.609532
1780456776,341.412403
1780456776,282.244695
1780456776,298.305897
1780456776,300.899125
1780456776,303.252006
1780456776,303.556013
1780456776,343.576486
1780456776,312.017142
1780456776,313.425938
1780456776,314.010621
1780456776,352.464728
1780456776,352.615698
1780456776,353.906310
1780456776,238.014696
1780456776,239.157817
1780456776,219.900302
1780456776,219.994096
1780456776,220.222816
1780456776,220.437483
1780456776,220.580451
1780456776,220.836491
1780456776,239.981839
1780456776,221.141900
1780456776,240.354366
1780456776,240.620632
1780456776,240.869932
1780456776,240.777091
1780456776,241.144521
1780456776,241.533688
1780456776,241.687325
1780456776,243.641225
1780456776,241.785230
1780456776,242.317577
1780456776,242.008402
1780456776,242.455402
1780456776,290.539280
1780456776,296.016131
1780456776,202.965742
1780456776,203.284433
1780456776,291.141838
1780456776,233.515388
1780456776,203.630206
1780456776,233.397820
1780456776,291.828539
1780456776,234.131992
1780456776,235.769829
1780456776,236.053136
1780456776,236.033216
1780456776,236.519459
1780456776,217.675256
1780456776,194.131415
1780456776,222.418598
1780456776,191.539757
1780456776,222.698596
1780456776,222.869162
1780456776,223.030333
1780456776,180.539159
1780456776,180.745044
1780456776,180.946072
1780456776,181.077460
1780456776,195.162693
1780456776,195.261792
1780456776,194.835815
1780456776,195.007861
1780456776,195.497073
1780456776,195.795883
1780456776,195.189290
1780456776,193.778319
1780456776,270.325195
1780456776,237.638450
1780456776,364.532567
1780456776,194.183724
1780456776,365.827563
1780456776,367.644800
1780456776,367.968768
1780456776,368.053914
1780456776,333.972583
1780456776,334.662593
1780456776,368.991421
1780456776,335.042693
1780456776,335.164548
1780456776,335.401606
1780456776,297.077830
1780456776,327.394226
1780456776,327.494365
1780456776,329.950765
1780456776,329.118210
1780456776,330.416799
1780456776,331.895516
1780456776,331.904466
1780456776,273.403052
1780456776,273.960891
1780456776,273.794294
1780456776,303.488316
1780456776,310.557944
1780456776,310.026828
1780456776,313.343085
1780456776,320.011939
1780456776,250.635087
1780456776,250.973907
1780456776,251.017431
1780456776,250.755936
1780456776,251.327570
1780456776,251.663802
1780456776,252.191350
1780456776,300.549035
1780456776,342.650397
1780456776,342.996335
1780456776,199.261232
1780456776,343.381765
1780456776,343.970541
1780456776,336.765561
1780456776,329.097282
1780456776,331.782608
1780456776,305.243190
1780456776,305.659305
1780456776,337.017914
1780456776,338.261538
1780456776,340.808332
1780456776,306.172494
1780456776,278.640727
1780456776,278.934247
1780456776,223.398282
1780456776,316.617872
1780456776,318.200191
1780456776,228.552204
1780456776,229.127099
1780456776,228.940191
1780456776,271.422330
1780456776,279.582241
1780456776,279.905418
1780456776,280.042718
1780456776,319.211164
1780456776,308.281960
1780456776,312.523132
1780456776,312.905815
1780456776,215.105886
1780456776,313.135093
1780456776,215.565464
1780456776,313.655691
1780456776,237.804338
1780456776,216.060390
1780456776,315.187760
1780456776,216.350394
1780456776,315.580509
1780456776,216.673389
1780456776,317.499284
1780456776,249.135414
1780456776,238.864128
1780456776,236.690873
1780456776,317.756869
1780456776,237.011025
1780456776,318.101512
1780456776,251.017607
1780456776,225.144776
1780456776,251.201645
1780456776,225.414685
1780456776,237.907566
1780456776,319.083415
1780456776,252.058960
1780456776,226.061818
1780456776,238.428472
1780456776,252.637158
1780456776,253.212882
1780456776,226.820337
1780456776,253.605158
1780456776,241.541121
1780456776,253.768359
1780456776,227.353150
1780456776,227.897710
1780456776,239.980456
1780456776,240.237624
1780456776,228.139172
1780456776,285.701061
1780456776,322.340679
1780456776,285.981709
1780456776,228.960941
1780456776,211.088674
1780456776,332.114634
1780456776,212.351977
1780456776,244.100482
1780456776,212.686149
1780456776,229.321675
1780456776,241.819068
1780456776,242.170614
1780456776,334.366520
1780456776,242.275886
1780456776,210.829092
1780456776,242.813831
1780456776,263.621696
1780456776,243.322946
1780456776,316.649754
1780456776,339.569453
1780456776,265.253772
1780456776,216.718327
1780456776,265.673500
1780456776,217.171695
1780456776,322.511172
1780456776,216.037994
1780456776,342.175738
1780456776,245.903452
1780456776,266.154675
1780456776,198.971529
1780456776,315.304973
1780456776,349.763432
1780456776,245.975561
1780456776,280.257834
1780456776,316.042472
1780456776,246.576448
1780456776,247.147067
1780456776,316.470549
1780456776,247.525216
1780456776,235.049942
1780456776,247.814106
1780456776,268.705923
1780456776,248.071575
1780456776,248.278996
1780456776,248.574393
1780456776,248.401684
1780456776,248.889950
1780456776,248.690058
1780456776,243.888027
1780456776,202.217952
1780456776,249.891598
1780456776,244.088609
1780456776,386.864491
1780456776,322.259528
1780456776,202.771695
1780456776,354.059001
1780456776,210.214753
1780456776,218.580461
1780456776,210.702382
1780456776,355.465453
1780456776,356.814657
1780456776,211.523809
1780456776,211.703858
1780456776,211.857471
1780456776,292.749051
1780456776,272.703872
1780456776,324.942953
1780456776,212.495804
1780456776,364.165376
1780456776,359.825949
1780456776,212.551323
1780456776,212.836962
1780456776,213.319528
1780456776,240.349555
1780456776,347.632650
1780456776,223.681587
1780456776,274.004349
1780456776,224.130375
1780456776,355.797721
1780456776,207.207275
1780456776,224.562921
1780456776,207.810491
1780456776,242.341265
1780456776,255.247940
1780456776,214.625798
1780456776,295.528185
1780456776,362.064772
1780456776,225.000032
1780456776,245.154600
1780456776,275.860554
1780456776,235.178505
1780456776,225.647626
1780456776,275.835713
1780456776,226.025050
1780456776,243.702962
1780456776,224.194796
1780456776,226.724389
1780456776,227.255164
1780456776,296.943660
1780456776,213.196911
1780456776,213.026719
1780456776,209.835612
1780456776,236.574329
1780456776,210.096952
1780456776,199.892053
1780456776,200.151741
1780456776,198.725076
1780456776,228.297442
1780456776,201.094227
1780456776,199.290859
1780456776,201.121546
1780456776,199.397019
1780456776,237.948337
1780456776,211.539406
1780456776,200.433111
1780456776,238.273143
1780456776,211.938873
1780456776,212.179417
1780456776,238.674649
1780456776,215.478399
1780456776,214.132597
1780456776,214.665105
1780456776,215.038034
1780456776,215.241664
1780456776,216.388758
1780456776,215.422853
1780456776,215.528568
1780456776,214.655533
1780456776,216.297527
1780456776,215.342254
1780456776,247.547494
1780456776,215.457373
1780456776,247.888173
1780456776,214.821686
1780456776,213.174528
1780456776,216.572765
1780456776,213.285247
1780456776,216.681735
1780456776,213.359145
1780456776,241.572610
1780456776,254.448181
1780456776,216.053157
1780456776,219.946618
1780456776,215.813962
1780456776,254.596818
1780456776,215.107232
1780456776,220.223207
1780456776,241.661649
1780456776,220.316076
1780456776,241.832781
1780456776,215.277402
1780456776,254.699272
1780456776,254.817842
1780456776,242.053070
1780456776,254.465488
1780456776,216.133883
1780456776,254.926850
1780456776,240.195717
1780456776,255.093902
1780456776,213.742667
1780456776,232.521979
1780456776,255.079038
1780456776,213.897521
1780456776,230.210665
1780456776,240.338089
1780456776,255.278706
1780456776,240.408070
1780456776,255.381942
1780456776,240.414126
1780456776,255.313268
1780456776,187.043591
1780456776,214.021889
1780456776,202.705494
1780456776,255.637695
1780456776,192.331300
1780456776,216.278897
1780456776,240.608057
1780456776,216.352557
1780456776,203.575556
1780456776,217.345173
1780456776,203.127715
1780456776,255.052251
1780456776,203.834159
1780456776,305.352411
1780456776,203.427288
1780456776,301.622788
1780456776,203.210585
1780456776,305.482568
1780456776,241.922321
1780456776,255.223475
1780456776,203.398420
1780456776,255.827360
1780456776,203.529326
1780456776,255.325734
1780456776,242.068309
1780456776,255.954748
1780456776,256.151249
1780456776,204.094453
1780456776,203.574880
1780456776,214.258398
1780456776,231.109931
1780456776,204.489083
1780456776,231.983891
1780456776,204.194424
1780456776,231.312448
1780456776,203.953049
1780456776,231.431197
1780456776,204.299090
1780456776,204.364844
1780456776,231.353569
1780456776,186.434459
1780456776,216.453238
1780456776,231.611568
1780456776,231.357017
1780456776,186.396049
1780456776,231.502213
1780456776,231.735436
1780456776,231.403055
1780456776,186.392888
1780456776,186.233800
1780456776,231.656525
1780456776,231.796598
1780456776,186.347577
1780456776,231.897335
1780456776,186.530143
1780456776,231.961351
1780456776,187.242580
1780456776,232.093357
1780456776,187.347001
1780456776,232.260508
1780456776,187.521052
1780456776,248.630066
1780456776,187.735821
1780456776,232.396258
1780456776,187.814267
1780456776,232.186066
1780456776,188.094674
1780456776,232.284357
1780456776,187.908461
1780456776,232.115493
1780456776,231.647264
1780456776,232.014635
1780456776,232.387596
1780456776,249.186420
1780456776,232.279476
1780456776,215.013180
1780456776,187.618849
1780456776,249.310326
1780456776,187.942416
1780456776,249.398587
1780456776,232.349617
1780456776,249.506647
1780456776,187.916326
1780456776,249.389514
1780456776,230.162117
1780456776,249.641358
1780456776,188.013697
1780456776,249.733006
1780456776,231.807588
1780456776,249.671713
1780456776,249.977340
1780456776,215.573905
1780456776,188.390353
1780456776,188.682773
1780456776,232.958241
1780456776,233.122941
1780456776,188.712077
1780456776,188.050821
1780456776,180.611158
1780456776,188.698433
1780456776,188.485427
1780456776,188.830495
1780456776,213.157955
1780456776,182.285977
1780456776,233.210517
1780456776,188.994180
1780456776,215.458195
1780456776,187.292544
1780456776,214.378716
1780456776,190.220381
1780456776,218.026525
1780456776,190.293578
1780456776,188.772349
1780456776,188.567527
1780456776,188.403762
1780456776,188.155431
1780456776,234.600691
1780456776,194.372577
1780456776,189.180292
1780456776,198.246248
1780456776,188.505358
1780456776,199.079664
1780456776,234.737817
1780456776,201.266067
1780456776,189.302934
1780456776,211.228088
1780456776,188.642181
1780456776,201.372225
1780456776,188.772538
1780456776,201.404167
1780456776,189.095948
1780456776,233.248093
1780456776,234.996901
1780456776,233.074317
1780456776,189.272154
1780456776,233.484902
1780456776,189.529037
1780456776,182.136239
1780456776,188.969958
1780456776,233.684749
1780456776,205.653877
1780456776,235.215680
1780456776,205.673348
1780456776,189.108425
1780456776,205.830945
1780456776,189.496386
1780456776,235.337942
1780456776,206.475871
1780456776,205.988384
1780456776,206.566233
1780456776,204.054432
1780456776,219.222573
1780456776,235.473839
1780456776,219.060849
1780456776,196.572060
1780456776,211.687505
1780456776,206.221565
1780456776,216.567396
1780456776,235.578829
1780456776,219.385482
1780456776,219.335769
1780456776,218.504998
1780456776,206.096203
1780456776,126.942406
1780456776,196.908555
1780456776,120.511385
1780456776,206.341754
1780456776,112.437255
1780456776,235.793774
1780456776,173.940857
1780456776,204.742863
1780456776,120.169768
1780456776,206.170937
1780456776,206.154354
1780456776,116.643801
1780456776,171.158033
1780456776,197.145150
1780456776,117.608455
1780456776,129.305762
1780456776,236.491018
1780456776,128.569184
1780456776,174.319756
1780456776,204.931279
1780456776,127.049326
1780456776,206.996149
1780456776,127.486151
1780456776,216.814823
1780456776,132.266513
1780456776,207.155093
1780456776,117.670568
1780456776,243.481952
1780456776,122.252789
1780456776,207.172044
1780456776,118.037227
1780456776,205.376129
1780456776,119.492300
1780456776,189.925283
1780456776,113.463713
1780456776,243.543681
1780456776,120.969155
1780456776,253.741992
1780456776,120.871089
1780456776,142.157337
1780456776,122.257002
1780456776,219.348579
1780456776,128.170362
1780456776,117.755752
1780456776,118.051882
1780456776,121.677090
1780456776,175.401892
1780456776,118.277393
1780456776,172.811555
1780456776,141.375699
1780456776,122.744356
1780456776,122.073927
1780456776,234.518648
1780456776,174.843151
1780456776,205.629491
1780456776,127.860162
1780456776,183.845069
1780456776,122.511599
1780456776,189.548226
1780456776,123.620568
1780456776,185.411190
1780456776,174.953147
1780456776,190.288952
1780456776,191.370020
1780456776,123.350399
1780456776,193.601755
1780456776,124.719210
1780456776,197.833826
1780456776,124.528685
1780456776,194.113751
1780456776,124.079373
1780456776,203.539693
1780456776,125.278161
1780456776,204.713469
1780456776,125.108769
1780456776,220.249203
1780456776,125.595927
1780456776,205.843393
1780456776,125.413855
1780456776,205.909440
1780456776,125.821743
1780456776,220.421958
1780456776,126.298686
1780456776,221.283106
1780456776,146.064262
1780456776,206.012726
1780456776,126.583444
1780456776,193.093808
1780456776,177.199077
1780456776,126.131811
1780456776,146.628324
1780456776,206.204657
1780456776,176.152155
1780456776,208.499949
1780456776,129.553455
1780456776,215.024166
1780456776,176.962101
1780456776,213.930872
1780456776,127.561693
1780456776,215.093053
1780456776,130.364045
1780456776,184.778633
1780456776,127.356532
1780456776,209.047502
1780456776,209.789601
1780456776,130.702192
1780456776,208.801646
1780456776,147.152386
1780456776,209.889744
1780456776,128.605888
1780456776,128.170116
1780456776,128.840627
1780456776,131.187599
1780456776,209.064596
1780456776,177.553634
1780456776,153.049082
1780456776,147.477399
1780456776,131.814733
1780456776,222.664332
1780456776,191.580689
1780456776,191.941501
1780456776,123.973344
1780456776,209.400544
1780456776,192.723854
1780456776,216.942703
1780456776,185.924029
1780456776,188.130942
1780456776,186.314737
1780456776,140.612407
1780456776,192.491100
1780456776,196.778852
1780456776,192.557891
1780456776,217.152207
1780456776,197.454090
1780456776,154.475294
1780456776,188.293347
1780456776,197.603446
1780456776,197.685625
1780456776,189.391290
1780456776,198.197952
1780456776,144.634581
1780456776,198.284403
1780456776,154.288969
1780456776,198.360184
1780456776,183.473545
1780456776,236.368911
1780456776,221.836797
1780456776,141.962824
1780456776,184.153365
1780456776,236.543729
1780456776,184.262293
1780456776,199.552209
1780456776,208.928162
1780456776,147.549017
1780456776,185.319072
1780456776,199.846057
1780456776,167.604964
1780456776,148.705290
1780456776,167.438115
1780456776,142.460978
1780456776,181.641621
1780456776,207.812173
1780456776,183.386152
1780456776,168.036510
1780456776,208.009205
1780456776,207.995768
1780456776,190.907431
1780456776,145.517548
1780456776,222.391792
1780456776,208.131565
1780456776,153.122037
1780456776,151.815671
1780456776,222.506953
1780456776,208.105543
1780456776,222.567522
1780456776,143.464926
1780456776,164.155044
1780456776,208.430025
1780456776,150.248322
1780456776,161.753046
1780456776,190.388354
1780456776,153.577194
1780456776,184.913842
1780456776,208.208576
1780456776,192.181585
1780456776,145.143580
1780456776,185.544260
1780456776,208.828010
1780456776,209.666149
1780456776,208.747120
1780456776,207.098457
1780456776,144.191969
1780456776,199.134681
1780456776,184.522087
1780456776,209.680565
1780456776,220.465754
1780456776,188.320514
1780456776,149.835730
1780456776,140.435461
1780456776,184.856915
1780456776,165.493925
1780456776,208.739565
1780456776,167.554928
1780456776,148.860249
1780456776,151.567532
1780456776,153.418900
1780456776,168.180530
1780456776,132.208949
1780456776,208.931017
1780456776,168.302350
1780456776,146.427719
1780456776,132.518869
1780456776,209.180935
1780456776,169.074661
1780456776,133.057698
1780456776,155.208971
1780456776,209.146539
1780456776,152.888817
1780456776,174.180919
1780456776,209.175209
1780456776,152.654820
1780456776,186.049431
1780456776,209.367549
1780456776,186.885741
1780456776,147.282892
1780456776,187.229638
1780456776,209.602866
1780456776,222.771965
1780456776,188.568238
1780456776,154.808394
1780456776,192.144135
1780456776,224.504039
1780456776,193.278269
1780456776,155.479787
1780456776,193.830094
1780456776,193.986389
1780456776,152.196778
1780456776,210.650125
1780456776,156.751304
1780456776,199.321104
1780456776,157.253590
1780456776,196.336311
1780456776,210.022240
1780456776,182.328772
1780456776,210.052813
1780456776,192.275551
1780456776,161.353313
1780456776,141.889472
1780456776,155.441627
1780456776,210.248278
1780456776,211.056441
1780456776,152.860267
1780456776,143.249990
1780456776,225.053760
1780456776,155.546004
1780456776,211.303565
1780456776,225.240269
1780456776,154.008133
1780456776,153.300457
1780456776,190.349276
1780456776,158.128676
1780456776,179.079847
1780456776,156.395200
1780456776,190.418189
1780456776,154.368343
1780456776,211.475625
1780456776,190.673069
1780456776,158.912922
1780456776,191.627465
1780456776,211.007506
1780456776,211.630955
1780456776,211.115541
1780456776,185.372477
1780456776,225.453183
1780456776,165.360873
1780456776,137.970748
1780456776,212.281061
1780456776,223.954435
1780456776,193.554454
1780456776,193.193793
1780456776,163.040958
1780456776,194.278503
1780456776,211.434523
1780456776,218.999835
1780456776,136.220601
1780456776,217.905592
1780456776,211.364165
1780456776,226.237376
1780456776,225.235116
1780456776,136.416229
1780456776,183.554825
1780456776,183.984524
1780456776,190.070578
1780456776,211.581402
1780456776,195.726439
1780456776,136.851091
1780456776,195.793757
1780456776,153.191285
1780456776,196.006976
1780456776,211.775793
1780456776,225.524253
1780456776,226.008019
1780456776,225.669749
1780456776,162.788510
1780456776,224.845229
1780456776,158.150387
1780456776,164.298293
1780456776,195.353654
1780456776,163.035216
1780456776,225.773536
1780456776,142.411226
1780456776,213.072512
1780456776,213.065494
1780456776,164.252055
1780456776,153.324701
1780456776,196.514694
1780456776,163.564225
1780456776,213.253207
1780456776,212.156345
1780456776,145.083042
1780456776,182.461457
1780456776,149.918503
1780456776,192.283137
1780456776,212.382832
1780456776,192.529559
1780456776,175.801688
1780456776,141.366690
1780456776,213.790128
1780456776,172.709162
1780456776,193.882288
1780456776,196.687690
1780456776,142.574411
1780456776,183.738870
1780456776,191.466415
1780456776,157.444384
1780456776,138.236524
1780456776,187.858131
1780456776,158.181944
1780456776,158.067062
1780456776,198.489117
1780456776,158.420308
1780456776,194.879637
1780456776,139.862411
1780456776,185.831874
1780456776,142.066869
1780456776,142.304233
1780456776,144.691897
1780456776,142.510367
1780456776,145.382595
1780456776,176.532959
1780456776,146.283229
1780456776,176.869657
1780456776,138.974499
1780456776,177.527918
1780456776,146.616573
1780456776,137.909560
1780456776,122.875025
1780456776,184.411182
1780456776,147.230121
1780456776,148.095416
1780456776,196.837695
1780456776,140.663238
1780456776,141.393178
1780456776,197.447687
1780456776,142.127860
1780456776,221.914469
1780456776,144.506143
1780456776,148.535389
1780456776,143.172910
1780456776,222.087714
1780456776,143.959078
1780456776,145.943386
1780456776,226.966328
1780456776,147.290737
1780456776,227.847746
1780456776,116.739753
1780456776,145.109538
1780456776,167.172966
1780456776,147.926154
1780456776,122.948986
1780456776,177.035269
1780456776,148.657514
1780456776,165.545387
1780456776,139.285787
1780456776,120.026337
1780456776,136.952713
1780456776,149.200870
1780456776,178.383474
1780456776,191.165674
1780456776,178.635977
1780456776,192.542232
1780456776,125.286247
1780456776,138.136380
1780456776,179.614545
1780456776,193.449052
1780456776,146.873035
1780456776,194.583588
1780456776,180.304192
1780456776,196.617304
1780456776,195.107079
1780456776,168.487348
1780456776,124.028878
1780456776,181.637010
1780456776,195.072075
1780456776,195.996690
1780456776,182.002870
1780456776,185.412655
1780456776,196.965367
1780456776,124.701121
1780456776,197.027726
1780456776,133.553353
1780456776,194.603096
1780456776,128.552803
1780456776,140.372399
1780456776,129.247450
1780456776,150.706125
1780456776,129.731587
1780456776,121.907754
1780456776,150.972829
1780456776,135.530050
1780456776,131.430939
1780456776,124.759822
1780456776,123.972947
1780456776,179.941758
1780456776,124.739878
1780456776,182.539989
1780456776,128.055877
1780456776,128.239553
1780456776,124.386048
1780456776,138.411113
1780456776,109.103728
1780456776,110.037854
1780456776,165.776015
1780456776,175.034782
1780456776,112.920604
1780456776,109.715249
1780456776,166.353371
1780456776,165.525737
1780456776,114.625184
1780456776,115.707448
1780456776,116.052397
1780456776,111.485290
1780456776,113.518464
1780456776,111.302877
1780456776,118.015273
1780456776,173.587446
1780456776,119.620996
1780456776,119.878060
1780456776,120.626524
1780456776,173.838933
1780456776,174.155197
1780456776,113.304905
1780456776,123.344254
1780456776,113.778982
1780456776,176.160452
1780456776,176.615866
1780456776,124.220096
1780456776,124.504765
1780456776,167.266458
1780456776,133.515694
1780456776,109.371836
1780456776,179.919224
1780456776,177.288705
1780456776,125.013948
1780456776,121.254668
1780456776,166.041822
1780456776,109.034745
1780456776,177.635473
1780456776,173.756595
1780456776,109.931508
1780456776,127.844398
1780456776,120.177259
1780456776,182.060564
1780456776,117.996404
1780456776,116.622193
1780456776,112.539283
1780456776,125.228962
1780456776,168.753923
1780456776,113.474962
1780456776,181.378070
1780456776,125.120768
1780456776,116.680776
1780456776,101.827422
1780456776,102.969159
1780456776,195.728200
1780456776,163.233392
1780456776,183.395410
1780456776,193.530231
1780456776,164.806433
1780456776,144.523459
1780456776,149.625349
1780456776,129.320764
1780456776,129.775355
1780456776,150.105885
1780456776,130.770075
1780456776,138.230757
1780456776,187.976922
1780456776,125.607419
1780456776,160.513633
1780456776,187.873435
1780456776,104.423577
1780456776,187.582051
1780456776,186.808162
1780456776,187.219342
1780456776,186.903323
1780456776,125.401178
1780456776,193.123468
1780456776,113.777153
1780456776,125.561760
1780456776,179.915223
1780456776,123.543268
1780456776,179.762183
1780456776,110.382332
1780456776,123.960334
1780456776,165.355792
1780456776,128.290160
1780456776,119.226151
1780456776,180.204045
1780456776,118.639820
1780456776,179.802190
1780456776,118.621791
1780456776,184.357478
1780456776,114.756942
1780456776,170.572769
1780456776,113.452994
1780456776,170.969404
1780456776,124.620890
1780456776,113.262467
1780456776,124.194824
1780456776,124.465221
1780456776,116.295702
1780456776,177.678973
1780456776,122.675123
1780456776,124.332758
1780456776,174.375936
1780456776,165.220806
1780456776,124.236077
1780456776,162.754214
1780456776,118.906575
1780456776,117.090534
1780456776,178.203946
1780456776,174.512913
1780456776,175.552262
1780456776,115.348920
1780456776,173.425466
1780456776,115.005637
1780456776,114.460997
1780456776,172.506082
1780456776,114.443025
1780456776,114.991245
1780456776,168.263095
1780456776,167.819835
1780456776,117.440485
1780456776,113.972352
1780456776,114.635000
1780456776,113.008849
1780456776,111.404456
1780456776,164.128903
1780456776,113.874669
1780456776,113.506973
1780456776,114.153459
1780456776,112.946172
1780456776,114.006180
1780456776,113.626643
1780456776,171.203987
1780456776,102.406772
1780456776,103.529793
1780456776,112.150661
1780456776,114.918772
1780456776,103.094742
1780456776,144.249636
1780456776,141.405958
1780456776,102.962714
1780456776,130.268206
1780456776,142.287527
1780456776,103.159445
1780456776,142.140890
1780456776,103.083640
1780456776,103.665076
1780456776,103.379012
1780456776,129.113996
1780456776,142.385728
1780456776,102.679792
1780456776,132.719151
1780456776,132.763733
1780456776,104.856531
1780456776,130.913925
1780456776,133.125415
1780456776,104.167474
1780456776,131.500197
1780456776,131.536898
1780456776,105.783089
1780456776,131.714341
1780456776,131.788689
1780456776,133.919385
1780456776,105.245904
1780456776,134.431858
1780456776,134.540852
1780456776,134.623385
1780456776,106.697487
1780456776,132.552493
1780456776,134.617530
1780456776,106.829748
1780456776,134.627182
1780456776,132.706172
1780456776,132.666771
1780456776,132.836276
1780456776,105.388356
1780456776,104.859615
1780456776,107.024978
1780456776,133.030312
1780456776,105.381012
1780456776,104.340831
1780456776,104.845199
1780456776,104.048597
1780456776,104.568871
1780456776,103.780937
1780456776,102.521479
1780456776,102.539165
1780456776,104.373103
1780456776,123.971677
1780456776,129.474407
1780456776,184.173784
1780456776,171.200567
1780456776,129.659467
1780456776,116.053217
1780456776,102.580913
1780456776,115.500543
1780456776,114.555909
1780456776,102.616181
1780456776,102.882585
1780456776,115.042710
1780456776,102.729212
1780456776,115.018194
1780456776,115.119020
1780456776,114.973986
1780456776,114.292074
1780456776,115.055499
1780456776,114.351166
1780456776,115.008844
1780456776,115.594608
1780456776,154.337435
1780456776,115.218410
1780456776,143.382250
1780456776,114.415600
1780456776,113.882884
1780456776,105.501224
1780456776,113.762225
1780456776,105.710326
1780456776,110.188558
1780456776,109.590597
1780456776,113.058535
1780456776,141.571816
1780456776,141.268821
1780456776,112.773258
1780456776,115.757990
1780456776,115.584971
1780456776,113.209443
1780456776,105.545520
1780456776,113.844208
1780456776,114.470472
1780456776,141.868557
1780456776,105.269264
1780456776,140.317898
1780456776,116.039583
1780456776,142.089622
1780456776,114.013755
1780456776,112.707059
1780456776,140.491628
1780456776,112.331327
1780456776,139.942360
1780456776,113.139120
1780456776,112.523694
1780456776,137.289367
1780456776,112.316434
1780456776,113.079570
1780456776,111.281205
1780456776,112.924138
1780456776,112.096607
1780456776,169.108859
1780456776,111.251588
1780456776,102.722364
1780456776,113.048840
1780456776,160.177870
1780456776,112.255491
1780456776,112.086624
1780456776,112.646338
1780456776,168.724690
1780456776,112.702523
1780456776,110.419073
1780456776,112.234835
1780456776,113.440628
1780456776,111.917197
1780456776,158.674459
1780456776,111.512470
1780456776,161.395326
1780456776,111.977024
1780456776,111.753954
1780456776,112.247657
1780456776,110.763300
1780456776,112.237380
1780456776,111.043355
1780456776,111.085013
1780456776,111.023740
1780456776,106.229070
1780456776,112.926780
1780456776,112.775113
1780456776,106.153982
1780456776,112.793384
1780456776,112.719995
1780456776,110.171356
1780456776,112.722087
1780456776,112.141235
1780456776,161.032480
1780456776,161.301052
1780456776,112.701546
1780456776,112.304773
1780456776,113.259741
1780456776,119.883925
1780456776,161.324857
1780456776,107.816370
1780456776,123.312698
1780456776,121.937089
1780456776,110.568915
1780456776,121.975923
1780456776,121.888746
1780456776,121.697713
1780456776,113.048782
1780456776,116.656522
1780456776,121.657318
1780456776,116.108600
1780456776,105.565209
1780456776,121.453124
1780456776,113.100760
1780456776,113.270699
1780456776,162.590370
1780456776,109.851173
1780456776,112.725717
1780456776,109.980202
1780456776,102.134135
1780456776,113.399646
1780456776,109.927476
1780456776,113.185811
1780456776,102.697148
1780456776,109.430480
1780456776,109.184153
1780456776,108.575760
1780456776,107.893525
1780456776,115.343175
1780456776,121.382658
1780456776,118.389203
1780456776,120.641582
1780456776,180.787121
1780456776,121.055299
1780456776,103.911728
1780456776,121.038718
1780456776,121.393605
1780456776,120.772516
1780456776,121.995412
1780456776,112.728313
1780456776,124.380622
1780456776,112.670697
1780456776,112.367890
1780456776,112.354225
1780456776,112.209625
1780456776,159.319655
1780456776,123.012832
1780456776,117.471859
1780456776,169.676508
1780456776,117.662489
1780456776,117.380541
1780456776,118.125659
1780456776,118.328548
1780456776,162.932289
1780456776,171.396562
1780456776,126.781512
1780456776,118.327232
1780456776,119.372882
1780456776,109.703991
1780456776,116.094835
1780456776,113.826087
1780456776,125.408106
1780456776,124.851374
1780456776,114.044529
1780456776,121.032039
1780456776,116.243104
1780456776,113.899977
1780456776,114.353333
1780456776,112.436185
1780456776,117.790659
1780456776,117.578919
1780456776,159.091407
1780456776,117.405028
1780456776,117.551216
1780456776,117.335041
1780456776,175.250856
1780456776,124.147415
1780456776,123.861304
1780456776,117.769148
1780456776,117.554350
1780456776,123.627202
1780456776,123.242429
1780456776,124.342693
1780456776,117.253107
1780456776,130.301429
1780456776,115.040812
1780456776,114.843966
1780456776,116.484300
1780456776,122.792245
1780456776,122.606465
1780456776,102.831704
1780456776,116.957183
1780456776,123.111541
1780456776,117.595826
1780456776,117.440872
1780456776,176.632426
1780456776,122.699317
1780456776,117.378122
1780456776,122.878425
1780456776,172.552350
1780456776,120.219236
1780456776,117.832973
1780456776,117.640726
1780456776,117.409514
1780456776,117.586548
1780456776,116.875218
1780456776,117.522305
1780456776,143.116692
1780456776,163.644836
1780456776,164.103437
1780456776,117.617316
1780456776,103.246012
1780456776,104.538902
1780456776,112.053831
1780456776,178.501533
1780456776,132.323365
1780456776,135.248288
1780456776,133.818449
1780456776,118.768050
1780456776,113.968581
1780456776,105.096134
1780456776,113.654218
1780456776,113.356713
1780456776,126.318500
1780456776,119.260095
1780456776,111.932001
1780456776,107.401777
1780456776,104.161797
1780456776,103.640663
1780456776,103.044103
1780456776,106.272711
1780456776,102.132599
1780456776,105.643876
1780456776,106.107071
1780456776,106.809116
1780456776,106.675205
1780456776,106.251101
1780456776,107.042285
1780456776,106.745661
1780456776,107.083906
1780456776,107.632456
1780456776,106.843434
1780456776,111.777461
1780456776,106.791938
1780456776,109.006144
1780456776,112.705617
1780456776,104.974548
1780456776,107.745251
1780456776,105.388124
1780456776,108.279193
1780456776,108.609103
1780456776,113.625692
1780456776,108.234302
1780456776,123.661060
1780456776,111.493749
1780456776,111.540227
1780456776,125.742817
1780456776,110.139871
1780456776,114.804324
1780456776,111.719817
1780456776,121.073169
1780456776,111.718150
1780456776,124.976816
1780456776,111.861895
1780456776,111.945160
1780456776,130.533117
1780456776,112.010325
1780456776,112.085546
1780456776,121.843151
1780456776,109.960898
1780456776,123.359620
1780456776,112.189864
1780456776,123.679853
1780456776,112.268359
1780456776,124.332083
1780456776,116.859957
1780456776,145.240123
1780456776,146.518455
1780456776,110.456360
1780456776,106.383784
1780456776,109.143738
1780456776,108.247603
1780456776,108.775947
1780456776,108.977360
1780456776,106.809330
1780456776,108.967595
1780456776,106.301629
1780456776,106.636675
1780456776,106.169152
1780456776,105.898940
1780456776,121.836356
1780456776,122.008828
1780456776,121.873820
1780456776,121.973221
1780456776,121.647678
1780456776,121.977543
1780456776,105.729956
1780456776,122.064970
1780456776,117.865121
1780456776,106.007025
1780456776,121.959388
1780456776,122.029089
1780456776,106.569065
1780456776,106.669944
1780456776,106.363921
1780456776,106.689437
1780456776,113.232846
1780456776,110.702290
1780456776,110.703288
1780456776,112.014549
1780456776,110.414174
1780456776,113.248882
1780456776,107.641070
1780456776,108.354483
1780456776,110.699799
1780456776,135.466798
1780456776,135.144215
1780456776,134.891796
1780456776,112.014943
1780456776,111.571150
1780456776,134.883943
1780456776,110.543849
1780456776,112.056683
1780456776,111.812021
1780456776,109.962938
1780456776,116.017053
1780456776,116.365961
1780456776,115.766173
1780456776,131.771475
1780456776,116.646951
1780456776,116.617006
1780456776,116.733534
1780456776,131.946922
1780456776,133.191035
1780456776,116.094835
1780456776,132.011055
1780456776,132.123964
1780456776,116.726690
1780456776,103.962074
1780456776,133.475122
1780456776,116.876752
1780456776,129.602083
1780456776,116.635933
1780456776,130.930450
1780456776,116.979165
1780456776,130.995534
1780456776,131.133524
1780456776,134.764746
1780456776,110.430118
1780456776,117.030753
1780456776,110.537295
1780456776,133.650641
1780456776,133.722305
1780456776,110.889635
1780456776,134.938970
1780456776,117.335784
1780456776,135.055773
1780456776,136.254647
1780456776,110.722824
1780456776,117.527108
1780456776,112.389511
1780456776,111.100279
1780456776,130.106140
1780456776,117.432537
1780456776,117.511411
1780456776,117.761102
1780456776,111.142191
1780456776,117.762617
1780456776,139.379700
1780456776,117.884554
1780456776,107.461696
1780456776,107.084034
1780456776,107.561985
1780456776,107.097480
1780456776,107.064343
1780456776,106.177505
1780456776,132.458333
1780456776,136.142478
1780456776,120.835003
1780456776,144.249634
1780456776,144.159091
1780456776,104.249027
1780456776,111.133047
1780456776,108.963845
1780456776,109.071324
1780456776,109.704308
1780456776,110.227841
1780456776,109.122938
1780456776,102.586249
1780456776,105.139196
1780456776,102.764657
1780456776,105.858994
1780456776,104.034706
1780456776,105.364265
1780456776,106.159292
1780456776,105.408558
1780456776,105.583767
1780456776,104.577544
1780456776,105.645755
1780456776,109.473141
1780456776,108.697278
1780456776,108.191326
1780456776,108.125205
1780456776,105.262394
1780456776,107.397959
1780456776,107.457829
1780456776,108.138156
1780456776,108.240562
1780456776,108.322794
1780456776,108.026501
1780456776,103.380776
1780456776,103.450581
1780456776,103.733421
1780456776,103.205733
1780456776,110.620440
1780456776,110.123359
1780456776,105.800404
1780456776,104.340859
1780456776,105.811471
1780456776,104.406760
1780456776,103.827626
1780456776,106.302907
1780456776,106.593033
1780456776,103.896240
1780456776,106.912647
1780456776,110.392556
1780456776,109.683102
1780456776,110.480453
1780456776,110.504318
1780456776,110.502935
1780456776,103.998818
1780456776,107.523967
1780456776,108.241803
1780456776,103.039872
1780456776,109.925030
1780456776,109.815089
1780456776,104.305931
1780456776,105.170906
1780456776,108.963853
1780456776,108.640660
1780456776,104.503063
1780456776,104.843091
1780456776,106.977559
1780456776,105.048987
1780456776,111.456352
1780456776,104.789137
1780456776,104.663448
1780456776,111.251017
1780456776,107.375617
1780456776,107.434772
1780456776,106.298032
1780456776,106.318212
1780456776,107.414528
1780456776,113.733478
1780456776,107.429767
1780456776,105.188799
1780456776,109.265280
1780456776,104.710890
1780456776,108.292604
1780456776,104.868415
1780456776,106.140480
1780456776,106.137163
1780456776,106.721158
1780456776,106.762272
1780456776,105.638284
1780456776,105.526412
1780456776,114.407303
1780456776,108.408804
1780456776,112.712935
1780456776,108.669470
1780456776,108.774629
1780456776,108.758503
1780456776,105.435800
1780456776,106.222011
1780456776,110.954101
1780456776,102.950168
1780456776,105.876962
1780456776,102.915065
1780456776,109.349292
1780456776,110.629494
1780456776,110.267219
1780456776,106.099884
1780456776,103.241774
1780456776,111.605456
1780456776,103.420337
1780456776,102.827956
1780456776,110.005167
1780456776,103.056072
1780456776,109.835023
1780456776,105.414564
1780456776,102.345765
1780456776,105.999149
1780456776,108.524083
1780456776,102.517985
1780456776,111.667084
1780456776,105.174809
1780456776,102.621546
1780456776,110.627403
1780456776,105.181377
1780456776,102.759926
1780456776,110.884139
1780456776,102.869264
1780456776,104.625584
1780456776,104.643173
1780456776,110.025141
1780456776,103.151724
1780456776,103.101041
1780456776,108.569942
1780456776,103.313085
1780456776,108.820209
1780456776,102.287613
1780456776,102.376431
1780456776,108.005279
1780456776,102.410576
1780456776,106.905746
1780456776,102.502051
1780456776,102.552007
1780456776,102.782343
1780456776,102.756947
1780456776,107.696122
1780456776,102.916001
1780456776,102.921403
1780456776,106.944201
1780456776,103.021268
1780456776,107.437613
1780456776,108.388572
1780456776,108.522017
1780456776,102.311834
1780456776,102.327203
1780456776,108.557850
1780456776,102.418131
1780456776,107.651459
1780456776,102.527885
1780456776,102.568834
1780456776,101.534141
1780456776,107.772722
1780456776,102.806086
1780456776,107.937975
1780456776,108.177077
1780456776,106.568954
1780456776,102.393016
1780456776,102.704117
1780456776,102.710163
1780456776,102.786761
1780456776,102.863548
1780456776,102.932963
1780456776,102.948028
1780456776,103.080064
1780456776,102.138055
1780456776,102.747853
1780456776,102.938794
1780456776,103.295009
1780456776,103.486130
1780456776,103.822491
1780456776,103.104638
1780456776,103.857183
1780456776,101.660317
1780456776,103.624089
1780456776,104.543941
1780456776,104.629175
1780456776,104.143580
1780456776,102.255697
1780456776,104.916559
1780456776,102.407202
1780456776,104.407925
1780456776,103.949553
1780456776,104.654994
1780456776,103.455839
1780456776,103.492173
1780456776,101.786082
1780456776,104.360095
1780456776,101.899869
1780456776,102.385586
1780456776,102.611660
1780456776,102.748135
1780456776,102.742840
1780456776,102.824678
1780456776,102.851102
1780456776,102.993178
1780456776,103.054249
1780456776,101.441259
1780456776,102.652673
1780456776,101.685138
1780456776,102.966436
1780456776,103.099375
1780456776,103.142449
1780456776,103.403519
1780456776,103.335071
1780456776,102.950750
1780456776,103.177316
1780456776,103.228537
1780456776,103.130374
1780456776,103.595716
1780456776,102.809065
1780456776,102.978304
1780456776,102.347300
1780456776,102.434037
1780456776,102.540769
1780456776,102.546993
1780456776,102.691507
1780456776,102.996359
1780456776,103.061846
1780456776,102.210089
1780456776,102.262164
1780456776,102.375935
1780456776,102.499555
1780456776,102.322249
1780456776,102.452308
1780456776,102.529751
1780456776,101.564263
1780456776,102.861111
1780456776,102.933957
1780456776,102.502292
1780456776,102.590138
1780456776,102.614976
1780456776,102.669059
1780456776,102.730537
1780456776,102.772974
1780456776,102.848780
1780456776,103.228872
1780456776,102.782216
1780456776,102.473880
1780456776,102.785944
1780456776,103.262109
1780456776,102.591841
1780456776,103.773928
1780456776,102.624641
1780456776,102.811633
1780456776,103.577280
1780456776,104.837767
1780456776,103.475388
1780456776,103.597171
1780456776,103.526952
1780456776,103.548749
1780456776,105.343535
1780456776,105.632636
1780456776,103.194655
1780456776,106.169620
1780456776,103.487142
1780456776,106.672627
1780456776,103.881907
1780456776,106.908201
1780456776,106.661435
1780456776,104.260854
1780456776,104.158865
1780456776,104.071826
1780456776,103.112124
1780456776,105.743327
1780456776,104.559607
1780456776,103.348389
1780456776,104.526366
1780456776,104.548708
1780456776,106.515102
1780456776,103.476787
1780456776,103.518803
1780456776,106.226590
1780456776,103.165188
1780456776,106.208085
1780456776,103.224473
1780456776,103.265483
1780456776,103.485951
1780456776,105.425689
1780456776,102.390161
1780456776,104.535918
1780456776,104.520899
1780456776,104.626428
1780456776,102.923925
1780456776,104.126585
1780456776,103.177253
1780456776,104.897623
1780456776,105.948388
1780456776,102.988365
1780456776,103.372962
1780456776,103.265423
1780456776,104.423703
1780456776,102.912812
1780456776,103.173606
1780456776,103.740484
1780456776,103.717678
1780456776,103.251690
1780456776,103.707884
1780456776,103.360478
1780456776,103.211105
1780456776,103.594972
1780456776,103.284720
1780456776,102.826588
1780456776,103.962980
1780456776,103.425444
1780456776,103.853054
1780456776,103.741900
1780456776,103.627132
1780456776,103.748015
1780456776,103.834448
1780456776,104.084012
1780456776,104.038818
1780456776,104.166966
1780456776,102.419258
1780456776,104.219159
1780456776,104.154271
1780456776,104.123202
1780456776,104.374661
1780456776,104.248052
1780456776,103.652620
1780456776,104.008274
1780456776,104.275613
1780456776,103.964893
1780456776,103.960023
1780456776,103.263750
1780456776,104.586187
1780456776,103.740345
1780456776,104.545509
1780456776,104.021364
1780456776,103.545417
1780456776,103.180378
1780456776,103.681131
1780456776,103.821927
1780456776,103.258279
1780456776,105.250959
1780456776,103.437707
1780456776,103.879111
1780456776,103.747275
1780456776,103.949907
1780456776,105.652424
1780456776,107.562530
1780456776,105.735384
1780456776,107.268706
1780456776,105.125831
1780456776,105.149721
1780456776,107.568722
1780456776,105.744963
1780456776,105.326924
1780456776,104.390724
1780456776,104.709344
1780456776,103.949882
1780456776,105.162510
1780456776,104.651951
1780456776,105.832568
1780456776,105.245999
1780456776,104.763675
1780456776,105.146201
1780456776,104.306001
1780456776,108.926709
1780456776,109.167095
1780456776,104.194915
1780456776,105.909027
1780456776,107.206312
1780456776,108.828033
1780456776,108.845565
1780456776,109.431440
1780456776,109.513763
1780456776,109.258446
1780456776,110.503610
1780456776,106.613375
1780456776,110.678871
1780456776,106.233231
1780456776,105.705669
1780456776,106.334604
1780456776,110.809000
1780456776,111.035234
1780456776,110.949766
1780456776,105.711259
1780456776,109.213718
1780456776,111.229854
1780456776,109.262176
1780456776,106.079426
1780456776,106.675987
1780456776,104.817625
1780456776,111.299087
1780456776,106.878873
1780456776,106.592446
1780456776,107.717088
1780456776,110.299935
1780456776,111.888996
1780456776,111.341677
1780456776,108.127279
1780456776,111.405124
1780456776,106.904776
1780456776,107.209311
1780456776,112.119132
1780456776,112.222504
1780456776,107.145458
1780456776,112.150939
1780456776,110.477447
1780456776,112.390237
1780456776,105.755746
1780456776,110.700619
1780456776,112.917501
1780456776,106.574842
1780456776,107.361052
1780456776,112.727283
1780456776,108.851682
1780456776,106.739202
1780456776,112.821496
1780456776,106.982320
1780456776,105.972083
1780456776,112.896636
1780456776,109.282610
1780456776,113.750914
1780456776,107.264268
1780456776,109.467490
1780456776,108.701820
1780456776,110.037873
1780456776,113.655010
1780456776,106.679146
1780456776,110.178514
1780456776,109.230343
1780456776,108.627188
1780456776,108.796099
1780456776,105.919655
1780456776,111.436346
1780456776,114.632145
1780456776,106.286684
1780456776,111.506999
1780456776,106.279592
1780456776,106.357687
1780456776,114.517756
1780456776,106.797655
1780456776,111.596165
1780456776,108.926300
1780456776,110.331752
1780456776,108.650015
1780456776,115.214449
1780456776,109.871313
1780456776,115.828015
1780456776,113.641965
1780456776,107.742005
1780456776,116.098513
1780456776,115.458644
1780456776,117.017143
1780456776,110.601663
1780456776,117.317996
1780456776,112.853771
1780456776,110.918485
1780456776,118.882020
1780456776,110.865200
1780456776,117.554409
1780456776,110.970690
1780456776,117.430073
1780456776,114.611397
1780456776,110.885879
1780456776,118.071149
1780456776,112.875960
1780456776,116.012248
1780456776,116.427220
1780456776,119.656088
1780456776,120.743020
1780456776,111.129332
1780456776,118.688346
1780456776,118.799844
1780456776,119.679131
1780456776,119.543648
1780456776,120.755410
1780456776,118.809354
1780456776,110.925295
1780456776,119.037658
1780456776,115.194223
1780456776,119.721293
1780456776,118.928785
1780456776,116.869234
1780456776,118.932233
1780456776,119.274543
1780456776,120.453099
1780456776,120.085752
1780456776,113.321088
1780456776,120.144869
1780456776,119.694408
1780456776,120.194673
1780456776,113.523427
1780456776,114.235734
1780456776,117.257639
1780456776,117.359357
1780456776,117.470084
1780456776,112.372757
1780456776,116.430428
1780456776,120.350268
1780456776,120.299814
1780456776,116.571005
1780456776,120.570448
1780456776,115.057743
1780456776,112.849201
1780456776,120.388764
1780456776,115.098951
1780456776,117.319688
1780456776,116.246981
1780456776,123.468731
1780456776,117.440236
1780456776,120.948518
1780456776,116.194039
1780456776,116.840087
1780456776,116.334731
1780456776,120.951954
1780456776,112.616666
1780456776,120.698940
1780456776,112.387717
1780456776,123.484029
1780456776,113.393424
1780456776,113.303187
1780456776,120.966236
1780456776,120.870768
1780456776,116.887311
1780456776,117.429376
1780456776,116.579529
1780456776,119.441685
1780456776,120.603226
1780456776,116.717422
1780456776,117.279015
1780456776,117.435093
1780456776,121.119010
1780456776,112.530935
1780456776,112.739368
1780456776,116.770107
1780456776,116.828974
1780456776,121.757203
1780456776,119.927862
1780456776,113.509687
1780456776,115.666529
1780456776,121.439394
1780456776,118.564032
1780456776,118.616318
1780456776,118.422708
1780456776,123.901769
1780456776,120.700696
1780456776,118.949585
1780456776,117.444838
1780456776,124.791391
1780456776,121.888079
1780456776,119.214767
1780456776,113.926083
1780456776,120.718613
1780456776,113.918147
1780456776,121.872326
1780456776,120.876387
1780456776,125.247915
1780456776,125.304913
1780456776,125.258800
1780456776,118.062592
1780456776,113.940978
1780456776,114.599576
1780456776,125.532326
1780456776,120.057417
1780456776,118.055962
1780456776,124.823850
1780456776,125.753709
1780456776,124.848761
1780456776,114.794006
1780456776,120.263926
1780456776,118.345172
1780456776,115.061080
1780456776,121.371800
1780456776,118.554209
1780456776,119.010218
1780456776,118.477356
1780456776,120.046762
1780456776,122.742472
1780456776,117.631804
1780456776,117.946327
1780456776,124.431914
1780456776,117.747875
1780456776,126.633224
1780456776,126.591552
1780456776,122.717437
1780456776,126.586106
1780456776,120.348267
1780456776,125.737374
1780456776,126.912805
1780456776,122.999600
1780456776,117.771362
1780456776,124.903152
1780456776,119.764066
1780456776,123.285982
1780456776,125.183842
1780456776,120.876148
1780456776,126.147567
1780456776,123.705630
1780456776,119.837850
1780456776,119.799171
1780456776,119.760712
1780456776,119.479900
1780456776,122.822543
1780456776,118.784687
1780456776,126.944544
1780456776,128.748134
1780456776,118.044898
1780456776,123.658856
1780456776,129.135781
1780456776,120.869303
1780456776,125.379021
1780456776,124.202299
1780456776,124.601568
1780456776,122.431964
1780456776,123.470329
1780456776,123.404768
1780456776,124.783959
1780456776,120.590215
1780456776,122.445875
1780456776,120.536181
1780456776,120.517906
1780456776,121.715256
1780456776,126.189242
1780456776,125.512407
1780456776,123.208979
1780456776,126.157292
1780456776,126.291262
1780456776,121.323663
1780456776,119.608806
1780456776,126.414175
1780456776,121.532851
1780456776,123.025501
1780456776,125.678238
1780456776,122.136387
1780456776,122.218229
1780456776,123.256867
1780456776,126.385849
1780456776,123.954670
1780456776,126.705178
1780456776,126.662496
1780456776,120.181524
1780456776,126.880270
1780456776,126.917314
1780456776,125.818628
1780456776,122.882251
1780456776,125.654404
1780456776,125.841240
1780456776,132.150886
1780456776,132.452153
1780456776,126.052485
1780456776,133.331511
1780456776,132.058114
1780456776,124.635329
1780456776,124.645900
1780456776,124.564722
1780456776,120.929120
1780456776,127.800632
1780456776,123.633046
1780456776,125.624303
1780456776,134.627161
1780456776,120.949335
1780456776,135.622622
1780456776,125.347378
1780456776,125.339143
1780456776,133.525441
1780456776,130.752414
1780456776,129.806724
1780456776,124.839527
1780456776,126.905373
1780456776,136.104495
1780456776,133.773590
1780456776,127.391919
1780456776,135.048463
1780456776,127.372999
1780456776,127.632745
1780456776,126.290782
1780456776,127.592800
1780456776,131.058855
1780456776,126.412247
1780456776,131.736872
1780456776,130.963995
1780456776,128.876949
1780456776,126.389993
1780456776,127.998511
1780456776,125.859648
1780456776,134.219211
1780456776,129.863918
1780456776,131.839829
1780456776,132.535241
1780456776,132.631995
1780456776,128.526222
1780456776,138.951665
1780456776,130.483301
1780456776,128.545078
1780456776,133.359559
1780456776,129.797403
1780456776,132.301506
1780456776,132.915578
1780456776,129.702930
1780456776,133.759942
1780456776,129.906984
1780456776,129.186150
1780456776,131.618129
1780456776,133.927190
1780456776,131.268274
1780456776,134.034207
1780456776,139.355498
1780456776,134.837356
1780456776,129.475520
1780456776,129.617524
1780456776,141.051586
1780456776,129.758694
1780456776,137.850958
1780456776,131.868548
1780456776,135.150771
1780456776,130.056731
1780456776,140.928555
1780456776,128.339550
1780456776,138.242234
1780456776,130.346944
1780456776,134.879741
1780456776,139.377971
1780456776,131.690864
1780456776,129.208795
1780456776,134.237780
1780456776,132.857770
1780456776,139.651103
1780456776,132.018322
1780456776,133.183386
1780456776,139.822794
1780456776,134.538444
1780456776,132.133323
1780456776,140.571525
1780456776,134.576997
1780456776,133.041060
1780456776,133.292454
1780456776,142.234657
1780456776,141.732573
1780456776,129.872847
1780456776,135.203086
1780456776,135.522078
1780456776,132.920779
1780456776,134.355564
1780456776,135.374764
1780456776,133.152950
1780456776,135.193198
1780456776,138.693790
1780456776,135.335317
1780456776,140.559718
1780456776,142.449654
1780456776,133.320037
1780456776,138.983055
1780456776,143.088812
1780456776,135.608238
1780456776,133.454657
1780456776,142.692840
1780456776,140.855315
1780456776,142.523757
1780456776,142.823058
1780456776,139.494212
1780456776,143.640443
1780456776,143.763543
1780456776,141.426499
1780456776,133.864083
1780456776,136.518708
1780456776,131.009312
1780456776,134.227584
1780456776,136.724177
1780456776,140.294879
1780456776,144.004684
1780456776,142.903281
1780456776,134.031798
1780456776,135.802899
1780456776,139.965598
1780456776,143.054732
1780456776,143.529667
1780456776,139.930789
1780456776,137.790337
1780456776,143.660657
1780456776,135.812714
1780456776,143.713321
1780456776,142.566370
1780456776,137.515064
1780456776,137.677328
1780456776,140.624720
1780456776,137.878534
1780456776,122.133128
1780456776,144.450630
1780456776,122.415847
1780456776,146.099389
1780456776,144.452301
1780456776,138.152621
1780456776,139.164990
1780456776,138.410941
1780456776,136.630464
1780456776,142.255661
1780456776,123.198909
1780456776,142.686828
1780456776,142.665931
1780456776,126.805449
1780456776,138.365942
1780456776,142.338520
1780456776,139.079571
1780456776,127.944211
1780456776,142.248377
1780456776,145.120577
1780456776,138.374998
1780456776,124.812855
1780456776,139.983641
1780456776,139.718124
1780456776,137.486649
1780456776,139.566740
1780456776,134.466551
1780456776,139.877326
1780456776,135.637667
1780456776,138.575864
1780456776,147.373627
1780456776,140.033698
1780456776,142.563004
1780456776,137.966057
1780456776,125.028756
1780456776,136.712567
1780456776,135.322020
1780456776,138.843795
1780456776,138.366442
1780456776,138.435320
1780456776,146.995665
1780456776,148.892664
1780456776,130.225717
1780456776,150.622720
1780456776,150.467255
1780456776,144.305030
1780456776,150.883237
1780456776,134.459857
1780456776,151.075343
1780456776,144.800404
1780456776,131.855945
1780456776,146.668188
1780456776,128.487307
1780456776,144.591362
1780456776,128.518593
1780456776,128.518550
1780456776,129.698683
1780456776,142.654347
1780456776,152.644104
1780456776,150.186912
1780456776,150.065625
1780456776,151.053780
1780456776,128.764894
1780456776,150.423907
1780456776,143.884821
1780456776,127.278377
1780456776,151.866894
1780456776,127.560640
1780456776,151.106777
1780456776,150.090935
1780456776,150.308681
1780456776,150.494082
1780456776,129.112576
1780456776,150.146140
1780456776,115.998053
1780456776,126.793602
1780456776,133.287375
1780456776,113.679881
1780456776,143.479197
1780456776,117.266862
1780456776,150.793383
1780456776,125.487703
1780456776,129.871437
1780456776,151.443660
1780456776,152.896414
1780456776,143.923780
1780456776,143.480566
1780456776,143.496209
1780456776,130.467267
1780456776,142.252961
1780456776,151.339117
1780456776,152.315548
1780456776,146.206394
1780456776,152.083781
1780456776,130.314811
1780456776,152.858184
1780456776,145.362134
1780456776,144.919718
1780456776,142.642405
1780456776,148.425384
1780456776,146.991104
1780456776,146.997321
1780456776,152.313682
1780456776,145.328171
1780456776,151.121210
1780456776,153.414579
1780456776,131.048402
1780456776,146.563414
1780456776,153.425315
1780456776,130.679782
1780456776,147.491760
1780456776,153.286611
1780456776,129.796852
1780456776,148.625593
1780456776,145.358523
1780456776,151.625428
1780456776,145.693132
1780456776,146.013639
1780456776,137.724637
1780456776,132.151876
1780456776,152.765274
1780456776,154.023364
1780456776,149.334988
1780456776,148.339911
1780456776,146.584915
1780456776,133.492506
1780456776,132.442916
1780456776,144.507281
1780456776,148.221609
1780456776,153.351633
1780456776,149.939949
1780456776,129.946584
1780456776,153.516705
1780456776,145.018513
1780456776,148.538850
1780456776,133.070203
1780456776,147.445354
1780456776,131.566938
1780456776,153.434162
1780456776,148.490112
1780456776,132.174501
1780456776,153.451572
1780456776,131.035154
1780456776,135.086223
1780456776,139.900969
1780456776,132.305936
1780456776,134.305606
1780456776,136.772776
1780456776,131.304807
1780456776,127.802558
1780456776,153.550979
1780456776,156.010818
1780456776,133.029210
1780456776,126.916076
1780456776,133.172098
1780456776,125.983452
1780456776,153.537490
1780456776,134.574567
1780456776,126.228207
1780456776,133.582882
1780456776,152.111520
1780456776,126.455869
1780456776,121.760447
1780456776,120.515134
1780456776,121.804318
1780456776,161.584282
1780456776,120.551516
1780456776,120.668944
1780456776,156.766164
1780456776,111.537876
1780456776,161.704269
1780456776,129.188897
1780456776,134.185750
1780456776,153.035393
1780456776,113.229608
1780456776,111.688085
1780456776,150.236469
1780456776,120.777487
1780456776,156.255254
1780456776,156.184583
1780456776,132.957593
1780456776,134.176820
1780456776,135.794898
1780456776,132.893005
1780456776,127.049423
1780456776,154.257805
1780456776,156.622548
1780456776,113.093967
1780456776,125.927225
1780456776,134.254987
1780456776,112.143342
1780456776,112.068836
1780456776,125.997585
1780456776,152.450272
1780456776,125.985922
1780456776,128.395811
1780456776,153.534279
1780456776,133.320353
1780456776,126.213969
1780456776,152.977525
1780456776,126.529242
1780456776,112.436785
1780456776,116.544857
1780456776,130.240993
1780456776,153.134116
1780456776,126.888475
1780456776,153.853004
1780456776,127.193211
1780456776,123.669834
1780456776,153.962265
1780456776,160.365834
1780456776,150.239157
1780456776,154.128612
1780456776,152.838762
1780456776,158.379018
1780456776,125.838724
1780456776,164.232338
1780456776,113.133322
1780456776,124.863855
1780456776,113.135257
1780456776,152.752548
1780456776,127.203133
1780456776,123.583796
1780456776,152.760220
1780456776,123.687834
1780456776,113.278352
1780456776,123.989786
1780456776,164.374016
1780456776,160.639163
1780456776,111.749025
1780456776,122.955272
1780456776,118.923868
1780456776,152.600737
1780456776,152.905842
1780456776,155.709617
1780456776,120.326926
1780456776,153.297128
1780456776,164.968811
1780456776,139.927377
1780456776,138.636298
1780456776,137.168326
1780456776,128.899647
1780456776,118.784685
1780456776,158.918372
1780456776,140.292604
1780456776,159.003893
1780456776,140.202567
1780456776,115.136866
1780456776,159.253582
1780456776,165.555908
1780456776,165.612782
1780456776,135.249506
1780456776,127.310024
1780456776,120.714688
1780456776,119.541731
1780456776,118.530749
1780456776,138.371285
1780456776,121.885851
1780456776,158.040467
1780456776,140.604899
1780456776,115.123275
1780456776,112.552447
1780456776,139.496579
1780456776,160.990824
1780456776,118.426528
1780456776,136.298242
1780456776,156.930761
1780456776,157.322004
1780456776,167.755511
1780456776,159.082169
1780456776,159.378683
1780456776,118.567705
1780456776,133.967213
1780456776,157.716146
1780456776,129.237782
1780456776,118.834861
1780456776,118.986904
1780456776,118.864076
1780456776,163.500824
1780456776,163.077526
1780456776,158.441753
1780456776,163.537375
1780456776,163.217396
1780456776,121.508799
1780456776,130.715572
1780456776,122.543614
1780456776,164.989082
1780456776,169.908349
1780456776,139.070585
1780456776,169.197454
1780456776,121.692269
1780456776,126.637444
1780456776,120.342812
1780456776,129.784524
1780456776,165.916052
1780456776,165.831825
1780456776,116.723906
1780456776,127.573950
1780456776,121.211903
1780456776,124.299068
1780456776,160.875355
1780456776,121.224171
1780456776,171.100985
1780456776,136.739302
1780456776,122.924934
1780456776,171.153992
1780456776,125.635464
1780456776,172.887784
1780456776,123.234905
1780456776,173.015866
1780456776,127.189914
1780456776,114.089131
1780456776,123.893008
1780456776,122.773982
1780456776,124.043840
1780456776,165.293346
1780456776,133.215088
1780456776,171.829203
1780456776,119.667616
1780456776,172.011610
1780456776,121.774519
1780456776,136.158920
1780456776,118.736949
1780456776,172.135732
1780456776,136.422007
1780456776,128.607498
1780456776,174.177074
1780456776,117.621320
1780456776,174.287155
1780456776,132.981462
1780456776,172.449485
1780456776,110.492522
1780456776,164.782804
1780456776,133.129845
1780456776,120.802521
1780456776,117.086413
1780456776,124.513555
1780456776,123.824936
1780456776,111.600167
1780456776,111.636663
1780456776,121.099292
1780456776,121.086453
1780456776,129.620918
1780456776,129.823428
1780456776,129.798811
1780456776,121.895781
1780456776,130.179007
1780456776,130.303510
1780456776,168.098717
1780456776,125.596118
1780456776,168.203451
1780456776,131.494006
1780456776,113.284425
1780456776,113.423569
1780456776,127.640417
1780456776,125.350869
1780456776,121.511165
1780456776,177.465956
1780456776,111.784986
1780456776,123.584780
1780456776,112.196240
1780456776,170.384833
1780456776,111.365189
1780456776,120.771366
1780456776,143.727064
1780456776,180.268803
1780456776,134.787105
1780456776,181.390524
1780456776,159.983190
1780456776,171.191858
1780456776,134.597463
1780456776,112.068946
1780456776,180.417883
1780456776,134.527607
1780456776,179.112132
1780456776,111.885703
1780456776,171.015845
1780456776,121.009904
1780456776,120.976605
1780456776,121.045322
1780456776,173.707467
1780456776,135.636981
1780456776,134.805143
1780456776,121.635885
1780456776,174.306927
1780456776,171.957210
1780456776,132.772018
1780456776,134.258900
1780456776,128.372023
1780456776,134.418689
1780456776,132.825733
1780456776,118.358835
1780456776,132.887680
1780456776,119.113170
1780456776,134.163462
1780456776,117.859404
1780456776,133.550245
1780456776,115.386223
1780456776,136.004894
1780456776,131.744642
1780456776,127.661251
1780456776,130.207832
1780456776,129.161068
1780456776,131.645615
1780456776,129.086718
1780456776,129.059395
1780456776,131.654855
1780456776,132.283906
1780456776,115.933698
1780456776,132.499607
1780456776,117.629267
1780456776,133.283326
1780456776,112.378583
1780456776,117.905782
1780456776,136.845533
1780456776,167.010489
1780456776,117.412071
1780456776,166.458597
1780456776,117.141893
1780456776,186.315075
1780456776,131.953772
1780456776,132.121454
1780456776,124.259074
1780456776,128.750184
1780456776,123.531838
1780456776,168.500061
1780456776,131.148185
1780456776,117.729490
1780456776,117.979239
1780456776,129.712416
1780456776,117.971691
1780456776,139.404528
1780456776,135.147507
1780456776,167.608846
1780456776,138.765332
1780456776,133.875720
1780456776,139.575215
1780456776,166.391529
1780456776,133.981590
1780456776,165.527978
1780456776,131.444028
1780456776,131.442298
1780456776,139.022773
1780456776,166.101145
1780456776,136.240764
1780456776,168.880309
1780456776,133.732909
1780456776,133.835020
1780456776,182.493844
1780456776,121.033516
1780456776,169.284972
1780456776,132.957331
1780456776,182.586905
1780456776,120.079413
1780456776,137.142324
1780456776,133.751344
1780456776,135.327975
1780456776,129.174562
1780456776,111.790412
1780456776,119.288823
1780456776,120.945231
1780456776,127.851619
1780456776,111.837810
1780456776,183.859034
1780456776,133.009066
1780456776,183.688645
1780456776,128.125459
1780456776,137.594376
1780456776,137.629173
1780456776,181.525104
1780456776,142.813999
1780456776,124.718629
1780456776,128.492916
1780456776,167.741223
1780456776,129.159922
1780456776,184.571418
1780456776,125.123851
1780456776,113.081274
1780456776,128.242749
1780456776,191.644094
1780456776,133.412467
1780456776,124.369508
1780456776,171.354459
1780456776,113.190411
1780456776,126.707603
1780456776,113.266186
1780456776,184.403102
1780456776,130.527453
1780456776,110.629745
1780456776,139.369825
1780456776,170.836181
1780456776,135.627919
1780456776,184.617467
1780456776,125.323293
1780456776,171.415213
1780456776,138.525974
1780456776,127.640712
1780456776,109.229232
1780456776,127.700839
1780456776,194.452480
1780456776,127.868547
1780456776,122.967279
1780456776,123.218105
1780456776,169.292712
1780456776,163.294558
1780456776,195.244876
1780456776,117.954251
1780456776,177.392875
1780456776,147.661403
1780456776,110.933889
1780456776,160.885979
1780456776,106.183518
1780456776,152.132855
1780456776,151.676842
1780456776,106.045249
1780456776,106.410298
1780456776,152.056108
1780456776,106.559114
1780456776,162.119723
1780456776,107.323303
1780456776,106.558214
1780456776,106.455705
1780456776,108.553684
1780456776,133.828255
1780456776,106.349242
1780456776,133.820835
1780456776,134.126217
1780456776,131.664470
1780456776,131.540528
1780456776,134.193715
1780456776,122.745657
1780456776,122.889867
1780456776,122.543983
1780456776,150.901429
1780456776,135.747128
1780456776,135.198497
1780456776,165.991805
1780456776,109.496196
1780456776,107.926370
1780456776,109.969326
1780456776,123.035292
1780456776,156.968008
1780456776,119.931650
1780456776,166.560853
1780456776,165.446910
1780456776,119.540410
1780456776,154.635114
1780456776,110.930630
1780456776,112.567054
1780456776,165.651727
1780456776,110.490387
1780456776,111.775537
1780456776,111.827796
1780456776,166.750921
1780456776,109.966364
1780456776,157.828489
1780456776,109.992153
1780456776,153.867450
1780456776,153.919686
1780456776,168.208864
1780456776,161.646413
1780456776,154.033345
1780456776,158.875476
1780456776,162.483270
1780456776,143.303382
1780456776,154.894083
1780456776,164.689376
1780456776,156.890870
1780456776,155.511814
1780456776,155.584309
1780456776,155.194989
1780456776,144.101626
1780456776,159.333102
1780456776,144.109027
1780456776,144.521138
1780456776,155.124420
1780456776,155.138026
1780456776,146.418821
1780456776,143.858775
1780456776,142.574427
1780456776,141.977672
1780456776,141.952239
1780456776,144.300090
1780456776,143.783784
1780456776,143.906994
1780456776,134.379361
1780456776,133.544127
1780456776,102.808169
1780456776,102.269771
1780456776,103.285746
1780456776,103.497042
1780456776,103.638657
1780456776,103.880818
1780456776,104.442360
1780456776,104.240464
1780456776,104.402608
1780456776,104.707979
1780456776,104.788296
1780456776,104.509442
1780456776,105.204747
1780456776,105.138655
1780456776,106.431132
1780456776,107.021607
1780456776,124.896601
1780456776,108.043399
1780456776,125.490632
1780456776,107.728390
1780456776,125.765434
1780456776,125.797934
1780456776,107.784522
1780456776,107.913829
1780456776,108.900146
1780456776,109.112493
1780456776,109.207150
1780456776,109.127893
1780456776,109.329039
1780456776,109.410071
1780456776,108.231912
1780456776,109.203413
1780456776,109.251190
1780456776,108.329931
1780456776,106.354432
1780456776,106.316300
1780456776,106.379483
1780456776,106.423586
1780456776,113.376908
1780456776,113.572434
1780456776,113.530219
1780456776,104.290049
1780456776,102.546630
1780456776,106.613761
1780456776,106.625066
1780456776,106.335222
1780456776,106.656291
1780456776,106.579795
1780456776,106.895128
1780456776,106.578607
1780456776,103.534726
1780456776,103.658061
1780456776,103.621403
1780456776,108.971604
1780456776,109.307484
1780456776,109.221163
1780456776,109.436355
1780456776,109.401727
1780456776,107.632111
1780456776,107.747247
1780456776,107.944761
1780456776,110.855078
1780456776,110.874421
1780456776,111.043903
1780456776,108.154684
1780456776,108.900904
1780456776,104.154711
1780456776,104.596366
1780456776,105.243523
1780456776,105.371227
1780456776,105.431174
1780456776,106.184309
1780456776,106.165907
1780456776,106.509009
1780456776,106.567897
1780456776,106.800680
1780456776,103.391809
1780456776,104.075080
1780456776,104.125562
1780456776,104.074543
1780456776,103.924697
1780456776,104.410716
1780456776,105.207182
1780456776,105.934444
1780456776,105.735203
1780456776,105.732541
1780456776,105.595713
1780456776,107.024222
1780456776,107.090976
1780456776,107.306827
1780456776,108.210191
1780456776,109.971848
1780456776,109.947246
1780456776,110.514862
1780456776,110.681578
1780456776,111.216271
1780456776,110.399668
1780456776,106.496606
1780456776,110.744400
1780456776,110.504701
1780456776,110.469005
1780456776,110.415921
1780456776,110.520981
1780456776,110.949477
1780456776,107.471461
1780456776,106.661855
1780456776,106.693312
1780456776,106.783510
1780456776,113.747994
1780456776,110.777085
1780456776,114.834330
1780456776,111.171539
1780456776,111.412313
1780456776,118.038227
1780456776,118.074279
1780456776,118.257123
1780456776,119.215010
1780456776,119.288362
1780456776,119.542300
1780456776,119.202496
1780456776,119.173811
1780456776,119.418254
1780456776,120.075779
1780456776,104.726833
1780456776,103.701388
1780456776,121.585889
1780456776,121.707297
1780456776,121.201517
1780456776,117.275619
1780456776,107.312537
1780456776,117.650074
1780456776,121.707317
1780456776,107.417595
1780456776,117.418673
1780456776,109.417666
1780456776,109.463647
1780456776,105.800375
1780456776,107.881777
1780456776,115.037652
1780456776,115.011405
1780456776,107.268521
1780456776,107.687257
1780456776,115.257740
1780456776,109.893255
1780456776,113.524931
1780456776,112.135058
1780456776,113.703742
1780456776,113.736532
1780456776,113.036106
1780456776,113.095017
1780456776,112.911064
1780456776,113.053808
1780456776,112.330804
1780456776,113.799193
1780456776,112.749833
1780456776,113.159311
1780456776,114.538031
1780456776,107.533669
1780456776,114.690258
1780456776,110.288064
1780456776,113.425801
1780456776,114.681770
1780456776,106.489918
1780456776,110.191302
1780456776,114.546987
1780456776,107.806151
1780456776,115.023082
1780456776,106.909959
1780456776,105.812945
1780456776,114.062638
1780456776,107.142903
1780456776,113.266743
1780456776,113.610632
1780456776,105.739560
1780456776,105.505997
1780456776,107.283619
1780456776,105.813790
1780456776,116.353251
1780456776,112.792755
1780456776,113.619732
1780456776,107.659726
1780456776,113.379154
1780456776,116.628433
1780456776,113.569973
1780456776,116.582689
1780456776,117.938535
1780456776,118.550897
1780456776,127.230302
1780456776,139.375918
1780456776,139.380552
1780456776,124.977493
1780456776,122.714409
1780456776,121.651069
1780456776,121.467842
1780456776,120.579192
1780456776,120.786419
1780456776,122.281746
1780456776,121.405404
1780456776,122.778497
1780456776,122.727631
1780456776,123.805553
1780456776,123.447599
1780456776,123.351161
1780456776,122.780853
1780456776,116.153825
1780456776,123.121859
1780456776,115.510210
1780456776,121.997401
1780456776,121.986390
1780456776,118.271321
1780456776,120.719894
1780456776,125.239336
1780456776,117.558698
1780456776,120.172722
1780456776,121.004512
1780456776,120.213637
1780456776,117.190576
1780456776,121.017759
1780456776,126.910500
1780456776,118.540058
1780456776,111.260049
1780456776,121.141893
1780456776,111.925013
1780456776,118.393990
1780456776,115.456133
1780456776,117.674843
1780456776,112.082942
1780456776,117.233616
1780456776,118.390386
1780456776,119.753728
1780456776,114.284002
1780456776,120.506681
1780456776,115.405393
1780456776,117.760964
1780456776,112.297944
1780456776,116.360834
1780456776,111.584228
1780456776,111.772973
1780456776,110.365662
1780456776,110.657557
1780456776,110.440079
1780456776,123.244487
1780456776,122.288696
1780456776,122.442550
1780456776,133.151825
1780456776,128.042808
1780456776,122.472189
1780456776,133.203512
1780456776,122.625703
1780456776,128.214448
1780456776,133.559903
1780456776,124.476589
1780456776,115.909089
1780456776,124.243588
1780456776,124.457084
1780456776,115.801838
1780456776,115.663974
1780456776,122.854898
1780456776,122.307122
1780456776,118.139943
1780456776,117.295602
1780456776,113.435423
1780456776,112.328947
1780456776,108.825121
1780456776,114.672438
1780456776,120.615716
1780456776,112.551901
1780456776,114.030101
1780456776,106.291810
1780456776,113.037914
1780456776,124.076154
1780456776,122.323727
1780456776,111.523586
1780456776,112.420926
1780456776,112.617972
1780456776,124.107320
1780456776,119.686803
1780456776,109.265631
1780456776,123.165143
1780456776,125.741017
1780456776,132.177990
1780456776,123.295288
1780456776,123.491399
1780456776,123.747380
1780456776,125.876771
1780456776,126.582623
1780456776,123.007076
1780456776,125.135463
1780456776,122.305178
1780456776,123.135188
1780456776,121.975250
1780456776,120.614680
1780456776,121.208116
1780456776,125.120071
1780456776,122.020484
1780456776,122.471190
1780456776,122.675750
1780456776,123.274995
1780456776,123.209757
1780456776,124.247960
1780456776,126.711243
1780456776,125.073013
1780456776,109.044245
1780456776,123.257910
1780456776,121.067476
1780456776,125.216483
1780456776,124.354854
1780456776,124.308339
1780456776,124.133828
1780456776,123.868229
1780456776,120.089742
1780456776,104.377496
1780456776,125.396990
1780456776,115.566318
1780456776,110.449951
1780456776,110.060682
1780456776,125.548993
1780456776,108.966555
1780456776,125.663065
1780456776,107.316327
1780456776,104.966658
1780456776,124.544853
1780456776,107.109386
1780456776,124.146412
1780456776,107.779781
1780456776,121.313806
1780456776,119.345349
1780456776,117.102451
1780456776,123.180915
1780456776,121.509174
1780456776,119.740471
1780456776,107.700742
1780456776,119.043895
1780456776,107.621017
1780456776,107.760848
1780456776,118.907116
1780456776,107.328421
1780456776,118.484088
1780456776,132.032088
1780456776,127.377976
1780456776,117.019214
1780456776,126.957018
1780456776,130.998617
1780456776,123.573475
1780456776,136.581111
1780456776,116.645500
1780456776,128.990781
1780456776,128.959363
1780456776,136.822655
1780456776,106.443756
1780456776,132.370914
1780456776,106.264106
1780456776,130.280448
1780456776,124.013691
1780456776,118.845121
1780456776,115.016944
1780456776,108.244313
1780456776,110.234368
1780456776,112.123018
1780456776,112.473959
1780456776,114.067877
1780456776,115.765087
1780456776,110.560542
1780456776,117.961758
1780456776,127.221974
1780456776,133.356844
1780456776,114.455954
1780456776,122.153761
1780456776,110.614299
1780456776,121.345366
1780456776,108.168838
1780456776,118.071184
1780456776,116.461223
1780456776,104.524070
1780456776,124.036265
1780456776,130.503003
1780456776,123.045898
1780456776,123.010102
1780456776,122.279279
1780456776,115.655975
1780456776,107.681058
1780456776,105.911325
1780456776,105.665845
1780456776,105.965256
1780456776,118.501120
1780456776,105.730628
1780456776,117.431837
1780456776,109.558256
1780456776,109.542750
1780456776,117.142454
1780456776,117.042767
1780456776,104.400621
1780456776,104.267689
1780456776,104.374274
1780456776,115.572356
1780456776,105.044861
1780456776,112.301515
1780456776,109.352168
1780456776,105.045536
1780456776,104.257962
1780456776,104.276170
1780456776,115.857424
1780456776,102.967910
1780456776,112.593358
1780456776,111.653002
1780456776,111.609537
1780456776,110.318677
1780456776,106.295638
1780456776,103.705256
1780456776,104.671281
1780456776,113.581119
1780456776,110.594619
1780456776,112.095470
1780456776,103.947113
1780456776,112.438629
1780456776,104.073572
1780456776,105.304960
1780456776,104.415982
1780456776,104.390654
1780456776,111.317807
1780456776,112.434168
1780456776,102.959627
1780456776,104.384142
1780456776,112.948719
1780456776,104.162243
1780456776,103.461323
1780456776,113.349529
1780456776,102.768658
1780456776,112.038930
1780456776,109.337589
1780456776,112.004869
1780456776,114.137415
1780456776,105.302734
1780456776,105.815108
1780456776,104.536148
1780456776,105.350505
1780456776,114.430175
1780456776,105.385265
1780456776,112.317121
1780456776,103.853334
1780456776,104.557412
1780456776,112.600831
1780456776,104.359695
1780456776,113.982760
1780456776,104.792322
1780456776,106.361419
1780456776,103.926610
1780456776,105.005808
1780456776,113.469255
1780456776,102.484509
1780456776,114.333348
1780456776,104.047922
1780456776,112.969163
1780456776,104.112719
1780456776,112.767741
1780456776,112.494224
1780456776,113.500768
1780456776,114.763416
1780456776,132.557175
1780456776,130.319434
1780456776,104.763418
1780456776,113.211062
1780456776,104.689357
1780456776,115.038302
1780456776,129.237065
1780456776,103.705092
1780456776,112.775760
1780456776,112.908624
1780456776,103.313722
1780456776,128.216173
1780456776,127.436439
1780456776,113.489915
1780456776,128.864580
1780456776,128.491967
1780456776,125.780184
1780456776,113.632778
1780456776,134.338272
1780456776,103.175415
1780456776,115.525296
1780456776,115.565057
1780456776,103.188638
1780456776,125.941560
1780456776,102.526176
1780456776,123.103459
1780456776,115.169586
1780456776,122.637532
1780456776,123.370331
1780456776,123.162612
1780456776,103.135652
1780456776,103.779351
1780456776,116.570946
1780456776,104.126883
1780456776,114.586299
1780456776,122.951773
1780456776,123.588585
1780456776,114.632645
1780456776,123.079001
1780456776,122.631586
1780456776,111.313198
1780456776,122.583998
1780456776,111.641004
1780456776,111.060917
1780456776,122.847859
1780456776,122.900242
1780456776,109.517412
1780456776,109.227217
1780456776,117.975164
1780456776,110.765064
1780456776,123.114637
1780456776,105.842268
1780456776,109.285467
1780456776,105.875107
1780456776,122.863585
1780456776,123.298818
1780456776,104.230450
1780456776,117.615514
1780456776,109.042938
1780456776,104.561759
1780456776,108.238198
1780456776,123.818039
1780456776,106.606442
1780456776,122.652249
1780456776,106.482305
1780456776,105.254705
1780456776,122.988841
1780456776,121.561477
1780456776,105.501544
1780456776,122.006407
1780456776,123.483693
1780456776,105.926560
1780456776,122.216947
1780456776,106.123794
1780456776,106.258027
1780456776,122.040354
1780456776,107.357568
1780456776,121.388608
1780456776,108.595052
1780456776,121.488080
1780456776,107.013821
1780456776,107.192352
1780456776,121.539663
1780456776,125.235801
1780456776,107.581166
1780456776,123.913490
1780456776,107.481750
1780456776,122.755156
1780456776,123.805628
1780456776,109.007527
1780456776,107.611089
1780456776,123.224615
1780456776,106.484610
1780456776,121.405624
1780456776,122.195909
1780456776,120.649107
1780456776,110.494753
1780456776,121.620521
1780456776,105.221172
1780456776,105.257522
1780456776,107.128322
1780456776,122.175950
1780456776,106.593723
1780456776,105.039154
1780456776,105.920253
1780456776,122.365880
1780456776,107.652886
1780456776,105.689930
1780456776,108.025559
1780456776,121.238445
1780456776,108.136255
1780456776,121.658150
1780456776,106.091875
1780456776,107.338817
1780456776,106.462182
1780456776,121.662258
1780456776,108.574289
1780456776,107.851037
1780456776,107.992050
1780456776,106.483065
1780456776,108.132469
1780456776,108.859907
1780456776,109.115627
1780456776,105.820031
1780456776,109.276669
1780456776,107.099431
1780456776,107.813603
1780456776,106.937236
1780456776,109.580828
1780456776,107.187883
1780456776,109.743834
1780456776,122.436019
1780456776,110.254316
1780456776,107.263880
1780456776,105.492415
1780456776,105.352951
1780456776,122.169465
1780456776,122.413146
1780456776,107.168595
1780456776,105.818666
1780456776,105.730683
1780456776,107.765778
1780456776,104.588039
1780456776,108.430474
1780456776,104.889996
1780456776,122.112445
1780456776,105.218384
1780456776,122.504683
1780456776,122.820683
1780456776,107.333543
1780456776,107.195627
1780456776,104.610300
1780456776,110.991127
1780456776,111.104766
1780456776,126.307193
1780456776,106.630305
1780456776,109.390117
1780456776,110.719141
1780456776,111.242400
1780456776,126.533131
1780456776,108.344760
1780456776,126.617563
1780456776,110.023742
1780456776,126.462389
1780456776,108.128797
1780456776,105.432498
1780456776,108.403477
1780456776,110.122058
1780456776,108.360869
1780456776,110.895630
1780456776,111.218188
1780456776,125.635144
1780456776,108.585132
1780456776,111.080186
1780456776,125.682241
1780456776,104.062997
1780456776,108.546233
1780456776,124.170602
1780456776,104.432292
1780456776,112.212694
1780456776,112.398381
1780456776,111.895328
1780456776,112.406500
1780456776,126.298198
1780456776,111.920980
1780456776,112.664353
1780456776,112.683437
1780456776,123.917209
1780456776,126.480169
1780456776,109.753544
1780456776,111.716086
1780456776,112.288726
1780456776,109.641305
1780456776,112.152451
1780456776,124.706265
1780456776,125.433293
1780456776,103.742962
1780456776,110.026642
1780456776,111.781246
1780456776,125.052081
1780456776,108.464791
1780456776,103.791203
1780456776,110.102906
1780456776,123.475757
1780456776,112.944006
1780456776,113.108454
1780456776,110.068452
1780456776,125.535238
1780456776,110.841208
1780456776,105.073048
1780456776,104.949536
1780456776,110.500373
1780456776,109.379705
1780456776,106.294807
1780456776,103.889368
1780456776,125.504533
1780456776,103.552646
1780456776,124.102091
1780456776,111.096690
1780456776,109.548797
1780456776,124.476529
1780456776,124.050007
1780456776,110.232839
1780456776,103.208973
1780456776,124.778090
1780456776,107.463023
1780456776,103.342770
1780456776,126.939550
1780456776,126.608549
1780456776,107.572371
1780456776,126.811928
1780456776,114.251610
1780456776,103.541369
1780456776,106.302515
1780456776,105.000098
1780456776,124.197773
1780456776,105.979332
1780456776,125.563150
1780456776,104.348104
1780456776,112.983414
1780456776,126.169631
1780456776,115.585290
1780456776,113.152996
1780456776,126.252988
1780456776,125.448318
1780456776,103.465999
1780456776,124.866107
1780456776,125.078013
1780456776,113.430460
1780456776,107.713055
1780456776,104.124789
1780456776,125.945662
1780456776,126.050033
1780456776,103.826367
1780456776,104.019130
1780456776,124.663362
1780456776,112.398782
1780456776,124.769308
1780456776,104.196958
1780456776,124.133442
1780456776,102.870916
1780456776,114.075445
1780456776,125.194950
1780456776,102.857545
1780456776,111.759057
1780456776,124.563288
1780456776,114.654195
1780456776,103.485169
1780456776,111.957216
1780456776,123.667365
1780456776,103.694631
1780456776,111.662659
1780456776,103.823755
1780456776,121.117187
1780456776,102.658254
1780456776,112.027996
1780456776,111.035629
1780456776,102.946494
1780456776,103.639972
1780456776,120.568413
1780456776,121.711318
1780456776,104.605924
1780456776,123.827191
1780456776,104.504338
1780456776,118.694985
1780456776,111.337334
1780456776,103.976167
1780456776,120.762492
1780456776,103.408063
1780456776,111.618287
1780456776,103.592167
1780456776,102.502047
1780456776,110.654868
1780456776,103.884706
1780456776,102.761065
1780456776,119.770712
1780456776,112.307741
1780456776,119.425552
1780456776,111.263844
1780456776,120.082546
1780456776,110.938799
1780456776,119.668824
1780456776,103.105659
1780456776,109.998433
1780456776,103.166069
1780456776,104.442837
1780456776,105.871694
1780456776,110.149201
1780456776,105.579947
1780456776,120.139273
1780456776,110.369877
1780456776,103.417207
1780456776,120.069981
1780456776,109.195869
1780456776,103.862863
1780456776,122.684363
1780456776,104.142298
1780456776,122.092208
1780456776,109.640162
1780456776,103.210211
1780456776,104.518663
1780456776,120.062005
1780456776,109.836524
1780456776,122.614009
1780456776,121.285065
1780456776,110.020714
1780456776,103.636575
1780456776,109.152688
1780456776,105.022510
1780456776,103.888066
1780456776,105.155919
1780456776,104.239545
1780456776,109.595660
1780456776,104.537795
1780456776,107.833091
1780456776,105.846516
1780456776,111.137379
1780456776,110.150294
1780456776,104.507055
1780456776,104.602446
1780456776,104.749819
1780456776,122.610526
1780456776,108.647708
1780456776,122.706203
1780456776,121.889922
1780456776,118.370253
1780456776,118.481300
1780456776,104.863158
1780456776,104.879153
1780456776,106.355096
1780456776,105.021902
1780456776,110.346622
1780456776,105.113434
1780456776,120.116033
1780456776,109.022146
1780456776,110.497527
1780456776,105.016578
1780456776,120.417169
1780456776,110.278763
1780456776,106.372148
1780456776,117.567713
1780456776,105.222957
1780456776,117.642782
1780456776,103.727490
1780456776,105.286349
1780456776,120.393494
1780456776,105.474331
1780456776,104.163578
1780456776,119.359824
1780456776,105.684016
1780456776,104.357283
1780456776,118.288663
1780456776,104.724757
1780456776,104.467690
1780456776,117.888893
1780456776,104.730927
1780456776,118.564639
1780456776,105.019483
1780456776,120.096832
1780456776,105.066301
1780456776,103.651702
1780456776,118.979067
1780456776,103.800728
1780456776,105.253962
1780456776,116.315390
1780456776,103.950667
1780456776,105.577469
1780456776,105.576102
1780456776,104.145332
1780456776,104.259274
1780456776,106.079915
1780456776,106.072007
1780456776,104.505916
1780456776,117.237105
1780456776,104.794965
1780456776,117.426958
1780456776,106.743591
1780456776,105.069956
1780456776,118.835570
1780456776,117.563386
1780456776,103.782343
1780456776,104.219941
1780456776,102.815597
1780456776,117.092740
1780456776,104.424821
1780456776,117.075593
1780456776,117.088832
1780456776,104.279837
1780456776,117.022289
1780456776,107.629596
1780456776,107.629187
1780456776,115.906408
1780456776,117.236002
1780456776,107.995067
1780456776,104.781541
1780456776,104.873354
1780456776,116.088831
1780456776,115.122313
1780456776,115.292148
1780456776,108.395304
1780456776,116.482305
1780456776,104.281516
1780456776,108.584572
1780456776,108.583727
1780456776,115.237870
1780456776,108.756673
1780456776,107.441698
1780456776,115.699710
1780456776,104.594540
1780456776,115.979574
1780456776,107.592793
1780456776,107.714020
1780456776,116.075845
1780456776,108.028948
1780456776,114.880708
1780456776,103.520741
1780456776,114.995612
1780456776,108.165805
1780456776,108.132446
1780456776,115.084206
1780456776,107.058616
1780456776,104.353469
1780456776,103.111942
1780456776,108.528632
1780456776,105.957946
1780456776,104.679941
1780456776,108.735434
1780456776,104.793462
1780456776,107.804082
1780456776,109.239040
1780456776,107.890037
1780456776,105.259034
1780456776,109.497440
1780456776,108.225464
1780456776,108.398142
1780456776,105.762818
1780456776,105.985329
1780456776,110.218400
1780456776,105.926088
1780456776,105.854845
1780456776,110.149911
1780456776,106.249312
1780456776,106.024600
1780456776,105.023543
1780456776,105.893101
1780456776,107.991417
1780456776,106.361479
1780456776,104.622572
1780456776,108.144008
1780456776,109.519189
1780456776,104.921814
1780456776,109.847072
1780456776,103.375149
1780456776,108.626075
1780456776,104.281062
1780456776,110.405076
1780456776,107.789902
1780456776,103.944579
1780456776,110.418736
1780456776,110.400534
1780456776,103.981519
1780456776,108.022807
1780456776,110.898818
1780456776,103.427232
1780456776,107.069885
1780456776,108.710718
1780456776,102.914034
1780456776,110.174954
1780456776,108.957117
1780456776,108.852652
1780456776,110.237373
1780456776,104.352870
1780456776,110.450440
1780456776,110.812977
1780456776,104.591525
1780456776,109.722159
1780456776,104.824777
1780456776,111.271256
1780456776,111.442678
1780456776,102.788957
1780456776,104.654598
1780456776,103.038874
1780456776,104.789928
1780456776,110.382362
1780456776,105.560395
1780456776,104.839587
1780456776,110.642333
1780456776,104.954288
1780456776,110.602822
1780456776,105.237540
1780456776,105.422303
1780456776,105.449991
1780456776,110.815686
1780456776,105.253154
1780456776,105.551974
1780456776,110.945555
1780456776,105.707659
1780456776,105.803440
1780456776,104.375773
1780456777,106.300002
1780456777,106.474720
1780456777,106.441465
1780456777,106.528972
1780456777,106.415495
1780456777,106.620548
1780456777,105.446379
1780456777,107.295643
1780456777,107.301184
1780456777,107.596110
1780456777,106.257120
1780456777,104.876750
1780456777,106.571061
1780456777,106.385834
1780456777,106.576455
1780456777,108.097274
1780456777,107.459055
1780456777,104.702822
1780456777,107.041428
1780456777,105.488917
1780456777,107.097571
1780456777,107.536365
1780456777,107.474172
1780456777,108.845805
1780456777,107.673123
1780456777,106.288597
1780456777,107.558621
1780456777,104.321757
1780456777,106.280152
1780456777,111.602894
1780456777,106.404027
1780456777,105.606917
1780456777,104.299561
1780456777,105.969340
1780456777,106.663538
1780456777,105.996234
1780456777,107.903520
1780456777,104.588789
1780456777,108.399888
1780456777,104.531679
1780456777,107.071170
1780456777,104.587445
1780456777,105.242599
1780456777,107.234915
1780456777,106.910903
1780456777,107.511863
1780456777,107.733565
1780456777,102.862637
1780456777,104.471185
1780456777,107.271268
1780456777,108.028901
1780456777,107.743890
1780456777,106.272384
1780456777,108.255842
1780456777,107.799530
1780456777,108.071595
1780456777,106.818751
1780456777,106.569571
1780456777,103.942241
1780456777,106.896134
1780456777,110.270258
1780456777,108.359884
1780456777,105.511160
1780456777,107.025455
1780456777,104.185838
1780456777,107.118842
1780456777,107.041464
1780456777,104.116633
1780456777,104.551008
1780456777,106.319389
1780456777,107.813137
1780456777,104.195477
1780456777,107.310516
1780456777,105.009148
1780456777,108.332954
1780456777,108.409965
1780456777,107.809816
1780456777,107.130568
1780456777,108.648194
1780456777,108.279764
1780456777,108.845822
1780456777,105.520506
1780456777,105.577490
1780456777,105.659040
1780456777,108.803614
1780456777,107.691398
1780456777,109.227129
1780456777,106.582466
1780456777,106.659118
1780456777,106.025872
1780456777,103.601099
1780456777,106.496608
1780456777,107.239078
1780456777,107.367744
1780456777,106.503652
1780456777,105.316719
1780456777,107.473643
1780456777,107.714555
1780456777,107.456607
1780456777,107.839668
1780456777,110.320708
1780456777,107.787505
1780456777,108.071974
1780456777,106.188015
1780456777,107.860776
1780456777,108.325550
1780456777,108.598029
1780456777,108.590887
1780456777,110.061832
1780456777,108.508549
1780456777,108.592729
1780456777,108.872237
1780456777,105.772790
1780456777,110.243368
1780456777,110.338982
1780456777,108.688079
1780456777,108.969316
1780456777,109.253722
1780456777,109.736151
1780456777,108.834347
1780456777,109.186098
1780456777,108.008955
1780456777,106.807067
1780456777,109.636531
1780456777,112.869227
1780456777,110.375677
1780456777,110.335343
1780456777,108.897409
1780456777,110.172142
1780456777,107.780219
1780456777,106.135045
1780456777,112.361966
1780456777,104.825238
1780456777,108.124522
1780456777,109.189443
1780456777,110.926612
1780456777,104.868948
1780456777,108.905949
1780456777,107.405029
1780456777,111.510747
1780456777,107.679295
1780456777,107.579609
1780456777,105.391160
1780456777,111.674440
1780456777,112.576989
1780456777,106.582477
1780456777,112.836455
1780456777,106.601754
1780456777,113.008972
1780456777,111.007120
1780456777,106.883837
1780456777,112.508833
1780456777,105.091555
1780456777,111.171745
1780456777,108.776342
1780456777,106.437919
1780456777,102.511626
1780456777,105.293119
1780456777,112.821788
1780456777,109.021672
1780456777,109.030796
1780456777,109.219224
1780456777,106.854140
1780456777,105.652525
1780456777,109.195090
1780456777,107.013848
1780456777,110.939678
1780456777,107.982917
1780456777,108.297278
1780456777,110.956001
1780456777,111.054626
1780456777,114.410852
1780456777,111.307020
1780456777,108.379499
1780456777,105.826036
1780456777,113.786863
1780456777,114.019219
1780456777,113.912238
1780456777,109.838162
1780456777,111.309637
1780456777,108.388286
1780456777,106.381887
1780456777,110.064054
1780456777,111.606615
1780456777,106.206706
1780456777,107.627001
1780456777,112.764462
1780456777,106.061183
1780456777,111.501296
1780456777,110.286836
1780456777,111.536471
1780456777,111.662376
1780456777,110.321255
1780456777,112.970155
1780456777,104.335689
1780456777,106.596602
1780456777,110.570152
1780456777,111.921632
1780456777,107.295621
1780456777,110.636690
1780456777,105.823349
1780456777,109.641439
1780456777,105.967179
1780456777,113.878256
1780456777,108.863362
1780456777,103.532037
1780456777,111.345848
1780456777,103.879071
1780456777,113.014613
1780456777,105.166985
1780456777,105.465500
1780456777,113.303720
1780456777,104.313928
1780456777,111.849596
1780456777,108.526221
1780456777,105.668938
1780456777,105.950781
1780456777,105.652108
1780456777,104.810891
1780456777,104.967462
1780456777,106.416601
1780456777,112.409647
1780456777,103.647979
1780456777,105.253157
1780456777,106.808782
1780456777,111.603666
1780456777,111.710625
1780456777,105.402086
1780456777,109.509214
1780456777,107.117124
1780456777,105.741953
1780456777,112.068909
1780456777,105.953853
1780456777,104.479416
1780456777,106.043843
1780456777,107.509188
1780456777,106.376719
1780456777,106.369225
1780456777,107.769591
1780456777,106.652180
1780456777,108.301603
1780456777,105.938263
1780456777,107.258153
1780456777,105.611899
1780456777,105.852262
1780456777,105.949830
1780456777,106.220529
1780456777,109.422962
1780456777,108.009981
1780456777,106.611390
1780456777,105.119933
1780456777,106.720588
1780456777,106.192070
1780456777,109.627195
1780456777,108.330383
1780456777,104.313788
1780456777,110.378396
1780456777,108.998890
1780456777,107.562312
1780456777,107.983089
1780456777,110.615044
1780456777,110.986954
1780456777,106.744518
1780456777,108.456380
1780456777,108.371178
1780456777,108.340842
1780456777,109.376168
1780456777,105.135641
1780456777,109.902759
1780456777,107.332449
1780456777,107.523171
1780456777,110.229614
1780456777,107.047315
1780456777,105.489988
1780456777,110.622801
1780456777,106.909789
1780456777,110.817827
1780456777,110.789246
1780456777,105.466647
1780456777,111.176418
1780456777,107.215975
1780456777,103.802153
1780456777,105.956114
1780456777,107.433700
1780456777,102.890516
1780456777,108.981675
1780456777,103.305281
1780456777,109.259541
1780456777,110.091921
1780456777,102.571825
1780456777,111.738848
1780456777,107.719973
1780456777,112.308928
1780456777,108.927208
1780456777,102.905405
1780456777,112.458394
1780456777,109.947034
1780456777,105.588184
1780456777,107.916206
1780456777,105.824837
1780456777,102.659664
1780456777,102.646025
1780456777,108.352819
1780456777,106.458938
1780456777,109.694951
1780456777,106.170321
1780456777,107.712448
1780456777,106.952479
1780456777,106.353738
1780456777,106.936580
1780456777,108.301561
1780456777,108.593410
1780456777,104.235239
1780456777,108.252119
1780456777,106.610276
1780456777,108.045056
1780456777,107.993014
1780456777,107.335195
1780456777,104.518658
1780456777,108.254353
1780456777,106.336684
1780456777,104.217724
1780456777,108.041906
1780456777,107.477879
1780456777,106.449701
1780456777,106.698013
1780456777,104.854864
1780456777,107.034501
1780456777,102.705697
1780456777,108.368684
1780456777,105.102073
1780456777,107.033329
1780456777,102.968737
1780456777,107.371863
1780456777,106.079479
1780456777,102.729860
1780456777,107.535597
1780456777,105.549555
1780456777,108.973960
1780456777,105.899720
1780456777,109.028099
1780456777,106.309625
1780456777,107.039291
1780456777,108.391999
1780456777,106.593298
1780456777,102.878788
1780456777,106.924881
1780456777,103.347923
1780456777,106.439426
1780456777,106.659300
1780456777,106.789981
1780456777,106.664035
1780456777,106.323226
1780456777,107.168905
1780456777,106.693958
1780456777,106.782086
1780456777,106.920621
1780456777,106.765139
1780456777,106.103647
1780456777,107.682299
1780456777,107.550615
1780456777,109.385883
1780456777,110.348400
1780456777,109.650561
1780456777,109.516877
1780456777,109.723011
1780456777,109.523684
1780456777,109.710011
1780456777,109.752859
1780456777,109.726220
1780456777,109.721149
1780456777,106.577185
1780456777,109.444867
1780456777,106.890754
1780456777,109.761149
1780456777,109.210184
1780456777,109.549173
1780456777,112.538364
1780456777,112.166523
1780456777,112.243776
1780456777,108.528324
1780456777,112.427042
1780456777,112.558005
1780456777,112.383819
1780456777,111.084813
1780456777,112.548682
1780456777,109.805665
1780456777,109.909865
1780456777,108.731297
1780456777,112.642208
1780456777,109.105951
1780456777,107.023641
1780456777,106.717146
1780456777,105.588607
1780456777,109.628964
1780456777,112.509043
1780456777,113.031668
1780456777,111.654160
1780456777,111.011256
1780456777,115.918051
1780456777,113.423396
1780456777,113.301556
1780456777,116.012168
1780456777,110.356249
1780456777,116.135494
1780456777,107.355139
1780456777,113.036961
1780456777,117.833540
1780456777,116.996571
1780456777,110.729745
1780456777,116.724438
1780456777,112.205338
1780456777,117.138807
1780456777,108.799120
1780456777,109.013310
1780456777,121.270518
1780456777,121.225456
1780456777,117.435505
1780456777,120.166855
1780456777,117.491923
1780456777,120.165951
1780456777,117.592880
1780456777,110.662687
1780456777,110.830434
1780456777,117.117373
1780456777,110.391278
1780456777,118.546870
1780456777,116.313185
1780456777,112.506072
1780456777,122.861512
1780456777,121.748137
1780456777,111.218853
1780456777,122.222682
1780456777,120.393857
1780456777,122.249214
1780456777,120.885843
1780456777,122.377656
1780456777,120.226665
1780456777,120.861350
1780456777,111.380330
1780456777,121.134382
1780456777,112.209469
1780456777,121.233776
1780456777,113.778585
1780456777,119.548566
1780456777,109.458998
1780456777,120.804146
1780456777,118.084432
1780456777,119.738027
1780456777,119.956153
1780456777,113.817076
1780456777,123.572822
1780456777,113.912442
1780456777,122.097967
1780456777,118.470381
1780456777,114.795300
1780456777,114.066296
1780456777,123.872408
1780456777,114.185809
1780456777,121.304466
1780456777,114.964602
1780456777,115.094515
1780456777,121.465004
1780456777,114.310844
1780456777,124.159829
1780456777,124.054755
1780456777,123.172368
1780456777,124.196353
1780456777,123.558574
1780456777,125.594841
1780456777,128.048954
1780456777,123.350686
1780456777,126.831517
1780456777,123.798703
1780456777,117.255175
1780456777,117.281415
1780456777,116.767050
1780456777,106.670298
1780456777,115.215011
1780456777,111.599234
1780456777,115.154240
1780456777,115.285791
1780456777,111.643070
1780456777,116.223646
1780456777,115.167820
1780456777,115.239366
1780456777,109.357285
1780456777,109.282574
1780456777,111.124781
1780456777,108.822288
1780456777,111.134701
1780456777,107.935051
1780456777,117.795137
1780456777,119.868511
1780456777,106.765708
1780456777,107.368352
1780456777,119.797192
1780456777,106.602134
1780456777,107.949617
1780456777,111.520454
1780456777,106.192370
1780456777,106.715372
1780456777,118.421263
1780456777,106.832538
1780456777,114.641668
1780456777,112.150997
1780456777,113.462356
1780456777,114.159731
1780456777,114.185346
1780456777,110.832190
1780456777,118.334704
1780456777,120.144105
1780456777,109.333709
1780456777,111.627996
1780456777,105.475904
1780456777,123.087986
1780456777,123.158593
1780456777,111.068257
1780456777,128.922512
1780456777,123.274317
1780456777,127.210723
1780456777,127.504279
1780456777,105.763285
1780456777,118.499309
1780456777,106.267103
1780456777,120.210759
1780456777,120.250221
1780456777,105.776862
1780456777,119.979338
1780456777,115.456888
1780456777,115.460221
1780456777,129.844103
1780456777,112.655483
1780456777,126.329654
1780456777,112.633719
1780456777,123.714664
1780456777,124.564559
1780456777,121.144192
1780456777,123.825186
1780456777,125.916529
1780456777,132.333379
1780456777,127.108660
1780456777,134.268213
1780456777,135.873483
1780456777,121.755266
1780456777,123.906160
1780456777,125.814099
1780456777,134.150717
1780456777,125.220926
1780456777,124.912851
1780456777,131.773762
1780456777,125.030746
1780456777,132.651199
1780456777,125.359640
1780456777,125.124311
1780456777,125.536029
1780456777,125.136776
1780456777,125.508627
1780456777,125.559685
1780456777,125.787303
1780456777,125.446148
1780456777,137.219748
1780456777,116.956016
1780456777,117.046501
1780456777,118.212828
1780456777,112.733850
1780456777,135.130367
1780456777,123.388561
1780456777,120.867628
1780456777,116.367997
1780456777,116.325069
1780456777,118.083759
1780456777,116.404606
1780456777,118.373534
1780456777,118.151678
1780456777,120.854148
1780456777,118.131653
1780456777,120.973501
1780456777,103.860430
1780456777,107.416034
1780456777,133.927908
1780456777,133.943580
1780456777,134.111144
1780456777,113.159733
1780456777,112.617592
1780456777,113.923865
1780456777,114.827495
1780456777,114.955627
1780456777,112.794897
1780456777,113.348591
1780456777,113.683719
1780456777,111.040576
1780456777,113.852242
1780456777,131.062807
1780456777,116.909211
1780456777,115.376145
1780456777,116.605354
1780456777,113.109904
1780456777,131.096895
1780456777,129.919188
1780456777,116.762053
1780456777,109.259783
1780456777,116.879655
1780456777,108.623106
1780456777,114.907040
1780456777,109.781412
1780456777,131.136680
1780456777,106.379402
1780456777,109.590507
1780456777,109.809605
1780456777,109.878285
1780456777,109.612029
1780456777,135.906781
1780456777,109.839576
1780456777,117.474876
1780456777,115.890406
1780456777,122.100122
1780456777,120.867036
1780456777,122.070452
1780456777,122.148875
1780456777,109.921755
1780456777,107.812730
1780456777,107.965897
1780456777,111.676729
1780456777,111.646180
1780456777,107.902906
1780456777,111.736064
1780456777,107.981296
1780456777,114.455784
1780456777,108.166188
1780456777,118.742559
1780456777,109.584094
1780456777,108.180701
1780456777,108.204179
1780456777,108.220313
1780456777,114.634573
1780456777,119.179618
1780456777,119.344344
1780456777,119.298356
1780456777,119.106453
1780456777,119.197649
1780456777,112.136995
1780456777,112.182735
1780456777,112.223268
1780456777,110.060300
1780456777,112.353928
1780456777,104.510849
1780456777,110.126762
1780456777,104.565671
1780456777,112.446539
1780456777,104.548966
1780456777,104.497289
1780456777,103.995659
1780456777,105.231237
1780456777,113.221186
1780456777,105.985417
1780456777,106.161508
1780456777,106.210783
1780456777,106.203625
1780456777,108.835732
1780456777,108.902385
1780456777,106.257242
1780456777,126.880481
1780456777,122.405085
1780456777,107.820304
1780456777,126.941174
1780456777,127.005023
1780456777,109.208858
1780456777,151.485374
1780456777,108.050899
1780456777,109.421821
1780456777,154.647128
1780456777,122.612449
1780456777,109.577911
1780456777,154.622762
1780456777,106.137972
1780456777,108.888948
1780456777,107.810432
1780456777,106.656219
1780456777,107.493200
1780456777,108.124235
1780456777,108.089707
1780456777,109.137325
1780456777,106.187037
1780456777,108.185123
1780456777,111.308002
1780456777,107.620149
1780456777,107.841388
1780456777,107.835212
1780456777,108.449357
1780456777,108.379186
1780456777,108.492953
1780456777,108.277877
1780456777,105.627049
1780456777,105.535052
1780456777,111.859154
1780456777,106.183946
1780456777,106.152568
1780456777,107.753175
1780456777,109.359821
1780456777,109.441667
1780456777,109.437431
1780456777,110.760686
1780456777,109.445800
1780456777,105.550792
1780456777,104.402204
1780456777,111.872482
1780456777,106.786898
1780456777,107.250653
1780456777,104.414057
1780456777,105.020716
1780456777,111.099638
1780456777,108.382019
1780456777,112.995125
1780456777,114.017130
1780456777,114.574955
1780456777,114.340082
1780456777,104.285883
1780456777,107.936990
1780456777,107.859684
1780456777,105.299091
1780456777,109.247446
1780456777,105.429602
1780456777,105.558849
1780456777,109.518606
1780456777,102.042199
1780456777,102.533451
1780456777,103.164365
1780456777,103.309685
1780456777,103.525798
1780456777,103.786293
1780456777,103.693914
1780456777,103.900609
1780456777,117.688590
1780456777,110.763562
1780456777,110.759021
1780456777,113.581352
1780456777,117.632417
1780456777,104.855366
1780456777,117.760621
1780456777,104.808040
1780456777,105.115352
1780456777,105.076869
1780456777,105.939357
1780456777,106.192629
1780456777,106.247401
1780456777,106.567086
1780456777,106.353159
1780456777,106.692043
1780456777,106.445365
1780456777,106.516903
1780456777,106.826898
1780456777,106.857381
1780456777,105.699639
1780456777,106.860581
1780456777,106.916819
1780456777,106.181762
1780456777,104.316303
1780456777,104.086175
1780456777,104.833830
1780456777,104.635677
1780456777,105.283522
1780456777,107.628846
1780456777,104.453800
1780456777,105.713011
1780456777,106.638247
1780456777,106.620687
1780456777,108.315448
1780456777,106.090833
1780456777,106.376910
1780456777,106.737639
1780456777,106.927181
1780456777,107.338447
1780456777,111.379399
1780456777,107.403864
1780456777,107.361252
1780456777,111.426948
1780456777,105.784686
1780456777,107.634596
1780456777,107.483154
1780456777,109.957926
1780456777,105.883491
1780456777,107.778192
1780456777,106.796450
1780456777,108.409093
1780456777,109.271959
1780456777,107.385628
1780456777,107.679847
1780456777,107.505101
1780456777,108.042255
1780456777,107.685857
1780456777,108.097990
1780456777,107.798280
1780456777,107.767002
1780456777,108.090405
1780456777,107.889695
1780456777,107.992076
1780456777,108.264411
1780456777,109.809427
1780456777,110.066118
1780456777,110.146904
1780456777,109.965925
1780456777,110.177398
1780456777,110.277610
1780456777,109.852518
1780456777,110.007326
1780456777,109.976718
1780456777,110.126739
1780456777,110.068751
1780456777,110.172393
1780456777,110.099396
1780456777,110.307566
1780456777,110.406860
1780456777,107.048639
1780456777,105.567399
1780456777,110.370659
1780456777,105.795790
1780456777,107.188204
1780456777,108.571004
1780456777,108.698544
1780456777,109.177853
1780456777,111.189613
1780456777,105.821658
1780456777,113.452642
1780456777,110.757509
1780456777,105.171764
1780456777,106.096245
1780456777,105.614422
1780456777,111.433230
1780456777,105.765851
1780456777,111.810570
1780456777,110.421311
1780456777,110.510756
1780456777,110.398586
1780456777,112.775152
1780456777,105.853020
1780456777,106.074920
1780456777,114.612305
1780456777,106.294746
1780456777,108.781190
1780456777,110.586582
1780456777,105.881121
1780456777,107.763950
1780456777,106.280952
1780456777,109.255659
1780456777,110.790948
1780456777,106.354034
1780456777,107.915399
1780456777,110.934933
1780456777,106.315299
1780456777,108.382274
1780456777,106.468957
1780456777,108.366426
1780456777,108.418972
1780456777,108.495699
1780456777,108.447607
1780456777,108.528681
1780456777,108.277683
1780456777,108.439977
1780456777,108.433629
1780456777,108.768979
1780456777,108.218936
1780456777,108.676923
1780456777,107.947618
1780456777,108.554911
1780456777,108.002293
1780456777,110.427004
1780456777,110.533740
1780456777,110.494851
1780456777,110.262909
1780456777,108.141304
1780456777,109.074115
1780456777,109.523123
1780456777,108.889674
1780456777,109.304858
1780456777,109.155898
1780456777,109.343917
1780456777,109.143273
1780456777,109.280819
1780456777,109.512032
1780456777,109.707160
1780456777,105.459238
1780456777,111.563498
1780456777,110.327189
1780456777,111.766894
1780456777,114.704256
1780456777,114.799763
1780456777,110.740364
1780456777,110.706554
1780456777,107.382909
1780456777,110.326922
1780456777,111.281306
1780456777,110.745577
1780456777,111.061716
1780456777,111.065787
1780456777,110.999571
1780456777,111.034169
1780456777,105.263423
1780456777,104.629414
1780456777,104.883548
1780456777,104.145123
1780456777,105.158174
1780456777,108.207323
1780456777,105.243229
1780456777,105.339759
1780456777,111.904992
1780456777,105.018305
1780456777,112.340011
1780456777,111.535743
1780456777,107.355522
1780456777,108.516887
1780456777,107.041399
1780456777,111.365694
1780456777,109.386879
1780456777,109.482703
1780456777,113.621199
1780456777,109.609478
1780456777,108.480196
1780456777,113.887234
1780456777,109.707357
1780456777,113.137103
1780456777,113.571924
1780456777,112.258269
1780456777,110.771402
1780456777,110.796042
1780456777,110.770886
1780456777,108.004992
1780456777,111.051565
1780456777,111.593468
1780456777,109.816225
1780456777,108.397030
1780456777,108.693254
1780456777,111.573198
1780456777,108.780381
1780456777,109.034388
1780456777,108.498022
1780456777,117.556182
1780456777,111.296431
1780456777,114.495283
1780456777,117.812814
1780456777,117.783435
1780456777,114.590238
1780456777,117.908053
1780456777,112.165966
1780456777,109.506341
1780456777,109.513337
1780456777,110.101361
1780456777,110.158409
1780456777,116.120157
1780456777,116.082580
1780456777,116.163110
1780456777,115.744953
1780456777,109.718381
1780456777,111.217641
1780456777,110.832895
1780456777,110.144448
1780456777,110.551763
1780456777,110.440012
1780456777,112.384875
1780456777,111.784212
1780456777,110.420567
1780456777,115.229760
1780456777,113.833366
1780456777,117.183275
1780456777,115.704323
1780456777,109.402380
1780456777,110.469597
1780456777,107.603272
1780456777,109.459646
1780456777,110.810403
1780456777,112.303569
1780456777,112.500992
1780456777,112.524677
1780456777,112.516579
1780456777,114.561507
1780456777,114.633103
1780456777,114.572027
1780456777,114.832248
1780456777,111.278894
1780456777,112.574280
1780456777,114.840489
1780456777,114.824502
1780456777,113.035102
1780456777,117.127179
1780456777,115.086357
1780456777,111.714163
1780456777,117.782666
1780456777,117.412355
1780456777,117.391666
1780456777,118.020659
1780456777,118.102728
1780456777,118.882823
1780456777,117.692580
1780456777,120.870977
1780456777,118.838433
1780456777,118.858812
1780456777,122.051495
1780456777,113.211274
1780456777,123.721740
1780456777,118.524066
1780456777,113.729631
1780456777,119.134086
1780456777,115.728145
1780456777,117.972927
1780456777,111.117976
1780456777,121.275166
1780456777,121.356300
1780456777,121.426809
1780456777,123.785039
1780456777,119.352696
1780456777,123.885458
1780456777,124.566347
1780456777,113.342045
1780456777,109.179668
1780456777,109.224542
1780456777,109.339730
1780456777,109.795338
1780456777,110.814979
1780456777,110.764744
1780456777,111.574837
1780456777,109.485335
1780456777,111.780246
1780456777,111.733075
1780456777,111.239476
1780456777,111.358015
1780456777,114.327332
1780456777,113.945638
1780456777,114.685133
1780456777,111.895045
1780456777,111.995103
1780456777,116.274847
1780456777,116.543867
1780456777,117.028636
1780456777,116.555871
1780456777,116.258868
1780456777,119.052761
1780456777,116.773022
1780456777,115.066232
1780456777,116.898548
1780456777,115.177856
1780456777,117.205957
1780456777,116.951856
1780456777,112.302158
1780456777,108.509978
1780456777,108.937350
1780456777,113.610375
1780456777,112.471019
1780456777,114.746299
1780456777,113.964760
1780456777,114.780789
1780456777,117.578754
1780456777,117.540566
1780456777,113.864302
1780456777,119.235083
1780456777,115.087978
1780456777,115.720114
1780456777,117.385015
1780456777,120.343558
1780456777,123.814575
1780456777,124.026615
1780456777,114.233920
1780456777,114.363516
1780456777,110.803869
1780456777,112.958269
1780456777,109.314639
1780456777,109.412986
1780456777,109.505822
1780456777,109.601841
1780456777,114.251870
1780456777,114.361762
1780456777,114.526524
1780456777,114.317783
1780456777,106.180356
1780456777,112.774585
1780456777,112.896522
1780456777,112.068993
1780456777,111.138446
1780456777,116.323350
1780456777,117.363450
1780456777,108.820372
1780456777,117.601047
1780456777,113.364006
1780456777,119.129284
1780456777,107.642339
1780456777,109.149920
1780456777,117.575486
1780456777,114.765631
1780456777,116.385468
1780456777,113.807589
1780456777,116.493505
1780456777,113.705697
1780456777,107.011978
1780456777,109.904012
1780456777,118.360177
1780456777,114.405308
1780456777,116.690999
1780456777,116.945673
1780456777,112.503769
1780456777,116.688937
1780456777,112.614348
1780456777,116.784858
1780456777,117.214456
1780456777,108.183035
1780456777,111.453055
1780456777,111.214124
1780456777,111.686126
1780456777,118.781714
1780456777,118.573018
1780456777,118.643083
1780456777,109.033979
1780456777,108.751748
1780456777,109.165362
1780456777,116.348575
1780456777,108.998227
1780456777,108.863190
1780456777,116.988253
1780456777,107.955725
1780456777,118.505443
1780456777,113.132216
1780456777,120.047344
1780456777,113.285284
1780456777,113.160177
1780456777,113.434349
1780456777,113.254376
1780456777,121.902885
1780456777,113.565462
1780456777,108.769346
1780456777,116.610768
1780456777,113.857145
1780456777,113.582437
1780456777,113.893619
1780456777,113.734559
1780456777,114.042840
1780456777,115.750811
1780456777,116.850279
1780456777,111.282656
1780456777,114.072974
1780456777,116.168036
1780456777,108.070190
1780456777,116.396950
1780456777,115.147675
1780456777,116.807586
1780456777,116.537284
1780456777,116.950059
1780456777,116.918467
1780456777,116.792518
1780456777,116.856786
1780456777,116.821587
1780456777,106.279547
1780456777,106.543009
1780456777,108.123554
1780456777,108.192345
1780456777,114.522759
1780456777,113.111102
1780456777,113.109596
1780456777,116.243610
1780456777,117.890601
1780456777,118.117627
1780456777,117.823419
1780456777,108.742231
1780456777,123.838668
1780456777,110.357207
1780456777,124.243957
1780456777,123.998382
1780456777,118.998706
1780456777,119.401955
1780456777,123.010033
1780456777,112.910474
1780456777,119.555545
1780456777,124.600888
1780456777,119.818874
1780456777,107.631330
1780456777,118.272823
1780456777,118.391165
1780456777,118.228537
1780456777,118.768890
1780456777,118.649762
1780456777,106.897919
1780456777,112.254998
1780456777,105.976511
1780456777,109.591233
1780456777,112.769305
1780456777,109.376905
1780456777,121.494733
1780456777,116.868522
1780456777,112.307697
1780456777,108.833877
1780456777,117.792256
1780456777,115.809817
1780456777,119.300450
1780456777,125.247509
1780456777,122.614729
1780456777,114.331231
1780456777,119.452558
1780456777,122.606020
1780456777,114.486502
1780456777,116.398672
1780456777,118.104537
1780456777,118.263587
1780456777,124.217212
1780456777,109.354197
1780456777,127.873520
1780456777,128.342713
1780456777,125.511082
1780456777,128.385108
1780456777,125.759073
1780456777,113.420641
1780456777,121.726235
1780456777,109.663266
1780456777,120.005436
1780456777,113.710024
1780456777,113.375659
1780456777,107.474763
1780456777,120.039250
1780456777,121.576209
1780456777,120.341991
1780456777,120.206567
1780456777,120.413416
1780456777,126.252075
1780456777,113.959841
1780456777,120.496497
1780456777,114.101375
1780456777,126.640032
1780456777,117.524096
1780456777,119.537165
1780456777,119.737130
1780456777,126.920897
1780456777,118.238075
1780456777,112.800712
1780456777,117.875503
1780456777,127.197313
1780456777,112.897716
1780456777,118.349003
1780456777,127.214105
1780456777,116.933023
1780456777,118.686561
1780456777,118.518079
1780456777,117.048463
1780456777,118.806154
1780456777,108.462837
1780456777,127.100749
1780456777,119.469104
1780456777,119.434570
1780456777,119.100578
1780456777,125.799686
1780456777,118.091918
1780456777,116.567708
1780456777,118.237050
1780456777,116.858221
1780456777,114.488947
1780456777,113.249327
1780456777,119.971926
1780456777,117.148704
1780456777,112.610971
1780456777,117.341849
1780456777,108.381048
1780456777,123.980727
1780456777,119.209928
1780456777,115.350871
1780456777,108.639065
1780456777,124.151821
1780456777,108.676682
1780456777,124.353068
1780456777,118.082436
1780456777,123.205399
1780456777,114.370002
1780456777,130.447662
1780456777,123.245158
1780456777,118.252584
1780456777,123.279445
1780456777,114.522684
1780456777,121.553005
1780456777,123.314365
1780456777,118.401120
1780456777,122.014924
1780456777,114.755406
1780456777,109.476851
1780456777,122.017437
1780456777,118.663152
1780456777,117.552852
1780456777,120.484416
1780456777,107.599832
1780456777,116.725523
1780456777,120.877181
1780456777,113.741723
1780456777,113.961325
1780456777,117.153109
1780456777,111.571033
1780456777,120.939346
1780456777,114.175611
1780456777,112.151980
1780456777,122.947554
1780456777,118.450066
1780456777,107.325277
1780456777,117.829766
1780456777,106.050055
1780456777,112.477395
1780456777,112.789905
1780456777,107.894983
1780456777,108.222147
1780456777,119.625688
1780456777,129.351025
1780456777,117.739206
1780456777,120.321252
1780456777,130.379458
1780456777,122.496794
1780456777,123.928643
1780456777,114.858311
1780456777,114.613388
1780456777,120.384057
1780456777,122.311680
1780456777,109.700990
1780456777,114.730947
1780456777,114.946962
1780456777,121.222007
1780456777,132.393760
1780456777,119.030302
1780456777,109.849762
1780456777,107.176113
1780456777,112.548501
1780456777,113.026119
1780456777,113.828847
1780456777,112.779453
1780456777,124.659313
1780456777,108.789043
1780456777,113.727343
1780456777,126.037270
1780456777,113.821568
1780456777,114.096785
1780456777,109.001372
1780456777,126.598283
1780456777,128.158941
1780456777,110.595018
1780456777,108.146698
1780456777,122.051189
1780456777,123.512035
1780456777,119.899197
1780456777,122.250922
1780456777,117.522239
1780456777,133.445446
1780456777,114.656962
1780456777,133.593916
1780456777,114.863616
1780456777,122.464750
1780456777,133.764101
1780456777,120.177088
1780456777,116.539315
1780456777,116.241031
1780456777,130.670410
1780456777,122.217111
1780456777,130.775410
1780456777,112.761085
1780456777,116.410103
1780456777,114.340870
1780456777,118.249698
1780456777,133.797511
1780456777,116.842362
1780456777,124.462139
1780456777,129.419306
1780456777,138.992687
1780456777,125.946976
1780456777,109.096765
1780456777,114.721806
1780456777,138.620939
1780456777,123.637198
1780456777,110.114735
1780456777,128.604904
1780456777,139.096710
1780456777,114.174483
1780456777,109.736873
1780456777,123.809504
1780456777,120.393013
1780456777,106.481278
1780456777,119.491929
1780456777,112.887047
1780456777,119.922632
1780456777,120.030256
1780456777,131.318597
1780456777,131.192884
1780456777,124.329687
1780456777,111.162533
1780456777,111.348483
1780456777,111.872024
1780456777,126.032947
1780456777,126.441032
1780456777,140.567906
1780456777,127.297091
1780456777,126.652941
1780456777,139.865736
1780456777,141.194690
1780456777,117.329973
1780456777,123.933574
1780456777,125.198605
1780456777,125.353073
1780456777,132.274574
1780456777,125.157166
1780456777,132.357882
1780456777,127.222210
1780456777,126.895525
1780456777,127.092142
1780456777,129.327353
1780456777,127.269087
1780456777,113.599520
1780456777,132.569518
1780456777,113.842655
1780456777,134.532430
1780456777,114.176538
1780456777,114.102683
1780456777,127.363350
1780456777,110.260829
1780456777,110.089988
1780456777,110.252288
1780456777,108.807860
1780456777,122.341322
1780456777,108.903953
1780456777,133.368651
1780456777,122.431663
1780456777,110.585960
1780456777,125.178100
1780456777,123.947578
1780456777,124.850717
1780456777,109.385672
1780456777,121.699961
1780456777,108.631470
1780456777,123.303829
1780456777,120.729301
1780456777,135.775161
1780456777,120.857542
1780456777,121.957716
1780456777,128.945156
1780456777,128.910880
1780456777,128.713496
1780456777,129.156914
1780456777,132.857306
1780456777,119.876444
1780456777,119.948018
1780456777,132.740751
1780456777,126.351600
1780456777,133.051864
1780456777,123.759199
1780456777,127.707323
1780456777,131.644883
1780456777,109.122414
1780456777,122.366335
1780456777,130.414436
1780456777,121.800445
1780456777,130.495445
1780456777,119.255868
1780456777,108.246342
1780456777,120.555355
1780456777,133.625651
1780456777,107.792028
1780456777,129.698753
1780456777,119.626348
1780456777,107.559172
1780456777,123.517489
1780456777,118.355106
1780456777,114.487587
1780456777,132.615388
1780456777,131.066933
1780456777,122.647607
1780456777,118.825887
1780456777,131.364114
1780456777,131.342456
1780456777,127.160363
1780456777,114.030664
1780456777,127.074041
1780456777,114.110782
1780456777,112.562110
1780456777,122.207073
1780456777,118.142475
1780456777,118.260538
1780456777,119.539110
1780456777,118.258892
1780456777,118.474182
1780456777,118.477127
1780456777,116.155320
1780456777,115.100775
1780456777,116.505557
1780456777,115.422559
1780456777,112.331037
1780456777,112.626838
1780456777,131.140361
1780456777,113.867796
1780456777,115.545290
1780456777,122.186913
1780456777,117.240220
1780456777,116.262137
1780456777,117.312878
1780456777,113.427709
1780456777,116.333478
1780456777,116.517332
1780456777,116.512629
1780456777,112.423351
1780456777,123.375851
1780456777,132.418700
1780456777,121.020032
1780456777,112.891972
1780456777,122.644554
1780456777,112.162736
1780456777,131.780347
1780456777,119.901905
1780456777,133.212892
1780456777,132.264690
1780456777,116.476623
1780456777,115.062017
1780456777,115.151545
1780456777,120.852836
1780456777,122.633600
1780456777,122.593907
1780456777,114.634452
1780456777,122.901444
1780456777,128.317484
1780456777,121.890455
1780456777,126.123580
1780456777,112.474242
1780456777,118.293168
1780456777,112.713408
1780456777,121.110279
1780456777,118.589921
1780456777,125.553037
1780456777,125.606606
1780456777,120.206510
1780456777,127.063088
1780456777,121.625122
1780456777,128.355250
1780456777,135.289553
1780456777,113.540979
1780456777,113.655694
1780456777,134.929009
1780456777,135.448057
1780456777,130.969096
1780456777,135.442692
1780456777,137.765420
1780456777,115.696418
1780456777,132.551944
1780456777,138.676339
1780456777,115.675637
1780456777,116.477621
1780456777,138.828668
1780456777,117.811705
1780456777,134.026591
1780456777,119.477739
1780456777,122.361009
1780456777,119.442284
1780456777,120.938772
1780456777,112.799310
1780456777,134.479093
1780456777,121.316087
1780456777,111.608876
1780456777,107.526555
1780456777,118.445621
1780456777,118.416266
1780456777,113.084816
1780456777,118.552271
1780456777,118.715662
1780456777,108.668186
1780456777,113.387468
1780456777,126.028948
1780456777,113.622526
1780456777,116.618447
1780456777,119.356659
1780456777,109.927459
1780456777,110.315101
1780456777,111.563692
1780456777,109.023876
1780456777,110.645901
1780456777,125.571215
1780456777,113.314151
1780456777,108.235771
1780456777,112.314772
1780456777,125.992199
1780456777,112.594794
1780456777,119.826918
1780456777,111.843775
1780456777,108.053768
1780456777,125.821309
1780456777,112.250973
1780456777,127.160645
1780456777,112.310605
1780456777,112.585504
1780456777,123.421221
1780456777,112.368699
1780456777,112.528725
1780456777,122.393890
1780456777,110.482417
1780456777,110.863242
1780456777,113.012704
1780456777,110.573386
1780456777,113.359588
1780456777,121.967440
1780456777,121.881573
1780456777,122.594083
1780456777,119.867417
1780456777,125.661947
1780456777,110.230239
1780456777,110.564162
1780456777,110.660379
1780456777,122.974121
1780456777,120.194480
1780456777,122.933049
1780456777,118.440308
1780456777,121.368683
1780456777,123.382882
1780456777,140.292642
1780456777,125.417027
1780456777,121.529465
1780456777,136.591047
1780456777,116.174165
1780456777,138.960111
1780456777,116.207919
1780456777,121.846025
1780456777,123.698009
1780456777,121.710721
1780456777,140.633859
1780456777,115.942506
1780456777,124.593208
1780456777,140.772317
1780456777,121.991360
1780456777,118.167596
1780456777,116.317765
1780456777,137.010750
1780456777,134.479520
1780456777,137.094280
1780456777,137.377210
1780456777,109.460962
1780456777,138.918700
1780456777,116.554893
1780456777,116.704961
1780456777,116.716254
1780456777,116.703604
1780456777,119.764727
1780456777,115.685638
1780456777,112.939923
1780456777,119.870579
1780456777,111.344183
1780456777,116.651313
1780456777,122.606296
1780456777,122.690680
1780456777,121.357696
1780456777,113.399139
1780456777,126.977341
1780456777,116.877733
1780456777,117.588207
1780456777,131.190215
1780456777,109.204330
1780456777,117.114556
1780456777,136.825907
1780456777,131.506397
1780456777,117.362529
1780456777,113.981912
1780456777,123.282166
1780456777,112.894016
1780456777,118.841552
1780456777,112.064894
1780456777,111.177012
1780456777,118.858506
1780456777,133.244156
1780456777,127.893408
1780456777,132.377505
1780456777,128.088605
1780456777,111.488001
1780456777,127.393822
1780456777,125.627092
1780456777,131.571057
1780456777,116.535179
1780456777,131.574518
1780456777,108.395886
1780456777,108.508753
1780456777,112.405656
1780456777,108.618795
1780456777,125.413891
1780456777,111.378737
1780456777,111.378979
1780456777,125.965443
1780456777,110.422318
1780456777,111.133762
1780456777,111.146961
1780456777,125.235752
1780456777,128.024805
1780456777,129.200785
1780456777,125.466094
1780456777,121.017210
1780456777,135.789687
1780456777,111.041391
1780456777,128.666085
1780456777,129.994257
1780456777,130.726364
1780456777,128.861457
1780456777,130.792298
1780456777,133.013220
1780456777,122.170400
1780456777,111.253099
1780456777,119.494092
1780456777,122.358867
1780456777,127.987034
1780456777,112.779050
1780456777,108.352207
1780456777,122.886325
1780456777,119.814347
1780456777,125.988766
1780456777,108.523720
1780456777,127.249415
1780456777,112.570697
1780456777,126.222909
1780456777,108.759422
1780456777,108.886458
1780456777,126.448746
1780456777,109.271270
1780456777,125.338216
1780456777,123.942636
1780456777,126.791310
1780456777,125.544225
1780456777,113.019723
1780456777,109.045454
1780456777,123.607239
1780456777,123.737174
1780456777,125.744043
1780456777,109.074813
1780456777,113.394234
1780456777,127.360680
1780456777,107.288627
1780456777,118.894228
1780456777,112.711192
1780456777,126.230117
1780456777,108.230191
1780456777,118.439666
1780456777,110.336996
1780456777,109.791488
1780456777,118.479912
1780456777,110.285351
1780456777,113.158294
1780456777,127.092820
1780456777,126.969569
1780456777,125.200413
1780456777,113.258530
1780456777,113.220101
1780456777,111.516388
1780456777,123.944676
1780456777,108.278577
1780456777,125.860830
1780456777,127.429668
1780456777,108.444965
1780456777,118.404331
1780456777,118.288202
1780456777,113.652255
1780456777,114.378504
1780456777,114.175761
1780456777,124.523802
1780456777,113.945812
1780456777,130.059729
1780456777,130.371655
1780456777,133.369861
1780456777,133.335768
1780456777,133.441527
1780456777,134.775818
1780456777,135.993526
1780456777,114.514422
1780456777,118.240025
1780456777,128.837936
1780456777,130.488312
1780456777,130.328978
1780456777,129.579575
1780456777,130.500743
1780456777,130.568100
1780456777,129.205133
1780456777,129.341387
1780456777,132.945524
1780456777,132.898628
1780456777,134.352057
1780456777,133.099778
1780456777,141.001790
1780456777,115.101231
1780456777,131.926702
1780456777,126.042756
1780456777,112.716486
1780456777,113.543875
1780456777,126.711731
1780456777,127.312435
1780456777,115.425847
1780456777,115.425769
1780456777,114.208440
1780456777,126.357308
1780456777,117.182629
1780456777,114.622747
1780456777,114.511725
1780456777,114.779501
1780456777,115.611125
1780456777,120.576690
1780456777,131.938772
1780456777,131.943932
1780456777,114.552976
1780456777,132.115492
1780456777,134.757315
1780456777,111.225198
1780456777,131.266465
1780456777,129.848512
1780456777,131.833409
1780456777,131.680037
1780456777,127.238567
1780456777,131.868517
1780456777,131.825467
1780456777,127.423663
1780456777,131.995919
1780456777,128.624968
1780456777,132.109607
1780456777,131.652568
1780456777,126.363069
1780456777,128.866625
1780456777,127.867769
1780456777,111.330079
1780456777,111.644622
1780456777,111.574120
1780456777,129.839582
1780456777,132.701146
1780456777,128.981606
1780456777,126.270255
1780456777,112.126995
1780456777,126.747954
1780456777,127.108787
1780456777,129.453262
1780456777,130.248088
1780456777,131.196486
1780456777,130.162642
1780456777,131.591800
1780456777,131.772355
1780456777,133.287412
1780456777,141.534345
1780456777,127.538283
1780456777,142.508284
1780456777,142.509290
1780456777,131.023068
1780456777,129.422902
1780456777,131.146388
1780456777,129.593955
1780456777,128.266482
1780456777,122.363404
1780456777,122.647023
1780456777,133.063774
1780456777,132.431240
1780456777,131.253793
1780456777,112.321788
1780456777,132.939990
1780456777,131.557811
1780456777,132.528734
1780456777,112.257860
1780456777,116.593888
1780456777,116.113885
1780456777,116.636246
1780456777,124.453072
1780456777,120.872046
1780456777,120.985280
1780456777,121.067871
1780456777,121.142314
1780456777,121.669057
1780456777,124.302155
1780456777,125.898264
1780456777,124.411514
1780456777,124.542932
1780456777,121.541022
1780456777,122.224275
1780456777,121.757222
1780456777,122.456057
1780456777,125.295194
1780456777,125.066256
1780456777,122.918423
1780456777,110.503099
1780456777,123.339995
1780456777,125.144816
1780456777,109.218290
1780456777,109.801411
1780456777,109.413364
1780456777,110.389835
1780456777,108.234475
1780456777,122.119058
1780456777,121.806475
1780456777,118.694337
1780456777,120.948869
1780456777,116.242182
1780456777,116.184127
1780456777,115.979970
1780456777,120.117533
1780456777,117.424188
1780456777,119.681637
1780456777,121.268172
1780456777,116.387682
1780456777,127.577448
1780456777,148.533744
1780456777,122.375521
1780456777,122.273490
1780456777,122.343466
1780456777,129.525839
1780456777,129.139949
1780456777,119.509473
1780456777,117.946536
1780456777,149.255922
1780456777,131.977246
1780456777,120.286527
1780456777,119.949034
1780456777,119.866280
1780456777,132.162703
1780456777,120.820615
1780456777,132.271962
1780456777,148.631748
1780456777,144.758632
1780456777,145.548733
1780456777,149.730755
1780456777,151.221544
1780456777,146.643781
1780456777,151.656613
1780456777,155.346073
1780456777,152.020367
1780456777,153.479780
1780456777,153.830381
1780456777,156.106699
1780456777,159.597401
1780456777,161.382586
1780456777,131.238184
1780456777,161.461580
1780456777,131.955486
1780456777,132.721923
1780456777,118.865787
1780456777,120.564488
1780456777,109.316652
1780456777,118.026154
1780456777,109.455669
1780456777,119.732955
1780456777,119.844636
1780456777,119.313842
1780456777,116.959360
1780456777,110.783562
1780456777,110.855634
1780456777,120.039513
1780456777,120.108358
1780456777,119.743353
1780456777,111.371915
1780456777,120.180024
1780456777,118.645653
1780456777,120.471185
1780456777,120.540351
1780456777,120.623690
1780456777,117.560506
1780456777,118.908452
1780456777,118.872620
1780456777,118.218590
1780456777,122.151009
1780456777,139.322447
1780456777,121.709926
1780456777,119.545966
1780456777,121.901814
1780456777,122.109704
1780456777,122.049104
1780456777,120.848483
1780456777,121.104471
1780456777,120.878345
1780456777,120.817670
1780456777,127.700042
1780456777,119.268301
1780456777,120.022972
1780456777,136.458727
1780456777,120.164238
1780456777,153.569217
1780456777,156.061605
1780456777,154.643192
1780456777,156.934429
1780456777,120.452059
1780456777,120.661034
1780456777,158.162085
1780456777,120.863401
1780456777,127.460907
1780456777,127.633853
1780456777,127.768716
1780456777,127.841661
1780456777,128.642990
1780456777,128.359064
1780456777,120.220098
1780456777,133.562312
1780456777,144.495577
1780456777,124.206144
1780456777,119.091880
1780456777,127.676384
1780456777,124.670740
1780456777,147.569793
1780456777,134.241408
1780456777,134.870622
1780456777,134.978709
1780456777,123.862612
1780456777,119.903687
1780456777,120.012725
1780456777,131.524125
1780456777,125.564682
1780456777,131.665517
1780456777,145.003820
1780456777,131.971266
1780456777,133.307330
1780456777,133.395143
1780456777,145.612407
1780456777,120.059205
1780456777,128.814806
1780456777,120.470274
1780456777,130.789213
1780456777,112.981151
1780456777,128.563606
1780456777,130.782887
1780456777,128.753526
1780456777,128.269612
1780456777,131.031681
1780456777,125.100112
1780456777,113.319343
1780456777,128.386586
1780456777,128.678972
1780456777,127.957120
1780456777,108.433386
1780456777,128.138906
1780456777,128.213294
1780456777,128.456567
1780456777,109.330328
1780456777,109.634115
1780456777,129.212022
1780456777,109.293588
1780456777,128.601713
1780456777,106.216240
1780456777,132.230267
1780456777,113.799753
1780456777,133.355976
1780456777,114.581512
1780456777,115.115584
1780456777,145.453318
1780456777,142.269353
1780456777,146.205318
1780456777,150.196949
1780456777,133.655905
1780456777,132.763818
1780456777,115.481423
1780456777,114.838002
1780456777,114.965794
1780456777,114.966847
1780456777,115.170760
1780456777,115.497642
1780456777,135.279997
1780456777,135.378656
1780456777,135.262703
1780456777,115.690833
1780456777,116.058948
1780456777,115.465230
1780456777,135.988175
1780456777,137.279471
1780456777,119.766541
1780456777,138.630943
1780456777,122.965374
1780456777,114.214398
1780456777,123.315907
1780456777,123.281378
1780456777,114.396703
1780456777,114.982388
1780456777,122.392113
1780456777,123.210401
1780456777,120.567269
1780456777,120.830212
1780456777,120.754006
1780456777,117.594054
1780456777,117.457242
1780456777,116.874212
1780456777,117.617644
1780456777,124.849203
1780456777,110.053377
1780456777,110.944949
1780456777,110.846784
1780456777,124.605126
1780456777,125.674408
1780456777,110.795999
1780456777,110.936701
1780456777,113.167005
1780456777,113.137783
1780456777,113.421450
1780456777,126.888001
1780456777,113.557046
1780456777,113.435923
1780456777,126.992745
1780456777,130.803764
1780456777,119.464133
1780456777,119.640737
1780456777,108.806660
1780456777,110.904729
1780456777,132.832364
1780456777,133.093821
1780456777,109.921716
1780456777,110.820685
1780456777,125.121730
1780456777,125.199050
1780456777,125.783713
1780456777,125.974063
1780456777,130.596683
1780456777,130.579375
1780456777,111.903368
1780456777,111.883077
1780456777,111.774397
1780456777,112.121885
1780456777,112.282973
1780456777,112.397820
1780456777,111.325198
1780456777,111.212774
1780456777,111.506259
1780456777,111.357922
1780456777,112.324823
1780456777,108.875688
1780456777,107.994121
1780456777,113.063388
1780456777,113.205477
1780456777,112.650198
1780456777,106.199454
1780456777,106.935013
1780456777,106.335190
1780456777,106.759110
1780456777,106.728951
1780456777,116.533928
1780456777,118.415019
1780456777,106.740025
1780456777,109.552728
1780456777,110.689882
1780456777,124.298806
1780456777,124.404293
1780456777,124.593484
1780456777,124.548202
1780456777,124.726099
1780456777,125.487572
1780456777,125.581652
1780456777,111.112869
1780456777,115.507388
1780456777,116.056593
1780456777,116.376312
1780456777,111.336388
1780456777,115.413574
1780456777,115.549377
1780456777,115.746680
1780456777,116.247886
1780456777,116.409510
1780456777,116.682298
1780456777,116.830918
1780456777,115.638671
1780456777,106.751457
1780456777,106.297920
1780456777,116.198210
1780456777,106.457684
1780456777,110.398703
1780456777,111.113824
1780456777,111.207637
1780456777,121.585081
1780456777,112.291913
1780456777,112.103531
1780456777,121.371302
1780456777,109.648457
1780456777,108.422879
1780456777,112.286000
1780456777,121.419454
1780456777,117.060637
1780456777,113.208991
1780456777,117.402783
1780456777,117.078048
1780456777,113.297366
1780456777,107.280775
1780456777,113.258588
1780456777,113.819939
1780456777,107.317535
1780456777,113.677084
1780456777,113.326819
1780456777,117.307230
1780456777,114.244623
1780456777,132.455616
1780456777,132.864002
1780456777,133.086158
1780456777,132.915280
1780456777,133.120209
1780456777,132.762344
1780456777,115.832798
1780456777,120.182846
1780456777,120.534480
1780456777,122.925115
1780456777,125.869579
1780456777,126.055029
1780456777,121.572032
1780456777,124.105610
1780456777,124.031370
1780456777,124.663307
1780456777,124.746129
1780456777,130.895032
1780456777,124.887564
1780456777,124.300476
1780456777,119.333448
1780456777,119.425961
1780456777,123.450695
1780456777,133.912974
1780456777,126.646103
1780456777,123.654137
1780456777,134.136075
1780456777,133.797558
1780456777,134.425572
1780456777,126.128462
1780456777,124.788838
1780456777,142.530932
1780456777,134.542769
1780456777,142.729689
1780456777,143.018354
1780456777,131.828162
1780456777,132.224813
1780456777,143.129200
1780456777,143.067541
1780456777,143.626821
1780456777,134.661623
1780456777,143.923171
1780456777,134.723757
1780456777,143.953095
1780456777,144.170116
1780456777,144.365887
1780456777,134.639711
1780456777,144.246600
1780456777,132.696719
1780456777,112.550747
1780456777,114.502306
1780456777,113.034152
1780456777,109.482269
1780456777,112.840137
1780456777,113.470434
1780456777,114.638931
1780456777,128.106711
1780456777,126.246576
1780456777,113.885820
1780456777,125.388827
1780456777,126.808772
1780456777,126.908278
1780456777,120.485767
1780456777,128.558408
1780456777,115.902321
1780456777,115.294934
1780456777,119.977931
1780456777,130.838088
1780456777,117.440727
1780456777,120.252491
1780456777,121.054227
1780456777,131.124928
1780456777,131.130616
1780456777,128.840173
1780456777,121.708434
1780456777,130.972441
1780456777,130.122304
1780456777,124.017577
1780456777,120.615886
1780456777,123.263357
1780456777,125.237142
1780456777,125.799555
1780456777,124.388700
1780456777,125.339482
1780456777,108.818922
1780456777,112.242284
1780456777,114.444862
1780456777,109.705758
1780456777,115.077058
1780456777,112.767505
1780456777,119.886167
1780456777,120.130563
1780456777,122.396907
1780456777,126.345779
1780456777,123.437327
1780456777,129.083469
1780456777,129.350103
1780456777,125.495019
1780456777,125.690991
1780456777,131.010392
1780456777,131.321806
1780456777,131.754030
1780456777,127.310531
1780456777,134.474511
1780456777,132.190424
1780456777,134.826553
1780456777,136.485417
1780456777,137.127888
1780456777,126.073420
1780456777,129.173008
1780456777,125.878967
1780456777,140.425297
1780456777,146.857619
1780456777,129.742127
1780456777,130.012773
1780456777,128.961600
1780456777,130.791001
1780456777,132.613705
1780456777,132.987842
1780456777,129.232838
1780456777,130.103782
1780456777,131.791970
1780456777,130.720172
1780456777,132.112319
1780456777,132.456284
1780456777,127.099004
1780456777,132.236764
1780456777,134.714227
1780456777,129.446284
1780456777,141.358683
1780456777,143.132645
1780456777,129.946509
1780456777,131.392515
1780456777,131.819604
1780456777,133.270757
1780456777,119.111073
1780456777,119.713029
1780456777,120.387147
1780456777,120.448500
1780456777,121.563696
1780456777,121.981450
1780456777,125.699172
1780456777,129.184751
1780456777,122.329429
1780456777,128.388767
1780456777,124.818456
1780456777,122.380900
1780456777,124.938494
1780456777,130.839549
1780456777,122.641384
1780456777,126.045598
1780456777,124.995734
1780456777,128.506831
1780456777,137.942107
1780456777,123.137437
1780456777,138.247516
1780456777,138.026935
1780456777,134.851801
1780456777,134.235140
1780456777,138.334922
1780456777,135.155462
1780456777,137.976771
1780456777,137.834788
1780456777,140.242771
1780456777,134.735254
1780456777,127.042951
1780456777,130.060138
1780456777,139.748795
1780456777,131.676329
1780456777,140.805901
1780456777,141.006273
1780456777,140.802167
1780456777,141.633559
1780456777,142.479910
1780456777,149.227253
1780456777,142.443707
1780456777,147.723634
1780456777,143.998818
1780456777,132.411156
1780456777,136.391590
1780456777,143.853138
1780456777,144.333716
1780456777,145.297680
1780456777,145.369609
1780456777,145.961093
1780456777,150.369679
1780456777,153.081331
1780456777,148.597399
1780456777,155.428564
1780456777,156.167867
1780456777,162.412219
1780456777,155.862765
1780456777,162.625365
1780456777,153.479108
1780456777,147.930816
1780456777,157.735917
1780456777,156.625466
1780456777,155.212065
1780456777,153.182323
1780456777,153.015178
1780456777,153.950852
1780456777,155.238357
1780456777,155.087730
1780456777,156.048892
1780456777,160.833811
1780456777,156.751297
1780456777,158.835559
1780456777,161.963096
1780456777,151.763943
1780456777,144.666470
1780456777,167.376391
1780456777,165.451136
1780456777,167.927772
1780456777,168.091206
1780456777,168.193102
1780456777,168.376012
1780456777,145.140814
1780456777,160.303325
1780456777,145.378677
1780456777,162.518121
1780456777,162.692356
1780456777,162.772233
1780456777,157.915501
1780456777,141.955121
1780456777,158.093107
1780456777,160.729188
1780456777,147.310147
1780456777,163.667427
1780456777,147.424302
1780456777,163.871652
1780456777,165.766378
1780456777,146.233335
1780456777,168.301414
1780456777,168.230738
1780456777,146.763231
1780456777,168.572309
1780456777,146.340607
1780456777,169.236787
1780456777,169.127049
1780456777,149.081884
1780456777,147.520021
1780456777,163.807384
1780456777,147.727905
1780456777,164.209111
1780456777,164.388120
1780456777,164.549789
1780456777,149.067542
1780456777,164.979333
1780456777,165.014759
1780456777,170.589155
1780456777,170.924026
1780456777,170.890103
1780456777,150.857334
1780456777,172.432712
1780456777,171.633269
1780456777,151.083454
1780456777,168.526156
1780456777,159.344822
1780456777,157.975232
1780456777,152.062331
1780456777,169.221614
1780456777,168.676937
1780456777,158.556719
1780456777,164.991060
1780456777,172.570267
1780456777,159.778480
1780456777,171.284309
1780456777,161.459554
1780456777,171.534148
1780456777,161.953844
1780456777,174.249496
1780456777,162.296656
1780456777,170.533549
1780456777,168.421977
1780456777,168.864828
1780456777,162.815269
1780456777,151.604199
1780456777,164.328355
1780456777,172.948250
1780456777,168.496052
1780456777,173.454217
1780456777,172.840176
1780456777,171.505386
1780456777,173.127423
1780456777,171.728930
1780456777,175.299820
1780456777,178.057060
1780456777,173.961792
1780456777,174.154757
1780456777,174.271962
1780456777,175.222110
1780456777,164.557196
1780456777,179.221716
1780456777,170.810075
1780456777,139.829814
1780456777,167.256072
1780456777,139.920633
1780456777,165.193754
1780456777,141.808852
1780456777,140.498011
1780456777,142.339002
1780456777,159.378846
1780456777,159.881493
1780456777,160.664068
1780456777,149.515747
1780456777,159.768114
1780456777,147.848364
1780456777,143.119013
1780456777,147.822684
1780456777,144.233326
1780456777,147.884255
1780456777,144.746678
1780456777,148.735437
1780456777,161.398840
1780456777,149.239690
1780456777,162.088024
1780456777,149.508526
1780456777,145.794230
1780456777,149.597634
1780456777,163.157369
1780456777,149.983053
1780456777,151.483875
1780456777,169.642755
1780456777,151.708996
1780456777,149.150891
1780456777,153.977848
1780456777,149.975924
1780456777,172.393346
1780456777,162.978136
1780456777,170.978086
1780456777,172.597847
1780456777,168.727773
1780456777,173.356558
1780456777,173.628937
1780456777,174.378774
1780456777,181.571131
1780456777,153.830710
1780456777,159.411346
1780456777,159.514774
1780456777,159.027586
1780456777,159.793621
1780456777,159.893712
1780456777,159.838355
1780456777,160.153763
1780456777,160.633968
1780456777,160.838740
1780456777,161.309937
1780456777,161.102818
1780456777,161.230256
1780456777,167.739908
1780456777,163.596570
1780456777,162.880633
1780456777,168.548541
1780456777,164.790517
1780456777,167.898427
1780456777,165.193425
1780456777,170.047365
1780456777,164.031593
1780456777,168.143448
1780456777,169.806328
1780456777,171.020685
1780456777,147.620728
1780456777,171.507465
1780456777,172.202132
1780456777,168.344487
1780456777,171.727360
1780456777,172.295468
1780456777,172.511910
1780456777,171.993224
1780456777,172.176213
1780456777,172.309519
1780456777,172.779052
1780456777,172.787116
1780456777,152.489977
1780456777,152.570213
1780456777,157.185504
1780456777,155.275942
1780456777,157.449474
1780456777,158.035250
1780456777,150.018507
1780456777,151.389026
1780456777,154.179348
1780456777,154.208661
1780456777,156.509730
1780456777,156.433439
1780456777,156.606803
1780456777,149.172591
1780456777,150.583452
1780456777,157.047274
1780456777,150.223697
1780456777,151.256655
1780456777,152.735929
1780456777,152.917950
1780456777,157.380861
1780456777,161.557967
1780456777,155.652759
1780456777,167.939196
1780456777,172.855357
1780456777,173.142587
1780456777,157.624213
1780456777,173.810640
1780456777,174.146862
1780456777,163.817261
1780456777,174.274686
1780456777,174.754983
1780456777,175.268317
1780456777,186.259200
1780456777,175.390379
1780456777,175.203615
1780456777,175.570248
1780456777,176.166380
1780456777,191.345627
1780456777,176.108077
1780456777,165.748860
1780456777,194.094958
1780456777,165.007848
1780456777,167.719147
1780456777,170.816516
1780456777,173.037088
1780456777,161.158557
1780456777,185.048845
1780456777,163.513996
1780456777,164.905543
1780456777,161.155631
1780456777,164.124870
1780456777,162.030253
1780456777,166.012917
1780456777,166.467690
1780456777,163.650639
1780456777,167.577564
1780456777,163.163029
1780456777,170.558163
1780456777,163.506414
1780456777,164.355189
1780456777,170.581646
1780456777,165.574445
1780456777,169.839274
1780456777,165.253586
1780456777,172.336688
1780456777,166.073054
1780456777,172.315739
1780456777,164.873039
1780456777,172.976536
1780456777,173.020156
1780456777,174.345737
1780456777,166.319931
1780456777,174.860595
1780456777,175.823289
1780456777,175.542273
1780456777,176.981776
1780456777,177.615793
1780456777,181.634356
1780456777,189.014245
1780456777,181.670471
1780456777,164.887333
1780456777,189.454557
1780456777,190.120516
1780456777,190.237657
1780456777,190.440399
1780456777,190.581519
1780456777,190.575824
1780456777,191.466505
1780456777,191.640056
1780456777,191.972141
1780456777,192.435651
1780456777,192.804317
1780456777,193.483275
1780456777,181.303920
1780456777,186.530709
1780456777,142.134533
1780456777,160.933228
1780456777,161.170219
1780456777,142.253106
1780456777,165.031506
1780456777,142.443074
1780456777,167.035814
1780456777,154.315388
1780456777,162.699437
1780456777,143.842219
1780456777,155.878763
1780456777,167.300544
1780456777,157.541404
1780456777,157.663741
1780456777,165.696946
1780456777,165.717639
1780456777,165.150927
1780456777,167.665126
1780456777,168.461986
1780456777,169.999392
1780456777,169.874757
1780456777,150.760923
1780456777,163.393130
1780456777,165.916813
1780456777,156.580630
1780456777,168.304116
1780456777,158.082422
1780456777,168.733453
1780456777,169.005637
1780456777,168.195209
1780456777,173.921594
1780456777,158.575630
1780456777,160.469649
1780456777,160.430136
1780456777,160.604499
1780456777,160.693754
1780456777,163.405600
1780456777,164.272212
1780456777,164.367867
1780456777,170.605340
1780456777,184.457777
1780456777,174.612599
1780456777,179.053780
1780456777,179.255773
1780456777,185.590550
1780456777,179.402019
1780456777,187.004510
1780456777,171.316634
1780456777,170.364363
1780456777,175.223573
1780456777,187.920135
1780456777,173.065011
1780456777,181.064755
1780456777,175.473656
1780456777,175.944600
1780456777,162.030995
1780456777,173.539580
1780456777,188.553427
1780456777,175.572780
1780456777,172.013983
1780456777,176.002288
1780456777,170.144389
1780456777,168.207256
1780456777,176.028615
1780456777,179.791243
1780456777,171.092230
1780456777,176.073573
1780456777,181.257096
1780456777,176.578429
1780456777,181.167339
1780456777,171.682708
1780456777,171.080522
1780456777,171.497394
1780456777,172.253122
1780456777,172.078807
1780456777,177.763180
1780456777,188.307448
1780456777,180.011742
1780456777,188.548510
1780456777,173.289509
1780456777,195.243362
1780456777,174.755424
1780456777,191.952597
1780456777,181.563052
1780456777,192.251210
1780456777,181.722824
1780456777,192.301608
1780456777,179.315642
1780456777,182.049036
1780456777,174.275201
1780456777,182.421487
1780456777,193.737362
1780456777,183.413487
1780456777,183.673804
1780456777,198.896174
1780456777,194.773635
1780456777,208.030403
1780456777,209.613783
1780456777,207.483123
1780456777,210.073821
1780456777,203.820118
1780456777,208.282975
1780456777,204.365008
1780456777,210.546787
1780456777,209.141125
1780456777,211.074088
1780456777,211.377834
1780456777,173.762067
1780456777,193.475181
1780456777,211.898725
1780456777,212.007443
1780456777,193.897475
1780456777,211.872352
1780456777,167.509216
1780456777,176.123898
1780456777,212.627047
1780456777,213.102534
1780456777,177.801782
1780456777,181.936783
1780456777,213.000214
1780456777,212.881947
1780456777,154.620316
1780456777,174.222121
1780456777,211.715284
1780456777,187.298111
1780456777,182.268397
1780456777,187.866377
1780456777,176.967681
1780456777,214.441960
1780456777,211.216250
1780456777,214.803144
1780456777,215.484719
1780456777,215.411927
1780456777,216.437722
1780456777,216.638940
1780456777,216.546342
1780456777,217.287905
1780456777,217.528333
1780456777,217.643693
1780456777,190.154631
1780456777,185.986322
1780456777,187.282638
1780456777,187.490281
1780456777,188.095434
1780456777,190.114448
1780456777,191.613388
1780456777,188.863672
1780456777,173.982859
1780456777,193.155268
1780456777,192.978821
1780456777,192.427563
1780456777,174.710102
1780456777,195.654102
1780456777,192.960095
1780456777,197.004310
1780456777,194.598807
1780456777,177.158678
1780456777,194.616424
1780456777,177.415263
1780456777,195.204372
1780456777,199.094998
1780456777,199.296822
1780456777,195.593751
1780456777,198.865410
1780456777,199.961668
1780456777,200.089102
1780456777,199.351232
1780456777,200.736331
1780456777,201.022324
1780456777,200.276322
1780456777,200.245637
1780456777,200.969604
1780456777,182.193759
1780456777,202.684383
1780456777,182.453760
1780456777,202.419765
1780456777,170.366548
1780456777,202.091203
1780456777,181.708987
1780456777,202.063774
1780456777,184.851436
1780456777,207.176088
1780456777,198.386020
1780456777,203.535040
1780456777,201.367844
1780456777,207.757688
1780456777,207.478053
1780456777,203.610743
1780456777,203.084100
1780456777,202.125286
1780456777,203.785926
1780456777,208.476595
1780456777,173.938081
1780456777,172.217820
1780456777,210.406239
1780456777,207.908966
1780456777,194.127486
1780456777,216.846299
1780456777,192.668550
1780456777,233.276378
1780456777,212.507051
1780456777,233.409590
1780456777,194.784836
1780456777,233.813630
1780456777,233.585219
1780456777,197.597873
1780456777,233.893857
1780456777,194.178403
1780456777,234.017456
1780456777,211.829192
1780456777,233.847655
1780456777,179.314921
1780456777,234.262397
1780456777,197.699382
1780456777,234.274213
1780456777,234.275148
1780456777,179.328863
1780456777,234.028731
1780456777,194.436179
1780456777,221.656869
1780456777,179.476044
1780456777,195.074440
1780456777,180.795055
1780456777,195.434660
1780456777,180.716801
1780456777,198.204527
1780456777,180.955574
1780456777,195.525632
1780456777,181.869124
1780456777,189.711365
1780456777,198.408365
1780456777,181.997402
1780456777,200.882722
1780456777,178.344026
1780456777,201.194153
1780456777,178.554535
1780456777,197.548483
1780456777,184.922309
1780456777,205.342145
1780456777,198.431552
1780456777,207.272829
1780456777,167.102175
1780456777,205.133430
1780456777,203.981152
1780456777,185.238171
1780456777,207.575823
1780456777,167.984230
1780456777,227.213731
1780456777,186.505478
1780456777,186.625371
1780456777,223.242501
1780456777,186.756483
1780456777,226.492813
1780456777,201.604506
1780456777,223.065496
1780456777,175.794460
1780456777,236.173581
1780456777,204.190824
1780456777,227.578203
1780456777,187.074543
1780456777,182.842037
1780456777,235.825295
1780456777,209.324171
1780456777,189.969744
1780456777,212.205965
1780456777,170.114836
1780456777,185.510849
1780456777,201.952154
1780456777,214.835103
1780456777,169.306451
1780456777,130.805672
1780456777,171.582790
1780456777,131.119591
1780456777,204.975207
1780456777,134.020652
1780456777,205.699400
1780456777,150.130409
1780456777,175.039687
1780456777,138.781033
1780456777,131.801972
1780456777,171.967782
1780456777,130.369449
1780456777,176.128154
1780456777,209.568073
1780456777,151.352390
1780456777,176.228477
1780456777,130.625438
1780456777,175.249353
1780456777,131.399987
1780456777,206.098954
1780456777,138.416614
1780456777,210.471708
1780456777,131.395434
1780456777,214.261570
1780456777,130.292268
1780456777,213.748144
1780456777,205.167501
1780456777,147.275761
1780456777,206.827401
1780456777,147.086306
1780456777,193.356444
1780456777,141.080070
1780456777,208.507539
1780456777,141.168896
1780456777,196.503275
1780456777,197.077346
1780456777,130.584126
1780456777,197.078414
1780456777,132.014309
1780456777,132.807036
1780456777,197.583151
1780456777,141.037558
1780456777,197.329584
1780456777,207.249053
1780456777,141.448310
1780456777,208.643578
1780456777,141.427315
1780456777,199.598727
1780456777,151.202845
1780456777,189.502507
1780456777,205.210916
1780456777,189.712802
1780456777,189.650872
1780456777,207.208048
1780456777,205.396765
1780456777,189.887986
1780456777,206.999749
1780456777,209.256536
1780456777,207.564593
1780456777,209.290641
1780456777,190.128415
1780456777,187.024867
1780456777,206.876390
1780456777,207.137783
1780456777,209.081552
1780456777,188.766903
1780456777,211.551562
1780456777,207.092897
1780456777,211.326795
1780456777,207.097539
1780456777,211.956764
1780456777,207.023083
1780456777,212.153366
1780456777,193.027043
1780456777,211.356176
1780456777,207.256171
1780456777,212.021401
1780456777,211.004440
1780456777,188.560097
1780456777,151.030395
1780456777,198.243029
1780456777,211.261974
1780456777,188.920252
1780456777,203.392916
1780456777,189.183598
1780456777,212.266288
1780456777,207.582262
1780456777,194.775772
1780456777,190.702366
1780456777,203.568992
1780456777,196.075899
1780456777,191.310520
1780456777,203.872640
1780456777,207.712689
1780456777,206.096345
1780456777,191.404411
1780456777,206.516647
1780456777,192.034257
1780456777,206.058604
1780456777,151.570414
1780456777,207.969843
1780456777,193.786929
1780456777,208.082201
1780456777,208.364433
1780456777,208.276409
1780456777,172.555159
1780456777,187.848751
1780456777,170.169654
1780456777,198.879507
1780456777,173.996663
1780456777,198.802548
1780456777,178.617449
1780456777,212.856613
1780456777,201.686090
1780456777,152.091435
1780456777,178.751669
1780456777,152.180572
1780456777,199.010723
1780456777,171.717755
1780456777,201.804863
1780456777,194.171040
1780456777,175.625427
1780456777,194.242485
1780456777,199.357403
1780456777,152.428224
1780456777,175.703714
1780456777,198.905584
1780456777,199.447394
1780456777,152.656714
1780456777,199.436319
1780456777,199.389678
1780456777,174.494506
1780456777,180.270974
1780456777,194.463896
1780456777,199.622905
1780456777,152.946088
1780456777,175.918509
1780456777,194.657689
1780456777,199.730011
1780456777,152.180108
1780456777,176.016826
1780456777,180.420261
1780456777,149.934368
1780456777,180.607182
1780456777,182.624922
1780456777,180.665298
1780456777,152.387230
1780456777,202.550537
1780456777,196.328940
1780456777,176.101801
1780456777,171.470112
1780456777,150.137411
1780456777,153.667372
1780456777,202.513855
1780456777,183.878914
1780456777,171.550940
1780456777,184.030642
1780456777,179.535761
1780456777,176.207792
1780456777,173.695374
1780456777,140.740206
1780456777,205.178830
1780456777,173.927779
1780456777,199.666884
1780456777,205.316567
1780456777,152.821408
1780456777,150.574345
1780456777,196.186108
1780456777,177.774330
1780456777,190.621744
1780456777,182.341967
1780456777,143.325830
1780456777,175.091163
1780456777,205.653141
1780456777,200.058651
1780456777,183.045703
1780456777,155.102665
1780456777,205.792772
1780456777,202.714379
1780456777,202.815548
1780456777,155.978807
1780456777,203.299205
1780456777,143.886201
1780456777,203.475080
1780456777,203.475396
1780456777,134.702250
1780456777,181.491593
1780456777,152.894419
1780456777,195.334197
1780456777,182.282329
1780456777,182.351236
1780456777,203.808756
1780456777,182.472169
1780456777,200.760497
1780456777,183.011482
1780456777,183.263399
1780456777,191.384880
1780456777,153.156450
1780456777,200.569685
1780456777,153.580642
1780456777,180.324344
1780456777,153.906522
1780456777,182.910358
1780456777,183.174804
1780456777,149.648778
1780456777,202.472994
1780456777,183.233079
1780456777,154.459231
1780456777,154.857532
1780456777,188.450247
1780456777,183.245435
1780456777,202.784315
1780456777,201.125445
1780456777,150.587824
1780456777,182.890076
1780456777,154.821170
1780456777,201.309892
1780456777,188.605109
1780456777,204.113578
1780456777,202.852627
1780456777,155.186835
1780456777,204.445468
1780456777,193.222670
1780456777,191.735706
1780456777,155.308824
1780456777,191.842234
1780456777,155.387435
1780456777,204.368054
1780456777,188.797509
1780456777,154.789268
1780456777,204.192076
1780456777,203.303467
1780456777,193.249654
1780456777,153.886491
1780456777,209.237788
1780456777,188.956675
1780456777,177.646718
1780456777,155.629589
1780456777,204.072663
1780456777,193.501252
1780456777,180.835169
1780456777,155.755549
1780456777,210.020777
1780456777,193.611161
1780456777,210.324588
1780456777,156.285791
1780456777,184.321450
1780456777,156.200390
1780456777,187.926431
1780456777,198.124143
1780456777,201.301974
1780456777,156.152905
1780456777,189.078401
1780456777,199.469751
1780456777,204.453543
1780456777,156.273574
1780456777,204.556778
1780456777,189.347164
1780456777,189.236545
1780456777,152.374414
1780456777,189.356464
1780456777,190.694814
1780456777,207.362155
1780456777,156.627346
1780456777,193.991519
1780456777,189.511463
1780456777,156.800675
1780456777,181.608963
1780456777,156.901378
1780456777,184.460771
1780456777,204.136873
1780456777,184.520300
1780456777,156.673963
1780456777,184.663230
1780456777,157.044701
1780456777,195.597093
1780456777,190.978599
1780456777,202.074426
1780456777,201.382102
1780456777,192.893287
1780456777,157.676969
1780456777,136.624635
1780456777,191.079349
1780456777,156.639908
1780456777,175.726558
1780456777,136.744486
1780456777,155.433388
1780456777,175.604941
1780456777,192.705920
1780456777,175.856285
1780456777,199.875408
1780456777,175.971567
1780456777,177.134992
1780456777,136.935577
1780456777,157.721817
1780456777,195.879859
1780456777,150.095905
1780456777,187.720582
1780456777,137.055083
1780456777,150.278995
1780456777,174.874650
1780456777,158.161375
1780456777,177.516088
1780456777,202.053241
1780456777,187.885117
1780456777,200.085316
1780456777,174.022368
1780456777,138.144383
1780456777,151.954250
1780456777,197.314642
1780456777,192.789003
1780456777,193.277764
1780456777,175.990071
1780456777,138.202637
1780456777,191.655500
1780456777,193.071148
1780456777,193.450597
1780456777,176.282168
1780456777,191.763906
1780456777,185.235272
1780456777,176.631262
1780456777,180.405813
1780456777,195.067620
1780456777,181.011710
1780456777,193.017242
1780456777,177.739777
1780456777,177.856581
1780456777,193.220323
1780456777,193.187667
1780456777,178.025737
1780456777,193.232986
1780456777,199.458146
1780456777,177.998898
1780456777,196.489335
1780456777,142.041915
1780456777,197.249238
1780456777,157.475476
1780456777,199.250678
1780456777,180.699728
1780456777,197.274879
1780456777,145.485526
1780456777,200.831740
1780456777,175.778740
1780456777,147.331418
1780456777,200.883155
1780456777,181.480398
1780456777,199.634657
1780456777,200.839877
1780456777,194.000367
1780456777,201.015666
1780456777,181.622654
1780456777,143.731328
1780456777,201.204038
1780456777,186.090599
1780456777,187.561380
1780456777,183.131692
1780456777,153.211080
1780456777,155.692545
1780456777,188.878251
1780456777,185.565422
1780456777,138.551366
1780456777,185.661120
1780456777,196.410577
1780456777,187.704396
1780456777,196.512761
1780456777,182.953469
1780456777,194.035904
1780456777,146.367042
1780456777,187.763265
1780456777,138.820952
1780456777,196.650711
1780456777,138.937198
1780456777,151.315845
1780456777,194.354708
1780456777,200.085718
1780456777,150.888610
1780456777,156.715951
1780456777,195.954656
1780456777,194.532596
1780456777,178.888983
1780456777,177.782092
1780456777,194.604859
1780456777,154.145633
1780456777,154.137792
1780456777,180.527112
1780456777,194.764929
1780456777,183.657171
1780456777,196.307661
1780456777,159.590909
1780456777,159.690304
1780456777,157.844343
1780456777,196.533867
1780456777,157.920075
1780456777,176.644512
1780456777,180.533563
1780456777,139.633180
1780456777,180.667333
1780456777,158.351925
1780456777,177.844205
1780456777,158.717455
1780456777,177.917387
1780456777,147.326384
1780456777,178.064781
1780456777,121.205229
1780456777,176.398333
1780456777,148.203369
1780456777,176.988322
1780456777,159.855001
1780456777,178.358554
1780456777,180.864875
1780456777,181.058025
1780456777,121.068242
1780456777,180.851182
1780456777,178.286005
1780456777,186.998080
1780456777,179.657679
1780456777,175.571238
1780456777,185.718167
1780456777,179.709317
1780456777,184.096745
1780456777,182.391794
1780456777,181.068683
1780456777,186.576677
1780456777,178.427609
1780456777,185.748479
1780456777,177.543788
1780456777,184.442038
1780456777,182.394022
1780456777,186.616485
1780456777,186.998997
1780456777,187.184958
1780456777,191.313451
1780456777,186.638141
1780456777,186.341557
1780456777,187.598948
1780456777,182.673039
1780456777,187.725462
1780456777,187.513399
1780456777,180.166556
1780456777,187.327763
1780456777,192.604755
1780456777,190.564460
1780456777,187.295901
1780456777,192.648500
1780456777,182.875015
1780456777,132.974703
1780456777,185.967923
1780456777,191.520339
1780456777,158.655406
1780456777,195.796543
1780456777,154.520271
1780456777,201.779405
1780456777,160.527398
1780456777,160.446593
1780456777,132.208550
1780456777,160.529367
1780456777,133.438819
1780456777,160.685136
1780456777,176.862392
1780456777,137.572016
1780456777,135.867739
1780456777,126.060771
1780456777,133.921116
1780456777,148.816938
1780456777,149.128598
1780456777,122.559457
1780456777,144.672865
1780456777,152.849100
1780456777,120.721936
1780456777,123.261863
1780456777,123.627242
1780456777,123.979189
1780456777,124.313531
1780456777,125.396211
1780456777,126.101417
1780456777,126.710852
1780456777,127.045026
1780456777,127.068975
1780456777,127.980715
1780456777,125.062621
1780456777,125.426090
1780456777,128.450959
1780456777,133.329090
1780456777,156.692134
1780456777,156.581684
1780456777,133.480160
1780456777,133.685900
1780456777,132.918131
1780456777,121.897947
1780456777,121.672881
1780456777,155.280235
1780456777,122.643981
1780456777,123.003458
1780456777,123.469270
1780456777,155.381328
1780456777,147.909418
1780456777,124.891513
1780456777,143.612758
1780456777,143.844645
1780456777,125.601007
1780456777,125.460761
1780456777,153.147111
1780456777,119.234624
1780456777,119.317467
1780456777,125.327767
1780456777,148.050276
1780456777,148.443894
1780456777,123.260647
1780456777,125.603700
1780456777,125.385951
1780456777,158.177063
1780456777,156.107414
1780456777,162.530904
1780456777,153.448348
1780456777,153.816712
1780456777,156.197937
1780456777,148.172039
1780456777,147.818716
1780456777,147.993021
1780456777,145.495059
1780456777,143.784872
1780456777,120.373265
1780456777,161.488809
1780456777,131.548260
1780456777,151.721042
1780456777,131.977575
1780456777,156.774403
1780456777,159.267354
1780456777,171.647982
1780456777,132.273202
1780456777,128.610883
1780456777,128.815678
1780456777,130.934820
1780456777,128.984328
1780456777,129.178528
1780456777,145.954272
1780456777,140.803412
1780456777,164.743224
1780456777,128.865014
1780456777,131.469711
1780456777,126.268872
1780456777,146.248793
1780456777,133.588959
1780456777,139.309530
1780456777,122.153003
1780456777,124.190974
1780456777,124.962782
1780456777,118.721292
1780456777,131.389820
1780456777,127.978433
1780456777,141.696032
1780456777,142.829094
1780456777,131.403701
1780456777,143.207120
1780456777,151.435920
1780456777,150.447757
1780456777,151.378029
1780456777,142.196851
1780456777,149.282346
1780456777,126.651019
1780456777,132.141265
1780456777,128.662337
1780456777,121.965951
1780456777,125.398111
1780456777,125.254051
1780456777,151.226304
1780456777,140.897697
1780456777,139.487740
1780456777,128.603970
1780456777,125.310129
1780456777,127.454838
1780456777,144.523501
1780456777,128.064799
1780456777,128.286154
1780456777,129.061919
1780456777,153.440815
1780456777,134.195997
1780456777,158.562158
1780456777,135.082183
1780456777,122.856348
1780456777,125.532288
1780456777,152.304842
1780456777,139.205618
1780456777,134.284672
1780456777,135.384985
1780456777,122.179928
1780456777,122.465740
1780456777,124.394551
1780456777,138.419340
1780456777,138.610465
1780456777,125.431404
1780456777,126.285037
1780456777,133.278000
1780456777,133.649783
1780456777,134.522001
1780456777,134.205137
1780456777,134.311196
1780456777,134.091698
1780456777,159.188669
1780456777,159.258171
1780456777,158.899066
1780456777,172.664578
1780456777,157.338043
1780456777,138.627193
1780456777,132.755108
1780456777,136.483251
1780456777,122.812664
1780456777,152.863071
1780456777,136.915700
1780456777,137.627040
1780456777,133.847338
1780456777,135.401392
1780456777,129.621369
1780456777,129.344293
1780456777,129.312820
1780456777,128.696902
1780456777,137.559669
1780456777,134.752858
1780456777,135.691092
1780456777,158.133508
1780456777,129.737124
1780456777,128.244556
1780456777,157.753960
1780456777,148.712051
1780456777,155.266871
1780456777,127.725435
1780456777,134.084653
1780456777,127.032143
1780456777,134.516096
1780456777,155.559756
1780456777,134.763569
1780456777,125.175709
1780456777,128.088829
1780456777,160.934547
1780456777,153.473590
1780456777,151.665041
1780456777,141.091009
1780456777,140.794760
1780456777,136.206687
1780456777,158.796045
1780456777,138.753997
1780456777,142.107733
1780456777,138.395984
1780456777,141.800443
1780456777,142.366488
1780456777,133.202195
1780456777,141.865629
1780456777,141.361045
1780456777,135.988396
1780456777,127.438753
1780456777,120.209998
1780456777,145.328509
1780456777,143.875672
1780456777,144.442795
1780456777,145.092932
1780456777,149.323037
1780456777,149.238121
1780456777,139.593013
1780456777,140.328704
1780456777,126.142897
1780456777,128.439956
1780456777,126.669275
1780456777,106.896179
1780456777,139.492224
1780456777,108.333211
1780456777,139.488067
1780456777,112.665407
1780456777,139.559423
1780456777,135.957357
1780456777,106.311378
1780456777,140.015075
1780456777,140.613357
1780456777,133.519978
1780456777,125.863567
1780456777,132.790932
1780456777,129.521814
1780456777,123.644898
1780456777,140.681776
1780456777,140.748359
1780456777,119.980036
1780456777,145.984973
1780456777,119.516228
1780456777,130.544679
1780456777,146.068043
1780456777,130.628809
1780456777,144.252069
1780456777,129.248705
1780456777,130.635395
1780456777,130.205427
1780456777,132.199270
1780456777,132.047543
1780456777,134.835356
1780456777,123.517847
1780456777,132.043568
1780456777,123.624621
1780456777,124.183426
1780456777,125.939834
1780456777,146.818207
1780456777,125.892104
1780456777,131.160028
1780456777,131.109650
1780456777,150.369383
1780456777,116.284214
1780456777,150.474553
1780456777,116.584488
1780456777,129.728339
1780456777,116.231546
1780456777,128.407952
1780456777,119.602381
1780456777,128.778168
1780456777,119.257174
1780456777,115.337753
1780456777,118.556701
1780456777,115.396630
1780456777,115.320692
1780456777,130.095343
1780456777,114.973812
1780456777,114.313197
1780456777,115.055737
1780456777,113.993514
1780456777,113.905950
1780456777,115.243971
1780456777,113.895683
1780456777,115.204383
1780456777,115.005282
1780456777,114.500775
1780456777,116.871405
1780456777,114.571701
1780456777,120.088687
1780456777,133.527001
1780456777,124.180582
1780456777,134.341537
1780456777,120.734041
1780456777,127.124370
1780456777,144.799541
1780456777,124.538154
1780456777,124.956060
1780456777,144.657743
1780456777,122.729849
1780456777,144.868811
1780456777,124.458128
1780456777,124.139307
1780456777,121.538240
1780456777,120.749147
1780456777,123.127789
1780456777,118.318170
1780456777,146.322915
1780456777,114.920243
1780456777,124.206185
1780456777,117.486876
1780456777,113.814787
1780456777,116.881857
1780456777,120.195761
1780456777,113.709206
1780456777,124.127519
1780456777,116.542643
1780456777,124.284497
1780456777,122.251873
1780456777,115.024025
1780456777,145.670247
1780456777,143.189925
1780456777,143.254100
1780456777,134.728628
1780456777,147.869504
1780456777,136.478499
1780456777,135.689076
1780456777,104.785836
1780456777,136.250082
1780456777,130.007676
1780456777,131.196540
1780456777,129.849916
1780456777,126.915365
1780456777,126.196154
1780456777,131.889312
1780456777,126.736254
1780456777,126.219013
1780456777,121.818516
1780456777,105.442383
1780456777,111.495479
1780456777,109.503570
1780456777,109.594097
1780456777,109.998220
1780456777,108.996073
1780456777,102.803314
1780456777,134.819886
1780456777,134.822624
1780456777,141.427652
1780456777,140.480666
1780456777,138.021570
1780456777,120.280186
1780456777,136.736610
1780456777,104.749831
1780456777,135.411119
1780456777,135.435087
1780456777,145.251216
1780456777,135.427100
1780456777,136.733696
1780456777,125.254376
1780456777,125.973881
1780456777,120.941433
1780456777,119.979911
1780456777,120.249307
1780456777,119.453993
1780456777,119.995045
1780456777,119.956012
1780456777,123.636446
1780456777,123.220556
1780456777,124.140446
1780456777,122.781609
1780456777,116.038130
1780456777,125.063935
1780456777,119.944923
1780456777,116.077222
1780456777,114.804771
1780456777,114.441273
1780456777,115.924572
1780456777,115.840502
1780456777,115.757562
1780456777,114.565475
1780456777,114.610494
1780456777,112.471905
1780456777,112.426230
1780456777,111.268895
1780456777,110.583990
1780456777,110.851962
1780456777,153.927947
1780456777,128.712144
1780456777,126.714744
1780456777,125.954309
1780456777,124.188570
1780456777,129.121958
1780456777,131.510207
1780456777,137.607137
1780456777,140.182256
1780456777,138.756734
1780456777,138.547679
1780456777,130.486286
1780456777,124.394706
1780456777,131.139849
1780456777,138.621351
1780456777,138.538701
1780456777,138.866321
1780456777,140.225550
1780456777,124.006928
1780456777,125.166590
1780456777,166.566118
1780456777,167.054416
1780456777,166.458775
1780456777,123.123297
1780456777,122.185438
1780456777,167.331905
1780456777,116.283428
1780456777,164.552173
1780456777,166.648393
1780456777,166.428731
1780456777,116.093931
1780456777,121.551465
1780456777,122.708052
1780456777,165.611426
1780456777,116.340547
1780456777,166.279028
1780456777,162.551976
1780456777,166.608805
1780456777,123.239329
1780456777,162.755740
1780456777,165.243994
1780456777,116.213894
1780456777,162.873107
1780456777,166.231593
1780456777,165.875364
1780456777,166.312154
1780456777,165.944309
1780456777,116.616177
1780456777,166.065629
1780456777,116.487681
1780456777,122.896205
1780456777,166.186904
1780456777,113.880888
1780456777,169.718115
1780456777,169.667833
1780456777,169.607548
1780456777,123.304217
1780456777,138.604904
1780456777,123.766194
1780456777,167.390287
1780456777,116.494210
1780456777,167.481933
1780456777,138.636580
1780456777,166.895795
1780456777,116.629417
1780456777,169.959548
1780456777,119.913218
1780456777,115.656441
1780456777,115.768563
1780456777,115.895979
1780456777,170.077572
1780456777,115.969129
1780456777,130.064115
1780456777,129.810946
1780456777,128.928491
1780456777,172.013540
1780456777,112.389930
1780456777,172.485900
1780456777,111.017838
1780456777,122.968270
1780456777,123.915257
1780456777,169.741040
1780456777,123.281755
1780456777,147.142865
1780456777,124.219897
1780456777,124.098384
1780456777,139.474629
1780456777,144.190966
1780456777,138.989965
1780456777,159.214057
1780456777,159.425394
1780456777,159.415433
1780456777,164.821753
1780456777,137.021188
1780456777,148.122584
1780456777,135.464633
1780456777,159.428727
1780456777,137.056784
1780456777,136.953078
1780456777,134.199968
1780456777,134.864188
1780456777,137.070404
1780456777,124.881357
1780456777,159.339175
1780456777,159.676596
1780456777,136.932870
1780456777,134.635813
1780456777,148.497588
1780456777,135.359922
1780456777,127.656644
1780456777,127.749179
1780456777,127.427443
1780456777,127.573327
1780456777,121.977160
1780456777,123.784850
1780456777,128.228743
1780456777,127.410877
1780456777,127.819363
1780456777,125.631604
1780456777,127.979106
1780456777,162.667156
1780456777,126.559531
1780456777,139.084163
1780456777,130.679346
1780456777,130.628679
1780456777,131.042244
1780456777,125.642757
1780456777,121.155704
1780456777,125.002646
1780456777,125.762881
1780456777,126.813590
1780456777,196.795406
1780456777,137.952839
1780456777,129.218839
1780456777,188.116918
1780456777,151.350906
1780456777,197.035678
1780456777,197.449223
1780456777,131.316163
1780456777,134.365136
1780456777,151.867144
1780456777,118.595293
1780456777,119.386469
1780456777,154.498399
1780456777,119.321023
1780456777,154.460308
1780456777,122.534594
1780456777,154.424105
1780456777,197.564613
1780456777,131.654552
1780456777,125.458016
1780456777,131.645501
1780456777,126.093103
1780456777,131.648197
1780456777,126.173909
1780456777,127.442120
1780456777,133.825612
1780456777,134.681689
1780456777,134.001110
1780456777,127.601118
1780456777,119.509088
1780456777,127.510132
1780456777,128.804752
1780456777,134.878497
1780456777,134.694180
1780456777,128.874282
1780456777,128.825652
1780456777,130.116043
1780456777,134.361074
1780456777,130.974781
1780456777,134.653878
1780456777,135.602882
1780456777,130.350477
1780456777,135.744271
1780456777,139.038214
1780456777,126.485146
1780456777,134.629229
1780456777,124.109035
1780456777,111.877193
1780456777,126.317435
1780456777,120.609642
1780456777,107.735177
1780456777,108.861717
1780456777,121.086179
1780456777,109.460196
1780456777,121.025772
1780456777,111.350343
1780456777,111.278908
1780456777,112.240909
1780456777,123.083316
1780456777,111.309092
1780456777,111.372463
1780456777,196.544544
1780456777,150.542479
1780456777,164.504162
1780456777,138.099497
1780456777,139.465127
1780456777,139.027200
1780456777,201.794373
1780456777,200.619100
1780456777,138.019731
1780456777,201.218392
1780456777,201.789391
1780456777,138.230606
1780456777,157.815510
1780456777,201.932416
1780456777,138.155390
1780456777,150.794004
1780456777,150.678161
1780456777,137.546337
1780456777,139.884490
1780456777,140.041021
1780456777,151.024807
1780456777,150.880743
1780456777,170.474889
1780456777,139.658511
1780456777,151.239307
1780456777,138.570214
1780456777,137.388014
1780456777,151.390514
1780456777,138.852191
1780456777,151.485546
1780456777,139.678252
1780456777,129.295419
1780456777,151.581414
1780456777,127.211009
1780456777,151.696093
1780456777,140.239460
1780456777,131.951069
1780456777,151.799894
1780456777,151.918509
1780456777,146.649134
1780456777,197.594939
1780456777,116.955160
1780456777,201.429579
1780456777,115.631663
1780456777,197.606559
1780456777,116.646765
1780456777,138.986127
1780456777,127.342108
1780456777,127.463702
1780456777,116.860522
1780456777,121.368008
1780456777,127.575372
1780456777,128.528421
1780456777,130.163231
1780456777,124.363609
1780456777,117.061093
1780456777,125.659303
1780456777,125.823455
1780456777,126.268759
1780456777,139.002717
1780456777,126.598463
1780456777,134.537159
1780456777,131.235995
1780456777,128.545797
1780456777,131.843133
1780456777,134.230909
1780456777,106.421578
1780456777,142.433340
1780456777,105.856094
1780456777,142.448569
1780456777,142.462378
1780456777,129.100145
1780456777,107.347606
1780456777,121.270051
1780456777,136.286883
1780456777,141.009078
1780456777,140.076833
1780456777,140.832530
1780456777,121.336111
1780456777,132.013146
1780456777,129.719950
1780456777,114.572353
1780456777,114.722692
1780456777,131.817043
1780456777,134.129415
1780456777,106.414886
1780456777,142.343699
1780456777,107.205425
1780456777,136.965320
1780456777,105.478964
1780456777,133.188980
1780456777,137.143396
1780456777,132.781791
1780456777,135.996790
1780456777,134.217808
1780456777,107.193710
1780456777,105.639056
1780456777,106.611533
1780456777,127.043807
1780456777,143.150551
1780456777,118.931660
1780456777,144.641274
1780456777,139.955791
1780456777,113.293424
1780456777,120.863234
1780456777,138.537468
1780456777,140.214723
1780456777,134.029108
1780456777,119.135615
1780456777,134.416068
1780456777,109.497331
1780456777,120.451331
1780456777,127.521355
1780456777,108.848123
1780456777,110.887905
1780456777,122.837534
1780456777,112.100952
1780456777,122.871305
1780456777,136.855103
1780456777,124.449045
1780456777,125.507492
1780456777,134.043607
1780456777,127.723050
1780456777,127.663561
1780456777,128.098658
1780456777,128.446921
1780456777,128.656836
1780456777,127.714014
1780456777,122.213053
1780456777,127.920100
1780456777,136.191173
1780456777,127.833945
1780456777,121.046930
1780456777,127.846076
1780456777,121.276494
1780456777,119.195218
1780456777,128.514047
1780456777,117.336762
1780456777,116.534839
1780456777,123.896339
1780456777,123.872638
1780456777,123.293289
1780456777,123.378509
1780456777,126.835229
1780456777,130.496447
1780456777,122.184054
1780456777,128.956207
1780456777,116.716066
1780456777,130.680249
1780456777,126.153979
1780456777,116.764880
1780456777,116.817163
1780456777,130.713120
1780456777,131.137289
1780456777,116.965026
1780456777,113.757480
1780456777,111.203423
1780456777,130.013630
1780456777,116.861684
1780456777,113.006400
1780456777,115.037059
1780456777,129.496170
1780456777,109.129340
1780456777,131.632307
1780456777,114.339481
1780456777,114.245784
1780456777,113.192980
1780456777,102.865834
1780456777,132.151841
1780456777,110.756530
1780456777,114.780300
1780456777,132.090281
1780456777,112.900701
1780456777,114.953560
1780456777,111.240450
1780456777,114.759288
1780456777,132.611461
1780456777,103.450164
1780456777,113.195652
1780456777,130.712171
1780456777,103.563054
1780456777,114.266817
1780456777,131.622498
1780456777,103.903246
1780456777,110.543583
1780456777,111.723939
1780456777,104.024111
1780456777,114.758980
1780456777,113.810001
1780456777,104.135551
1780456777,133.202057
1780456777,104.108107
1780456777,112.398011
1780456777,111.219925
1780456777,110.196002
1780456777,109.829120
1780456777,134.421688
1780456777,131.710667
1780456777,134.623043
1780456777,132.171405
1780456777,111.783726
1780456777,111.858426
1780456777,110.809481
1780456777,112.835072
1780456777,132.366784
1780456777,104.817436
1780456777,105.111183
1780456777,135.676592
1780456777,135.704657
1780456777,105.437174
1780456777,135.634420
1780456777,105.478571
1780456777,105.296574
1780456777,135.666492
1780456777,105.548964
1780456777,136.253314
1780456777,136.083195
1780456777,105.718568
1780456777,131.376955
1780456777,106.405023
1780456777,136.223600
1780456777,106.349718
1780456777,136.387554
1780456777,106.462392
1780456777,108.099914
1780456777,135.973687
1780456777,106.999662
1780456777,136.784702
1780456777,107.810652
1780456777,108.012657
1780456777,108.089763
1780456777,108.171198
1780456777,106.828104
1780456777,132.359475
1780456777,108.278987
1780456777,107.024035
1780456777,108.497331
1780456777,118.098611
1780456777,110.323933
1780456777,110.181602
1780456777,118.125535
1780456777,110.240579
1780456777,107.932255
1780456777,107.936846
1780456777,109.213309
1780456777,109.473381
1780456777,109.501543
1780456777,106.530479
1780456777,108.646267
1780456777,112.644532
1780456777,107.133089
1780456777,111.356889
1780456777,111.804113
1780456777,111.509617
1780456777,111.801340
1780456777,111.855660
1780456777,111.674358
1780456777,111.552859
1780456777,111.608899
1780456777,109.063056
1780456777,110.540753
1780456777,111.726520
1780456777,110.606449
1780456777,108.379900
1780456777,110.899528
1780456777,110.622765
1780456777,110.952338
1780456777,111.108628
1780456777,109.751800
1780456777,112.011904
1780456777,106.206415
1780456777,111.404988
1780456777,111.659745
1780456777,112.012103
1780456777,110.664343
1780456777,112.095137
1780456777,111.127655
1780456777,104.963888
1780456777,108.646647
1780456777,104.480589
1780456777,107.226690
1780456777,104.075096
1780456777,110.535042
1780456777,112.824858
1780456777,104.784436
1780456777,109.978123
1780456777,112.872854
1780456777,104.750149
1780456777,103.445829
1780456777,110.283392
1780456777,104.165185
1780456777,102.906850
1780456777,111.099589
1780456777,112.314474
1780456777,112.247438
1780456777,115.011301
1780456777,109.660911
1780456777,111.368249
1780456777,107.608694
1780456777,105.505945
1780456777,112.602400
1780456777,108.501266
1780456777,109.731266
1780456777,109.728556
1780456777,111.500087
1780456777,115.320062
1780456777,108.548637
1780456777,112.479645
1780456777,111.594935
1780456777,104.229848
1780456777,108.835789
1780456777,115.068022
1780456777,111.727837
1780456777,114.104931
1780456777,113.884383
1780456777,103.508873
1780456777,104.469137
1780456777,111.225080
1780456777,104.638301
1780456777,102.190561
1780456777,110.556030
1780456777,103.976125
1780456777,103.531546
1780456777,104.161616
1780456777,103.652488
1780456777,104.225278
1780456777,102.723090
1780456777,110.981052
1780456777,103.994326
1780456777,102.876701
1780456777,109.038996
1780456777,104.229095
1780456777,110.358118
1780456777,105.026936
1780456777,103.571749
1780456777,103.660771
1780456777,103.807851
1780456777,103.847037
1780456777,102.803206
1780456777,104.150019
1780456777,104.018741
1780456777,102.950783
1780456777,103.029451
1780456777,103.180737
1780456777,103.180007
1780456777,102.405539
1780456777,102.981764
1780456777,103.201627
1780456777,103.375130
1780456777,102.424378
1780456777,102.699465
1780456777,102.755837
1780456777,103.676416
1780456777,102.426380
1780456777,103.231216
1780456777,102.657554
1780456777,102.620941
1780456777,102.664207
1780456777,102.702028
1780456777,102.639128
1780456777,102.700490
1780456777,102.758518
1780456777,102.789803
1780456777,102.728787
1780456777,101.780093
1780456777,102.459482
1780456777,102.497375
1780456777,102.599716
1780456777,102.648406
1780456777,101.564860
1780456777,102.434787
1780456777,102.614890
1780456777,102.620057
1780456777,102.734889
1780456777,102.740429
1780456777,102.333423
1780456777,102.410661
1780456777,102.475917
1780456777,102.451891
1780456777,102.532727
1780456777,102.248300
1780456777,102.391670
1780456777,102.426320
1780456777,102.835902
1780456777,102.803763
1780456777,103.043472
1780456777,103.159601
1780456777,103.352360
1780456777,103.340416
1780456777,103.405827
1780456777,103.396263
1780456777,103.623862
1780456777,103.731152
1780456777,102.862342
1780456777,103.024027
1780456777,103.635389
1780456777,103.792457
1780456777,102.700268
1780456777,104.082263
1780456777,104.386777
1780456777,104.643028
1780456777,104.261268
1780456777,104.871747
1780456777,105.483803
1780456777,105.060775
1780456777,105.965984
1780456777,102.380896
1780456777,102.514891
1780456777,101.912231
1780456777,102.604128
1780456777,102.906120
1780456777,102.962849
1780456777,102.899023
1780456777,103.273538
1780456777,103.168387
1780456777,103.300622
1780456777,103.465314
1780456777,103.523981
1780456777,103.373485
1780456777,103.310631
1780456777,103.306649
1780456777,103.587313
1780456777,103.676177
1780456777,104.004513
1780456777,104.725298
1780456777,104.222251
1780456777,105.036921
1780456777,103.486381
1780456777,104.060873
1780456777,105.120579
1780456777,105.226221
1780456777,104.411267
1780456777,103.086513
1780456777,104.209432
1780456777,103.279132
1780456777,104.585212
1780456777,104.293876
1780456777,104.968576
1780456777,104.932345
1780456777,104.879710
1780456777,105.066055
1780456777,105.471401
1780456777,104.782473
1780456777,104.803097
1780456777,105.034302
1780456777,104.068430
1780456777,104.929601
1780456777,105.365273
1780456777,106.106881
1780456777,103.084951
1780456777,105.408319
1780456777,105.238102
1780456777,104.964760
1780456777,106.415301
1780456777,105.366082
1780456777,103.652776
1780456777,106.890705
1780456777,107.051551
1780456777,105.417900
1780456777,106.704681
1780456777,105.736513
1780456777,105.656722
1780456777,106.864991
1780456777,103.988014
1780456777,106.115312
1780456777,105.914769
1780456777,105.864308
1780456777,107.696417
1780456777,105.981012
1780456777,107.553402
1780456777,113.217977
1780456777,111.848400
1780456777,112.032980
1780456777,114.015901
1780456777,112.374777
1780456777,114.106638
1780456777,114.482875
1780456777,114.547804
1780456777,114.507522
1780456777,114.808611
1780456777,114.696335
1780456777,111.855050
1780456777,111.786885
1780456777,114.909855
1780456777,113.117028
1780456777,115.128000
1780456777,113.306955
1780456777,112.007932
1780456777,114.479194
1780456777,113.649088
1780456777,111.908932
1780456777,111.390109
1780456777,117.095281
1780456777,111.744583
1780456777,115.003507
1780456777,117.715695
1780456777,115.928494
1780456777,115.822177
1780456777,115.416185
1780456777,117.877527
1780456777,115.140613
1780456777,112.172538
1780456777,116.400575
1780456777,116.549101
1780456777,116.852296
1780456777,118.378991
1780456777,119.158484
1780456777,113.648896
1780456777,116.897028
1780456777,118.990841
1780456777,119.618827
1780456777,116.508576
1780456777,119.580223
1780456777,119.879273
1780456777,114.060352
1780456777,116.483709
1780456777,120.034934
1780456777,114.255866
1780456777,114.891701
1780456777,117.960714
1780456777,122.007646
1780456777,116.629829
1780456777,119.661272
1780456777,116.582160
1780456777,114.308724
1780456777,114.962914
1780456777,117.094228
1780456777,122.342380
1780456777,122.050223
1780456777,116.577025
1780456777,115.001431
1780456777,122.901148
1780456777,116.216161
1780456777,119.085587
1780456777,122.396322
1780456777,119.190828
1780456777,120.420029
1780456777,122.452491
1780456777,119.294942
1780456777,114.617158
1780456777,116.155469
1780456777,123.426776
1780456777,119.265433
1780456777,121.105800
1780456777,122.657724
1780456777,119.830139
1780456777,121.247713
1780456777,120.337623
1780456777,121.505303
1780456777,121.259765
1780456777,121.718841
1780456777,117.889066
1780456777,123.011502
1780456777,115.821792
1780456777,121.854951
1780456777,122.199306
1780456777,125.148034
1780456777,121.783214
1780456777,124.309933
1780456777,116.597677
1780456777,122.758154
1780456777,124.667833
1780456777,125.176091
1780456777,121.386062
1780456777,125.887208
1780456777,118.712032
1780456777,123.032014
1780456777,120.425976
1780456777,118.623843
1780456777,123.881104
1780456777,122.764222
1780456777,125.113301
1780456777,122.045206
1780456777,124.926905
1780456777,119.031790
1780456777,122.581761
1780456777,124.955125
1780456777,123.979600
1780456777,120.503632
1780456777,125.039171
1780456777,118.724561
1780456777,120.681569
1780456777,122.526622
1780456777,120.543318
1780456777,124.499939
1780456777,120.639159
1780456777,125.377215
1780456777,126.305648
1780456777,125.446252
1780456777,124.943668
1780456777,125.148484
1780456777,120.784278
1780456777,125.432524
1780456777,123.936799
1780456777,128.539928
1780456777,127.346124
1780456777,127.459418
1780456777,123.893070
1780456777,127.183294
1780456777,126.875266
1780456777,129.894676
1780456777,128.958056
1780456777,126.914166
1780456777,129.737191
1780456777,129.295103
1780456777,126.805452
1780456777,129.708075
1780456777,129.689955
1780456777,130.122804
1780456777,126.665473
1780456777,127.694706
1780456777,129.026915
1780456777,130.092046
1780456777,123.574968
1780456777,126.227744
1780456777,127.610277
1780456777,131.151500
1780456777,130.499760
1780456777,130.647652
1780456777,131.470758
1780456777,128.624663
1780456777,130.090949
1780456777,131.069702
1780456777,129.092191
1780456777,133.154503
1780456777,124.129700
1780456777,130.300997
1780456777,124.809277
1780456777,124.956954
1780456777,129.127451
1780456777,130.302041
1780456777,127.776185
1780456777,133.226500
1780456777,130.300770
1780456777,131.917098
1780456777,124.380574
1780456777,124.886926
1780456777,124.490051
1780456777,123.587413
1780456777,126.724542
1780456777,123.576722
1780456777,125.492106
1780456777,130.698048
1780456777,124.591968
1780456777,126.828550
1780456777,130.384080
1780456777,130.123431
1780456777,128.946855
1780456777,127.997015
1780456777,125.338386
1780456777,130.330964
1780456777,123.976754
1780456777,124.763285
1780456777,127.296193
1780456777,133.867820
1780456777,128.482762
1780456777,128.004543
1780456777,128.454130
1780456777,130.883421
1780456777,128.785201
1780456777,121.645342
1780456777,126.284282
1780456777,124.099479
1780456777,130.710178
1780456777,129.734580
1780456777,128.187999
1780456777,130.131991
1780456777,129.189161
1780456777,121.255466
1780456777,126.341567
1780456777,124.241608
1780456777,132.026447
1780456777,131.054780
1780456777,127.881030
1780456777,129.975351
1780456777,129.141061
1780456777,124.576110
1780456777,123.238168
1780456777,129.988338
1780456777,131.072379
1780456777,127.589416
1780456777,128.237063
1780456777,126.741753
1780456777,131.477860
1780456777,125.331364
1780456777,128.066847
1780456777,131.405498
1780456777,125.439311
1780456777,126.264404
1780456777,130.859978
1780456777,126.841774
1780456777,126.445403
1780456777,128.766428
1780456777,129.582525
1780456777,131.984326
1780456777,132.245284
1780456777,128.028557
1780456777,132.281516
1780456777,133.468917
1780456777,129.443494
1780456777,133.586460
1780456777,126.678399
1780456777,129.236486
1780456777,128.452607
1780456777,129.942143
1780456777,134.060872
1780456777,129.682409
1780456777,128.618225
1780456777,129.458579
1780456777,128.688712
1780456777,131.020550
1780456777,126.640246
1780456777,126.736098
1780456777,128.455797
1780456777,131.239907
1780456777,127.053645
1780456777,129.848883
1780456777,134.520456
1780456777,126.742193
1780456777,130.831705
1780456777,128.777389
1780456777,132.567745
1780456777,128.958654
1780456777,127.507441
1780456777,126.624490
1780456777,131.770971
1780456777,129.012799
1780456777,132.560268
1780456777,132.289639
1780456777,129.128645
1780456777,126.679260
1780456777,132.659966
1780456777,126.676090
1780456777,129.949981
1780456777,126.668196
1780456777,127.082180
1780456777,127.431391
1780456777,128.840526
1780456777,128.449101
1780456777,130.516023
1780456777,132.147826
1780456777,129.628585
1780456777,130.254355
1780456777,129.739261
1780456777,127.140029
1780456777,132.053798
1780456777,126.777821
1780456777,132.752304
1780456777,131.003101
1780456777,130.539663
1780456777,132.391638
1780456777,130.637364
1780456777,127.546306
1780456777,131.340636
1780456777,133.223083
1780456777,132.403313
1780456777,127.228643
1780456777,131.361932
1780456777,127.757596
1780456777,127.707871
1780456777,132.496156
1780456777,127.712168
1780456777,130.829493
1780456777,125.047368
1780456777,128.023651
1780456777,127.954532
1780456777,132.670643
1780456777,127.999355
1780456777,127.703314
1780456777,135.401836
1780456777,135.371385
1780456777,130.385703
1780456777,130.962100
1780456777,122.783128
1780456777,132.601484
1780456777,113.522275
1780456777,135.365889
1780456777,132.649316
1780456777,135.306498
1780456777,113.603007
1780456777,135.441410
1780456777,135.691464
1780456777,132.781704
1780456777,132.733496
1780456777,113.702289
1780456777,132.613775
1780456777,133.934317
1780456777,136.954776
1780456777,129.906886
1780456777,114.223420
1780456777,138.374718
1780456777,114.417080
1780456777,132.662704
1780456777,133.215137
1780456777,137.561431
1780456777,134.804102
1780456777,129.531360
1780456777,139.292531
1780456777,135.192808
1780456777,135.287454
1780456777,136.712374
1780456777,133.288277
1780456777,133.563411
1780456777,133.703805
1780456777,133.822558
1780456777,136.743911
1780456777,136.578736
1780456777,137.962269
1780456777,139.635978
1780456777,141.770372
1780456777,138.493285
1780456777,140.089447
1780456777,138.667146
1780456777,139.939010
1780456777,139.011284
1780456777,132.280131
1780456777,138.451204
1780456777,138.309889
1780456777,138.353585
1780456777,142.248061
1780456777,137.668977
1780456777,140.167564
1780456777,138.318193
1780456777,130.701073
1780456777,138.523390
1780456777,138.367129
1780456777,139.958828
1780456777,132.065655
1780456777,141.380895
1780456777,140.051319
1780456777,137.656847
1780456777,136.535532
1780456777,140.355228
1780456777,140.568848
1780456777,141.712551
1780456777,138.541674
1780456777,137.775564
1780456777,138.943491
1780456777,138.805171
1780456777,121.808025
1780456777,139.272762
1780456777,121.926193
1780456777,139.183915
1780456777,138.771485
1780456777,134.626790
1780456777,136.361760
1780456777,114.362081
1780456777,122.042366
1780456777,131.432587
1780456777,121.832043
1780456777,133.632285
1780456777,131.609080
1780456777,141.754089
1780456777,121.903205
1780456777,121.021855
1780456777,121.924215
1780456777,122.087732
1780456777,134.899013
1780456777,122.157936
1780456777,139.446591
1780456777,144.528533
1780456777,122.311135
1780456777,142.725714
1780456777,140.203523
1780456777,122.689582
1780456777,122.568679
1780456777,112.730252
1780456777,112.698363
1780456777,111.651485
1780456777,115.158868
1780456777,139.454580
1780456777,142.026918
1780456777,143.442590
1780456777,139.612250
1780456777,141.953515
1780456777,142.496386
1780456777,138.193967
1780456777,139.893091
1780456777,145.779978
1780456777,136.822103
1780456777,146.372708
1780456777,142.470464
1780456777,146.094528
1780456777,142.613964
1780456777,145.561807
1780456777,135.953076
1780456777,142.031371
1780456777,136.261699
1780456777,146.000535
1780456777,136.354602
1780456777,139.247550
1780456777,136.619958
1780456777,136.816889
1780456777,148.654203
1780456777,143.708963
1780456777,144.415805
1780456777,137.565933
1780456777,146.538998
1780456777,150.769961
1780456777,149.280954
1780456777,149.426535
1780456777,149.716770
1780456777,151.301119
1780456777,147.901016
1780456777,148.822743
1780456777,150.708519
1780456777,147.822211
1780456777,153.201552
1780456777,152.528405
1780456777,153.853986
1780456777,150.534942
1780456777,155.829530
1780456777,153.869598
1780456777,155.648647
1780456777,151.230716
1780456777,150.213743
1780456777,148.514427
1780456777,155.999566
1780456777,151.472193
1780456777,151.391254
1780456777,151.152382
1780456777,151.323420
1780456777,123.390069
1780456777,133.561635
1780456777,144.124157
1780456777,127.098067
1780456777,144.226362
1780456777,132.418645
1780456777,127.255649
1780456777,132.510316
1780456777,127.399778
1780456777,134.597088
1780456777,127.513517
1780456777,134.785962
1780456777,132.666179
1780456777,135.061709
1780456777,132.665969
1780456777,132.630838
1780456777,132.692370
1780456777,132.749565
1780456777,133.870376
1780456777,156.866231
1780456777,131.818856
1780456777,155.235047
1780456777,155.818867
1780456777,131.807745
1780456777,131.629863
1780456777,119.157437
1780456777,140.415557
1780456777,153.668763
1780456777,156.878624
1780456777,150.256994
1780456777,156.816571
1780456777,153.393766
1780456777,156.712111
1780456777,154.263721
1780456777,140.616226
1780456777,140.790727
1780456777,140.820200
1780456777,154.385286
1780456777,157.228745
1780456777,154.993985
1780456777,149.874814
1780456777,140.725913
1780456777,157.260702
1780456777,158.896996
1780456777,157.237094
1780456777,114.166654
1780456777,153.751611
1780456777,129.412031
1780456777,129.665541
1780456777,159.211043
1780456777,114.644193
1780456777,153.898620
1780456777,154.499459
1780456777,156.959501
1780456777,153.648833
1780456777,131.004245
1780456777,133.468800
1780456777,132.212197
1780456777,154.209935
1780456777,132.249370
1780456777,154.120040
1780456777,139.864060
1780456777,153.931452
1780456777,154.208106
1780456777,150.750221
1780456777,115.871228
1780456777,146.662241
1780456777,158.685125
1780456777,134.737628
1780456777,140.027903
1780456777,125.378881
1780456777,156.519054
1780456777,137.691917
1780456777,156.591187
1780456777,156.668111
1780456777,162.381701
1780456777,161.617678
1780456777,115.201762
1780456777,161.581003
1780456777,161.713373
1780456777,161.832067
1780456777,161.738403
1780456777,161.677516
1780456777,123.195385
1780456777,123.243004
1780456777,159.541670
1780456777,162.421664
1780456777,161.729687
1780456777,156.027836
1780456777,147.060281
1780456777,162.548586
1780456777,140.720414
1780456777,139.454436
1780456777,140.878175
1780456777,136.603095
1780456777,140.757086
1780456777,140.787225
1780456777,137.126248
1780456777,124.659438
1780456777,156.308711
1780456777,156.271674
1780456777,156.316795
1780456777,156.428808
1780456777,124.963384
1780456777,142.290750
1780456777,142.421198
1780456777,162.808037
1780456777,162.972074
1780456777,141.596164
1780456777,163.089032
1780456777,140.838945
1780456777,143.807835
1780456777,124.920195
1780456777,152.475213
1780456777,152.915610
1780456777,128.829829
1780456777,128.940554
1780456777,128.940152
1780456777,153.436528
1780456777,129.198972
1780456777,172.262969
1780456777,159.034670
1780456777,121.929299
1780456777,142.286360
1780456777,123.833606
1780456777,168.102140
1780456777,118.893798
1780456777,170.016222
1780456777,172.071359
1780456777,133.132000
1780456777,127.198744
1780456777,141.442849
1780456777,128.718939
1780456777,142.585587
1780456777,172.253226
1780456777,171.296045
1780456777,147.459266
1780456777,169.240151
1780456777,128.689997
1780456777,130.868044
1780456777,169.335039
1780456777,172.481587
1780456777,171.535355
1780456777,152.918055
1780456777,129.098093
1780456777,152.942420
1780456777,173.047428
1780456777,169.851210
1780456777,173.021428
1780456777,172.611077
1780456777,158.001461
1780456777,119.413764
1780456777,117.804161
1780456777,170.529079
1780456777,124.585135
1780456777,106.844080
1780456777,173.321819
1780456777,118.576371
1780456777,173.346805
1780456777,118.493727
1780456777,133.176064
1780456777,132.768107
1780456777,157.576016
1780456777,157.730117
1780456777,108.611454
1780456777,130.209312
1780456777,130.165451
1780456777,158.323215
1780456777,133.298201
1780456777,131.571297
1780456777,158.597986
1780456777,172.513605
1780456777,175.206966
1780456777,175.275260
1780456777,168.494777
1780456777,157.650291
1780456777,157.792667
1780456777,166.887376
1780456777,167.585128
1780456777,137.040755
1780456777,167.678914
1780456777,149.164267
1780456777,159.180841
1780456777,154.261918
1780456777,149.289464
1780456777,159.299962
1780456777,137.552474
1780456777,149.554803
1780456777,149.654977
1780456777,149.982185
1780456777,155.293550
1780456777,155.296978
1780456777,154.240332
1780456777,150.502634
1780456777,148.737495
1780456777,148.840114
1780456777,112.229777
1780456777,156.373639
1780456777,155.460896
1780456777,155.141335
1780456777,155.105697
1780456777,136.727504
1780456777,155.732149
1780456777,145.153282
1780456777,113.135483
1780456777,148.821363
1780456777,176.725090
1780456777,113.451739
1780456777,106.732830
1780456777,113.866891
1780456777,106.512550
1780456777,106.585434
1780456777,105.130727
1780456777,129.193308
1780456777,160.438716
1780456777,160.589363
1780456777,177.752397
1780456777,168.834494
1780456777,168.861763
1780456777,114.999420
1780456777,132.543458
1780456777,161.382963
1780456777,157.463271
1780456777,168.902176
1780456777,152.893892
1780456777,116.146533
1780456777,161.366277
1780456777,158.878651
1780456777,132.841104
1780456777,144.843415
1780456777,145.034632
1780456777,144.541784
1780456777,161.368246
1780456777,159.018204
1780456777,161.372094
1780456777,144.787097
1780456777,145.229716
1780456777,161.355865
1780456777,153.116923
1780456777,133.154261
1780456777,183.225894
1780456777,183.492387
1780456777,185.854150
1780456777,183.043541
1780456777,185.143628
1780456777,182.939237
1780456777,183.052896
1780456777,188.519184
1780456777,172.367810
1780456777,182.763101
1780456777,167.462683
1780456777,182.921409
1780456777,185.652312
1780456777,116.351080
1780456777,187.502498
1780456777,180.318662
1780456777,183.008320
1780456777,182.882734
1780456777,167.642944
1780456777,120.442038
1780456777,187.955916
1780456777,172.652646
1780456777,174.573749
1780456777,138.594244
1780456777,184.834229
1780456777,184.977192
1780456777,144.202933
1780456777,183.151705
1780456777,145.308809
1780456777,183.029594
1780456777,150.833370
1780456777,145.929521
1780456777,154.573017
1780456777,134.338249
1780456777,138.515121
1780456777,133.678671
1780456777,134.073199
1780456777,138.563295
1780456777,138.711399
1780456777,127.731342
1780456777,127.864902
1780456777,127.706259
1780456777,137.064886
1780456777,126.903843
1780456777,128.393059
1780456777,135.969406
1780456777,135.642433
1780456777,102.800958
1780456777,127.599477
1780456777,102.743816
1780456777,129.622601
1780456777,136.014976
1780456777,136.117803
1780456777,134.038075
1780456777,103.248285
1780456777,143.299436
1780456777,126.846555
1780456777,130.652897
1780456777,149.876461
1780456777,165.083233
1780456777,148.507721
1780456777,149.942966
1780456777,145.704121
1780456777,145.698462
1780456777,132.347908
1780456777,126.942068
1780456777,137.963518
1780456777,130.883104
1780456777,127.098766
1780456777,143.675445
1780456777,138.467786
1780456777,138.139322
1780456777,134.210277
1780456777,122.153862
1780456777,102.830702
1780456777,135.428517
1780456777,139.087787
1780456777,127.584732
1780456777,139.108307
1780456777,131.992359
1780456777,137.944772
1780456777,138.266698
1780456777,126.880810
1780456777,123.720420
1780456777,146.964259
1780456777,138.535971
1780456777,102.568434
1780456777,125.097493
1780456777,102.726489
1780456777,123.954922
1780456777,124.117305
1780456777,140.220333
1780456777,123.012454
1780456777,117.358946
1780456777,136.919204
1780456777,108.602143
1780456777,139.565258
1780456777,133.646351
1780456777,109.425936
1780456777,109.193676
1780456777,133.759710
1780456777,108.474353
1780456777,132.230106
1780456777,108.972347
1780456777,107.411055
1780456777,132.349116
1780456777,110.152050
1780456777,131.549842
1780456777,106.540774
1780456777,109.344869
1780456777,107.862704
1780456777,108.562705
1780456777,130.794244
1780456777,107.861965
1780456777,107.995361
1780456777,131.065824
1780456777,106.835456
1780456777,131.363441
1780456777,131.413879
1780456777,107.512826
1780456777,107.146017
1780456777,108.933338
1780456777,128.461141
1780456777,128.451929
1780456777,108.906275
1780456777,107.320748
1780456777,126.607182
1780456777,106.745466
1780456777,129.315237
1780456777,123.280011
1780456777,106.932060
1780456777,121.455085
1780456777,110.144616
1780456777,112.249234
1780456777,109.526416
1780456777,110.722936
1780456777,109.373881
1780456777,112.192528
1780456777,108.982793
1780456777,110.781007
1780456777,111.123212
1780456777,110.603848
1780456777,111.593656
1780456777,112.714910
1780456777,105.081828
1780456777,111.896390
1780456777,111.445371
1780456777,102.818782
1780456777,102.883579
1780456777,103.088488
1780456777,103.210613
1780456777,103.245267
1780456777,103.308955
1780456777,103.272818
1780456777,103.427047
1780456777,103.437107
1780456777,103.631103
1780456777,103.586351
1780456777,103.871859
1780456777,104.067872
1780456777,103.958813
1780456777,104.047509
1780456777,104.132095
1780456777,104.456812
1780456777,105.143930
1780456777,105.055585
1780456777,103.357209
1780456777,103.448368
1780456777,103.639655
1780456777,104.185796
1780456777,104.249960
1780456777,103.748494
1780456777,104.484975
1780456777,105.044602
1780456777,105.210701
1780456777,105.016087
1780456777,106.239376
1780456777,106.301788
1780456777,106.049656
1780456777,106.225633
1780456777,106.175963
1780456777,104.527149
1780456777,104.619706
1780456777,104.613881
1780456777,108.098077
1780456777,107.570190
1780456777,108.203222
1780456777,107.843714
1780456777,107.711569
1780456777,108.249736
1780456777,108.194477
1780456777,108.140501
1780456777,107.131129
1780456777,112.016627
1780456777,110.353480
1780456777,105.862853
1780456777,110.674893
1780456777,105.821915
1780456777,110.812595
1780456777,110.984280
1780456777,111.362639
1780456777,111.725924
1780456777,107.119894
1780456777,107.317188
1780456777,107.573262
1780456777,107.777309
1780456777,107.776728
1780456777,114.944165
1780456777,114.966151
1780456777,115.123604
1780456777,115.144103
1780456777,114.832993
1780456777,113.382117
1780456777,113.458787
1780456777,115.355822
1780456777,109.206108
1780456777,109.400082
1780456777,109.227223
1780456777,114.473354
1780456777,116.742835
1780456777,114.892922
1780456777,117.964822
1780456777,117.724591
1780456777,113.111658
1780456777,121.274153
1780456777,121.301255
1780456777,121.652829
1780456777,113.244357
1780456777,113.280135
1780456777,121.797083
1780456777,121.871977
1780456777,113.333042
1780456777,113.417269
1780456777,104.691355
1780456777,106.666347
1780456777,108.040033
1780456777,108.008808
1780456777,107.974333
1780456777,110.139334
1780456777,110.447124
1780456777,110.085115
1780456777,110.226036
1780456777,110.537782
1780456777,110.787553
1780456777,110.777682
1780456777,110.535076
1780456777,110.514030
1780456777,107.781922
1780456777,105.130915
1780456777,105.256901
1780456777,112.941195
1780456777,113.607101
1780456777,114.160581
1780456777,114.104678
1780456777,114.055881
1780456777,114.178255
1780456777,114.111587
1780456777,114.835830
1780456777,114.935810
1780456777,114.803603
1780456777,115.014993
1780456777,112.349991
1780456777,112.618613
1780456777,112.507874
1780456777,112.706391
1780456777,115.709614
1780456777,115.619678
1780456777,115.683570
1780456777,115.752180
1780456777,115.830359
1780456777,115.398278
1780456777,115.459935
1780456777,105.111558
1780456777,104.095730
1780456777,105.351055
1780456777,104.690518
1780456777,106.057699
1780456777,105.469575
1780456777,110.620734
1780456777,111.102958
1780456777,111.261721
1780456777,111.226120
1780456777,108.336864
1780456777,112.809630
1780456777,112.782823
1780456777,108.895962
1780456777,109.128993
1780456777,112.365122
1780456777,112.412379
1780456777,109.093265
1780456777,112.468445
1780456777,113.238462
1780456777,113.295834
1780456777,108.840284
1780456777,108.817274
1780456777,109.419851
1780456777,109.507085
1780456777,109.403402
1780456777,109.513829
1780456777,109.595629
1780456777,112.458099
1780456777,112.378773
1780456777,112.864456
1780456777,112.652667
1780456777,112.751986
1780456777,112.385642
1780456777,112.935549
1780456777,112.851571
1780456777,112.982236
1780456777,113.227197
1780456777,113.384793
1780456777,106.648904
1780456777,112.392305
1780456777,112.780181
1780456777,112.726946
1780456777,125.335990
1780456777,109.065620
1780456777,110.149270
1780456777,112.752952
1780456777,118.274387
1780456777,118.014278
1780456777,114.836451
1780456777,114.752001
1780456777,115.151190
1780456777,115.130012
1780456777,126.001225
1780456777,126.088868
1780456777,126.121865
1780456777,126.232498
1780456777,126.071650
1780456777,126.093456
1780456777,122.570111
1780456777,122.579223
1780456777,122.566425
1780456777,122.497619
1780456777,122.046529
1780456777,121.960768
1780456777,122.362319
1780456777,118.080307
1780456777,118.792199
1780456777,118.057752
1780456777,116.366363
1780456777,117.855506
1780456777,114.155522
1780456777,114.573362
1780456777,119.071244
1780456777,119.724249
1780456777,113.854357
1780456777,119.164710
1780456777,118.690243
1780456777,118.635618
1780456777,119.470055
1780456777,119.370767
1780456777,119.656034
1780456777,119.155127
1780456777,119.099419
1780456777,119.011536
1780456777,114.603592
1780456777,119.613019
1780456777,122.216340
1780456777,122.964606
1780456777,114.070455
1780456777,124.777120
1780456777,125.222142
1780456777,120.748629
1780456777,125.243083
1780456777,114.730271
1780456777,113.433564
1780456777,120.952761
1780456777,125.401814
1780456777,121.305345
1780456777,112.657129
1780456777,112.791911
1780456777,126.337992
1780456777,126.654100
1780456777,126.291309
1780456777,127.236015
1780456777,116.264923
1780456777,125.603376
1780456777,125.374491
1780456777,125.610108
1780456777,125.674640
1780456777,113.781082
1780456777,125.829526
1780456777,125.653474
1780456777,116.706372
1780456777,125.823278
1780456777,125.709904
1780456777,112.256783
1780456777,119.105364
1780456777,116.864643
1780456777,123.049303
1780456777,119.246436
1780456777,118.177139
1780456777,127.671760
1780456777,112.359833
1780456777,125.807297
1780456777,125.925447
1780456777,110.737735
1780456777,126.646189
1780456777,127.088114
1780456777,128.555000
1780456777,129.492057
1780456777,129.628571
1780456777,123.505684
1780456777,129.840798
1780456777,129.956721
1780456777,130.284555
1780456777,115.551202
1780456777,118.809567
1780456777,115.797989
1780456777,112.421893
1780456777,118.892288
1780456777,112.420465
1780456777,130.590465
1780456777,119.121683
1780456777,114.133523
1780456777,114.079685
1780456777,119.463087
1780456777,118.534487
1780456777,113.991867
1780456777,132.820283
1780456777,132.909678
1780456777,132.807397
1780456777,132.729172
1780456777,132.927798
1780456777,133.206469
1780456777,111.886317
1780456777,117.442987
1780456777,121.183135
1780456777,121.319085
1780456777,117.403145
1780456777,117.617231
1780456777,117.692703
1780456777,117.691618
1780456777,121.574612
1780456777,120.409632
1780456777,115.853409
1780456777,116.006958
1780456777,120.673824
1780456777,121.406298
1780456777,125.693513
1780456777,121.397515
1780456777,125.812030
1780456777,115.810874
1780456777,121.173737
1780456777,113.706259
1780456777,121.903486
1780456777,116.049762
1780456777,113.342360
1780456777,121.970578
1780456777,121.756029
1780456777,121.725469
1780456777,122.053249
1780456777,126.310035
1780456777,112.946351
1780456777,112.834136
1780456777,117.477803
1780456777,117.368591
1780456777,114.568202
1780456777,118.466176
1780456777,113.571461
1780456777,125.050282
1780456777,122.696544
1780456777,121.784972
1780456777,135.947000
1780456777,121.732336
1780456777,121.447719
1780456777,121.625404
1780456777,110.420432
1780456777,127.403290
1780456777,120.356603
1780456777,136.667536
1780456777,109.638533
1780456777,123.653617
1780456777,115.309368
1780456777,130.347779
1780456777,123.697874
1780456777,120.635932
1780456777,137.024480
1780456777,116.847174
1780456777,137.075777
1780456777,120.956427
1780456777,118.613048
1780456777,114.258006
1780456777,137.344751
1780456777,112.087284
1780456777,119.942840
1780456777,115.997879
1780456777,111.905276
1780456777,130.500783
1780456777,120.509103
1780456777,119.877337
1780456777,122.906469
1780456777,119.741870
1780456777,113.660361
1780456777,113.883098
1780456777,122.832569
1780456777,113.693678
1780456777,132.740748
1780456777,112.042253
1780456777,143.087150
1780456777,143.511967
1780456777,128.531826
1780456777,117.099138
1780456777,120.706630
1780456777,142.283445
1780456777,115.855143
1780456777,118.027043
1780456777,120.658480
1780456777,129.261228
1780456777,121.227600
1780456777,121.307131
1780456777,123.128122
1780456777,113.064997
1780456777,129.319928
1780456777,129.430523
1780456777,120.660826
1780456777,121.716559
1780456777,119.868443
1780456777,111.974642
1780456777,120.769211
1780456777,111.466842
1780456777,115.631026
1780456777,130.702962
1780456777,118.764929
1780456777,130.910721
1780456777,118.899909
1780456777,116.260517
1780456777,138.379298
1780456777,138.254404
1780456777,116.491196
1780456777,122.801953
1780456777,116.702484
1780456777,138.312862
1780456777,131.824636
1780456777,138.440987
1780456777,131.940013
1780456777,130.461452
1780456777,131.928939
1780456777,116.771756
1780456777,117.918369
1780456777,132.075132
1780456777,116.956649
1780456777,132.202171
1780456777,132.427166
1780456777,120.972456
1780456777,131.798830
1780456777,121.234622
1780456777,133.731795
1780456777,132.642819
1780456777,130.694897
1780456777,130.510197
1780456777,130.707611
1780456777,132.481671
1780456777,115.645936
1780456777,130.928972
1780456777,128.293828
1780456777,126.607493
1780456777,133.964562
1780456777,131.238712
1780456777,134.358141
1780456777,127.002713
1780456777,131.026705
1780456777,131.444765
1780456777,131.109507
1780456777,127.986667
1780456777,124.637416
1780456777,125.503204
1780456777,125.608874
1780456777,128.771835
1780456777,117.692840
1780456777,126.453587
1780456777,131.243506
1780456777,118.855170
1780456777,127.325160
1780456777,128.175947
1780456777,109.239140
1780456777,119.861451
1780456777,120.176499
1780456777,124.185757
1780456777,120.440693
1780456777,121.322781
1780456777,120.556722
1780456777,125.895307
1780456777,120.910996
1780456777,130.069444
1780456777,110.133994
1780456777,117.466949
1780456777,115.802300
1780456777,128.124371
1780456777,112.468388
1780456777,116.402902
1780456777,124.873347
1780456777,124.365985
1780456777,123.489579
1780456777,119.873371
1780456777,117.641061
1780456777,125.182812
1780456777,123.901124
1780456777,108.536747
1780456777,125.484378
1780456777,123.964812
1780456777,120.353224
1780456777,120.454839
1780456777,122.179665
1780456777,116.588365
1780456777,120.897036
1780456777,122.959123
1780456777,122.805444
1780456777,115.033489
1780456777,116.779551
1780456777,121.029348
1780456777,115.024982
1780456777,120.533676
1780456777,117.938950
1780456777,117.985769
1780456777,114.601305
1780456777,113.936949
1780456777,113.906686
1780456777,113.474776
1780456777,119.173756
1780456777,128.592218
1780456777,133.927135
1780456777,133.982474
1780456777,148.038172
1780456777,131.752996
1780456777,131.903939
1780456777,131.823189
1780456777,131.909905
1780456777,142.245632
1780456777,140.689883
1780456777,141.017653
1780456777,142.277816
1780456777,140.184916
1780456777,140.255929
1780456777,131.583278
1780456777,132.070929
1780456777,142.854969
1780456777,128.694215
1780456777,132.093796
1780456777,128.692729
1780456777,118.053250
1780456777,128.944191
1780456777,128.776147
1780456777,118.748289
1780456777,118.166557
1780456777,131.876712
1780456777,126.737247
1780456777,129.119771
1780456777,128.914810
1780456777,132.252909
1780456777,129.010208
1780456777,132.346253
1780456777,128.949935
1780456777,134.078677
1780456777,115.900767
1780456777,127.752854
1780456777,116.909830
1780456777,139.023202
1780456777,138.946053
1780456777,129.295498
1780456777,139.221833
1780456777,117.585760
1780456777,123.719878
1780456777,123.776977
1780456777,123.855221
1780456777,125.277683
1780456777,122.163216
1780456777,125.369077
1780456777,125.446874
1780456777,133.747450
1780456777,133.808079
1780456777,114.815921
1780456777,125.482851
1780456777,139.540768
1780456777,126.632414
1780456777,124.115102
1780456777,131.025614
1780456777,133.965986
1780456777,131.027261
1780456777,143.454847
1780456777,145.606678
1780456777,143.658309
1780456777,149.301643
1780456777,144.203865
1780456777,143.883424
1780456777,136.767660
1780456777,145.896737
1780456777,138.300375
1780456777,149.725936
1780456777,131.393565
1780456777,131.433957
1780456777,146.031681
1780456777,105.533529
1780456777,140.129185
1780456777,123.032091
1780456777,149.960196
1780456777,105.708031
1780456777,146.298791
1780456777,108.015169
1780456777,150.134434
1780456777,132.084130
1780456777,132.343832
1780456777,132.114766
1780456777,132.459403
1780456777,107.729225
1780456777,132.532540
1780456777,107.164689
1780456777,107.494105
1780456777,106.028380
1780456777,130.833922
1780456777,107.231210
1780456777,117.846428
1780456777,132.692218
1780456777,132.720645
1780456777,131.720979
1780456777,108.002102
1780456777,132.812098
1780456777,131.447583
1780456777,132.961380
1780456777,131.477378
1780456777,131.926830
1780456777,107.773463
1780456777,107.376342
1780456777,122.438951
1780456777,131.637575
1780456777,131.686058
1780456777,107.031852
1780456777,130.531154
1780456777,106.786727
1780456777,119.265858
1780456777,130.520312
1780456777,131.236621
1780456777,131.395619
1780456777,107.025542
1780456777,131.215183
1780456777,107.304663
1780456777,131.164338
1780456777,131.422327
1780456777,130.278087
1780456777,130.496422
1780456777,112.448505
1780456777,135.346985
1780456777,135.322637
1780456777,109.813081
1780456777,109.152272
1780456777,124.693486
1780456777,135.379950
1780456777,131.220713
1780456777,114.417740
1780456777,119.285230
1780456777,114.072031
1780456777,115.030042
1780456777,101.383692
1780456777,114.849635
1780456777,103.118715
1780456777,114.620112
1780456777,102.745118
1780456777,113.901482
1780456777,114.093879
1780456777,115.773919
1780456777,102.785689
1780456777,103.777893
1780456777,104.526559
1780456777,104.571144
1780456777,114.830948
1780456777,104.047580
1780456777,102.338100
1780456777,103.653981
1780456777,116.307197
1780456777,104.257635
1780456777,102.903590
1780456777,103.018235
1780456777,102.952334
1780456777,104.972014
1780456777,116.949567
1780456777,103.023630
1780456777,115.689653
1780456777,103.123839
1780456777,114.644305
1780456777,140.529451
1780456777,115.469097
1780456777,102.448475
1780456777,127.433673
1780456777,115.728788
1780456777,102.760273
1780456777,115.241452
1780456777,125.645762
1780456777,114.983671
1780456777,141.289668
1780456777,131.320160
1780456777,115.190473
1780456777,126.895281
1780456777,115.224371
1780456777,125.958850
1780456777,116.013253
1780456777,129.473298
1780456777,116.511993
1780456777,125.759606
1780456777,115.725300
1780456777,116.855809
1780456777,102.914779
1780456777,127.621784
1780456777,117.171216
1780456777,127.345988
1780456777,103.297601
1780456777,124.615029
1780456777,117.368361
1780456777,103.552844
1780456777,116.393406
1780456777,120.989824
1780456777,117.048964
1780456777,104.060351
1780456777,120.736183
1780456777,117.785411
1780456777,120.982983
1780456777,103.932659
1780456777,104.457393
1780456777,120.602095
1780456777,119.760982
1780456777,102.580711
1780456777,103.956960
1780456777,121.847540
1780456777,119.179148
1780456777,120.412854
1780456777,119.963266
1780456777,104.688560
1780456777,104.047697
1780456777,118.934872
1780456777,111.192961
1780456777,109.035986
1780456777,109.088571
1780456777,105.736553
1780456777,108.083714
1780456777,103.909849
1780456777,108.359597
1780456777,105.843317
1780456777,107.305163
1780456777,103.551444
1780456777,105.660507
1780456777,119.308080
1780456777,103.777248
1780456777,105.741169
1780456777,119.569084
1780456777,104.984505
1780456777,105.026862
1780456777,119.757978
1780456777,105.134751
1780456777,105.299012
1780456777,110.674324
1780456777,104.720983
1780456777,103.762442
1780456777,104.949074
1780456777,103.980384
1780456777,105.104374
1780456777,105.183331
1780456777,107.324177
1780456777,120.964071
1780456777,107.324697
1780456777,107.431146
1780456777,106.076658
1780456777,106.408754
1780456777,106.286591
1780456777,109.320891
1780456777,104.392107
1780456777,106.276518
1780456777,104.792942
1780456777,108.536588
1780456777,104.760890
1780456777,106.868501
1780456777,108.002582
1780456777,105.731826
1780456777,108.265970
1780456777,124.999055
1780456777,105.319062
1780456777,122.752944
1780456777,106.226760
1780456777,107.255143
1780456777,121.976212
1780456777,108.775178
1780456777,107.533481
1780456777,105.868247
1780456777,103.225005
1780456777,104.578754
1780456777,106.070437
1780456777,104.636020
1780456777,107.319316
1780456777,103.643710
1780456777,103.509659
1780456777,104.974054
1780456777,105.107861
1780456777,104.269477
1780456777,107.105718
1780456777,108.957001
1780456777,109.470202
1780456777,105.009353
1780456777,109.905032
1780456777,105.231829
1780456777,105.227225
1780456777,105.199458
1780456777,108.311122
1780456777,109.293051
1780456777,108.749722
1780456777,107.153795
1780456777,103.648378
1780456777,108.579387
1780456777,107.223941
1780456777,104.468225
1780456777,107.337414
1780456777,109.004999
1780456777,107.736390
1780456777,105.018444
1780456777,106.270879
1780456777,107.884728
1780456777,107.293813
1780456777,111.897914
1780456777,105.881778
1780456777,104.484807
1780456777,104.025109
1780456777,107.639428
1780456777,102.603353
1780456777,104.394004
1780456777,104.885259
1780456777,109.310513
1780456777,108.453825
1780456777,104.162392
1780456777,108.335366
1780456777,108.651313
1780456777,107.282458
1780456777,108.936654
1780456777,107.452471
1780456777,103.310810
1780456777,103.324433
1780456777,103.479436
1780456777,103.458947
1780456777,109.277883
1780456777,107.669248
1780456777,103.631746
1780456777,106.637598
1780456777,109.356176
1780456777,106.142432
1780456777,109.671317
1780456777,103.846313
1780456777,110.043792
1780456777,108.872909
1780456777,106.348973
1780456777,106.655267
1780456777,104.456694
1780456777,109.287347
1780456777,106.436271
1780456777,109.282234
1780456777,109.264182
1780456777,103.502435
1780456777,106.946584
1780456777,104.832917
1780456777,106.634696
1780456777,109.729236
1780456777,105.028852
1780456777,106.787437
1780456777,109.787706
1780456777,103.735218
1780456777,102.605551
1780456777,109.989792
1780456777,109.636479
1780456777,105.240422
1780456777,103.954905
1780456777,106.807905
1780456777,106.922978
1780456777,106.217157
1780456777,105.646631
1780456777,107.097378
1780456777,106.589518
1780456777,107.213582
1780456777,106.191861
1780456777,106.829891
1780456777,106.513105
1780456777,103.633292
1780456777,106.775748
1780456777,106.574037
1780456777,103.836612
1780456777,103.927741
1780456777,106.100921
1780456777,107.263098
1780456777,106.626365
1780456777,107.373297
1780456777,107.474739
1780456777,107.395751
1780456777,106.322488
1780456777,104.369316
1780456777,105.848167
1780456777,107.390431
1780456777,107.627293
1780456777,106.837907
1780456777,105.172572
1780456777,104.833453
1780456777,107.339300
1780456777,107.583453
1780456777,105.289241
1780456777,107.501297
1780456777,105.926640
1780456777,106.096287
1780456777,106.187695
1780456777,105.667710
1780456777,106.064092
1780456777,109.432903
1780456777,109.345856
1780456777,109.567782
1780456777,106.581698
1780456777,109.199993
1780456777,109.140438
1780456777,109.337966
1780456777,104.426936
1780456777,106.731473
1780456777,106.610067
1780456777,109.452441
1780456777,109.424316
1780456777,106.904658
1780456777,106.239190
1780456777,107.255633
1780456777,109.613387
1780456777,107.124685
1780456777,109.536821
1780456777,105.253141
1780456777,106.848550
1780456777,109.675710
1780456777,106.954308
1780456777,105.312902
1780456777,110.237331
1780456777,105.685709
1780456777,107.129507
1780456777,105.481287
1780456777,105.812288
1780456777,105.607291
1780456777,107.532785
1780456777,110.591495
1780456777,110.604680
1780456777,105.776644
1780456777,106.203966
1780456777,110.210874
1780456777,110.361692
1780456777,111.022002
1780456777,110.896923
1780456777,111.023858
1780456777,108.297344
1780456777,105.253038
1780456777,111.174566
1780456777,111.096021
1780456777,108.820178
1780456777,107.006188
1780456777,102.612977
1780456777,107.321052
1780456777,105.678468
1780456777,111.630390
1780456777,107.223214
1780456777,112.019739
1780456777,105.954838
1780456777,107.542113
1780456777,107.513668
1780456777,111.982521
1780456777,112.319733
1780456777,107.992292
1780456777,106.637465
1780456777,106.418768
1780456777,106.752140
1780456777,112.634234
1780456777,112.306407
1780456777,112.452714
1780456777,106.536605
1780456777,108.481029
1780456777,105.423530
1780456777,113.773727
1780456777,112.979235
1780456777,105.647327
1780456777,113.099793
1780456777,105.829287
1780456777,109.461506
1780456777,106.061453
1780456777,109.497764
1780456777,114.214527
1780456777,108.083616
1780456777,114.312333
1780456777,108.073703
1780456777,108.350776
1780456777,108.327394
1780456777,106.713768
1780456777,114.246423
1780456777,108.512061
1780456777,114.402172
1780456777,106.893954
1780456777,114.056593
1780456777,114.386918
1780456777,114.021070
1780456777,114.262559
1780456777,111.907188
1780456777,106.163061
1780456777,108.798850
1780456777,114.902034
1780456777,114.966090
1780456777,108.840472
1780456777,105.806262
1780456777,108.938295
1780456777,115.101969
1780456777,113.209743
1780456777,111.450767
1780456777,106.125425
1780456777,107.979887
1780456777,107.200973
1780456777,107.642108
1780456777,105.838884
1780456777,105.941682
1780456777,105.295879
1780456777,106.291840
1780456777,106.689730
1780456777,111.615549
1780456777,106.195695
1780456777,115.402773
1780456777,118.309426
1780456777,115.598953
1780456777,118.027760
1780456777,107.364549
1780456777,117.599552
1780456777,117.690443
1780456777,115.663857
1780456777,115.469486
1780456777,115.530472
1780456777,106.496808
1780456777,117.839238
1780456777,115.725189
1780456777,118.006218
1780456777,115.741447
1780456777,106.744086
1780456777,105.733865
1780456777,106.836004
1780456777,115.740449
1780456777,112.827635
1780456777,114.511745
1780456777,107.957298
1780456777,103.696047
1780456777,107.308759
1780456777,116.530625
1780456777,113.271605
1780456777,114.986646
1780456777,115.109397
1780456777,104.156172
1780456777,116.655663
1780456777,104.291722
1780456777,108.136880
1780456777,107.711301
1780456777,117.751904
1780456777,114.026897
1780456777,106.563832
1780456777,118.036426
1780456777,115.931599
1780456777,109.032214
1780456777,109.310925
1780456777,105.292339
1780456777,105.674230
1780456777,109.153267
1780456777,103.992201
1780456777,106.845377
1780456777,109.437613
1780456777,109.320314
1780456777,109.643379
1780456777,107.451771
1780456777,108.977044
1780456777,106.507433
1780456777,108.198993
1780456777,108.208126
1780456777,108.239660
1780456777,108.239728
1780456777,108.082597
1780456777,108.193302
1780456777,119.708414
1780456777,119.570550
1780456777,116.009334
1780456777,117.723113
1780456777,110.976196
1780456777,105.069313
1780456777,104.343768
1780456777,107.592916
1780456777,107.903859
1780456777,109.661138
1780456777,107.792071
1780456777,108.134091
1780456777,112.256162
1780456777,112.464066
1780456777,112.319375
1780456777,106.959885
1780456777,110.233946
1780456777,118.389304
1780456777,118.286706
1780456777,120.021924
1780456777,121.619168
1780456777,110.272838
1780456777,108.836307
1780456777,112.798691
1780456777,118.182606
1780456777,120.058236
1780456777,110.480841
1780456777,112.913707
1780456777,110.457420
1780456777,110.712099
1780456777,110.697327
1780456777,113.484812
1780456777,109.307475
1780456777,109.443432
1780456777,116.744367
1780456777,110.030311
1780456777,110.376035
1780456777,112.637363
1780456777,112.425711
1780456777,112.750225
1780456777,112.658064
1780456777,121.127277
1780456777,112.807159
1780456777,112.906373
1780456777,112.621979
1780456777,112.726540
1780456777,122.709490
1780456777,122.826622
1780456777,110.411488
1780456777,123.907031
1780456777,109.249007
1780456777,109.219982
1780456777,109.476014
1780456777,119.390759
1780456777,109.993217
1780456777,122.037802
1780456777,122.063033
1780456777,128.636433
1780456777,122.024112
1780456777,126.790385
1780456777,126.837753
1780456777,126.847704
1780456777,122.226724
1780456777,126.970232
1780456777,116.691647
1780456777,114.955936
1780456777,104.560477
1780456777,128.279472
1780456777,127.150860
1780456777,110.156481
1780456777,116.797678
1780456777,122.152397
1780456777,115.250608
1780456777,117.797047
1780456777,130.447584
1780456777,130.585878
1780456777,130.957733
1780456777,117.658161
1780456777,130.829864
1780456777,130.803923
1780456777,130.623808
1780456777,130.798171
1780456777,129.608304
1780456777,131.003296
1780456777,117.741808
1780456777,117.852068
1780456777,129.491264
1780456777,130.738935
1780456777,129.640522
1780456777,118.143010
1780456777,129.708343
1780456777,130.923009
1780456777,129.782637
1780456777,117.901176
1780456777,115.537694
1780456777,129.725741
1780456777,118.210555
1780456777,118.156607
1780456777,118.356908
1780456777,118.224827
1780456777,118.301600
1780456777,117.988943
1780456777,119.121941
1780456777,111.310621
1780456777,120.732239
1780456777,120.950212
1780456777,120.909914
1780456777,121.201089
1780456777,121.423076
1780456777,120.854074
1780456777,111.057758
1780456777,121.099835
1780456777,111.151820
1780456777,121.581276
1780456777,112.478943
1780456777,121.420337
1780456777,120.976980
1780456777,111.646986
1780456777,121.812137
1780456777,121.620313
1780456777,112.282608
1780456777,121.845794
1780456777,121.213590
1780456777,121.693706
1780456777,121.553043
1780456777,115.404920
1780456777,115.374488
1780456777,121.337733
1780456777,123.184106
1780456777,113.450930
1780456777,123.244365
1780456777,121.790731
1780456777,115.553221
1780456777,114.216422
1780456777,123.358363
1780456777,121.525064
1780456777,122.047181
1780456777,122.127673
1780456777,115.645422
1780456777,123.409785
1780456777,115.810083
1780456777,116.729600
1780456777,121.143586
1780456777,121.655957
1780456777,121.554448
1780456777,112.209674
1780456777,122.168798
1780456777,122.065313
1780456777,121.799698
1780456777,122.216766
1780456777,111.886089
1780456777,111.107315
1780456777,104.920598
1780456777,105.788048
1780456777,122.851115
1780456778,131.450781
1780456778,111.445182
1780456778,109.193869
1780456778,110.851596
1780456778,122.579034
1780456778,129.388499
1780456778,124.081306
1780456778,129.369022
1780456778,129.529466
1780456778,124.170529
1780456778,131.980463
1780456778,129.444458
1780456778,129.553560
1780456778,129.539145
1780456778,124.249790
1780456778,132.144771
1780456778,132.130560
1780456778,132.100946
1780456778,120.372570
1780456778,128.497928
1780456778,128.538283
1780456778,128.260630
1780456778,124.704048
1780456778,114.076797
1780456778,113.576488
1780456778,113.610009
1780456778,113.752232
1780456778,114.063939
1780456778,113.723202
1780456778,114.342060
1780456778,114.827032
1780456778,131.551171
1780456778,129.376232
1780456778,109.296296
1780456778,114.807413
1780456778,109.479268
1780456778,105.210013
1780456778,127.808735
1780456778,131.382978
1780456778,131.475101
1780456778,131.381957
1780456778,119.332157
1780456778,119.341039
1780456778,131.415915
1780456778,118.860735
1780456778,118.823103
1780456778,118.905758
1780456778,118.883810
1780456778,108.528712
1780456778,131.274926
1780456778,131.446484
1780456778,114.175828
1780456778,114.042105
1780456778,109.679594
1780456778,115.035339
1780456778,131.270660
1780456778,109.785486
1780456778,115.114216
1780456778,114.850429
1780456778,131.533669
1780456778,115.045127
1780456778,117.680046
1780456778,126.848405
1780456778,119.580804
1780456778,128.023961
1780456778,129.095416
1780456778,129.104762
1780456778,108.318467
1780456778,114.037560
1780456778,128.244194
1780456778,130.031098
1780456778,128.285232
1780456778,118.025748
1780456778,129.230044
1780456778,119.372566
1780456778,107.054642
1780456778,119.650702
1780456778,107.135940
1780456778,119.936624
1780456778,119.918091
1780456778,120.093781
1780456778,119.173606
1780456778,121.984873
1780456778,118.620730
1780456778,122.287512
1780456778,121.820182
1780456778,119.203984
1780456778,119.640502
1780456778,122.948787
1780456778,130.059023
1780456778,123.038806
1780456778,123.481691
1780456778,123.285690
1780456778,130.931207
1780456778,109.921656
1780456778,110.262126
1780456778,110.308576
1780456778,130.340862
1780456778,110.285433
1780456778,110.601013
1780456778,130.913087
1780456778,110.569948
1780456778,110.428765
1780456778,110.329287
1780456778,110.536905
1780456778,110.372463
1780456778,110.367387
1780456778,129.105073
1780456778,110.508555
1780456778,123.752224
1780456778,117.857756
1780456778,121.031999
1780456778,118.272679
1780456778,119.770692
1780456778,118.512034
1780456778,118.582976
1780456778,110.550436
1780456778,110.803129
1780456778,124.524493
1780456778,124.464293
1780456778,131.167365
1780456778,131.140358
1780456778,131.134534
1780456778,110.701682
1780456778,131.275128
1780456778,124.400643
1780456778,124.346214
1780456778,120.327745
1780456778,124.347103
1780456778,124.959923
1780456778,124.783168
1780456778,124.638572
1780456778,125.193839
1780456778,112.059911
1780456778,118.288380
1780456778,122.603123
1780456778,122.618530
1780456778,117.398318
1780456778,124.219282
1780456778,111.313237
1780456778,117.675378
1780456778,111.266345
1780456778,122.145984
1780456778,124.704768
1780456778,111.425119
1780456778,123.750425
1780456778,118.456856
1780456778,108.969256
1780456778,113.464593
1780456778,115.947957
1780456778,113.583199
1780456778,114.535005
1780456778,121.863851
1780456778,122.260481
1780456778,114.140941
1780456778,122.091709
1780456778,122.662467
1780456778,123.994433
1780456778,122.796550
1780456778,122.956794
1780456778,112.466383
1780456778,122.116712
1780456778,123.077317
1780456778,115.728988
1780456778,115.908306
1780456778,123.195161
1780456778,114.334509
1780456778,114.413157
1780456778,115.786534
1780456778,122.314299
1780456778,108.644627
1780456778,114.694976
1780456778,122.573658
1780456778,122.617754
1780456778,122.084410
1780456778,122.385768
1780456778,115.624909
1780456778,120.780648
1780456778,128.244887
1780456778,115.667052
1780456778,122.857068
1780456778,127.549127
1780456778,127.523457
1780456778,126.136452
1780456778,116.817461
1780456778,116.518872
1780456778,115.414800
1780456778,116.528639
1780456778,118.478907
1780456778,115.411745
1780456778,125.039852
1780456778,126.050886
1780456778,126.629128
1780456778,126.273712
1780456778,126.340453
1780456778,126.933344
1780456778,127.133874
1780456778,126.726403
1780456778,127.112574
1780456778,126.812705
1780456778,127.721744
1780456778,127.460151
1780456778,127.804035
1780456778,127.632983
1780456778,127.485200
1780456778,128.325578
1780456778,127.892273
1780456778,127.926661
1780456778,128.680351
1780456778,129.074210
1780456778,129.198761
1780456778,129.358018
1780456778,130.145039
1780456778,130.262095
1780456778,107.580688
1780456778,127.466295
1780456778,130.369431
1780456778,128.043015
1780456778,127.487649
1780456778,128.284107
1780456778,125.990225
1780456778,123.534691
1780456778,127.392472
1780456778,128.256076
1780456778,126.626788
1780456778,128.622439
1780456778,124.528189
1780456778,126.539431
1780456778,128.070623
1780456778,108.484368
1780456778,120.426953
1780456778,124.766857
1780456778,121.130270
1780456778,130.725361
1780456778,121.046184
1780456778,124.447538
1780456778,123.124363
1780456778,121.134349
1780456778,123.293766
1780456778,124.670272
1780456778,122.446113
1780456778,127.270758
1780456778,107.926085
1780456778,126.970192
1780456778,127.312101
1780456778,126.537768
1780456778,127.388904
1780456778,127.150183
1780456778,125.327385
1780456778,130.244296
1780456778,130.398107
1780456778,121.967764
1780456778,131.542604
1780456778,122.065202
1780456778,126.940176
1780456778,128.042726
1780456778,123.457573
1780456778,125.640713
1780456778,119.655429
1780456778,122.099775
1780456778,130.609328
1780456778,121.607444
1780456778,124.197957
1780456778,122.327125
1780456778,123.668180
1780456778,124.327562
1780456778,121.121926
1780456778,118.207558
1780456778,119.938678
1780456778,124.551606
1780456778,126.862819
1780456778,112.157924
1780456778,124.634573
1780456778,129.511760
1780456778,129.444584
1780456778,129.478066
1780456778,129.507883
1780456778,129.469062
1780456778,129.765995
1780456778,126.524674
1780456778,129.633011
1780456778,113.658600
1780456778,129.784564
1780456778,122.210778
1780456778,125.903928
1780456778,124.588936
1780456778,122.330286
1780456778,128.135650
1780456778,124.123426
1780456778,129.957985
1780456778,126.380558
1780456778,126.865913
1780456778,126.454650
1780456778,128.461253
1780456778,125.069470
1780456778,130.349400
1780456778,128.579583
1780456778,122.701405
1780456778,124.429061
1780456778,130.472228
1780456778,128.721734
1780456778,128.871756
1780456778,125.351273
1780456778,128.833823
1780456778,124.860615
1780456778,129.243690
1780456778,121.526886
1780456778,130.309592
1780456778,130.382780
1780456778,130.530365
1780456778,129.529305
1780456778,127.781801
1780456778,116.646850
1780456778,110.898078
1780456778,131.658962
1780456778,131.832131
1780456778,131.980491
1780456778,131.692138
1780456778,130.429666
1780456778,129.994695
1780456778,130.538819
1780456778,119.627743
1780456778,127.325623
1780456778,127.659255
1780456778,120.934596
1780456778,113.420202
1780456778,113.776277
1780456778,116.774323
1780456778,112.054357
1780456778,112.399832
1780456778,108.261710
1780456778,116.735538
1780456778,106.952988
1780456778,116.904740
1780456778,121.917009
1780456778,116.387950
1780456778,115.554105
1780456778,115.018915
1780456778,116.560073
1780456778,114.878232
1780456778,134.222223
1780456778,107.254103
1780456778,108.542218
1780456778,125.779895
1780456778,115.046496
1780456778,108.669001
1780456778,126.138199
1780456778,107.199854
1780456778,133.812126
1780456778,111.020906
1780456778,117.516240
1780456778,132.997483
1780456778,117.553041
1780456778,107.268114
1780456778,117.583416
1780456778,110.443631
1780456778,110.796816
1780456778,110.960890
1780456778,114.255394
1780456778,110.342332
1780456778,113.399288
1780456778,111.837731
1780456778,112.381548
1780456778,109.572974
1780456778,131.450017
1780456778,106.402343
1780456778,106.208822
1780456778,106.508069
1780456778,106.285662
1780456778,131.463066
1780456778,116.795058
1780456778,131.863060
1780456778,114.656304
1780456778,114.761596
1780456778,116.280498
1780456778,111.105265
1780456778,114.826191
1780456778,118.444837
1780456778,132.283029
1780456778,131.758125
1780456778,108.488283
1780456778,132.466833
1780456778,132.567468
1780456778,108.472261
1780456778,132.550446
1780456778,108.430594
1780456778,126.818047
1780456778,122.068986
1780456778,120.160567
1780456778,121.494405
1780456778,121.580040
1780456778,122.386917
1780456778,120.344837
1780456778,112.391634
1780456778,112.742717
1780456778,109.014660
1780456778,106.618096
1780456778,106.660643
1780456778,106.733791
1780456778,103.883790
1780456778,106.611074
1780456778,112.487889
1780456778,106.710196
1780456778,106.950716
1780456778,109.699095
1780456778,104.734736
1780456778,109.737637
1780456778,104.846365
1780456778,104.425184
1780456778,112.295852
1780456778,108.586703
1780456778,108.524111
1780456778,108.417039
1780456778,104.884158
1780456778,104.705767
1780456778,106.935786
1780456778,106.987909
1780456778,105.990824
1780456778,105.891975
1780456778,106.008376
1780456778,142.042091
1780456778,141.113137
1780456778,141.821178
1780456778,137.145657
1780456778,140.393646
1780456778,141.271840
1780456778,139.436006
1780456778,105.630875
1780456778,129.913885
1780456778,106.054075
1780456778,137.247234
1780456778,104.799619
1780456778,137.352762
1780456778,107.102218
1780456778,106.968756
1780456778,107.173867
1780456778,113.147658
1780456778,108.344710
1780456778,108.436187
1780456778,108.534695
1780456778,108.593030
1780456778,113.501811
1780456778,111.766370
1780456778,119.566819
1780456778,119.083651
1780456778,119.301480
1780456778,118.438546
1780456778,118.144843
1780456778,114.990275
1780456778,114.784949
1780456778,114.551322
1780456778,104.371973
1780456778,112.738698
1780456778,109.283954
1780456778,109.286940
1780456778,117.820653
1780456778,117.453623
1780456778,109.951843
1780456778,105.237828
1780456778,113.877281
1780456778,110.350712
1780456778,110.241460
1780456778,105.508190
1780456778,114.487145
1780456778,106.399026
1780456778,106.481695
1780456778,114.758499
1780456778,114.866686
1780456778,106.861745
1780456778,115.454101
1780456778,121.438270
1780456778,112.572333
1780456778,112.680305
1780456778,117.743392
1780456778,116.375832
1780456778,108.113256
1780456778,111.873845
1780456778,116.523534
1780456778,112.135546
1780456778,116.992090
1780456778,113.419290
1780456778,117.132520
1780456778,113.480566
1780456778,113.478541
1780456778,108.794145
1780456778,113.740133
1780456778,109.069292
1780456778,109.282316
1780456778,111.770736
1780456778,108.495127
1780456778,108.598839
1780456778,106.032622
1780456778,106.519400
1780456778,105.115253
1780456778,105.415487
1780456778,107.138782
1780456778,107.019653
1780456778,110.076032
1780456778,110.202366
1780456778,109.965540
1780456778,111.628196
1780456778,110.245830
1780456778,124.848346
1780456778,110.614497
1780456778,114.195972
1780456778,110.025645
1780456778,116.485641
1780456778,109.151510
1780456778,112.161254
1780456778,116.785930
1780456778,116.525246
1780456778,110.876567
1780456778,116.674466
1780456778,121.979282
1780456778,116.797411
1780456778,116.250567
1780456778,125.839643
1780456778,116.257954
1780456778,126.642735
1780456778,123.178823
1780456778,123.158634
1780456778,113.858765
1780456778,114.182175
1780456778,123.644255
1780456778,117.312587
1780456778,124.048629
1780456778,127.875514
1780456778,129.435032
1780456778,128.383864
1780456778,128.583097
1780456778,125.598407
1780456778,117.886264
1780456778,117.823747
1780456778,121.757492
1780456778,126.403001
1780456778,122.136657
1780456778,126.893545
1780456778,122.219322
1780456778,122.742855
1780456778,126.226332
1780456778,126.234208
1780456778,122.904702
1780456778,120.842606
1780456778,126.263757
1780456778,115.005781
1780456778,119.984616
1780456778,118.939289
1780456778,118.721071
1780456778,116.238714
1780456778,123.623990
1780456778,116.381658
1780456778,124.045807
1780456778,111.314536
1780456778,111.152527
1780456778,116.775467
1780456778,124.603310
1780456778,124.609362
1780456778,124.648131
1780456778,115.021474
1780456778,124.864738
1780456778,121.986580
1780456778,124.706491
1780456778,110.196774
1780456778,122.394064
1780456778,122.992232
1780456778,121.973227
1780456778,119.396318
1780456778,122.578483
1780456778,113.289388
1780456778,109.362552
1780456778,113.849346
1780456778,122.991632
1780456778,114.047351
1780456778,109.260153
1780456778,112.740513
1780456778,119.590974
1780456778,112.660295
1780456778,119.801434
1780456778,113.842051
1780456778,109.451083
1780456778,114.404420
1780456778,113.974396
1780456778,114.051859
1780456778,106.970220
1780456778,109.606901
1780456778,114.531452
1780456778,109.587429
1780456778,109.340828
1780456778,109.097875
1780456778,128.053002
1780456778,128.094480
1780456778,128.982650
1780456778,124.454521
1780456778,119.543952
1780456778,119.634327
1780456778,119.672067
1780456778,119.488805
1780456778,116.090276
1780456778,115.987374
1780456778,116.252518
1780456778,116.442883
1780456778,116.540501
1780456778,116.794211
1780456778,116.371278
1780456778,113.238615
1780456778,132.026479
1780456778,126.222870
1780456778,126.524515
1780456778,126.262028
1780456778,128.989828
1780456778,126.540725
1780456778,123.911984
1780456778,118.137357
1780456778,117.208954
1780456778,125.837790
1780456778,118.269932
1780456778,127.566388
1780456778,118.837758
1780456778,118.419046
1780456778,127.641206
1780456778,110.502716
1780456778,118.153793
1780456778,110.356912
1780456778,125.180099
1780456778,118.601493
1780456778,127.855998
1780456778,110.611726
1780456778,127.661812
1780456778,110.655411
1780456778,111.803621
1780456778,118.567590
1780456778,119.308003
1780456778,118.668001
1780456778,125.438284
1780456778,112.258732
1780456778,118.078546
1780456778,122.729453
1780456778,114.469848
1780456778,121.535042
1780456778,120.508479
1780456778,124.751033
1780456778,115.618613
1780456778,114.708820
1780456778,122.802564
1780456778,125.650926
1780456778,122.924515
1780456778,119.322981
1780456778,122.966131
1780456778,110.963434
1780456778,125.361934
1780456778,122.995054
1780456778,112.457353
1780456778,114.991255
1780456778,115.851798
1780456778,115.445246
1780456778,115.674740
1780456778,108.200509
1780456778,116.523119
1780456778,119.174990
1780456778,117.013981
1780456778,116.992675
1780456778,117.506205
1780456778,117.366865
1780456778,117.121386
1780456778,112.199471
1780456778,117.380483
1780456778,114.615015
1780456778,114.223994
1780456778,119.357049
1780456778,116.887387
1780456778,110.788493
1780456778,108.899982
1780456778,121.418027
1780456778,111.787116
1780456778,110.981118
1780456778,111.055343
1780456778,109.667644
1780456778,118.137821
1780456778,118.153610
1780456778,118.163202
1780456778,111.675636
1780456778,110.813123
1780456778,110.148468
1780456778,110.515969
1780456778,107.094616
1780456778,123.900376
1780456778,107.004263
1780456778,120.190396
1780456778,103.750352
1780456778,120.240740
1780456778,120.256763
1780456778,118.673642
1780456778,120.482644
1780456778,120.545914
1780456778,120.539573
1780456778,121.978979
1780456778,121.696869
1780456778,121.542102
1780456778,115.355617
1780456778,103.404103
1780456778,121.989031
1780456778,123.976024
1780456778,107.782477
1780456778,123.784009
1780456778,107.542158
1780456778,122.199567
1780456778,121.016112
1780456778,122.384796
1780456778,122.270241
1780456778,104.129134
1780456778,122.411636
1780456778,122.326643
1780456778,103.809808
1780456778,122.317833
1780456778,122.572421
1780456778,122.401365
1780456778,119.512455
1780456778,104.341207
1780456778,115.204830
1780456778,123.008831
1780456778,116.810489
1780456778,114.661861
1780456778,104.871183
1780456778,115.534216
1780456778,120.263755
1780456778,117.042208
1780456778,117.034299
1780456778,123.430439
1780456778,117.083038
1780456778,115.428766
1780456778,118.261642
1780456778,117.511149
1780456778,115.849407
1780456778,116.033295
1780456778,117.657475
1780456778,111.826287
1780456778,116.394942
1780456778,115.721767
1780456778,115.731834
1780456778,118.055372
1780456778,105.867829
1780456778,116.265156
1780456778,116.840718
1780456778,112.672953
1780456778,110.512009
1780456778,117.013636
1780456778,117.076856
1780456778,106.746335
1780456778,116.810570
1780456778,117.282296
1780456778,117.349143
1780456778,116.802803
1780456778,110.888725
1780456778,117.469712
1780456778,113.398644
1780456778,117.593832
1780456778,107.592405
1780456778,117.766810
1780456778,107.476216
1780456778,112.061631
1780456778,113.777360
1780456778,117.942258
1780456778,111.552583
1780456778,119.637976
1780456778,114.136561
1780456778,110.587352
1780456778,104.285209
1780456778,112.554788
1780456778,105.627160
1780456778,112.675949
1780456778,118.402438
1780456778,118.597687
1780456778,108.573887
1780456778,118.582509
1780456778,112.865679
1780456778,109.353159
1780456778,118.589024
1780456778,112.981140
1780456778,119.181904
1780456778,113.190757
1780456778,115.896437
1780456778,119.801944
1780456778,119.597738
1780456778,113.844273
1780456778,115.177936
1780456778,107.569109
1780456778,107.480412
1780456778,117.126550
1780456778,107.365265
1780456778,107.287755
1780456778,107.994347
1780456778,108.195594
1780456778,107.740357
1780456778,107.817775
1780456778,117.417245
1780456778,108.426354
1780456778,111.635252
1780456778,105.151617
1780456778,108.551130
1780456778,105.270141
1780456778,112.291558
1780456778,111.984064
1780456778,108.400171
1780456778,112.122917
1780456778,111.783490
1780456778,112.560016
1780456778,111.801769
1780456778,109.064901
1780456778,105.775791
1780456778,107.892587
1780456778,109.398255
1780456778,104.737408
1780456778,106.238844
1780456778,109.754981
1780456778,114.838567
1780456778,109.691387
1780456778,109.645199
1780456778,117.734236
1780456778,117.662422
1780456778,117.789862
1780456778,117.842411
1780456778,117.553668
1780456778,117.635798
1780456778,117.675032
1780456778,117.778033
1780456778,117.879595
1780456778,115.213995
1780456778,104.133004
1780456778,115.522236
1780456778,104.394520
1780456778,115.824679
1780456778,118.407238
1780456778,118.655179
1780456778,118.536417
1780456778,106.304723
1780456778,112.561533
1780456778,115.933774
1780456778,115.337984
1780456778,115.434124
1780456778,115.483156
1780456778,115.716949
1780456778,115.672474
1780456778,115.773117
1780456778,116.013833
1780456778,104.764488
1780456778,106.021087
1780456778,109.980325
1780456778,109.916673
1780456778,117.064646
1780456778,116.416116
1780456778,116.561101
1780456778,113.611399
1780456778,113.987945
1780456778,114.519091
1780456778,114.619870
1780456778,118.024018
1780456778,118.272610
1780456778,117.871984
1780456778,117.999730
1780456778,118.408633
1780456778,118.563919
1780456778,118.146679
1780456778,118.589228
1780456778,118.236272
1780456778,122.567908
1780456778,115.321180
1780456778,122.345938
1780456778,115.451993
1780456778,114.979622
1780456778,115.929589
1780456778,121.130535
1780456778,121.189757
1780456778,116.725608
1780456778,120.124021
1780456778,116.871530
1780456778,111.452857
1780456778,117.579300
1780456778,117.187556
1780456778,120.393195
1780456778,112.153618
1780456778,109.699640
1780456778,115.553883
1780456778,109.410491
1780456778,113.145763
1780456778,118.325585
1780456778,114.311963
1780456778,119.068680
1780456778,108.456276
1780456778,109.614395
1780456778,111.329378
1780456778,112.323496
1780456778,109.905728
1780456778,110.966431
1780456778,112.073237
1780456778,108.318446
1780456778,113.699076
1780456778,113.194186
1780456778,119.852400
1780456778,125.785649
1780456778,111.436366
1780456778,108.453437
1780456778,111.585758
1780456778,115.547093
1780456778,121.720242
1780456778,115.639538
1780456778,122.916342
1780456778,122.709026
1780456778,110.172959
1780456778,123.001328
1780456778,110.275656
1780456778,111.559392
1780456778,116.378803
1780456778,123.458363
1780456778,123.555186
1780456778,116.041965
1780456778,124.061419
1780456778,116.296694
1780456778,124.033925
1780456778,116.431378
1780456778,124.075717
1780456778,115.690591
1780456778,109.556050
1780456778,116.092411
1780456778,124.477457
1780456778,115.439816
1780456778,124.645100
1780456778,115.465987
1780456778,114.565238
1780456778,124.946940
1780456778,113.599964
1780456778,124.991818
1780456778,119.838601
1780456778,108.273120
1780456778,125.322912
1780456778,108.548088
1780456778,111.220021
1780456778,111.398485
1780456778,125.627407
1780456778,125.497375
1780456778,118.286605
1780456778,126.047797
1780456778,117.864592
1780456778,126.796599
1780456778,111.020624
1780456778,126.923487
1780456778,116.274564
1780456778,126.542025
1780456778,110.783061
1780456778,126.753070
1780456778,125.506368
1780456778,126.859392
1780456778,124.431290
1780456778,128.160652
1780456778,121.079377
1780456778,126.790068
1780456778,115.542619
1780456778,128.485118
1780456778,113.926709
1780456778,128.329384
1780456778,105.547276
1780456778,121.658534
1780456778,114.347445
1780456778,125.500540
1780456778,111.809870
1780456778,128.317212
1780456778,129.320236
1780456778,129.536218
1780456778,130.625218
1780456778,123.747314
1780456778,130.017771
1780456778,130.206775
1780456778,114.853346
1780456778,120.688248
1780456778,120.107156
1780456778,114.964558
1780456778,119.058176
1780456778,129.855354
1780456778,124.077161
1780456778,110.405786
1780456778,113.722112
1780456778,111.597042
1780456778,113.820488
1780456778,113.856261
1780456778,114.451693
1780456778,131.007712
1780456778,116.909160
1780456778,113.289009
1780456778,115.666295
1780456778,115.725262
1780456778,115.160270
1780456778,112.111883
1780456778,113.808483
1780456778,113.823666
1780456778,111.237466
1780456778,111.331248
1780456778,112.486537
1780456778,111.299700
1780456778,109.179789
1780456778,116.721722
1780456778,119.672299
1780456778,109.176977
1780456778,125.705150
1780456778,117.051390
1780456778,125.186672
1780456778,116.154180
1780456778,130.515307
1780456778,107.696757
1780456778,109.699843
1780456778,111.575022
1780456778,106.610630
1780456778,113.757133
1780456778,106.844740
1780456778,111.135488
1780456778,106.798972
1780456778,110.604185
1780456778,121.210491
1780456778,122.566037
1780456778,117.940980
1780456778,118.263297
1780456778,112.793097
1780456778,132.389732
1780456778,133.972851
1780456778,118.575999
1780456778,134.187466
1780456778,119.585007
1780456778,134.432925
1780456778,117.841238
1780456778,117.599106
1780456778,119.787085
1780456778,107.638497
1780456778,117.469386
1780456778,106.568398
1780456778,122.950082
1780456778,106.841075
1780456778,118.390603
1780456778,119.987983
1780456778,126.292132
1780456778,119.709557
1780456778,113.373378
1780456778,106.980538
1780456778,125.330034
1780456778,125.389582
1780456778,105.489727
1780456778,126.789922
1780456778,104.857715
1780456778,119.301429
1780456778,105.218422
1780456778,118.124696
1780456778,105.418245
1780456778,127.943664
1780456778,128.056645
1780456778,114.566896
1780456778,118.380987
1780456778,113.436627
1780456778,135.780810
1780456778,114.214258
1780456778,127.185765
1780456778,121.810667
1780456778,127.180435
1780456778,106.502798
1780456778,127.345446
1780456778,111.833692
1780456778,113.138133
1780456778,113.184991
1780456778,113.153314
1780456778,113.639471
1780456778,108.294146
1780456778,110.616873
1780456778,121.632966
1780456778,123.015497
1780456778,110.953325
1780456778,110.680209
1780456778,111.040193
1780456778,112.368361
1780456778,105.976224
1780456778,111.307907
1780456778,113.370356
1780456778,126.591911
1780456778,136.543067
1780456778,111.311539
1780456778,135.143994
1780456778,111.285639
1780456778,111.331050
1780456778,135.109032
1780456778,126.212640
1780456778,128.651492
1780456778,125.421620
1780456778,128.364524
1780456778,110.514779
1780456778,110.632579
1780456778,133.861795
1780456778,124.671817
1780456778,121.335651
1780456778,123.444089
1780456778,115.102827
1780456778,111.098817
1780456778,134.093929
1780456778,114.164514
1780456778,114.124886
1780456778,111.397200
1780456778,134.012885
1780456778,133.728805
1780456778,126.782683
1780456778,113.491585
1780456778,113.182740
1780456778,117.293130
1780456778,116.192871
1780456778,111.454144
1780456778,111.537890
1780456778,111.487231
1780456778,116.100348
1780456778,131.726605
1780456778,126.513854
1780456778,114.077617
1780456778,114.299617
1780456778,114.299475
1780456778,132.199481
1780456778,111.423370
1780456778,112.299799
1780456778,126.956004
1780456778,127.142350
1780456778,111.174520
1780456778,116.445277
1780456778,113.435901
1780456778,110.191979
1780456778,112.398713
1780456778,125.302348
1780456778,133.428154
1780456778,112.312548
1780456778,125.530665
1780456778,119.898032
1780456778,127.507768
1780456778,120.694908
1780456778,120.315804
1780456778,113.175493
1780456778,111.267993
1780456778,110.235126
1780456778,125.207201
1780456778,112.452467
1780456778,120.761600
1780456778,113.533876
1780456778,110.450783
1780456778,111.670919
1780456778,111.978078
1780456778,111.948494
1780456778,112.337028
1780456778,109.467699
1780456778,112.459953
1780456778,122.948676
1780456778,112.576397
1780456778,121.547002
1780456778,120.491973
1780456778,120.938936
1780456778,115.048942
1780456778,114.796962
1780456778,120.483991
1780456778,120.594043
1780456778,113.182834
1780456778,128.552740
1780456778,112.448847
1780456778,110.463096
1780456778,128.764496
1780456778,112.498524
1780456778,110.516692
1780456778,112.827554
1780456778,109.450827
1780456778,120.369861
1780456778,113.400830
1780456778,109.994170
1780456778,112.869411
1780456778,129.338790
1780456778,114.588782
1780456778,127.736973
1780456778,121.071855
1780456778,121.088057
1780456778,120.040431
1780456778,114.799711
1780456778,127.230060
1780456778,114.059151
1780456778,119.956748
1780456778,137.122006
1780456778,114.302232
1780456778,128.136823
1780456778,127.495957
1780456778,113.505617
1780456778,137.060255
1780456778,112.543177
1780456778,120.126714
1780456778,137.668821
1780456778,127.755151
1780456778,112.514903
1780456778,127.868001
1780456778,126.375234
1780456778,114.394272
1780456778,126.132115
1780456778,106.404553
1780456778,119.321880
1780456778,109.240018
1780456778,109.212230
1780456778,119.397251
1780456778,128.809825
1780456778,109.741338
1780456778,128.306935
1780456778,109.939327
1780456778,114.364412
1780456778,136.918383
1780456778,126.449214
1780456778,113.169567
1780456778,119.591238
1780456778,111.966087
1780456778,136.435686
1780456778,136.151648
1780456778,129.869126
1780456778,131.911392
1780456778,111.654421
1780456778,111.305934
1780456778,115.955556
1780456778,111.814001
1780456778,122.636949
1780456778,116.119063
1780456778,116.336301
1780456778,136.004334
1780456778,118.569639
1780456778,109.048970
1780456778,121.279554
1780456778,128.938150
1780456778,120.971788
1780456778,106.264857
1780456778,119.963361
1780456778,136.843788
1780456778,106.459939
1780456778,121.245304
1780456778,119.890454
1780456778,109.546482
1780456778,120.263266
1780456778,112.763421
1780456778,123.995060
1780456778,106.889011
1780456778,128.705955
1780456778,124.416361
1780456778,110.544288
1780456778,131.901251
1780456778,120.022070
1780456778,122.890148
1780456778,126.307833
1780456778,120.275540
1780456778,118.477209
1780456778,124.901978
1780456778,119.770209
1780456778,113.925604
1780456778,123.020781
1780456778,119.600702
1780456778,125.130157
1780456778,117.460651
1780456778,131.883929
1780456778,109.901253
1780456778,118.988886
1780456778,123.501586
1780456778,108.629356
1780456778,131.788202
1780456778,117.871904
1780456778,117.815113
1780456778,125.139648
1780456778,113.432468
1780456778,115.140162
1780456778,111.893866
1780456778,128.979027
1780456778,118.154408
1780456778,115.189950
1780456778,112.213173
1780456778,129.231303
1780456778,118.247321
1780456778,122.132616
1780456778,115.903739
1780456778,109.474872
1780456778,136.239091
1780456778,117.439206
1780456778,128.245901
1780456778,121.421598
1780456778,109.565952
1780456778,121.483965
1780456778,117.649761
1780456778,128.355256
1780456778,117.563747
1780456778,113.298399
1780456778,116.475050
1780456778,119.312910
1780456778,113.018831
1780456778,117.843045
1780456778,136.263496
1780456778,119.473219
1780456778,113.846542
1780456778,118.422541
1780456778,136.453998
1780456778,115.306321
1780456778,127.714620
1780456778,113.582047
1780456778,115.522867
1780456778,117.240337
1780456778,117.184828
1780456778,122.777593
1780456778,114.594044
1780456778,117.250475
1780456778,127.454172
1780456778,117.592734
1780456778,126.980900
1780456778,117.537700
1780456778,114.851478
1780456778,123.110763
1780456778,127.285261
1780456778,117.904887
1780456778,124.819220
1780456778,122.908877
1780456778,134.914493
1780456778,118.805064
1780456778,134.741261
1780456778,120.171460
1780456778,124.362145
1780456778,126.249539
1780456778,102.570988
1780456778,120.465069
1780456778,124.611764
1780456778,123.361667
1780456778,113.166295
1780456778,119.174863
1780456778,116.061552
1780456778,123.952564
1780456778,128.406584
1780456778,124.198902
1780456778,119.876173
1780456778,113.979878
1780456778,115.262301
1780456778,122.976051
1780456778,113.801530
1780456778,115.501995
1780456778,123.025308
1780456778,115.865826
1780456778,118.984154
1780456778,117.845009
1780456778,120.544690
1780456778,120.644269
1780456778,118.180279
1780456778,119.559109
1780456778,116.477931
1780456778,115.185788
1780456778,118.021899
1780456778,115.400357
1780456778,119.990671
1780456778,121.720886
1780456778,121.387802
1780456778,104.266947
1780456778,118.791939
1780456778,119.184551
1780456778,122.242399
1780456778,120.772972
1780456778,119.098239
1780456778,127.756354
1780456778,119.257108
1780456778,122.328960
1780456778,125.858828
1780456778,122.716485
1780456778,121.767403
1780456778,120.174602
1780456778,120.195495
1780456778,126.222558
1780456778,117.540488
1780456778,117.686831
1780456778,117.706516
1780456778,117.737826
1780456778,117.869933
1780456778,123.786690
1780456778,118.113225
1780456778,117.888091
1780456778,118.071000
1780456778,118.430752
1780456778,118.678081
1780456778,118.662543
1780456778,125.373020
1780456778,104.914070
1780456778,124.024597
1780456778,105.000551
1780456778,104.675691
1780456778,105.011592
1780456778,124.188317
1780456778,105.194600
1780456778,124.407925
1780456778,104.032428
1780456778,108.458255
1780456778,108.434223
1780456778,105.118056
1780456778,102.664000
1780456778,103.270172
1780456778,109.177855
1780456778,103.307029
1780456778,105.132552
1780456778,109.289023
1780456778,103.538827
1780456778,109.468480
1780456778,103.718351
1780456778,103.075926
1780456778,103.835023
1780456778,109.719078
1780456778,103.224621
1780456778,106.816130
1780456778,103.986588
1780456778,109.984790
1780456778,110.105337
1780456778,103.530836
1780456778,104.338984
1780456778,103.968160
1780456778,103.937461
1780456778,104.938093
1780456778,110.790567
1780456778,104.980156
1780456778,110.907638
1780456778,105.263153
1780456778,104.478761
1780456778,104.580661
1780456778,104.585676
1780456778,105.534338
1780456778,104.741434
1780456778,105.626487
1780456778,104.867813
1780456778,104.838868
1780456778,105.737147
1780456778,105.068227
1780456778,104.907406
1780456778,105.419322
1780456778,105.236404
1780456778,106.063576
1780456778,105.727675
1780456778,105.598094
1780456778,105.527565
1780456778,105.623814
1780456778,106.606244
1780456778,106.043522
1780456778,107.011777
1780456778,106.294284
1780456778,107.307036
1780456778,106.514699
1780456778,107.280077
1780456778,107.066693
1780456778,107.120008
1780456778,106.993031
1780456778,107.678329
1780456778,107.808906
1780456778,102.786261
1780456778,103.061576
1780456778,102.774384
1780456778,103.217850
1780456778,103.437333
1780456778,103.385277
1780456778,103.565786
1780456778,103.750290
1780456778,103.639943
1780456778,103.852318
1780456778,103.940165
1780456778,104.107543
1780456778,104.087981
1780456778,104.982854
1780456778,105.468429
1780456778,104.950491
1780456778,104.909727
1780456778,105.713863
1780456778,105.439264
1780456778,105.452096
1780456778,105.232092
1780456778,106.548578
1780456778,105.977749
1780456778,106.668354
1780456778,106.596083
1780456778,113.004907
1780456778,103.719600
1780456778,103.641877
1780456778,103.891631
1780456778,106.987848
1780456778,111.449861
1780456778,111.742608
1780456778,104.298735
1780456778,109.341479
1780456778,109.516131
1780456778,109.656017
1780456778,105.062193
1780456778,109.851459
1780456778,109.950649
1780456778,103.603919
1780456778,110.179958
1780456778,110.401791
1780456778,110.864176
1780456778,106.153008
1780456778,110.971656
1780456778,111.458912
1780456778,106.780896
1780456778,111.582148
1780456778,105.650328
1780456778,111.745045
1780456778,111.306902
1780456778,108.204703
1780456778,108.258720
1780456778,112.400209
1780456778,108.942007
1780456778,109.330414
1780456778,114.073718
1780456778,109.349953
1780456778,114.520661
1780456778,108.090634
1780456778,108.090142
1780456778,110.720995
1780456778,114.727755
1780456778,114.942331
1780456778,112.654013
1780456778,111.965240
1780456778,112.030861
1780456778,115.873677
1780456778,116.010315
1780456778,116.182478
1780456778,115.740378
1780456778,116.021839
1780456778,112.364486
1780456778,115.086460
1780456778,112.818250
1780456778,113.075052
1780456778,111.462328
1780456778,111.585461
1780456778,111.113707
1780456778,109.463724
1780456778,111.231505
1780456778,110.768873
1780456778,114.934538
1780456778,113.267725
1780456778,114.982212
1780456778,107.369351
1780456778,115.083224
1780456778,110.713183
1780456778,112.762998
1780456778,111.660492
1780456778,112.070560
1780456778,112.102402
1780456778,112.440858
1780456778,112.174374
1780456778,112.280981
1780456778,110.002133
1780456778,110.092513
1780456778,110.006452
1780456778,110.225922
1780456778,105.455771
1780456778,110.334904
1780456778,113.286711
1780456778,106.787278
1780456778,118.923168
1780456778,113.510715
1780456778,111.088747
1780456778,116.056141
1780456778,113.775283
1780456778,116.257256
1780456778,114.790470
1780456778,114.629584
1780456778,114.837051
1780456778,114.796130
1780456778,113.839994
1780456778,115.766173
1780456778,116.534791
1780456778,110.034448
1780456778,115.820847
1780456778,113.065509
1780456778,113.328561
1780456778,108.291822
1780456778,115.523862
1780456778,113.132277
1780456778,116.101454
1780456778,112.208159
1780456778,108.520111
1780456778,116.120653
1780456778,113.403041
1780456778,112.019874
1780456778,114.277687
1780456778,116.848266
1780456778,114.263166
1780456778,112.220335
1780456778,109.712651
1780456778,109.239376
1780456778,109.646109
1780456778,114.615065
1780456778,116.981470
1780456778,109.659399
1780456778,109.935236
1780456778,113.250663
1780456778,120.639563
1780456778,113.966125
1780456778,114.131827
1780456778,114.341662
1780456778,121.162782
1780456778,118.615894
1780456778,113.840539
1780456778,111.054532
1780456778,112.371161
1780456778,112.256595
1780456778,114.793234
1780456778,121.305889
1780456778,114.917946
1780456778,114.709549
1780456778,121.978173
1780456778,114.683899
1780456778,115.514318
1780456778,108.291557
1780456778,110.328936
1780456778,110.222168
1780456778,110.429437
1780456778,109.290695
1780456778,110.540968
1780456778,108.932144
1780456778,113.406031
1780456778,111.570188
1780456778,115.827754
1780456778,116.300140
1780456778,116.377657
1780456778,116.344962
1780456778,116.220726
1780456778,116.598526
1780456778,123.093570
1780456778,116.662388
1780456778,110.484151
1780456778,110.643262
1780456778,110.628489
1780456778,110.664798
1780456778,110.547770
1780456778,111.636121
1780456778,110.851729
1780456778,110.845415
1780456778,111.023502
1780456778,112.909567
1780456778,116.621179
1780456778,117.166690
1780456778,117.234127
1780456778,117.136470
1780456778,117.969369
1780456778,117.944264
1780456778,118.436846
1780456778,116.442178
1780456778,118.035858
1780456778,116.373437
1780456778,118.670826
1780456778,118.500204
1780456778,120.671292
1780456778,121.458618
1780456778,120.019621
1780456778,120.993507
1780456778,120.747410
1780456778,123.630985
1780456778,121.957225
1780456778,123.957503
1780456778,112.913167
1780456778,116.542407
1780456778,114.059299
1780456778,117.703343
1780456778,116.688027
1780456778,118.032729
1780456778,120.236790
1780456778,120.882014
1780456778,118.328565
1780456778,123.692574
1780456778,122.492606
1780456778,104.518530
1780456778,123.061798
1780456778,104.415057
1780456778,108.475567
1780456778,119.078079
1780456778,119.860719
1780456778,107.888154
1780456778,107.363537
1780456778,122.944185
1780456778,107.261043
1780456778,108.089032
1780456778,108.039204
1780456778,108.128498
1780456778,105.739805
1780456778,122.775031
1780456778,105.994877
1780456778,107.720651
1780456778,119.622381
1780456778,119.120747
1780456778,117.659838
1780456778,107.616955
1780456778,122.542211
1780456778,123.227747
1780456778,124.228055
1780456778,124.393214
1780456778,124.467216
1780456778,126.645106
1780456778,124.553109
1780456778,115.296857
1780456778,120.824119
1780456778,114.335229
1780456778,111.294090
1780456778,111.290365
1780456778,111.614280
1780456778,112.748607
1780456778,110.854470
1780456778,110.531748
1780456778,110.578961
1780456778,111.673037
1780456778,111.355587
1780456778,110.644584
1780456778,111.739887
1780456778,110.693478
1780456778,109.826360
1780456778,108.014019
1780456778,111.607547
1780456778,107.642619
1780456778,107.535721
1780456778,108.692823
1780456778,109.003813
1780456778,113.300914
1780456778,112.444366
1780456778,112.913069
1780456778,113.555460
1780456778,111.764595
1780456778,109.389127
1780456778,114.407433
1780456778,109.591164
1780456778,112.146728
1780456778,110.793150
1780456778,113.195462
1780456778,112.276614
1780456778,111.430466
1780456778,106.828484
1780456778,110.317554
1780456778,110.938580
1780456778,110.543816
1780456778,110.308638
1780456778,109.752989
1780456778,110.114075
1780456778,111.110416
1780456778,107.396089
1780456778,107.647470
1780456778,111.779476
1780456778,110.009164
1780456778,106.983305
1780456778,108.523389
1780456778,111.412055
1780456778,110.543678
1780456778,110.661390
1780456778,111.227416
1780456778,111.464776
1780456778,107.754453
1780456778,112.209223
1780456778,112.465450
1780456778,112.527031
1780456778,112.432722
1780456778,114.754242
1780456778,113.105406
1780456778,114.120360
1780456778,115.166189
1780456778,115.409358
1780456778,116.019369
1780456778,116.144911
1780456778,116.216525
1780456778,112.322234
1780456778,115.700935
1780456778,116.038872
1780456778,110.323396
1780456778,110.671922
1780456778,116.245055
1780456778,107.924046
1780456778,109.348240
1780456778,112.643904
1780456778,114.607735
1780456778,115.095010
1780456778,112.480583
1780456778,112.217328
1780456778,115.378983
1780456778,118.871367
1780456778,116.407623
1780456778,115.143605
1780456778,118.405390
1780456778,113.123898
1780456778,116.425612
1780456778,112.556312
1780456778,113.590463
1780456778,113.786372
1780456778,118.099670
1780456778,112.514771
1780456778,113.419829
1780456778,113.814945
1780456778,116.918167
1780456778,113.849563
1780456778,117.917996
1780456778,112.754649
1780456778,118.223932
1780456778,112.767975
1780456778,112.771513
1780456778,113.725861
1780456778,113.226661
1780456778,114.086241
1780456778,114.535982
1780456778,114.243558
1780456778,114.240094
1780456778,113.873518
1780456778,117.098639
1780456778,117.248235
1780456778,113.142304
1780456778,113.217859
1780456778,116.342320
1780456778,116.716861
1780456778,116.355374
1780456778,116.615693
1780456778,116.586910
1780456778,116.051511
1780456778,115.164856
1780456778,118.225883
1780456778,111.730795
1780456778,111.375660
1780456778,112.284780
1780456778,112.766125
1780456778,107.388923
1780456778,107.660583
1780456778,107.919259
1780456778,112.136721
1780456778,114.617584
1780456778,114.893613
1780456778,109.401451
1780456778,114.265348
1780456778,116.139695
1780456778,116.364224
1780456778,116.809797
1780456778,115.293314
1780456778,112.896920
1780456778,113.663690
1780456778,114.037482
1780456778,118.028745
1780456778,113.916118
1780456778,119.323209
1780456778,112.478492
1780456778,107.282323
1780456778,113.154444
1780456778,113.749006
1780456778,107.466378
1780456778,115.627640
1780456778,107.840767
1780456778,112.505549
1780456778,111.101987
1780456778,112.751619
1780456778,111.282772
1780456778,109.580949
1780456778,110.579845
1780456778,110.518347
1780456778,114.352176
1780456778,114.437756
1780456778,113.825786
1780456778,111.710599
1780456778,111.961971
1780456778,110.385772
1780456778,110.463602
1780456778,110.681077
1780456778,108.953299
1780456778,115.010567
1780456778,110.130327
1780456778,110.853857
1780456778,110.578630
1780456778,110.262386
1780456778,110.228978
1780456778,110.469593
1780456778,114.613437
1780456778,114.074247
1780456778,114.653370
1780456778,113.518382
1780456778,113.620418
1780456778,113.683195
1780456778,115.096569
1780456778,115.816901
1780456778,110.516150
1780456778,110.599919
1780456778,118.035511
1780456778,115.499633
1780456778,113.800574
1780456778,116.016580
1780456778,119.251608
1780456778,122.182827
1780456778,121.715611
1780456778,122.136034
1780456778,121.887383
1780456778,122.314850
1780456778,122.513458
1780456778,115.394236
1780456778,114.594745
1780456778,119.785611
1780456778,111.707605
1780456778,114.656054
1780456778,107.417504
1780456778,107.671563
1780456778,107.907240
1780456778,107.791458
1780456778,105.600873
1780456778,106.942788
1780456778,106.333740
1780456778,115.721678
1780456778,115.716504
1780456778,115.064094
1780456778,105.192534
1780456778,109.049622
1780456778,109.384751
1780456778,111.030171
1780456778,110.940642
1780456778,111.308095
1780456778,109.869405
1780456778,109.825808
1780456778,106.420660
1780456778,107.352976
1780456778,106.605127
1780456778,107.553436
1780456778,107.307284
1780456778,107.594604
1780456778,108.339408
1780456778,108.635998
1780456778,109.294457
1780456778,113.544338
1780456778,116.377630
1780456778,113.492606
1780456778,117.877790
1780456778,113.737951
1780456778,117.741280
1780456778,118.225865
1780456778,122.784174
1780456778,126.738324
1780456778,112.202901
1780456778,117.966920
1780456778,118.558644
1780456778,112.467802
1780456778,122.987650
1780456778,114.023606
1780456778,112.493347
1780456778,112.694214
1780456778,112.839179
1780456778,122.888443
1780456778,114.587367
1780456778,114.163665
1780456778,115.081699
1780456778,115.269932
1780456778,114.913096
1780456778,105.512963
1780456778,117.598617
1780456778,108.270858
1780456778,105.290918
1780456778,105.178972
1780456778,116.551830
1780456778,105.026388
1780456778,105.209705
1780456778,103.889301
1780456778,103.511216
1780456778,104.504744
1780456778,109.438065
1780456778,107.218676
1780456778,110.885542
1780456778,108.960694
1780456778,105.235263
1780456778,104.821433
1780456778,107.041921
1780456778,109.244465
1780456778,105.056880
1780456778,104.919329
1780456778,106.689954
1780456778,109.583633
1780456778,108.202746
1780456778,108.687828
1780456778,109.558341
1780456778,106.483070
1780456778,110.252231
1780456778,111.369915
1780456778,111.437523
1780456778,111.899661
1780456778,106.696033
1780456778,106.806667
1780456778,111.074035
1780456778,111.036151
1780456778,112.888196
1780456778,108.628008
1780456778,109.442828
1780456778,110.535635
1780456778,109.653265
1780456778,105.722822
1780456778,107.853405
1780456778,105.838364
1780456778,112.566180
1780456778,106.013774
1780456778,108.934791
1780456778,105.863938
1780456778,106.704885
1780456778,106.698082
1780456778,105.610403
1780456778,108.094300
1780456778,108.671348
1780456778,108.670820
1780456778,106.606622
1780456778,104.712104
1780456778,111.450626
1780456778,106.677154
1780456778,103.027372
1780456778,103.635313
1780456778,104.103735
1780456778,103.794277
1780456778,104.443248
1780456778,104.458790
1780456778,107.229262
1780456778,104.220360
1780456778,104.222611
1780456778,104.595540
1780456778,103.326623
1780456778,103.255624
1780456778,103.225474
1780456778,103.497180
1780456778,103.300031
1780456778,103.779675
1780456778,102.807532
1780456778,104.439265
1780456778,104.504745
1780456778,103.796667
1780456778,103.122902
1780456778,104.664053
1780456778,103.255935
1780456778,104.397927
1780456778,103.815365
1780456778,104.182523
1780456778,103.328251
1780456778,103.083010
1780456778,104.482605
1780456778,103.954486
1780456778,103.367948
1780456778,103.911660
1780456778,103.012623
1780456778,104.378451
1780456778,103.179903
1780456778,102.906336
1780456778,102.918700
1780456778,103.032466
1780456778,103.172094
1780456778,103.073385
1780456778,102.867319
1780456778,103.096388
1780456778,103.015241
1780456778,102.491597
1780456778,102.942380
1780456778,102.665785
1780456778,102.990966
1780456778,103.102750
1780456778,103.103852
1780456778,103.268533
1780456778,103.345695
1780456778,106.941250
1780456778,103.249815
1780456778,106.993724
1780456778,102.767782
1780456778,106.612911
1780456778,106.985300
1780456778,104.563635
1780456778,107.044857
1780456778,107.123145
1780456778,103.001142
1780456778,107.337754
1780456778,103.236067
1780456778,103.337743
1780456778,102.916644
1780456778,108.277968
1780456778,107.892848
1780456778,103.885062
1780456778,104.203152
1780456778,103.840487
1780456778,103.558585
1780456778,104.312911
1780456778,104.227748
1780456778,104.546054
1780456778,104.709912
1780456778,104.999814
1780456778,108.799439
1780456778,108.603274
1780456778,107.900973
1780456778,103.446238
1780456778,105.385808
1780456778,108.395928
1780456778,108.277801
1780456778,106.206459
1780456778,107.632611
1780456778,105.200752
1780456778,106.255071
1780456778,105.495703
1780456778,102.762891
1780456778,106.086129
1780456778,103.016040
1780456778,106.513052
1780456778,103.186994
1780456778,103.887740
1780456778,104.970323
1780456778,106.931195
1780456778,104.952803
1780456778,107.748743
1780456778,104.939009
1780456778,104.474617
1780456778,105.159018
1780456778,102.970390
1780456778,104.893980
1780456778,108.003469
1780456778,108.287435
1780456778,108.712541
1780456778,105.157560
1780456778,104.491637
1780456778,104.885644
1780456778,104.849988
1780456778,105.273874
1780456778,108.933963
1780456778,104.186526
1780456778,107.782247
1780456778,108.490555
1780456778,104.556706
1780456778,106.362006
1780456778,106.114184
1780456778,106.284150
1780456778,109.369274
1780456778,106.359872
1780456778,109.823760
1780456778,109.832246
1780456778,106.710156
1780456778,105.353387
1780456778,109.146022
1780456778,111.515300
1780456778,111.009733
1780456778,111.591563
1780456778,112.855086
1780456778,113.707265
1780456778,114.254736
1780456778,116.449030
1780456778,116.761374
1780456778,112.645462
1780456778,105.485289
1780456778,106.630309
1780456778,107.510676
1780456778,107.016973
1780456778,107.169463
1780456778,108.056933
1780456778,107.957114
1780456778,108.648812
1780456778,108.809745
1780456778,108.318064
1780456778,108.993906
1780456778,109.893410
1780456778,114.500017
1780456778,114.157836
1780456778,114.458231
1780456778,114.963123
1780456778,115.399153
1780456778,112.724896
1780456778,116.142802
1780456778,115.711107
1780456778,115.288337
1780456778,115.475596
1780456778,118.248603
1780456778,118.524545
1780456778,117.789307
1780456778,118.486548
1780456778,121.674018
1780456778,124.082530
1780456778,126.385463
1780456778,133.550154
1780456778,128.973562
1780456778,129.777675
1780456778,134.436778
1780456778,135.226266
1780456778,135.421769
1780456778,133.155610
1780456778,126.387481
1780456778,133.389459
1780456778,136.078412
1780456778,137.391537
1780456778,134.206359
1780456778,137.821715
1780456778,138.013118
1780456778,136.563945
1780456778,138.079948
1780456778,121.103523
1780456778,141.774023
1780456778,144.125967
1780456778,142.254910
1780456778,143.795602
1780456778,143.359271
1780456778,143.520658
1780456778,141.583058
1780456778,144.117488
1780456778,142.247134
1780456778,141.052768
1780456778,142.317045
1780456778,134.563111
1780456778,149.910715
1780456778,154.878303
1780456778,155.204661
1780456778,140.611080
1780456778,144.618721
1780456778,152.933106
1780456778,149.130346
1780456778,145.840141
1780456778,149.620173
1780456778,152.428162
1780456778,148.328906
1780456778,149.838340
1780456778,148.675653
1780456778,150.390647
1780456778,149.664275
1780456778,149.996498
1780456778,150.040973
1780456778,153.724486
1780456778,153.291407
1780456778,153.096765
1780456778,151.986104
1780456778,156.357076
1780456778,149.206292
1780456778,156.213753
1780456778,155.866015
1780456778,155.841208
1780456778,148.938767
1780456778,153.154507
1780456778,153.185112
1780456778,154.339844
1780456778,158.103921
1780456778,167.018809
1780456778,169.459272
1780456778,170.540902
1780456778,170.619953
1780456778,171.322865
1780456778,162.001297
1780456778,162.136686
1780456778,160.756031
1780456778,162.470447
1780456778,161.538039
1780456778,163.688675
1780456778,163.403788
1780456778,162.434090
1780456778,165.195174
1780456778,165.287846
1780456778,164.435885
1780456778,164.112676
1780456778,164.009582
1780456778,165.686673
1780456778,166.216619
1780456778,164.812471
1780456778,164.612891
1780456778,166.678052
1780456778,165.932180
1780456778,167.067868
1780456778,164.474737
1780456778,166.610736
1780456778,166.531047
1780456778,167.131772
1780456778,166.717961
1780456778,166.888773
1780456778,167.635545
1780456778,168.380727
1780456778,168.633423
1780456778,168.980876
1780456778,169.050349
1780456778,169.228521
1780456778,169.351634
1780456778,169.431365
1780456778,168.212534
1780456778,152.025800
1780456778,154.820027
1780456778,154.131453
1780456778,150.176825
1780456778,155.165258
1780456778,151.924037
1780456778,155.599870
1780456778,155.873534
1780456778,152.337496
1780456778,152.445865
1780456778,158.478239
1780456778,160.656971
1780456778,158.836193
1780456778,154.223443
1780456778,161.573701
1780456778,153.579066
1780456778,155.309499
1780456778,161.539471
1780456778,161.462000
1780456778,163.087203
1780456778,156.752665
1780456778,164.091117
1780456778,157.449040
1780456778,163.426716
1780456778,158.106556
1780456778,164.068306
1780456778,167.123027
1780456778,165.940467
1780456778,166.401103
1780456778,169.091069
1780456778,162.341978
1780456778,167.251529
1780456778,175.147285
1780456778,168.731375
1780456778,176.443969
1780456778,169.667091
1780456778,169.875007
1780456778,169.217149
1780456778,173.646588
1780456778,169.408393
1780456778,176.793272
1780456778,169.686570
1780456778,169.919997
1780456778,176.747809
1780456778,170.897569
1780456778,170.987357
1780456778,171.504879
1780456778,171.623879
1780456778,181.639406
1780456778,171.506756
1780456778,178.375483
1780456778,174.182170
1780456778,172.092884
1780456778,176.152452
1780456778,175.224839
1780456778,174.646525
1780456778,176.902834
1780456778,179.296486
1780456778,175.119651
1780456778,176.905576
1780456778,175.877252
1780456778,174.170131
1780456778,177.340535
1780456778,176.678398
1780456778,174.721417
1780456778,178.265191
1780456778,173.963498
1780456778,189.362228
1780456778,170.757536
1780456778,178.230676
1780456778,179.045088
1780456778,183.548153
1780456778,178.838328
1780456778,183.912204
1780456778,179.157452
1780456778,184.189460
1780456778,179.760108
1780456778,179.495078
1780456778,178.554608
1780456778,158.762659
1780456778,178.815565
1780456778,183.717557
1780456778,179.397406
1780456778,180.886374
1780456778,179.374972
1780456778,183.431430
1780456778,183.374865
1780456778,181.010432
1780456778,183.700795
1780456778,183.870916
1780456778,189.632121
1780456778,187.453450
1780456778,184.368931
1780456778,189.550238
1780456778,184.562264
1780456778,185.826688
1780456778,189.334498
1780456778,185.978582
1780456778,186.706762
1780456778,191.552247
1780456778,194.389030
1780456778,193.598422
1780456778,195.126876
1780456778,196.482959
1780456778,195.482035
1780456778,192.184506
1780456778,195.735261
1780456778,191.465745
1780456778,199.508070
1780456778,194.893208
1780456778,172.937271
1780456778,174.574544
1780456778,207.469483
1780456778,203.404067
1780456778,204.868209
1780456778,203.551326
1780456778,201.372569
1780456778,206.086966
1780456778,202.612664
1780456778,200.997508
1780456778,193.293177
1780456778,197.398970
1780456778,190.151858
1780456778,191.125806
1780456778,193.112423
1780456778,197.707879
1780456778,193.244033
1780456778,193.617996
1780456778,195.328577
1780456778,193.987069
1780456778,195.452670
1780456778,194.990121
1780456778,194.932526
1780456778,195.206231
1780456778,187.569447
1780456778,197.808939
1780456778,198.171505
1780456778,195.561318
1780456778,196.499148
1780456778,197.787337
1780456778,195.945179
1780456778,198.273707
1780456778,197.094496
1780456778,197.834651
1780456778,196.856078
1780456778,197.773806
1780456778,198.206893
1780456778,199.348333
1780456778,198.276056
1780456778,201.227708
1780456778,201.346590
1780456778,201.627309
1780456778,200.752561
1780456778,203.270704
1780456778,204.069342
1780456778,204.441729
1780456778,204.836877
1780456778,205.599024
1780456778,205.935339
1780456778,185.403006
1780456778,190.603621
1780456778,190.220667
1780456778,190.984533
1780456778,191.478352
1780456778,191.815958
1780456778,194.282799
1780456778,193.964900
1780456778,188.936381
1780456778,187.749013
1780456778,194.514781
1780456778,195.123768
1780456778,195.651133
1780456778,195.843260
1780456778,193.708261
1780456778,190.622731
1780456778,196.777932
1780456778,196.063487
1780456778,193.889105
1780456778,193.964401
1780456778,201.522057
1780456778,203.580689
1780456778,197.742564
1780456778,196.235320
1780456778,202.357015
1780456778,202.897890
1780456778,198.174165
1780456778,200.299869
1780456778,198.641730
1780456778,204.808638
1780456778,199.440264
1780456778,199.008187
1780456778,203.022387
1780456778,202.972368
1780456778,199.079126
1780456778,202.760047
1780456778,199.920461
1780456778,206.169995
1780456778,206.196359
1780456778,200.083028
1780456778,203.436261
1780456778,208.011581
1780456778,209.931761
1780456778,200.562951
1780456778,205.016020
1780456778,207.879612
1780456778,204.830338
1780456778,204.638123
1780456778,205.517087
1780456778,207.522007
1780456778,205.095408
1780456778,201.782770
1780456778,205.882022
1780456778,206.176099
1780456778,203.794955
1780456778,203.901273
1780456778,209.716078
1780456778,206.875694
1780456778,202.948029
1780456778,210.470780
1780456778,207.472157
1780456778,206.181349
1780456778,212.318907
1780456778,209.484752
1780456778,209.440543
1780456778,209.141582
1780456778,213.769647
1780456778,190.068888
1780456778,190.561331
1780456778,190.726535
1780456778,194.801022
1780456778,200.577514
1780456778,188.788324
1780456778,189.018868
1780456778,195.653698
1780456778,193.204488
1780456778,197.236507
1780456778,196.097389
1780456778,195.364104
1780456778,192.457581
1780456778,200.671366
1780456778,194.302611
1780456778,200.216941
1780456778,192.510858
1780456778,189.640579
1780456778,192.974020
1780456778,203.298073
1780456778,201.660488
1780456778,196.277117
1780456778,202.321004
1780456778,196.333765
1780456778,195.390182
1780456778,193.485768
1780456778,195.217766
1780456778,198.176240
1780456778,198.016511
1780456778,198.175270
1780456778,204.972050
1780456778,202.114011
1780456778,192.315142
1780456778,204.161121
1780456778,211.901864
1780456778,200.830337
1780456778,208.070580
1780456778,194.860477
1780456778,212.390251
1780456778,196.992877
1780456778,195.421625
1780456778,206.131340
1780456778,198.152811
1780456778,212.656669
1780456778,201.515725
1780456778,206.945808
1780456778,201.727709
1780456778,213.761331
1780456778,199.408334
1780456778,213.343988
1780456778,203.080473
1780456778,210.002608
1780456778,205.710570
1780456778,202.656531
1780456778,237.905336
1780456778,198.657370
1780456778,239.160879
1780456778,203.416148
1780456778,204.951389
1780456778,199.324011
1780456778,239.442328
1780456778,201.576867
1780456778,237.461755
1780456778,201.012238
1780456778,204.544403
1780456778,202.403432
1780456778,204.845111
1780456778,243.174968
1780456778,222.454964
1780456778,209.480404
1780456778,232.498245
1780456778,210.436965
1780456778,210.618705
1780456778,210.867936
1780456778,206.632777
1780456778,209.976838
1780456778,206.043843
1780456778,206.116117
1780456778,211.759743
1780456778,210.462054
1780456778,211.985334
1780456778,210.203576
1780456778,211.608603
1780456778,211.558155
1780456778,212.172664
1780456778,208.261445
1780456778,211.408710
1780456778,190.772093
1780456778,198.787230
1780456778,192.236960
1780456778,196.467077
1780456778,191.515696
1780456778,199.192596
1780456778,191.324422
1780456778,199.446061
1780456778,194.792332
1780456778,193.525286
1780456778,194.746443
1780456778,195.453371
1780456778,200.031432
1780456778,195.465323
1780456778,199.611628
1780456778,193.765491
1780456778,200.588883
1780456778,189.823751
1780456778,198.676902
1780456778,200.515379
1780456778,203.704957
1780456778,199.437807
1780456778,198.422837
1780456778,201.749133
1780456778,201.971963
1780456778,199.564001
1780456778,207.005689
1780456778,202.240424
1780456778,200.135079
1780456778,200.287995
1780456778,203.896367
1780456778,200.635477
1780456778,201.722144
1780456778,204.930450
1780456778,197.466632
1780456778,205.366473
1780456778,202.426628
1780456778,205.191752
1780456778,198.235936
1780456778,202.683243
1780456778,203.724013
1780456778,202.006135
1780456778,200.081937
1780456778,212.079445
1780456778,212.540165
1780456778,212.710557
1780456778,212.727156
1780456778,203.711870
1780456778,204.251403
1780456778,208.526817
1780456778,203.846108
1780456778,206.586135
1780456778,215.852208
1780456778,203.877941
1780456778,201.555335
1780456778,216.778072
1780456778,206.980831
1780456778,202.958434
1780456778,204.528266
1780456778,212.379927
1780456778,208.119587
1780456778,205.931459
1780456778,206.655633
1780456778,205.754115
1780456778,216.797834
1780456778,209.091206
1780456778,193.927037
1780456778,216.290075
1780456778,216.341859
1780456778,205.447192
1780456778,213.852632
1780456778,216.061902
1780456778,220.191424
1780456778,218.331858
1780456778,214.704395
1780456778,220.413285
1780456778,215.525385
1780456778,222.382026
1780456778,196.107925
1780456778,223.108143
1780456778,215.923804
1780456778,216.708038
1780456778,223.464788
1780456778,224.290278
1780456778,217.369802
1780456778,216.641493
1780456778,223.632648
1780456778,224.767375
1780456778,219.220751
1780456778,217.433160
1780456778,224.567215
1780456778,194.655538
1780456778,218.501944
1780456778,195.514773
1780456778,221.929380
1780456778,198.573703
1780456778,218.491727
1780456778,198.331614
1780456778,225.260265
1780456778,200.686442
1780456778,225.491728
1780456778,199.033753
1780456778,219.442471
1780456778,236.535296
1780456778,238.590761
1780456778,203.410186
1780456778,230.391716
1780456778,200.004074
1780456778,233.141015
1780456778,229.194434
1780456778,232.903276
1780456778,190.502735
1780456778,215.995881
1780456778,219.835009
1780456778,222.157798
1780456778,203.873944
1780456778,227.192139
1780456778,238.694574
1780456778,226.712356
1780456778,200.365040
1780456778,204.509218
1780456778,200.672022
1780456778,197.851086
1780456778,211.253241
1780456778,227.268210
1780456778,213.992303
1780456778,218.494677
1780456778,220.308920
1780456778,201.201579
1780456778,213.940566
1780456778,214.101066
1780456778,214.001037
1780456778,204.907394
1780456778,212.582060
1780456778,227.841577
1780456778,220.786943
1780456778,205.207522
1780456778,217.178097
1780456778,203.218374
1780456778,215.395653
1780456778,217.750908
1780456778,217.980678
1780456778,219.526661
1780456778,227.523783
1780456778,205.020649
1780456778,228.945543
1780456778,228.114314
1780456778,205.525781
1780456778,220.652701
1780456778,215.799648
1780456778,205.652853
1780456778,229.059828
1780456778,224.035585
1780456778,221.611633
1780456778,224.971246
1780456778,206.640723
1780456778,205.621587
1780456778,186.673325
1780456778,222.007363
1780456778,225.440308
1780456778,222.076120
1780456778,206.601914
1780456778,204.759173
1780456778,187.485029
1780456778,207.437218
1780456778,208.341797
1780456778,196.296693
1780456778,207.724100
1780456778,207.838325
1780456778,209.246702
1780456778,206.101984
1780456778,197.703533
1780456778,208.369976
1780456778,206.637461
1780456778,209.436540
1780456778,210.745342
1780456778,207.510447
1780456778,211.911816
1780456778,208.127500
1780456778,212.888868
1780456778,213.880012
1780456778,210.258952
1780456778,213.621696
1780456778,205.193481
1780456778,211.661367
1780456778,211.647638
1780456778,213.335154
1780456778,205.733275
1780456778,209.831489
1780456778,209.779055
1780456778,207.125231
1780456778,214.171222
1780456778,211.802896
1780456778,212.129165
1780456778,208.848273
1780456778,215.776451
1780456778,212.399516
1780456778,215.205507
1780456778,209.302919
1780456778,212.396604
1780456778,216.441503
1780456778,211.128357
1780456778,216.736432
1780456778,212.249359
1780456778,213.704315
1780456778,213.203086
1780456778,215.261653
1780456778,216.673801
1780456778,217.537214
1780456778,215.801212
1780456778,213.779131
1780456778,217.178881
1780456778,215.526031
1780456778,216.186456
1780456778,215.673756
1780456778,214.133165
1780456778,219.276770
1780456778,216.232340
1780456778,215.134850
1780456778,216.753805
1780456778,221.525053
1780456778,215.154679
1780456778,217.009845
1780456778,218.745406
1780456778,211.736432
1780456778,220.427640
1780456778,218.594023
1780456778,218.366976
1780456778,219.330832
1780456778,219.084793
1780456778,221.125122
1780456778,219.681853
1780456778,217.977188
1780456778,223.791912
1780456778,223.512950
1780456778,221.714904
1780456778,224.875939
1780456778,222.804798
1780456778,224.014650
1780456778,220.816728
1780456778,220.089693
1780456778,222.540443
1780456778,226.009906
1780456778,224.919918
1780456778,227.028384
1780456778,221.122416
1780456778,223.190922
1780456778,220.288617
1780456778,226.599699
1780456778,226.274823
1780456778,223.335144
1780456778,228.493048
1780456778,221.140045
1780456778,224.196127
1780456778,222.711380
1780456778,222.581308
1780456778,221.771531
1780456778,223.967391
1780456778,228.492085
1780456778,227.822833
1780456778,221.536308
1780456778,223.160900
1780456778,227.434907
1780456778,224.947124
1780456778,206.658884
1780456778,207.296718
1780456778,206.948044
1780456778,199.459980
1780456778,197.561521
1780456778,209.670550
1780456778,199.710254
1780456778,208.893038
1780456778,208.921002
1780456778,197.049872
1780456778,200.564871
1780456778,201.355921
1780456778,209.538182
1780456778,201.466982
1780456778,210.473162
1780456778,220.765281
1780456778,223.954800
1780456778,197.339519
1780456778,205.853256
1780456778,213.507260
1780456778,215.029919
1780456778,211.462332
1780456778,214.952827
1780456778,208.204757
1780456778,218.206447
1780456778,214.963083
1780456778,208.621659
1780456778,218.818269
1780456778,216.667655
1780456778,209.030679
1780456778,204.517184
1780456778,209.366667
1780456778,207.766436
1780456778,216.052490
1780456778,209.369435
1780456778,216.219607
1780456778,206.755737
1780456778,210.653804
1780456778,209.719293
1780456778,216.872542
1780456778,207.951736
1780456778,218.058864
1780456778,216.847658
1780456778,208.375869
1780456778,211.448311
1780456778,215.327936
1780456778,211.354567
1780456778,211.478615
1780456778,217.878082
1780456778,197.134662
1780456778,218.020627
1780456778,211.728671
1780456778,209.169778
1780456778,218.416088
1780456778,212.325094
1780456778,218.445012
1780456778,208.747431
1780456778,218.218059
1780456778,219.231462
1780456778,219.052309
1780456778,203.378132
1780456778,212.215154
1780456778,210.304257
1780456778,219.079731
1780456778,217.122390
1780456778,219.397391
1780456778,219.384261
1780456778,211.957255
1780456778,210.633514
1780456778,220.111673
1780456778,222.035455
1780456778,215.122177
1780456778,223.016460
1780456778,212.653446
1780456778,213.252750
1780456778,213.051877
1780456778,222.197229
1780456778,223.470066
1780456778,213.262807
1780456778,220.100954
1780456778,220.548236
1780456778,217.279728
1780456778,220.335980
1780456778,217.658840
1780456778,216.857439
1780456778,220.352542
1780456778,292.281429
1780456778,291.139438
1780456778,196.197931
1780456778,205.749657
1780456778,209.157046
1780456778,207.669359
1780456778,206.188001
1780456778,214.589760
1780456778,212.512533
1780456778,214.606080
1780456778,214.720650
1780456778,206.504362
1780456778,217.029220
1780456778,206.604983
1780456778,214.372300
1780456778,209.070084
1780456778,207.905874
1780456778,218.422914
1780456778,208.884198
1780456778,211.713692
1780456778,208.143716
1780456778,219.325613
1780456778,211.932492
1780456778,211.403360
1780456778,199.295843
1780456778,108.517501
1780456778,109.035166
1780456778,110.761617
1780456778,204.178510
1780456778,208.131184
1780456778,209.498387
1780456778,210.488340
1780456778,204.495610
1780456778,200.422643
1780456778,211.126212
1780456778,204.724097
1780456778,182.543722
1780456778,200.921025
1780456778,211.789907
1780456778,213.945903
1780456778,201.058027
1780456778,204.979218
1780456778,202.018703
1780456778,212.889441
1780456778,202.639911
1780456778,206.959916
1780456778,205.594996
1780456778,212.201280
1780456778,214.662192
1780456778,214.608989
1780456778,214.072582
1780456778,208.167333
1780456778,214.920262
1780456778,214.399848
1780456778,209.159539
1780456778,204.004180
1780456778,156.993807
1780456778,214.695787
1780456778,204.459390
1780456778,205.439019
1780456778,213.593528
1780456778,213.386435
1780456778,215.455364
1780456778,214.603030
1780456778,205.176830
1780456778,217.065702
1780456778,223.112126
1780456778,213.114144
1780456778,217.393913
1780456778,186.724971
1780456778,185.126989
1780456778,186.495183
1780456778,185.567102
1780456778,189.971433
1780456778,184.142002
1780456778,190.931074
1780456778,158.109385
1780456778,190.162176
1780456778,191.406884
1780456778,159.199372
1780456778,187.232498
1780456778,160.515619
1780456778,188.085311
1780456778,161.201497
1780456778,192.302067
1780456778,161.926210
1780456778,191.752758
1780456778,162.205341
1780456778,189.809807
1780456778,191.988640
1780456778,192.459838
1780456778,167.204741
1780456778,190.177226
1780456778,165.275145
1780456778,190.250201
1780456778,190.155832
1780456778,192.012542
1780456778,146.083912
1780456778,190.612896
1780456778,190.810459
1780456778,190.599161
1780456778,180.860912
1780456778,190.831257
1780456778,191.654846
1780456778,192.063742
1780456778,147.221963
1780456778,192.866627
1780456778,147.378121
1780456778,192.929310
1780456778,192.503856
1780456778,192.884382
1780456778,181.337203
1780456778,146.986567
1780456778,193.642810
1780456778,194.542611
1780456778,195.542321
1780456778,158.494285
1780456778,195.702601
1780456778,195.646030
1780456778,148.637064
1780456778,195.741682
1780456778,195.662988
1780456778,148.481197
1780456778,196.926291
1780456778,147.111801
1780456778,196.853722
1780456778,148.317625
1780456778,176.891205
1780456778,175.962217
1780456778,177.530474
1780456778,150.734078
1780456778,177.462776
1780456778,150.957592
1780456778,152.650734
1780456778,179.636761
1780456778,149.473454
1780456778,188.679333
1780456778,180.496920
1780456778,180.468723
1780456778,181.475072
1780456778,172.019700
1780456778,182.735184
1780456778,180.507848
1780456778,150.837053
1780456778,182.561782
1780456778,150.692215
1780456778,143.370072
1780456778,151.696153
1780456778,185.620590
1780456778,184.752259
1780456778,172.600965
1780456778,184.846557
1780456778,186.116986
1780456778,153.569013
1780456778,186.765469
1780456778,187.811072
1780456778,183.131700
1780456778,188.246637
1780456778,183.104599
1780456778,167.716256
1780456778,154.597766
1780456778,167.085857
1780456778,155.258600
1780456778,170.145499
1780456778,169.866411
1780456778,156.115218
1780456778,172.381788
1780456778,154.354147
1780456778,174.347581
1780456778,174.811373
1780456778,156.531387
1780456778,178.176737
1780456778,155.675668
1780456778,176.582876
1780456778,156.838658
1780456778,173.908010
1780456778,174.813759
1780456778,174.905777
1780456778,175.010600
1780456778,155.370110
1780456778,145.138570
1780456778,177.557191
1780456778,155.973802
1780456778,156.159608
1780456778,137.654729
1780456778,184.337013
1780456778,138.299489
1780456778,157.356046
1780456778,184.796562
1780456778,138.528927
1780456778,157.609291
1780456778,176.746314
1780456778,139.519278
1780456778,157.833853
1780456778,158.023136
1780456778,158.197674
1780456778,185.355547
1780456778,158.491942
1780456778,140.584608
1780456778,185.693772
1780456778,177.690768
1780456778,185.833919
1780456778,158.859473
1780456778,141.036351
1780456778,159.019244
1780456778,159.236728
1780456778,159.555980
1780456778,159.462709
1780456778,167.370861
1780456778,186.633639
1780456778,215.738723
1780456778,186.061314
1780456778,142.688285
1780456778,145.207163
1780456778,169.328897
1780456778,139.921342
1780456778,143.452234
1780456778,180.510387
1780456778,140.421209
1780456778,145.821604
1780456778,145.560181
1780456778,167.332296
1780456778,144.245456
1780456778,145.849597
1780456778,167.640177
1780456778,139.024835
1780456778,142.347451
1780456778,180.902991
1780456778,170.454266
1780456778,146.629828
1780456778,138.613528
1780456778,143.979433
1780456778,169.050853
1780456778,139.019730
1780456778,147.005796
1780456778,145.165824
1780456778,177.678355
1780456778,140.432964
1780456778,169.661764
1780456778,147.434705
1780456778,180.874462
1780456778,141.381219
1780456778,173.369166
1780456778,145.006955
1780456778,148.417052
1780456778,119.135321
1780456778,125.337271
1780456778,124.816915
1780456778,126.909586
1780456778,149.208286
1780456778,161.338293
1780456778,173.885016
1780456778,127.883133
1780456778,128.516600
1780456778,126.191112
1780456778,146.446504
1780456778,125.378264
1780456778,147.340218
1780456778,161.370946
1780456778,126.843042
1780456778,127.930615
1780456778,181.898733
1780456778,127.078343
1780456778,149.322675
1780456778,127.635491
1780456778,127.845206
1780456778,150.120452
1780456778,182.235423
1780456778,212.950117
1780456778,149.192821
1780456778,147.414746
1780456778,183.134863
1780456778,131.184948
1780456778,129.640172
1780456778,135.356970
1780456778,131.857665
1780456778,165.392263
1780456778,130.743720
1780456778,134.830614
1780456778,129.248657
1780456778,163.373051
1780456778,131.942265
1780456778,200.005038
1780456778,202.881637
1780456778,132.980984
1780456778,201.208816
1780456778,130.693071
1780456778,202.933132
1780456778,202.662624
1780456778,163.098321
1780456778,203.008006
1780456778,135.121808
1780456778,203.199107
1780456778,167.833311
1780456778,201.439000
1780456778,204.156352
1780456778,131.774434
1780456778,202.506196
1780456778,134.693788
1780456778,131.700753
1780456778,204.370527
1780456778,202.321093
1780456778,202.417474
1780456778,203.329113
1780456778,204.431288
1780456778,132.933266
1780456778,207.244110
1780456778,133.955871
1780456778,205.136967
1780456778,136.236054
1780456778,208.300605
1780456778,206.151360
1780456778,205.197950
1780456778,206.716455
1780456778,168.305585
1780456778,208.841046
1780456778,137.419789
1780456778,206.335756
1780456778,140.909122
1780456778,209.406078
1780456778,142.705446
1780456778,209.639908
1780456778,142.934700
1780456778,206.255111
1780456778,206.884416
1780456778,173.638427
1780456778,206.194857
1780456778,143.940286
1780456778,147.896776
1780456778,210.539419
1780456778,140.944713
1780456778,206.509070
1780456778,147.184976
1780456778,210.567320
1780456778,141.397313
1780456778,210.715589
1780456778,207.188028
1780456778,212.934303
1780456778,214.727426
1780456778,168.767882
1780456778,153.075272
1780456778,214.906237
1780456778,153.548329
1780456778,208.076018
1780456778,153.744244
1780456778,155.511276
1780456778,154.737101
1780456778,188.074249
1780456778,154.985212
1780456778,177.752525
1780456778,161.498401
1780456778,142.020436
1780456778,171.648216
1780456778,172.562700
1780456778,151.024976
1780456778,165.268216
1780456778,136.543685
1780456778,167.823580
1780456778,135.976154
1780456778,169.192147
1780456778,145.452631
1780456778,205.581029
1780456778,181.390565
1780456778,116.214735
1780456778,121.231947
1780456778,124.000171
1780456778,121.904656
1780456778,120.013291
1780456778,113.568559
1780456778,118.811781
1780456778,117.212304
1780456778,120.656653
1780456778,119.568711
1780456778,116.805058
1780456778,117.616363
1780456778,118.881048
1780456778,117.529388
1780456778,118.624782
1780456778,120.774551
1780456778,115.757759
1780456778,115.194709
1780456778,117.213583
1780456778,117.479863
1780456778,118.383772
1780456778,119.484228
1780456778,119.890718
1780456778,115.040832
1780456778,118.784072
1780456778,119.173740
1780456778,123.002755
1780456778,170.713100
1780456778,170.930167
1780456778,126.640696
1780456778,123.956274
1780456778,124.679094
1780456778,121.682342
1780456778,127.047113
1780456778,122.079213
1780456778,104.560946
1780456778,105.354209
1780456778,120.841611
1780456778,107.643435
1780456778,107.320857
1780456778,106.746155
1780456778,107.477283
1780456778,103.998117
1780456778,103.241757
1780456778,107.025104
1780456778,107.743552
1780456778,106.888392
1780456778,110.104587
1780456778,107.297037
1780456778,103.369314
1780456778,132.615634
1780456778,128.177815
1780456778,108.580006
1780456778,140.154624
1780456778,120.760110
1780456778,139.668587
1780456778,103.672735
1780456778,107.011493
1780456778,107.159529
1780456778,104.593421
1780456778,107.775044
1780456778,108.331812
1780456778,108.094384
1780456778,138.850742
1780456778,132.254106
1780456778,102.859827
1780456778,103.470630
1780456778,135.842734
1780456778,106.124556
1780456778,105.986023
1780456778,103.613614
1780456778,104.859854
1780456778,132.216898
1780456778,105.500680
1780456778,110.298276
1780456778,109.671420
1780456778,105.432498
1780456778,137.022876
1780456778,138.354330
1780456778,106.982362
1780456778,137.665448
1780456778,131.202117
1780456778,131.207752
1780456778,138.459631
1780456778,105.142830
1780456778,134.461759
1780456778,132.986746
1780456778,107.103511
1780456778,105.540235
1780456778,132.536900
1780456778,129.075194
1780456778,134.077401
1780456778,104.572787
1780456778,135.681464
1780456778,129.079270
1780456778,106.042508
1780456778,142.150734
1780456778,116.918183
1780456778,113.035175
1780456778,131.107844
1780456778,133.894220
1780456778,131.872748
1780456778,131.747960
1780456778,107.983538
1780456778,113.475055
1780456778,133.482735
1780456778,136.553271
1780456778,115.862244
1780456778,137.485381
1780456778,109.534422
1780456778,113.327344
1780456778,112.829386
1780456778,129.384975
1780456778,129.048657
1780456778,130.427941
1780456778,129.279801
1780456778,105.230730
1780456778,130.970739
1780456778,131.677360
1780456778,134.555908
1780456778,142.668245
1780456778,113.138356
1780456778,117.133056
1780456778,117.471531
1780456778,115.855688
1780456778,105.083457
1780456778,117.105135
1780456778,133.630528
1780456778,133.817342
1780456778,135.697496
1780456778,136.093946
1780456778,137.460340
1780456778,105.832428
1780456778,104.494208
1780456778,106.654684
1780456778,106.979690
1780456778,107.626945
1780456778,108.910508
1780456778,105.385833
1780456778,109.048822
1780456778,108.498190
1780456778,106.694354
1780456778,108.619410
1780456778,109.839509
1780456778,134.663699
1780456778,110.724612
1780456778,134.645528
1780456778,134.922763
1780456778,137.898299
1780456778,138.449540
1780456778,113.215397
1780456778,136.045292
1780456778,113.880990
1780456778,111.946368
1780456778,137.293733
1780456778,112.278633
1780456778,113.548422
1780456778,111.257858
1780456778,117.459455
1780456778,142.514251
1780456778,114.010863
1780456778,105.765371
1780456778,117.860362
1780456778,118.162430
1780456778,144.243765
1780456778,114.683386
1780456778,113.669192
1780456778,114.543150
1780456778,114.708601
1780456778,101.836767
1780456778,102.934505
1780456778,102.943950
1780456778,102.595450
1780456778,102.892624
1780456778,102.710687
1780456778,103.377715
1780456778,102.593821
1780456778,102.956871
1780456778,103.979336
1780456778,104.073765
1780456778,102.806389
1780456778,102.587855
1780456778,102.409277
1780456778,102.697925
1780456778,102.463969
1780456778,102.498639
1780456778,102.869526
1780456778,102.581257
1780456778,102.473849
1780456778,102.878568
1780456778,102.779313
1780456778,102.563150
1780456778,102.356282
1780456778,102.557478
1780456778,102.856444
1780456778,102.705992
1780456778,136.546697
1780456778,136.801908
1780456778,136.621062
1780456778,136.668093
1780456778,136.534813
1780456778,133.370082
1780456778,126.596304
1780456778,136.935077
1780456778,126.465343
1780456778,125.610586
1780456778,126.572334
1780456778,125.644940
1780456778,123.672488
1780456778,122.832656
1780456778,123.209466
1780456778,122.436483
1780456778,122.774101
1780456778,121.374958
1780456778,121.540616
1780456778,121.285550
1780456778,120.967355
1780456778,120.689303
1780456778,107.262109
1780456778,150.069624
1780456778,150.741767
1780456778,149.886904
1780456778,149.068211
1780456778,148.859063
1780456778,149.280492
1780456778,149.788136
1780456778,238.379866
1780456778,239.796512
1780456778,236.951859
1780456778,105.181514
1780456778,235.447783
1780456778,105.236183
1780456778,239.945346
1780456778,252.082348
1780456778,106.513455
1780456778,106.477482
1780456778,108.362448
1780456778,107.266620
1780456778,106.769841
1780456778,122.086856
1780456778,254.924150
1780456778,268.076120
1780456778,268.032715
1780456778,266.153491
1780456778,268.570749
1780456778,121.221294
1780456778,121.042744
1780456778,119.125685
1780456778,120.009057
1780456778,122.038940
1780456778,122.076930
1780456778,122.150585
1780456778,266.743510
1780456778,122.250069
1780456778,122.328707
1780456778,267.070281
1780456778,122.731998
1780456778,122.875724
1780456778,268.454416
1780456778,123.037737
1780456778,123.133788
1780456778,123.219289
1780456778,123.047187
1780456778,269.094314
1780456778,255.088967
1780456778,121.455944
1780456778,121.890151
1780456778,269.312631
1780456778,122.018007
1780456778,119.802214
1780456778,121.658922
1780456778,120.513788
1780456778,121.056727
1780456778,257.691932
1780456778,121.814249
1780456778,256.062378
1780456778,122.290598
1780456778,250.664066
1780456778,122.454636
1780456778,121.564878
1780456778,122.414525
1780456778,121.308928
1780456778,122.276622
1780456778,114.923987
1780456778,122.012254
1780456778,122.097255
1780456778,122.630578
1780456778,260.038984
1780456778,122.703853
1780456778,122.286811
1780456778,115.494616
1780456778,122.738452
1780456778,123.328170
1780456778,122.522309
1780456778,124.071770
1780456778,121.794245
1780456778,140.987215
1780456778,283.548336
1780456778,136.733027
1780456778,284.003653
1780456778,137.344541
1780456778,137.151207
1780456778,127.693420
1780456778,134.932346
1780456778,127.582636
1780456778,130.963979
1780456778,137.315827
1780456778,133.851173
1780456778,136.430762
1780456778,133.471180
1780456778,138.043458
1780456778,133.117588
1780456778,135.719992
1780456778,131.575543
1780456778,137.847503
1780456778,132.305254
1780456778,134.463609
1780456778,132.644275
1780456778,136.145257
1780456778,140.045238
1780456778,140.802285
1780456778,140.201148
1780456778,133.212133
1780456778,138.426047
1780456778,141.728080
1780456778,133.398674
1780456778,262.548137
1780456778,140.502229
1780456778,129.546399
1780456778,139.006601
1780456778,133.434812
1780456778,138.714591
1780456778,134.680894
1780456778,140.297371
1780456778,131.017961
1780456778,140.690905
1780456778,135.051170
1780456778,135.813263
1780456778,131.658594
1780456778,132.803876
1780456778,262.607180
1780456778,140.974786
1780456778,135.440565
1780456778,142.427438
1780456778,133.154226
1780456778,141.174519
1780456778,139.342417
1780456778,140.577230
1780456778,138.461275
1780456778,142.650347
1780456778,139.317088
1780456778,140.077373
1780456778,141.242194
1780456778,141.295281
1780456778,140.380291
1780456778,137.323440
1780456778,283.097081
1780456778,138.933726
1780456778,139.974299
1780456778,139.554853
1780456778,140.591128
1780456778,139.090046
1780456778,139.992242
1780456778,139.699097
1780456778,139.958086
1780456778,137.873346
1780456778,140.026007
1780456778,138.024403
1780456778,142.971751
1780456778,289.440128
1780456778,133.889807
1780456778,140.297597
1780456778,140.362067
1780456778,143.172924
1780456778,134.062100
1780456778,140.553059
1780456778,143.196900
1780456778,134.195535
1780456778,269.519918
1780456778,142.996300
1780456778,288.962819
1780456778,130.649999
1780456778,131.804698
1780456778,135.432125
1780456778,150.971174
1780456778,149.334525
1780456778,147.412310
1780456778,147.837507
1780456778,149.892593
1780456778,148.977966
1780456778,138.929558
1780456778,142.938799
1780456778,151.448187
1780456778,145.592355
1780456778,141.759853
1780456778,146.968401
1780456778,145.849830
1780456778,152.555306
1780456778,147.472862
1780456778,297.534861
1780456778,152.079309
1780456778,280.501461
1780456778,151.624013
1780456778,151.800755
1780456778,281.662542
1780456778,148.884986
1780456778,149.675234
1780456778,150.311496
1780456778,147.143684
1780456778,122.462003
1780456778,144.862402
1780456778,301.683314
1780456778,147.050860
1780456778,149.724773
1780456778,145.150902
1780456778,150.015450
1780456778,148.917370
1780456778,151.266701
1780456778,145.374234
1780456778,121.657391
1780456778,153.827137
1780456778,150.368957
1780456778,283.179528
1780456778,150.147552
1780456778,147.337323
1780456778,150.323379
1780456778,152.105787
1780456778,154.537039
1780456778,145.991388
1780456778,146.382196
1780456778,137.091033
1780456778,147.074391
1780456778,284.052121
1780456778,137.253927
1780456778,146.815945
1780456778,124.344669
1780456778,147.328624
1780456778,146.283841
1780456778,147.281894
1780456778,145.535017
1780456778,146.284247
1780456778,147.586138
1780456778,147.422404
1780456778,145.958898
1780456778,148.510044
1780456778,290.950410
1780456778,148.251731
1780456778,149.848217
1780456778,126.770245
1780456778,140.900608
1780456778,138.378586
1780456778,123.510864
1780456778,169.484950
1780456778,169.604828
1780456778,159.263966
1780456778,169.646355
1780456778,167.675060
1780456778,169.979722
1780456778,167.944048
1780456778,170.019334
1780456778,168.227627
1780456778,170.429511
1780456778,168.733288
1780456778,320.236148
1780456778,169.251432
1780456778,302.320066
1780456778,302.552943
1780456778,165.841119
1780456778,170.197112
1780456778,168.381453
1780456778,132.436759
1780456778,166.210464
1780456778,144.378643
1780456778,153.391355
1780456778,133.517821
1780456778,156.334672
1780456778,134.047945
1780456778,134.163438
1780456778,156.667207
1780456778,134.044927
1780456778,154.055568
1780456778,129.394142
1780456778,157.005657
1780456778,133.715494
1780456778,165.602166
1780456778,155.856651
1780456778,130.883380
1780456778,143.649655
1780456778,157.340985
1780456778,153.687184
1780456778,160.113140
1780456778,155.324557
1780456778,157.019511
1780456778,158.889032
1780456778,158.940289
1780456778,159.860141
1780456778,157.358871
1780456778,162.500086
1780456778,158.505171
1780456778,162.054438
1780456778,159.078117
1780456778,159.263878
1780456778,294.569741
1780456778,159.706462
1780456778,290.466610
1780456778,160.219863
1780456778,165.085896
1780456778,159.867325
1780456778,133.246238
1780456778,162.160707
1780456778,134.558714
1780456778,295.791227
1780456778,162.931785
1780456778,134.739767
1780456778,299.289097
1780456778,134.539643
1780456778,159.616378
1780456778,130.958099
1780456778,160.380941
1780456778,133.369181
1780456778,162.792072
1780456778,160.654825
1780456778,133.350086
1780456778,165.822189
1780456778,292.530616
1780456778,295.878690
1780456778,163.012954
1780456778,296.634029
1780456778,166.124873
1780456778,134.955485
1780456778,159.752551
1780456778,138.933545
1780456778,160.078383
1780456778,139.263388
1780456778,164.666385
1780456778,163.546115
1780456778,165.372378
1780456778,163.629890
1780456778,165.320348
1780456778,136.273072
1780456778,172.853718
1780456778,134.833206
1780456778,167.192828
1780456778,295.681032
1780456778,168.056812
1780456778,167.593274
1780456778,168.119394
1780456778,166.878016
1780456778,169.997776
1780456778,160.177129
1780456778,159.601175
1780456778,160.836590
1780456778,160.843981
1780456778,162.260525
1780456778,160.780382
1780456778,165.689254
1780456778,162.434117
1780456778,161.083239
1780456778,138.015959
1780456778,141.374919
1780456778,139.285626
1780456778,144.446517
1780456778,144.505402
1780456778,144.596128
1780456778,143.375497
1780456778,188.742775
1780456778,189.418143
1780456778,189.670621
1780456778,191.521294
1780456778,179.445661
1780456778,318.224350
1780456778,174.882490
1780456778,188.642663
1780456778,175.016928
1780456778,179.032546
1780456778,179.702979
1780456778,179.363511
1780456778,179.614937
1780456778,175.965040
1780456778,178.986672
1780456778,178.064183
1780456778,178.107044
1780456778,176.145585
1780456778,175.337804
1780456778,176.417647
1780456778,175.835734
1780456778,175.385800
1780456778,179.783392
1780456778,176.786134
1780456778,153.691502
1780456778,179.805995
1780456778,176.780940
1780456778,174.462452
1780456778,179.640805
1780456778,176.002263
1780456778,175.429752
1780456778,179.386354
1780456778,175.838761
1780456778,189.716227
1780456778,176.659789
1780456778,180.188344
1780456778,176.928272
1780456778,180.460867
1780456778,189.193171
1780456778,178.834257
1780456778,190.357811
1780456778,178.654142
1780456778,190.531690
1780456778,179.902402
1780456778,154.090138
1780456778,180.200441
1780456778,185.091728
1780456778,155.534234
1780456778,149.385912
1780456778,175.657581
1780456778,181.420747
1780456778,177.536396
1780456778,312.475005
1780456778,155.352335
1780456778,175.285060
1780456778,154.215143
1780456778,155.838415
1780456778,154.287804
1780456778,149.652917
1780456778,166.432634
1780456778,166.534262
1780456778,165.935230
1780456778,175.175998
1780456778,156.034343
1780456778,174.842567
1780456778,175.396058
1780456778,177.174355
1780456778,175.970977
1780456778,103.101983
1780456778,103.067594
1780456778,103.663366
1780456778,104.096660
1780456778,103.726673
1780456778,188.316787
1780456778,186.486658
1780456778,185.669655
1780456778,162.006369
1780456778,104.865918
1780456778,162.754482
1780456778,104.841484
1780456778,165.836577
1780456778,104.029379
1780456778,105.017350
1780456778,105.851601
1780456778,106.198092
1780456778,106.181494
1780456778,106.213521
1780456778,106.097479
1780456778,106.671951
1780456778,106.964955
1780456778,106.708382
1780456778,105.227737
1780456778,107.054331
1780456778,106.481973
1780456778,107.411867
1780456778,104.805572
1780456778,107.310878
1780456778,107.720888
1780456778,107.643766
1780456778,105.999082
1780456778,108.022264
1780456778,108.343128
1780456778,108.252225
1780456778,106.756596
1780456778,109.777999
1780456778,107.720937
1780456778,107.781752
1780456778,107.077137
1780456778,107.233386
1780456778,109.706788
1780456778,110.020227
1780456778,107.967047
1780456778,108.736231
1780456778,110.288476
1780456778,108.052211
1780456778,108.399242
1780456778,108.392373
1780456778,111.601152
1780456778,107.767035
1780456778,111.709458
1780456778,108.304779
1780456778,110.025794
1780456778,108.148997
1780456778,108.198859
1780456778,109.020159
1780456778,110.390107
1780456778,110.226204
1780456778,109.190097
1780456778,110.312142
1780456778,112.693125
1780456778,109.208232
1780456778,112.431457
1780456778,108.159288
1780456778,111.257057
1780456778,111.281459
1780456778,113.521532
1780456778,113.055473
1780456778,111.317109
1780456778,110.340667
1780456778,111.085526
1780456778,113.569007
1780456778,111.217538
1780456778,114.657368
1780456778,112.789526
1780456778,111.392756
1780456778,113.989073
1780456778,111.463824
1780456778,114.191624
1780456778,114.443068
1780456778,114.839272
1780456778,113.029652
1780456778,113.316337
1780456778,111.913067
1780456778,111.172931
1780456778,112.754289
1780456778,112.054982
1780456778,114.672622
1780456778,113.676474
1780456778,114.879483
1780456778,113.930711
1780456778,113.838239
1780456778,111.965534
1780456778,116.451743
1780456778,117.771573
1780456778,116.859213
1780456778,117.490785
1780456778,115.806008
1780456778,116.228369
1780456778,118.245167
1780456778,117.264669
1780456778,118.101304
1780456778,117.108343
1780456778,115.464727
1780456778,116.033015
1780456778,115.592514
1780456778,117.872736
1780456778,117.182945
1780456778,118.367513
1780456778,118.022307
1780456778,118.611953
1780456778,118.821467
1780456778,116.104363
1780456778,118.498398
1780456778,118.951680
1780456778,119.095218
1780456778,118.571962
1780456778,119.100193
1780456778,117.838556
1780456778,120.196205
1780456778,119.282802
1780456778,120.621430
1780456778,118.867437
1780456778,119.129783
1780456778,120.562399
1780456778,120.597757
1780456778,119.780828
1780456778,120.889798
1780456778,121.944553
1780456778,121.168637
1780456778,118.175997
1780456778,119.333762
1780456778,119.947955
1780456778,122.551262
1780456778,120.994633
1780456778,124.659844
1780456778,123.315860
1780456778,120.666317
1780456778,123.442364
1780456778,123.230914
1780456778,123.633120
1780456778,123.828209
1780456778,123.980025
1780456778,125.636902
1780456778,122.835978
1780456778,121.233509
1780456778,124.268922
1780456778,122.674879
1780456778,122.270332
1780456778,126.881259
1780456778,126.451217
1780456778,129.765420
1780456778,129.042843
1780456778,128.797536
1780456778,130.105669
1780456778,130.051794
1780456778,132.717502
1780456778,129.074886
1780456778,130.628493
1780456778,127.713116
1780456778,128.142423
1780456778,130.854953
1780456778,130.628966
1780456778,128.425679
1780456778,128.830651
1780456778,128.751364
1780456778,131.023100
1780456778,125.375633
1780456778,128.740046
1780456778,123.784817
1780456778,130.278066
1780456778,127.122422
1780456778,134.465475
1780456778,131.170572
1780456778,131.266058
1780456778,134.341533
1780456778,130.460668
1780456778,131.978725
1780456778,132.319006
1780456778,130.007239
1780456778,129.733903
1780456778,129.669401
1780456778,129.647578
1780456778,131.003748
1780456778,130.923710
1780456778,124.927566
1780456778,134.171642
1780456778,129.832549
1780456778,131.017299
1780456778,133.130771
1780456778,133.225921
1780456778,138.646588
1780456778,129.575621
1780456778,135.394698
1780456778,135.570097
1780456778,132.363050
1780456778,131.031129
1780456778,133.036565
1780456778,129.345854
1780456778,135.049645
1780456778,134.039684
1780456778,130.815145
1780456778,133.578162
1780456778,133.700402
1780456778,142.948095
1780456778,142.800240
1780456778,142.866179
1780456778,133.502323
1780456778,141.051164
1780456778,141.632810
1780456778,144.653455
1780456778,142.442493
1780456778,143.040459
1780456778,142.956402
1780456778,142.881092
1780456778,143.476482
1780456778,146.934966
1780456778,141.844917
1780456778,137.046700
1780456778,141.141856
1780456778,141.197001
1780456778,137.341648
1780456778,141.183441
1780456778,137.438485
1780456778,141.097643
1780456778,142.168207
1780456778,140.941154
1780456778,149.245454
1780456778,150.009030
1780456778,151.783529
1780456778,147.681703
1780456778,147.347553
1780456778,147.741474
1780456778,147.489426
1780456778,147.581197
1780456778,147.902943
1780456778,140.660299
1780456778,145.418253
1780456778,142.495085
1780456778,146.115430
1780456778,147.752527
1780456778,146.774054
1780456778,147.732900
1780456778,145.781592
1780456778,145.717484
1780456778,145.848604
1780456778,148.057334
1780456778,147.471616
1780456778,148.363507
1780456778,149.732650
1780456778,156.862400
1780456778,151.829403
1780456778,148.892277
1780456778,149.064714
1780456778,149.090964
1780456778,148.688409
1780456778,151.591804
1780456778,151.437027
1780456778,150.357966
1780456778,149.314058
1780456778,154.228974
1780456778,148.904450
1780456778,150.654818
1780456778,155.868769
1780456778,157.001865
1780456778,159.683324
1780456778,154.077274
1780456778,149.084686
1780456778,148.987618
1780456778,150.283385
1780456778,149.938546
1780456778,154.532677
1780456778,151.105494
1780456778,151.939989
1780456778,152.603215
1780456778,150.977697
1780456778,150.973596
1780456778,150.397822
1780456778,152.368769
1780456778,151.690244
1780456778,156.052588
1780456778,157.502451
1780456778,149.248385
1780456778,160.024168
1780456778,150.229948
1780456778,160.532995
1780456778,158.258478
1780456778,156.210643
1780456778,152.487686
1780456778,157.662084
1780456778,157.439637
1780456778,156.533669
1780456778,156.068561
1780456778,157.481553
1780456778,153.643625
1780456778,156.110440
1780456778,158.595758
1780456778,149.894541
1780456778,149.189231
1780456778,157.154169
1780456778,156.690342
1780456778,157.464747
1780456778,155.578098
1780456778,152.759821
1780456778,155.733364
1780456778,157.947937
1780456778,155.979983
1780456778,153.711473
1780456778,149.310432
1780456778,149.539072
1780456778,151.719331
1780456778,152.141568
1780456778,156.094619
1780456778,157.392181
1780456778,150.847292
1780456778,159.798309
1780456778,158.730384
1780456778,157.669779
1780456778,158.014342
1780456778,159.769825
1780456778,157.751720
1780456778,158.388863
1780456778,160.434147
1780456778,159.115168
1780456778,162.019090
1780456778,159.959332
1780456778,164.886695
1780456778,165.801530
1780456778,163.908720
1780456778,166.245262
1780456778,162.404817
1780456778,162.358875
1780456778,167.170209
1780456778,162.315867
1780456778,162.398460
1780456778,162.491390
1780456778,162.453519
1780456778,160.008398
1780456778,161.955743
1780456778,161.952161
1780456778,162.343353
1780456778,159.959328
1780456778,162.482489
1780456778,164.685395
1780456778,159.994551
1780456778,164.840239
1780456778,162.169749
1780456778,162.334287
1780456778,166.285029
1780456778,159.811695
1780456778,162.002801
1780456778,162.193282
1780456778,160.070428
1780456778,160.304248
1780456778,165.863169
1780456778,166.662761
1780456778,159.382212
1780456778,163.833938
1780456778,163.742902
1780456778,168.650175
1780456778,164.221304
1780456778,166.211403
1780456778,165.930423
1780456778,169.276424
1780456778,166.184845
1780456778,167.758070
1780456778,161.857814
1780456778,167.979145
1780456778,167.542080
1780456778,167.652470
1780456778,167.574081
1780456778,167.926678
1780456778,167.866127
1780456778,167.871040
1780456778,167.989607
1780456778,168.151007
1780456778,169.535265
1780456778,165.796089
1780456778,170.683079
1780456778,168.723384
1780456778,172.396955
1780456778,171.157012
1780456778,166.532880
1780456778,173.085746
1780456778,172.951265
1780456778,173.220752
1780456778,173.555664
1780456778,173.435460
1780456778,174.614689
1780456778,173.675291
1780456778,174.589142
1780456778,175.123089
1780456778,174.809617
1780456778,179.720846
1780456778,179.400048
1780456778,178.551761
1780456778,178.680684
1780456778,179.332546
1780456778,181.038437
1780456778,177.248355
1780456778,180.477032
1780456778,182.082871
1780456778,179.738315
1780456778,182.111816
1780456778,180.049964
1780456778,179.223911
1780456778,177.265375
1780456778,180.393137
1780456778,180.610866
1780456778,184.751513
1780456778,183.608339
1780456778,182.120091
1780456778,178.649159
1780456778,183.373040
1780456778,180.183369
1780456778,180.595760
1780456778,184.175430
1780456778,176.870352
1780456778,177.413125
1780456778,185.776811
1780456778,187.872435
1780456778,186.542473
1780456778,184.625084
1780456778,187.057694
1780456778,186.427677
1780456778,187.038675
1780456778,185.430585
1780456778,183.558663
1780456778,185.193050
1780456778,183.575729
1780456778,182.834351
1780456778,180.970048
1780456778,181.099368
1780456778,182.898394
1780456778,183.592629
1780456778,183.253806
1780456778,179.802737
1780456778,174.538298
1780456778,179.687780
1780456778,176.251324
1780456778,175.026019
1780456778,177.373541
1780456778,175.893138
1780456778,177.216800
1780456778,171.913677
1780456778,181.017822
1780456778,164.809888
1780456778,178.940003
1780456778,176.774132
1780456778,177.911737
1780456778,178.103422
1780456778,177.822998
1780456778,181.377526
1780456778,181.104511
1780456778,180.921585
1780456778,178.965031
1780456778,178.992660
1780456778,177.898583
1780456778,182.261345
1780456778,182.893379
1780456778,186.593515
1780456778,186.752548
1780456778,184.229167
1780456778,184.929276
1780456778,182.730565
1780456778,185.320722
1780456778,186.397444
1780456778,186.585894
1780456778,185.110693
1780456778,188.125866
1780456778,184.422798
1780456778,180.769799
1780456778,184.733794
1780456778,184.956211
1780456778,187.284703
1780456778,180.622796
1780456778,182.360920
1780456778,176.675110
1780456778,182.881695
1780456778,175.495552
1780456778,182.967262
1780456778,178.093916
1780456778,144.589449
1780456778,178.607797
1780456778,179.981022
1780456778,181.309954
1780456778,182.105737
1780456778,181.982013
1780456778,146.033604
1780456778,183.222212
1780456778,146.045600
1780456778,183.618447
1780456778,153.584883
1780456778,181.465558
1780456778,163.620791
1780456778,183.786969
1780456778,153.367737
1780456778,185.782151
1780456778,165.988517
1780456778,185.201554
1780456778,164.888164
1780456778,183.120756
1780456778,167.344371
1780456778,183.239771
1780456778,169.671765
1780456778,173.165172
1780456778,181.800815
1780456778,167.484037
1780456778,181.248938
1780456778,181.454090
1780456778,177.312024
1780456778,173.381091
1780456778,177.986225
1780456778,173.548017
1780456778,178.088054
1780456778,172.798326
1780456778,174.258754
1780456778,179.871136
1780456778,185.305947
1780456778,180.050478
1780456778,180.071698
1780456778,178.173123
1780456778,183.208924
1780456778,175.356181
1780456778,182.580431
1780456778,179.225286
1780456778,184.853231
1780456778,180.279165
1780456778,188.198890
1780456778,182.490887
1780456778,191.522052
1780456778,180.517734
1780456778,181.577414
1780456778,177.673259
1780456778,176.853598
1780456778,177.654438
1780456778,185.095697
1780456778,176.087976
1780456778,177.106760
1780456778,177.780328
1780456778,183.809994
1780456778,176.258528
1780456778,185.211160
1780456778,181.142883
1780456778,177.119122
1780456778,181.635209
1780456778,177.595211
1780456778,176.680576
1780456778,188.479447
1780456778,182.846892
1780456778,182.593245
1780456778,178.053561
1780456778,178.173746
1780456778,181.001180
1780456778,188.680278
1780456778,179.172937
1780456778,183.120482
1780456778,182.583517
1780456778,185.995089
1780456778,165.372678
1780456778,165.533844
1780456778,183.918759
1780456778,154.012045
1780456778,165.009700
1780456778,191.373277
1780456778,206.735832
1780456778,194.141994
1780456778,201.807013
1780456778,193.855993
1780456778,202.068490
1780456778,199.333952
1780456778,202.126752
1780456778,203.061294
1780456778,194.221464
1780456778,189.074211
1780456778,192.281214
1780456778,192.633873
1780456778,201.445073
1780456778,187.957033
1780456778,188.103799
1780456778,192.189043
1780456778,187.874648
1780456778,193.386490
1780456778,192.155531
1780456778,195.893233
1780456778,197.494487
1780456778,191.143062
1780456778,191.258227
1780456778,191.102446
1780456778,206.736239
1780456778,191.233322
1780456778,190.777208
1780456778,202.405048
1780456778,194.153945
1780456778,204.931267
1780456778,194.688279
1780456778,205.652966
1780456778,195.708778
1780456778,191.399304
1780456778,203.049810
1780456778,191.403660
1780456778,194.069575
1780456778,194.099902
1780456778,200.586977
1780456778,194.058276
1780456778,191.742448
1780456778,200.640786
1780456778,198.264793
1780456778,198.325225
1780456778,201.330785
1780456778,190.784723
1780456778,194.258872
1780456778,193.944164
1780456778,190.939326
1780456778,193.749846
1780456778,203.265442
1780456778,190.140595
1780456778,194.671261
1780456778,194.550828
1780456778,194.867418
1780456778,169.904396
1780456778,201.185863
1780456778,195.617685
1780456778,190.481231
1780456778,193.711460
1780456778,165.119959
1780456778,185.064417
1780456778,183.784039
1780456778,192.831168
1780456778,171.317030
1780456778,181.563722
1780456778,200.219160
1780456778,187.508148
1780456778,172.700747
1780456778,170.888835
1780456778,199.661877
1780456778,186.473251
1780456778,184.072702
1780456778,164.530574
1780456778,202.149488
1780456778,200.577856
1780456778,163.363298
1780456778,164.518983
1780456778,195.436477
1780456778,195.128928
1780456778,115.785858
1780456778,198.839800
1780456778,194.764255
1780456778,198.479619
1780456778,194.893590
1780456778,208.498844
1780456778,207.564053
1780456778,203.192124
1780456778,205.782656
1780456778,203.149579
1780456778,206.268226
1780456778,206.516372
1780456778,201.969418
1780456778,202.067134
1780456778,198.030557
1780456778,202.197583
1780456778,202.092670
1780456778,209.241555
1780456778,213.626549
1780456778,212.877993
1780456778,200.880632
1780456778,198.090954
1780456778,214.858251
1780456778,213.008557
1780456778,201.045800
1780456778,214.567730
1780456778,210.242439
1780456778,201.161491
1780456778,213.194573
1780456778,215.377188
1780456778,207.872075
1780456778,201.370586
1780456778,211.381159
1780456778,205.663364
1780456778,212.577757
1780456778,215.256551
1780456778,213.147306
1780456778,216.987774
1780456778,209.835670
1780456778,210.091658
1780456778,156.957452
1780456778,208.117628
1780456778,213.237214
1780456778,171.217607
1780456778,217.234685
1780456778,208.611455
1780456778,186.025209
1780456778,213.499069
1780456778,172.544600
1780456778,213.514931
1780456778,185.854024
1780456778,218.188634
1780456778,209.527550
1780456778,176.090730
1780456778,214.103528
1780456778,186.341863
1780456778,198.737353
1780456778,187.907261
1780456778,186.753648
1780456778,201.777517
1780456778,186.584490
1780456778,202.114380
1780456778,186.712044
1780456778,202.402626
1780456778,201.516794
1780456778,186.855827
1780456778,203.153750
1780456778,188.033750
1780456778,205.360592
1780456778,187.441438
1780456778,203.418962
1780456778,205.477116
1780456778,215.556054
1780456778,208.420896
1780456778,205.618920
1780456778,208.739970
1780456778,200.080362
1780456778,170.775931
1780456778,204.538630
1780456778,207.881639
1780456778,179.486628
1780456778,204.947911
1780456778,180.733786
1780456778,186.868881
1780456778,207.934834
1780456778,187.855221
1780456778,200.129703
1780456778,180.790241
1780456778,208.805492
1780456778,205.465645
1780456778,187.820141
1780456778,187.711050
1780456778,205.603509
1780456778,187.939366
1780456778,200.573595
1780456778,188.014918
1780456778,206.176792
1780456778,188.587447
1780456778,206.387403
1780456778,188.124635
1780456778,209.127552
1780456778,188.464902
1780456778,204.126771
1780456778,200.887419
1780456778,188.249762
1780456778,188.685104
1780456778,207.055098
1780456778,205.018886
1780456778,204.710060
1780456778,208.112466
1780456778,188.661651
1780456778,204.950266
1780456778,201.365933
1780456778,209.468426
1780456778,188.778781
1780456778,208.890558
1780456778,203.967315
1780456778,206.132114
1780456778,199.463270
1780456778,206.024465
1780456778,210.318271
1780456778,201.301552
1780456778,211.309963
1780456778,210.213985
1780456778,206.034964
1780456778,210.298619
1780456778,171.712272
1780456778,206.057541
1780456778,209.352436
1780456778,158.787580
1780456778,210.114829
1780456778,207.462478
1780456778,214.552489
1780456778,211.298440
1780456778,180.583726
1780456778,176.709990
1780456778,177.807249
1780456778,174.958467
1780456778,172.620368
1780456778,208.170259
1780456778,210.230290
1780456778,206.160702
1780456778,206.145936
1780456778,207.757812
1780456778,210.853049
1780456778,210.849413
1780456778,210.298555
1780456778,210.391084
1780456778,211.098286
1780456778,208.969495
1780456778,213.594129
1780456778,210.557409
1780456778,211.710831
1780456778,211.532002
1780456778,211.855754
1780456778,206.870031
1780456778,214.776248
1780456778,206.964365
1780456778,211.670342
1780456778,200.985813
1780456778,206.632075
1780456778,211.426974
1780456778,219.443524
1780456778,222.647888
1780456778,219.126092
1780456778,221.775606
1780456778,180.014672
1780456778,214.569649
1780456778,211.055907
1780456778,216.937037
1780456778,213.945082
1780456778,213.487460
1780456778,212.491646
1780456778,218.507294
1780456778,212.163743
1780456778,214.601250
1780456778,216.457717
1780456778,108.595927
1780456778,108.620191
1780456778,221.060205
1780456778,108.692747
1780456778,219.547322
1780456778,108.666957
1780456778,110.170267
1780456778,111.836416
1780456778,110.287148
1780456778,110.135753
1780456778,110.242586
1780456778,109.993720
1780456778,110.183118
1780456778,110.293540
1780456778,109.952810
1780456778,229.626566
1780456778,225.794865
1780456778,218.444826
1780456778,230.899558
1780456778,226.199422
1780456778,202.026736
1780456778,219.105759
1780456778,226.283636
1780456778,229.696341
1780456778,228.701212
1780456778,201.650330
1780456778,201.817889
1780456778,226.323858
1780456778,230.176852
1780456778,225.653861
1780456778,226.320471
1780456778,219.791891
1780456778,219.697703
1780456778,113.366282
1780456778,219.673566
1780456778,113.537000
1780456778,215.155139
1780456778,219.693990
1780456778,113.825863
1780456778,113.886050
1780456778,219.813271
1780456778,215.825481
1780456778,114.139999
1780456778,215.906215
1780456778,114.785737
1780456778,114.261461
1780456778,227.868608
1780456778,232.479666
1780456778,208.699185
1780456778,197.605408
1780456778,208.692905
1780456778,195.416541
1780456778,222.841055
1780456778,221.715576
1780456778,222.090172
1780456778,225.758061
1780456778,120.415578
1780456778,120.200958
1780456778,120.298953
1780456778,179.018370
1780456778,234.036041
1780456778,234.562691
1780456778,234.509412
1780456778,237.145275
1780456778,234.290387
1780456778,236.807181
1780456778,237.153016
1780456778,125.413928
1780456778,125.675048
1780456778,227.730719
1780456778,125.667627
1780456778,233.042727
1780456778,125.188259
1780456778,233.367723
1780456778,233.441236
1780456778,234.647155
1780456778,125.802364
1780456778,233.929230
1780456778,235.686820
1780456778,125.974620
1780456778,231.384407
1780456778,200.009007
1780456778,218.611338
1780456778,219.839576
1780456778,206.030949
1780456778,221.125052
1780456778,203.561013
1780456778,221.199476
1780456778,207.367800
1780456778,224.639277
1780456778,224.673651
1780456778,217.674292
1780456778,229.533123
1780456778,210.230303
1780456778,125.819473
1780456778,208.925893
1780456778,207.657654
1780456778,126.174952
1780456778,155.637738
1780456778,147.891862
1780456778,246.863339
1780456778,246.739510
1780456778,241.557298
1780456778,241.710423
1780456778,241.756294
1780456778,236.890464
1780456778,237.490088
1780456778,240.958977
1780456778,240.709551
1780456778,242.576108
1780456778,241.393365
1780456778,241.717894
1780456778,239.862468
1780456778,239.801896
1780456778,240.213860
1780456778,242.801880
1780456778,242.309181
1780456778,240.051124
1780456778,242.547940
1780456778,242.962505
1780456778,241.061902
1780456778,241.327800
1780456778,234.363046
1780456778,234.349843
1780456778,230.925724
1780456778,241.472913
1780456778,227.478857
1780456778,230.927349
1780456778,228.680012
1780456778,215.202929
1780456778,223.658469
1780456778,207.812397
1780456778,225.188093
1780456778,206.589674
1780456778,226.414819
1780456778,156.741559
1780456778,226.426558
1780456778,241.822200
1780456778,206.622945
1780456778,244.314906
1780456778,244.563350
1780456778,244.638667
1780456778,243.119498
1780456778,243.226223
1780456778,246.495368
1780456778,243.656621
1780456778,227.246592
1780456778,117.019242
1780456778,227.799462
1780456778,227.748846
1780456778,244.520257
1780456778,117.782636
1780456778,216.606422
1780456778,227.886840
1780456778,217.965724
1780456778,216.631223
1780456778,117.912252
1780456778,227.868786
1780456778,241.541648
1780456778,228.311689
1780456778,240.954015
1780456778,118.669761
1780456778,239.382093
1780456778,229.609255
1780456778,238.883850
1780456778,228.315597
1780456778,227.749873
1780456778,213.553344
1780456778,118.836096
1780456778,245.163550
1780456778,241.740005
1780456778,118.755604
1780456778,228.413444
1780456778,248.084630
1780456778,247.356968
1780456778,122.389665
1780456778,241.765545
1780456778,122.097551
1780456778,122.557688
1780456778,122.458608
1780456778,122.189980
1780456778,122.420782
1780456778,122.273552
1780456778,122.498696
1780456778,122.611559
1780456778,122.602152
1780456778,247.860568
1780456778,122.527427
1780456778,122.815342
1780456778,247.992655
1780456778,247.557820
1780456778,122.879325
1780456778,247.915356
1780456778,122.981719
1780456778,248.550918
1780456778,122.408823
1780456778,248.089885
1780456778,122.711291
1780456778,243.556004
1780456778,122.758559
1780456778,245.294807
1780456778,245.370123
1780456778,249.709399
1780456778,249.470079
1780456778,249.337022
1780456778,250.330204
1780456778,246.047216
1780456778,250.689600
1780456778,245.560425
1780456778,250.966826
1780456778,251.170830
1780456778,251.863659
1780456778,251.251188
1780456778,247.202638
1780456778,246.796648
1780456778,252.086824
1780456778,247.408892
1780456778,252.514786
1780456778,247.216569
1780456778,249.343007
1780456778,125.344707
1780456778,252.012805
1780456778,249.612452
1780456778,248.645155
1780456778,255.096779
1780456778,248.886205
1780456778,255.645167
1780456778,249.642359
1780456778,249.885405
1780456778,254.558066
1780456778,256.717002
1780456778,252.909243
1780456778,258.135786
1780456778,251.211155
1780456778,251.061362
1780456778,257.031275
1780456778,238.543449
1780456778,238.950612
1780456778,239.269397
1780456778,238.960521
1780456778,252.568434
1780456778,258.099918
1780456778,239.524860
1780456778,254.892827
1780456778,252.960753
1780456778,255.076166
1780456778,238.598802
1780456778,253.558968
1780456778,256.413240
1780456778,238.781987
1780456778,239.402246
1780456778,256.519559
1780456778,239.196515
1780456778,256.600213
1780456778,251.741044
1780456778,252.516900
1780456778,252.913387
1780456778,255.691327
1780456778,255.561948
1780456778,250.340184
1780456778,257.701618
1780456778,263.079996
1780456778,258.318957
1780456778,263.875573
1780456778,259.534840
1780456778,245.593324
1780456778,245.455548
1780456778,262.997752
1780456778,264.128842
1780456778,245.366168
1780456778,245.438871
1780456778,245.684538
1780456778,245.515075
1780456778,245.646259
1780456778,245.413977
1780456778,262.007272
1780456778,259.301577
1780456778,258.844844
1780456778,259.140749
1780456778,258.989738
1780456778,233.197403
1780456778,262.961721
1780456778,263.251821
1780456778,263.337790
1780456778,245.558922
1780456778,265.058140
1780456778,265.559796
1780456778,261.077657
1780456778,259.988950
1780456778,142.475055
1780456778,263.699389
1780456778,142.380059
1780456778,142.539208
1780456778,142.605198
1780456778,264.339569
1780456778,264.419522
1780456778,265.671814
1780456778,143.064111
1780456778,264.807455
1780456778,140.656855
1780456778,262.211049
1780456778,140.793187
1780456778,249.967260
1780456778,266.327994
1780456778,266.852395
1780456778,250.991260
1780456778,250.658697
1780456778,263.614000
1780456778,267.647534
1780456778,269.229526
1780456778,129.675179
1780456778,129.650133
1780456778,129.665420
1780456778,129.652086
1780456778,129.857274
1780456778,129.925746
1780456778,143.123118
1780456778,142.479577
1780456778,129.959180
1780456778,128.691734
1780456778,142.818787
1780456778,129.772121
1780456778,265.072529
1780456778,124.074614
1780456778,124.442988
1780456778,124.406283
1780456778,124.249082
1780456778,124.410194
1780456778,124.294712
1780456778,143.270140
1780456778,124.498705
1780456778,124.453807
1780456778,143.229864
1780456778,266.116259
1780456778,254.030404
1780456778,254.271830
1780456778,253.878578
1780456778,253.982515
1780456778,253.957598
1780456778,254.098840
1780456778,253.896891
1780456778,118.464413
1780456778,118.046186
1780456778,118.374398
1780456778,118.265442
1780456778,118.432304
1780456778,118.230090
1780456778,270.013517
1780456778,118.112720
1780456778,270.415052
1780456778,118.651370
1780456778,118.561245
1780456778,118.801700
1780456778,119.104422
1780456778,257.312829
1780456778,120.377477
1780456778,120.165645
1780456778,120.349423
1780456778,121.490296
1780456778,121.464286
1780456778,121.059489
1780456778,121.383616
1780456778,258.096138
1780456778,121.441014
1780456778,258.391808
1780456778,121.700981
1780456778,121.776878
1780456778,131.486710
1780456778,131.886642
1780456778,131.899412
1780456778,274.402389
1780456778,127.690858
1780456778,132.137092
1780456778,267.185337
1780456778,151.602032
1780456778,252.072411
1780456778,246.281529
1780456778,246.318600
1780456778,233.180850
1780456778,247.509658
1780456778,125.168171
1780456778,173.264597
1780456778,153.601349
1780456778,153.737480
1780456778,234.083705
1780456778,153.873233
1780456778,154.388958
1780456778,154.382471
1780456778,174.544661
1780456778,175.326323
1780456778,176.512894
1780456778,176.551884
1780456778,157.205514
1780456778,157.294062
1780456778,157.245315
1780456778,176.430481
1780456778,157.362081
1780456778,175.960095
1780456778,176.069747
1780456778,176.204974
1780456778,175.961761
1780456778,177.988575
1780456778,178.300639
1780456778,178.528632
1780456778,179.066906
1780456778,179.349982
1780456778,180.868090
1780456778,181.339302
1780456778,181.203238
1780456778,181.109823
1780456778,181.150076
1780456778,181.275613
1780456778,161.260326
1780456778,181.271391
1780456778,161.318852
1780456778,161.053286
1780456778,181.628931
1780456778,142.439362
1780456778,142.342256
1780456778,162.069822
1780456778,142.459161
1780456778,163.142001
1780456778,142.014483
1780456778,243.615050
1780456778,242.587417
1780456778,279.685814
1780456778,280.111132
1780456778,205.798975
1780456778,140.468236
1780456778,140.877858
1780456778,140.400727
1780456778,140.194121
1780456778,141.371584
1780456778,141.177193
1780456778,140.412508
1780456778,140.551452
1780456778,140.994724
1780456778,140.744044
1780456778,141.081255
1780456778,140.987917
1780456778,140.600720
1780456778,141.051983
1780456778,141.021995
1780456778,140.600691
1780456778,141.239971
1780456778,141.484658
1780456778,141.353120
1780456778,141.576095
1780456778,141.324416
1780456778,140.308116
1780456778,141.431048
1780456778,141.407480
1780456778,140.880985
1780456778,141.472251
1780456778,141.421662
1780456778,141.490632
1780456778,141.473689
1780456778,142.177541
1780456778,142.259171
1780456778,174.733057
1780456778,162.883690
1780456778,162.786412
1780456778,162.775847
1780456778,162.783973
1780456778,211.852349
1780456778,213.309232
1780456778,141.996495
1780456778,212.922357
1780456778,163.123591
1780456778,141.620630
1780456778,141.584749
1780456778,127.528534
1780456778,127.635663
1780456778,127.240074
1780456778,127.662308
1780456778,128.260231
1780456778,142.785032
1780456778,143.111371
1780456778,143.395764
1780456778,144.491431
1780456778,178.327114
1780456778,178.410898
1780456778,178.651619
1780456778,179.072751
1780456778,179.038173
1780456778,145.506124
1780456778,145.424842
1780456778,159.324540
1780456778,159.479025
1780456778,157.522730
1780456778,159.190440
1780456778,215.798382
1780456778,216.549963
1780456778,159.211939
1780456778,216.554531
1780456778,219.738887
1780456778,159.154681
1780456778,219.869582
1780456778,130.861358
1780456778,180.244019
1780456778,180.389970
1780456778,145.512882
1780456778,146.352036
1780456778,145.643038
1780456778,146.311552
1780456778,179.460244
1780456778,146.474705
1780456778,146.526874
1780456778,161.082159
1780456778,147.289297
1780456778,161.072000
1780456778,161.039045
1780456778,147.144415
1780456778,147.321674
1780456778,161.336933
1780456778,147.447780
1780456778,161.215973
1780456778,142.695213
1780456778,161.311972
1780456778,147.472032
1780456778,142.707079
1780456778,122.261691
1780456778,136.533654
1780456778,136.529092
1780456778,137.066895
1780456778,137.733518
1780456778,127.325397
1780456778,127.761399
1780456778,129.818940
1780456778,130.067520
1780456778,128.258864
1780456778,127.397624
1780456778,128.904529
1780456778,127.775226
1780456778,172.477696
1780456778,172.571373
1780456778,172.534354
1780456778,172.658772
1780456778,172.715714
1780456778,172.493997
1780456778,127.005297
1780456778,126.729006
1780456778,127.983474
1780456778,127.173223
1780456778,127.637542
1780456778,129.305771
1780456778,132.121984
1780456778,127.866772
1780456778,134.453096
1780456778,176.863504
1780456778,132.243314
1780456778,176.590019
1780456778,130.703500
1780456778,133.407619
1780456778,135.731719
1780456778,127.875093
1780456778,162.692494
1780456778,162.324355
1780456778,162.480480
1780456778,162.265903
1780456778,137.545207
1780456778,126.969208
1780456778,117.399115
1780456778,124.889078
1780456778,127.316032
1780456778,131.424442
1780456778,122.917726
1780456778,120.367605
1780456778,131.844119
1780456778,129.465606
1780456778,120.701003
1780456778,165.209404
1780456778,165.334378
1780456778,122.074648
1780456778,165.062412
1780456778,161.171646
1780456778,126.796771
1780456778,121.884561
1780456778,129.995268
1780456778,127.860562
1780456778,165.234300
1780456778,131.630462
1780456778,160.792393
1780456778,118.347985
1780456778,125.583985
1780456778,160.974410
1780456778,160.945422
1780456778,123.770289
1780456778,128.679549
1780456778,128.917849
1780456778,161.744446
1780456778,129.083354
1780456778,124.438552
1780456778,126.780751
1780456778,127.278321
1780456778,120.496911
1780456778,120.135891
1780456778,126.431944
1780456778,120.414540
1780456778,126.456519
1780456778,119.431483
1780456778,119.533150
1780456778,118.382281
1780456778,121.649496
1780456778,118.414957
1780456778,122.390032
1780456778,223.774907
1780456778,123.037766
1780456778,122.455250
1780456778,123.043726
1780456778,108.733037
1780456778,136.653349
1780456778,109.708023
1780456778,144.937094
1780456778,224.484140
1780456778,116.173616
1780456778,116.102053
1780456778,224.455356
1780456778,205.278642
1780456778,205.402612
1780456778,145.438428
1780456778,116.432390
1780456778,116.427778
1780456778,205.593367
1780456778,116.563586
1780456778,145.688075
1780456778,156.287236
1780456778,157.248915
1780456778,210.802561
1780456778,112.182229
1780456778,157.252372
1780456778,138.477108
1780456778,157.389379
1780456778,157.851623
1780456778,157.502167
1780456778,113.552811
1780456778,157.973245
1780456778,207.035185
1780456778,208.365886
1780456778,158.434834
1780456778,136.939642
1780456778,144.961669
1780456778,138.980599
1780456778,157.056498
1780456778,158.242106
1780456778,157.817111
1780456778,157.134511
1780456778,158.373316
1780456778,158.756429
1780456778,158.516698
1780456778,158.016527
1780456778,157.701968
1780456778,158.012268
1780456778,158.644503
1780456778,158.207354
1780456778,157.852096
1780456778,159.162987
1780456778,157.964222
1780456778,157.259178
1780456778,158.489702
1780456778,158.841999
1780456778,159.271753
1780456778,158.137838
1780456778,158.630254
1780456778,118.887750
1780456778,158.808965
1780456778,158.389249
1780456778,207.255190
1780456778,157.994815
1780456778,133.611605
1780456778,159.126371
1780456778,132.168037
1780456778,159.079865
1780456778,158.791091
1780456778,119.063418
1780456778,159.140182
1780456778,208.245513
1780456778,159.369221
1780456778,158.078466
1780456778,158.729078
1780456778,133.535925
1780456778,158.192783
1780456778,158.920287
1780456778,158.857746
1780456778,158.359293
1780456778,158.818617
1780456778,158.540769
1780456778,138.082757
1780456778,159.163749
1780456778,158.917726
1780456778,158.803360
1780456778,158.549836
1780456778,116.295486
1780456778,146.152264
1780456778,208.342676
1780456778,137.876761
1780456778,138.354747
1780456778,138.750051
1780456778,159.544915
1780456778,138.834070
1780456778,134.417458
1780456778,208.757804
1780456778,160.040542
1780456778,208.722747
1780456778,134.596542
1780456778,208.630289
1780456778,208.897568
1780456778,142.727650
1780456778,160.171746
1780456778,208.899470
1780456778,134.778300
1780456778,141.361099
1780456778,159.007839
1780456778,141.375202
1780456778,208.938588
1780456778,141.098507
1780456778,209.026749
1780456778,209.315039
1780456778,209.929678
1780456778,209.112772
1780456778,127.675961
1780456778,111.113951
1780456778,109.278146
1780456778,108.989986
1780456778,176.808764
1780456778,109.799686
1780456778,109.795969
1780456778,161.084367
1780456778,230.401232
1780456778,172.240443
1780456778,231.262656
1780456778,172.299623
1780456778,231.379772
1780456778,230.599051
1780456778,230.514495
1780456778,230.454004
1780456778,168.784471
1780456778,163.606440
1780456778,230.604695
1780456778,230.689300
1780456778,170.136316
1780456778,168.866103
1780456778,171.449231
1780456778,153.630007
1780456778,155.637760
1780456778,153.843263
1780456778,155.719779
1780456778,159.665940
1780456778,163.645455
1780456778,155.832373
1780456778,168.078355
1780456778,155.273846
1780456778,166.572146
1780456778,157.269057
1780456778,163.970452
1780456778,159.681867
1780456778,168.183161
1780456778,159.838445
1780456778,182.543036
1780456778,162.527359
1780456778,162.452071
1780456778,158.054082
1780456778,162.652820
1780456778,160.684612
1780456778,162.778691
1780456778,158.154346
1780456778,162.600437
1780456778,158.380173
1780456778,182.708394
1780456778,158.369183
1780456778,158.280391
1780456778,158.202980
1780456778,220.936018
1780456778,221.456288
1780456778,208.253233
1780456778,111.303083
1780456778,110.356011
1780456778,208.214881
1780456778,208.366787
1780456778,236.562124
1780456778,209.956807
1780456778,210.046344
1780456778,210.282606
1780456778,210.254905
1780456778,209.818334
1780456778,209.985121
1780456778,209.897967
1780456778,210.102042
1780456778,167.139137
1780456778,165.367031
1780456778,210.584636
1780456778,210.877272
1780456778,210.556946
1780456778,210.594515
1780456778,211.221793
1780456778,218.162766
1780456778,167.097774
1780456778,148.877720
1780456778,218.513318
1780456778,164.892038
1780456778,164.899904
1780456778,165.047953
1780456778,150.706863
1780456778,218.735433
1780456778,219.402478
1780456778,219.568891
1780456778,220.105211
1780456778,220.067275
1780456778,220.385951
1780456778,152.389727
1780456778,124.428769
1780456778,220.967739
1780456778,220.975789
1780456778,219.620868
1780456778,176.664616
1780456778,221.719544
1780456778,125.885357
1780456778,222.176308
1780456778,222.524336
1780456778,221.310078
1780456778,129.139368
1780456778,211.671923
1780456778,129.107174
1780456778,129.081437
1780456778,217.430129
1780456778,217.929348
1780456778,129.011269
1780456778,218.136527
1780456778,217.677343
1780456778,129.295655
1780456778,211.841084
1780456778,217.778291
1780456778,217.513462
1780456778,181.775989
1780456778,183.423391
1780456778,183.532531
1780456778,184.700446
1780456778,189.499697
1780456778,213.848697
1780456778,183.758423
1780456778,186.157706
1780456779,165.251925
1780456779,176.131175
1780456779,202.141962
1780456779,174.862050
1780456779,160.364597
1780456779,201.777212
1780456779,168.340804
1780456779,166.507744
1780456779,165.605115
1780456779,167.094935
1780456779,165.041322
1780456779,166.817236
1780456779,165.120321
1780456779,165.426862
1780456779,160.805945
1780456779,163.376783
1780456779,171.432709
1780456779,161.414352
1780456779,150.961165
1780456779,154.308330
1780456779,151.126607
1780456779,151.425231
1780456779,151.573848
1780456779,151.687193
1780456779,151.993497
1780456779,152.077161
1780456779,152.181595
1780456779,168.344894
1780456779,172.678356
1780456779,168.198147
1780456779,154.993852
1780456779,154.831281
1780456779,172.558230
1780456779,154.860072
1780456779,120.683171
1780456779,150.609478
1780456779,150.195137
1780456779,148.617821
1780456779,148.547487
1780456779,172.436067
1780456779,168.158408
1780456779,164.366230
1780456779,169.373669
1780456779,164.768911
1780456779,160.669042
1780456779,170.480199
1780456779,150.167623
1780456779,150.029328
1780456779,155.733532
1780456779,146.357256
1780456779,167.186691
1780456779,155.802425
1780456779,167.828709
1780456779,129.565580
1780456779,146.618209
1780456779,168.065817
1780456779,164.070655
1780456779,164.159965
1780456779,156.391697
1780456779,156.184149
1780456779,159.182385
1780456779,164.232776
1780456779,159.503725
1780456779,144.774868
1780456779,146.671148
1780456779,122.836508
1780456779,157.327715
1780456779,159.532091
1780456779,146.882050
1780456779,144.978894
1780456779,135.966017
1780456779,122.581120
1780456779,156.515857
1780456779,177.387092
1780456779,136.651600
1780456779,122.736853
1780456779,138.024068
1780456779,120.934589
1780456779,128.058664
1780456779,145.303430
1780456779,157.284638
1780456779,178.749701
1780456779,138.180589
1780456779,130.123846
1780456779,141.490291
1780456779,204.109789
1780456779,141.452789
1780456779,190.536869
1780456779,123.942218
1780456779,147.113843
1780456779,158.156098
1780456779,160.093537
1780456779,123.376794
1780456779,206.159553
1780456779,133.518089
1780456779,147.442949
1780456779,157.972412
1780456779,207.016175
1780456779,132.510072
1780456779,160.178904
1780456779,158.371022
1780456779,130.452920
1780456779,181.148730
1780456779,147.736117
1780456779,147.676804
1780456779,147.725431
1780456779,130.503444
1780456779,123.170314
1780456779,164.864282
1780456779,130.689251
1780456779,124.305787
1780456779,165.065002
1780456779,123.708476
1780456779,160.525285
1780456779,120.925954
1780456779,124.588458
1780456779,164.990590
1780456779,173.539113
1780456779,160.460743
1780456779,123.447987
1780456779,165.309333
1780456779,124.717804
1780456779,147.595724
1780456779,143.863278
1780456779,165.335100
1780456779,176.102912
1780456779,131.070532
1780456779,126.524524
1780456779,160.483107
1780456779,185.004714
1780456779,208.852140
1780456779,125.213114
1780456779,136.660062
1780456779,165.594280
1780456779,127.990076
1780456779,124.008389
1780456779,124.213929
1780456779,124.084814
1780456779,124.182988
1780456779,124.415402
1780456779,124.322185
1780456779,124.899446
1780456779,124.315465
1780456779,124.402298
1780456779,124.396818
1780456779,126.681294
1780456779,126.689966
1780456779,127.053249
1780456779,126.555672
1780456779,126.542006
1780456779,126.668317
1780456779,163.329940
1780456779,133.699306
1780456779,198.993545
1780456779,160.387803
1780456779,202.121573
1780456779,161.237283
1780456779,203.783871
1780456779,161.043804
1780456779,133.876160
1780456779,211.094591
1780456779,133.942316
1780456779,163.591396
1780456779,134.101701
1780456779,134.179492
1780456779,211.286751
1780456779,134.293703
1780456779,163.863078
1780456779,176.355236
1780456779,211.721801
1780456779,134.511139
1780456779,182.468968
1780456779,164.316322
1780456779,212.818806
1780456779,211.883985
1780456779,192.671275
1780456779,176.681212
1780456779,177.826769
1780456779,177.871311
1780456779,192.788934
1780456779,177.858112
1780456779,129.498590
1780456779,189.772925
1780456779,185.085385
1780456779,193.172414
1780456779,190.960636
1780456779,160.880631
1780456779,193.049815
1780456779,130.461925
1780456779,191.789538
1780456779,188.509984
1780456779,193.187538
1780456779,150.356708
1780456779,193.041983
1780456779,161.036775
1780456779,200.614567
1780456779,193.162440
1780456779,133.793925
1780456779,135.310917
1780456779,133.806251
1780456779,134.017338
1780456779,133.978153
1780456779,131.503082
1780456779,134.072779
1780456779,131.554598
1780456779,134.516377
1780456779,169.822664
1780456779,135.060891
1780456779,134.274786
1780456779,134.699818
1780456779,131.819354
1780456779,169.786787
1780456779,131.783426
1780456779,134.643575
1780456779,170.100184
1780456779,134.466707
1780456779,133.487265
1780456779,134.872583
1780456779,134.326732
1780456779,134.604864
1780456779,133.603133
1780456779,134.608298
1780456779,131.990661
1780456779,134.866859
1780456779,170.387524
1780456779,170.115720
1780456779,170.213927
1780456779,170.123825
1780456779,170.599395
1780456779,167.344122
1780456779,159.007812
1780456779,171.165241
1780456779,164.368607
1780456779,123.110374
1780456779,123.374559
1780456779,165.340068
1780456779,167.603152
1780456779,123.353710
1780456779,169.714062
1780456779,118.390772
1780456779,171.123628
1780456779,123.611757
1780456779,123.567629
1780456779,123.441272
1780456779,123.449445
1780456779,146.433519
1780456779,146.390882
1780456779,173.113505
1780456779,146.406217
1780456779,146.517548
1780456779,191.296462
1780456779,191.334864
1780456779,164.660751
1780456779,185.416739
1780456779,161.780339
1780456779,140.280708
1780456779,161.858283
1780456779,140.114712
1780456779,139.940956
1780456779,156.258837
1780456779,158.377993
1780456779,161.969335
1780456779,160.218047
1780456779,185.675051
1780456779,175.868669
1780456779,140.330170
1780456779,140.403038
1780456779,116.791697
1780456779,160.423428
1780456779,115.699842
1780456779,162.097830
1780456779,144.324131
1780456779,116.747204
1780456779,152.563696
1780456779,144.797300
1780456779,154.135703
1780456779,117.093742
1780456779,157.103491
1780456779,152.644314
1780456779,157.318761
1780456779,167.586953
1780456779,188.045437
1780456779,179.106482
1780456779,141.113883
1780456779,187.701278
1780456779,141.076408
1780456779,187.789958
1780456779,188.051655
1780456779,188.107053
1780456779,177.062948
1780456779,177.123967
1780456779,177.165892
1780456779,176.837929
1780456779,177.061174
1780456779,176.976067
1780456779,179.489314
1780456779,179.582421
1780456779,125.209362
1780456779,125.864817
1780456779,179.602062
1780456779,167.096242
1780456779,165.795460
1780456779,166.695883
1780456779,166.926524
1780456779,166.844043
1780456779,167.026796
1780456779,167.116990
1780456779,125.926400
1780456779,167.149069
1780456779,164.748556
1780456779,177.400359
1780456779,176.628355
1780456779,143.271309
1780456779,176.958969
1780456779,167.112335
1780456779,177.282023
1780456779,125.745571
1780456779,125.487326
1780456779,167.229288
1780456779,165.472387
1780456779,167.105288
1780456779,166.169386
1780456779,167.582692
1780456779,125.502119
1780456779,126.223679
1780456779,165.410045
1780456779,126.188108
1780456779,166.347556
1780456779,126.272877
1780456779,127.373438
1780456779,145.232251
1780456779,145.235710
1780456779,119.419247
1780456779,145.370878
1780456779,119.580290
1780456779,119.071591
1780456779,119.066838
1780456779,119.009582
1780456779,119.609797
1780456779,119.741675
1780456779,132.049656
1780456779,126.462763
1780456779,127.339537
1780456779,146.013322
1780456779,145.992540
1780456779,150.459073
1780456779,118.373719
1780456779,150.589359
1780456779,145.680359
1780456779,146.029672
1780456779,145.882961
1780456779,145.514255
1780456779,119.705625
1780456779,146.149639
1780456779,146.110285
1780456779,145.740641
1780456779,120.019391
1780456779,145.225628
1780456779,146.128506
1780456779,120.009551
1780456779,118.605663
1780456779,145.427092
1780456779,119.107596
1780456779,145.805451
1780456779,145.403584
1780456779,145.733088
1780456779,144.634605
1780456779,119.881366
1780456779,134.886543
1780456779,135.031444
1780456779,135.049187
1780456779,135.144924
1780456779,135.224553
1780456779,123.463311
1780456779,133.727771
1780456779,133.715657
1780456779,133.800900
1780456779,134.360723
1780456779,134.292107
1780456779,134.381998
1780456779,134.370000
1780456779,116.588090
1780456779,134.673820
1780456779,133.999655
1780456779,134.079510
1780456779,173.474210
1780456779,175.705238
1780456779,175.877249
1780456779,175.773206
1780456779,134.244131
1780456779,179.487215
1780456779,175.792632
1780456779,117.739542
1780456779,134.415405
1780456779,117.765271
1780456779,117.868176
1780456779,176.191749
1780456779,135.471321
1780456779,135.523769
1780456779,134.685161
1780456779,135.537612
1780456779,178.607832
1780456779,134.563776
1780456779,135.399764
1780456779,135.514354
1780456779,135.474497
1780456779,135.512285
1780456779,134.811510
1780456779,176.192218
1780456779,134.610034
1780456779,174.214256
1780456779,174.376088
1780456779,174.853215
1780456779,176.519527
1780456779,176.665214
1780456779,131.820061
1780456779,156.485541
1780456779,120.998697
1780456779,129.401302
1780456779,130.128276
1780456779,130.001722
1780456779,129.320510
1780456779,130.826086
1780456779,129.530699
1780456779,130.937165
1780456779,130.641407
1780456779,130.936659
1780456779,118.335198
1780456779,141.112023
1780456779,141.089640
1780456779,158.548168
1780456779,141.317634
1780456779,158.911138
1780456779,158.957379
1780456779,159.076630
1780456779,157.251818
1780456779,141.042482
1780456779,133.233606
1780456779,159.205899
1780456779,141.378940
1780456779,156.990636
1780456779,156.934032
1780456779,157.288438
1780456779,157.211376
1780456779,125.173296
1780456779,121.903952
1780456779,161.530795
1780456779,117.948205
1780456779,161.643674
1780456779,161.806700
1780456779,117.795630
1780456779,121.924405
1780456779,117.924625
1780456779,162.187069
1780456779,118.257730
1780456779,160.036280
1780456779,160.859958
1780456779,161.326872
1780456779,136.065727
1780456779,131.937281
1780456779,113.455114
1780456779,113.834020
1780456779,162.713857
1780456779,162.104793
1780456779,163.201552
1780456779,163.442819
1780456779,163.632874
1780456779,163.595189
1780456779,163.859163
1780456779,164.280744
1780456779,164.002556
1780456779,164.362621
1780456779,164.695571
1780456779,165.294394
1780456779,167.331581
1780456779,122.606318
1780456779,167.155129
1780456779,167.147446
1780456779,167.306068
1780456779,166.835442
1780456779,167.298725
1780456779,167.075664
1780456779,167.522519
1780456779,166.969028
1780456779,149.467385
1780456779,149.697667
1780456779,166.504007
1780456779,166.067216
1780456779,165.996583
1780456779,167.379481
1780456779,166.448650
1780456779,165.847644
1780456779,164.861288
1780456779,167.527930
1780456779,167.527818
1780456779,167.480494
1780456779,163.596093
1780456779,143.286666
1780456779,143.805964
1780456779,143.465383
1780456779,143.250514
1780456779,145.365291
1780456779,143.388302
1780456779,145.726616
1780456779,145.321493
1780456779,145.800374
1780456779,145.361956
1780456779,145.334142
1780456779,145.484734
1780456779,145.347936
1780456779,145.347528
1780456779,170.087038
1780456779,153.655075
1780456779,145.572161
1780456779,145.891962
1780456779,153.852996
1780456779,153.622363
1780456779,154.268399
1780456779,153.957180
1780456779,153.533989
1780456779,145.404207
1780456779,153.981530
1780456779,153.391610
1780456779,154.119243
1780456779,154.038176
1780456779,153.875778
1780456779,154.021980
1780456779,146.161194
1780456779,170.130342
1780456779,153.982920
1780456779,170.452766
1780456779,145.417181
1780456779,143.996162
1780456779,146.076871
1780456779,146.802510
1780456779,172.334641
1780456779,172.564010
1780456779,173.939327
1780456779,162.312053
1780456779,148.600721
1780456779,151.141415
1780456779,151.161050
1780456779,151.702103
1780456779,151.310464
1780456779,163.135450
1780456779,163.483119
1780456779,163.257576
1780456779,163.626229
1780456779,160.734990
1780456779,177.235235
1780456779,177.169975
1780456779,160.737621
1780456779,156.048135
1780456779,160.727377
1780456779,156.174746
1780456779,177.108087
1780456779,152.485259
1780456779,156.242379
1780456779,151.880021
1780456779,161.245272
1780456779,156.257764
1780456779,151.747307
1780456779,156.274507
1780456779,156.318417
1780456779,152.653506
1780456779,156.632306
1780456779,152.970672
1780456779,151.870269
1780456779,152.268810
1780456779,152.269532
1780456779,153.757713
1780456779,152.380144
1780456779,154.436089
1780456779,152.792786
1780456779,153.399916
1780456779,153.346788
1780456779,154.769178
1780456779,152.930330
1780456779,154.137326
1780456779,152.786866
1780456779,154.112841
1780456779,155.566105
1780456779,154.426648
1780456779,154.365064
1780456779,154.649753
1780456779,153.988794
1780456779,154.178667
1780456779,153.172217
1780456779,154.410992
1780456779,153.474861
1780456779,154.487188
1780456779,146.898596
1780456779,156.195421
1780456779,157.175491
1780456779,156.209763
1780456779,157.333338
1780456779,151.631226
1780456779,158.518956
1780456779,150.072638
1780456779,158.701833
1780456779,159.366735
1780456779,159.129076
1780456779,159.700717
1780456779,161.795082
1780456779,161.087979
1780456779,159.480019
1780456779,161.260490
1780456779,161.345327
1780456779,159.525788
1780456779,160.810320
1780456779,159.789817
1780456779,160.135954
1780456779,160.732846
1780456779,159.623613
1780456779,159.315732
1780456779,160.841060
1780456779,160.714575
1780456779,160.693242
1780456779,159.673655
1780456779,161.426311
1780456779,161.722818
1780456779,160.887372
1780456779,160.613454
1780456779,161.694372
1780456779,153.702782
1780456779,153.894972
1780456779,164.483976
1780456779,154.764606
1780456779,163.259126
1780456779,164.328468
1780456779,164.426528
1780456779,163.992652
1780456779,164.514984
1780456779,155.101313
1780456779,155.077531
1780456779,164.402780
1780456779,164.055658
1780456779,164.006846
1780456779,155.424229
1780456779,166.050219
1780456779,156.579930
1780456779,138.239853
1780456779,160.023053
1780456779,159.065490
1780456779,159.056535
1780456779,159.069335
1780456779,157.662533
1780456779,159.049051
1780456779,154.208229
1780456779,158.944109
1780456779,149.988836
1780456779,157.668934
1780456779,150.091381
1780456779,150.084324
1780456779,154.317172
1780456779,154.471285
1780456779,138.966587
1780456779,160.606269
1780456779,169.357547
1780456779,155.381018
1780456779,153.251348
1780456779,153.242955
1780456779,153.442438
1780456779,164.742279
1780456779,164.909377
1780456779,140.442570
1780456779,153.630670
1780456779,165.070851
1780456779,140.632290
1780456779,165.148401
1780456779,167.674960
1780456779,167.991933
1780456779,164.917341
1780456779,168.151272
1780456779,160.829341
1780456779,161.629998
1780456779,161.703397
1780456779,161.624572
1780456779,152.578564
1780456779,169.195300
1780456779,152.978077
1780456779,160.910587
1780456779,161.073024
1780456779,171.815435
1780456779,162.437688
1780456779,149.300481
1780456779,162.238428
1780456779,149.552699
1780456779,149.509839
1780456779,149.507234
1780456779,149.333218
1780456779,156.871236
1780456779,162.545638
1780456779,155.919020
1780456779,144.466666
1780456779,160.117432
1780456779,145.213482
1780456779,144.989513
1780456779,145.798719
1780456779,160.849783
1780456779,145.648685
1780456779,157.061667
1780456779,145.875879
1780456779,146.351261
1780456779,146.340050
1780456779,157.331221
1780456779,146.582791
1780456779,157.687605
1780456779,146.668235
1780456779,157.909875
1780456779,146.602672
1780456779,158.177902
1780456779,147.193541
1780456779,147.606964
1780456779,161.378642
1780456779,161.189502
1780456779,161.429947
1780456779,153.915593
1780456779,160.249820
1780456779,154.008427
1780456779,160.286630
1780456779,172.881432
1780456779,173.097930
1780456779,160.395598
1780456779,148.803728
1780456779,172.846419
1780456779,175.684924
1780456779,161.623392
1780456779,161.638339
1780456779,173.000889
1780456779,152.879963
1780456779,161.742556
1780456779,161.677038
1780456779,148.958101
1780456779,148.849537
1780456779,148.593265
1780456779,149.303142
1780456779,148.849603
1780456779,149.306369
1780456779,149.277965
1780456779,141.897170
1780456779,150.001397
1780456779,136.736287
1780456779,149.818782
1780456779,142.468132
1780456779,142.485364
1780456779,142.725121
1780456779,149.705417
1780456779,142.787596
1780456779,143.136442
1780456779,150.513272
1780456779,143.243380
1780456779,150.249347
1780456779,143.590087
1780456779,149.653868
1780456779,144.165802
1780456779,144.116331
1780456779,141.790743
1780456779,144.819187
1780456779,145.007254
1780456779,144.905645
1780456779,145.007183
1780456779,145.620581
1780456779,145.733119
1780456779,145.528214
1780456779,145.819476
1780456779,144.491243
1780456779,153.574099
1780456779,141.777031
1780456779,142.995411
1780456779,139.762893
1780456779,141.647531
1780456779,142.675749
1780456779,138.464417
1780456779,133.793488
1780456779,138.566503
1780456779,155.678688
1780456779,138.790700
1780456779,138.926261
1780456779,140.441406
1780456779,141.702801
1780456779,141.071563
1780456779,140.103453
1780456779,155.388752
1780456779,155.507557
1780456779,153.671830
1780456779,162.375643
1780456779,151.466980
1780456779,155.624074
1780456779,155.449812
1780456779,163.477484
1780456779,163.415088
1780456779,168.315975
1780456779,162.233855
1780456779,153.869997
1780456779,145.078770
1780456779,145.520587
1780456779,145.155400
1780456779,151.685792
1780456779,154.041678
1780456779,163.271480
1780456779,163.677392
1780456779,151.872774
1780456779,155.878914
1780456779,151.940434
1780456779,151.885846
1780456779,151.866277
1780456779,145.418582
1780456779,157.568973
1780456779,145.713029
1780456779,145.756837
1780456779,156.042088
1780456779,145.957473
1780456779,150.940364
1780456779,146.302349
1780456779,142.203420
1780456779,146.147994
1780456779,139.612018
1780456779,157.671598
1780456779,147.786723
1780456779,143.627231
1780456779,142.673266
1780456779,148.277621
1780456779,147.722191
1780456779,148.675868
1780456779,148.906134
1780456779,138.743819
1780456779,140.317521
1780456779,149.721793
1780456779,136.042979
1780456779,139.234887
1780456779,149.889829
1780456779,149.303110
1780456779,143.290074
1780456779,140.873653
1780456779,149.571306
1780456779,149.626892
1780456779,149.573480
1780456779,143.641484
1780456779,134.817243
1780456779,149.819963
1780456779,150.339379
1780456779,149.938263
1780456779,140.372414
1780456779,150.171117
1780456779,150.237226
1780456779,144.378391
1780456779,151.439859
1780456779,139.698320
1780456779,150.687800
1780456779,139.938836
1780456779,143.901286
1780456779,139.991772
1780456779,136.800295
1780456779,139.390347
1780456779,152.222120
1780456779,144.455892
1780456779,140.659264
1780456779,145.583016
1780456779,140.900923
1780456779,152.560982
1780456779,152.483488
1780456779,137.814383
1780456779,134.704257
1780456779,135.518239
1780456779,142.679809
1780456779,166.756109
1780456779,130.520689
1780456779,166.884523
1780456779,154.189445
1780456779,136.733154
1780456779,134.567247
1780456779,143.035121
1780456779,143.029363
1780456779,131.919982
1780456779,138.310818
1780456779,132.078144
1780456779,138.101494
1780456779,145.089511
1780456779,156.621291
1780456779,138.337069
1780456779,141.493345
1780456779,139.376760
1780456779,139.496758
1780456779,136.332819
1780456779,143.986825
1780456779,163.877301
1780456779,154.411912
1780456779,157.353002
1780456779,147.392860
1780456779,157.209384
1780456779,130.714029
1780456779,145.942399
1780456779,168.031000
1780456779,133.721637
1780456779,146.101992
1780456779,158.029996
1780456779,164.147644
1780456779,146.189472
1780456779,169.126254
1780456779,156.018589
1780456779,139.491724
1780456779,168.392627
1780456779,138.393949
1780456779,158.339667
1780456779,140.245961
1780456779,140.263405
1780456779,160.578147
1780456779,160.590222
1780456779,157.550771
1780456779,160.405728
1780456779,142.702912
1780456779,142.947485
1780456779,142.949453
1780456779,161.229783
1780456779,161.390408
1780456779,143.232615
1780456779,143.331242
1780456779,139.420129
1780456779,141.169015
1780456779,165.067426
1780456779,165.176805
1780456779,144.865037
1780456779,163.255830
1780456779,143.362974
1780456779,160.336547
1780456779,154.472814
1780456779,140.878635
1780456779,161.626281
1780456779,167.311125
1780456779,167.364850
1780456779,163.743108
1780456779,152.227931
1780456779,144.204756
1780456779,152.438780
1780456779,145.459712
1780456779,146.251550
1780456779,152.578681
1780456779,145.590362
1780456779,145.289571
1780456779,146.382336
1780456779,148.187595
1780456779,153.074387
1780456779,153.132475
1780456779,147.410555
1780456779,144.622010
1780456779,147.999300
1780456779,147.971963
1780456779,146.913375
1780456779,134.085134
1780456779,135.246270
1780456779,170.803600
1780456779,170.285012
1780456779,170.975692
1780456779,171.028040
1780456779,170.998513
1780456779,150.137167
1780456779,140.127726
1780456779,143.586879
1780456779,149.791501
1780456779,147.463711
1780456779,132.348742
1780456779,133.508588
1780456779,135.938110
1780456779,137.077047
1780456779,137.110576
1780456779,138.287004
1780456779,138.364988
1780456779,139.766325
1780456779,149.610789
1780456779,145.427563
1780456779,146.345961
1780456779,146.983539
1780456779,149.113164
1780456779,145.652945
1780456779,149.384517
1780456779,149.473214
1780456779,147.647392
1780456779,140.586544
1780456779,155.287453
1780456779,140.752934
1780456779,155.405184
1780456779,155.015291
1780456779,147.890940
1780456779,155.276910
1780456779,155.338107
1780456779,155.193797
1780456779,155.373912
1780456779,155.368344
1780456779,155.363994
1780456779,155.679400
1780456779,155.857000
1780456779,155.810443
1780456779,155.852767
1780456779,155.933378
1780456779,155.959719
1780456779,147.001909
1780456779,147.074256
1780456779,141.355521
1780456779,141.421662
1780456779,141.456873
1780456779,160.437150
1780456779,160.923045
1780456779,160.913324
1780456779,149.661602
1780456779,150.175314
1780456779,147.847381
1780456779,149.180205
1780456779,152.112995
1780456779,134.178841
1780456779,134.286340
1780456779,134.082967
1780456779,134.482508
1780456779,134.316599
1780456779,154.781926
1780456779,154.838707
1780456779,133.139000
1780456779,133.121872
1780456779,133.171089
1780456779,133.242133
1780456779,134.396595
1780456779,156.588957
1780456779,156.665002
1780456779,157.831520
1780456779,134.563930
1780456779,158.422295
1780456779,158.810272
1780456779,158.818698
1780456779,135.169300
1780456779,135.236599
1780456779,135.158003
1780456779,146.328487
1780456779,150.918303
1780456779,135.053761
1780456779,135.129275
1780456779,150.954936
1780456779,135.309145
1780456779,154.696002
1780456779,135.303102
1780456779,154.796715
1780456779,155.779098
1780456779,155.928077
1780456779,156.393707
1780456779,156.464063
1780456779,178.684811
1780456779,178.991995
1780456779,153.208707
1780456779,144.835387
1780456779,152.484569
1780456779,180.670853
1780456779,139.777111
1780456779,139.915449
1780456779,139.978491
1780456779,151.079731
1780456779,140.389282
1780456779,140.031804
1780456779,152.809858
1780456779,151.935047
1780456779,181.062781
1780456779,166.930805
1780456779,156.929721
1780456779,191.835105
1780456779,148.148773
1780456779,155.839567
1780456779,191.777880
1780456779,191.852936
1780456779,192.004174
1780456779,155.970726
1780456779,172.598936
1780456779,173.595562
1780456779,173.692199
1780456779,172.176051
1780456779,168.381431
1780456779,139.498394
1780456779,139.592034
1780456779,172.445633
1780456779,158.466493
1780456779,139.768396
1780456779,139.917325
1780456779,158.621471
1780456779,139.890107
1780456779,140.000610
1780456779,140.004335
1780456779,135.708735
1780456779,138.159599
1780456779,165.550969
1780456779,173.023331
1780456779,173.128127
1780456779,137.181951
1780456779,173.328293
1780456779,140.425434
1780456779,138.442566
1780456779,140.304164
1780456779,140.210700
1780456779,140.394915
1780456779,158.972565
1780456779,138.600060
1780456779,172.126762
1780456779,170.895004
1780456779,170.945304
1780456779,147.191342
1780456779,157.006306
1780456779,169.087261
1780456779,170.221334
1780456779,170.294834
1780456779,157.461130
1780456779,139.367610
1780456779,139.385099
1780456779,139.530351
1780456779,137.487256
1780456779,137.458627
1780456779,155.989889
1780456779,156.063813
1780456779,137.877356
1780456779,156.234018
1780456779,138.663615
1780456779,157.416581
1780456779,138.189208
1780456779,157.659184
1780456779,138.345923
1780456779,157.816197
1780456779,138.523836
1780456779,167.739846
1780456779,157.874411
1780456779,142.499312
1780456779,142.300928
1780456779,142.508954
1780456779,142.680594
1780456779,142.680498
1780456779,163.113161
1780456779,162.969711
1780456779,152.546941
1780456779,124.230166
1780456779,126.534198
1780456779,127.105266
1780456779,127.145955
1780456779,128.400297
1780456779,127.182682
1780456779,159.224112
1780456779,159.828353
1780456779,159.911148
1780456779,160.155810
1780456779,129.331396
1780456779,160.054627
1780456779,159.921422
1780456779,160.037813
1780456779,124.343477
1780456779,124.105719
1780456779,130.185756
1780456779,124.470033
1780456779,133.144290
1780456779,136.522051
1780456779,125.805085
1780456779,133.285577
1780456779,129.107640
1780456779,132.053222
1780456779,133.240578
1780456779,125.970342
1780456779,132.170344
1780456779,172.807899
1780456779,172.956673
1780456779,173.032661
1780456779,171.854567
1780456779,172.964666
1780456779,173.012462
1780456779,173.103690
1780456779,134.886029
1780456779,134.976165
1780456779,173.305211
1780456779,153.693855
1780456779,134.830571
1780456779,134.903790
1780456779,135.077827
1780456779,135.068806
1780456779,153.982940
1780456779,135.139367
1780456779,127.909360
1780456779,129.952702
1780456779,130.388925
1780456779,130.664121
1780456779,135.473275
1780456779,135.317593
1780456779,135.376209
1780456779,135.503541
1780456779,149.215885
1780456779,129.629257
1780456779,132.460932
1780456779,151.535580
1780456779,150.113335
1780456779,172.310485
1780456779,173.849264
1780456779,139.672510
1780456779,176.665539
1780456779,160.339872
1780456779,157.930895
1780456779,158.332316
1780456779,161.281923
1780456779,160.227206
1780456779,159.771868
1780456779,160.261754
1780456779,160.161204
1780456779,159.986112
1780456779,160.541626
1780456779,160.236009
1780456779,154.788427
1780456779,165.502646
1780456779,133.558959
1780456779,133.908513
1780456779,166.692091
1780456779,166.941708
1780456779,167.803297
1780456779,166.522769
1780456779,158.415706
1780456779,118.082983
1780456779,155.786543
1780456779,138.295026
1780456779,138.627475
1780456779,138.317474
1780456779,156.039910
1780456779,156.038698
1780456779,139.167115
1780456779,155.477910
1780456779,155.564721
1780456779,138.799938
1780456779,154.528723
1780456779,152.030590
1780456779,152.218000
1780456779,152.753602
1780456779,144.938078
1780456779,152.892776
1780456779,145.069250
1780456779,153.104481
1780456779,148.932965
1780456779,148.520447
1780456779,148.673050
1780456779,151.526689
1780456779,148.821723
1780456779,144.404024
1780456779,144.228853
1780456779,152.063939
1780456779,145.430547
1780456779,153.431571
1780456779,153.383934
1780456779,145.566688
1780456779,168.089145
1780456779,152.291525
1780456779,152.246703
1780456779,153.525146
1780456779,144.805210
1780456779,150.381167
1780456779,157.793087
1780456779,157.825488
1780456779,141.215105
1780456779,169.372520
1780456779,145.922776
1780456779,169.407122
1780456779,146.073345
1780456779,140.536157
1780456779,140.496837
1780456779,141.986425
1780456779,141.141514
1780456779,150.315348
1780456779,141.279896
1780456779,141.428877
1780456779,112.715609
1780456779,164.046140
1780456779,164.112114
1780456779,117.586409
1780456779,117.985789
1780456779,115.043495
1780456779,142.705334
1780456779,118.523477
1780456779,143.697625
1780456779,143.865267
1780456779,115.591027
1780456779,118.855827
1780456779,144.015347
1780456779,143.706891
1780456779,114.466451
1780456779,119.220762
1780456779,171.144256
1780456779,148.000151
1780456779,121.683928
1780456779,121.556162
1780456779,121.721379
1780456779,121.852342
1780456779,121.882768
1780456779,122.084182
1780456779,171.520868
1780456779,171.612020
1780456779,171.739773
1780456779,171.809812
1780456779,171.771614
1780456779,171.707955
1780456779,171.679555
1780456779,161.780109
1780456779,121.855596
1780456779,122.446584
1780456779,121.964738
1780456779,122.572501
1780456779,148.684081
1780456779,122.116327
1780456779,122.371863
1780456779,159.385824
1780456779,155.752672
1780456779,156.484267
1780456779,148.258991
1780456779,118.935885
1780456779,165.021209
1780456779,165.058709
1780456779,176.398765
1780456779,165.329294
1780456779,151.832968
1780456779,118.658430
1780456779,157.167564
1780456779,157.252124
1780456779,156.841162
1780456779,157.267114
1780456779,161.321447
1780456779,152.273955
1780456779,160.218635
1780456779,161.466307
1780456779,161.544239
1780456779,161.750424
1780456779,165.651339
1780456779,165.662521
1780456779,119.990133
1780456779,151.016494
1780456779,159.426201
1780456779,155.460270
1780456779,160.275828
1780456779,152.188713
1780456779,155.612848
1780456779,155.199774
1780456779,155.787609
1780456779,155.870797
1780456779,156.328968
1780456779,155.368795
1780456779,155.074203
1780456779,155.148328
1780456779,112.046617
1780456779,155.375809
1780456779,155.284730
1780456779,154.982188
1780456779,112.091073
1780456779,112.217038
1780456779,125.341454
1780456779,125.278739
1780456779,158.406063
1780456779,120.232306
1780456779,132.836104
1780456779,133.306826
1780456779,157.351762
1780456779,133.089680
1780456779,156.778822
1780456779,156.739026
1780456779,133.252355
1780456779,134.248111
1780456779,134.649985
1780456779,158.203525
1780456779,158.427111
1780456779,158.485649
1780456779,158.509586
1780456779,158.875916
1780456779,158.778983
1780456779,158.477765
1780456779,158.549288
1780456779,135.339428
1780456779,135.369110
1780456779,135.641563
1780456779,136.079019
1780456779,135.739667
1780456779,136.116553
1780456779,136.669124
1780456779,136.885072
1780456779,136.958727
1780456779,137.580500
1780456779,137.597673
1780456779,138.086163
1780456779,162.667250
1780456779,162.260282
1780456779,162.124212
1780456779,138.214451
1780456779,162.268520
1780456779,162.547592
1780456779,162.601200
1780456779,162.739176
1780456779,163.177871
1780456779,163.474555
1780456779,163.236838
1780456779,138.503741
1780456779,138.676119
1780456779,133.362151
1780456779,135.459440
1780456779,163.728123
1780456779,163.728280
1780456779,163.648285
1780456779,139.890210
1780456779,132.216295
1780456779,165.651421
1780456779,165.818534
1780456779,164.145773
1780456779,140.040004
1780456779,166.897823
1780456779,166.882177
1780456779,166.950310
1780456779,167.013176
1780456779,167.088325
1780456779,168.046265
1780456779,168.309219
1780456779,134.394511
1780456779,141.285927
1780456779,130.661600
1780456779,170.310852
1780456779,139.159540
1780456779,168.854543
1780456779,169.013025
1780456779,169.286984
1780456779,169.419607
1780456779,170.519191
1780456779,113.569567
1780456779,134.782185
1780456779,134.650729
1780456779,132.924788
1780456779,146.194499
1780456779,139.179498
1780456779,150.116263
1780456779,142.063894
1780456779,172.689989
1780456779,172.860903
1780456779,171.793962
1780456779,172.063818
1780456779,172.850503
1780456779,172.533425
1780456779,172.564262
1780456779,172.890718
1780456779,171.414902
1780456779,122.420810
1780456779,119.872485
1780456779,119.286216
1780456779,139.338827
1780456779,110.794349
1780456779,139.122514
1780456779,109.468150
1780456779,111.010643
1780456779,139.456769
1780456779,111.230009
1780456779,110.978591
1780456779,111.710515
1780456779,137.458323
1780456779,129.823532
1780456779,161.969016
1780456779,130.548660
1780456779,162.166840
1780456779,130.540866
1780456779,121.150142
1780456779,142.326860
1780456779,142.518134
1780456779,142.398160
1780456779,142.640817
1780456779,161.974662
1780456779,142.590496
1780456779,130.534560
1780456779,130.794786
1780456779,154.537712
1780456779,127.715620
1780456779,131.175989
1780456779,131.830559
1780456779,130.673971
1780456779,130.926553
1780456779,131.630590
1780456779,130.176530
1780456779,130.845956
1780456779,116.057277
1780456779,155.961922
1780456779,116.676925
1780456779,116.633403
1780456779,186.588236
1780456779,186.792486
1780456779,186.797359
1780456779,186.235668
1780456779,186.183343
1780456779,186.568116
1780456779,186.651817
1780456779,186.823269
1780456779,186.888182
1780456779,155.409243
1780456779,155.408733
1780456779,119.743160
1780456779,161.915994
1780456779,161.934616
1780456779,162.033670
1780456779,168.302041
1780456779,168.296536
1780456779,168.297506
1780456779,144.317022
1780456779,144.387869
1780456779,144.457630
1780456779,121.075594
1780456779,120.711607
1780456779,121.047396
1780456779,120.309627
1780456779,121.296266
1780456779,155.421434
1780456779,121.155851
1780456779,132.422173
1780456779,186.405003
1780456779,186.964105
1780456779,117.512900
1780456779,118.161825
1780456779,156.780908
1780456779,162.605099
1780456779,118.049142
1780456779,118.118100
1780456779,156.068722
1780456779,118.692286
1780456779,155.512411
1780456779,118.961580
1780456779,155.900124
1780456779,156.926238
1780456779,118.782983
1780456779,118.936946
1780456779,157.201081
1780456779,156.426362
1780456779,118.983166
1780456779,155.583818
1780456779,155.768664
1780456779,122.812651
1780456779,119.372154
1780456779,156.075358
1780456779,119.555805
1780456779,155.963039
1780456779,137.705670
1780456779,157.163629
1780456779,138.399681
1780456779,137.979051
1780456779,137.999234
1780456779,158.417704
1780456779,138.126144
1780456779,154.511817
1780456779,154.472122
1780456779,158.210786
1780456779,141.341317
1780456779,138.526716
1780456779,138.520098
1780456779,129.857124
1780456779,127.589120
1780456779,138.650378
1780456779,138.654462
1780456779,138.697067
1780456779,138.698111
1780456779,126.630495
1780456779,130.145050
1780456779,127.364331
1780456779,130.542747
1780456779,131.083619
1780456779,128.998222
1780456779,131.375078
1780456779,132.541167
1780456779,132.541376
1780456779,132.688343
1780456779,127.384476
1780456779,141.629568
1780456779,141.638306
1780456779,141.670645
1780456779,129.268602
1780456779,127.693768
1780456779,129.144352
1780456779,128.852228
1780456779,129.875235
1780456779,128.251817
1780456779,128.715375
1780456779,127.848715
1780456779,128.417699
1780456779,128.595004
1780456779,129.240416
1780456779,128.465340
1780456779,128.755438
1780456779,129.864679
1780456779,129.564147
1780456779,130.137714
1780456779,121.055387
1780456779,121.143736
1780456779,130.340083
1780456779,130.826588
1780456779,121.647522
1780456779,121.938200
1780456779,131.412121
1780456779,162.106176
1780456779,131.161091
1780456779,150.521232
1780456779,172.798209
1780456779,174.967161
1780456779,173.556140
1780456779,173.681588
1780456779,172.723266
1780456779,173.746518
1780456779,173.892131
1780456779,175.400280
1780456779,129.848323
1780456779,130.360055
1780456779,130.120121
1780456779,130.896791
1780456779,130.547746
1780456779,130.864122
1780456779,130.716214
1780456779,130.527863
1780456779,129.849624
1780456779,131.111536
1780456779,131.276053
1780456779,168.185632
1780456779,144.648204
1780456779,146.327489
1780456779,146.316343
1780456779,165.644756
1780456779,130.760701
1780456779,131.224329
1780456779,165.469200
1780456779,172.998645
1780456779,119.021714
1780456779,118.865529
1780456779,114.988571
1780456779,116.978516
1780456779,147.084584
1780456779,119.089133
1780456779,151.949514
1780456779,147.143458
1780456779,152.235465
1780456779,164.348539
1780456779,164.287581
1780456779,131.145063
1780456779,131.490220
1780456779,123.978057
1780456779,131.590301
1780456779,129.552693
1780456779,130.968491
1780456779,131.193414
1780456779,129.942670
1780456779,164.623139
1780456779,131.920428
1780456779,132.032452
1780456779,131.136969
1780456779,132.297713
1780456779,131.473185
1780456779,131.097632
1780456779,131.694294
1780456779,131.495132
1780456779,132.590954
1780456779,118.036989
1780456779,117.965775
1780456779,118.154890
1780456779,118.261851
1780456779,118.408525
1780456779,118.516844
1780456779,120.762620
1780456779,135.072227
1780456779,128.907357
1780456779,129.712778
1780456779,121.314483
1780456779,129.661994
1780456779,136.362429
1780456779,136.126312
1780456779,136.243253
1780456779,135.136711
1780456779,136.079120
1780456779,136.194469
1780456779,136.359447
1780456779,130.291309
1780456779,135.104653
1780456779,131.327817
1780456779,131.300800
1780456779,136.139963
1780456779,122.567969
1780456779,133.420536
1780456779,133.370529
1780456779,133.696285
1780456779,132.672661
1780456779,144.309094
1780456779,136.002266
1780456779,140.635366
1780456779,133.021343
1780456779,133.714673
1780456779,140.471655
1780456779,133.664280
1780456779,145.932922
1780456779,127.343792
1780456779,136.933151
1780456779,134.360006
1780456779,127.584105
1780456779,130.961220
1780456779,127.505098
1780456779,145.846580
1780456779,138.267184
1780456779,134.938372
1780456779,131.117883
1780456779,146.829076
1780456779,138.175712
1780456779,132.848122
1780456779,138.836413
1780456779,133.045387
1780456779,133.175986
1780456779,138.981094
1780456779,147.078266
1780456779,133.376919
1780456779,133.488729
1780456779,133.058798
1780456779,132.283030
1780456779,144.770864
1780456779,140.060970
1780456779,132.718548
1780456779,132.836917
1780456779,132.876819
1780456779,132.853252
1780456779,132.800966
1780456779,132.899601
1780456779,140.586966
1780456779,130.969284
1780456779,132.782253
1780456779,141.682646
1780456779,132.108328
1780456779,130.390191
1780456779,156.088933
1780456779,155.875970
1780456779,132.162357
1780456779,156.152994
1780456779,123.376749
1780456779,151.314419
1780456779,156.483813
1780456779,155.930457
1780456779,155.885726
1780456779,151.787794
1780456779,155.654338
1780456779,152.194856
1780456779,156.086756
1780456779,157.559462
1780456779,152.286162
1780456779,154.290864
1780456779,157.584546
1780456779,152.632376
1780456779,142.950444
1780456779,157.915843
1780456779,157.751454
1780456779,156.685283
1780456779,152.793290
1780456779,158.192264
1780456779,133.342092
1780456779,158.661157
1780456779,158.671269
1780456779,157.489763
1780456779,139.295571
1780456779,158.809113
1780456779,153.763737
1780456779,158.677955
1780456779,158.690453
1780456779,124.016075
1780456779,159.009021
1780456779,159.020529
1780456779,140.143886
1780456779,159.179732
1780456779,140.209999
1780456779,157.075556
1780456779,159.758659
1780456779,157.529222
1780456779,142.020741
1780456779,140.306927
1780456779,141.054810
1780456779,158.989002
1780456779,158.451254
1780456779,142.919414
1780456779,142.794577
1780456779,143.200218
1780456779,143.191374
1780456779,142.324053
1780456779,150.648084
1780456779,148.996463
1780456779,150.704922
1780456779,155.879746
1780456779,156.108474
1780456779,156.256281
1780456779,150.845662
1780456779,134.043053
1780456779,149.286385
1780456779,142.658812
1780456779,138.856009
1780456779,134.435477
1780456779,139.045232
1780456779,139.030118
1780456779,133.679564
1780456779,139.184479
1780456779,139.631328
1780456779,140.598508
1780456779,142.301619
1780456779,140.710603
1780456779,151.258414
1780456779,140.695562
1780456779,151.650106
1780456779,142.834679
1780456779,133.795600
1780456779,134.011898
1780456779,134.375750
1780456779,134.492561
1780456779,159.335197
1780456779,159.883142
1780456779,134.625975
1780456779,141.365901
1780456779,137.625233
1780456779,144.747228
1780456779,130.796286
1780456779,142.036721
1780456779,131.569330
1780456779,127.322199
1780456779,125.794843
1780456779,127.065816
1780456779,132.204721
1780456779,133.057213
1780456779,137.811155
1780456779,151.026209
1780456779,134.048521
1780456779,145.397702
1780456779,156.690332
1780456779,149.625735
1780456779,139.874773
1780456779,144.443462
1780456779,151.582086
1780456779,146.191031
1780456779,157.052997
1780456779,123.744517
1780456779,157.694715
1780456779,126.588810
1780456779,137.313519
1780456779,124.335044
1780456779,146.206788
1780456779,127.647853
1780456779,158.455771
1780456779,153.817669
1780456779,150.244391
1780456779,159.299986
1780456779,155.377629
1780456779,119.918013
1780456779,151.887941
1780456779,160.981484
1780456779,161.961823
1780456779,152.727875
1780456779,120.592308
1780456779,151.565657
1780456779,162.397953
1780456779,152.752716
1780456779,164.165174
1780456779,153.323580
1780456779,142.593307
1780456779,164.427078
1780456779,124.886782
1780456779,165.001242
1780456779,159.733291
1780456779,125.588563
1780456779,160.254346
1780456779,125.245362
1780456779,141.352791
1780456779,124.933990
1780456779,146.169474
1780456779,146.194290
1780456779,146.156241
1780456779,124.778572
1780456779,125.410887
1780456779,159.946091
1780456779,124.264733
1780456779,124.268494
1780456779,124.592152
1780456779,130.202199
1780456779,138.693202
1780456779,165.875311
1780456779,141.495980
1780456779,139.702224
1780456779,165.726041
1780456779,139.823188
1780456779,140.002699
1780456779,127.267069
1780456779,140.006435
1780456779,137.656002
1780456779,165.918996
1780456779,165.997130
1780456779,155.214726
1780456779,155.126867
1780456779,155.144737
1780456779,155.087041
1780456779,156.408054
1780456779,156.179314
1780456779,155.127768
1780456779,160.858480
1780456779,160.930835
1780456779,156.044337
1780456779,155.052180
1780456779,156.610399
1780456779,155.044182
1780456779,156.266446
1780456779,155.836364
1780456779,156.244642
1780456779,158.722905
1780456779,148.417818
1780456779,139.340033
1780456779,167.621029
1780456779,140.162917
1780456779,139.933839
1780456779,139.907799
1780456779,152.392727
1780456779,140.539008
1780456779,123.037990
1780456779,152.668463
1780456779,140.964230
1780456779,141.528510
1780456779,142.489757
1780456779,143.981598
1780456779,144.040632
1780456779,165.722617
1780456779,142.591489
1780456779,134.710759
1780456779,142.654828
1780456779,156.454355
1780456779,146.951790
1780456779,136.028293
1780456779,150.416156
1780456779,152.002857
1780456779,149.318215
1780456779,155.025793
1780456779,156.160850
1780456779,133.273510
1780456779,156.606978
1780456779,133.365746
1780456779,131.913818
1780456779,150.565104
1780456779,132.050882
1780456779,151.860719
1780456779,149.698487
1780456779,131.505245
1780456779,132.169422
1780456779,127.535928
1780456779,133.397253
1780456779,144.711160
1780456779,142.572345
1780456779,127.123670
1780456779,143.745771
1780456779,143.097898
1780456779,143.230998
1780456779,127.668961
1780456779,143.399502
1780456779,138.666710
1780456779,131.244005
1780456779,154.601799
1780456779,154.334470
1780456779,154.312389
1780456779,148.806844
1780456779,129.007630
1780456779,131.974973
1780456779,131.820840
1780456779,131.774200
1780456779,180.011671
1780456779,180.332430
1780456779,180.812209
1780456779,181.135917
1780456779,158.119282
1780456779,174.744120
1780456779,152.678484
1780456779,174.942932
1780456779,153.391815
1780456779,154.684499
1780456779,154.882607
1780456779,174.246577
1780456779,145.853131
1780456779,155.603400
1780456779,180.840166
1780456779,144.700888
1780456779,180.970276
1780456779,181.279326
1780456779,157.022207
1780456779,181.263747
1780456779,181.765389
1780456779,167.231409
1780456779,146.233602
1780456779,145.835558
1780456779,145.773341
1780456779,144.024296
1780456779,156.628648
1780456779,171.240793
1780456779,183.168380
1780456779,157.173384
1780456779,180.911447
1780456779,157.585280
1780456779,172.022531
1780456779,157.926533
1780456779,173.195077
1780456779,172.978210
1780456779,173.314849
1780456779,184.926573
1780456779,185.421605
1780456779,166.059290
1780456779,140.090163
1780456779,182.063674
1780456779,151.129153
1780456779,182.224685
1780456779,148.574445
1780456779,181.970456
1780456779,134.422236
1780456779,180.586266
1780456779,189.227117
1780456779,181.143479
1780456779,171.000015
1780456779,149.408787
1780456779,153.958329
1780456779,155.091674
1780456779,149.577179
1780456779,154.055879
1780456779,150.075855
1780456779,171.226489
1780456779,180.588914
1780456779,157.954275
1780456779,133.450538
1780456779,146.631449
1780456779,157.020507
1780456779,134.216044
1780456779,140.083304
1780456779,141.378313
1780456779,134.890516
1780456779,159.367089
1780456779,134.203627
1780456779,158.157450
1780456779,131.582270
1780456779,165.548722
1780456779,164.016251
1780456779,164.225268
1780456779,162.607290
1780456779,134.686550
1780456779,131.120298
1780456779,177.337592
1780456779,164.783437
1780456779,174.947653
1780456779,177.968238
1780456779,141.845564
1780456779,142.124272
1780456779,141.550791
1780456779,154.161421
1780456779,171.315885
1780456779,171.276729
1780456779,170.969123
1780456779,188.367745
1780456779,155.816060
1780456779,174.031520
1780456779,188.493082
1780456779,188.683216
1780456779,171.465273
1780456779,178.201911
1780456779,171.417284
1780456779,138.619605
1780456779,138.607461
1780456779,171.068168
1780456779,188.771961
1780456779,131.788088
1780456779,125.591757
1780456779,139.725733
1780456779,189.582916
1780456779,189.666453
1780456779,189.783308
1780456779,124.412470
1780456779,189.627965
1780456779,122.682681
1780456779,190.313952
1780456779,190.245882
1780456779,190.232566
1780456779,122.628803
1780456779,125.321245
1780456779,177.739598
1780456779,125.414867
1780456779,125.638303
1780456779,177.528617
1780456779,177.577347
1780456779,124.169237
1780456779,125.887253
1780456779,192.191348
1780456779,125.156466
1780456779,192.108163
1780456779,192.083717
1780456779,192.192485
1780456779,192.261234
1780456779,152.975025
1780456779,150.058145
1780456779,143.801682
1780456779,144.097156
1780456779,126.112215
1780456779,144.782212
1780456779,167.868334
1780456779,127.342939
1780456779,162.640124
1780456779,168.156095
1780456779,162.734822
1780456779,145.076467
1780456779,127.404351
1780456779,162.335873
1780456779,141.535988
1780456779,162.466793
1780456779,142.423966
1780456779,182.540295
1780456779,128.073071
1780456779,125.259267
1780456779,163.448409
1780456779,163.774515
1780456779,162.862373
1780456779,196.282844
1780456779,140.968643
1780456779,128.407232
1780456779,128.909493
1780456779,140.520053
1780456779,197.206769
1780456779,148.733722
1780456779,148.849154
1780456779,129.225785
1780456779,129.338708
1780456779,139.768561
1780456779,144.873270
1780456779,181.676756
1780456779,184.794346
1780456779,153.142538
1780456779,153.238052
1780456779,182.221594
1780456779,140.013109
1780456779,198.511351
1780456779,140.741235
1780456779,199.948799
1780456779,140.031832
1780456779,193.990609
1780456779,146.601273
1780456779,142.114301
1780456779,142.070654
1780456779,142.083792
1780456779,148.539152
1780456779,164.452723
1780456779,170.360115
1780456779,135.091677
1780456779,170.165159
1780456779,145.807444
1780456779,166.848973
1780456779,170.624567
1780456779,145.945719
1780456779,170.693092
1780456779,170.858318
1780456779,136.160822
1780456779,146.411974
1780456779,169.403559
1780456779,169.802100
1780456779,170.141120
1780456779,151.038352
1780456779,178.318884
1780456779,137.817864
1780456779,170.817049
1780456779,136.820246
1780456779,136.867963
1780456779,149.060671
1780456779,139.802278
1780456779,168.251737
1780456779,151.834698
1780456779,151.018870
1780456779,151.157779
1780456779,180.556342
1780456779,180.804361
1780456779,154.863423
1780456779,143.698997
1780456779,140.643225
1780456779,142.151179
1780456779,170.937600
1780456779,170.873044
1780456779,144.567419
1780456779,139.083797
1780456779,171.019473
1780456779,145.388409
1780456779,143.794052
1780456779,171.312846
1780456779,142.947751
1780456779,150.763302
1780456779,127.160523
1780456779,134.975925
1780456779,145.045322
1780456779,154.667825
1780456779,145.052828
1780456779,134.895838
1780456779,171.600461
1780456779,134.839323
1780456779,134.353611
1780456779,137.523581
1780456779,155.211306
1780456779,139.204116
1780456779,170.639770
1780456779,171.307263
1780456779,155.372192
1780456779,171.294963
1780456779,170.960549
1780456779,171.022650
1780456779,170.902195
1780456779,127.582123
1780456779,127.551047
1780456779,134.642085
1780456779,155.257416
1780456779,127.696053
1780456779,128.150337
1780456779,172.056840
1780456779,164.218603
1780456779,134.194258
1780456779,164.049117
1780456779,163.554272
1780456779,161.670918
1780456779,135.051452
1780456779,132.620353
1780456779,128.916698
1780456779,129.156386
1780456779,129.098911
1780456779,129.249303
1780456779,115.025906
1780456779,189.199749
1780456779,189.009205
1780456779,182.798986
1780456779,173.823522
1780456779,189.451274
1780456779,120.533571
1780456779,120.044946
1780456779,173.846632
1780456779,173.537547
1780456779,174.058671
1780456779,173.604985
1780456779,120.691172
1780456779,120.300328
1780456779,114.022796
1780456779,173.729551
1780456779,120.879815
1780456779,121.008825
1780456779,173.862587
1780456779,168.834807
1780456779,116.368682
1780456779,116.252695
1780456779,115.490799
1780456779,116.380088
1780456779,115.677461
1780456779,160.141000
1780456779,160.493934
1780456779,115.492956
1780456779,115.693389
1780456779,115.599866
1780456779,159.167240
1780456779,111.156122
1780456779,180.498210
1780456779,181.882140
1780456779,174.631969
1780456779,208.180629
1780456779,182.196992
1780456779,200.772524
1780456779,201.214843
1780456779,181.979289
1780456779,182.121464
1780456779,182.107927
1780456779,202.452971
1780456779,182.526008
1780456779,202.185811
1780456779,117.378475
1780456779,126.511396
1780456779,180.186059
1780456779,170.546289
1780456779,117.250808
1780456779,170.361770
1780456779,180.032675
1780456779,179.310499
1780456779,179.776055
1780456779,179.393022
1780456779,179.897929
1780456779,150.338682
1780456779,151.047007
1780456779,150.373601
1780456779,150.046398
1780456779,150.530727
1780456779,150.112744
1780456779,138.327154
1780456779,138.050666
1780456779,114.350823
1780456779,185.606483
1780456779,156.144262
1780456779,152.195180
1780456779,119.749710
1780456779,152.691664
1780456779,149.515452
1780456779,149.755750
1780456779,149.554698
1780456779,149.924450
1780456779,146.464281
1780456779,152.334347
1780456779,148.091926
1780456779,119.601645
1780456779,149.997921
1780456779,148.071620
1780456779,150.495890
1780456779,137.717458
1780456779,152.741961
1780456779,152.598859
1780456779,145.330737
1780456779,142.290228
1780456779,140.612893
1780456779,230.873509
1780456779,223.759071
1780456779,223.766396
1780456779,230.936414
1780456779,188.099432
1780456779,210.369961
1780456779,158.536853
1780456779,210.396274
1780456779,186.292767
1780456779,211.154541
1780456779,188.014975
1780456779,210.622618
1780456779,185.785217
1780456779,210.799545
1780456779,186.518252
1780456779,186.584348
1780456779,117.870485
1780456779,118.055426
1780456779,216.150696
1780456779,186.056116
1780456779,216.283962
1780456779,178.220563
1780456779,186.810543
1780456779,216.502850
1780456779,187.909362
1780456779,178.333864
1780456779,212.208871
1780456779,179.021101
1780456779,182.878915
1780456779,181.637794
1780456779,188.336761
1780456779,174.889832
1780456779,181.376282
1780456779,184.306390
1780456779,180.973626
1780456779,117.478524
1780456779,187.891909
1780456779,170.746979
1780456779,179.220931
1780456779,179.757205
1780456779,179.274241
1780456779,183.875996
1780456779,184.200648
1780456779,179.628091
1780456779,181.701387
1780456779,180.925398
1780456779,171.977227
1780456779,181.391066
1780456779,181.601438
1780456779,180.780185
1780456779,173.290944
1780456779,173.035849
1780456779,173.299150
1780456779,180.087782
1780456779,173.759775
1780456779,173.766828
1780456779,173.632152
1780456779,175.574983
1780456779,132.599763
1780456779,132.503202
1780456779,132.608024
1780456779,169.213076
1780456779,132.437063
1780456779,185.979978
1780456779,194.197630
1780456779,194.138900
1780456779,132.453015
1780456779,162.069668
1780456779,148.721125
1780456779,161.610214
1780456779,121.621006
1780456779,128.658741
1780456779,185.797221
1780456779,184.832168
1780456779,165.263368
1780456779,131.686910
1780456779,176.791580
1780456779,132.690172
1780456779,179.859236
1780456779,177.009862
1780456779,175.086660
1780456779,178.365722
1780456779,175.003207
1780456779,181.150114
1780456779,182.424327
1780456779,121.983587
1780456779,182.403837
1780456779,182.434643
1780456779,179.834909
1780456779,182.766668
1780456779,175.986520
1780456779,121.865741
1780456779,179.127599
1780456779,183.882823
1780456779,182.466446
1780456779,179.356552
1780456779,180.265783
1780456779,197.369205
1780456779,120.395814
1780456779,189.578284
1780456779,120.635619
1780456779,120.994741
1780456779,121.136620
1780456779,197.802170
1780456779,175.288522
1780456779,184.574526
1780456779,175.584189
1780456779,169.684827
1780456779,171.386442
1780456779,171.573223
1780456779,171.997367
1780456779,171.234314
1780456779,184.632726
1780456779,190.132208
1780456779,190.737818
1780456779,190.835051
1780456779,190.949760
1780456779,191.029201
1780456779,138.972950
1780456779,117.534278
1780456779,121.355454
1780456779,172.121263
1780456779,170.185506
1780456779,172.574445
1780456779,176.318798
1780456779,169.702845
1780456779,169.594218
1780456779,176.763451
1780456779,176.986992
1780456779,185.120296
1780456779,185.068775
1780456779,170.501880
1780456779,170.988196
1780456779,166.123678
1780456779,168.388494
1780456779,172.047881
1780456779,167.078015
1780456779,169.499073
1780456779,154.153882
1780456779,175.161714
1780456779,134.423048
1780456779,178.717980
1780456779,154.140510
1780456779,177.686959
1780456779,177.792738
1780456779,140.517961
1780456779,177.861298
1780456779,140.580078
1780456779,171.519318
1780456779,177.487803
1780456779,179.586173
1780456779,179.917033
1780456779,175.612440
1780456779,144.323852
1780456779,176.713867
1780456779,140.679100
1780456779,176.741414
1780456779,145.215771
1780456779,174.308288
1780456779,177.752017
1780456779,140.919331
1780456779,179.579020
1780456779,145.425750
1780456779,173.927542
1780456779,169.030560
1780456779,165.152780
1780456779,172.503708
1780456779,172.620517
1780456779,175.179212
1780456779,172.735315
1780456779,162.946558
1780456779,164.623128
1780456779,174.496572
1780456779,148.043858
1780456779,174.839647
1780456779,173.585490
1780456779,169.965899
1780456779,170.477022
1780456779,169.954553
1780456779,173.848712
1780456779,173.904665
1780456779,170.537919
1780456779,172.980676
1780456779,182.487164
1780456779,171.801903
1780456779,149.875548
1780456779,118.521128
1780456779,150.311358
1780456779,150.223564
1780456779,149.820993
1780456779,180.526929
1780456779,119.263170
1780456779,180.495168
1780456779,172.683547
1780456779,178.501877
1780456779,172.522778
1780456779,178.456013
1780456779,172.095497
1780456779,177.438415
1780456779,150.289771
1780456779,159.739276
1780456779,159.896247
1780456779,113.853330
1780456779,159.628481
1780456779,159.870343
1780456779,160.031485
1780456779,150.623388
1780456779,151.004012
1780456779,150.882192
1780456779,114.989164
1780456779,114.995719
1780456779,151.159676
1780456779,151.223961
1780456779,151.415904
1780456779,151.628035
1780456779,118.067082
1780456779,140.414213
1780456779,117.680631
1780456779,118.845875
1780456779,118.696421
1780456779,118.848799
1780456779,141.006514
1780456779,128.671438
1780456779,128.513069
1780456779,128.648277
1780456779,120.065052
1780456779,127.918494
1780456779,152.728144
1780456779,128.334262
1780456779,123.707010
1780456779,123.911992
1780456779,141.165887
1780456779,128.721304
1780456779,125.762626
1780456779,174.948285
1780456779,128.198265
1780456779,177.522267
1780456779,125.896803
1780456779,148.389389
1780456779,148.273372
1780456779,152.263633
1780456779,151.339619
1780456779,119.792229
1780456779,151.218404
1780456779,119.171293
1780456779,151.292960
1780456779,151.394328
1780456779,153.158383
1780456779,175.153500
1780456779,148.307910
1780456779,148.612289
1780456779,148.493583
1780456779,177.427288
1780456779,112.276748
1780456779,142.423960
1780456779,176.157844
1780456779,142.299273
1780456779,111.859757
1780456779,169.553893
1780456779,142.442002
1780456779,142.443643
1780456779,176.452929
1780456779,147.214571
1780456779,141.919175
1780456779,141.996454
1780456779,120.402753
1780456779,119.871228
1780456779,142.113966
1780456779,137.521875
1780456779,120.526517
1780456779,120.644819
1780456779,120.041258
1780456779,147.513540
1780456779,147.444058
1780456779,120.772362
1780456779,171.386720
1780456779,120.324342
1780456779,125.099144
1780456779,120.408884
1780456779,147.682227
1780456779,171.421737
1780456779,185.088459
1780456779,179.478114
1780456779,178.818872
1780456779,186.154126
1780456779,179.179809
1780456779,181.557609
1780456779,181.671154
1780456779,120.043791
1780456779,185.709973
1780456779,116.672743
1780456779,186.065781
1780456779,128.635712
1780456779,181.969995
1780456779,185.735415
1780456779,148.909522
1780456779,181.968670
1780456779,116.688984
1780456779,144.591313
1780456779,145.069013
1780456779,145.489735
1780456779,142.041123
1780456779,142.188985
1780456779,152.902269
1780456779,149.202479
1780456779,149.297187
1780456779,149.309549
1780456779,149.730963
1780456779,163.230867
1780456779,161.619231
1780456779,162.003034
1780456779,161.919205
1780456779,162.107364
1780456779,161.893133
1780456779,162.256342
1780456779,160.809324
1780456779,150.907575
1780456779,158.285886
1780456779,158.297303
1780456779,152.501153
1780456779,152.968424
1780456779,153.052239
1780456779,159.923022
1780456779,159.826846
1780456779,153.310277
1780456779,159.839567
1780456779,159.829139
1780456779,160.016990
1780456779,151.345932
1780456779,153.567475
1780456779,154.078984
1780456779,122.586513
1780456779,154.160301
1780456779,188.979936
1780456779,157.709233
1780456779,187.486342
1780456779,187.502018
1780456779,158.280970
1780456779,189.153862
1780456779,176.208799
1780456779,179.171469
1780456779,180.779580
1780456779,176.317738
1780456779,123.378773
1780456779,123.873190
1780456779,123.633215
1780456779,155.947030
1780456779,156.021757
1780456779,124.015273
1780456779,124.558542
1780456779,177.978257
1780456779,175.441388
1780456779,157.330116
1780456779,124.149469
1780456779,124.245679
1780456779,123.767524
1780456779,147.403237
1780456779,123.352133
1780456779,176.492014
1780456779,147.488781
1780456779,177.193571
1780456779,158.908199
1780456779,177.757397
1780456779,177.878867
1780456779,186.514910
1780456779,186.922572
1780456779,120.652881
1780456779,120.734422
1780456779,160.937613
1780456779,121.024001
1780456779,121.033789
1780456779,161.233038
1780456779,174.102396
1780456779,161.209427
1780456779,177.474289
1780456779,161.547129
1780456779,120.949846
1780456779,121.146001
1780456779,161.541718
1780456779,150.518475
1780456779,122.637840
1780456779,123.107159
1780456779,146.475290
1780456779,148.555916
1780456779,118.098346
1780456779,149.514315
1780456779,119.199260
1780456779,119.419114
1780456779,119.469937
1780456779,119.450928
1780456779,119.345062
1780456779,119.477453
1780456779,133.101287
1780456779,132.350515
1780456779,139.942619
1780456779,140.584629
1780456779,138.953689
1780456779,138.512942
1780456779,138.410346
1780456779,138.007230
1780456779,138.548916
1780456779,138.106377
1780456779,138.903317
1780456779,139.183319
1780456779,138.075023
1780456779,124.752697
1780456779,139.408317
1780456779,139.562077
1780456779,137.948731
1780456779,171.137292
1780456779,171.131279
1780456779,170.893795
1780456779,166.487007
1780456779,136.695390
1780456779,136.961492
1780456779,136.928989
1780456779,154.035248
1780456779,136.580278
1780456779,136.579698
1780456779,154.039461
1780456779,136.989882
1780456779,171.221235
1780456779,136.755804
1780456779,137.107855
1780456779,137.014284
1780456779,125.199810
1780456779,149.192850
1780456779,170.967723
1780456779,170.866394
1780456779,155.361054
1780456779,155.956065
1780456779,136.738820
1780456779,138.541788
1780456779,125.752017
1780456779,138.743018
1780456779,141.464791
1780456779,124.922484
1780456779,139.888449
1780456779,131.729992
1780456779,128.277144
1780456779,128.368099
1780456779,127.419769
1780456779,141.960505
1780456779,157.333765
1780456779,164.988909
1780456779,142.961908
1780456779,141.852295
1780456779,109.940697
1780456779,143.669174
1780456779,165.940244
1780456779,162.341785
1780456779,162.487900
1780456779,162.363606
1780456779,144.492245
1780456779,143.361356
1780456779,115.579174
1780456779,159.245032
1780456779,141.288349
1780456779,116.230550
1780456779,149.039772
1780456779,155.324337
1780456779,155.399788
1780456779,141.248004
1780456779,116.517164
1780456779,116.456903
1780456779,138.537916
1780456779,169.326757
1780456779,116.788262
1780456779,142.360031
1780456779,162.592372
1780456779,136.510774
1780456779,133.119896
1780456779,133.105650
1780456779,132.507459
1780456779,164.793487
1780456779,164.813427
1780456779,146.746198
1780456779,164.802943
1780456779,132.153354
1780456779,130.505825
1780456779,164.390095
1780456779,130.845406
1780456779,132.712350
1780456779,164.737158
1780456779,130.897057
1780456779,127.322657
1780456779,164.916187
1780456779,127.492540
1780456779,159.538673
1780456779,164.946467
1780456779,165.055634
1780456779,121.447200
1780456779,147.519472
1780456779,164.355742
1780456779,147.093026
1780456779,139.837831
1780456779,159.484213
1780456779,136.410774
1780456779,147.282359
1780456779,140.018105
1780456779,164.568539
1780456779,140.060436
1780456779,147.572627
1780456779,140.117290
1780456779,146.974305
1780456779,147.097724
1780456779,146.995553
1780456779,154.679037
1780456779,134.356265
1780456779,151.666643
1780456779,134.706751
1780456779,144.251807
1780456779,152.181215
1780456779,134.741785
1780456779,135.006962
1780456779,158.105252
1780456779,152.894902
1780456779,158.284374
1780456779,152.986878
1780456779,157.753885
1780456779,151.886232
1780456779,157.265718
1780456779,137.343065
1780456779,137.338346
1780456779,166.528441
1780456779,162.029590
1780456779,166.697754
1780456779,137.451682
1780456779,135.849791
1780456779,136.929508
1780456779,136.964707
1780456779,161.702015
1780456779,156.002987
1780456779,153.150300
1780456779,153.401324
1780456779,153.299789
1780456779,146.339320
1780456779,146.424241
1780456779,174.293006
1780456779,146.575955
1780456779,171.399261
1780456779,156.451512
1780456779,154.376378
1780456779,166.051738
1780456779,156.510734
1780456779,122.167132
1780456779,173.944064
1780456779,155.967955
1780456779,174.344179
1780456779,157.997213
1780456779,161.978513
1780456779,146.472593
1780456779,146.621558
1780456779,146.822559
1780456779,122.935105
1780456779,147.109803
1780456779,119.362679
1780456779,147.354855
1780456779,119.552061
1780456779,123.722155
1780456779,119.786199
1780456779,149.476665
1780456779,119.994737
1780456779,157.255033
1780456779,120.347190
1780456779,120.484829
1780456779,157.441739
1780456779,117.625283
1780456779,157.809124
1780456779,157.910437
1780456779,150.539497
1780456779,158.104176
1780456779,150.076792
1780456779,158.243275
1780456779,158.346832
1780456779,146.132596
1780456779,158.420071
1780456779,156.820639
1780456779,141.284110
1780456779,141.848933
1780456779,140.715740
1780456779,158.990952
1780456779,148.339875
1780456779,145.928736
1780456779,159.450748
1780456779,148.917014
1780456779,148.871111
1780456779,145.410068
1780456779,159.082609
1780456779,157.549247
1780456779,144.177421
1780456779,159.809171
1780456779,133.533567
1780456779,140.836739
1780456779,129.093660
1780456779,129.361018
1780456779,160.493226
1780456779,160.598674
1780456779,160.510062
1780456779,132.919826
1780456779,133.009210
1780456779,161.818618
1780456779,125.873645
1780456779,110.045343
1780456779,125.194718
1780456779,119.800947
1780456779,121.053035
1780456779,120.321172
1780456779,120.737374
1780456779,140.568916
1780456779,147.023719
1780456779,147.088745
1780456779,147.035511
1780456779,123.787318
1780456779,146.789269
1780456779,145.545813
1780456779,145.351082
1780456779,122.986053
1780456779,140.740414
1780456779,145.582382
1780456779,145.561677
1780456779,124.025595
1780456779,122.685367
1780456779,143.991303
1780456779,123.773072
1780456779,142.468498
1780456779,120.182259
1780456779,145.587237
1780456779,144.063865
1780456779,144.131453
1780456779,132.789530
1780456779,141.383398
1780456779,141.485472
1780456779,141.725301
1780456779,119.588854
1780456779,141.657004
1780456779,124.101641
1780456779,124.016222
1780456779,118.581245
1780456779,113.993984
1780456779,116.651167
1780456779,139.872329
1780456779,116.490459
1780456779,116.668612
1780456779,119.037515
1780456779,142.313621
1780456779,119.128469
1780456779,113.619761
1780456779,142.462064
1780456779,119.090356
1780456779,126.897985
1780456779,138.398236
1780456779,136.259057
1780456779,138.336485
1780456779,138.463772
1780456779,113.840874
1780456779,149.031773
1780456779,131.341322
1780456779,132.704899
1780456779,133.709295
1780456779,113.469009
1780456779,113.620861
1780456779,108.161634
1780456779,113.515043
1780456779,113.674563
1780456779,108.367777
1780456779,138.355644
1780456779,149.670243
1780456779,115.416901
1780456779,115.274344
1780456779,116.060378
1780456779,115.623442
1780456779,115.455634
1780456779,116.254737
1780456779,138.560319
1780456779,115.302762
1780456779,146.345370
1780456779,131.700805
1780456779,133.818276
1780456779,138.342963
1780456779,131.852841
1780456779,130.676321
1780456779,129.632776
1780456779,137.677941
1780456779,135.803856
1780456779,129.176850
1780456779,145.531013
1780456779,123.987385
1780456779,145.650820
1780456779,123.818625
1780456779,123.981849
1780456779,129.313849
1780456779,122.716696
1780456779,157.632164
1780456779,122.826626
1780456779,121.799853
1780456779,122.769456
1780456779,142.862240
1780456779,140.353809
1780456779,122.838194
1780456779,140.415164
1780456779,123.554251
1780456779,141.611493
1780456779,124.225417
1780456779,141.757939
1780456779,112.884022
1780456779,120.676327
1780456779,121.688539
1780456779,138.754305
1780456779,142.839889
1780456779,139.434373
1780456779,121.711578
1780456779,139.538980
1780456779,132.421607
1780456779,132.416664
1780456779,133.855508
1780456779,139.582967
1780456779,162.671035
1780456779,135.181206
1780456779,135.652868
1780456779,153.682675
1780456779,117.655316
1780456779,142.479893
1780456779,117.717461
1780456779,117.885502
1780456779,118.253372
1780456779,142.465452
1780456779,117.771002
1780456779,119.311820
1780456779,112.684024
1780456779,142.662151
1780456779,118.344117
1780456779,112.742654
1780456779,118.269439
1780456779,112.621805
1780456779,136.133664
1780456779,161.224329
1780456779,161.268151
1780456779,161.235853
1780456779,160.957960
1780456779,161.268270
1780456779,161.278332
1780456779,160.968451
1780456779,125.825919
1780456779,159.720045
1780456779,161.455943
1780456779,118.023394
1780456779,119.510813
1780456779,138.167975
1780456779,138.239738
1780456779,160.122834
1780456779,119.421777
1780456779,138.346440
1780456779,118.189044
1780456779,161.273656
1780456779,137.544403
1780456779,159.914759
1780456779,119.507642
1780456779,158.592042
1780456779,119.828232
1780456779,138.336741
1780456779,138.304199
1780456779,138.384629
1780456779,118.498471
1780456779,138.524302
1780456779,139.011359
1780456779,118.772146
1780456779,138.885665
1780456779,138.005669
1780456779,138.359137
1780456779,136.693233
1780456779,159.170196
1780456779,138.537743
1780456779,157.736428
1780456779,139.411452
1780456779,139.145874
1780456779,135.430437
1780456779,133.054447
1780456779,138.469316
1780456779,140.648638
1780456779,141.365040
1780456779,125.707803
1780456779,138.585690
1780456779,113.348421
1780456779,109.518977
1780456779,146.235236
1780456779,105.456205
1780456779,146.408321
1780456779,146.505952
1780456779,146.305560
1780456779,146.328864
1780456779,146.761624
1780456779,135.065588
1780456779,135.143820
1780456779,135.070638
1780456779,141.084010
1780456779,141.118275
1780456779,110.336953
1780456779,136.325813
1780456779,135.749710
1780456779,135.631768
1780456779,135.579366
1780456779,132.911015
1780456779,111.152456
1780456779,130.640098
1780456779,105.633274
1780456779,123.187144
1780456779,122.085408
1780456779,135.716535
1780456779,135.734116
1780456779,135.130923
1780456779,124.777286
1780456779,135.104240
1780456779,129.147083
1780456779,127.994828
1780456779,135.035059
1780456779,135.351793
1780456779,106.651220
1780456779,121.180627
1780456779,128.189931
1780456779,121.220175
1780456779,122.974909
1780456779,121.484441
1780456779,121.707386
1780456779,122.371234
1780456779,121.978255
1780456779,122.408199
1780456779,123.013441
1780456779,122.341481
1780456779,105.689412
1780456779,164.037633
1780456779,154.828708
1780456779,154.826390
1780456779,155.118776
1780456779,159.952902
1780456779,126.308966
1780456779,126.463539
1780456779,121.888369
1780456779,159.443831
1780456779,168.739114
1780456779,152.108852
1780456779,158.349698
1780456779,152.053348
1780456779,116.385769
1780456779,152.269442
1780456779,151.904785
1780456779,126.486580
1780456779,152.052708
1780456779,122.811332
1780456779,107.692021
1780456779,152.205035
1780456779,116.762540
1780456779,152.095052
1780456779,116.087142
1780456779,150.185821
1780456779,111.356831
1780456779,111.335465
1780456779,157.790965
1780456779,109.319169
1780456779,151.482732
1780456779,109.470550
1780456779,107.790285
1780456779,149.310482
1780456779,107.908871
1780456779,107.286890
1780456779,147.235368
1780456779,139.555642
1780456779,118.208849
1780456779,114.820730
1780456779,143.922120
1780456779,129.568902
1780456779,151.772063
1780456779,106.468267
1780456779,115.948084
1780456779,145.330531
1780456779,139.754854
1780456779,151.829019
1780456779,152.487705
1780456779,106.656281
1780456779,152.601635
1780456779,152.674659
1780456779,142.207146
1780456779,139.524583
1780456779,108.066869
1780456779,144.373177
1780456779,148.225496
1780456779,146.237564
1780456779,148.231993
1780456779,148.348405
1780456779,130.651664
1780456779,132.678527
1780456779,151.974624
1780456779,137.624774
1780456779,134.755433
1780456779,142.028725
1780456779,141.440983
1780456779,134.726607
1780456779,137.710134
1780456779,143.388265
1780456779,151.415451
1780456779,138.067917
1780456779,131.906501
1780456779,139.103813
1780456779,109.699460
1780456779,136.516949
1780456779,105.204543
1780456779,110.275716
1780456779,131.977492
1780456779,133.236488
1780456779,132.084537
1780456779,132.137922
1780456779,137.569137
1780456779,152.125840
1780456779,152.603424
1780456779,152.271892
1780456779,152.378496
1780456779,138.274068
1780456779,103.598299
1780456779,131.881864
1780456779,139.093405
1780456779,138.519374
1780456779,137.885333
1780456779,139.010707
1780456779,137.526311
1780456779,152.940254
1780456779,138.824510
1780456779,153.026946
1780456779,132.330509
1780456779,133.757988
1780456779,135.036933
1780456779,104.548159
1780456779,136.367107
1780456779,133.881060
1780456779,136.347990
1780456779,153.225606
1780456779,153.730612
1780456779,136.357067
1780456779,137.798431
1780456779,133.938694
1780456779,133.715329
1780456779,134.236134
1780456779,153.891393
1780456779,134.452715
1780456779,134.168650
1780456779,133.742634
1780456779,132.252656
1780456779,132.539924
1780456779,132.818817
1780456779,115.825820
1780456779,115.832765
1780456779,115.910625
1780456779,137.624885
1780456779,105.670814
1780456779,140.570494
1780456779,106.177559
1780456779,156.561062
1780456779,106.238439
1780456779,105.200731
1780456779,142.920683
1780456779,140.931149
1780456779,158.665730
1780456779,158.233329
1780456779,158.518267
1780456779,147.635133
1780456779,147.585832
1780456779,110.109887
1780456779,110.213025
1780456779,109.960932
1780456779,158.715021
1780456779,147.945792
1780456779,110.093408
1780456779,159.050583
1780456779,159.199102
1780456779,158.795943
1780456779,160.334857
1780456779,160.269412
1780456779,143.266125
1780456779,160.580683
1780456779,160.673288
1780456779,140.951196
1780456779,136.257857
1780456779,142.330176
1780456779,106.930694
1780456779,107.444575
1780456779,142.517937
1780456779,133.672443
1780456779,133.864292
1780456779,140.413165
1780456779,133.918550
1780456779,134.100722
1780456779,138.757361
1780456779,134.177049
1780456779,140.443861
1780456779,144.222008
1780456779,141.659167
1780456779,140.327293
1780456779,140.523040
1780456779,142.990426
1780456779,109.597156
1780456779,158.680361
1780456779,106.236221
1780456779,133.344515
1780456779,133.272082
1780456779,135.020069
1780456779,133.760517
1780456779,133.630967
1780456779,141.372979
1780456779,107.130251
1780456779,141.892458
1780456779,137.686486
1780456779,130.926799
1780456779,143.083450
1780456779,135.155625
1780456779,135.322176
1780456779,135.066147
1780456779,106.157841
1780456779,142.322349
1780456779,104.105518
1780456779,105.105923
1780456779,151.863889
1780456779,136.273923
1780456779,142.003524
1780456779,105.192662
1780456779,148.919621
1780456779,139.816452
1780456779,147.634056
1780456779,139.586884
1780456779,138.816123
1780456779,144.548331
1780456779,122.992464
1780456779,145.004683
1780456779,142.927394
1780456779,132.868541
1780456779,137.210298
1780456779,132.995772
1780456779,127.739471
1780456779,141.984089
1780456779,124.573170
1780456779,121.449811
1780456779,122.918477
1780456779,139.388985
1780456779,123.329931
1780456779,132.170807
1780456779,139.152296
1780456779,139.205495
1780456779,133.538504
1780456779,121.744889
1780456779,133.851811
1780456779,133.176254
1780456779,122.820641
1780456779,124.058697
1780456779,129.925530
1780456779,119.327103
1780456779,137.726764
1780456779,123.241797
1780456779,137.899979
1780456779,120.184448
1780456779,136.097955
1780456779,117.147370
1780456779,133.107797
1780456779,138.778711
1780456779,135.567633
1780456779,134.385696
1780456779,135.899218
1780456779,134.622888
1780456779,137.232989
1780456779,116.633379
1780456779,120.324307
1780456779,139.884540
1780456779,116.971120
1780456779,136.625058
1780456779,142.156035
1780456779,120.173243
1780456779,138.583462
1780456779,141.860624
1780456779,120.457205
1780456779,142.831801
1780456779,142.480252
1780456779,142.616645
1780456779,142.824647
1780456779,142.451636
1780456779,110.635776
1780456779,110.686900
1780456779,143.461658
1780456779,143.458818
1780456779,143.576835
1780456779,142.936618
1780456779,138.406840
1780456779,121.701452
1780456779,121.474617
1780456779,121.311582
1780456779,121.457731
1780456779,121.530447
1780456779,121.457099
1780456779,121.531123
1780456779,121.357636
1780456779,121.685465
1780456779,121.498936
1780456779,142.544220
1780456779,121.856987
1780456779,118.452856
1780456779,118.531091
1780456779,121.989820
1780456779,143.649089
1780456779,118.691257
1780456779,121.774432
1780456779,120.358626
1780456779,110.627113
1780456779,118.954486
1780456779,110.830076
1780456779,119.196624
1780456779,119.318602
1780456779,111.118403
1780456779,119.573766
1780456779,110.673165
1780456779,119.698671
1780456779,110.420729
1780456779,119.658732
1780456779,119.706567
1780456779,120.121924
1780456779,113.631505
1780456779,111.017407
1780456779,120.240743
1780456779,109.957469
1780456779,119.041194
1780456779,120.587248
1780456779,120.997082
1780456779,109.409405
1780456779,112.397631
1780456779,136.388696
1780456779,111.960079
1780456779,133.302358
1780456779,109.789384
1780456779,119.281301
1780456779,131.435930
1780456779,127.909931
1780456779,111.117315
1780456779,111.087614
1780456779,109.554425
1780456779,122.563926
1780456779,132.588843
1780456779,133.813119
1780456779,121.615942
1780456779,135.541717
1780456779,132.042749
1780456779,129.701889
1780456779,112.920703
1780456779,140.014544
1780456779,135.326346
1780456779,108.213165
1780456779,110.960057
1780456779,155.364391
1780456779,132.007362
1780456779,133.043084
1780456779,140.363250
1780456779,138.098136
1780456779,145.485685
1780456779,137.421677
1780456779,133.577333
1780456779,142.681328
1780456779,142.905453
1780456779,144.141320
1780456779,135.085723
1780456779,146.491728
1780456779,139.398380
1780456779,136.660258
1780456779,137.814561
1780456779,144.150645
1780456779,148.735553
1780456779,147.233419
1780456779,147.746409
1780456779,155.360416
1780456779,152.554372
1780456779,155.903503
1780456779,147.032026
1780456779,157.174493
1780456779,150.282737
1780456779,157.059110
1780456779,158.035995
1780456779,159.754341
1780456779,149.259462
1780456779,150.720725
1780456779,152.374792
1780456779,161.948255
1780456779,154.354834
1780456779,163.127960
1780456779,164.040993
1780456779,153.323310
1780456779,156.372145
1780456779,154.835913
1780456779,165.765077
1780456779,156.244576
1780456779,167.133930
1780456779,158.189559
1780456779,176.645399
1780456779,177.974434
1780456779,159.777078
1780456779,168.922546
1780456779,179.897458
1780456779,181.704764
1780456779,164.906125
1780456779,173.333458
1780456779,169.981143
1780456779,184.545571
1780456779,169.859436
1780456779,182.550534
1780456779,167.377834
1780456779,174.277679
1780456779,179.411399
1780456779,170.607843
1780456779,184.983974
1780456779,171.017208
1780456779,171.204287
1780456779,179.802756
1780456779,184.531517
1780456779,186.189069
1780456779,170.169459
1780456779,158.111584
1780456779,186.716420
1780456779,166.853738
1780456779,165.120900
1780456779,166.706463
1780456779,197.136130
1780456779,185.793266
1780456779,198.797334
1780456779,191.071325
1780456779,194.866268
1780456779,194.957006
1780456779,185.798021
1780456779,198.629863
1780456779,192.586291
1780456779,206.560378
1780456779,206.699187
1780456779,226.261138
1780456779,235.961710
1780456779,234.835347
1780456779,239.385293
1780456779,226.395758
1780456779,226.978681
1780456779,242.379457
1780456779,247.179080
1780456779,247.488179
1780456779,227.934467
1780456779,251.809608
1780456779,228.751877
1780456779,239.801554
1780456779,249.028782
1780456779,229.528617
1780456779,242.848484
1780456779,249.939205
1780456779,253.763425
1780456779,228.916833
1780456779,245.165150
1780456779,255.268127
1780456779,222.013550
1780456779,205.926814
1780456779,217.497933
1780456779,219.466438
1780456779,206.181590
1780456779,206.638893
1780456779,227.068446
1780456779,207.188139
1780456779,207.257372
1780456779,220.355083
1780456779,221.214509
1780456779,224.240664
1780456779,221.083469
1780456779,228.174963
1780456779,229.653616
1780456779,208.151794
1780456779,229.915545
1780456779,233.163256
1780456779,226.015758
1780456779,209.126788
1780456779,209.062602
1780456779,227.493177
1780456779,210.262694
1780456779,220.173012
1780456779,227.971314
1780456779,217.107528
1780456779,228.284682
1780456779,219.108657
1780456779,229.792853
1780456779,230.214196
1780456779,220.600622
1780456779,221.095055
1780456779,230.607637
1780456779,221.386515
1780456779,230.920606
1780456779,221.782477
1780456779,231.117822
1780456779,231.238450
1780456779,221.752713
1780456779,231.754179
1780456779,231.859460
1780456779,236.354677
1780456779,196.446007
1780456779,233.030319
1780456779,236.596279
1780456779,235.249765
1780456779,237.052157
1780456779,236.864644
1780456779,207.378473
1780456779,207.411542
1780456779,207.753459
1780456779,222.484146
1780456779,205.986371
1780456779,213.495605
1780456779,206.243050
1780456779,218.614541
1780456779,222.699205
1780456779,222.957519
1780456779,209.408649
1780456779,224.377369
1780456779,224.615566
1780456779,210.513500
1780456779,198.681346
1780456779,234.355321
1780456779,206.182515
1780456779,208.147192
1780456779,208.256097
1780456779,208.490458
1780456779,219.945129
1780456779,222.437462
1780456779,235.629331
1780456779,219.171901
1780456779,219.452997
1780456779,210.106569
1780456779,211.310067
1780456779,237.576307
1780456779,210.621052
1780456779,235.215778
1780456779,209.849853
1780456779,241.006390
1780456779,211.227660
1780456779,239.223636
1780456779,211.262410
1780456779,239.533040
1780456779,215.853171
1780456779,236.145572
1780456779,217.352453
1780456779,243.676256
1780456779,221.765277
1780456779,236.934409
1780456779,221.993310
1780456779,245.292997
1780456779,220.799850
1780456779,237.441162
1780456779,222.539494
1780456779,252.462613
1780456779,222.867290
1780456779,244.376290
1780456779,223.205020
1780456779,244.673786
1780456779,223.372341
1780456779,235.213558
1780456779,237.277296
1780456779,223.780516
1780456779,238.308756
1780456779,223.900091
1780456779,238.900796
1780456779,224.138651
1780456779,239.270637
1780456779,224.910240
1780456779,246.190007
1780456779,220.617407
1780456779,241.395444
1780456779,225.482958
1780456779,241.697260
1780456779,247.273804
1780456779,251.727386
1780456779,242.487586
1780456779,238.119378
1780456779,221.072044
1780456779,257.113646
1780456779,242.994006
1780456779,233.560101
1780456779,253.210154
1780456779,217.995927
1780456779,253.650031
1780456779,245.543574
1780456779,213.198348
1780456779,213.560174
1780456779,206.071945
1780456779,214.336187
1780456779,214.613453
1780456779,224.074510
1780456779,218.630248
1780456779,229.421537
1780456779,230.020640
1780456779,219.011683
1780456779,219.359779
1780456779,219.483917
1780456779,220.047568
1780456779,220.225036
1780456779,221.411467
1780456779,231.741062
1780456779,221.822349
1780456779,261.550729
1780456779,222.931251
1780456779,248.116533
1780456779,234.575495
1780456779,217.135130
1780456779,208.778658
1780456779,217.468738
1780456779,217.811515
1780456779,218.179416
1780456779,224.480431
1780456779,217.273560
1780456779,233.494044
1780456779,222.725147
1780456779,223.187088
1780456779,216.695962
1780456779,217.927566
1780456779,236.565913
1780456779,218.613925
1780456779,239.892784
1780456779,218.647543
1780456779,239.465612
1780456779,220.167445
1780456779,219.127613
1780456779,218.124131
1780456779,219.483669
1780456779,219.602975
1780456779,219.661049
1780456779,219.954722
1780456779,221.248450
1780456779,221.440498
1780456779,213.439829
1780456779,212.219372
1780456779,212.711478
1780456779,202.449719
1780456779,212.583511
1780456779,198.341699
1780456779,198.143698
1780456779,213.170709
1780456779,213.368520
1780456779,203.231480
1780456779,198.827072
1780456779,213.746475
1780456779,203.567172
1780456779,214.117778
1780456779,199.513041
1780456779,214.322426
1780456779,215.553799
1780456779,202.396916
1780456779,203.898229
1780456779,204.793351
1780456779,214.967983
1780456779,215.187996
1780456779,205.333075
1780456779,215.449846
1780456779,204.788427
1780456779,200.758126
1780456779,205.828673
1780456779,207.143225
1780456779,205.460614
1780456779,203.008166
1780456779,209.629605
1780456779,205.782975
1780456779,209.681888
1780456779,209.984875
1780456779,213.219094
1780456779,209.949380
1780456779,212.562319
1780456779,210.705569
1780456779,212.668137
1780456779,212.973586
1780456779,213.308917
1780456779,210.616942
1780456779,213.617222
1780456779,210.739734
1780456779,211.078033
1780456779,211.611240
1780456779,213.794649
1780456779,211.517910
1780456779,211.726560
1780456779,211.886765
1780456779,212.223094
1780456779,214.527102
1780456779,214.684530
1780456779,214.838601
1780456779,215.750561
1780456779,215.868536
1780456779,216.057357
1780456779,216.167630
1780456779,215.554598
1780456779,213.087816
1780456779,212.688213
1780456779,212.892091
1780456779,216.298434
1780456779,213.656047
1780456779,217.094427
1780456779,217.121215
1780456779,213.607464
1780456779,217.371170
1780456779,216.842113
1780456779,214.528052
1780456779,214.537082
1780456779,217.964114
1780456779,217.362123
1780456779,218.081242
1780456779,220.973087
1780456779,217.224755
1780456779,217.313779
1780456779,221.391219
1780456779,217.923212
1780456779,218.124313
1780456779,223.558753
1780456779,218.368836
1780456779,218.154282
1780456779,238.257304
1780456779,247.398412
1780456779,247.417166
1780456779,247.120505
1780456779,246.934408
1780456779,242.008721
1780456779,242.204381
1780456779,248.876774
1780456779,247.762389
1780456779,247.955335
1780456779,247.762266
1780456779,249.961153
1780456779,248.382998
1780456779,255.294767
1780456779,248.708795
1780456779,248.838930
1780456779,249.066612
1780456779,249.205214
1780456779,249.270781
1780456779,221.244566
1780456779,221.416128
1780456779,226.152159
1780456779,221.797036
1780456779,221.100110
1780456779,221.142712
1780456779,222.244428
1780456779,222.391528
1780456779,223.177614
1780456779,227.511523
1780456779,224.552729
1780456779,226.981587
1780456779,227.172984
1780456779,224.974084
1780456779,227.426873
1780456779,226.989169
1780456779,228.317932
1780456779,227.156221
1780456779,228.157495
1780456779,212.959450
1780456779,227.463027
1780456779,227.780514
1780456779,227.992536
1780456779,229.460518
1780456779,229.684041
1780456779,228.359221
1780456779,230.034758
1780456779,228.618237
1780456779,235.932375
1780456779,228.665839
1780456779,229.032863
1780456779,236.387862
1780456779,236.733449
1780456779,236.861560
1780456779,230.656132
1780456779,237.531252
1780456779,237.592551
1780456779,230.108624
1780456779,230.185574
1780456779,237.705804
1780456779,230.541610
1780456779,236.839251
1780456779,238.173962
1780456779,231.872813
1780456779,231.633576
1780456779,239.750027
1780456779,231.908962
1780456779,231.513894
1780456779,231.710453
1780456779,240.386646
1780456779,232.003380
1780456779,245.832129
1780456779,246.067115
1780456779,247.029095
1780456779,246.316462
1780456779,246.404181
1780456779,254.396325
1780456779,255.779593
1780456779,255.918214
1780456779,247.171631
1780456779,247.275669
1780456779,246.728334
1780456779,254.841310
1780456779,241.519348
1780456779,256.324237
1780456779,255.149584
1780456779,258.692394
1780456779,223.718407
1780456779,225.721482
1780456779,190.646738
1780456779,197.218327
1780456779,229.883437
1780456779,209.436951
1780456779,230.300919
1780456779,211.114260
1780456779,227.320686
1780456779,225.916766
1780456779,227.318652
1780456779,210.758094
1780456779,227.428415
1780456779,224.073246
1780456779,226.031490
1780456779,226.048698
1780456779,230.411309
1780456779,211.228273
1780456779,227.706023
1780456779,209.761257
1780456779,227.773391
1780456779,210.913147
1780456779,228.004239
1780456779,224.335783
1780456779,230.518749
1780456779,211.421908
1780456779,227.953297
1780456779,228.354767
1780456779,230.731954
1780456779,211.177663
1780456779,228.074868
1780456779,228.388792
1780456779,230.832258
1780456779,211.631829
1780456779,218.818506
1780456779,210.673298
1780456779,231.028901
1780456779,218.790111
1780456779,231.884376
1780456779,223.043048
1780456779,210.984709
1780456779,222.254894
1780456779,223.001399
1780456779,211.400945
1780456779,234.652947
1780456779,222.655247
1780456779,236.103475
1780456779,211.960775
1780456779,221.363113
1780456779,224.414499
1780456779,214.685135
1780456779,230.899133
1780456779,224.124196
1780456779,230.902129
1780456779,261.928721
1780456779,136.531081
1780456779,228.743145
1780456779,136.611742
1780456779,228.512822
1780456779,105.514625
1780456779,220.713873
1780456779,106.908955
1780456779,211.904740
1780456779,231.985011
1780456779,231.220518
1780456779,259.556104
1780456779,231.216316
1780456779,250.780809
1780456779,212.078846
1780456779,220.879324
1780456779,228.865835
1780456779,259.250173
1780456779,228.940411
1780456779,261.545018
1780456779,265.921541
1780456779,197.347077
1780456779,200.003582
1780456779,200.086398
1780456779,191.729673
1780456779,212.364664
1780456779,201.932103
1780456779,192.212591
1780456779,200.388564
1780456779,184.762732
1780456779,192.242640
1780456779,237.178192
1780456779,202.580617
1780456779,221.340617
1780456779,191.847736
1780456779,223.991241
1780456779,202.597960
1780456779,224.124313
1780456779,202.790114
1780456779,201.583388
1780456779,225.083895
1780456779,205.686640
1780456779,224.346911
1780456779,209.574701
1780456779,237.699352
1780456779,193.187123
1780456779,237.332543
1780456779,209.799392
1780456779,237.878980
1780456779,204.190860
1780456779,232.540767
1780456779,195.525414
1780456779,221.746295
1780456779,195.601924
1780456779,232.747345
1780456779,234.461735
1780456779,209.768740
1780456779,232.679666
1780456779,206.023755
1780456779,234.560436
1780456779,198.155483
1780456779,236.151318
1780456779,198.329280
1780456779,236.405344
1780456779,186.151204
1780456779,236.404440
1780456779,204.515768
1780456779,226.071162
1780456779,198.004157
1780456779,226.067680
1780456779,204.443752
1780456779,222.014314
1780456779,197.408881
1780456779,226.430351
1780456779,208.471986
1780456779,238.265441
1780456779,208.615052
1780456779,226.528763
1780456779,208.678468
1780456779,209.021179
1780456779,210.649284
1780456779,204.991979
1780456779,201.211871
1780456779,201.978117
1780456779,210.822531
1780456779,216.809448
1780456779,199.026185
1780456779,225.243039
1780456779,209.371994
1780456779,203.974871
1780456779,209.199176
1780456779,209.538665
1780456779,237.263264
1780456779,209.419410
1780456779,222.732368
1780456779,209.515995
1780456779,209.427338
1780456779,209.550192
1780456779,209.410361
1780456779,238.799063
1780456779,209.579862
1780456779,225.756311
1780456779,209.767495
1780456779,237.619130
1780456779,225.330402
1780456779,237.615324
1780456779,238.871899
1780456779,225.329498
1780456779,200.574098
1780456779,225.436587
1780456779,223.241185
1780456779,227.063910
1780456779,211.100366
1780456779,227.195581
1780456779,225.913894
1780456779,204.529136
1780456779,212.815950
1780456779,205.725678
1780456779,212.940921
1780456779,208.543022
1780456779,213.496769
1780456779,211.278285
1780456779,213.575852
1780456779,218.706844
1780456779,226.101353
1780456779,220.775473
1780456779,226.217822
1780456779,220.810839
1780456779,214.652918
1780456779,222.049862
1780456779,214.849958
1780456779,211.526213
1780456779,214.662714
1780456779,213.243571
1780456779,227.472495
1780456779,198.889385
1780456779,214.767983
1780456779,199.853812
1780456779,214.070028
1780456779,199.876941
1780456779,214.564730
1780456779,214.648296
1780456779,202.684904
1780456779,228.531583
1780456779,183.797472
1780456779,200.843385
1780456779,228.547949
1780456779,200.934687
1780456779,214.874148
1780456779,188.865675
1780456779,186.117350
1780456779,214.919029
1780456779,213.510768
1780456779,203.017240
1780456779,224.735336
1780456779,201.805555
1780456779,214.659816
1780456779,203.191518
1780456779,225.869919
1780456779,205.085530
1780456779,230.025079
1780456779,205.186751
1780456779,214.996886
1780456779,191.041652
1780456779,215.218445
1780456779,191.125105
1780456779,215.214367
1780456779,205.338168
1780456779,226.245520
1780456779,194.953724
1780456779,214.987257
1780456779,191.186394
1780456779,212.513337
1780456779,191.340646
1780456779,222.794827
1780456779,205.504781
1780456779,224.104583
1780456779,212.786565
1780456779,203.742270
1780456779,214.506143
1780456779,205.469857
1780456779,214.139969
1780456779,206.822337
1780456779,216.138689
1780456779,212.609422
1780456779,224.600692
1780456779,208.213710
1780456779,224.339016
1780456779,212.723295
1780456779,224.621636
1780456779,203.261959
1780456779,224.615527
1780456779,212.629037
1780456779,224.759930
1780456779,212.701501
1780456779,218.821394
1780456779,212.803154
1780456779,220.019621
1780456779,212.766788
1780456779,219.947342
1780456779,212.695635
1780456779,223.187282
1780456779,212.871920
1780456779,225.607910
1780456779,199.205044
1780456779,224.757123
1780456779,200.885563
1780456779,223.344306
1780456779,200.957046
1780456779,216.060612
1780456779,200.150287
1780456779,211.546225
1780456779,193.815968
1780456779,228.855861
1780456779,201.115467
1780456779,215.965486
1780456779,201.162484
1780456779,195.985631
1780456779,213.050394
1780456779,193.149147
1780456779,201.342768
1780456779,192.093166
1780456779,201.414035
1780456779,192.019915
1780456779,176.501862
1780456779,193.385759
1780456779,177.100895
1780456779,196.206851
1780456779,183.915180
1780456779,197.623335
1780456779,197.718874
1780456779,178.552781
1780456779,190.982305
1780456779,183.746696
1780456779,197.767503
1780456779,177.666496
1780456779,196.599568
1780456779,178.480251
1780456779,193.529992
1780456779,198.619780
1780456779,193.656737
1780456779,196.759157
1780456779,196.421617
1780456779,198.726821
1780456779,184.422918
1780456779,179.370788
1780456779,180.894858
1780456779,199.972145
1780456779,179.650454
1780456779,197.511144
1780456779,181.973998
1780456779,199.403486
1780456779,180.510875
1780456779,200.117534
1780456779,184.313364
1780456779,175.630701
1780456779,185.042995
1780456779,176.858442
1780456779,185.817550
1780456779,182.775697
1780456779,188.994048
1780456779,190.043557
1780456779,164.245021
1780456779,200.668958
1780456779,175.876029
1780456779,212.422722
1780456779,173.610292
1780456779,184.310069
1780456779,178.385308
1780456779,178.778222
1780456779,180.311722
1780456779,179.585062
1780456779,179.138348
1780456779,202.393689
1780456779,180.667861
1780456779,165.910040
1780456779,172.595692
1780456779,181.993569
1780456779,165.206626
1780456779,167.463668
1780456779,182.270428
1780456779,167.844992
1780456779,165.143177
1780456779,167.204965
1780456779,181.279348
1780456779,141.536117
1780456779,180.995643
1780456779,166.726877
1780456779,185.461757
1780456779,163.094440
1780456779,186.230904
1780456779,165.967057
1780456779,182.274193
1780456779,175.828882
1780456779,183.959413
1780456779,162.770301
1780456779,178.707967
1780456779,166.753534
1780456779,168.761014
1780456779,167.090900
1780456779,171.640838
1780456779,169.633055
1780456779,178.089878
1780456779,163.232288
1780456779,169.897319
1780456779,175.968360
1780456779,183.327857
1780456779,173.073689
1780456779,168.604356
1780456779,188.575291
1780456779,167.896804
1780456779,172.736003
1780456779,178.737552
1780456779,183.645567
1780456779,164.077898
1780456779,170.370864
1780456779,164.802193
1780456779,185.257533
1780456779,169.631307
1780456779,171.209827
1780456779,165.009759
1780456779,188.798702
1780456779,170.954511
1780456779,187.546684
1780456779,169.262634
1780456779,170.723941
1780456779,171.159803
1780456779,169.542984
1780456779,174.419234
1780456779,190.048920
1780456779,165.508567
1780456779,185.227018
1780456779,179.889399
1780456779,145.405933
1780456779,172.446213
1780456779,145.458891
1780456779,175.089519
1780456779,144.743856
1780456779,174.846309
1780456779,167.323767
1780456779,175.398955
1780456779,146.958849
1780456779,147.466834
1780456779,175.863599
1780456779,172.272201
1780456779,149.054770
1780456779,147.339422
1780456779,174.487756
1780456779,180.597185
1780456779,152.510707
1780456779,178.209813
1780456779,169.061238
1780456779,173.772672
1780456779,153.062128
1780456779,167.655666
1780456779,177.182589
1780456779,150.009095
1780456779,178.574205
1780456779,153.349975
1780456779,178.925183
1780456779,168.404196
1780456779,196.137954
1780456779,153.796363
1780456779,198.368008
1780456779,153.668551
1780456779,197.794868
1780456779,185.500299
1780456779,148.552846
1780456779,188.669631
1780456779,154.276652
1780456779,178.527564
1780456779,154.134594
1780456779,184.858027
1780456779,168.565176
1780456779,172.489486
1780456779,176.690345
1780456779,169.368330
1780456779,155.970777
1780456779,143.425544
1780456779,149.503340
1780456779,177.758743
1780456779,174.700787
1780456779,180.040343
1780456779,173.072863
1780456779,162.578269
1780456779,155.231703
1780456779,161.741320
1780456779,156.854955
1780456779,177.104047
1780456779,156.950880
1780456779,158.773023
1780456779,174.048052
1780456779,157.918144
1780456779,158.936134
1780456779,162.052544
1780456779,155.584835
1780456779,158.227487
1780456779,173.943009
1780456779,162.281986
1780456779,155.804678
1780456779,160.317555
1780456779,175.278892
1780456779,171.165444
1780456779,173.946467
1780456779,164.243297
1780456779,144.625491
1780456779,177.838691
1780456779,155.424065
1780456779,171.977778
1780456779,154.066596
1780456779,171.819247
1780456779,157.635716
1780456779,160.981575
1780456779,159.129664
1780456779,160.039623
1780456779,157.171997
1780456779,164.186468
1780456779,159.788352
1780456779,157.995296
1780456779,164.001261
1780456779,174.351180
1780456779,161.428562
1780456779,156.625835
1780456779,157.243919
1780456779,160.588454
1780456779,175.378071
1780456779,163.188905
1780456779,162.300263
1780456779,153.796193
1780456779,178.040179
1780456779,176.446470
1780456779,160.204414
1780456779,178.245967
1780456779,176.143597
1780456779,178.213302
1780456779,174.804022
1780456779,164.079513
1780456779,160.391573
1780456779,164.500383
1780456779,176.471071
1780456779,178.486757
1780456779,165.068372
1780456779,158.494040
1780456779,162.214616
1780456779,161.073997
1780456779,163.972816
1780456779,165.505785
1780456779,156.401886
1780456779,175.555280
1780456779,159.656352
1780456779,167.193507
1780456779,171.566810
1780456779,175.449297
1780456779,161.028200
1780456779,167.853098
1780456779,173.401155
1780456779,171.460655
1780456779,165.952600
1780456779,160.507476
1780456779,162.736025
1780456779,176.415247
1780456779,178.509858
1780456779,166.830696
1780456779,174.331658
1780456779,177.455811
1780456779,178.235717
1780456779,167.301416
1780456779,203.907537
1780456779,163.265439
1780456779,185.153003
1780456779,138.379176
1780456779,179.939301
1780456779,139.370181
1780456779,146.375150
1780456779,138.956792
1780456779,164.663865
1780456779,166.013583
1780456779,139.309942
1780456779,139.953425
1780456779,147.132844
1780456779,161.025537
1780456779,169.657405
1780456779,169.873368
1780456779,138.345613
1780456779,141.658673
1780456779,170.155622
1780456779,147.738222
1780456779,140.959105
1780456779,130.214434
1780456779,141.210871
1780456779,151.881106
1780456779,142.973828
1780456779,130.543326
1780456779,139.899051
1780456779,131.391681
1780456779,140.801177
1780456779,130.852795
1780456779,144.490216
1780456779,123.647260
1780456779,163.555692
1780456779,131.229173
1780456779,144.981284
1780456779,152.348599
1780456779,145.565103
1780456779,152.544382
1780456779,131.854135
1780456779,144.947437
1780456779,132.319350
1780456779,145.770385
1780456779,132.706428
1780456779,132.918334
1780456779,170.014494
1780456779,134.089604
1780456779,173.168737
1780456779,133.600233
1780456779,149.907184
1780456779,155.966485
1780456779,149.631934
1780456779,156.059001
1780456779,122.486560
1780456779,133.373209
1780456779,125.474760
1780456779,134.090493
1780456779,150.116181
1780456779,133.967544
1780456779,123.105693
1780456779,134.878128
1780456779,155.846201
1780456779,151.967459
1780456779,156.379209
1780456779,127.402735
1780456779,152.944286
1780456779,156.384785
1780456779,149.756071
1780456779,160.949750
1780456779,123.367800
1780456779,135.363379
1780456779,124.579767
1780456779,137.102836
1780456779,150.287914
1780456779,137.174958
1780456779,124.112104
1780456779,136.380580
1780456779,126.708575
1780456779,159.270073
1780456779,150.305830
1780456779,136.966575
1780456779,127.369002
1780456779,161.551385
1780456779,125.133966
1780456779,161.415090
1780456779,127.608373
1780456779,127.387521
1780456779,138.386171
1780456779,128.197637
1780456779,138.733627
1780456779,128.368361
1780456779,138.842230
1780456779,126.768420
1780456779,162.316646
1780456779,139.520701
1780456779,153.718900
1780456779,119.306072
1780456779,126.078777
1780456779,149.598831
1780456779,123.198434
1780456779,125.817458
1780456779,152.106863
1780456779,123.193808
1780456779,127.526284
1780456779,124.746938
1780456779,123.789464
1780456779,124.944962
1780456779,154.043766
1780456779,125.554209
1780456779,126.747888
1780456779,122.272737
1780456779,128.446687
1780456779,126.642281
1780456779,128.953975
1780456779,123.150068
1780456779,238.274328
1780456779,236.508997
1780456779,133.553269
1780456779,218.893546
1780456779,114.073549
1780456779,113.480335
1780456779,115.309749
1780456779,150.729380
1780456779,114.464476
1780456779,147.705161
1780456779,114.371099
1780456779,147.821723
1780456779,116.035901
1780456779,148.017550
1780456779,116.702025
1780456779,148.236820
1780456779,117.601977
1780456779,117.820485
1780456779,118.620075
1780456779,112.129577
1780456779,125.024195
1780456779,114.227974
1780456779,148.513864
1780456779,104.844380
1780456779,115.143238
1780456779,103.524697
1780456779,113.359505
1780456779,103.189487
1780456779,104.772673
1780456779,104.474598
1780456779,115.790921
1780456779,105.291731
1780456779,148.606008
1780456779,104.349711
1780456779,116.376398
1780456779,147.292655
1780456779,148.899474
1780456779,143.226397
1780456779,117.721780
1780456779,117.969548
1780456779,118.169705
1780456779,149.817417
1780456779,133.979604
1780456779,119.045410
1780456779,119.845050
1780456779,106.290359
1780456779,120.163614
1780456779,107.921957
1780456779,150.114608
1780456779,150.448144
1780456779,106.505618
1780456779,135.572294
1780456779,108.886526
1780456779,141.076416
1780456779,108.570412
1780456779,109.552576
1780456779,119.976728
1780456779,109.397996
1780456779,120.974367
1780456779,109.777907
1780456779,141.630693
1780456779,121.330132
1780456779,111.989726
1780456779,151.018564
1780456779,110.487475
1780456779,108.648329
1780456779,121.701443
1780456779,141.742400
1780456779,122.110640
1780456779,122.310921
1780456779,136.722615
1780456779,122.592319
1780456779,123.408001
1780456779,140.860881
1780456779,123.335040
1780456779,123.674774
1780456779,109.568522
1780456779,109.860819
1780456779,124.049604
1780456779,152.777181
1780456779,153.207973
1780456779,124.332491
1780456779,112.975548
1780456779,113.134379
1780456779,113.894247
1780456779,114.977735
1780456779,124.925270
1780456779,153.722376
1780456779,125.337117
1780456779,116.218029
1780456779,152.763097
1780456779,115.945857
1780456779,113.981367
1780456779,114.441124
1780456779,115.419722
1780456779,126.999585
1780456779,114.710268
1780456779,117.031351
1780456779,103.165295
1780456779,117.202188
1780456779,127.172516
1780456779,113.786527
1780456779,104.030336
1780456779,113.034728
1780456779,105.603090
1780456779,141.426516
1780456779,105.116808
1780456779,127.804292
1780456779,115.837025
1780456779,109.057287
1780456779,153.167955
1780456779,129.375162
1780456779,106.039232
1780456779,109.169364
1780456779,114.156433
1780456779,109.554364
1780456779,114.691950
1780456779,109.664162
1780456779,106.847026
1780456779,153.476677
1780456779,143.066265
1780456779,115.474801
1780456779,138.252647
1780456779,107.389458
1780456779,105.468825
1780456779,127.072061
1780456779,103.369752
1780456779,102.543458
1780456779,102.034476
1780456779,106.869679
1780456779,106.160596
1780456779,106.039612
1780456779,104.829378
1780456779,105.733660
1780456779,106.749280
1780456779,128.488270
1780456779,105.698927
1780456779,128.441497
1780456779,105.365430
1780456779,103.102929
1780456779,105.152853
1780456779,128.769022
1780456779,103.757165
1780456779,104.869933
1780456779,129.568465
1780456779,103.960609
1780456779,103.230070
1780456779,102.376651
1780456779,103.152782
1780456779,103.888166
1780456779,103.887595
1780456779,127.738363
1780456779,103.163692
1780456779,125.476520
1780456779,103.543206
1780456779,123.791159
1780456779,103.075553
1780456779,104.391290
1780456779,125.676270
1780456779,129.549425
1780456779,128.265908
1780456779,103.675299
1780456779,125.839775
1780456779,103.356298
1780456779,103.198386
1780456779,124.677939
1780456779,102.812811
1780456779,103.556444
1780456779,102.891234
1780456779,103.170225
1780456779,102.769406
1780456779,116.649081
1780456779,103.194310
1780456779,102.335195
1780456779,119.220011
1780456779,102.678071
1780456779,102.445406
1780456779,102.950988
1780456779,103.328515
1780456779,102.722558
1780456779,138.196048
1780456779,137.773376
1780456779,103.161271
1780456779,103.435198
1780456779,102.820991
1780456779,104.297581
1780456779,104.200392
1780456779,132.260953
1780456779,136.862359
1780456779,138.980870
1780456779,139.254765
1780456779,138.528524
1780456779,102.953276
1780456779,137.006447
1780456779,138.653771
1780456779,104.658641
1780456779,133.477181
1780456779,103.610240
1780456779,111.816963
1780456779,104.113638
1780456779,133.684001
1780456779,135.411482
1780456779,112.059352
1780456779,133.933120
1780456779,111.640079
1780456779,103.968753
1780456779,111.631832
1780456779,104.440177
1780456779,111.550381
1780456779,111.796265
1780456779,104.470762
1780456779,104.221565
1780456779,111.608054
1780456779,104.053287
1780456779,111.617537
1780456779,103.252564
1780456779,104.020947
1780456779,111.337649
1780456779,103.844597
1780456779,124.611898
1780456779,104.579027
1780456779,111.422964
1780456779,124.586071
1780456779,104.246115
1780456779,102.991549
1780456779,104.192982
1780456779,102.963036
1780456779,109.908613
1780456779,111.620248
1780456779,111.389582
1780456779,104.293358
1780456779,103.719520
1780456779,111.618540
1780456779,104.599856
1780456779,107.299806
1780456779,133.939908
1780456779,104.128527
1780456779,112.252855
1780456779,133.407757
1780456779,110.699727
1780456779,111.615121
1780456779,135.367841
1780456779,111.942886
1780456779,146.967927
1780456779,103.005011
1780456779,145.773757
1780456779,110.539198
1780456779,102.839994
1780456779,133.777615
1780456779,136.269945
1780456779,110.533372
1780456779,134.748285
1780456779,110.346183
1780456779,104.776488
1780456779,110.675661
1780456779,123.507928
1780456779,144.916588
1780456779,145.138473
1780456779,109.961367
1780456779,109.489709
1780456779,144.576160
1780456779,109.178318
1780456779,132.246119
1780456779,143.170508
1780456779,132.310621
1780456779,108.502909
1780456779,108.205389
1780456779,132.434869
1780456779,134.592596
1780456779,124.698524
1780456779,103.603230
1780456779,128.047783
1780456779,105.867461
1780456779,123.997023
1780456779,125.509857
1780456779,133.126049
1780456779,133.620625
1780456779,122.297718
1780456779,105.680662
1780456779,103.268854
1780456779,104.144443
1780456779,122.549263
1780456779,105.582699
1780456779,136.452548
1780456779,136.308089
1780456779,134.178631
1780456779,134.023424
1780456779,123.343311
1780456779,104.277193
1780456779,123.231425
1780456779,135.856483
1780456779,102.930000
1780456779,104.935879
1780456779,134.797470
1780456779,104.472261
1780456779,130.410158
1780456779,129.510907
1780456779,104.240141
1780456779,104.311412
1780456779,127.512617
1780456779,121.702482
1780456779,104.271429
1780456779,104.600689
1780456779,136.503314
1780456779,105.266443
1780456779,125.408557
1780456779,123.718532
1780456779,102.770829
1780456779,126.092845
1780456779,104.669743
1780456779,104.186618
1780456779,109.217715
1780456779,137.141862
1780456779,103.555528
1780456779,123.276225
1780456779,103.218787
1780456779,128.343607
1780456779,137.644085
1780456779,128.907254
1780456779,137.802765
1780456779,104.171611
1780456779,137.612699
1780456779,103.838668
1780456779,103.302977
1780456779,106.433278
1780456779,103.818182
1780456779,106.855608
1780456779,106.455553
1780456779,102.851516
1780456779,125.266238
1780456779,107.132294
1780456779,106.305183
1780456779,124.813350
1780456779,136.662821
1780456779,106.466162
1780456779,103.424253
1780456779,139.213314
1780456779,136.879629
1780456779,104.624369
1780456779,144.358559
1780456779,132.514204
1780456779,111.444473
1780456779,143.490358
1780456779,112.911074
1780456779,116.774466
1780456779,132.435632
1780456779,132.733702
1780456779,143.963644
1780456779,119.285412
1780456779,143.690682
1780456779,109.155353
1780456779,109.185684
1780456779,144.204427
1780456779,141.817817
1780456779,143.716276
1780456779,143.086235
1780456779,143.380676
1780456779,143.061471
1780456779,145.089535
1780456779,103.100849
1780456779,144.448564
1780456779,144.295023
1780456779,103.385165
1780456779,102.962810
1780456779,144.734674
1780456779,142.314342
1780456779,103.117051
1780456779,143.994072
1780456779,142.708128
1780456779,141.163387
1780456779,102.762249
1780456779,144.025192
1780456779,102.548222
1780456779,103.327415
1780456779,102.548003
1780456779,103.078771
1780456779,103.149565
1780456779,102.910995
1780456779,142.136971
1780456779,104.367033
1780456779,143.314822
1780456779,103.222507
1780456779,102.869124
1780456779,102.898239
1780456779,102.400175
1780456779,101.361942
1780456779,102.346391
1780456779,102.807675
1780456779,102.372665
1780456779,101.581077
1780456779,101.298821
1780456779,105.444826
1780456779,105.339693
1780456779,105.289722
1780456779,105.239128
1780456779,102.755428
1780456779,104.657906
1780456779,102.517280
1780456779,105.393589
1780456779,102.703410
1780456779,105.116747
1780456779,102.347957
1780456779,102.781729
1780456779,105.615778
1780456779,102.753688
1780456779,105.507533
1780456779,102.538618
1780456779,102.354252
1780456779,104.811155
1780456779,105.144877
1780456779,102.381031
1780456779,104.876875
1780456779,138.139438
1780456779,104.797314
1780456779,105.045492
1780456779,105.118419
1780456779,104.665723
1780456779,129.403052
1780456779,105.112796
1780456779,104.830148
1780456779,104.771090
1780456779,139.124544
1780456779,103.190200
1780456779,104.456936
1780456779,106.137600
1780456779,104.834774
1780456779,105.301528
1780456779,105.856208
1780456779,106.847972
1780456779,106.423170
1780456779,106.215017
1780456779,105.794065
1780456779,104.389092
1780456779,104.630784
1780456779,107.345437
1780456779,105.654250
1780456779,105.352818
1780456779,105.367772
1780456779,105.379098
1780456779,101.708574
1780456779,102.761606
1780456779,102.599811
1780456779,103.060740
1780456779,103.007537
1780456779,102.646621
1780456779,103.378812
1780456779,103.344229
1780456779,103.153930
1780456779,102.852433
1780456779,103.981641
1780456779,102.982782
1780456779,102.786092
1780456779,102.777211
1780456779,101.653037
1780456779,102.593448
1780456779,102.719550
1780456779,102.594617
1780456779,102.657253
1780456779,102.822205
1780456779,102.655842
1780456779,102.834707
1780456779,102.808681
1780456779,102.764886
1780456779,102.556196
1780456779,102.629753
1780456779,104.999301
1780456779,104.979709
1780456779,119.691271
1780456779,119.750356
1780456779,119.898550
1780456779,120.112017
1780456779,119.551281
1780456779,119.772016
1780456779,119.905792
1780456779,119.618952
1780456779,120.362448
1780456779,120.271357
1780456779,120.098615
1780456779,120.265998
1780456779,116.372868
1780456779,120.238145
1780456779,119.305839
1780456779,119.742625
1780456779,120.442335
1780456779,116.397030
1780456779,119.053354
1780456779,122.580572
1780456779,119.071016
1780456779,123.115862
1780456779,122.953435
1780456779,122.899828
1780456779,123.154678
1780456779,123.192946
1780456779,126.013141
1780456779,126.349997
1780456779,122.732766
1780456779,102.869469
1780456779,127.312479
1780456779,127.742042
1780456779,120.787789
1780456779,113.448231
1780456779,119.306338
1780456779,103.803003
1780456779,110.944730
1780456779,107.601723
1780456779,107.289772
1780456779,105.800715
1780456779,105.934563
1780456779,106.105969
1780456779,108.428679
1780456779,107.121674
1780456779,107.464021
1780456779,106.614938
1780456779,105.399884
1780456779,105.334527
1780456779,105.397547
1780456779,119.857559
1780456779,112.762654
1780456779,111.567616
1780456779,104.736306
1780456779,105.183119
1780456779,108.049634
1780456779,109.569284
1780456779,131.505828
1780456779,113.318494
1780456779,108.248853
1780456779,114.833459
1780456779,108.352703
1780456779,116.135322
1780456779,106.695646
1780456779,115.856445
1780456779,109.415249
1780456779,115.265537
1780456779,108.403157
1780456779,106.596178
1780456779,107.352106
1780456779,107.504165
1780456779,108.425004
1780456779,107.299259
1780456779,111.880558
1780456779,109.149503
1780456779,109.327972
1780456779,111.115723
1780456779,108.995730
1780456779,111.195245
1780456779,109.666307
1780456779,111.773704
1780456779,111.724574
1780456779,118.323296
1780456779,110.544779
1780456779,108.859828
1780456779,108.709604
1780456779,108.805834
1780456779,108.952544
1780456779,108.814689
1780456779,108.942782
1780456779,107.246988
1780456779,109.019010
1780456779,118.941266
1780456779,118.069249
1780456779,116.192163
1780456779,116.275926
1780456779,112.178026
1780456779,118.786004
1780456779,112.742693
1780456779,120.092930
1780456779,113.311050
1780456779,117.866636
1780456779,117.868186
1780456779,110.839423
1780456779,110.964081
1780456779,109.350885
1780456779,118.841773
1780456779,119.157520
1780456779,118.128637
1780456779,116.702411
1780456779,116.714216
1780456779,105.787056
1780456779,123.109394
1780456779,118.760445
1780456779,122.293058
1780456779,120.303741
1780456779,105.191281
1780456779,121.103864
1780456779,117.884902
1780456779,105.128572
1780456779,105.321848
1780456779,103.391111
1780456779,103.722726
1780456779,118.140429
1780456779,104.482145
1780456779,104.404607
1780456779,103.511687
1780456779,106.179536
1780456779,104.904802
1780456779,105.166131
1780456779,103.630141
1780456779,104.079919
1780456779,104.173364
1780456779,105.467088
1780456779,105.867887
1780456779,105.108545
1780456779,105.587493
1780456779,104.678039
1780456779,104.287695
1780456779,103.434248
1780456779,103.477897
1780456779,102.968676
1780456779,103.311413
1780456779,119.776618
1780456779,104.491572
1780456779,104.901723
1780456779,106.876712
1780456779,105.349791
1780456779,105.225895
1780456779,102.792923
1780456779,103.768567
1780456779,106.944858
1780456779,118.771439
1780456779,103.942593
1780456779,102.906307
1780456779,108.561059
1780456779,108.495318
1780456779,103.066434
1780456779,104.212658
1780456779,106.587505
1780456779,104.359770
1780456779,106.776109
1780456779,102.349743
1780456779,106.259293
1780456779,102.671924
1780456779,102.642215
1780456779,104.736755
1780456779,104.415215
1780456779,104.171330
1780456779,102.900615
1780456779,103.017610
1780456779,103.021090
1780456779,103.315353
1780456779,102.490108
1780456779,102.678672
1780456779,102.650378
1780456779,102.850669
1780456779,102.817983
1780456779,102.640863
1780456779,102.759336
1780456779,102.806816
1780456779,102.881613
1780456779,102.766186
1780456779,102.636929
1780456779,102.466778
1780456779,102.468370
1780456779,103.254942
1780456779,102.127856
1780456779,102.512062
1780456779,102.550340
1780456779,102.936632
1780456779,101.717179
1780456779,103.055897
1780456779,103.011938
1780456779,103.140295
1780456779,102.253488
1780456779,103.211471
1780456779,102.694013
1780456779,102.938916
1780456779,102.533315
1780456779,102.894174
1780456779,102.577608
1780456779,102.718829
1780456779,102.917586
1780456779,102.324828
1780456779,102.494792
1780456779,102.504735
1780456779,102.320814
1780456779,102.459284
1780456779,102.733080
1780456779,102.859809
1780456779,102.691557
1780456779,102.935881
1780456779,101.397991
1780456779,102.454913
1780456779,102.523860
1780456779,102.796569
1780456779,103.053003
1780456779,103.115051
1780456779,102.866923
1780456779,103.082831
1780456779,103.364332
1780456779,102.751370
1780456779,102.814676
1780456779,102.932862
1780456779,102.553586
1780456779,102.565937
1780456779,102.645147
1780456779,102.755644
1780456779,102.538189
1780456779,102.878507
1780456779,102.460115
1780456779,103.042832
1780456779,102.667101
1780456779,102.739477
1780456779,101.756019
1780456779,101.977315
1780456779,102.275600
1780456779,102.334479
1780456779,102.464531
1780456779,102.537651
1780456779,102.625330
1780456779,102.713248
1780456779,102.903238
1780456779,102.991774
1780456779,102.251874
1780456779,102.413518
1780456779,102.473089
1780456779,102.552911
1780456779,102.528274
1780456779,102.623229
1780456779,102.622868
1780456779,102.631483
1780456779,102.629316
1780456779,102.763576
1780456779,101.828715
1780456779,102.341538
1780456779,102.339227
1780456779,102.609365
1780456779,102.526585
1780456779,102.651380
1780456779,102.875086
1780456779,102.781279
1780456779,102.967696
1780456779,103.052865
1780456779,102.257398
1780456779,102.392515
1780456779,102.369110
1780456779,102.505038
1780456779,101.411201
1780456779,103.047515
1780456779,103.005381
1780456779,103.017443
1780456779,102.998348
1780456779,101.807245
1780456779,103.216507
1780456779,103.080352
1780456779,101.955712
1780456779,102.208594
1780456779,102.426876
1780456779,102.470400
1780456779,102.625945
1780456779,102.495949
1780456779,102.700954
1780456779,102.986235
1780456779,102.877773
1780456779,101.861562
1780456779,102.279011
1780456779,102.281965
1780456779,102.437620
1780456779,102.460534
1780456779,102.591774
1780456779,101.430192
1780456779,102.590720
1780456779,101.560229
1780456779,102.729682
1780456779,102.865602
1780456779,102.868513
1780456779,103.100689
1780456779,103.032502
1780456779,102.436292
1780456779,102.409571
1780456779,101.343037
1780456779,102.556881
1780456779,102.685346
1780456779,102.713013
1780456779,102.793296
1780456779,102.864788
1780456779,102.264573
1780456779,102.306997
1780456779,102.419224
1780456779,102.420125
1780456779,102.479304
1780456779,102.701137
1780456779,102.778245
1780456779,101.706218
1780456779,102.365155
1780456779,102.467649
1780456779,102.541568
1780456779,102.723361
1780456779,102.680936
1780456779,102.692754
1780456779,102.732898
1780456779,102.867511
1780456779,102.917946
1780456779,102.891335
1780456779,102.317056
1780456779,102.395309
1780456779,102.306533
1780456779,102.436357
1780456779,102.599610
1780456779,102.669123
1780456779,102.692990
1780456779,102.781015
1780456779,102.871793
1780456779,103.054895
1780456779,102.358561
1780456779,102.370352
1780456779,102.527139
1780456779,102.585819
1780456779,102.525531
1780456779,102.685441
1780456779,102.838734
1780456779,102.806024
1780456779,102.884118
1780456779,102.917419
1780456779,102.424877
1780456779,102.515425
1780456779,102.570730
1780456779,102.587125
1780456779,102.869619
1780456779,102.929583
1780456779,103.014511
1780456779,103.178824
1780456779,103.205214
1780456779,102.235597
1780456779,102.255556
1780456779,102.126253
1780456779,102.483880
1780456779,102.494619
1780456779,102.456901
1780456779,102.538664
1780456779,102.740843
1780456779,102.638307
1780456779,102.800194
1780456779,102.900506
1780456779,103.093748
1780456779,102.252351
1780456779,102.532903
1780456779,102.604243
1780456779,102.594891
1780456779,102.674782
1780456779,102.737127
1780456779,102.657267
1780456779,102.745391
1780456779,102.904308
1780456779,103.016801
1780456779,103.177556
1780456779,102.097093
1780456779,102.117389
1780456779,102.399272
1780456779,102.792645
1780456779,102.844612
1780456779,103.112405
1780456779,101.713375
1780456779,103.168409
1780456779,103.147023
1780456779,103.343877
1780456779,103.505916
1780456779,103.576425
1780456779,103.719278
1780456779,102.571015
1780456779,102.563849
1780456779,104.062660
1780456779,102.867710
1780456779,102.963993
1780456779,103.116153
1780456779,103.126659
1780456779,102.360596
1780456779,102.676930
1780456779,102.668462
1780456779,102.636928
1780456779,102.928338
1780456779,102.998162
1780456779,103.194491
1780456779,102.755727
1780456779,102.663954
1780456779,103.350754
1780456779,102.637575
1780456779,102.917975
1780456779,102.524103
1780456779,103.062880
1780456779,102.960672
1780456779,103.939687
1780456779,103.273857
1780456779,117.539757
1780456779,116.495453
1780456779,116.448606
1780456779,117.819341
1780456779,117.896842
1780456779,116.803345
1780456779,117.550726
1780456779,117.394991
1780456779,117.705600
1780456779,118.374006
1780456779,116.710142
1780456779,118.125609
1780456779,116.682760
1780456779,119.064348
1780456779,119.201344
1780456779,116.960979
1780456779,119.233764
1780456779,117.522289
1780456779,117.730042
1780456779,117.242602
1780456779,118.777031
1780456779,117.194637
1780456779,119.074599
1780456779,119.529417
1780456779,117.756011
1780456779,119.197955
1780456779,119.423594
1780456779,119.565804
1780456779,119.885100
1780456779,116.501052
1780456779,118.609266
1780456779,115.595014
1780456779,118.929067
1780456779,118.591208
1780456779,119.849934
1780456779,117.703568
1780456779,115.907431
1780456779,120.305181
1780456779,115.380190
1780456779,118.922050
1780456779,119.345248
1780456779,119.207549
1780456779,121.033205
1780456779,116.475182
1780456779,119.395199
1780456779,120.602234
1780456779,120.283326
1780456779,120.342560
1780456779,120.076586
1780456779,120.290483
1780456779,117.412342
1780456779,120.479501
1780456779,120.978484
1780456779,120.550376
1780456779,119.267209
1780456779,119.610651
1780456779,118.399951
1780456779,122.822417
1780456779,121.358666
1780456779,119.296962
1780456779,121.791962
1780456779,122.829954
1780456779,117.666057
1780456779,122.955824
1780456779,121.749672
1780456779,122.961561
1780456779,123.132133
1780456779,119.052827
1780456779,122.801581
1780456779,122.159808
1780456779,116.963953
1780456779,124.870614
1780456779,120.592192
1780456779,120.544880
1780456779,123.764983
1780456779,123.115276
1780456779,122.887409
1780456779,120.092414
1780456779,122.655475
1780456779,119.748901
1780456779,118.727362
1780456779,120.771466
1780456779,123.596349
1780456779,124.679652
1780456779,124.811320
1780456779,118.637330
1780456779,122.135348
1780456779,119.460801
1780456779,122.707715
1780456779,123.543892
1780456779,124.054718
1780456779,121.612681
1780456779,125.763793
1780456779,121.407632
1780456779,125.942261
1780456779,120.413457
1780456779,125.130719
1780456779,125.408617
1780456779,124.273465
1780456779,123.822305
1780456779,124.969468
1780456779,124.123320
1780456779,125.802262
1780456779,120.228539
1780456779,121.952241
1780456779,125.492604
1780456779,124.453867
1780456779,120.431657
1780456779,127.087550
1780456779,120.563230
1780456779,124.821150
1780456779,121.577921
1780456779,119.617044
1780456779,122.114701
1780456779,120.654848
1780456779,120.467333
1780456779,123.842400
1780456779,120.212586
1780456779,119.450629
1780456779,122.373758
1780456779,121.367254
1780456779,122.388491
1780456779,119.673398
1780456779,121.167435
1780456779,121.314724
1780456779,119.694417
1780456779,126.540257
1780456779,121.254952
1780456779,119.525750
1780456779,126.655063
1780456779,125.851966
1780456779,120.646887
1780456779,127.048796
1780456779,122.086065
1780456779,121.287717
1780456779,126.707465
1780456779,126.213493
1780456779,126.371872
1780456779,127.952021
1780456779,126.618966
1780456779,126.656956
1780456779,122.548363
1780456779,127.483747
1780456779,126.841123
1780456779,122.424903
1780456779,120.156213
1780456779,127.795667
1780456779,121.675050
1780456779,130.382718
1780456779,128.100608
1780456779,120.770954
1780456779,122.318649
1780456779,122.938456
1780456779,122.141782
1780456779,121.516431
1780456779,130.022979
1780456779,130.718398
1780456779,122.079906
1780456779,122.508948
1780456779,121.772580
1780456779,121.569388
1780456779,122.170245
1780456779,128.648994
1780456779,120.953459
1780456779,122.186166
1780456779,122.161397
1780456779,120.867520
1780456779,122.126709
1780456779,132.433952
1780456779,129.686304
1780456779,123.503905
1780456779,130.797311
1780456779,129.522279
1780456779,123.617890
1780456779,124.725401
1780456779,122.669548
1780456779,124.106753
1780456779,123.003302
1780456779,120.602364
1780456779,120.597971
1780456779,124.851410
1780456779,122.848187
1780456779,125.483918
1780456779,121.104918
1780456779,122.950221
1780456779,130.591431
1780456779,132.105023
1780456779,133.435725
1780456779,132.316340
1780456779,130.609887
1780456779,123.034735
1780456779,132.482433
1780456779,123.308919
1780456779,129.820996
1780456779,131.164706
1780456779,126.370669
1780456779,130.838663
1780456779,125.373410
1780456779,125.159233
1780456779,124.581748
1780456779,134.622681
1780456779,125.811632
1780456779,131.659927
1780456779,123.293541
1780456779,130.866690
1780456779,123.906704
1780456779,132.156193
1780456779,132.247236
1780456779,131.228605
1780456779,132.624959
1780456779,126.850488
1780456779,126.878975
1780456779,133.082941
1780456779,131.804073
1780456779,132.543170
1780456779,132.146147
1780456779,136.582223
1780456779,135.389639
1780456779,136.988018
1780456779,136.323808
1780456779,136.932365
1780456779,136.114911
1780456779,135.450392
1780456779,135.257561
1780456779,136.789034
1780456779,129.231144
1780456779,135.308346
1780456779,135.898680
1780456779,135.221345
1780456779,125.389155
1780456779,124.384327
1780456779,133.365264
1780456779,125.458623
1780456779,137.051815
1780456779,138.013706
1780456779,132.914078
1780456779,137.338454
1780456779,133.745725
1780456779,130.305129
1780456779,138.304718
1780456779,134.069376
1780456779,138.823951
1780456779,124.946758
1780456779,127.286741
1780456779,125.574199
1780456779,138.282523
1780456779,128.986983
1780456779,129.859732
1780456779,134.498442
1780456779,137.938809
1780456779,135.849478
1780456779,127.643127
1780456779,135.714196
1780456779,134.817240
1780456779,127.622584
1780456779,126.008906
1780456779,139.702090
1780456779,136.122433
1780456779,139.655141
1780456779,130.289327
1780456779,136.328139
1780456779,130.675792
1780456779,139.375503
1780456779,135.786328
1780456779,135.877248
1780456779,128.438040
1780456779,136.227736
1780456779,134.691338
1780456779,136.090091
1780456779,128.316689
1780456779,136.338504
1780456779,140.563278
1780456779,136.171129
1780456779,134.462830
1780456779,140.589396
1780456779,136.361899
1780456779,137.698063
1780456779,139.130117
1780456779,135.221978
1780456779,127.516502
1780456779,129.147764
1780456779,136.328408
1780456779,136.707118
1780456779,137.519158
1780456779,135.516837
1780456779,136.894592
1780456779,135.549742
1780456779,140.930074
1780456779,134.734634
1780456779,137.365680
1780456779,135.722259
1780456779,138.620392
1780456779,134.490074
1780456779,136.457889
1780456779,134.782941
1780456779,129.773175
1780456779,137.797766
1780456779,136.195125
1780456779,132.383056
1780456779,130.077214
1780456779,137.959577
1780456779,132.899364
1780456779,127.053039
1780456779,136.135711
1780456779,136.409678
1780456779,134.469327
1780456779,138.225572
1780456779,134.404136
1780456779,138.330459
1780456779,140.379287
1780456779,127.054291
1780456779,137.118955
1780456779,133.474347
1780456779,136.378046
1780456779,135.569877
1780456779,133.463612
1780456779,135.287091
1780456779,133.252432
1780456779,133.226359
1780456779,130.732535
1780456779,135.730635
1780456779,137.744371
1780456779,133.339746
1780456779,130.983517
1780456779,143.267977
1780456779,130.282060
1780456779,130.579406
1780456779,133.712796
1780456779,141.463742
1780456779,137.846857
1780456779,138.134884
1780456779,133.887338
1780456779,129.305636
1780456779,141.088104
1780456779,141.100073
1780456779,134.527006
1780456779,131.587415
1780456779,138.364188
1780456779,131.723434
1780456779,137.697802
1780456779,133.565573
1780456779,138.319980
1780456779,133.820987
1780456779,133.386605
1780456779,137.320748
1780456779,141.488598
1780456779,136.339316
1780456779,134.414680
1780456779,134.380881
1780456779,131.874970
1780456779,140.246965
1780456779,137.583057
1780456779,138.788043
1780456779,134.922693
1780456779,129.692828
1780456779,134.730660
1780456779,136.185043
1780456779,142.271232
1780456779,141.711542
1780456779,131.664647
1780456779,145.736697
1780456779,135.751380
1780456779,135.329649
1780456779,138.738586
1780456779,135.521670
1780456779,136.386226
1780456779,135.550154
1780456779,140.739657
1780456779,135.965413
1780456779,138.592250
1780456779,143.661684
1780456779,138.931889
1780456779,140.580917
1780456779,136.295868
1780456779,143.144454
1780456779,146.463690
1780456779,137.104218
1780456779,136.544150
1780456779,145.901408
1780456779,137.180555
1780456779,135.837606
1780456779,146.549751
1780456779,139.104918
1780456779,138.663096
1780456779,133.938202
1780456779,142.060871
1780456779,135.736264
1780456779,138.808910
1780456779,139.092870
1780456779,138.414577
1780456779,143.993990
1780456779,136.050548
1780456779,141.371428
1780456779,139.144978
1780456779,137.025743
1780456779,139.248577
1780456779,136.485896
1780456779,146.090234
1780456779,136.419605
1780456779,137.890668
1780456779,147.681822
1780456779,143.237989
1780456779,145.910477
1780456779,139.664237
1780456779,136.213291
1780456779,136.812228
1780456779,137.368730
1780456779,134.511933
1780456779,139.034843
1780456779,141.461829
1780456779,144.222884
1780456779,140.308671
1780456779,140.048247
1780456779,133.547268
1780456779,138.229062
1780456779,140.211533
1780456779,140.912619
1780456779,143.491634
1780456779,147.946744
1780456779,149.483223
1780456779,145.802329
1780456779,138.903317
1780456779,144.748914
1780456779,136.494794
1780456779,141.317611
1780456779,141.168148
1780456779,135.866693
1780456779,134.651659
1780456779,148.101535
1780456779,143.034404
1780456779,136.388779
1780456779,139.816064
1780456779,149.179983
1780456779,141.971650
1780456779,141.902651
1780456779,145.920060
1780456779,147.727587
1780456779,139.524119
1780456779,148.704114
1780456779,149.959425
1780456779,148.268710
1780456779,139.442980
1780456779,142.565833
1780456779,147.775930
1780456779,140.257904
1780456779,142.175368
1780456779,142.561415
1780456779,149.202916
1780456779,143.457075
1780456779,148.293620
1780456779,143.773054
1780456779,142.386648
1780456779,149.598959
1780456779,151.491294
1780456779,151.493380
1780456779,149.996255
1780456779,143.898559
1780456779,142.444018
1780456779,139.898130
1780456779,151.996301
1780456779,141.055398
1780456779,141.462667
1780456779,149.426096
1780456779,152.323219
1780456779,147.725066
1780456779,145.476561
1780456779,152.532891
1780456779,151.309306
1780456779,151.491455
1780456779,152.943784
1780456779,153.419927
1780456779,153.432249
1780456779,143.249845
1780456779,144.506006
1780456779,153.122396
1780456779,149.933817
1780456779,153.658934
1780456779,154.100127
1780456779,153.976134
1780456779,147.683420
1780456779,153.362554
1780456779,144.369545
1780456779,148.389666
1780456779,149.347232
1780456779,144.921436
1780456779,139.286310
1780456779,154.709245
1780456779,154.893358
1780456779,155.186300
1780456779,141.481065
1780456779,155.259548
1780456779,145.534447
1780456779,148.910743
1780456779,148.461075
1780456779,155.378445
1780456779,145.332765
1780456779,148.835039
1780456779,145.047153
1780456779,149.446645
1780456779,146.161341
1780456779,154.540929
1780456779,155.280231
1780456779,146.315403
1780456779,150.047843
1780456779,157.720037
1780456779,158.034142
1780456779,157.402233
1780456779,155.067288
1780456779,156.762146
1780456779,149.328706
1780456779,149.084233
1780456779,155.253337
1780456779,147.182035
1780456779,158.350818
1780456779,148.399131
1780456779,150.075655
1780456779,159.642784
1780456779,155.971179
1780456779,149.121355
1780456779,159.668149
1780456779,146.990833
1780456779,151.441081
1780456779,152.599315
1780456779,157.272697
1780456779,148.986489
1780456779,153.192501
1780456779,160.822281
1780456779,157.055823
1780456779,159.207687
1780456779,149.303924
1780456779,161.052557
1780456779,149.600692
1780456779,147.432059
1780456779,161.585003
1780456779,153.224868
1780456779,153.951082
1780456779,157.225199
1780456779,149.982338
1780456779,153.712724
1780456779,159.907431
1780456779,152.590689
1780456779,162.421879
1780456779,161.819986
1780456779,157.885922
1780456779,157.430086
1780456779,162.853254
1780456779,153.592185
1780456779,154.140398
1780456779,158.215012
1780456779,160.983726
1780456779,157.360931
1780456779,152.029886
1780456779,153.483626
1780456779,160.165996
1780456779,161.109801
1780456779,160.106103
1780456779,165.089159
1780456779,160.522111
1780456779,153.524756
1780456779,153.479193
1780456779,162.334760
1780456779,161.269941
1780456779,155.795371
1780456779,161.182188
1780456779,154.912998
1780456779,155.183284
1780456779,164.653109
1780456779,164.493329
1780456779,162.576695
1780456779,168.774097
1780456779,169.871567
1780456779,169.411023
1780456779,160.002354
1780456779,165.139291
1780456779,162.703173
1780456779,166.853643
1780456779,168.889970
1780456779,165.522266
1780456779,154.404750
1780456779,169.080827
1780456779,163.635113
1780456779,142.499938
1780456779,143.091447
1780456779,171.693195
1780456779,166.956129
1780456779,152.719351
1780456779,143.217971
1780456779,166.695826
1780456779,166.019459
1780456779,170.903303
1780456779,144.148383
1780456779,153.754092
1780456779,166.346336
1780456779,161.074676
1780456779,144.573122
1780456779,170.338417
1780456779,166.778480
1780456779,168.053416
1780456779,165.896002
1780456779,172.598290
1780456779,145.260596
1780456779,160.651684
1780456779,172.629988
1780456779,171.200810
1780456779,164.843935
1780456779,168.475418
1780456779,163.853137
1780456779,164.006836
1780456779,162.443413
1780456780,147.572938
1780456780,169.650336
1780456780,175.338758
1780456780,162.477075
1780456780,170.899336
1780456780,168.954302
1780456780,169.396928
1780456780,169.130705
1780456780,168.524919
1780456780,173.023741
1780456780,173.337703
1780456780,152.097983
1780456780,149.272052
1780456780,152.159544
1780456780,173.167184
1780456780,177.045777
1780456780,168.829710
1780456780,165.642586
1780456780,177.196176
1780456780,173.306362
1780456780,171.528425
1780456780,168.035652
1780456780,172.031000
1780456780,176.571126
1780456780,176.235042
1780456780,181.349786
1780456780,178.614171
1780456780,181.006603
1780456780,179.159244
1780456780,179.552224
1780456780,181.209127
1780456780,181.829247
1780456780,174.629073
1780456780,170.876507
1780456780,169.076046
1780456780,178.122776
1780456780,176.718874
1780456780,166.943006
1780456780,181.476853
1780456780,163.231322
1780456780,165.607304
1780456780,177.584368
1780456780,177.236864
1780456780,173.028081
1780456780,173.258348
1780456780,177.714261
1780456780,167.062011
1780456780,151.702032
1780456780,182.058311
1780456780,177.739503
1780456780,183.431088
1780456780,173.910641
1780456780,177.803927
1780456780,177.880154
1780456780,178.174201
1780456780,178.746429
1780456780,177.741181
1780456780,182.761371
1780456780,178.340579
1780456780,173.361553
1780456780,178.935615
1780456780,157.540857
1780456780,183.357878
1780456780,176.507129
1780456780,175.371038
1780456780,153.016537
1780456780,186.040078
1780456780,161.470991
1780456780,179.544674
1780456780,182.806368
1780456780,186.162744
1780456780,162.287964
1780456780,159.467027
1780456780,161.650572
1780456780,161.790687
1780456780,174.462820
1780456780,177.650160
1780456780,175.096830
1780456780,183.480496
1780456780,174.378866
1780456780,174.683826
1780456780,159.491819
1780456780,162.398640
1780456780,182.992240
1780456780,188.739328
1780456780,175.152669
1780456780,182.345585
1780456780,183.053147
1780456780,188.825885
1780456780,174.408807
1780456780,174.981205
1780456780,183.015206
1780456780,164.523392
1780456780,180.169894
1780456780,183.080386
1780456780,172.096729
1780456780,171.301476
1780456780,186.036262
1780456780,170.578097
1780456780,169.868684
1780456780,180.113958
1780456780,180.559412
1780456780,170.548049
1780456780,170.148583
1780456780,179.973078
1780456780,162.057220
1780456780,170.421624
1780456780,160.511006
1780456780,159.543221
1780456780,159.908542
1780456780,166.545738
1780456780,167.012214
1780456780,186.759946
1780456780,186.751141
1780456780,195.835460
1780456780,185.933867
1780456780,189.662375
1780456780,189.848255
1780456780,185.552859
1780456780,189.550755
1780456780,190.523010
1780456780,189.043171
1780456780,197.007697
1780456780,190.723689
1780456780,190.776931
1780456780,166.544441
1780456780,183.261637
1780456780,183.429224
1780456780,191.457026
1780456780,194.661074
1780456780,189.005441
1780456780,189.648104
1780456780,186.402118
1780456780,197.616062
1780456780,187.177762
1780456780,197.885894
1780456780,188.966375
1780456780,189.253322
1780456780,197.183907
1780456780,191.857384
1780456780,191.245888
1780456780,191.734387
1780456780,188.141815
1780456780,189.600485
1780456780,198.647800
1780456780,166.874981
1780456780,197.755135
1780456780,198.395668
1780456780,197.935156
1780456780,164.046444
1780456780,190.439360
1780456780,190.928000
1780456780,159.448123
1780456780,199.110112
1780456780,165.223518
1780456780,173.145553
1780456780,173.028593
1780456780,173.080108
1780456780,191.271073
1780456780,171.799406
1780456780,169.140637
1780456780,169.161257
1780456780,177.246550
1780456780,177.524175
1780456780,169.110960
1780456780,173.440628
1780456780,170.701150
1780456780,169.207994
1780456780,172.085860
1780456780,174.567556
1780456780,159.048542
1780456780,169.343950
1780456780,159.106370
1780456780,170.798602
1780456780,186.293408
1780456780,199.147261
1780456780,165.827379
1780456780,172.596171
1780456780,191.792979
1780456780,193.296775
1780456780,202.808344
1780456780,201.249145
1780456780,193.141209
1780456780,172.909601
1780456780,198.857952
1780456780,200.539560
1780456780,185.212997
1780456780,197.826602
1780456780,200.968273
1780456780,166.389883
1780456780,201.452912
1780456780,192.798218
1780456780,183.242192
1780456780,193.665472
1780456780,183.354943
1780456780,166.058307
1780456780,194.774146
1780456780,171.896385
1780456780,177.697808
1780456780,181.325823
1780456780,166.350191
1780456780,166.330243
1780456780,162.989050
1780456780,194.960436
1780456780,203.834852
1780456780,164.316860
1780456780,165.616765
1780456780,194.993895
1780456780,161.172431
1780456780,176.688272
1780456780,191.159201
1780456780,179.635084
1780456780,189.758317
1780456780,191.817505
1780456780,202.080464
1780456780,188.438102
1780456780,186.724423
1780456780,162.630910
1780456780,179.939270
1780456780,175.995755
1780456780,160.518190
1780456780,178.842227
1780456780,172.145965
1780456780,176.215039
1780456780,202.338510
1780456780,180.150848
1780456780,194.331552
1780456780,173.755815
1780456780,154.910774
1780456780,175.365908
1780456780,176.784019
1780456780,195.981659
1780456780,194.809201
1780456780,202.903893
1780456780,178.245391
1780456780,175.407735
1780456780,174.378330
1780456780,201.514414
1780456780,174.417199
1780456780,168.574157
1780456780,160.169786
1780456780,155.729108
1780456780,174.578128
1780456780,166.582425
1780456780,196.220395
1780456780,171.135936
1780456780,202.880175
1780456780,171.388890
1780456780,154.150775
1780456780,191.958906
1780456780,163.835818
1780456780,196.680790
1780456780,163.975843
1780456780,169.809375
1780456780,192.290949
1780456780,168.811894
1780456780,161.639359
1780456780,167.909943
1780456780,158.893229
1780456780,165.908262
1780456780,159.146003
1780456780,183.531301
1780456780,159.418073
1780456780,166.322246
1780456780,159.087342
1780456780,164.112139
1780456780,156.806065
1780456780,181.280777
1780456780,158.144113
1780456780,162.870088
1780456780,157.264564
1780456780,160.408176
1780456780,155.303556
1780456780,206.589998
1780456780,160.602055
1780456780,159.149252
1780456780,206.119844
1780456780,157.141415
1780456780,206.511286
1780456780,206.580862
1780456780,179.646986
1780456780,173.305805
1780456780,171.310829
1780456780,181.122196
1780456780,206.094942
1780456780,205.513327
1780456780,173.285643
1780456780,173.356306
1780456780,175.899806
1780456780,205.996295
1780456780,197.227693
1780456780,175.833543
1780456780,205.864210
1780456780,159.605550
1780456780,168.128488
1780456780,158.487412
1780456780,207.530669
1780456780,207.241236
1780456780,195.469212
1780456780,195.377635
1780456780,207.705288
1780456780,154.915221
1780456780,207.090174
1780456780,171.749279
1780456780,205.072483
1780456780,196.902137
1780456780,207.273296
1780456780,205.264962
1780456780,199.719731
1780456780,207.603198
1780456780,195.488728
1780456780,158.823599
1780456780,156.462866
1780456780,205.900841
1780456780,194.397293
1780456780,200.242996
1780456780,205.824952
1780456780,172.057680
1780456780,155.419286
1780456780,195.747991
1780456780,197.726647
1780456780,158.049877
1780456780,208.246168
1780456780,183.291696
1780456780,166.590720
1780456780,174.184184
1780456780,157.121872
1780456780,161.989571
1780456780,191.836338
1780456780,157.183760
1780456780,186.212741
1780456780,192.000666
1780456780,155.879745
1780456780,155.543149
1780456780,183.690415
1780456780,156.023358
1780456780,184.031933
1780456780,190.150797
1780456780,162.180474
1780456780,183.958222
1780456780,156.116031
1780456780,183.896893
1780456780,189.253933
1780456780,154.411960
1780456780,156.264994
1780456780,185.785568
1780456780,154.537217
1780456780,187.248387
1780456780,184.701761
1780456780,154.772592
1780456780,161.707150
1780456780,181.929211
1780456780,179.203597
1780456780,154.989219
1780456780,161.843619
1780456780,187.766280
1780456780,155.190951
1780456780,193.521057
1780456780,159.953795
1780456780,178.550859
1780456780,181.299745
1780456780,155.453911
1780456780,155.463798
1780456780,186.874767
1780456780,185.320103
1780456780,185.758219
1780456780,184.666563
1780456780,154.876542
1780456780,184.867467
1780456780,146.979892
1780456780,155.154343
1780456780,185.047659
1780456780,147.256894
1780456780,193.326220
1780456780,147.804864
1780456780,154.243883
1780456780,147.551522
1780456780,155.903217
1780456780,185.891878
1780456780,184.715579
1780456780,151.512693
1780456780,147.167550
1780456780,191.167431
1780456780,151.588397
1780456780,148.045136
1780456780,186.593479
1780456780,186.870807
1780456780,186.873733
1780456780,192.753651
1780456780,193.226320
1780456780,155.676796
1780456780,155.633109
1780456780,194.632132
1780456780,189.181073
1780456780,155.890439
1780456780,152.530408
1780456780,152.557874
1780456780,152.999814
1780456780,153.303050
1780456780,110.326893
1780456780,110.376194
1780456780,138.147940
1780456780,198.289748
1780456780,193.085149
1780456780,111.861851
1780456780,199.254217
1780456780,193.986935
1780456780,112.322009
1780456780,193.087354
1780456780,193.686294
1780456780,192.435470
1780456780,189.370659
1780456780,113.121535
1780456780,198.799633
1780456780,193.625755
1780456780,195.312666
1780456780,194.481668
1780456780,194.807799
1780456780,194.486289
1780456780,193.454998
1780456780,180.328642
1780456780,202.510740
1780456780,194.559029
1780456780,192.624363
1780456780,202.637161
1780456780,185.066551
1780456780,180.293920
1780456780,180.347870
1780456780,179.383781
1780456780,179.536955
1780456780,119.246624
1780456780,185.813234
1780456780,185.855779
1780456780,184.290326
1780456780,187.988040
1780456780,189.123791
1780456780,202.218136
1780456780,196.569478
1780456780,118.369421
1780456780,199.987004
1780456780,204.396380
1780456780,182.604500
1780456780,188.292342
1780456780,181.141009
1780456780,189.604275
1780456780,204.552420
1780456780,203.211290
1780456780,181.877256
1780456780,124.308665
1780456780,179.716305
1780456780,180.391353
1780456780,182.093272
1780456780,127.500374
1780456780,127.662067
1780456780,192.047427
1780456780,167.680554
1780456780,185.748210
1780456780,185.779820
1780456780,168.429725
1780456780,131.136961
1780456780,131.022220
1780456780,131.119190
1780456780,135.394571
1780456780,135.212166
1780456780,135.266454
1780456780,127.645517
1780456780,191.403236
1780456780,191.438163
1780456780,185.232562
1780456780,179.932926
1780456780,200.277086
1780456780,155.382000
1780456780,202.984577
1780456780,188.418536
1780456780,200.828251
1780456780,133.184684
1780456780,182.121382
1780456780,133.460352
1780456780,140.085700
1780456780,181.532349
1780456780,133.419116
1780456780,184.988991
1780456780,219.499684
1780456780,140.071699
1780456780,217.031801
1780456780,197.712000
1780456780,219.484501
1780456780,199.611568
1780456780,201.313606
1780456780,137.059577
1780456780,193.575958
1780456780,198.640209
1780456780,198.624533
1780456780,137.111945
1780456780,140.418381
1780456780,198.691728
1780456780,137.285676
1780456780,137.345619
1780456780,198.061633
1780456780,182.949725
1780456780,197.182726
1780456780,198.747180
1780456780,191.628872
1780456780,121.142399
1780456780,129.961162
1780456780,123.260386
1780456780,130.663106
1780456780,171.025712
1780456780,113.163757
1780456780,124.226589
1780456780,121.780523
1780456780,122.050699
1780456780,125.370545
1780456780,157.028494
1780456780,157.152538
1780456780,117.088460
1780456780,157.403925
1780456780,150.450819
1780456780,117.901337
1780456780,117.089485
1780456780,119.138134
1780456780,120.513057
1780456780,120.533270
1780456780,120.555378
1780456780,120.629745
1780456780,120.586188
1780456780,120.456284
1780456780,120.563908
1780456780,117.485506
1780456780,117.803011
1780456780,118.429776
1780456780,118.412775
1780456780,125.468514
1780456780,125.697357
1780456780,125.544302
1780456780,125.774839
1780456780,161.326827
1780456780,125.589795
1780456780,125.503470
1780456780,125.552322
1780456780,122.020916
1780456780,125.727889
1780456780,154.859112
1780456780,121.111833
1780456780,121.261407
1780456780,119.524317
1780456780,121.984914
1780456780,115.605833
1780456780,115.641574
1780456780,116.334235
1780456780,123.281485
1780456780,123.400844
1780456780,122.798005
1780456780,122.960266
1780456780,121.422699
1780456780,121.515859
1780456780,114.949956
1780456780,118.183480
1780456780,118.323104
1780456780,114.543347
1780456780,114.609087
1780456780,114.979475
1780456780,114.948213
1780456780,115.023110
1780456780,113.488928
1780456780,114.840895
1780456780,142.074833
1780456780,114.066680
1780456780,135.669172
1780456780,132.796012
1780456780,114.837250
1780456780,126.846534
1780456780,117.587551
1780456780,116.119047
1780456780,114.997210
1780456780,129.173753
1780456780,120.155137
1780456780,121.325962
1780456780,121.121046
1780456780,119.160947
1780456780,129.305431
1780456780,127.523770
1780456780,129.316730
1780456780,122.843179
1780456780,127.585439
1780456780,140.444095
1780456780,137.450885
1780456780,137.533301
1780456780,126.915934
1780456780,126.963467
1780456780,122.562783
1780456780,124.847348
1780456780,138.881572
1780456780,125.239578
1780456780,128.361595
1780456780,128.152074
1780456780,138.954461
1780456780,128.295005
1780456780,124.376088
1780456780,139.124965
1780456780,121.592946
1780456780,128.443042
1780456780,139.112013
1780456780,128.360425
1780456780,125.604417
1780456780,126.922550
1780456780,122.626113
1780456780,128.341157
1780456780,127.958461
1780456780,145.480003
1780456780,127.210824
1780456780,126.073928
1780456780,127.095139
1780456780,123.538508
1780456780,126.333943
1780456780,126.590650
1780456780,125.794701
1780456780,127.002607
1780456780,125.940668
1780456780,125.899755
1780456780,123.306284
1780456780,124.449668
1780456780,127.504239
1780456780,154.811708
1780456780,118.116423
1780456780,126.519400
1780456780,147.992947
1780456780,148.072791
1780456780,148.321249
1780456780,145.497961
1780456780,123.867642
1780456780,123.060046
1780456780,148.558274
1780456780,149.021296
1780456780,146.850365
1780456780,147.088066
1780456780,121.887321
1780456780,117.941239
1780456780,147.235832
1780456780,122.164023
1780456780,123.900609
1780456780,123.914565
1780456780,124.005930
1780456780,121.674139
1780456780,123.999635
1780456780,140.130965
1780456780,142.162870
1780456780,147.283694
1780456780,147.087826
1780456780,142.368201
1780456780,139.220901
1780456780,137.982216
1780456780,135.572065
1780456780,135.214769
1780456780,135.416681
1780456780,136.640593
1780456780,139.569637
1780456780,138.047884
1780456780,135.906036
1780456780,143.889097
1780456780,126.024959
1780456780,135.658565
1780456780,136.255938
1780456780,136.533291
1780456780,136.687664
1780456780,129.098221
1780456780,128.773687
1780456780,129.314618
1780456780,129.320194
1780456780,130.208067
1780456780,130.368340
1780456780,140.918928
1780456780,129.013171
1780456780,142.583999
1780456780,138.507038
1780456780,140.617599
1780456780,144.066895
1780456780,133.890988
1780456780,134.279190
1780456780,135.177939
1780456780,140.674586
1780456780,132.783726
1780456780,133.557783
1780456780,133.743266
1780456780,143.863624
1780456780,133.254132
1780456780,135.218803
1780456780,133.597944
1780456780,135.204108
1780456780,133.653081
1780456780,148.617297
1780456780,134.275227
1780456780,127.003855
1780456780,133.898419
1780456780,134.005129
1780456780,135.261037
1780456780,142.335550
1780456780,135.940115
1780456780,137.182984
1780456780,143.107698
1780456780,148.977543
1780456780,147.895720
1780456780,134.744106
1780456780,134.213554
1780456780,133.834724
1780456780,134.545814
1780456780,143.661546
1780456780,134.025270
1780456780,143.791986
1780456780,144.283666
1780456780,153.802960
1780456780,155.093262
1780456780,144.272005
1780456780,156.003167
1780456780,139.018445
1780456780,148.172807
1780456780,139.978210
1780456780,140.138681
1780456780,140.546554
1780456780,141.775541
1780456780,142.446113
1780456780,145.882176
1780456780,146.034830
1780456780,144.902665
1780456780,149.961554
1780456780,148.804045
1780456780,148.778900
1780456780,148.982113
1780456780,145.615209
1780456780,150.315684
1780456780,147.367576
1780456780,148.746873
1780456780,147.687582
1780456780,144.770362
1780456780,144.347407
1780456780,144.347186
1780456780,144.394788
1780456780,144.401217
1780456780,157.944708
1780456780,162.029739
1780456780,144.862182
1780456780,141.420588
1780456780,145.122659
1780456780,162.057148
1780456780,161.875680
1780456780,150.170233
1780456780,148.325741
1780456780,155.100999
1780456780,148.341204
1780456780,149.954448
1780456780,162.203749
1780456780,146.213634
1780456780,150.746210
1780456780,151.214951
1780456780,156.317769
1780456780,144.953103
1780456780,147.422405
1780456780,153.880555
1780456780,146.365184
1780456780,146.137171
1780456780,161.271717
1780456780,161.591224
1780456780,143.745156
1780456780,163.933769
1780456780,161.363311
1780456780,161.654237
1780456780,159.812624
1780456780,146.918552
1780456780,159.981754
1780456780,147.746081
1780456780,147.382218
1780456780,155.703599
1780456780,147.188921
1780456780,160.918611
1780456780,160.895729
1780456780,155.324578
1780456780,154.938858
1780456780,166.848995
1780456780,150.319467
1780456780,165.754828
1780456780,166.280029
1780456780,149.530243
1780456780,147.206507
1780456780,157.562181
1780456780,148.486763
1780456780,149.214691
1780456780,147.738492
1780456780,156.448288
1780456780,148.054001
1780456780,146.580281
1780456780,155.120032
1780456780,148.005057
1780456780,159.349495
1780456780,140.557469
1780456780,120.346789
1780456780,145.226889
1780456780,155.735960
1780456780,154.804083
1780456780,157.205941
1780456780,149.294821
1780456780,155.654661
1780456780,149.798554
1780456780,117.449445
1780456780,149.152055
1780456780,148.949446
1780456780,128.960224
1780456780,119.598583
1780456780,150.013526
1780456780,124.818473
1780456780,126.661531
1780456780,124.923016
1780456780,160.533015
1780456780,128.002379
1780456780,161.013324
1780456780,160.131718
1780456780,122.749029
1780456780,157.841447
1780456780,160.116387
1780456780,126.272683
1780456780,153.107861
1780456780,150.947664
1780456780,122.392970
1780456780,129.088345
1780456780,121.823386
1780456780,157.580885
1780456780,121.830557
1780456780,156.342246
1780456780,153.690603
1780456780,121.576556
1780456780,156.619108
1780456780,153.631388
1780456780,156.679046
1780456780,121.675642
1780456780,157.135506
1780456780,157.259946
1780456780,150.214687
1780456780,121.518724
1780456780,156.752895
1780456780,154.355241
1780456780,121.137703
1780456780,155.969905
1780456780,153.884132
1780456780,157.519114
1780456780,121.799006
1780456780,121.810956
1780456780,153.094556
1780456780,135.674131
1780456780,120.878776
1780456780,156.632778
1780456780,152.840006
1780456780,166.176853
1780456780,134.425977
1780456780,125.059505
1780456780,125.185381
1780456780,125.551556
1780456780,125.686872
1780456780,125.849138
1780456780,165.813675
1780456780,126.673256
1780456780,128.980757
1780456780,152.845600
1780456780,128.911086
1780456780,137.035119
1780456780,135.247445
1780456780,157.042984
1780456780,157.584564
1780456780,152.872355
1780456780,121.439136
1780456780,121.089029
1780456780,122.005641
1780456780,153.246282
1780456780,122.065863
1780456780,122.071377
1780456780,151.367383
1780456780,124.703299
1780456780,156.042475
1780456780,158.742840
1780456780,157.413972
1780456780,157.458414
1780456780,157.648998
1780456780,157.542593
1780456780,157.026435
1780456780,134.264570
1780456780,157.354953
1780456780,153.118612
1780456780,157.409719
1780456780,157.043613
1780456780,157.205466
1780456780,153.779721
1780456780,170.633692
1780456780,164.366527
1780456780,165.197326
1780456780,166.759854
1780456780,137.788401
1780456780,167.458042
1780456780,169.152002
1780456780,166.934859
1780456780,154.214818
1780456780,154.916577
1780456780,154.004537
1780456780,123.586533
1780456780,154.036030
1780456780,155.471637
1780456780,125.114661
1780456780,154.571072
1780456780,126.976095
1780456780,156.988423
1780456780,128.064713
1780456780,162.606088
1780456780,164.592237
1780456780,139.306103
1780456780,159.119555
1780456780,134.826648
1780456780,138.751062
1780456780,140.607519
1780456780,124.368680
1780456780,139.027808
1780456780,139.397705
1780456780,126.302778
1780456780,126.867114
1780456780,127.197474
1780456780,128.196046
1780456780,126.741773
1780456780,126.834174
1780456780,128.026691
1780456780,126.756887
1780456780,141.780223
1780456780,127.664920
1780456780,123.344437
1780456780,127.860295
1780456780,127.358034
1780456780,127.662686
1780456780,164.029595
1780456780,132.975673
1780456780,163.449308
1780456780,140.032948
1780456780,129.992220
1780456780,165.041608
1780456780,129.823136
1780456780,140.317125
1780456780,165.890427
1780456780,128.631276
1780456780,139.503258
1780456780,128.787427
1780456780,127.658090
1780456780,129.608319
1780456780,148.421113
1780456780,130.407395
1780456780,146.061390
1780456780,133.068014
1780456780,133.234890
1780456780,147.498196
1780456780,134.942093
1780456780,142.342402
1780456780,142.878537
1780456780,144.462325
1780456780,144.511159
1780456780,144.746959
1780456780,131.008320
1780456780,132.957991
1780456780,172.378996
1780456780,130.150307
1780456780,167.677132
1780456780,129.499740
1780456780,130.104817
1780456780,166.141874
1780456780,129.560659
1780456780,166.371021
1780456780,130.562633
1780456780,143.302661
1780456780,132.231777
1780456780,143.018956
1780456780,130.366059
1780456780,167.062555
1780456780,142.698945
1780456780,135.510763
1780456780,135.633907
1780456780,131.364376
1780456780,170.635227
1780456780,172.362175
1780456780,173.076309
1780456780,173.967490
1780456780,146.501025
1780456780,174.691539
1780456780,147.671296
1780456780,150.196238
1780456780,135.226044
1780456780,142.643743
1780456780,150.282706
1780456780,170.340488
1780456780,142.900410
1780456780,144.114421
1780456780,170.326913
1780456780,132.318963
1780456780,132.290687
1780456780,142.066055
1780456780,142.894701
1780456780,131.438994
1780456780,167.912768
1780456780,142.347459
1780456780,130.468846
1780456780,130.778921
1780456780,154.473631
1780456780,170.685981
1780456780,140.776449
1780456780,142.087592
1780456780,170.835218
1780456780,128.049460
1780456780,154.578335
1780456780,141.113110
1780456780,130.016837
1780456780,130.273131
1780456780,129.033904
1780456780,155.598609
1780456780,140.579206
1780456780,155.194405
1780456780,130.491102
1780456780,139.535702
1780456780,139.707122
1780456780,129.883211
1780456780,130.067898
1780456780,130.014510
1780456780,140.977209
1780456780,140.967180
1780456780,137.011870
1780456780,130.202442
1780456780,155.633207
1780456780,139.805511
1780456780,137.765999
1780456780,136.467256
1780456780,129.632020
1780456780,129.832292
1780456780,130.988706
1780456780,131.232098
1780456780,131.350106
1780456780,138.268570
1780456780,134.669765
1780456780,130.214072
1780456780,138.205382
1780456780,130.556645
1780456780,129.020841
1780456780,156.841613
1780456780,135.134879
1780456780,139.276215
1780456780,134.248222
1780456780,129.757214
1780456780,129.702335
1780456780,157.905047
1780456780,129.808212
1780456780,158.302241
1780456780,130.389012
1780456780,128.834952
1780456780,158.780725
1780456780,135.633253
1780456780,135.906955
1780456780,159.694063
1780456780,158.768511
1780456780,135.044164
1780456780,159.045867
1780456780,159.271779
1780456780,136.065982
1780456780,160.008149
1780456780,131.735992
1780456780,131.680469
1780456780,160.185237
1780456780,159.437274
1780456780,160.468441
1780456780,159.197569
1780456780,159.287107
1780456780,160.550355
1780456780,158.914948
1780456780,146.339450
1780456780,148.311032
1780456780,146.551748
1780456780,158.971136
1780456780,146.110852
1780456780,144.238751
1780456780,136.447990
1780456780,136.229791
1780456780,140.795076
1780456780,147.913157
1780456780,142.460155
1780456780,142.880935
1780456780,163.099208
1780456780,139.773888
1780456780,142.044758
1780456780,163.657341
1780456780,164.425592
1780456780,142.405810
1780456780,163.108773
1780456780,142.898475
1780456780,164.889739
1780456780,164.527760
1780456780,163.468422
1780456780,163.814584
1780456780,163.925704
1780456780,131.850777
1780456780,152.154310
1780456780,175.977494
1780456780,131.741307
1780456780,144.253589
1780456780,137.205748
1780456780,141.506966
1780456780,139.751714
1780456780,143.072235
1780456780,144.986056
1780456780,148.470957
1780456780,142.215996
1780456780,153.333042
1780456780,145.621575
1780456780,144.106214
1780456780,141.013774
1780456780,136.726221
1780456780,143.211785
1780456780,157.626635
1780456780,157.801819
1780456780,154.050362
1780456780,156.205801
1780456780,196.490206
1780456780,157.927178
1780456780,148.042895
1780456780,152.610083
1780456780,139.188153
1780456780,151.045586
1780456780,148.448697
1780456780,153.085520
1780456780,177.266971
1780456780,169.050261
1780456780,170.150459
1780456780,170.544034
1780456780,172.181169
1780456780,177.866750
1780456780,191.677350
1780456780,193.465808
1780456780,170.857831
1780456780,143.911569
1780456780,144.419497
1780456780,193.821340
1780456780,196.633733
1780456780,195.569373
1780456780,155.053769
1780456780,155.025043
1780456780,153.857005
1780456780,140.117069
1780456780,141.469286
1780456780,142.815930
1780456780,140.075520
1780456780,153.857313
1780456780,136.362130
1780456780,154.067481
1780456780,138.630909
1780456780,135.323091
1780456780,154.499265
1780456780,178.162608
1780456780,178.262757
1780456780,150.461937
1780456780,178.353369
1780456780,149.211788
1780456780,177.560739
1780456780,136.566716
1780456780,149.719674
1780456780,176.844298
1780456780,132.807471
1780456780,133.193565
1780456780,178.383746
1780456780,154.909521
1780456780,155.103381
1780456780,132.947315
1780456780,130.709131
1780456780,151.174190
1780456780,130.013621
1780456780,150.725265
1780456780,149.763541
1780456780,149.184841
1780456780,145.526274
1780456780,155.514928
1780456780,157.418340
1780456780,146.925494
1780456780,118.211088
1780456780,118.312171
1780456780,179.938895
1780456780,154.475968
1780456780,183.175129
1780456780,143.344159
1780456780,156.383571
1780456780,156.441526
1780456780,145.724019
1780456780,118.525518
1780456780,120.468469
1780456780,133.349151
1780456780,175.204737
1780456780,135.842126
1780456780,180.611448
1780456780,138.731922
1780456780,115.717016
1780456780,181.216041
1780456780,158.953900
1780456780,165.655580
1780456780,162.728863
1780456780,167.661320
1780456780,159.248787
1780456780,138.527597
1780456780,142.531323
1780456780,149.218650
1780456780,151.797886
1780456780,153.298056
1780456780,156.388906
1780456780,158.046894
1780456780,179.101769
1780456780,178.501876
1780456780,158.162528
1780456780,118.713470
1780456780,158.402869
1780456780,178.866363
1780456780,178.388524
1780456780,119.335440
1780456780,184.523174
1780456780,157.577755
1780456780,150.756417
1780456780,184.880877
1780456780,153.596599
1780456780,119.962659
1780456780,183.409646
1780456780,119.236077
1780456780,121.420950
1780456780,156.969308
1780456780,184.234888
1780456780,125.030383
1780456780,120.791448
1780456780,153.372804
1780456780,184.475960
1780456780,183.142829
1780456780,184.817248
1780456780,127.295393
1780456780,153.051451
1780456780,185.113540
1780456780,153.259120
1780456780,121.169057
1780456780,184.191277
1780456780,124.706501
1780456780,153.242147
1780456780,180.771436
1780456780,156.362481
1780456780,127.025076
1780456780,153.055562
1780456780,186.268106
1780456780,155.656437
1780456780,127.581945
1780456780,122.290814
1780456780,155.885254
1780456780,181.640863
1780456780,154.858752
1780456780,125.918194
1780456780,125.006609
1780456780,149.777626
1780456780,151.252876
1780456780,128.384920
1780456780,151.527058
1780456780,128.551914
1780456780,186.392157
1780456780,151.649539
1780456780,125.593506
1780456780,188.296336
1780456780,151.945864
1780456780,127.172252
1780456780,182.564612
1780456780,150.850304
1780456780,149.901941
1780456780,187.491917
1780456780,123.224508
1780456780,151.603696
1780456780,150.686603
1780456780,182.809716
1780456780,154.927676
1780456780,123.870356
1780456780,123.482102
1780456780,182.314531
1780456780,155.496452
1780456780,150.395725
1780456780,126.591928
1780456780,126.767976
1780456780,183.168810
1780456780,181.940811
1780456780,121.606277
1780456780,179.347003
1780456780,124.369763
1780456780,179.679520
1780456780,179.837986
1780456780,180.157130
1780456780,127.983405
1780456780,126.750265
1780456780,180.401316
1780456780,124.991766
1780456780,179.501966
1780456780,179.627265
1780456780,124.543443
1780456780,157.146555
1780456780,179.913801
1780456780,123.885709
1780456780,188.368818
1780456780,179.989108
1780456780,186.139116
1780456780,186.078576
1780456780,153.507539
1780456780,186.805350
1780456780,127.314640
1780456780,128.173078
1780456780,155.055798
1780456780,188.099576
1780456780,187.904191
1780456780,179.855624
1780456780,124.753045
1780456780,126.717340
1780456780,175.463238
1780456780,124.543295
1780456780,155.469908
1780456780,124.643976
1780456780,154.305958
1780456780,115.576986
1780456780,124.901560
1780456780,193.482595
1780456780,152.591602
1780456780,124.395223
1780456780,125.739772
1780456780,124.773947
1780456780,124.145610
1780456780,123.758255
1780456780,124.830516
1780456780,154.254088
1780456780,122.609542
1780456780,154.526336
1780456780,153.631900
1780456780,118.060298
1780456780,195.920650
1780456780,124.524401
1780456780,118.354660
1780456780,152.928084
1780456780,196.067177
1780456780,153.175693
1780456780,125.482442
1780456780,119.009445
1780456780,125.103425
1780456780,119.710301
1780456780,119.647009
1780456780,119.733767
1780456780,197.459234
1780456780,197.028364
1780456780,120.143227
1780456780,196.364676
1780456780,197.555687
1780456780,198.364164
1780456780,198.472253
1780456780,199.046815
1780456780,154.678776
1780456780,154.914732
1780456780,194.416681
1780456780,154.440590
1780456780,196.123288
1780456780,153.594460
1780456780,196.404181
1780456780,120.541069
1780456780,153.868387
1780456780,153.555161
1780456780,195.058415
1780456780,189.166868
1780456780,200.832011
1780456780,202.246395
1780456780,134.390592
1780456780,162.193341
1780456780,189.416263
1780456780,196.616796
1780456780,195.508898
1780456780,120.879912
1780456780,121.076513
1780456780,120.613775
1780456780,122.329989
1780456780,198.777084
1780456780,122.461562
1780456780,201.212322
1780456780,122.498206
1780456780,122.464657
1780456780,161.399429
1780456780,188.668868
1780456780,122.524671
1780456780,188.744921
1780456780,198.837578
1780456780,185.896731
1780456780,124.417846
1780456780,197.521881
1780456780,121.839869
1780456780,123.852679
1780456780,189.460568
1780456780,183.026383
1780456780,189.848196
1780456780,189.979109
1780456780,191.236583
1780456780,188.833840
1780456780,188.969553
1780456780,125.534369
1780456780,125.692054
1780456780,185.944157
1780456780,194.632750
1780456780,125.565193
1780456780,123.945612
1780456780,123.803915
1780456780,194.084276
1780456780,122.406477
1780456780,124.024195
1780456780,192.970693
1780456780,122.272987
1780456780,186.480738
1780456780,193.057105
1780456780,186.731335
1780456780,191.588974
1780456780,185.892004
1780456780,187.528077
1780456780,187.358213
1780456780,190.818870
1780456780,186.124243
1780456780,190.635193
1780456780,186.389102
1780456780,194.546761
1780456780,191.462865
1780456780,186.640095
1780456780,193.103154
1780456780,186.768016
1780456780,190.370552
1780456780,198.558167
1780456780,184.872297
1780456780,184.923822
1780456780,133.103304
1780456780,185.568624
1780456780,193.125637
1780456780,190.370660
1780456780,192.925554
1780456780,197.028008
1780456780,184.445820
1780456780,184.611099
1780456780,192.429854
1780456780,186.516129
1780456780,186.085488
1780456780,185.972961
1780456780,197.014050
1780456780,185.858152
1780456780,194.367857
1780456780,165.718041
1780456780,194.288785
1780456780,199.055979
1780456780,198.976034
1780456780,162.602958
1780456780,193.741051
1780456780,162.359741
1780456780,163.142434
1780456780,194.016345
1780456780,189.479911
1780456780,193.716712
1780456780,183.477809
1780456780,159.840947
1780456780,164.275485
1780456780,162.562843
1780456780,185.765435
1780456780,165.347848
1780456780,194.375638
1780456780,162.439218
1780456780,166.380161
1780456780,190.210236
1780456780,187.263912
1780456780,191.744123
1780456780,193.615555
1780456780,193.468855
1780456780,161.674215
1780456780,161.838577
1780456780,162.001381
1780456780,162.060076
1780456780,185.481466
1780456780,193.917784
1780456780,162.310905
1780456780,185.236907
1780456780,162.880249
1780456780,193.160548
1780456780,194.595713
1780456780,139.406576
1780456780,163.142081
1780456780,163.272887
1780456780,163.579532
1780456780,132.163112
1780456780,163.384762
1780456780,163.836937
1780456780,159.106367
1780456780,159.241379
1780456780,201.072928
1780456780,207.024638
1780456780,159.770453
1780456780,196.756639
1780456780,207.539047
1780456780,162.115660
1780456780,157.779407
1780456780,206.483401
1780456780,195.472003
1780456780,195.495689
1780456780,195.508021
1780456780,158.245105
1780456780,200.688881
1780456780,158.200374
1780456780,194.563363
1780456780,207.078357
1780456780,193.565533
1780456780,207.213089
1780456780,156.801866
1780456780,189.820531
1780456780,158.002535
1780456780,204.237375
1780456780,147.610741
1780456780,195.281551
1780456780,147.463488
1780456780,189.308394
1780456780,206.502882
1780456780,160.803584
1780456780,145.295464
1780456780,204.782101
1780456780,146.583833
1780456780,192.408001
1780456780,191.140100
1780456780,193.539889
1780456780,189.674991
1780456780,218.753661
1780456780,187.960798
1780456780,207.218339
1780456780,186.932445
1780456780,205.590892
1780456780,193.018243
1780456780,191.694029
1780456780,194.453265
1780456780,190.444491
1780456780,209.185058
1780456780,206.346110
1780456780,151.702807
1780456780,152.383840
1780456780,150.434109
1780456780,147.365639
1780456780,147.463197
1780456780,147.943415
1780456780,152.879839
1780456780,147.698181
1780456780,208.436994
1780456780,147.901485
1780456780,221.291530
1780456780,148.227053
1780456780,154.359819
1780456780,225.372793
1780456780,147.564986
1780456780,220.488567
1780456780,217.666681
1780456780,153.788180
1780456780,217.930652
1780456780,147.629089
1780456780,154.227628
1780456780,213.913266
1780456780,151.969555
1780456780,211.129850
1780456780,137.681230
1780456780,147.872755
1780456780,147.784813
1780456780,147.305413
1780456780,135.285284
1780456780,209.796823
1780456780,209.118127
1780456780,193.214856
1780456780,161.017920
1780456780,226.576230
1780456780,207.146864
1780456780,207.467051
1780456780,196.325641
1780456780,208.681059
1780456780,218.640271
1780456780,150.175829
1780456780,151.929477
1780456780,225.419019
1780456780,224.676601
1780456780,225.103590
1780456780,199.990025
1780456780,203.816979
1780456780,205.272545
1780456780,207.938834
1780456780,212.585239
1780456780,196.562924
1780456780,189.967583
1780456780,179.553095
1780456780,175.893732
1780456780,192.798325
1780456780,194.990063
1780456780,176.241612
1780456780,179.388901
1780456780,179.123265
1780456780,167.123487
1780456780,173.231276
1780456780,173.237425
1780456780,168.051034
1780456780,172.876837
1780456780,219.700453
1780456780,161.437483
1780456780,168.738606
1780456780,216.661550
1780456780,168.523288
1780456780,168.675608
1780456780,215.784645
1780456780,163.868845
1780456780,214.808894
1780456780,168.896257
1780456780,164.217626
1780456780,164.284547
1780456780,164.514425
1780456780,220.028673
1780456780,219.363459
1780456780,217.527601
1780456780,216.376293
1780456780,179.066768
1780456780,179.199133
1780456780,214.627826
1780456780,214.501829
1780456780,180.396207
1780456780,214.729001
1780456780,180.655372
1780456780,180.905663
1780456780,181.145384
1780456780,181.248752
1780456780,181.892751
1780456780,181.129815
1780456780,181.674748
1780456780,181.563000
1780456780,178.463104
1780456780,178.331202
1780456780,176.408921
1780456780,178.023580
1780456780,176.954586
1780456780,221.263006
1780456780,185.516282
1780456780,187.141980
1780456780,186.325679
1780456780,189.037235
1780456780,187.722354
1780456780,225.550296
1780456780,223.134312
1780456780,225.766411
1780456780,176.731593
1780456780,129.036259
1780456780,182.711825
1780456780,184.327072
1780456780,185.300854
1780456780,183.754570
1780456780,220.718025
1780456780,186.836767
1780456780,188.161194
1780456780,186.221887
1780456780,222.041716
1780456780,179.227970
1780456780,180.299255
1780456780,183.807563
1780456780,131.220270
1780456780,131.277716
1780456780,171.258259
1780456780,182.817321
1780456780,173.019876
1780456780,182.837287
1780456780,172.761013
1780456780,236.694516
1780456780,144.825457
1780456780,144.150396
1780456780,173.260643
1780456780,193.734457
1780456780,231.577066
1780456780,214.937983
1780456780,195.867455
1780456780,183.363461
1780456780,144.251620
1780456780,235.630191
1780456780,144.334820
1780456780,233.190225
1780456780,181.642176
1780456780,183.774468
1780456780,183.042917
1780456780,227.673716
1780456780,141.311188
1780456780,144.530944
1780456780,182.921308
1780456780,227.855514
1780456780,144.400997
1780456780,179.847417
1780456780,144.212515
1780456780,179.335229
1780456780,144.289028
1780456780,179.344723
1780456780,184.063045
1780456780,138.323859
1780456780,183.648414
1780456780,144.611635
1780456780,181.381817
1780456780,144.690856
1780456780,180.939220
1780456780,181.554647
1780456780,182.538762
1780456780,138.718530
1780456780,172.520719
1780456780,179.348599
1780456780,180.913646
1780456780,171.730358
1780456780,180.450379
1780456780,173.909271
1780456780,174.072917
1780456780,188.638605
1780456780,179.111486
1780456780,188.980545
1780456780,181.305698
1780456780,188.267182
1780456780,174.779201
1780456780,188.500558
1780456780,175.369813
1780456780,182.702776
1780456780,189.014074
1780456780,180.178812
1780456780,187.978419
1780456780,137.441811
1780456780,137.588537
1780456780,137.666666
1780456780,137.420670
1780456780,188.042986
1780456780,137.667139
1780456780,188.528870
1780456780,187.223773
1780456780,188.662297
1780456780,137.914478
1780456780,137.853496
1780456780,137.941387
1780456780,141.652990
1780456780,143.156185
1780456780,143.480369
1780456780,190.255934
1780456780,193.707589
1780456780,194.465849
1780456780,193.833874
1780456780,194.003078
1780456780,190.878467
1780456780,195.293436
1780456780,146.052345
1780456780,197.157928
1780456780,146.320233
1780456780,195.286640
1780456780,146.026114
1780456780,195.061149
1780456780,194.980456
1780456780,146.467351
1780456780,147.033010
1780456780,194.996067
1780456780,195.421778
1780456780,192.491860
1780456780,147.974132
1780456780,192.469331
1780456780,144.600963
1780456780,238.377587
1780456780,135.565560
1780456780,144.652273
1780456780,193.586951
1780456780,193.724390
1780456780,128.211337
1780456780,134.730414
1780456780,193.466985
1780456780,193.555022
1780456780,134.615405
1780456780,134.686150
1780456780,193.788890
1780456780,193.756552
1780456780,130.323631
1780456780,133.335619
1780456780,194.507221
1780456780,194.843186
1780456780,196.693780
1780456780,194.371590
1780456780,193.310957
1780456780,193.605420
1780456780,194.166603
1780456780,237.052744
1780456780,193.614180
1780456780,193.582017
1780456780,194.089415
1780456780,193.735569
1780456780,194.038290
1780456780,237.824681
1780456780,235.316227
1780456780,195.062430
1780456780,238.755741
1780456780,196.575329
1780456780,200.657184
1780456780,195.092252
1780456780,195.026479
1780456780,201.407759
1780456780,239.815302
1780456780,197.642050
1780456780,200.580157
1780456780,200.329009
1780456780,199.948529
1780456780,237.172961
1780456780,198.301060
1780456780,197.146692
1780456780,237.302408
1780456780,196.102031
1780456780,199.324626
1780456780,241.652192
1780456780,197.307312
1780456780,200.516116
1780456780,239.979826
1780456780,142.752132
1780456780,240.553828
1780456780,233.657453
1780456780,143.551941
1780456780,232.834388
1780456780,204.034082
1780456780,204.050214
1780456780,199.733690
1780456780,247.514985
1780456780,190.829546
1780456780,246.147726
1780456780,246.656839
1780456780,241.638984
1780456780,245.228672
1780456780,245.315206
1780456780,246.215870
1780456780,244.174202
1780456780,244.225920
1780456780,204.214538
1780456780,204.580774
1780456780,241.981303
1780456780,204.865103
1780456780,194.769846
1780456780,186.582255
1780456780,197.102683
1780456780,198.660694
1780456780,198.992984
1780456780,237.819137
1780456780,195.076167
1780456780,205.202155
1780456780,205.193428
1780456780,236.162477
1780456780,236.059118
1780456780,205.917287
1780456780,210.658554
1780456780,205.388200
1780456780,208.043579
1780456780,246.506500
1780456780,210.519852
1780456780,193.428572
1780456780,244.383542
1780456780,245.017745
1780456780,195.554340
1780456780,246.405288
1780456780,192.488876
1780456780,146.678350
1780456780,148.435094
1780456780,243.565563
1780456780,148.188860
1780456780,146.435481
1780456780,160.121264
1780456780,146.918106
1780456780,240.520029
1780456780,145.704131
1780456780,241.153734
1780456780,146.154841
1780456780,236.106396
1780456780,146.314233
1780456780,146.412679
1780456780,146.699711
1780456780,146.602272
1780456780,146.793592
1780456780,147.238156
1780456780,136.681732
1780456780,147.945107
1780456780,138.066910
1780456780,226.011437
1780456780,226.651409
1780456780,226.677980
1780456780,136.614665
1780456780,245.601987
1780456780,151.854187
1780456780,141.051148
1780456780,223.543864
1780456780,223.597555
1780456780,244.578583
1780456780,140.745022
1780456780,148.986754
1780456780,221.838360
1780456780,138.921183
1780456780,140.977217
1780456780,141.130651
1780456780,140.928273
1780456780,141.352335
1780456780,223.078332
1780456780,141.355415
1780456780,141.310730
1780456780,154.002220
1780456780,241.581137
1780456780,213.454719
1780456780,214.088214
1780456780,144.093919
1780456780,224.780546
1780456780,156.275279
1780456780,214.306233
1780456780,153.559305
1780456780,224.919196
1780456780,213.497474
1780456780,213.608022
1780456780,213.949595
1780456780,153.415727
1780456780,213.128613
1780456780,151.921024
1780456780,214.784378
1780456780,214.421901
1780456780,151.191017
1780456780,213.366071
1780456780,145.658225
1780456780,213.822851
1780456780,199.467371
1780456780,152.137378
1780456780,155.654834
1780456780,210.302221
1780456780,199.584087
1780456780,226.444308
1780456780,225.890426
1780456780,249.052615
1780456780,249.102375
1780456780,158.364340
1780456780,158.337290
1780456780,158.073771
1780456780,226.944670
1780456780,206.255620
1780456780,248.768504
1780456780,244.297604
1780456780,205.748311
1780456780,158.566862
1780456780,248.880831
1780456780,158.348982
1780456780,155.974081
1780456780,228.754143
1780456780,156.096036
1780456780,228.960292
1780456780,139.885303
1780456780,156.112821
1780456780,158.623827
1780456780,156.968736
1780456780,142.570624
1780456780,228.749632
1780456780,156.474974
1780456780,228.822842
1780456780,227.387551
1780456780,205.600232
1780456780,226.453345
1780456780,204.265929
1780456780,226.919386
1780456780,203.544303
1780456780,220.958433
1780456780,220.960360
1780456780,221.098818
1780456780,147.268868
1780456780,151.965274
1780456780,151.934374
1780456780,194.602562
1780456780,149.472759
1780456780,222.701862
1780456780,228.046501
1780456780,224.846286
1780456780,151.156167
1780456780,224.223755
1780456780,224.995290
1780456780,227.934551
1780456780,226.174075
1780456780,226.845829
1780456780,223.783547
1780456780,150.292243
1780456780,197.809447
1780456780,197.917443
1780456780,197.598784
1780456780,223.092119
1780456780,149.370239
1780456780,195.817972
1780456780,198.244951
1780456780,198.038845
1780456780,223.748343
1780456780,188.809070
1780456780,216.851219
1780456780,218.145662
1780456780,218.343320
1780456780,151.273890
1780456780,151.274188
1780456780,151.500471
1780456780,216.320643
1780456780,152.149755
1780456780,227.682752
1780456780,151.704681
1780456780,200.433448
1780456780,200.822185
1780456780,234.084681
1780456780,152.003265
1780456780,151.672689
1780456780,234.237221
1780456780,228.058702
1780456780,234.430477
1780456780,234.400754
1780456780,152.489847
1780456780,228.650537
1780456780,151.393811
1780456780,151.348937
1780456780,201.476072
1780456780,228.663767
1780456780,233.573413
1780456780,202.011405
1780456780,233.676376
1780456780,229.115138
1780456780,202.267812
1780456780,233.894687
1780456780,234.083632
1780456780,202.594345
1780456780,162.429636
1780456780,162.742479
1780456780,229.296467
1780456780,157.628007
1780456780,219.085409
1780456780,154.295611
1780456780,234.363153
1780456780,194.324122
1780456780,229.383507
1780456780,153.071180
1780456780,189.879413
1780456780,231.568749
1780456780,154.639611
1780456780,193.601040
1780456780,153.245330
1780456780,234.210329
1780456780,153.219400
1780456780,232.986498
1780456780,233.753240
1780456780,230.991385
1780456780,191.007187
1780456780,194.618255
1780456780,233.278005
1780456780,191.202345
1780456780,228.081180
1780456780,150.849291
1780456780,153.731031
1780456780,170.110404
1780456780,191.252357
1780456780,150.904856
1780456780,191.376562
1780456780,230.052651
1780456780,148.147197
1780456780,153.843701
1780456780,153.574124
1780456780,213.476231
1780456780,192.005128
1780456780,151.636778
1780456780,191.598032
1780456780,191.687385
1780456780,191.985144
1780456780,222.243726
1780456780,150.341886
1780456780,192.344380
1780456780,220.881460
1780456780,147.559103
1780456780,147.291119
1780456780,147.503238
1780456780,181.199949
1780456780,221.750825
1780456780,147.789010
1780456780,179.373693
1780456780,222.465682
1780456780,152.361603
1780456780,233.724461
1780456780,193.630369
1780456780,219.401031
1780456780,143.592065
1780456780,179.678054
1780456780,233.927948
1780456780,143.420827
1780456780,176.891235
1780456780,233.971970
1780456780,178.829164
1780456780,134.424177
1780456780,234.640232
1780456780,133.036321
1780456780,138.744342
1780456780,173.420271
1780456780,138.042156
1780456780,172.985931
1780456780,237.581304
1780456780,236.939822
1780456780,138.048640
1780456780,171.984217
1780456780,179.231732
1780456780,236.840277
1780456780,218.488386
1780456780,235.564509
1780456780,139.011645
1780456780,231.830025
1780456780,219.615959
1780456780,228.404710
1780456780,139.070846
1780456780,216.227633
1780456780,139.256765
1780456780,216.348703
1780456780,139.259805
1780456780,222.875292
1780456780,216.264679
1780456780,136.203990
1780456780,222.803522
1780456780,216.556476
1780456780,216.315857
1780456780,137.270950
1780456780,137.004605
1780456780,212.981479
1780456780,137.097096
1780456780,136.876275
1780456780,213.068936
1780456780,222.022418
1780456780,222.199416
1780456780,137.258468
1780456780,137.478715
1780456780,213.311559
1780456780,136.917414
1780456780,203.100967
1780456780,213.219600
1780456780,213.352936
1780456780,204.982096
1780456780,199.358912
1780456780,178.538154
1780456780,178.728242
1780456780,177.710491
1780456780,177.516162
1780456780,177.796604
1780456780,176.750169
1780456780,137.892203
1780456780,176.781079
1780456780,169.735997
1780456780,177.683900
1780456780,142.449218
1780456780,179.704635
1780456780,179.485600
1780456780,133.596771
1780456780,139.126467
1780456780,133.109713
1780456780,166.036081
1780456780,133.194645
1780456780,133.521209
1780456780,179.208764
1780456780,175.841848
1780456780,171.315437
1780456780,132.855335
1780456780,170.844849
1780456780,171.032692
1780456780,168.403571
1780456780,135.261585
1780456780,167.106987
1780456780,170.833129
1780456780,133.984574
1780456780,166.055276
1780456780,135.844481
1780456780,134.314956
1780456780,166.420637
1780456780,165.372913
1780456780,136.170257
1780456780,166.816929
1780456780,134.827774
1780456780,170.151576
1780456780,121.887978
1780456780,170.007766
1780456780,124.856981
1780456780,165.946849
1780456780,166.430436
1780456780,166.216255
1780456780,167.797876
1780456780,170.601411
1780456780,170.863577
1780456780,164.165076
1780456780,164.532902
1780456780,164.384883
1780456780,168.771662
1780456780,110.548561
1780456780,159.572816
1780456780,165.133645
1780456780,169.322681
1780456780,169.534101
1780456780,168.672974
1780456780,162.425433
1780456780,163.837574
1780456780,164.612649
1780456780,115.738931
1780456780,161.664741
1780456780,150.344350
1780456780,150.619224
1780456780,113.008429
1780456780,152.249082
1780456780,113.521327
1780456780,113.196486
1780456780,150.608298
1780456780,113.485379
1780456780,151.565299
1780456780,113.225085
1780456780,151.061691
1780456780,112.468963
1780456780,114.978033
1780456780,111.066182
1780456780,111.112430
1780456780,157.107684
1780456780,114.553705
1780456780,114.725666
1780456780,111.676290
1780456780,112.020667
1780456780,111.994416
1780456780,115.274332
1780456780,168.403872
1780456780,160.090030
1780456780,120.260302
1780456780,158.326896
1780456780,158.464148
1780456780,163.030585
1780456780,156.354802
1780456780,156.380030
1780456780,145.486166
1780456780,145.539879
1780456780,144.006259
1780456780,143.987157
1780456780,145.928177
1780456780,144.355388
1780456780,144.187843
1780456780,146.357861
1780456780,144.549991
1780456780,144.143931
1780456780,142.662100
1780456780,144.370550
1780456780,142.684607
1780456780,137.113356
1780456780,142.621570
1780456780,141.624946
1780456780,141.864015
1780456780,141.833098
1780456780,141.558247
1780456780,141.782944
1780456780,141.634289
1780456780,141.886736
1780456780,141.026804
1780456780,140.955277
1780456780,139.781699
1780456780,141.301052
1780456780,137.938882
1780456780,140.167221
1780456780,142.778026
1780456780,140.448648
1780456780,140.474334
1780456780,139.106690
1780456780,143.127472
1780456780,139.517492
1780456780,138.908519
1780456780,140.004294
1780456780,139.822402
1780456780,128.367894
1780456780,139.280925
1780456780,143.604630
1780456780,137.051851
1780456780,139.223031
1780456780,142.497933
1780456780,139.952889
1780456780,145.575171
1780456780,145.629475
1780456780,140.500558
1780456780,145.806020
1780456780,145.806336
1780456780,146.001323
1780456780,144.027166
1780456780,146.335987
1780456780,138.962030
1780456780,142.162741
1780456780,143.194493
1780456780,142.859389
1780456780,139.088946
1780456780,143.155104
1780456780,138.000589
1780456780,136.256230
1780456780,143.392047
1780456780,143.728154
1780456780,136.397024
1780456780,136.485308
1780456780,130.455309
1780456780,131.901911
1780456780,132.048366
1780456780,132.122021
1780456780,132.250302
1780456780,132.200852
1780456780,132.174238
1780456780,132.527738
1780456780,132.829787
1780456780,132.772934
1780456780,138.496367
1780456780,135.738679
1780456780,135.829567
1780456780,137.069808
1780456780,191.793379
1780456780,143.890971
1780456780,135.585682
1780456780,192.396369
1780456780,134.222188
1780456780,135.745489
1780456780,184.742485
1780456780,135.750881
1780456780,143.551752
1780456780,195.208893
1780456780,135.475170
1780456780,126.690688
1780456780,133.987374
1780456780,134.127286
1780456780,190.395552
1780456780,134.122331
1780456780,130.514595
1780456780,128.514920
1780456780,162.114812
1780456780,161.869248
1780456780,122.072666
1780456780,127.784001
1780456780,120.324110
1780456780,126.278895
1780456780,122.237755
1780456780,122.230641
1780456780,122.353586
1780456780,160.149371
1780456780,126.833193
1780456780,122.485703
1780456780,128.963828
1780456780,160.663620
1780456780,182.623371
1780456780,137.110613
1780456780,157.356150
1780456780,122.088926
1780456780,137.180284
1780456780,122.547184
1780456780,163.268406
1780456780,127.529161
1780456780,148.440412
1780456780,127.610427
1780456780,127.040980
1780456780,127.108796
1780456780,127.422584
1780456780,123.896712
1780456780,123.767564
1780456780,147.633627
1780456780,124.700067
1780456780,124.104517
1780456780,150.452065
1780456780,153.283063
1780456780,198.514751
1780456780,197.326321
1780456780,138.004152
1780456780,197.839912
1780456780,130.030694
1780456780,197.434797
1780456780,158.836438
1780456780,125.914578
1780456780,126.332374
1780456780,159.098718
1780456780,120.892720
1780456780,138.216390
1780456780,122.665267
1780456780,138.151075
1780456780,159.340799
1780456780,138.235460
1780456780,122.680175
1780456780,122.673184
1780456780,124.569454
1780456780,151.076393
1780456780,121.175433
1780456780,121.100125
1780456780,120.834589
1780456780,141.640840
1780456780,141.525456
1780456780,141.059985
1780456780,140.905853
1780456780,141.492905
1780456780,140.895050
1780456780,149.747265
1780456780,148.451773
1780456780,148.593330
1780456780,149.617695
1780456780,153.312936
1780456780,129.197725
1780456780,156.173591
1780456780,162.105050
1780456780,145.545851
1780456780,129.158282
1780456780,148.419820
1780456780,129.103458
1780456780,154.976913
1780456780,150.316741
1780456780,128.520833
1780456780,129.325997
1780456780,127.196242
1780456780,129.089602
1780456780,215.295393
1780456780,150.979039
1780456780,158.204427
1780456780,150.533001
1780456780,196.559350
1780456780,150.667167
1780456780,149.513687
1780456780,157.127056
1780456780,150.922895
1780456780,158.169217
1780456780,177.267485
1780456780,132.298836
1780456780,176.274793
1780456780,143.375073
1780456780,145.534760
1780456780,144.600479
1780456780,145.755570
1780456780,146.593900
1780456780,149.667507
1780456780,154.343299
1780456780,189.939429
1780456780,151.438588
1780456780,177.049311
1780456780,132.639251
1780456780,147.799441
1780456780,128.057404
1780456780,132.880556
1780456780,151.507465
1780456780,192.103094
1780456780,133.019728
1780456780,192.104396
1780456780,152.335608
1780456780,149.800984
1780456780,133.030101
1780456780,128.296656
1780456780,163.932427
1780456780,150.031930
1780456780,152.642313
1780456780,128.245869
1780456780,130.011982
1780456780,149.934880
1780456780,128.531609
1780456780,147.666009
1780456780,128.563594
1780456780,152.166989
1780456780,134.040881
1780456780,151.916626
1780456780,128.766846
1780456780,152.350457
1780456780,134.157072
1780456780,151.128435
1780456780,128.698140
1780456780,151.001007
1780456780,127.753093
1780456780,127.694214
1780456780,149.704984
1780456780,151.295399
1780456780,134.515957
1780456780,134.674973
1780456780,149.363520
1780456780,149.452693
1780456780,149.809469
1780456780,148.817866
1780456780,148.586605
1780456780,146.335411
1780456780,148.327691
1780456780,148.692750
1780456780,146.919186
1780456780,135.301591
1780456780,146.947951
1780456780,136.559448
1780456780,146.757354
1780456780,136.983121
1780456780,147.009667
1780456780,135.111106
1780456780,135.508819
1780456780,147.408851
1780456780,147.142425
1780456780,128.611315
1780456780,135.532977
1780456780,147.578165
1780456780,128.389798
1780456780,147.468193
1780456780,147.907881
1780456780,152.570109
1780456780,135.150451
1780456780,135.484863
1780456780,134.904608
1780456780,147.978168
1780456780,142.221677
1780456780,147.365952
1780456780,153.468658
1780456780,153.538385
1780456780,153.594963
1780456780,153.596364
1780456780,153.740246
1780456780,153.810708
1780456780,142.491630
1780456780,153.613014
1780456780,141.511230
1780456780,146.449936
1780456780,146.586609
1780456780,145.970211
1780456780,141.291219
1780456780,145.359181
1780456780,140.367781
1780456780,139.827589
1780456780,143.722585
1780456780,140.025044
1780456780,142.354560
1780456780,141.400072
1780456780,141.924054
1780456780,142.548353
1780456780,141.965772
1780456780,141.826356
1780456780,135.896579
1780456780,135.946314
1780456780,143.538726
1780456780,143.128830
1780456780,143.190316
1780456780,142.272251
1780456780,142.114874
1780456780,140.579914
1780456780,140.328342
1780456780,139.200467
1780456780,139.327052
1780456780,133.232397
1780456780,133.358458
1780456780,137.926671
1780456780,139.416437
1780456780,136.810188
1780456780,114.188841
1780456780,133.933710
1780456780,117.007120
1780456780,118.841376
1780456780,118.938790
1780456780,111.839607
1780456780,119.254755
1780456780,136.181896
1780456780,143.702398
1780456780,143.817027
1780456780,143.713496
1780456780,136.315712
1780456780,136.611822
1780456780,135.292183
1780456780,135.643251
1780456780,135.725591
1780456780,144.858163
1780456780,136.765263
1780456780,145.799258
1780456780,143.118702
1780456780,135.656769
1780456780,142.724697
1780456780,142.774811
1780456780,132.279845
1780456780,142.962224
1780456780,141.922251
1780456780,142.659578
1780456780,135.131143
1780456780,135.184527
1780456780,142.017679
1780456780,141.658326
1780456780,135.529408
1780456780,137.092088
1780456780,134.822457
1780456780,133.533345
1780456780,132.783087
1780456780,145.869803
1780456780,133.925439
1780456780,134.024781
1780456780,147.841853
1780456780,133.531981
1780456780,133.561560
1780456780,147.264654
1780456780,147.058729
1780456780,147.313444
1780456780,147.653813
1780456780,132.336341
1780456780,140.519778
1780456780,132.298610
1780456780,142.362779
1780456780,145.837876
1780456780,130.145600
1780456780,132.115293
1780456780,149.221784
1780456780,132.689169
1780456780,131.214185
1780456780,131.484132
1780456780,131.357523
1780456780,131.817085
1780456780,133.610401
1780456780,130.830776
1780456780,132.231764
1780456780,132.431911
1780456780,128.725455
1780456780,129.008586
1780456780,150.548090
1780456780,143.806021
1780456780,150.148368
1780456780,154.960541
1780456780,141.250740
1780456780,152.954756
1780456780,139.336659
1780456780,147.287599
1780456780,135.475755
1780456780,150.310925
1780456780,129.668739
1780456780,123.821521
1780456780,138.050319
1780456780,135.535111
1780456780,132.576262
1780456780,138.244230
1780456780,138.489856
1780456780,138.933739
1780456780,136.228092
1780456780,136.325387
1780456780,137.434803
1780456780,137.617950
1780456780,136.224894
1780456780,130.910346
1780456780,132.602957
1780456780,137.885735
1780456780,138.011690
1780456780,129.300924
1780456780,129.283878
1780456780,138.247763
1780456780,129.257304
1780456780,138.221650
1780456780,128.669006
1780456780,138.293181
1780456780,129.851839
1780456780,135.721384
1780456780,129.733791
1780456780,129.957752
1780456780,127.651005
1780456780,130.178299
1780456780,128.107230
1780456780,128.247832
1780456780,137.202071
1780456780,127.797938
1780456780,139.329036
1780456780,137.449491
1780456780,128.606155
1780456780,139.196652
1780456780,128.674978
1780456780,139.439182
1780456780,127.201122
1780456780,136.736716
1780456780,129.063132
1780456780,132.325647
1780456780,127.302665
1780456780,140.216324
1780456780,128.494304
1780456780,140.557752
1780456780,126.159059
1780456780,139.867570
1780456780,136.574955
1780456780,128.137397
1780456780,126.899581
1780456780,139.033894
1780456780,141.200902
1780456780,128.483182
1780456780,124.570276
1780456780,141.118410
1780456780,125.592975
1780456780,135.934388
1780456780,125.385161
1780456780,124.745225
1780456780,138.766641
1780456780,118.596749
1780456780,140.052373
1780456780,134.793258
1780456780,136.559443
1780456780,128.183402
1780456780,142.332242
1780456780,137.245848
1780456780,135.533421
1780456780,128.359258
1780456780,126.377750
1780456780,125.794323
1780456780,132.857528
1780456780,132.870002
1780456780,121.407328
1780456780,117.199943
1780456780,133.160690
1780456780,132.775827
1780456780,117.001605
1780456780,132.559494
1780456780,136.173079
1780456780,120.592792
1780456780,120.629210
1780456780,120.732427
1780456780,136.378153
1780456780,120.716479
1780456780,116.960805
1780456780,136.082338
1780456780,128.162935
1780456780,133.359189
1780456780,133.473166
1780456780,132.008624
1780456780,134.128502
1780456780,133.756231
1780456780,132.821365
1780456780,122.759992
1780456780,131.662198
1780456780,122.510875
1780456780,130.616433
1780456780,130.192552
1780456780,119.025318
1780456780,130.985451
1780456780,126.121219
1780456780,127.527275
1780456780,116.285669
1780456780,131.254333
1780456780,131.057061
1780456780,126.238648
1780456780,131.089122
1780456780,130.679612
1780456780,130.038439
1780456780,117.420078
1780456780,126.255800
1780456780,115.256874
1780456780,130.069791
1780456780,130.003373
1780456780,118.682799
1780456780,130.051293
1780456780,119.558692
1780456780,130.242505
1780456780,119.854620
1780456780,127.480153
1780456780,127.073046
1780456780,126.038875
1780456780,126.223070
1780456780,125.239292
1780456780,124.575794
1780456780,126.527283
1780456780,124.312074
1780456780,123.698283
1780456780,123.717802
1780456780,118.429815
1780456780,124.066531
1780456780,118.509997
1780456780,118.731317
1780456780,122.317230
1780456780,119.027436
1780456780,120.500934
1780456780,119.072279
1780456780,114.790100
1780456780,182.073703
1780456780,182.290379
1780456780,168.371383
1780456780,168.067116
1780456780,167.817141
1780456780,181.766902
1780456780,167.993249
1780456780,133.275971
1780456780,182.352547
1780456780,182.224114
1780456780,167.546244
1780456780,167.614742
1780456780,125.715911
1780456780,164.164130
1780456780,163.837060
1780456780,167.177666
1780456780,148.075111
1780456780,135.851623
1780456780,135.853984
1780456780,162.757278
1780456780,133.232043
1780456780,160.987229
1780456780,157.396473
1780456780,164.584517
1780456780,131.878876
1780456780,157.364348
1780456780,134.819231
1780456780,150.238925
1780456780,161.211592
1780456780,133.512324
1780456780,150.371285
1780456780,165.652247
1780456780,152.176309
1780456780,152.181447
1780456780,126.609256
1780456780,133.794026
1780456780,149.335073
1780456780,148.515342
1780456780,133.850389
1780456780,146.485287
1780456780,129.891531
1780456780,130.896505
1780456780,147.829025
1780456780,146.619328
1780456780,130.197354
1780456780,129.384136
1780456780,148.631740
1780456780,148.295495
1780456780,131.907686
1780456780,147.413204
1780456780,166.608133
1780456780,147.658301
1780456780,166.745935
1780456780,147.732436
1780456780,168.497386
1780456780,135.180485
1780456780,132.395387
1780456780,169.076494
1780456780,168.715356
1780456780,132.627191
1780456780,169.099242
1780456780,132.790839
1780456780,170.211771
1780456780,131.844254
1780456780,131.235915
1780456780,170.234781
1780456780,156.104950
1780456780,170.440729
1780456780,131.985888
1780456780,131.349941
1780456780,162.840267
1780456780,130.603774
1780456780,156.313891
1780456780,170.316524
1780456780,129.964349
1780456780,128.261640
1780456780,147.319508
1780456780,156.209071
1780456780,159.507974
1780456780,160.457333
1780456780,153.605893
1780456780,125.729973
1780456780,144.565683
1780456780,126.210688
1780456780,125.439860
1780456780,155.106428
1780456780,125.122819
1780456780,125.054746
1780456780,170.445879
1780456780,159.219801
1780456780,160.783214
1780456780,128.666830
1780456780,128.553602
1780456780,129.912759
1780456780,167.111736
1780456780,128.821232
1780456780,156.565094
1780456780,121.693398
1780456780,121.624468
1780456780,158.804996
1780456780,156.684431
1780456780,157.217443
1780456780,150.582745
1780456780,126.389704
1780456780,157.340826
1780456780,166.573712
1780456780,128.000731
1780456780,151.156861
1780456780,152.096200
1780456780,128.085765
1780456780,159.925719
1780456780,152.787817
1780456780,152.818465
1780456780,148.584096
1780456780,127.523634
1780456780,149.626079
1780456780,151.422794
1780456780,151.521740
1780456780,147.292074
1780456780,127.621478
1780456780,152.615298
1780456780,151.105580
1780456780,146.507939
1780456780,150.242217
1780456780,150.199098
1780456780,149.669363
1780456780,149.669661
1780456780,118.418800
1780456780,117.858319
1780456780,162.553257
1780456780,161.971569
1780456780,164.575809
1780456780,177.016600
1780456780,143.728190
1780456780,153.928350
1780456780,164.476880
1780456780,134.885699
1780456780,123.919250
1780456780,136.038320
1780456780,143.947026
1780456780,133.434809
1780456780,154.098670
1780456780,119.643865
1780456780,144.079619
1780456780,143.936825
1780456780,154.115810
1780456780,154.073367
1780456780,154.349289
1780456780,161.571826
1780456780,116.178394
1780456780,162.427820
1780456780,145.088860
1780456780,137.247649
1780456780,144.898347
1780456780,118.777579
1780456780,149.517872
1780456780,147.201271
1780456780,142.702034
1780456780,139.206766
1780456780,145.750670
1780456780,147.212511
1780456780,141.874791
1780456780,145.581244
1780456780,150.108290
1780456780,120.574109
1780456780,157.721510
1780456780,121.463793
1780456780,144.407491
1780456780,120.474621
1780456780,120.680024
1780456780,158.903253
1780456780,110.468811
1780456780,111.487605
1780456780,112.461454
1780456780,140.938498
1780456780,111.263486
1780456780,114.375040
1780456780,112.100840
1780456780,107.357870
1780456780,107.409458
1780456780,137.419042
1780456780,141.645662
1780456780,117.110219
1780456780,115.743290
1780456780,144.574028
1780456780,149.181862
1780456780,143.798727
1780456780,112.154955
1780456780,143.832547
1780456780,143.299480
1780456780,144.009237
1780456780,136.953298
1780456780,143.296111
1780456780,109.048665
1780456780,144.059033
1780456780,143.978174
1780456780,142.034003
1780456780,137.711082
1780456780,136.678842
1780456780,147.882323
1780456780,150.741551
1780456780,147.471119
1780456780,134.952820
1780456780,150.797448
1780456780,148.028253
1780456780,142.751651
1780456780,138.900313
1780456780,147.969917
1780456780,140.634143
1780456780,147.320350
1780456780,144.807827
1780456780,148.062255
1780456780,148.250669
1780456780,135.291403
1780456780,142.904662
1780456780,142.842376
1780456780,146.950765
1780456780,132.038386
1780456780,148.062581
1780456780,141.700238
1780456780,144.933313
1780456780,144.462813
1780456780,168.841944
1780456780,168.855232
1780456780,133.587670
1780456780,133.273204
1780456780,129.905844
1780456780,133.438409
1780456780,154.943817
1780456780,148.567486
1780456780,159.703352
1780456780,161.537938
1780456780,154.949834
1780456780,160.612863
1780456780,154.979649
1780456780,156.900627
1780456780,154.987449
1780456780,158.830918
1780456780,162.322899
1780456780,162.396934
1780456780,111.452651
1780456780,134.464521
1780456780,133.411576
1780456780,111.455538
1780456780,143.248827
1780456780,143.334687
1780456780,113.874760
1780456780,133.765244
1780456780,114.018439
1780456780,168.731294
1780456780,114.245353
1780456780,133.187493
1780456780,166.545604
1780456780,149.026086
1780456780,149.110328
1780456780,142.303601
1780456780,149.114405
1780456780,133.479833
1780456780,140.585455
1780456780,141.290668
1780456780,142.437159
1780456780,141.137205
1780456780,145.671885
1780456780,141.476711
1780456780,134.116652
1780456780,110.239965
1780456780,134.586133
1780456780,134.519345
1780456780,136.879472
1780456780,141.990468
1780456780,141.818257
1780456780,107.171811
1780456780,106.976919
1780456780,109.408353
1780456780,143.632981
1780456780,132.995057
1780456780,109.518732
1780456780,134.350153
1780456780,108.105927
1780456780,142.150003
1780456780,143.325113
1780456780,132.748267
1780456780,147.835994
1780456780,146.469654
1780456780,145.637777
1780456780,141.077073
1780456780,141.142083
1780456780,138.375052
1780456780,141.534313
1780456780,144.931584
1780456780,127.505442
1780456780,133.704988
1780456780,134.454490
1780456780,134.488430
1780456780,146.692889
1780456780,127.502485
1780456780,110.328589
1780456780,111.413061
1780456780,111.650644
1780456780,126.187644
1780456780,120.406755
1780456780,125.165157
1780456780,140.313404
1780456780,125.957561
1780456780,145.861959
1780456780,108.354726
1780456780,111.807872
1780456780,127.465935
1780456780,112.554838
1780456780,134.230316
1780456780,112.572581
1780456780,109.128685
1780456780,140.968237
1780456780,109.394255
1780456780,126.575749
1780456780,140.965692
1780456780,127.729180
1780456780,112.703699
1780456780,109.882704
1780456780,142.637898
1780456780,110.151207
1780456780,142.975251
1780456780,138.644195
1780456780,139.780306
1780456780,111.501283
1780456780,111.274334
1780456780,121.170974
1780456780,111.044681
1780456780,111.405322
1780456780,134.615879
1780456780,110.741440
1780456780,132.619951
1780456780,124.738724
1780456780,136.661345
1780456780,126.793032
1780456780,126.017186
1780456780,132.723460
1780456780,132.789571
1780456780,132.736630
1780456780,130.240840
1780456780,105.251372
1780456780,127.554931
1780456780,126.498281
1780456780,124.484743
1780456780,127.208917
1780456780,124.848464
1780456780,128.377810
1780456780,128.364759
1780456780,105.623749
1780456780,124.052939
1780456780,105.708398
1780456780,127.592585
1780456780,126.158242
1780456780,127.322028
1780456780,126.871349
1780456780,108.504106
1780456780,126.129665
1780456780,124.266632
1780456780,107.939006
1780456780,107.571737
1780456780,125.881318
1780456780,125.971968
1780456780,125.774932
1780456780,126.077318
1780456780,107.520961
1780456780,125.643908
1780456780,108.119695
1780456780,125.856674
1780456780,108.019773
1780456780,125.964545
1780456780,107.817976
1780456780,125.878121
1780456780,108.076345
1780456780,107.846031
1780456780,126.036328
1780456780,107.642464
1780456780,108.407114
1780456780,125.885096
1780456780,107.970266
1780456780,125.891208
1780456780,107.759930
1780456780,113.605512
1780456780,124.532709
1780456780,107.090311
1780456780,115.463351
1780456780,106.008533
1780456780,107.572503
1780456780,107.538661
1780456780,115.585654
1780456780,115.514533
1780456780,105.074255
1780456780,107.740288
1780456780,116.127353
1780456780,116.041346
1780456780,114.575298
1780456780,111.862135
1780456780,115.682011
1780456780,115.110744
1780456780,112.108303
1780456780,115.462541
1780456780,112.159370
1780456780,108.991816
1780456780,112.853850
1780456780,114.251424
1780456780,113.780990
1780456780,111.918464
1780456780,113.644389
1780456780,105.174151
1780456780,115.033412
1780456780,111.799506
1780456780,113.009658
1780456780,113.121560
1780456780,111.813750
1780456780,111.791469
1780456780,115.752364
1780456780,115.695484
1780456780,112.469468
1780456780,116.767701
1780456780,113.346896
1780456780,115.852174
1780456780,115.939398
1780456780,114.557439
1780456780,112.818125
1780456780,114.784624
1780456780,114.809944
1780456780,113.134907
1780456780,115.572126
1780456780,114.869154
1780456780,113.394296
1780456780,121.958992
1780456780,113.478757
1780456780,117.988001
1780456780,116.492130
1780456780,114.075140
1780456780,116.842653
1780456780,114.223596
1780456780,114.323812
1780456780,116.169546
1780456780,116.964228
1780456780,114.198967
1780456780,114.323547
1780456780,112.941489
1780456780,112.910123
1780456780,112.935506
1780456780,120.183050
1780456780,120.083826
1780456780,120.385102
1780456780,120.306428
1780456780,120.405496
1780456780,120.265866
1780456780,120.264288
1780456780,119.990953
1780456780,120.466927
1780456780,119.863066
1780456780,120.067081
1780456780,120.108863
1780456780,119.896067
1780456780,120.079041
1780456780,120.110545
1780456780,120.361235
1780456780,120.211529
1780456780,120.119985
1780456780,120.573924
1780456780,120.383907
1780456780,117.124797
1780456780,120.521615
1780456780,114.370012
1780456780,114.390493
1780456780,125.273746
1780456780,117.842769
1780456780,121.139437
1780456780,118.617291
1780456780,120.080540
1780456780,121.380539
1780456780,125.367736
1780456780,126.353534
1780456780,116.882460
1780456780,117.003201
1780456780,105.755449
1780456780,110.991738
1780456780,110.816661
1780456780,123.330064
1780456780,123.156910
1780456780,123.295666
1780456780,123.286138
1780456780,123.259858
1780456780,123.531521
1780456780,123.330493
1780456780,113.694604
1780456780,110.334969
1780456780,109.566051
1780456780,110.894984
1780456780,110.686755
1780456780,111.548485
1780456780,111.980302
1780456780,110.840829
1780456780,111.596080
1780456780,112.282023
1780456780,111.329556
1780456780,110.655175
1780456780,111.546088
1780456780,111.599631
1780456780,112.126882
1780456780,111.204560
1780456780,110.469280
1780456780,110.832469
1780456780,109.324879
1780456780,111.492488
1780456780,108.022529
1780456780,111.922259
1780456780,108.146614
1780456780,102.585647
1780456780,111.142594
1780456780,111.142040
1780456780,110.437269
1780456780,111.719261
1780456780,113.063077
1780456780,111.078214
1780456780,112.039099
1780456780,111.513010
1780456780,103.624807
1780456780,102.863190
1780456780,112.570840
1780456780,104.358082
1780456780,104.402606
1780456780,103.858499
1780456780,112.661474
1780456780,112.528572
1780456780,103.269937
1780456780,112.596589
1780456780,112.898955
1780456780,112.762386
1780456780,113.252941
1780456780,112.200307
1780456780,113.595412
1780456780,112.598864
1780456780,112.710576
1780456780,104.285231
1780456780,113.169307
1780456780,113.161652
1780456780,111.126467
1780456780,104.303660
1780456780,111.205975
1780456780,110.689774
1780456780,104.507889
1780456780,112.580274
1780456780,103.234513
1780456780,113.829159
1780456780,114.040416
1780456780,114.292242
1780456780,114.430279
1780456780,114.165806
1780456780,114.828186
1780456780,114.954759
1780456780,114.531625
1780456780,114.523467
1780456780,114.046397
1780456780,113.772363
1780456780,113.812062
1780456780,114.190585
1780456780,113.739690
1780456780,114.088984
1780456780,113.274622
1780456780,113.276942
1780456780,112.773705
1780456780,113.559360
1780456780,113.651742
1780456780,113.919383
1780456780,107.047873
1780456780,108.496476
1780456780,105.054531
1780456780,105.773353
1780456780,105.916470
1780456780,108.204986
1780456780,106.023201
1780456780,108.590516
1780456780,108.642995
1780456780,108.709574
1780456780,106.441850
1780456780,106.564962
1780456780,106.096429
1780456780,108.594026
1780456780,107.003619
1780456780,105.045813
1780456780,102.786013
1780456780,109.786249
1780456780,109.733387
1780456780,102.887484
1780456780,109.984110
1780456780,103.468682
1780456780,109.700503
1780456780,110.641147
1780456780,110.690631
1780456780,111.405407
1780456780,110.601870
1780456780,111.386412
1780456780,110.877768
1780456780,111.733648
1780456780,111.738741
1780456780,111.818440
1780456780,112.093737
1780456780,105.540878
1780456780,105.530762
1780456780,105.773452
1780456780,112.690568
1780456780,105.660920
1780456780,105.472950
1780456780,112.862178
1780456780,112.931490
1780456780,105.784817
1780456780,113.344800
1780456780,113.595737
1780456780,106.600363
1780456780,113.540714
1780456780,106.630723
1780456780,106.763014
1780456780,106.806688
1780456780,114.421162
1780456780,114.228124
1780456780,114.263839
1780456780,114.124993
1780456780,107.133900
1780456780,107.302271
1780456780,107.320954
1780456780,105.998817
1780456780,105.402273
1780456780,116.429310
1780456780,107.772376
1780456780,107.469653
1780456780,107.786300
1780456780,116.511410
1780456780,116.668934
1780456780,117.215237
1780456780,117.013707
1780456780,117.748626
1780456780,117.800934
1780456780,118.558634
1780456780,117.432479
1780456780,117.460787
1780456780,117.396653
1780456780,119.112090
1780456780,118.454655
1780456780,119.056591
1780456780,118.722843
1780456780,119.180939
1780456780,111.280846
1780456780,110.469687
1780456780,110.420072
1780456780,115.883198
1780456780,111.092777
1780456780,113.367866
1780456780,115.455338
1780456780,110.647174
1780456780,115.413511
1780456780,115.753537
1780456780,116.049979
1780456780,111.276253
1780456780,116.323745
1780456780,116.340203
1780456780,111.610845
1780456780,111.366052
1780456780,116.902163
1780456780,116.899690
1780456780,114.970582
1780456780,111.286159
1780456780,115.321137
1780456780,111.068214
1780456780,115.362193
1780456780,111.654260
1780456780,116.148867
1780456780,116.125740
1780456780,112.138137
1780456780,115.361275
1780456780,112.071966
1780456780,111.579208
1780456780,115.972723
1780456780,114.442018
1780456780,112.284682
1780456780,115.197431
1780456780,112.132633
1780456780,116.855014
1780456780,112.361352
1780456780,117.110784
1780456780,112.491542
1780456780,114.243076
1780456780,112.706733
1780456780,113.990448
1780456780,112.735934
1780456780,114.538332
1780456780,112.868399
1780456780,102.676023
1780456780,102.611208
1780456780,114.798613
1780456780,112.298296
1780456780,114.031571
1780456780,103.110267
1780456780,113.108551
1780456780,103.084218
1780456780,102.866220
1780456780,114.022089
1780456780,114.302240
1780456780,103.041496
1780456780,114.290929
1780456780,112.527208
1780456780,114.394849
1780456780,114.616603
1780456780,103.258107
1780456780,114.935943
1780456780,103.465586
1780456780,114.912365
1780456780,103.809331
1780456780,111.223294
1780456780,102.132894
1780456780,114.941881
1780456780,112.452143
1780456780,111.348006
1780456780,115.429260
1780456780,111.293106
1780456780,102.488714
1780456780,111.449371
1780456780,103.736054
1780456780,102.792208
1780456780,115.956454
1780456780,116.112140
1780456780,115.931026
1780456780,116.183322
1780456780,116.032300
1780456780,104.556353
1780456780,103.426229
1780456780,105.171563
1780456780,105.012969
1780456780,103.785880
1780456780,112.616559
1780456780,112.559489
1780456780,116.692986
1780456780,116.893846
1780456780,116.348394
1780456780,116.224145
1780456780,102.553391
1780456780,104.046681
1780456780,112.796582
1780456780,102.493476
1780456780,104.044845
1780456780,112.833685
1780456780,104.296920
1780456780,102.824038
1780456780,113.073689
1780456780,103.306283
1780456780,103.189630
1780456780,103.464452
1780456780,113.535374
1780456780,113.540106
1780456780,112.722490
1780456780,103.725752
1780456780,113.766003
1780456780,102.863584
1780456780,113.255270
1780456780,102.910464
1780456780,102.959504
1780456780,102.958349
1780456780,103.028219
1780456780,109.851953
1780456780,114.079017
1780456780,110.925239
1780456780,103.246097
1780456780,110.943009
1780456780,109.052561
1780456780,106.110985
1780456780,110.455584
1780456780,114.173825
1780456780,114.129128
1780456780,103.598183
1780456780,103.652745
1780456780,105.423655
1780456780,109.594198
1780456780,114.265571
1780456780,105.162404
1780456780,114.158323
1780456780,105.598407
1780456780,105.578521
1780456780,102.693635
1780456780,105.718979
1780456780,114.831427
1780456780,102.888303
1780456780,103.065457
1780456780,115.900090
1780456780,104.383679
1780456780,109.827682
1780456780,103.271435
1780456780,104.800056
1780456780,114.161321
1780456780,104.775433
1780456780,113.913664
1780456780,105.177207
1780456780,114.557828
1780456780,110.791508
1780456780,104.515594
1780456780,116.055057
1780456780,103.221283
1780456780,103.294090
1780456780,114.635582
1780456780,103.397552
1780456780,103.353484
1780456780,114.696082
1780456780,115.639854
1780456780,114.597558
1780456780,114.524870
1780456780,115.704544
1780456780,116.373483
1780456780,115.090588
1780456780,114.797153
1780456780,103.283927
1780456780,115.786964
1780456780,102.181217
1780456780,115.822543
1780456780,103.732640
1780456780,115.319444
1780456780,115.838015
1780456780,116.357231
1780456780,104.769772
1780456780,116.676481
1780456780,116.551525
1780456780,116.454917
1780456780,116.458389
1780456780,117.126730
1780456780,117.054565
1780456780,116.764341
1780456780,116.676936
1780456780,106.832161
1780456780,116.942050
1780456780,116.760150
1780456780,107.663092
1780456780,107.670947
1780456780,116.936793
1780456780,107.813753
1780456780,117.655791
1780456780,117.387155
1780456780,116.548324
1780456780,103.894769
1780456780,107.532692
1780456780,117.218615
1780456780,103.385796
1780456780,107.656394
1780456780,115.115965
1780456780,107.776377
1780456780,115.742398
1780456780,114.666872
1780456780,104.812836
1780456780,114.882424
1780456780,105.108538
1780456780,115.227476
1780456780,109.271359
1780456780,115.441862
1780456780,108.243969
1780456780,109.243116
1780456780,108.305300
1780456780,109.284871
1780456780,108.818154
1780456780,115.437260
1780456780,115.157336
1780456780,109.409609
1780456780,115.434377
1780456780,109.590356
1780456780,106.709350
1780456780,106.390958
1780456780,115.437040
1780456780,115.462822
1780456780,115.855722
1780456780,115.873379
1780456780,115.054753
1780456780,115.232944
1780456780,115.484964
1780456780,115.688769
1780456780,117.144603
1780456780,115.718291
1780456780,116.085278
1780456780,115.365055
1780456780,116.550335
1780456780,116.087679
1780456780,116.091423
1780456780,116.036794
1780456780,116.220796
1780456780,116.532586
1780456780,116.675312
1780456780,116.322357
1780456780,116.520770
1780456780,116.728702
1780456780,116.665129
1780456780,112.259670
1780456780,112.290710
1780456780,111.179353
1780456780,109.304945
1780456780,110.963886
1780456780,111.161470
1780456780,114.549997
1780456780,109.343609
1780456780,114.801566
1780456780,114.659872
1780456780,114.839318
1780456780,114.926752
1780456780,113.797991
1780456780,111.880850
1780456780,112.068519
1780456780,114.825298
1780456780,110.546571
1780456780,112.417187
1780456780,110.909755
1780456780,111.401365
1780456780,111.440028
1780456780,113.522452
1780456780,113.546581
1780456780,111.097633
1780456780,113.232675
1780456780,114.156506
1780456780,115.074559
1780456780,104.791124
1780456780,106.774176
1780456780,107.987765
1780456780,113.433644
1780456780,115.254180
1780456780,108.285199
1780456780,115.239372
1780456780,111.560298
1780456780,116.903113
1780456780,105.180611
1780456780,112.210197
1780456780,110.860102
1780456780,110.631595
1780456780,112.112560
1780456780,113.790547
1780456780,136.487229
1780456780,133.359976
1780456780,131.746121
1780456780,133.483863
1780456780,134.389866
1780456780,125.243042
1780456780,144.661862
1780456780,125.232504
1780456780,144.763785
1780456780,138.017057
1780456780,125.794137
1780456780,136.086685
1780456780,138.280893
1780456780,140.421945
1780456780,126.181325
1780456780,141.640559
1780456780,140.108465
1780456780,136.779258
1780456780,137.274380
1780456780,141.968426
1780456780,142.360890
1780456780,146.578077
1780456780,148.070378
1780456780,148.756237
1780456780,150.811518
1780456780,148.791472
1780456780,153.426572
1780456780,153.667894
1780456780,150.927769
1780456780,153.863019
1780456780,151.562181
1780456780,152.161414
1780456780,138.480636
1780456780,154.045985
1780456780,143.297922
1780456780,159.811673
1780456780,145.323375
1780456780,162.046931
1780456780,169.445596
1780456780,170.284166
1780456780,171.048574
1780456780,145.527911
1780456780,171.350973
1780456780,153.238038
1780456780,172.346613
1780456780,171.686871
1780456780,164.140832
1780456780,165.047036
1780456780,165.482183
1780456780,166.419945
1780456780,168.156173
1780456780,168.540425
1780456780,160.092951
1780456780,147.831673
1780456780,137.639478
1780456780,158.321608
1780456780,161.541914
1780456780,150.711602
1780456780,167.247127
1780456780,156.288599
1780456780,170.816304
1780456780,176.013503
1780456780,176.345506
1780456780,171.378375
1780456780,176.571625
1780456780,176.555650
1780456780,179.419092
1780456780,171.734981
1780456780,187.818380
1780456780,188.285322
1780456780,193.369348
1780456780,175.946682
1780456780,175.353636
1780456780,180.579710
1780456780,199.689923
1780456780,196.508676
1780456780,201.252026
1780456780,182.708114
1780456780,187.305384
1780456780,188.799858
1780456780,201.628202
1780456780,185.226037
1780456780,192.077914
1780456780,203.743563
1780456780,200.488195
1780456780,210.804183
1780456780,210.833989
1780456780,208.413384
1780456780,198.129845
1780456780,212.151470
1780456780,212.302925
1780456780,198.599245
1780456780,201.138280
1780456780,201.204594
1780456780,201.471685
1780456780,212.997913
1780456780,213.344254
1780456780,213.745398
1780456780,202.620702
1780456780,202.930516
1780456780,203.329955
1780456780,214.712612
1780456780,211.520129
1780456780,206.664602
1780456780,205.923489
1780456780,218.863406
1780456780,207.587428
1780456780,214.280803
1780456780,209.159584
1780456780,209.388307
1780456780,221.289951
1780456780,203.844741
1780456780,214.914319
1780456780,202.725029
1780456780,222.515699
1780456780,209.880518
1780456780,220.163909
1780456780,210.077080
1780456780,222.067311
1780456780,210.374657
1780456780,220.728356
1780456780,204.975524
1780456780,222.738253
1780456780,210.915834
1780456780,220.047361
1780456780,216.339941
1780456780,223.332596
1780456780,203.121452
1780456780,223.587247
1780456780,218.528478
1780456780,223.061374
1780456780,206.431468
1780456780,210.819597
1780456780,223.408045
1780456780,219.061102
1780456780,212.442959
1780456780,214.643288
1780456780,225.866805
1780456780,207.348654
1780456780,213.060819
1780456780,207.522831
1780456780,213.308910
1780456780,207.983554
1780456780,225.162326
1780456780,220.529474
1780456780,227.983686
1780456780,215.998792
1780456780,216.333500
1780456780,215.251736
1780456780,230.501303
1780456780,227.526157
1780456780,215.676349
1780456780,232.206637
1780456780,221.479921
1780456780,220.307258
1780456780,217.013629
1780456780,224.014649
1780456780,232.882429
1780456780,224.421100
1780456780,222.577633
1780456780,217.918912
1780456780,224.070295
1780456780,218.426878
1780456780,223.116116
1780456780,234.454943
1780456780,221.798492
1780456780,218.929986
1780456780,224.814518
1780456780,231.227191
1780456780,222.300688
1780456780,210.157955
1780456780,210.488229
1780456780,237.584914
1780456780,212.432064
1780456780,220.079948
1780456780,211.228098
1780456780,233.519368
1780456780,198.709131
1780456780,220.680894
1780456780,231.670794
1780456780,200.046823
1780456780,233.542169
1780456780,189.560623
1780456780,200.612278
1780456780,235.420079
1780456780,237.344925
1780456780,207.325078
1780456780,233.943474
1780456780,193.203891
1780456780,193.449028
1780456780,204.011281
1780456780,204.822144
1780456780,195.566107
1780456780,205.196849
1780456780,200.266280
1780456780,195.729475
1780456780,209.312115
1780456780,200.786760
1780456780,195.735270
1780456780,206.034118
1780456780,201.107666
1780456780,196.486787
1780456780,202.283521
1780456780,206.583695
1780456780,203.803037
1780456780,202.724590
1780456780,210.692832
1780456780,207.860376
1780456780,204.209291
1780456780,212.261916
1780456780,208.357782
1780456780,204.727755
1780456780,212.841556
1780456780,211.277520
1780456780,208.810936
1780456780,208.975711
1780456780,217.027941
1780456780,210.488248
1780456780,211.954518
1780456780,212.230045
1780456780,212.241183
1780456780,212.410516
1780456780,214.555539
1780456780,209.818298
1780456780,214.841218
1780456780,212.974880
1780456780,212.981067
1780456780,211.528532
1780456780,211.636897
1780456780,213.198842
1780456780,215.512685
1780456780,205.723537
1780456780,213.603111
1780456780,205.808087
1780456780,216.956016
1780456780,213.739379
1780456780,211.532011
1780456780,212.790364
1780456780,207.933524
1780456780,214.525917
1780456780,207.812903
1780456780,207.935665
1780456780,222.902416
1780456780,223.248468
1780456780,223.334596
1780456780,223.603054
1780456780,222.425779
1780456780,221.911158
1780456780,223.827450
1780456780,220.268938
1780456780,223.324415
1780456780,223.029762
1780456780,223.730210
1780456780,223.944361
1780456780,223.696011
1780456780,224.283685
1780456780,222.826873
1780456780,228.774634
1780456780,223.603960
1780456780,225.641904
1780456780,228.995496
1780456780,223.828414
1780456780,224.577610
1780456780,229.177088
1780456780,224.177746
1780456780,229.295248
1780456780,224.703071
1780456780,224.369115
1780456780,228.164635
1780456780,226.124290
1780456780,224.744985
1780456780,225.009263
1780456780,224.636211
1780456780,224.719436
1780456780,224.723296
1780456780,225.236877
1780456780,226.589869
1780456780,232.134824
1780456780,224.829179
1780456780,221.516241
1780456780,222.341326
1780456780,225.331220
1780456780,226.677753
1780456780,227.426296
1780456780,227.622562
1780456780,230.042562
1780456780,227.824840
1780456780,230.282992
1780456780,228.127010
1780456780,231.915110
1780456780,230.600383
1780456780,229.953683
1780456780,231.344347
1780456780,231.538764
1780456780,231.760130
1780456780,236.480149
1780456780,236.319636
1780456780,236.567629
1780456780,228.903281
1780456780,229.064816
1780456780,237.117288
1780456780,237.103833
1780456780,237.236972
1780456780,237.451973
1780456780,235.422931
1780456780,235.244105
1780456780,234.517231
1780456780,253.641581
1780456780,255.828084
1780456780,250.553183
1780456780,227.405507
1780456780,218.129499
1780456780,223.807793
1780456780,231.835906
1780456780,219.306621
1780456780,232.291671
1780456780,226.227920
1780456780,230.916711
1780456780,231.782185
1780456780,236.192777
1780456780,235.083240
1780456780,236.180955
1780456780,231.872637
1780456780,233.511432
1780456780,227.095684
1780456780,232.477279
1780456780,232.160299
1780456780,232.490176
1780456780,231.071482
1780456780,230.797014
1780456780,231.308213
1780456780,227.836154
1780456780,231.384268
1780456780,224.239068
1780456780,232.494355
1780456780,231.876751
1780456780,226.363662
1780456780,233.987542
1780456780,232.631423
1780456780,226.836509
1780456780,231.365829
1780456780,234.953165
1780456780,233.582265
1780456780,234.437462
1780456780,210.337188
1780456780,234.538291
1780456780,234.170614
1780456780,234.542526
1780456780,234.773806
1780456780,211.586785
1780456780,211.835361
1780456780,229.119111
1780456780,212.175814
1780456780,235.761228
1780456780,212.551274
1780456780,235.692560
1780456780,212.807260
1780456780,232.851887
1780456780,236.558061
1780456780,207.470993
1780456780,223.128591
1780456780,208.083299
1780456780,209.665321
1780456780,176.460424
1780456780,212.155067
1780456780,212.629448
1780456780,210.394746
1780456780,192.948550
1780456780,215.357751
1780456780,192.723579
1780456780,215.337292
1780456780,193.570664
1780456780,215.916852
1780456780,216.169266
1780456780,193.848506
1780456780,216.319865
1780456780,194.623202
1780456780,194.896315
1780456780,180.626262
1780456780,218.340672
1780456780,195.739009
1780456780,198.922296
1780456780,218.536253
1780456780,199.118009
1780456780,218.905171
1780456780,199.915281
1780456780,219.451459
1780456780,220.622396
1780456780,200.432596
1780456780,220.940035
1780456780,202.870656
1780456780,200.975356
1780456780,221.047911
1780456780,203.393964
1780456780,221.805924
1780456780,203.678560
1780456780,198.977701
1780456780,223.166500
1780456780,199.238837
1780456780,223.420969
1780456780,203.165785
1780456780,223.828596
1780456780,204.273896
1780456780,224.102444
1780456780,224.425952
1780456780,224.658468
1780456780,201.080730
1780456780,228.337676
1780456780,202.475716
1780456780,225.169083
1780456780,203.209557
1780456780,228.869724
1780456780,205.953895
1780456780,203.034505
1780456780,226.475123
1780456780,202.282991
1780456780,230.126591
1780456780,226.948415
1780456780,209.946836
1780456780,227.793800
1780456780,204.405221
1780456780,230.819927
1780456780,203.071815
1780456780,222.463385
1780456780,204.477594
1780456780,229.623313
1780456780,208.947120
1780456780,231.849250
1780456780,210.455201
1780456780,230.256582
1780456780,212.442322
1780456780,229.278186
1780456780,210.991046
1780456780,233.843392
1780456780,211.694772
1780456780,234.130799
1780456780,208.208602
1780456780,208.807277
1780456780,209.236231
1780456780,209.444779
1780456780,235.177377
1780456780,211.930866
1780456780,236.233780
1780456780,207.893809
1780456780,208.955177
1780456780,235.875953
1780456780,211.873150
1780456780,227.158989
1780456780,210.326895
1780456780,235.229796
1780456780,210.881896
1780456780,235.487934
1780456780,211.090426
1780456780,211.500948
1780456780,228.667248
1780456780,211.982317
1780456780,211.673334
1780456780,234.663243
1780456780,216.724456
1780456780,212.193770
1780456780,212.601721
1780456780,217.091612
1780456780,216.925309
1780456780,216.039371
1780456780,213.297888
1780456780,216.547891
1780456780,185.641379
1780456780,213.778775
1780456780,213.845971
1780456780,219.612890
1780456780,214.116449
1780456780,219.162761
1780456780,218.578751
1780456780,213.056499
1780456780,218.679085
1780456780,212.089831
1780456780,216.764448
1780456780,216.095021
1780456780,217.619663
1780456780,222.204706
1780456780,217.801260
1780456780,217.038403
1780456780,193.417107
1780456780,194.765645
1780456780,194.696545
1780456780,195.513575
1780456780,195.252771
1780456780,196.275380
1780456780,196.620733
1780456780,198.530011
1780456780,198.557950
1780456780,199.813021
1780456780,255.829047
1780456780,230.868231
1780456780,243.725788
1780456780,243.802120
1780456780,185.115327
1780456780,185.256277
1780456780,209.805467
1780456780,185.233900
1780456780,209.892581
1780456780,193.794289
1780456780,210.500602
1780456780,185.413082
1780456780,211.211820
1780456780,185.187396
1780456780,201.537098
1780456780,185.312427
1780456780,211.323280
1780456780,177.073467
1780456780,210.969491
1780456780,194.115457
1780456780,211.434952
1780456780,194.300725
1780456780,212.303105
1780456780,197.637410
1780456780,212.598054
1780456780,189.033179
1780456780,212.787032
1780456780,195.171941
1780456780,212.837557
1780456780,196.558069
1780456780,213.412301
1780456780,195.246602
1780456780,210.284646
1780456780,189.230059
1780456780,213.868843
1780456780,189.275675
1780456780,210.142049
1780456780,196.607908
1780456780,215.891167
1780456780,189.448215
1780456780,210.454158
1780456780,197.997949
1780456780,211.310206
1780456780,189.345265
1780456780,197.273033
1780456780,189.497897
1780456780,192.654034
1780456780,199.284989
1780456780,192.576917
1780456780,194.840740
1780456780,198.100907
1780456780,199.978022
1780456780,192.676385
1780456780,194.569214
1780456780,198.537342
1780456780,198.240635
1780456780,188.449237
1780456780,198.223757
1780456780,186.209429
1780456780,192.830706
1780456780,168.968676
1780456780,192.992345
1780456780,194.844507
1780456780,199.376022
1780456780,176.769889
1780456780,200.691482
1780456780,180.424008
1780456780,193.206671
1780456780,175.797708
1780456780,194.919940
1780456780,179.920459
1780456780,189.323803
1780456780,178.420941
1780456780,189.570184
1780456780,180.751705
1780456780,180.731944
1780456780,178.470054
1780456780,172.004286
1780456780,189.552253
1780456780,180.437585
1780456780,189.394487
1780456780,180.512018
1780456780,198.463991
1780456780,172.618268
1780456780,175.554528
1780456780,196.738961
1780456780,180.965989
1780456780,189.879335
1780456780,180.709605
1780456780,196.714594
1780456780,189.997735
1780456780,177.202568
1780456780,232.036105
1780456780,180.798241
1780456780,215.565065
1780456780,180.869883
1780456780,224.650423
1780456780,180.818563
1780456780,245.886794
1780456780,180.920103
1780456780,105.042870
1780456780,179.052961
1780456780,104.640226
1780456780,179.230230
1780456780,105.487763
1780456780,181.070470
1780456780,105.654724
1780456780,177.194737
1780456780,105.531309
1780456780,181.165915
1780456780,105.909400
1780456780,179.449535
1780456780,104.999914
1780456780,173.748862
1780456780,105.933719
1780456780,179.523951
1780456780,129.641430
1780456780,178.984071
1780456780,107.316510
1780456780,179.089967
1780456780,130.308559
1780456780,179.491244
1780456780,107.951523
1780456780,179.120002
1780456780,197.388353
1780456780,179.627374
1780456780,226.017003
1780456780,179.511802
1780456780,226.671523
1780456780,179.774018
1780456780,179.848107
1780456780,220.098948
1780456780,179.722272
1780456780,227.385744
1780456780,177.153269
1780456780,227.360694
1780456780,179.921763
1780456780,220.197423
1780456780,179.863663
1780456780,220.423806
1780456780,175.353559
1780456780,228.269597
1780456780,177.883245
1780456780,223.441219
1780456780,178.014755
1780456780,224.542380
1780456780,178.060037
1780456780,227.690422
1780456780,176.885570
1780456780,224.812656
1780456780,177.981542
1780456780,228.135102
1780456780,178.123596
1780456780,228.195942
1780456780,178.133119
1780456780,228.298700
1780456780,177.193706
1780456780,192.831803
1780456780,177.327945
1780456780,224.020773
1780456780,177.454974
1780456780,224.062766
1780456780,180.399224
1780456780,229.746845
1780456780,179.534969
1780456780,223.750606
1780456780,182.124692
1780456780,228.665679
1780456780,180.537938
1780456780,228.743399
1780456780,180.580698
1780456780,229.202750
1780456780,183.016475
1780456780,224.598911
1780456780,183.102010
1780456780,230.409501
1780456780,225.345718
1780456780,184.446654
1780456780,222.670013
1780456780,184.503006
1780456780,229.741926
1780456780,184.602355
1780456780,226.045305
1780456780,182.333842
1780456780,223.800665
1780456780,184.708795
1780456780,230.127862
1780456780,182.496617
1780456780,184.781330
1780456780,223.779778
1780456780,230.195883
1780456780,184.678266
1780456780,175.690130
1780456780,184.902840
1780456780,231.012207
1780456780,225.600359
1780456780,182.610616
1780456780,230.348987
1780456780,190.067021
1780456780,226.302974
1780456780,190.747247
1780456780,228.331374
1780456780,191.791356
1780456780,228.577921
1780456780,187.275709
1780456780,226.465089
1780456780,187.361184
1780456780,226.884808
1780456780,161.823141
1780456780,228.649543
1780456780,162.096122
1780456780,226.636223
1780456780,163.998304
1780456780,228.517701
1780456780,172.071288
1780456780,229.223084
1780456780,164.298542
1780456780,227.018163
1780456780,162.500738
1780456780,229.655432
1780456780,164.414062
1780456780,164.547654
1780456780,229.701569
1780456780,163.388497
1780456780,229.708018
1780456780,164.167818
1780456780,228.920138
1780456780,166.134557
1780456780,227.469710
1780456780,230.582970
1780456780,166.716478
1780456780,232.416943
1780456780,228.416126
1780456780,169.953912
1780456780,231.779727
1780456780,161.813846
1780456780,166.445685
1780456780,233.319609
1780456780,172.034312
1780456780,168.174844
1780456780,173.225858
1780456780,176.117554
1780456780,168.956169
1780456780,171.674298
1780456780,171.329598
1780456780,259.877585
1780456780,172.254503
1780456780,261.182669
1780456780,169.845163
1780456780,235.389130
1780456780,235.508964
1780456780,172.017989
1780456780,231.077106
1780456780,170.966568
1780456780,194.513866
1780456780,171.765058
1780456780,173.073281
1780456780,237.726908
1780456780,241.299680
1780456780,174.332478
1780456780,244.197511
1780456780,174.634735
1780456780,174.101745
1780456780,246.052224
1780456780,170.284246
1780456780,168.607997
1780456780,202.263163
1780456780,166.421156
1780456780,202.308697
1780456780,202.406929
1780456780,166.817467
1780456780,198.281696
1780456780,169.770251
1780456780,204.402519
1780456780,166.670059
1780456780,198.541226
1780456780,169.854527
1780456780,205.791090
1780456780,170.132287
1780456780,167.555102
1780456780,198.808287
1780456780,198.755860
1780456780,168.964189
1780456780,198.749978
1780456780,171.473526
1780456780,205.623948
1780456780,171.743735
1780456780,180.451929
1780456780,175.167649
1780456780,205.574038
1780456780,171.627539
1780456780,198.716491
1780456780,169.779067
1780456780,198.787798
1780456780,175.310926
1780456780,202.119553
1780456780,177.786247
1780456780,204.835454
1780456780,200.495072
1780456780,175.453767
1780456780,200.365592
1780456780,176.032233
1780456780,199.223678
1780456780,179.598991
1780456780,200.451716
1780456780,171.557832
1780456780,200.534375
1780456780,176.654876
1780456780,192.836300
1780456780,172.049723
1780456780,193.411928
1780456780,176.768718
1780456780,193.470375
1780456780,169.540346
1780456780,193.576187
1780456780,182.901491
1780456780,193.570482
1780456780,175.065041
1780456780,187.103398
1780456780,194.140067
1780456780,181.050852
1780456780,181.110109
1780456780,194.123636
1780456780,177.424975
1780456780,187.370966
1780456780,164.556992
1780456780,194.323290
1780456780,164.858329
1780456780,187.448009
1780456780,157.128742
1780456780,187.566465
1780456780,165.883617
1780456780,187.404852
1780456780,174.867549
1780456780,187.377928
1780456780,161.225887
1780456780,187.613479
1780456780,169.070532
1780456780,187.666826
1780456780,162.262296
1780456780,176.836811
1780456780,159.116568
1780456780,195.562065
1780456780,160.634839
1780456780,195.572658
1780456780,159.140497
1780456780,196.056906
1780456780,160.393590
1780456780,196.268660
1780456780,160.752431
1780456780,196.150388
1780456780,153.963769
1780456780,196.292748
1780456780,196.392577
1780456780,174.706598
1780456780,196.280654
1780456780,171.971338
1780456780,194.441398
1780456780,154.404091
1780456780,181.766303
1780456780,194.524752
1780456780,194.307719
1780456780,162.952607
1780456780,194.535547
1780456780,194.693541
1780456780,162.953857
1780456780,163.129322
1780456780,194.781388
1780456780,154.567746
1780456780,194.630165
1780456780,163.004721
1780456780,194.527201
1780456780,193.332443
1780456780,136.210531
1780456780,189.546190
1780456780,164.068822
1780456780,156.225106
1780456780,189.634449
1780456780,189.699044
1780456780,164.388595
1780456780,189.688348
1780456780,156.108035
1780456780,190.645096
1780456780,175.048690
1780456780,191.965879
1780456780,157.786949
1780456780,195.494473
1780456780,156.702399
1780456780,195.566041
1780456780,191.801394
1780456780,164.945491
1780456780,191.736466
1780456780,159.376234
1780456780,192.192453
1780456780,175.397253
1780456780,195.736653
1780456780,157.846271
1780456780,195.815575
1780456780,156.110228
1780456780,170.105001
1780456780,167.683225
1780456780,198.731065
1780456780,157.346449
1780456780,190.217034
1780456780,156.343337
1780456780,190.229664
1780456780,166.595436
1780456780,190.335393
1780456780,166.867303
1780456780,195.565945
1780456780,160.992855
1780456780,195.635598
1780456780,158.584453
1780456780,190.426029
1780456780,168.096417
1780456780,197.427181
1780456780,157.446058
1780456780,197.509794
1780456780,192.642627
1780456780,161.215618
1780456780,192.324583
1780456780,175.976431
1780456780,192.500763
1780456780,199.181903
1780456780,165.776576
1780456780,192.466881
1780456780,179.548984
1780456780,158.709994
1780456780,192.751315
1780456780,160.212042
1780456780,192.715829
1780456780,158.570470
1780456780,199.474351
1780456780,192.746358
1780456780,168.627124
1780456780,169.794988
1780456780,192.596707
1780456780,160.526980
1780456780,192.803008
1780456780,158.452833
1780456780,199.528157
1780456780,199.597400
1780456780,159.052544
1780456780,192.832932
1780456780,170.649849
1780456780,199.795681
1780456780,167.741084
1780456780,190.965362
1780456780,162.228272
1780456780,196.104470
1780456780,170.948271
1780456780,195.460310
1780456780,163.106301
1780456780,199.997228
1780456780,166.116627
1780456780,203.000011
1780456780,161.552405
1780456780,138.102710
1780456780,164.251300
1780456780,138.071064
1780456780,174.046755
1780456780,177.378997
1780456780,138.557977
1780456780,177.909626
1780456780,139.474768
1780456780,140.327371
1780456780,164.202881
1780456780,171.648680
1780456780,136.878307
1780456780,140.677759
1780456780,163.848404
1780456780,137.454241
1780456780,165.121922
1780456780,141.228440
1780456780,169.299173
1780456780,140.381551
1780456780,167.196381
1780456780,139.636658
1780456780,166.703999
1780456780,141.755471
1780456780,180.757281
1780456780,142.067292
1780456780,172.170948
1780456780,140.890121
1780456780,152.560196
1780456780,142.848775
1780456780,148.860950
1780456780,142.475248
1780456780,140.233702
1780456780,141.442408
1780456780,150.731981
1780456780,144.319566
1780456780,143.605262
1780456780,146.159616
1780456780,146.746258
1780456780,150.744414
1780456780,174.704097
1780456780,147.697145
1780456780,147.415013
1780456780,113.926058
1780456780,148.841512
1780456780,153.331911
1780456780,145.879310
1780456780,146.197517
1780456780,146.603705
1780456780,174.190776
1780456780,146.797587
1780456780,148.212671
1780456780,147.659044
1780456780,148.424727
1780456780,174.483127
1780456780,147.234685
1780456780,156.406904
1780456780,149.087378
1780456780,149.872573
1780456780,126.461772
1780456780,150.377935
1780456780,150.125891
1780456780,126.392147
1780456780,150.977734
1780456780,127.262175
1780456780,152.368755
1780456780,127.083095
1780456780,152.054662
1780456780,127.567691
1780456780,155.236093
1780456780,163.362695
1780456780,177.914656
1780456780,127.320883
1780456780,155.868007
1780456780,157.060571
1780456780,156.464600
1780456780,164.549324
1780456780,155.773586
1780456780,127.656065
1780456780,156.717029
1780456780,164.477875
1780456780,156.817718
1780456780,128.124159
1780456780,177.881335
1780456780,128.551493
1780456780,178.132288
1780456780,128.785552
1780456780,153.854194
1780456780,129.041352
1780456780,160.298953
1780456780,165.597100
1780456780,159.638183
1780456780,129.412378
1780456780,168.938250
1780456780,129.407654
1780456780,136.401166
1780456780,130.066246
1780456780,130.601373
1780456780,135.793275
1780456780,129.787197
1780456780,171.599135
1780456780,158.321183
1780456780,136.903804
1780456780,131.567761
1780456780,137.130892
1780456780,130.334220
1780456780,137.481601
1780456780,168.462688
1780456780,137.861483
1780456780,170.076681
1780456780,131.956181
1780456780,170.309799
1780456780,131.150445
1780456780,138.428668
1780456780,133.250992
1780456780,136.560397
1780456780,134.488370
1780456780,138.363870
1780456780,133.931789
1780456780,139.310134
1780456780,117.269839
1780456780,141.796831
1780456780,139.819792
1780456780,140.039101
1780456780,139.826886
1780456780,118.053978
1780456780,115.135654
1780456780,159.184104
1780456780,118.403058
1780456780,173.844426
1780456780,115.153899
1780456780,121.864315
1780456780,115.586918
1780456780,115.943520
1780456780,119.236642
1780456780,119.901808
1780456780,123.773146
1780456780,119.618519
1780456780,123.959418
1780456780,145.667083
1780456780,157.370273
1780456780,152.826082
1780456780,158.184021
1780456780,121.929825
1780456780,127.158099
1780456780,118.895342
1780456780,141.100231
1780456780,119.316399
1780456780,232.027928
1780456780,118.129559
1780456780,202.816992
1780456780,118.399271
1780456780,196.184922
1780456780,122.681742
1780456780,146.075035
1780456780,141.716510
1780456780,119.549331
1780456780,141.881685
1780456780,110.322258
1780456780,142.077433
1780456780,119.672367
1780456780,105.659804
1780456780,119.867946
1780456780,105.957329
1780456780,149.972812
1780456780,105.575390
1780456780,106.306370
1780456780,123.083325
1780456780,106.526213
1780456780,120.456315
1780456780,105.980228
1780456780,123.089707
1780456780,106.251938
1780456780,123.231923
1780456780,148.354190
1780456780,106.780881
1780456780,122.798290
1780456780,108.378545
1780456780,122.633445
1780456780,107.299788
1780456780,123.220258
1780456780,107.835615
1780456780,123.524062
1780456780,107.210056
1780456780,123.797055
1780456780,107.792381
1780456780,151.713198
1780456780,153.789386
1780456780,108.131380
1780456780,124.575669
1780456780,110.407656
1780456780,124.063072
1780456780,123.788314
1780456780,108.401826
1780456780,126.464281
1780456780,148.778667
1780456780,124.355977
1780456780,108.501303
1780456780,110.974610
1780456780,158.383255
1780456780,107.821478
1780456780,158.265905
1780456780,107.387923
1780456780,127.492749
1780456780,108.904404
1780456780,126.217397
1780456780,150.136311
1780456780,128.419375
1780456780,129.515677
1780456780,125.636090
1780456780,128.808498
1780456780,109.800732
1780456780,157.512508
1780456780,110.066626
1780456780,110.268691
1780456780,123.571477
1780456780,126.156941
1780456780,127.145586
1780456780,131.310823
1780456780,159.714370
1780456780,111.814454
1780456780,151.471598
1780456780,127.562936
1780456780,127.666300
1780456780,112.076138
1780456780,152.931635
1780456780,128.306881
1780456780,110.785062
1780456780,128.565251
1780456780,153.633694
1780456780,110.872483
1780456780,128.154469
1780456780,111.081283
1780456780,128.473100
1780456780,132.693917
1780456780,164.712923
1780456780,113.088284
1780456780,125.992760
1780456780,152.772662
1780456780,112.936154
1780456780,113.460479
1780456780,159.948421
1780456780,153.055696
1780456780,126.422826
1780456780,112.848569
1780456780,127.431120
1780456780,114.055411
1780456780,160.947523
1780456780,114.471031
1780456780,127.085784
1780456780,114.711967
1780456780,130.047551
1780456780,115.625613
1780456780,120.984759
1780456780,114.994138
1780456780,115.501547
1780456780,124.040880
1780456780,102.829296
1780456780,103.206077
1780456780,105.351999
1780456780,105.622701
1780456780,106.063900
1780456780,139.799222
1780456780,105.999982
1780456780,140.444532
1780456780,140.781280
1780456780,106.534982
1780456780,107.186801
1780456780,141.588945
1780456780,144.010385
1780456780,106.980916
1780456780,145.250179
1780456780,141.848073
1780456780,143.688591
1780456780,105.921787
1780456780,128.629681
1780456780,103.450098
1780456780,103.672151
1780456780,103.795893
1780456780,131.971400
1780456780,104.995593
1780456780,104.408670
1780456780,130.135529
1780456780,103.662421
1780456780,132.210964
1780456780,104.673119
1780456780,104.244370
1780456780,105.333595
1780456780,125.006957
1780456780,105.601501
1780456780,103.085992
1780456780,105.246651
1780456780,124.717734
1780456780,130.025526
1780456780,125.385697
1780456780,105.287693
1780456780,124.444893
1780456780,105.592673
1780456780,105.443800
1780456780,124.552027
1780456780,104.677658
1780456780,124.510606
1780456780,105.003525
1780456780,124.340408
1780456780,104.540207
1780456780,126.282270
1780456780,124.285223
1780456780,125.785646
1780456780,123.405994
1780456780,124.033132
1780456780,103.931734
1780456780,103.100672
1780456780,103.370233
1780456780,127.146071
1780456780,127.869850
1780456780,123.957963
1780456780,102.868633
1780456780,103.545669
1780456780,107.615789
1780456780,106.999119
1780456780,109.950639
1780456780,127.192989
1780456780,106.610246
1780456780,126.918101
1780456780,105.933251
1780456780,142.809972
1780456780,110.313648
1780456780,127.165557
1780456780,131.219449
1780456780,138.534870
1780456780,108.335290
1780456780,126.142617
1780456780,107.944583
1780456780,107.304051
1780456780,108.362354
1780456780,111.484770
1780456780,105.724134
1780456780,111.492627
1780456780,107.157596
1780456780,106.741717
1780456780,144.637280
1780456780,105.512302
1780456780,127.308450
1780456780,107.569106
1780456780,108.115631
1780456780,106.821257
1780456780,106.308730
1780456780,144.313340
1780456780,112.562464
1780456780,107.228178
1780456780,112.666779
1780456780,106.313471
1780456780,106.292123
1780456780,137.530085
1780456780,126.380718
1780456780,106.362925
1780456780,106.498131
1780456780,138.287219
1780456780,105.358131
1780456780,105.231395
1780456780,104.750931
1780456780,104.486802
1780456780,146.784811
1780456780,112.056518
1780456780,107.917311
1780456780,130.684938
1780456780,128.996266
1780456780,104.765198
1780456780,146.428273
1780456780,129.104137
1780456780,106.010554
1780456780,105.685277
1780456780,103.667315
1780456780,103.190523
1780456780,105.824735
1780456780,103.640571
1780456780,103.589822
1780456780,128.152079
1780456780,103.037998
1780456780,133.393307
1780456780,134.178393
1780456780,105.675938
1780456780,141.683912
1780456780,106.842154
1780456780,110.552782
1780456780,130.576519
1780456780,110.040595
1780456780,107.068980
1780456780,113.093197
1780456780,110.024419
1780456780,107.087240
1780456780,130.387692
1780456780,109.236690
1780456780,109.658989
1780456780,113.126460
1780456780,151.841140
1780456780,151.523378
1780456780,108.618018
1780456780,107.123062
1780456780,107.444781
1780456780,112.729914
1780456780,105.952370
1780456780,111.814868
1780456780,108.614061
1780456780,105.156260
1780456780,109.635813
1780456780,104.831436
1780456780,133.205475
1780456780,133.227938
1780456780,132.651572
1780456780,133.885057
1780456780,110.427718
1780456780,133.723823
1780456780,108.182246
1780456780,108.515519
1780456780,132.429664
1780456780,130.795109
1780456780,131.075637
1780456780,107.583019
1780456780,108.568501
1780456780,139.857928
1780456780,140.332008
1780456780,107.473504
1780456780,140.349861
1780456780,107.938491
1780456780,106.899589
1780456780,139.409234
1780456780,107.534007
1780456780,127.899483
1780456780,140.585595
1780456780,140.699187
1780456780,139.682005
1780456780,138.783055
1780456780,139.331782
1780456780,138.629040
1780456780,107.458265
1780456780,138.965816
1780456780,107.861521
1780456780,106.984721
1780456780,138.460114
1780456780,138.064990
1780456780,138.280652
1780456780,138.026620
1780456780,108.177578
1780456780,106.213933
1780456780,137.358800
1780456780,107.133841
1780456780,137.677071
1780456780,140.686727
1780456780,106.373240
1780456780,136.030220
1780456780,131.884370
1780456780,106.307656
1780456780,133.935296
1780456780,138.280119
1780456780,108.553667
1780456780,139.484026
1780456780,138.780282
1780456780,103.117005
1780456780,106.072715
1780456780,106.832883
1780456780,130.197068
1780456780,109.132652
1780456780,108.828259
1780456780,108.733950
1780456780,102.484789
1780456780,103.914169
1780456780,105.061999
1780456780,105.514883
1780456780,129.536381
1780456780,105.126272
1780456780,103.979109
1780456780,127.723442
1780456780,127.146201
1780456780,104.101778
1780456780,102.771534
1780456780,118.786099
1780456780,111.823837
1780456780,106.314715
1780456780,141.253115
1780456780,124.657726
1780456780,106.847679
1780456780,120.808869
1780456780,139.582832
1780456780,139.408387
1780456780,135.143113
1780456780,104.089376
1780456780,108.079801
1780456780,108.333823
1780456780,107.717510
1780456780,108.579587
1780456780,106.214396
1780456780,103.616866
1780456780,108.912090
1780456780,103.006904
1780456780,108.183327
1780456780,112.672862
1780456780,106.410753
1780456780,112.638430
1780456780,109.299669
1780456780,112.573271
1780456780,112.538249
1780456780,108.559845
1780456780,108.973658
1780456780,108.859940
1780456780,107.271825
1780456780,125.432352
1780456780,108.866292
1780456780,108.575415
1780456780,109.763560
1780456780,104.726045
1780456780,107.436534
1780456780,103.349245
1780456780,125.064447
1780456780,109.900924
1780456780,109.808104
1780456780,104.771753
1780456780,129.835262
1780456780,107.698801
1780456780,134.601178
1780456780,109.532559
1780456780,125.498988
1780456780,125.428620
1780456780,103.097942
1780456780,109.893660
1780456780,130.212218
1780456780,110.288010
1780456780,107.982152
1780456780,105.832754
1780456780,110.586817
1780456780,110.551617
1780456780,103.197470
1780456780,105.748860
1780456780,105.156076
1780456780,103.962546
1780456780,125.461375
1780456780,110.033516
1780456780,136.935535
1780456780,137.217452
1780456780,132.882328
1780456780,130.193180
1780456780,126.100266
1780456780,125.846559
1780456780,129.958476
1780456780,113.346224
1780456780,118.146694
1780456780,108.585146
1780456780,129.910341
1780456780,128.572846
1780456780,129.992652
1780456780,128.804803
1780456780,108.284328
1780456780,103.675739
1780456780,102.549453
1780456780,103.153104
1780456780,104.422656
1780456780,104.735322
1780456780,104.896710
1780456780,103.100577
1780456780,103.992260
1780456780,104.467970
1780456780,103.217850
1780456780,103.464329
1780456780,103.173870
1780456780,119.295976
1780456780,119.398739
1780456780,103.363293
1780456780,103.635063
1780456780,103.900207
1780456780,101.922855
1780456780,103.607083
1780456780,103.707318
1780456780,102.924071
1780456780,104.031156
1780456780,104.442974
1780456780,104.637075
1780456780,120.917181
1780456780,120.942941
1780456780,104.858123
1780456780,105.556214
1780456780,105.290443
1780456780,104.541273
1780456780,105.679142
1780456780,104.275927
1780456780,112.660749
1780456780,106.554304
1780456780,102.872395
1780456780,102.712179
1780456780,106.084268
1780456780,105.765844
1780456780,105.367540
1780456780,105.402346
1780456780,103.054229
1780456780,102.635738
1780456780,103.137266
1780456780,102.942315
1780456780,103.430417
1780456780,103.332931
1780456780,103.504497
1780456780,103.438099
1780456780,103.075116
1780456780,102.775471
1780456780,102.783563
1780456780,102.739492
1780456780,102.977436
1780456780,102.801158
1780456780,103.871697
1780456780,108.273030
1780456780,113.305599
1780456780,119.917887
1780456780,128.382983
1780456780,119.994329
1780456780,120.200859
1780456780,128.523284
1780456780,119.968786
1780456780,120.234656
1780456780,128.481744
1780456780,138.146847
1780456780,141.703971
1780456780,142.701720
1780456780,143.597729
1780456780,120.872853
1780456780,143.614174
1780456780,143.722057
1780456780,143.439919
1780456780,118.737835
1780456780,124.590269
1780456780,106.676185
1780456780,106.703941
1780456780,114.979899
1780456780,124.521717
1780456780,115.427012
1780456780,126.198964
1780456780,128.131000
1780456780,101.753642
1780456780,127.646071
1780456780,127.624656
1780456780,127.635288
1780456780,116.610304
1780456780,118.086624
1780456780,120.284333
1780456780,125.924683
1780456780,120.762375
1780456780,119.101657
1780456780,126.721572
1780456780,119.794535
1780456780,126.434440
1780456780,120.722300
1780456780,119.664721
1780456780,119.254027
1780456780,120.332075
1780456780,111.807292
1780456780,113.047187
1780456780,111.825551
1780456780,113.473061
1780456780,112.044550
1780456780,113.433482
1780456780,107.094183
1780456780,112.100618
1780456780,107.140789
1780456780,104.961950
1780456780,108.438927
1780456780,106.523700
1780456780,108.511930
1780456780,106.592681
1780456780,108.540548
1780456780,106.666279
1780456780,108.614784
1780456780,107.266819
1780456780,109.826825
1780456780,107.187972
1780456780,109.978217
1780456780,103.946577
1780456780,111.122957
1780456780,124.074933
1780456780,122.584188
1780456780,125.142167
1780456780,118.293511
1780456780,123.339561
1780456780,119.217323
1780456780,119.429693
1780456780,119.350751
1780456780,119.330066
1780456780,122.657621
1780456780,118.509348
1780456780,120.679820
1780456780,122.252835
1780456780,120.944542
1780456780,120.744048
1780456780,114.367554
1780456780,125.597986
1780456780,121.947016
1780456780,119.756951
1780456780,109.701574
1780456780,109.763801
1780456780,114.605444
1780456780,110.159867
1780456780,119.891602
1780456780,111.978917
1780456780,119.965344
1780456780,110.900811
1780456780,117.057228
1780456780,109.788841
1780456780,115.854220
1780456780,112.263371
1780456780,117.369343
1780456780,112.226795
1780456780,115.953227
1780456780,117.440262
1780456780,113.576084
1780456780,121.484737
1780456780,112.264702
1780456780,122.832557
1780456780,118.661645
1780456780,118.678528
1780456780,118.616520
1780456780,122.652592
1780456780,119.265977
1780456780,118.701192
1780456780,119.909785
1780456780,119.197562
1780456780,108.920780
1780456780,122.957628
1780456780,109.074291
1780456780,117.744618
1780456780,109.106948
1780456780,119.340163
1780456780,113.971243
1780456780,105.528024
1780456780,140.987072
1780456780,139.105360
1780456780,141.036960
1780456780,139.086017
1780456780,133.082963
1780456780,141.220082
1780456780,132.999434
1780456780,141.189781
1780456780,141.304942
1780456780,140.155562
1780456780,141.375365
1780456780,132.591901
1780456780,139.455289
1780456780,112.888971
1780456780,112.933172
1780456780,123.708022
1780456780,114.428195
1780456780,120.383715
1780456780,123.787587
1780456780,118.818582
1780456780,124.875679
1780456780,121.098408
1780456780,130.249555
1780456780,118.876219
1780456780,125.121403
1780456780,121.187548
1780456780,125.061090
1780456780,123.888978
1780456780,126.336729
1780456780,123.887250
1780456780,132.006640
1780456780,123.952195
1780456780,126.291814
1780456780,112.989282
1780456780,109.862516
1780456780,114.634114
1780456780,106.487922
1780456780,110.157116
1780456780,112.888252
1780456780,113.362951
1780456780,118.180969
1780456780,111.762426
1780456780,113.073276
1780456780,113.134179
1780456780,113.391645
1780456780,113.208150
1780456780,112.154686
1780456780,113.047244
1780456780,112.125655
1780456780,111.832836
1780456780,113.657143
1780456780,120.474980
1780456780,116.080526
1780456780,116.016066
1780456780,120.492547
1780456780,116.039022
1780456780,116.199272
1780456780,114.586744
1780456780,114.552163
1780456780,122.971704
1780456780,116.239794
1780456780,114.826791
1780456780,114.882560
1780456780,116.334172
1780456780,116.417915
1780456780,114.679783
1780456780,109.357012
1780456780,116.314049
1780456780,114.689534
1780456780,116.461446
1780456780,116.396127
1780456780,115.017133
1780456780,115.093761
1780456780,116.545586
1780456780,145.558526
1780456780,114.782476
1780456780,116.494789
1780456780,116.693467
1780456780,147.011461
1780456780,124.819844
1780456780,144.790966
1780456780,126.125077
1780456780,121.183910
1780456780,132.613318
1780456780,124.922605
1780456780,128.539330
1780456780,123.572044
1780456780,127.516875
1780456780,130.076567
1780456780,132.685366
1780456780,108.488119
1780456780,134.352813
1780456780,110.011091
1780456780,134.673358
1780456780,112.351773
1780456780,137.853756
1780456780,108.944951
1780456780,138.626577
1780456780,110.071639
1780456780,135.075903
1780456780,115.545626
1780456780,138.927733
1780456780,115.744066
1780456780,135.339912
1780456780,115.333619
1780456780,137.675724
1780456780,124.013218
1780456780,139.254582
1780456780,121.755367
1780456780,138.011576
1780456780,115.790062
1780456780,137.503248
1780456780,108.185300
1780456780,109.112507
1780456780,138.844237
1780456780,111.599392
1780456780,109.226165
1780456780,141.134621
1780456780,138.775168
1780456780,141.501831
1780456780,109.254309
1780456780,141.935990
1780456780,109.371098
1780456780,142.374157
1780456780,105.179581
1780456780,105.497275
1780456780,118.832163
1780456780,105.515538
1780456780,105.912299
1780456780,104.712883
1780456780,104.667891
1780456780,121.415050
1780456780,118.391451
1780456780,118.412880
1780456780,119.121417
1780456780,118.417955
1780456780,117.709153
1780456780,115.453677
1780456780,117.722259
1780456780,117.714563
1780456780,117.762636
1780456780,112.343622
1780456780,106.906343
1780456780,117.816500
1780456780,118.747869
1780456780,108.027931
1780456780,117.850559
1780456780,103.925183
1780456780,112.710443
1780456780,105.172228
1780456780,105.790707
1780456780,104.065036
1780456780,107.111908
1780456780,105.213304
1780456780,115.847963
1780456780,106.011010
1780456780,118.928819
1780456780,104.057174
1780456780,110.201654
1780456780,103.561737
1780456780,102.598593
1780456780,112.503917
1780456780,109.053577
1780456780,107.963997
1780456780,108.163760
1780456780,114.695300
1780456780,116.329199
1780456780,113.832100
1780456780,116.367326
1780456780,114.801818
1780456780,115.372759
1780456780,115.389480
1780456780,115.389384
1780456780,113.518479
1780456780,116.590065
1780456780,110.781081
1780456780,109.918025
1780456780,112.372315
1780456780,111.705980
1780456780,107.950420
1780456780,112.488265
1780456780,110.686338
1780456780,114.411050
1780456780,117.291748
1780456780,103.148081
1780456780,113.534083
1780456780,117.360629
1780456780,124.097479
1780456780,108.901177
1780456780,122.985315
1780456780,124.172517
1780456780,112.504821
1780456780,124.177020
1780456780,124.364455
1780456780,110.387319
1780456780,108.360348
1780456780,110.462792
1780456780,108.365312
1780456780,111.447100
1780456780,112.140580
1780456780,111.406118
1780456780,115.432622
1780456780,113.079257
1780456780,113.699264
1780456780,114.379908
1780456780,123.313320
1780456780,115.304623
1780456780,107.471350
1780456780,112.832538
1780456780,110.029131
1780456780,125.562381
1780456780,118.701128
1780456780,108.217838
1780456780,118.823263
1780456780,118.779931
1780456780,110.339354
1780456780,103.328607
1780456780,108.434743
1780456780,108.438339
1780456780,108.595519
1780456780,112.669071
1780456780,107.291363
1780456780,103.717404
1780456780,114.297270
1780456780,102.807097
1780456780,104.686514
1780456780,103.453646
1780456780,103.361826
1780456780,103.532054
1780456780,103.591712
1780456780,102.992147
1780456780,103.189466
1780456780,103.143815
1780456780,103.583074
1780456780,109.787854
1780456780,109.791129
1780456780,103.641079
1780456780,108.645018
1780456780,103.540804
1780456780,103.711309
1780456780,103.731802
1780456780,110.047704
1780456780,110.244156
1780456780,110.568577
1780456780,110.753654
1780456780,113.969162
1780456780,109.542796
1780456780,110.955664
1780456780,104.573912
1780456780,109.787577
1780456780,109.636231
1780456780,109.665989
1780456780,104.060745
1780456780,103.214325
1780456780,103.235168
1780456780,108.701228
1780456780,103.260288
1780456780,104.328804
1780456780,103.268733
1780456780,110.017959
1780456780,103.262522
1780456780,103.284007
1780456780,103.342893
1780456780,108.875515
1780456780,110.338415
1780456780,110.164161
1780456780,109.148970
1780456780,102.458638
1780456780,109.269876
1780456780,102.871678
1780456780,102.914170
1780456780,110.904077
1780456780,110.843998
1780456780,103.073643
1780456780,103.045223
1780456780,110.806903
1780456780,103.178258
1780456780,103.228764
1780456780,110.063700
1780456780,108.752389
1780456780,103.563966
1780456780,110.155311
1780456780,103.593843
1780456780,110.337331
1780456780,103.858103
1780456780,110.539686
1780456780,102.684797
1780456780,102.838687
1780456780,110.628501
1780456780,103.058796
1780456780,109.718481
1780456780,103.083253
1780456780,103.210303
1780456780,110.044540
1780456780,103.367949
1780456780,110.201538
1780456780,103.535998
1780456780,110.251495
1780456780,102.225863
1780456780,110.511000
1780456780,103.929593
1780456780,104.138274
1780456780,110.728305
1780456780,103.908313
1780456780,109.716769
1780456780,102.980362
1780456780,109.777621
1780456780,108.157041
1780456780,103.081871
1780456780,103.315208
1780456780,104.470723
1780456780,104.900930
1780456780,103.516596
1780456780,102.508471
1780456780,103.664936
1780456780,103.823991
1780456780,102.670538
1780456780,102.794254
1780456780,102.805175
1780456780,102.981441
1780456780,102.202232
1780456780,102.305260
1780456780,102.486398
1780456780,102.342764
1780456780,102.602380
1780456780,102.315984
1780456780,102.397551
1780456780,102.321075
1780456780,102.603971
1780456780,102.558071
1780456780,102.761728
1780456780,101.478873
1780456780,102.713279
1780456780,102.557688
1780456780,102.354382
1780456780,103.008054
1780456780,102.237687
1780456780,102.937207
1780456780,102.439288
1780456780,103.025825
1780456780,103.033859
1780456780,102.444062
1780456780,102.491314
1780456780,103.062142
1780456780,102.651118
1780456780,103.114585
1780456780,102.517370
1780456780,103.086974
1780456780,102.433943
1780456780,102.471113
1780456780,102.603535
1780456780,103.267881
1780456780,103.187394
1780456780,102.429138
1780456780,102.657607
1780456780,102.847907
1780456780,103.365004
1780456780,103.117261
1780456780,102.627099
1780456780,102.952359
1780456780,103.094720
1780456780,103.459295
1780456780,102.837658
1780456780,102.727478
1780456780,102.755042
1780456780,103.919223
1780456780,103.550091
1780456780,102.540989
1780456780,102.448637
1780456780,103.945542
1780456780,102.352263
1780456780,102.782986
1780456780,103.771712
1780456780,103.699459
1780456780,103.328832
1780456780,102.455016
1780456780,103.325759
1780456780,103.465953
1780456780,104.575479
1780456780,102.470974
1780456780,103.521105
1780456780,104.743007
1780456780,102.483528
1780456780,102.778262
1780456780,103.345312
1780456780,103.044872
1780456780,102.816137
1780456780,105.742792
1780456780,103.981658
1780456780,103.593162
1780456780,102.871471
1780456780,105.435203
1780456780,102.868733
1780456780,102.837719
1780456780,104.932523
1780456780,103.450983
1780456780,104.715235
1780456780,105.885754
1780456780,103.797425
1780456780,104.991401
1780456780,103.578017
1780456780,103.529876
1780456780,107.352650
1780456780,106.059459
1780456780,103.168685
1780456780,105.339436
1780456780,106.494398
1780456780,105.500397
1780456780,106.456294
1780456780,105.458105
1780456780,105.169842
1780456780,105.601866
1780456780,105.409009
1780456780,105.680682
1780456780,105.748297
1780456780,112.397676
1780456780,105.348917
1780456780,106.562169
1780456780,105.647932
1780456780,107.413846
1780456780,104.390168
1780456780,108.405623
1780456780,112.966311
1780456780,104.736460
1780456780,106.827120
1780456780,108.552280
1780456780,106.933460
1780456780,106.648091
1780456780,106.019437
1780456780,113.633547
1780456780,113.422616
1780456780,108.817890
1780456780,113.765179
1780456780,106.163957
1780456780,105.353656
1780456780,106.798017
1780456780,109.145980
1780456780,104.521190
1780456780,105.583790
1780456780,106.479396
1780456780,104.559548
1780456780,109.474598
1780456780,107.058317
1780456780,114.328467
1780456780,106.803243
1780456780,106.470009
1780456780,104.931742
1780456780,106.819158
1780456780,107.389280
1780456780,106.663858
1780456780,109.772822
1780456780,110.246065
1780456780,106.738219
1780456780,115.127932
1780456780,109.728365
1780456780,115.307561
1780456780,110.810358
1780456780,108.830583
1780456780,112.769677
1780456780,108.883826
1780456780,108.921314
1780456780,107.002507
1780456780,110.049415
1780456780,113.668757
1780456780,108.488008
1780456780,107.624403
1780456780,110.165520
1780456780,114.497330
1780456780,108.498678
1780456781,116.893526
1780456781,124.168033
1780456781,122.985129
1780456781,120.458120
1780456781,121.169356
1780456781,124.360857
1780456781,123.853704
1780456781,123.107616
1780456781,119.705959
1780456781,121.552971
1780456781,118.175199
1780456781,118.791460
1780456781,124.929066
1780456781,116.580599
1780456781,123.681809
1780456781,118.719277
1780456781,118.242146
1780456781,124.462211
1780456781,121.987335
1780456781,116.896706
1780456781,124.523993
1780456781,124.851525
1780456781,121.165043
1780456781,125.450315
1780456781,120.285229
1780456781,122.612294
1780456781,122.217281
1780456781,120.345454
1780456781,131.192364
1780456781,125.884395
1780456781,119.996241
1780456781,122.356576
1780456781,125.535193
1780456781,121.497227
1780456781,122.603332
1780456781,122.679966
1780456781,124.166634
1780456781,126.118138
1780456781,127.098893
1780456781,127.046137
1780456781,127.197722
1780456781,120.591418
1780456781,127.357818
1780456781,123.880750
1780456781,127.498260
1780456781,127.187801
1780456781,123.268803
1780456781,128.180513
1780456781,126.614655
1780456781,127.780307
1780456781,125.852955
1780456781,122.787038
1780456781,124.800212
1780456781,126.817058
1780456781,126.928448
1780456781,128.511396
1780456781,127.900220
1780456781,126.067626
1780456781,119.910685
1780456781,120.215435
1780456781,126.848148
1780456781,127.402635
1780456781,126.505400
1780456781,126.447823
1780456781,120.417570
1780456781,128.206386
1780456781,128.400595
1780456781,128.214753
1780456781,133.452092
1780456781,127.353133
1780456781,121.615792
1780456781,127.630167
1780456781,121.908511
1780456781,126.636970
1780456781,120.187613
1780456781,127.320291
1780456781,120.530305
1780456781,125.096407
1780456781,127.617007
1780456781,126.825423
1780456781,127.001819
1780456781,127.200143
1780456781,125.443626
1780456781,122.474298
1780456781,126.678135
1780456781,126.471407
1780456781,121.463567
1780456781,129.028124
1780456781,125.506572
1780456781,121.274360
1780456781,126.952300
1780456781,125.000184
1780456781,126.286971
1780456781,121.012237
1780456781,130.086118
1780456781,130.021966
1780456781,129.734715
1780456781,127.797486
1780456781,130.293504
1780456781,127.566791
1780456781,127.637084
1780456781,130.180870
1780456781,128.263804
1780456781,125.781184
1780456781,127.850433
1780456781,127.943656
1780456781,128.247341
1780456781,127.415988
1780456781,128.019071
1780456781,129.210451
1780456781,129.502234
1780456781,128.839689
1780456781,127.865247
1780456781,124.343385
1780456781,128.979881
1780456781,129.581997
1780456781,125.483359
1780456781,126.537972
1780456781,128.114373
1780456781,128.016813
1780456781,123.123087
1780456781,131.174563
1780456781,121.984020
1780456781,125.628353
1780456781,131.346537
1780456781,131.496967
1780456781,130.861725
1780456781,125.390609
1780456781,131.526930
1780456781,127.645436
1780456781,131.642713
1780456781,128.019130
1780456781,132.101090
1780456781,127.966900
1780456781,137.014389
1780456781,131.021461
1780456781,123.014227
1780456781,124.694584
1780456781,124.746064
1780456781,131.341826
1780456781,131.244608
1780456781,131.066897
1780456781,122.575544
1780456781,131.332061
1780456781,124.930001
1780456781,125.035758
1780456781,129.299678
1780456781,129.811223
1780456781,132.428398
1780456781,129.909875
1780456781,132.147301
1780456781,132.104292
1780456781,131.911308
1780456781,127.869383
1780456781,125.786179
1780456781,131.968173
1780456781,132.383992
1780456781,132.189175
1780456781,129.817729
1780456781,132.566014
1780456781,132.125780
1780456781,133.299130
1780456781,132.543309
1780456781,131.034298
1780456781,132.330108
1780456781,132.291392
1780456781,130.857083
1780456781,132.695548
1780456781,133.603552
1780456781,133.638633
1780456781,134.091358
1780456781,133.568385
1780456781,133.547701
1780456781,130.599215
1780456781,139.949990
1780456781,133.228286
1780456781,133.438627
1780456781,133.620853
1780456781,133.674967
1780456781,130.689385
1780456781,139.960331
1780456781,133.443365
1780456781,133.833849
1780456781,128.956533
1780456781,130.702557
1780456781,133.929836
1780456781,135.535287
1780456781,129.036613
1780456781,141.485480
1780456781,133.808905
1780456781,130.342885
1780456781,130.699241
1780456781,129.219481
1780456781,140.395225
1780456781,136.198258
1780456781,133.916577
1780456781,133.974350
1780456781,133.136131
1780456781,133.089277
1780456781,133.676983
1780456781,140.803228
1780456781,129.582074
1780456781,131.096643
1780456781,134.357033
1780456781,129.741587
1780456781,142.475180
1780456781,136.760591
1780456781,141.081144
1780456781,131.428136
1780456781,133.861982
1780456781,133.702523
1780456781,133.667921
1780456781,133.709944
1780456781,133.796260
1780456781,138.313746
1780456781,133.989376
1780456781,136.430474
1780456781,133.917687
1780456781,134.750640
1780456781,138.803903
1780456781,134.901574
1780456781,138.816105
1780456781,143.698894
1780456781,136.764134
1780456781,143.906074
1780456781,134.367376
1780456781,139.331953
1780456781,139.016375
1780456781,139.543047
1780456781,135.752759
1780456781,139.732399
1780456781,133.706484
1780456781,134.705962
1780456781,134.593019
1780456781,138.950657
1780456781,137.843670
1780456781,139.734018
1780456781,134.960754
1780456781,130.339224
1780456781,135.895693
1780456781,135.216571
1780456781,140.670447
1780456781,140.220582
1780456781,134.040221
1780456781,135.405699
1780456781,136.233577
1780456781,133.450973
1780456781,140.502029
1780456781,134.250640
1780456781,135.923695
1780456781,135.787378
1780456781,140.036126
1780456781,145.815028
1780456781,134.519997
1780456781,137.627315
1780456781,144.135347
1780456781,134.091471
1780456781,145.888392
1780456781,146.137426
1780456781,135.384134
1780456781,146.353391
1780456781,140.762253
1780456781,146.355849
1780456781,137.599684
1780456781,146.326549
1780456781,146.366873
1780456781,142.079563
1780456781,139.083941
1780456781,140.870634
1780456781,139.957772
1780456781,140.694349
1780456781,146.864295
1780456781,146.020011
1780456781,138.125534
1780456781,137.330671
1780456781,146.127306
1780456781,139.083874
1780456781,137.375754
1780456781,136.178347
1780456781,138.224987
1780456781,147.403217
1780456781,139.169837
1780456781,147.725728
1780456781,140.047440
1780456781,145.709864
1780456781,141.137212
1780456781,138.702696
1780456781,137.304761
1780456781,139.695339
1780456781,140.203192
1780456781,139.224579
1780456781,139.810629
1780456781,146.434698
1780456781,148.014690
1780456781,141.814050
1780456781,146.584123
1780456781,133.802411
1780456781,141.637699
1780456781,138.283238
1780456781,138.607593
1780456781,148.705382
1780456781,140.834385
1780456781,146.665799
1780456781,148.563037
1780456781,138.524038
1780456781,148.668061
1780456781,147.774612
1780456781,139.928931
1780456781,149.170518
1780456781,140.509910
1780456781,141.196217
1780456781,139.092469
1780456781,146.893110
1780456781,149.153458
1780456781,147.648557
1780456781,146.622348
1780456781,150.730411
1780456781,144.577963
1780456781,149.494905
1780456781,140.955579
1780456781,144.758630
1780456781,145.160861
1780456781,147.155781
1780456781,148.378733
1780456781,138.105596
1780456781,149.700677
1780456781,141.250369
1780456781,149.490112
1780456781,141.541454
1780456781,142.521197
1780456781,149.466615
1780456781,141.685179
1780456781,141.565666
1780456781,140.819575
1780456781,144.264089
1780456781,143.546720
1780456781,141.862772
1780456781,143.332903
1780456781,149.695965
1780456781,143.400009
1780456781,142.844007
1780456781,141.418962
1780456781,141.533487
1780456781,149.191092
1780456781,149.296354
1780456781,150.564409
1780456781,143.706964
1780456781,139.291261
1780456781,139.433152
1780456781,144.970899
1780456781,144.018619
1780456781,143.838351
1780456781,145.901965
1780456781,143.276083
1780456781,149.998676
1780456781,150.877164
1780456781,140.446628
1780456781,144.296589
1780456781,143.520638
1780456781,153.286013
1780456781,142.130750
1780456781,150.376676
1780456781,153.592182
1780456781,153.071424
1780456781,153.019669
1780456781,153.596118
1780456781,151.685984
1780456781,151.145504
1780456781,151.415652
1780456781,153.671286
1780456781,151.070040
1780456781,150.769369
1780456781,151.178307
1780456781,152.005080
1780456781,152.975138
1780456781,152.143576
1780456781,152.792279
1780456781,152.559529
1780456781,152.634559
1780456781,153.828409
1780456781,153.756908
1780456781,144.044145
1780456781,144.797053
1780456781,154.259808
1780456781,146.727707
1780456781,145.332513
1780456781,150.991490
1780456781,140.297217
1780456781,140.347820
1780456781,153.938947
1780456781,144.214849
1780456781,141.109689
1780456781,151.964413
1780456781,146.984815
1780456781,144.391172
1780456781,152.266218
1780456781,144.285637
1780456781,154.282209
1780456781,155.010383
1780456781,154.414011
1780456781,147.180969
1780456781,152.507402
1780456781,154.957670
1780456781,147.020188
1780456781,155.220772
1780456781,151.933354
1780456781,141.585788
1780456781,154.953695
1780456781,152.199425
1780456781,152.082566
1780456781,146.426300
1780456781,144.644997
1780456781,146.176472
1780456781,155.648931
1780456781,146.847459
1780456781,155.574192
1780456781,155.769546
1780456781,152.660287
1780456781,146.339924
1780456781,146.718846
1780456781,152.484586
1780456781,154.305790
1780456781,153.052982
1780456781,155.120704
1780456781,146.991847
1780456781,147.019375
1780456781,152.783239
1780456781,155.494117
1780456781,153.212214
1780456781,157.103212
1780456781,146.387038
1780456781,156.511785
1780456781,148.887038
1780456781,153.430656
1780456781,136.886802
1780456781,156.758808
1780456781,155.584763
1780456781,156.777935
1780456781,153.773735
1780456781,137.183198
1780456781,155.828330
1780456781,156.368132
1780456781,153.757381
1780456781,156.044458
1780456781,157.954589
1780456781,153.944894
1780456781,149.621781
1780456781,155.859007
1780456781,136.439809
1780456781,156.425889
1780456781,156.117177
1780456781,148.218741
1780456781,147.380679
1780456781,155.987586
1780456781,147.376465
1780456781,141.207274
1780456781,156.335826
1780456781,147.552664
1780456781,147.628004
1780456781,156.156133
1780456781,155.743515
1780456781,155.931739
1780456781,148.992857
1780456781,149.920261
1780456781,147.948365
1780456781,150.204722
1780456781,156.139403
1780456781,148.310940
1780456781,149.976823
1780456781,145.338655
1780456781,151.924947
1780456781,156.167280
1780456781,149.891203
1780456781,150.369333
1780456781,150.345844
1780456781,150.393947
1780456781,146.168847
1780456781,145.818739
1780456781,156.169832
1780456781,160.370253
1780456781,156.140202
1780456781,156.099543
1780456781,160.377144
1780456781,160.595339
1780456781,156.617857
1780456781,146.106080
1780456781,156.680796
1780456781,140.277956
1780456781,150.873573
1780456781,140.552640
1780456781,140.740199
1780456781,157.528644
1780456781,157.205583
1780456781,151.302118
1780456781,143.737960
1780456781,146.791815
1780456781,139.669416
1780456781,143.472440
1780456781,139.649822
1780456781,140.932234
1780456781,139.759478
1780456781,141.291307
1780456781,136.647472
1780456781,140.263404
1780456781,140.309613
1780456781,136.848227
1780456781,136.700527
1780456781,139.198991
1780456781,133.266893
1780456781,136.801594
1780456781,136.783339
1780456781,136.994256
1780456781,142.004261
1780456781,132.331679
1780456781,137.050217
1780456781,134.760429
1780456781,132.628152
1780456781,152.590336
1780456781,132.451746
1780456781,131.523147
1780456781,141.310762
1780456781,140.273399
1780456781,133.274011
1780456781,133.173859
1780456781,163.563200
1780456781,142.125968
1780456781,148.805853
1780456781,163.821189
1780456781,142.317765
1780456781,153.304765
1780456781,138.900757
1780456781,149.387456
1780456781,153.895406
1780456781,135.923401
1780456781,141.864535
1780456781,136.040834
1780456781,149.499151
1780456781,153.975336
1780456781,153.876462
1780456781,140.091449
1780456781,150.689477
1780456781,137.371028
1780456781,166.271875
1780456781,166.356620
1780456781,154.399428
1780456781,138.635727
1780456781,166.122337
1780456781,166.485279
1780456781,153.836919
1780456781,156.403231
1780456781,165.856645
1780456781,167.252499
1780456781,167.182513
1780456781,155.984446
1780456781,166.596227
1780456781,166.369162
1780456781,166.723266
1780456781,167.746163
1780456781,157.832629
1780456781,153.465764
1780456781,167.208668
1780456781,168.324532
1780456781,169.798679
1780456781,167.905412
1780456781,168.368213
1780456781,168.108027
1780456781,154.636398
1780456781,170.221779
1780456781,170.162498
1780456781,169.572927
1780456781,169.334795
1780456781,160.697817
1780456781,170.061609
1780456781,161.345450
1780456781,170.569923
1780456781,170.448308
1780456781,154.805999
1780456781,170.869743
1780456781,170.680997
1780456781,170.842604
1780456781,171.072630
1780456781,171.028509
1780456781,157.625325
1780456781,171.566018
1780456781,157.725637
1780456781,170.867432
1780456781,172.746323
1780456781,169.036856
1780456781,163.265258
1780456781,158.736509
1780456781,171.848285
1780456781,158.667741
1780456781,172.083715
1780456781,156.382772
1780456781,159.054980
1780456781,157.779635
1780456781,170.959519
1780456781,159.305977
1780456781,172.285258
1780456781,171.046408
1780456781,154.166976
1780456781,158.981375
1780456781,154.403946
1780456781,175.020233
1780456781,171.560265
1780456781,171.794646
1780456781,173.728768
1780456781,165.877272
1780456781,160.769197
1780456781,161.588544
1780456781,173.568343
1780456781,161.746324
1780456781,176.081985
1780456781,147.788054
1780456781,175.453844
1780456781,146.722844
1780456781,175.719358
1780456781,161.722318
1780456781,177.190777
1780456781,176.929478
1780456781,174.390105
1780456781,175.446418
1780456781,176.238813
1780456781,174.970288
1780456781,146.228281
1780456781,147.753207
1780456781,144.976447
1780456781,145.080287
1780456781,174.100602
1780456781,175.081580
1780456781,166.244349
1780456781,176.824826
1780456781,146.687238
1780456781,176.323083
1780456781,161.715246
1780456781,144.358713
1780456781,162.216078
1780456781,175.406011
1780456781,144.674244
1780456781,165.476476
1780456781,175.687062
1780456781,148.821047
1780456781,177.165124
1780456781,144.866161
1780456781,175.185640
1780456781,175.186502
1780456781,175.442231
1780456781,176.254419
1780456781,146.372487
1780456781,147.626045
1780456781,145.264956
1780456781,178.420843
1780456781,177.206527
1780456781,176.584381
1780456781,145.397699
1780456781,146.594208
1780456781,178.495245
1780456781,165.139264
1780456781,177.836469
1780456781,178.995218
1780456781,177.904491
1780456781,164.946954
1780456781,147.034955
1780456781,161.591644
1780456781,147.167820
1780456781,162.616675
1780456781,162.748615
1780456781,140.224106
1780456781,139.851970
1780456781,141.431829
1780456781,141.868301
1780456781,140.662696
1780456781,158.538852
1780456781,167.070242
1780456781,184.014477
1780456781,180.879166
1780456781,153.864207
1780456781,153.942009
1780456781,154.053883
1780456781,155.275146
1780456781,158.719031
1780456781,169.583762
1780456781,152.766681
1780456781,166.311256
1780456781,151.457941
1780456781,164.989121
1780456781,159.020163
1780456781,155.213379
1780456781,155.207251
1780456781,142.581182
1780456781,149.854116
1780456781,151.537446
1780456781,148.010559
1780456781,154.164889
1780456781,150.038073
1780456781,154.328630
1780456781,151.606512
1780456781,184.298247
1780456781,144.596607
1780456781,143.287408
1780456781,153.553451
1780456781,159.424456
1780456781,169.142028
1780456781,168.053536
1780456781,169.158453
1780456781,165.227950
1780456781,164.090922
1780456781,166.841764
1780456781,166.751401
1780456781,165.570219
1780456781,173.020038
1780456781,162.781965
1780456781,161.705261
1780456781,174.235106
1780456781,168.216883
1780456781,175.520213
1780456781,153.418477
1780456781,146.688076
1780456781,156.013140
1780456781,163.892380
1780456781,147.870984
1780456781,138.434041
1780456781,157.857115
1780456781,145.752131
1780456781,164.114572
1780456781,155.670387
1780456781,152.494813
1780456781,159.261718
1780456781,153.990498
1780456781,129.161203
1780456781,168.634208
1780456781,157.231800
1780456781,164.870328
1780456781,167.742722
1780456781,123.383022
1780456781,124.567426
1780456781,124.571729
1780456781,145.000814
1780456781,125.920590
1780456781,161.687960
1780456781,132.051671
1780456781,121.655761
1780456781,140.962767
1780456781,158.210279
1780456781,160.499006
1780456781,151.645641
1780456781,158.799707
1780456781,167.911800
1780456781,159.068578
1780456781,168.117413
1780456781,127.305535
1780456781,124.700045
1780456781,123.878830
1780456781,124.224845
1780456781,174.439386
1780456781,173.046856
1780456781,173.132918
1780456781,173.180048
1780456781,173.325811
1780456781,171.822343
1780456781,166.023555
1780456781,170.568519
1780456781,171.997812
1780456781,167.293859
1780456781,172.104147
1780456781,173.627969
1780456781,168.711539
1780456781,172.180526
1780456781,172.012770
1780456781,167.496028
1780456781,172.041200
1780456781,163.332258
1780456781,170.886992
1780456781,129.392664
1780456781,170.835471
1780456781,119.932961
1780456781,165.404659
1780456781,163.441788
1780456781,169.782016
1780456781,166.521734
1780456781,166.451077
1780456781,115.369282
1780456781,170.983148
1780456781,168.140806
1780456781,204.900037
1780456781,205.038174
1780456781,162.901572
1780456781,191.252091
1780456781,166.145807
1780456781,164.226164
1780456781,165.966701
1780456781,166.161687
1780456781,204.750339
1780456781,169.722515
1780456781,163.163793
1780456781,167.405610
1780456781,205.233525
1780456781,205.146935
1780456781,164.491703
1780456781,199.820232
1780456781,166.522149
1780456781,167.617243
1780456781,166.505630
1780456781,168.908790
1780456781,166.595103
1780456781,138.349840
1780456781,166.669910
1780456781,162.385482
1780456781,169.144724
1780456781,166.578140
1780456781,169.179462
1780456781,166.677813
1780456781,185.230453
1780456781,165.037786
1780456781,187.898627
1780456781,166.685453
1780456781,187.795654
1780456781,149.816746
1780456781,188.990368
1780456781,185.410306
1780456781,184.263683
1780456781,172.515293
1780456781,195.220136
1780456781,171.448727
1780456781,185.522409
1780456781,172.702553
1780456781,192.115845
1780456781,180.804986
1780456781,185.631489
1780456781,209.832825
1780456781,187.928414
1780456781,162.839003
1780456781,209.900504
1780456781,165.268048
1780456781,181.001476
1780456781,185.726102
1780456781,184.258513
1780456781,183.273304
1780456781,181.077893
1780456781,133.055014
1780456781,166.808809
1780456781,181.470641
1780456781,180.164247
1780456781,166.052029
1780456781,133.539352
1780456781,130.877317
1780456781,119.568718
1780456781,164.535232
1780456781,164.686946
1780456781,161.453520
1780456781,164.884919
1780456781,140.253775
1780456781,191.323484
1780456781,188.012515
1780456781,184.499756
1780456781,183.106864
1780456781,180.437753
1780456781,167.967966
1780456781,182.031496
1780456781,177.170971
1780456781,168.359583
1780456781,176.236747
1780456781,168.373841
1780456781,175.050209
1780456781,174.053790
1780456781,166.462903
1780456781,140.937321
1780456781,166.822115
1780456781,174.604720
1780456781,140.033978
1780456781,130.456092
1780456781,173.004812
1780456781,148.604058
1780456781,138.272195
1780456781,145.390560
1780456781,145.432360
1780456781,173.176146
1780456781,182.299327
1780456781,143.448580
1780456781,173.910254
1780456781,141.119933
1780456781,138.178560
1780456781,182.833126
1780456781,134.806485
1780456781,174.581225
1780456781,173.332601
1780456781,173.355335
1780456781,145.062794
1780456781,173.079584
1780456781,173.380575
1780456781,146.943532
1780456781,146.072161
1780456781,146.444888
1780456781,146.503200
1780456781,145.630421
1780456781,145.817165
1780456781,144.769764
1780456781,170.695400
1780456781,170.765949
1780456781,145.124544
1780456781,145.247989
1780456781,104.515620
1780456781,144.286176
1780456781,104.812495
1780456781,146.936146
1780456781,104.967263
1780456781,144.676238
1780456781,105.024639
1780456781,144.773183
1780456781,105.154354
1780456781,144.913633
1780456781,105.271467
1780456781,142.596982
1780456781,127.699162
1780456781,130.817223
1780456781,108.166069
1780456781,108.323400
1780456781,108.286701
1780456781,108.422512
1780456781,108.666119
1780456781,108.586144
1780456781,108.791352
1780456781,108.730799
1780456781,109.088070
1780456781,109.100650
1780456781,109.181505
1780456781,109.426969
1780456781,104.802802
1780456781,103.644316
1780456781,104.102819
1780456781,103.643711
1780456781,104.228158
1780456781,103.659700
1780456781,105.077374
1780456781,105.144929
1780456781,105.283889
1780456781,108.835085
1780456781,108.931057
1780456781,109.001526
1780456781,108.396578
1780456781,104.553603
1780456781,104.615877
1780456781,103.992244
1780456781,104.293343
1780456781,104.778280
1780456781,104.798301
1780456781,104.796023
1780456781,108.259322
1780456781,108.337543
1780456781,108.420331
1780456781,108.204223
1780456781,108.544009
1780456781,108.607855
1780456781,108.855821
1780456781,108.842790
1780456781,108.441011
1780456781,108.996222
1780456781,109.177384
1780456781,109.009841
1780456781,108.604612
1780456781,109.310118
1780456781,109.048561
1780456781,109.050209
1780456781,109.056788
1780456781,109.453449
1780456781,109.275178
1780456781,109.393908
1780456781,109.487667
1780456781,109.581570
1780456781,109.130404
1780456781,109.654145
1780456781,109.225099
1780456781,108.980985
1780456781,109.064382
1780456781,109.396572
1780456781,107.024535
1780456781,106.982528
1780456781,107.147918
1780456781,107.385135
1780456781,107.477734
1780456781,107.269852
1780456781,107.333572
1780456781,110.627592
1780456781,110.739991
1780456781,107.502912
1780456781,107.465859
1780456781,107.396491
1780456781,107.472909
1780456781,110.130408
1780456781,110.481519
1780456781,110.012491
1780456781,110.422995
1780456781,110.328788
1780456781,109.959407
1780456781,110.114822
1780456781,110.080707
1780456781,110.674287
1780456781,110.647938
1780456781,110.356153
1780456781,111.042929
1780456781,110.126374
1780456781,110.495867
1780456781,110.743930
1780456781,110.670549
1780456781,114.549073
1780456781,114.186075
1780456781,114.588306
1780456781,111.019370
1780456781,114.565631
1780456781,110.679301
1780456781,110.812137
1780456781,112.669503
1780456781,112.481899
1780456781,112.482635
1780456781,112.671049
1780456781,113.927032
1780456781,113.638144
1780456781,114.085294
1780456781,115.025243
1780456781,115.199214
1780456781,115.218936
1780456781,115.302132
1780456781,115.451812
1780456781,112.851733
1780456781,106.586174
1780456781,104.904146
1780456781,107.413647
1780456781,105.519939
1780456781,107.401971
1780456781,107.250157
1780456781,107.678453
1780456781,105.409232
1780456781,105.443544
1780456781,108.149828
1780456781,105.772775
1780456781,105.916989
1780456781,108.057867
1780456781,106.658623
1780456781,104.427111
1780456781,108.614650
1780456781,107.261768
1780456781,107.301140
1780456781,106.645866
1780456781,106.687148
1780456781,105.532748
1780456781,109.863320
1780456781,110.908002
1780456781,107.792648
1780456781,108.213273
1780456781,107.849882
1780456781,108.790703
1780456781,111.336144
1780456781,109.090923
1780456781,107.698345
1780456781,108.802326
1780456781,110.839225
1780456781,108.995269
1780456781,112.112695
1780456781,112.253654
1780456781,112.244390
1780456781,110.100252
1780456781,110.388760
1780456781,111.566704
1780456781,110.544477
1780456781,111.691725
1780456781,112.413034
1780456781,109.810971
1780456781,110.385148
1780456781,110.578880
1780456781,112.481003
1780456781,112.605508
1780456781,110.278209
1780456781,112.808167
1780456781,110.449080
1780456781,112.994875
1780456781,113.199710
1780456781,113.104195
1780456781,110.637671
1780456781,111.534985
1780456781,111.720802
1780456781,113.779221
1780456781,113.207525
1780456781,113.921329
1780456781,111.037128
1780456781,110.676302
1780456781,111.740953
1780456781,111.967840
1780456781,113.784526
1780456781,110.707442
1780456781,111.379337
1780456781,114.051569
1780456781,113.665044
1780456781,112.132253
1780456781,113.513605
1780456781,112.246378
1780456781,114.013073
1780456781,112.944083
1780456781,111.805678
1780456781,111.735520
1780456781,111.694364
1780456781,111.340206
1780456781,114.562609
1780456781,112.345683
1780456781,113.202301
1780456781,112.463880
1780456781,113.227579
1780456781,112.537906
1780456781,114.903305
1780456781,113.302348
1780456781,114.988343
1780456781,112.804637
1780456781,113.481042
1780456781,107.671263
1780456781,115.581685
1780456781,113.757327
1780456781,107.842899
1780456781,113.336282
1780456781,115.792042
1780456781,113.364867
1780456781,115.506817
1780456781,109.379098
1780456781,112.284665
1780456781,113.830117
1780456781,127.126661
1780456781,127.286016
1780456781,126.693958
1780456781,127.333286
1780456781,127.523854
1780456781,127.460056
1780456781,124.885348
1780456781,118.423025
1780456781,118.714002
1780456781,118.804131
1780456781,117.066909
1780456781,119.158041
1780456781,116.678333
1780456781,106.627051
1780456781,107.698833
1780456781,107.887566
1780456781,108.007400
1780456781,108.214830
1780456781,107.956757
1780456781,110.870519
1780456781,110.308055
1780456781,112.817654
1780456781,108.870721
1780456781,113.246691
1780456781,111.801572
1780456781,111.522799
1780456781,113.693948
1780456781,111.878031
1780456781,111.379673
1780456781,112.016559
1780456781,111.716255
1780456781,112.069918
1780456781,115.679568
1780456781,115.945006
1780456781,116.103662
1780456781,116.269039
1780456781,116.836673
1780456781,116.988098
1780456781,117.125522
1780456781,117.255286
1780456781,112.503098
1780456781,112.627363
1780456781,112.648624
1780456781,112.741731
1780456781,112.842284
1780456781,112.943402
1780456781,126.663174
1780456781,115.545102
1780456781,126.810924
1780456781,115.682261
1780456781,113.288158
1780456781,118.509207
1780456781,115.845453
1780456781,116.220531
1780456781,115.550664
1780456781,116.295621
1780456781,116.577327
1780456781,116.988669
1780456781,118.287791
1780456781,117.419841
1780456781,126.630866
1780456781,128.496501
1780456781,128.258627
1780456781,119.333010
1780456781,117.505058
1780456781,119.286369
1780456781,127.881843
1780456781,130.826550
1780456781,130.685108
1780456781,117.833910
1780456781,131.120710
1780456781,131.029945
1780456781,120.088991
1780456781,119.389078
1780456781,129.586746
1780456781,120.304010
1780456781,131.257622
1780456781,129.042079
1780456781,130.135712
1780456781,129.989253
1780456781,132.384187
1780456781,131.713193
1780456781,132.542157
1780456781,132.625261
1780456781,132.331843
1780456781,121.307910
1780456781,119.435010
1780456781,116.562528
1780456781,120.389668
1780456781,119.608358
1780456781,114.144926
1780456781,120.712343
1780456781,125.006922
1780456781,125.435186
1780456781,125.692018
1780456781,136.475357
1780456781,134.002613
1780456781,114.870159
1780456781,130.054967
1780456781,130.013276
1780456781,121.225151
1780456781,130.143827
1780456781,116.656582
1780456781,121.386393
1780456781,134.475449
1780456781,132.990664
1780456781,122.738478
1780456781,134.667795
1780456781,123.005042
1780456781,123.067562
1780456781,129.880816
1780456781,130.008019
1780456781,130.030901
1780456781,115.598751
1780456781,116.923661
1780456781,126.865473
1780456781,117.431303
1780456781,129.912106
1780456781,118.116657
1780456781,126.802508
1780456781,135.301900
1780456781,126.847227
1780456781,114.898789
1780456781,115.969981
1780456781,121.295011
1780456781,119.045191
1780456781,114.487268
1780456781,123.185555
1780456781,123.574836
1780456781,122.659439
1780456781,115.269699
1780456781,122.911608
1780456781,129.321689
1780456781,120.127535
1780456781,120.488614
1780456781,121.039617
1780456781,121.153704
1780456781,123.800340
1780456781,129.492910
1780456781,129.762910
1780456781,125.306936
1780456781,129.515440
1780456781,129.607417
1780456781,120.742967
1780456781,124.913502
1780456781,122.953743
1780456781,135.555146
1780456781,135.687487
1780456781,135.611797
1780456781,135.756431
1780456781,135.520750
1780456781,135.402672
1780456781,136.064458
1780456781,136.112583
1780456781,135.992813
1780456781,119.742522
1780456781,127.552552
1780456781,115.417484
1780456781,128.330707
1780456781,124.507625
1780456781,128.227227
1780456781,126.199869
1780456781,127.015161
1780456781,118.774921
1780456781,121.073130
1780456781,126.410490
1780456781,122.129248
1780456781,124.937720
1780456781,127.663952
1780456781,128.719215
1780456781,126.766436
1780456781,131.428017
1780456781,128.940088
1780456781,136.733871
1780456781,136.691175
1780456781,133.673058
1780456781,128.308509
1780456781,119.090920
1780456781,128.244651
1780456781,127.865466
1780456781,129.045961
1780456781,115.881344
1780456781,128.450470
1780456781,125.398717
1780456781,114.129721
1780456781,127.359649
1780456781,114.308885
1780456781,125.714637
1780456781,118.451360
1780456781,127.296522
1780456781,125.828187
1780456781,125.792814
1780456781,123.377403
1780456781,125.869624
1780456781,122.468065
1780456781,114.755879
1780456781,124.888201
1780456781,121.663623
1780456781,112.988355
1780456781,125.188844
1780456781,113.149027
1780456781,125.578134
1780456781,123.754260
1780456781,121.142180
1780456781,123.790903
1780456781,113.566736
1780456781,109.231238
1780456781,123.960049
1780456781,120.948061
1780456781,123.067559
1780456781,123.119264
1780456781,118.078617
1780456781,124.720574
1780456781,121.844573
1780456781,121.386682
1780456781,124.144114
1780456781,118.740326
1780456781,119.095065
1780456781,123.371245
1780456781,118.946977
1780456781,123.099762
1780456781,119.484807
1780456781,115.891958
1780456781,120.006122
1780456781,124.018458
1780456781,123.149905
1780456781,119.519168
1780456781,122.900865
1780456781,117.668423
1780456781,113.826893
1780456781,115.007731
1780456781,136.242696
1780456781,137.112361
1780456781,135.987924
1780456781,136.304241
1780456781,133.186955
1780456781,135.898204
1780456781,135.047055
1780456781,128.717315
1780456781,135.096359
1780456781,136.526487
1780456781,135.244704
1780456781,136.719204
1780456781,135.497863
1780456781,130.290080
1780456781,119.322654
1780456781,119.358981
1780456781,133.968091
1780456781,135.688908
1780456781,120.632564
1780456781,120.930749
1780456781,137.026189
1780456781,121.078878
1780456781,137.072462
1780456781,119.674952
1780456781,137.105967
1780456781,126.831031
1780456781,128.243874
1780456781,128.204077
1780456781,128.453039
1780456781,128.294478
1780456781,130.902930
1780456781,129.587149
1780456781,121.179424
1780456781,122.873085
1780456781,134.618363
1780456781,134.618602
1780456781,123.037197
1780456781,136.459244
1780456781,127.234210
1780456781,129.921633
1780456781,136.347209
1780456781,136.149785
1780456781,125.427860
1780456781,121.586800
1780456781,127.378021
1780456781,127.687953
1780456781,125.774077
1780456781,125.500906
1780456781,126.184241
1780456781,119.683106
1780456781,120.518337
1780456781,116.011265
1780456781,119.910089
1780456781,120.885849
1780456781,126.648979
1780456781,121.034471
1780456781,130.967411
1780456781,121.019585
1780456781,121.152389
1780456781,129.891705
1780456781,128.482244
1780456781,133.302696
1780456781,103.172133
1780456781,132.344141
1780456781,133.578004
1780456781,122.779087
1780456781,124.817470
1780456781,134.869817
1780456781,135.475166
1780456781,130.202566
1780456781,141.315561
1780456781,136.267610
1780456781,123.692323
1780456781,139.127544
1780456781,144.464576
1780456781,144.565526
1780456781,144.574545
1780456781,144.547101
1780456781,128.747137
1780456781,144.736369
1780456781,130.470435
1780456781,144.889979
1780456781,129.130956
1780456781,145.017229
1780456781,122.079955
1780456781,129.295989
1780456781,145.254315
1780456781,145.244892
1780456781,145.391688
1780456781,133.261337
1780456781,123.917440
1780456781,145.605925
1780456781,136.187845
1780456781,136.915625
1780456781,137.007432
1780456781,127.468926
1780456781,138.905384
1780456781,139.938187
1780456781,137.402295
1780456781,129.812385
1780456781,128.090138
1780456781,140.305250
1780456781,142.562127
1780456781,131.591665
1780456781,130.186811
1780456781,130.131383
1780456781,131.655764
1780456781,134.075330
1780456781,128.016096
1780456781,103.114361
1780456781,103.654523
1780456781,125.922354
1780456781,130.586673
1780456781,123.072727
1780456781,124.588786
1780456781,104.014619
1780456781,104.005780
1780456781,130.733438
1780456781,123.428920
1780456781,104.174643
1780456781,119.475240
1780456781,126.685161
1780456781,132.183563
1780456781,123.663480
1780456781,125.879465
1780456781,123.741387
1780456781,105.558863
1780456781,127.096739
1780456781,120.569852
1780456781,128.157607
1780456781,127.159320
1780456781,104.393366
1780456781,104.454055
1780456781,103.610102
1780456781,126.328269
1780456781,104.444384
1780456781,104.246321
1780456781,104.751705
1780456781,125.781184
1780456781,103.481219
1780456781,124.198239
1780456781,104.360695
1780456781,104.412634
1780456781,104.153134
1780456781,121.722662
1780456781,104.122341
1780456781,124.556097
1780456781,124.673359
1780456781,120.342120
1780456781,120.872913
1780456781,130.291249
1780456781,104.375910
1780456781,111.246400
1780456781,103.487758
1780456781,124.897947
1780456781,124.402303
1780456781,127.999551
1780456781,105.958850
1780456781,104.829479
1780456781,128.962634
1780456781,110.497030
1780456781,103.496974
1780456781,103.617968
1780456781,123.120469
1780456781,110.598864
1780456781,123.029097
1780456781,111.005259
1780456781,103.964224
1780456781,111.145395
1780456781,122.607322
1780456781,111.084986
1780456781,126.646700
1780456781,126.616350
1780456781,104.683796
1780456781,111.663115
1780456781,104.907310
1780456781,111.782875
1780456781,111.750032
1780456781,126.873471
1780456781,111.850918
1780456781,127.004769
1780456781,107.085388
1780456781,112.120798
1780456781,105.184727
1780456781,126.814366
1780456781,112.766480
1780456781,108.171152
1780456781,112.820816
1780456781,105.992741
1780456781,127.139332
1780456781,108.244696
1780456781,108.440993
1780456781,113.379822
1780456781,104.709220
1780456781,113.306714
1780456781,108.438149
1780456781,108.522370
1780456781,113.361816
1780456781,106.368350
1780456781,108.295115
1780456781,113.484552
1780456781,104.084470
1780456781,113.806646
1780456781,104.237029
1780456781,105.881943
1780456781,112.782720
1780456781,114.234380
1780456781,104.363064
1780456781,113.123036
1780456781,114.589898
1780456781,109.083547
1780456781,112.008504
1780456781,105.079666
1780456781,106.378159
1780456781,114.670381
1780456781,108.151334
1780456781,113.589243
1780456781,113.685246
1780456781,113.923213
1780456781,113.872375
1780456781,114.035196
1780456781,114.143186
1780456781,103.502197
1780456781,113.158494
1780456781,112.992642
1780456781,107.674772
1780456781,113.441925
1780456781,113.636127
1780456781,106.476179
1780456781,113.835172
1780456781,104.824727
1780456781,104.667573
1780456781,112.290831
1780456781,113.993212
1780456781,102.577869
1780456781,112.090194
1780456781,114.276716
1780456781,113.076449
1780456781,114.551588
1780456781,107.238902
1780456781,112.707490
1780456781,114.653607
1780456781,113.194435
1780456781,112.539157
1780456781,113.865619
1780456781,113.862499
1780456781,113.801117
1780456781,105.187852
1780456781,103.841755
1780456781,113.768656
1780456781,112.808453
1780456781,105.047042
1780456781,105.420712
1780456781,113.917202
1780456781,113.754371
1780456781,105.540232
1780456781,114.387262
1780456781,113.050350
1780456781,105.012562
1780456781,114.403564
1780456781,114.590830
1780456781,114.508142
1780456781,103.935452
1780456781,113.844816
1780456781,113.786715
1780456781,103.993499
1780456781,113.942150
1780456781,113.960214
1780456781,106.093859
1780456781,113.917634
1780456781,113.994599
1780456781,115.027088
1780456781,104.203482
1780456781,115.106062
1780456781,115.030424
1780456781,105.144461
1780456781,113.270785
1780456781,115.584262
1780456781,102.782478
1780456781,104.663933
1780456781,104.614925
1780456781,103.555038
1780456781,102.667175
1780456781,103.458529
1780456781,103.539024
1780456781,103.487085
1780456781,116.116732
1780456781,115.897352
1780456781,116.403923
1780456781,116.115718
1780456781,103.389671
1780456781,103.007868
1780456781,103.754243
1780456781,116.144239
1780456781,103.760161
1780456781,104.411196
1780456781,112.935165
1780456781,103.327193
1780456781,116.510726
1780456781,103.374401
1780456781,103.975402
1780456781,117.282314
1780456781,116.165492
1780456781,116.522778
1780456781,113.429492
1780456781,104.396996
1780456781,104.486790
1780456781,103.539835
1780456781,115.217805
1780456781,112.161149
1780456781,103.535504
1780456781,103.599159
1780456781,104.683394
1780456781,117.809871
1780456781,110.517939
1780456781,117.056206
1780456781,117.246534
1780456781,103.864950
1780456781,103.793972
1780456781,104.817707
1780456781,103.701224
1780456781,103.870649
1780456781,115.737311
1780456781,113.011543
1780456781,110.668509
1780456781,116.014559
1780456781,105.199213
1780456781,103.761102
1780456781,113.268964
1780456781,116.121201
1780456781,102.796066
1780456781,102.326228
1780456781,105.653241
1780456781,111.493786
1780456781,116.744198
1780456781,113.553988
1780456781,103.170216
1780456781,102.684751
1780456781,118.769943
1780456781,115.588742
1780456781,118.911589
1780456781,103.454113
1780456781,119.804671
1780456781,102.611115
1780456781,112.429294
1780456781,102.713860
1780456781,114.772734
1780456781,112.530873
1780456781,103.164202
1780456781,119.972639
1780456781,106.522519
1780456781,111.845853
1780456781,102.826234
1780456781,113.160636
1780456781,106.567189
1780456781,115.089013
1780456781,112.459614
1780456781,104.108419
1780456781,115.108279
1780456781,102.807319
1780456781,113.027867
1780456781,120.685228
1780456781,117.234008
1780456781,106.761436
1780456781,111.077374
1780456781,104.341564
1780456781,114.040133
1780456781,121.091968
1780456781,117.795759
1780456781,102.425305
1780456781,111.236799
1780456781,104.787881
1780456781,114.476669
1780456781,119.642950
1780456781,105.812249
1780456781,118.307884
1780456781,112.394304
1780456781,102.388276
1780456781,104.593524
1780456781,118.315128
1780456781,112.030071
1780456781,102.494644
1780456781,103.009867
1780456781,114.163404
1780456781,117.374925
1780456781,112.062832
1780456781,120.454430
1780456781,106.904103
1780456781,113.038128
1780456781,105.282341
1780456781,117.831613
1780456781,113.189599
1780456781,103.220303
1780456781,102.940962
1780456781,120.903402
1780456781,112.360455
1780456781,103.240456
1780456781,112.887104
1780456781,118.241117
1780456781,112.565820
1780456781,121.132995
1780456781,104.478823
1780456781,112.841961
1780456781,107.701037
1780456781,106.169598
1780456781,104.080117
1780456781,121.409422
1780456781,113.286771
1780456781,107.776377
1780456781,104.508666
1780456781,111.777673
1780456781,117.067872
1780456781,103.646703
1780456781,103.925366
1780456781,113.450564
1780456781,119.238287
1780456781,107.738899
1780456781,104.446452
1780456781,112.210197
1780456781,117.512243
1780456781,111.981633
1780456781,103.925346
1780456781,117.632055
1780456781,103.508630
1780456781,119.705621
1780456781,111.973982
1780456781,108.061979
1780456781,103.630562
1780456781,108.212571
1780456781,112.704231
1780456781,118.193816
1780456781,104.065489
1780456781,112.518628
1780456781,103.610249
1780456781,118.324301
1780456781,112.507981
1780456781,118.332169
1780456781,107.807530
1780456781,104.728837
1780456781,111.950002
1780456781,120.545648
1780456781,106.944696
1780456781,112.019400
1780456781,104.489865
1780456781,118.628508
1780456781,111.862682
1780456781,118.581289
1780456781,105.377271
1780456781,104.560172
1780456781,112.784565
1780456781,119.117258
1780456781,112.074090
1780456781,105.813129
1780456781,122.834938
1780456781,122.785352
1780456781,110.450378
1780456781,104.542523
1780456781,106.268678
1780456781,117.451985
1780456781,109.662396
1780456781,104.726355
1780456781,113.561693
1780456781,105.138283
1780456781,102.896366
1780456781,119.771740
1780456781,113.687405
1780456781,107.199786
1780456781,105.798826
1780456781,113.760229
1780456781,123.727111
1780456781,105.559668
1780456781,107.205964
1780456781,113.708294
1780456781,120.075814
1780456781,110.270169
1780456781,103.247606
1780456781,105.459707
1780456781,120.432707
1780456781,110.394645
1780456781,106.009283
1780456781,105.605612
1780456781,111.796935
1780456781,118.746650
1780456781,105.504351
1780456781,106.218286
1780456781,114.164678
1780456781,120.128432
1780456781,104.133680
1780456781,108.319385
1780456781,111.427496
1780456781,120.362505
1780456781,106.200143
1780456781,104.472240
1780456781,110.007941
1780456781,120.985731
1780456781,107.548385
1780456781,109.652054
1780456781,106.840748
1780456781,113.219185
1780456781,105.138836
1780456781,120.135552
1780456781,107.367308
1780456781,121.620902
1780456781,105.695364
1780456781,110.378523
1780456781,102.098090
1780456781,112.447101
1780456781,120.395387
1780456781,106.096098
1780456781,122.937321
1780456781,110.157718
1780456781,105.787529
1780456781,120.060116
1780456781,111.467501
1780456781,102.406281
1780456781,119.676583
1780456781,110.924960
1780456781,103.067620
1780456781,121.175585
1780456781,110.158813
1780456781,102.519658
1780456781,106.812962
1780456781,110.229295
1780456781,121.402363
1780456781,102.711826
1780456781,106.872208
1780456781,110.427911
1780456781,121.603305
1780456781,102.847962
1780456781,103.681588
1780456781,110.114208
1780456781,121.287820
1780456781,107.095496
1780456781,103.680973
1780456781,110.160256
1780456781,117.618550
1780456781,117.710153
1780456781,112.425030
1780456781,103.784869
1780456781,112.379709
1780456781,119.264089
1780456781,116.831783
1780456781,103.880099
1780456781,111.384130
1780456781,103.594389
1780456781,117.002623
1780456781,112.465004
1780456781,116.869305
1780456781,104.922413
1780456781,104.670725
1780456781,112.000045
1780456781,117.193838
1780456781,104.334436
1780456781,104.943372
1780456781,114.325055
1780456781,117.192470
1780456781,104.561292
1780456781,119.738640
1780456781,104.736134
1780456781,114.415183
1780456781,120.082559
1780456781,114.403107
1780456781,104.688417
1780456781,105.698547
1780456781,111.949542
1780456781,116.823674
1780456781,105.036049
1780456781,104.095545
1780456781,118.191955
1780456781,111.711879
1780456781,104.873603
1780456781,104.623048
1780456781,115.109785
1780456781,113.664624
1780456781,115.350829
1780456781,105.562731
1780456781,113.489840
1780456781,105.087871
1780456781,118.893135
1780456781,113.278820
1780456781,103.165423
1780456781,104.831065
1780456781,114.647168
1780456781,115.156355
1780456781,106.397294
1780456781,105.241126
1780456781,117.521722
1780456781,113.125468
1780456781,103.081901
1780456781,105.267671
1780456781,113.372379
1780456781,115.517936
1780456781,107.161350
1780456781,105.098427
1780456781,115.025753
1780456781,115.144186
1780456781,105.750663
1780456781,113.824884
1780456781,105.380167
1780456781,118.988801
1780456781,105.722475
1780456781,119.106437
1780456781,105.856448
1780456781,114.418614
1780456781,104.041499
1780456781,113.542878
1780456781,117.040024
1780456781,106.858007
1780456781,105.928578
1780456781,113.870836
1780456781,120.081846
1780456781,107.135642
1780456781,106.194143
1780456781,120.285652
1780456781,114.541418
1780456781,116.102516
1780456781,104.956603
1780456781,106.252150
1780456781,120.399325
1780456781,115.700569
1780456781,108.645222
1780456781,117.770047
1780456781,105.503248
1780456781,114.536509
1780456781,108.431009
1780456781,113.160106
1780456781,120.496387
1780456781,106.430784
1780456781,105.710251
1780456781,113.138197
1780456781,115.947328
1780456781,108.556322
1780456781,105.966686
1780456781,106.334945
1780456781,116.912647
1780456781,107.413781
1780456781,121.083332
1780456781,113.504361
1780456781,108.942349
1780456781,121.033035
1780456781,108.472533
1780456781,106.905423
1780456781,116.642647
1780456781,107.108244
1780456781,107.856913
1780456781,106.491337
1780456781,116.816299
1780456781,108.781359
1780456781,108.852899
1780456781,109.322291
1780456781,117.087443
1780456781,108.873195
1780456781,105.893551
1780456781,107.649205
1780456781,109.223241
1780456781,117.218926
1780456781,110.764517
1780456781,107.766026
1780456781,109.144367
1780456781,106.586278
1780456781,108.149503
1780456781,107.069000
1780456781,116.594000
1780456781,107.014951
1780456781,118.426683
1780456781,107.638220
1780456781,117.371365
1780456781,105.292428
1780456781,105.587093
1780456781,119.442918
1780456781,110.819917
1780456781,117.190087
1780456781,119.971913
1780456781,110.228457
1780456781,110.723781
1780456781,108.628782
1780456781,107.774354
1780456781,111.762793
1780456781,109.193218
1780456781,112.120031
1780456781,111.915475
1780456781,115.003469
1780456781,113.446696
1780456781,113.269052
1780456781,118.587894
1780456781,111.931560
1780456781,112.433526
1780456781,107.018460
1780456781,108.294033
1780456781,109.691716
1780456781,109.687451
1780456781,106.981724
1780456781,107.402721
1780456781,108.698626
1780456781,107.518905
1780456781,106.583789
1780456781,106.846488
1780456781,114.713842
1780456781,106.990422
1780456781,107.182785
1780456781,108.783353
1780456781,106.058975
1780456781,108.895702
1780456781,115.068604
1780456781,106.038683
1780456781,107.796528
1780456781,115.263978
1780456781,105.577048
1780456781,108.955263
1780456781,108.924614
1780456781,107.773866
1780456781,107.864612
1780456781,114.817426
1780456781,117.424300
1780456781,107.748138
1780456781,122.640646
1780456781,118.565341
1780456781,122.852442
1780456781,119.229945
1780456781,115.204992
1780456781,115.041682
1780456781,117.309145
1780456781,108.349846
1780456781,108.343575
1780456781,107.253279
1780456781,107.708541
1780456781,111.260350
1780456781,106.295396
1780456781,106.697687
1780456781,108.915766
1780456781,105.043447
1780456781,108.329058
1780456781,108.676746
1780456781,104.373877
1780456781,107.252091
1780456781,108.802698
1780456781,107.292162
1780456781,108.656511
1780456781,107.823158
1780456781,107.177378
1780456781,107.785701
1780456781,105.046476
1780456781,108.137801
1780456781,107.321619
1780456781,107.355432
1780456781,105.387073
1780456781,107.695394
1780456781,107.711384
1780456781,105.726839
1780456781,106.800778
1780456781,105.628420
1780456781,105.625825
1780456781,107.017787
1780456781,106.717838
1780456781,107.403264
1780456781,121.218798
1780456781,120.708481
1780456781,123.857591
1780456781,106.881205
1780456781,107.018999
1780456781,107.317694
1780456781,107.415503
1780456781,107.955975
1780456781,107.915892
1780456781,120.866962
1780456781,120.815928
1780456781,123.339088
1780456781,113.042753
1780456781,107.715555
1780456781,105.303027
1780456781,105.742842
1780456781,107.358288
1780456781,113.038589
1780456781,111.946691
1780456781,105.750770
1780456781,107.193577
1780456781,112.948660
1780456781,111.772410
1780456781,111.971833
1780456781,103.458062
1780456781,103.428271
1780456781,109.009899
1780456781,112.442867
1780456781,105.948319
1780456781,112.380870
1780456781,112.030596
1780456781,112.203399
1780456781,108.473638
1780456781,109.874758
1780456781,108.022932
1780456781,108.627895
1780456781,111.009566
1780456781,112.461272
1780456781,111.016173
1780456781,111.288819
1780456781,106.326427
1780456781,111.387616
1780456781,111.041588
1780456781,106.562712
1780456781,106.117342
1780456781,107.090395
1780456781,106.149024
1780456781,112.601543
1780456781,111.976522
1780456781,110.167861
1780456781,112.307339
1780456781,110.465842
1780456781,111.102619
1780456781,112.708425
1780456781,114.127513
1780456781,104.135203
1780456781,112.817344
1780456781,112.940399
1780456781,115.132816
1780456781,105.095182
1780456781,113.707063
1780456781,104.720693
1780456781,115.919812
1780456781,114.127791
1780456781,114.791660
1780456781,112.602005
1780456781,112.988173
1780456781,112.364826
1780456781,113.101487
1780456781,112.663912
1780456781,113.335511
1780456781,112.950211
1780456781,114.777822
1780456781,113.898405
1780456781,113.886617
1780456781,114.278809
1780456781,115.012926
1780456781,115.132356
1780456781,114.863277
1780456781,102.824501
1780456781,102.846312
1780456781,113.071406
1780456781,113.216899
1780456781,113.348117
1780456781,113.068899
1780456781,102.224570
1780456781,103.437032
1780456781,103.493663
1780456781,102.299910
1780456781,103.617850
1780456781,102.631548
1780456781,114.377565
1780456781,104.154737
1780456781,102.910895
1780456781,104.130163
1780456781,104.331364
1780456781,103.030565
1780456781,114.520441
1780456781,114.523732
1780456781,114.654977
1780456781,114.753545
1780456781,114.863789
1780456781,103.733142
1780456781,104.007098
1780456781,104.369419
1780456781,103.677510
1780456781,104.171145
1780456781,104.252863
1780456781,115.167390
1780456781,103.906805
1780456781,115.409577
1780456781,115.082992
1780456781,104.422338
1780456781,105.109868
1780456781,106.067550
1780456781,106.023389
1780456781,106.112352
1780456781,114.520158
1780456781,114.502093
1780456781,114.065552
1780456781,114.090937
1780456781,103.551450
1780456781,103.773856
1780456781,103.628201
1780456781,103.627786
1780456781,103.622864
1780456781,104.761563
1780456781,104.909060
1780456781,105.018580
1780456781,105.427108
1780456781,106.409555
1780456781,106.356880
1780456781,104.653064
1780456781,106.339960
1780456781,104.834901
1780456781,106.743109
1780456781,106.964437
1780456781,106.906348
1780456781,107.073621
1780456781,106.737997
1780456781,107.563107
1780456781,106.241601
1780456781,106.875510
1780456781,107.014981
1780456781,105.844006
1780456781,104.648030
1780456781,104.617807
1780456781,104.546975
1780456781,105.049482
1780456781,104.266684
1780456781,106.102146
1780456781,106.066703
1780456781,106.268428
1780456781,112.790050
1780456781,112.906612
1780456781,112.828117
1780456781,113.927880
1780456781,114.470299
1780456781,114.137821
1780456781,114.090361
1780456781,114.097426
1780456781,112.805714
1780456781,113.272157
1780456781,114.576323
1780456781,113.312967
1780456781,114.924329
1780456781,114.265898
1780456781,114.205248
1780456781,114.522092
1780456781,114.743968
1780456781,114.555862
1780456781,115.926988
1780456781,116.798802
1780456781,116.046513
1780456781,117.320156
1780456781,116.018353
1780456781,115.710140
1780456781,117.300655
1780456781,116.355141
1780456781,116.057295
1780456781,117.258701
1780456781,116.414830
1780456781,118.241356
1780456781,116.123577
1780456781,117.208704
1780456781,116.463058
1780456781,117.292837
1780456781,117.141352
1780456781,117.767914
1780456781,118.062341
1780456781,117.685948
1780456781,118.525477
1780456781,118.673421
1780456781,118.581645
1780456781,115.891961
1780456781,118.157459
1780456781,118.136619
1780456781,116.270800
1780456781,112.108918
1780456781,116.610316
1780456781,118.532863
1780456781,117.081281
1780456781,116.528330
1780456781,116.480587
1780456781,117.395355
1780456781,119.495004
1780456781,116.938186
1780456781,116.934846
1780456781,116.518864
1780456781,117.409630
1780456781,119.647958
1780456781,116.681204
1780456781,121.093679
1780456781,117.846277
1780456781,118.094815
1780456781,118.101502
1780456781,120.343762
1780456781,117.284626
1780456781,118.080994
1780456781,116.234051
1780456781,120.073952
1780456781,114.359777
1780456781,118.109604
1780456781,114.389775
1780456781,121.889554
1780456781,118.384229
1780456781,118.345450
1780456781,115.167022
1780456781,117.393346
1780456781,121.610831
1780456781,114.876744
1780456781,122.579975
1780456781,121.972272
1780456781,115.279722
1780456781,120.325444
1780456781,120.717133
1780456781,121.299201
1780456781,121.459838
1780456781,123.301447
1780456781,122.544739
1780456781,122.537386
1780456781,124.372062
1780456781,127.114130
1780456781,128.601846
1780456781,129.495795
1780456781,124.084143
1780456781,129.959641
1780456781,130.034818
1780456781,114.993553
1780456781,116.671674
1780456781,116.793202
1780456781,118.591546
1780456781,118.680662
1780456781,119.104120
1780456781,118.860804
1780456781,120.847077
1780456781,115.381773
1780456781,123.738160
1780456781,124.874872
1780456781,130.933471
1780456781,124.042956
1780456781,126.435436
1780456781,129.820815
1780456781,130.101208
1780456781,131.086330
1780456781,116.762499
1780456781,120.959557
1780456781,120.814212
1780456781,120.937941
1780456781,122.296028
1780456781,124.663631
1780456781,117.121188
1780456781,125.526692
1780456781,131.155814
1780456781,129.960633
1780456781,111.515645
1780456781,124.680536
1780456781,131.769113
1780456781,122.404715
1780456781,126.190923
1780456781,125.005760
1780456781,126.450101
1780456781,122.049499
1780456781,130.417176
1780456781,130.750346
1780456781,130.910915
1780456781,131.826031
1780456781,125.042425
1780456781,111.457592
1780456781,111.538312
1780456781,130.132981
1780456781,128.886553
1780456781,132.667738
1780456781,132.856011
1780456781,130.840244
1780456781,124.509324
1780456781,134.838855
1780456781,124.212383
1780456781,132.165452
1780456781,132.151581
1780456781,107.092125
1780456781,133.476898
1780456781,133.040955
1780456781,128.693702
1780456781,134.447353
1780456781,125.251416
1780456781,135.335557
1780456781,135.155509
1780456781,129.338760
1780456781,135.243382
1780456781,129.132319
1780456781,131.527808
1780456781,132.742947
1780456781,106.935789
1780456781,127.087918
1780456781,129.013535
1780456781,112.065099
1780456781,129.486875
1780456781,129.581881
1780456781,129.803333
1780456781,131.195865
1780456781,125.190329
1780456781,137.324810
1780456781,130.762207
1780456781,113.139586
1780456781,124.787135
1780456781,119.719544
1780456781,121.326261
1780456781,124.689190
1780456781,120.073760
1780456781,123.366058
1780456781,110.293749
1780456781,102.941596
1780456781,110.313769
1780456781,105.440349
1780456781,105.146198
1780456781,105.153299
1780456781,107.752817
1780456781,107.960561
1780456781,107.793144
1780456781,107.758434
1780456781,115.098619
1780456781,114.726970
1780456781,114.451786
1780456781,114.535865
1780456781,114.886879
1780456781,115.101040
1780456781,115.275689
1780456781,114.436913
1780456781,114.084086
1780456781,114.565656
1780456781,115.467779
1780456781,115.579621
1780456781,114.745506
1780456781,114.826900
1780456781,114.228861
1780456781,114.550564
1780456781,114.807563
1780456781,115.206941
1780456781,114.441370
1780456781,114.690538
1780456781,115.297603
1780456781,115.454610
1780456781,113.596129
1780456781,102.994933
1780456781,115.767837
1780456781,115.920804
1780456781,114.722730
1780456781,115.665469
1780456781,110.983120
1780456781,106.738193
1780456781,107.218644
1780456781,117.835658
1780456781,117.908279
1780456781,117.972155
1780456781,117.617895
1780456781,117.534305
1780456781,107.223021
1780456781,107.263503
1780456781,106.856285
1780456781,106.928989
1780456781,103.811482
1780456781,104.620669
1780456781,110.362152
1780456781,111.042228
1780456781,108.585185
1780456781,117.220145
1780456781,117.179716
1780456781,116.911326
1780456781,109.080651
1780456781,110.455960
1780456781,106.893829
1780456781,109.117469
1780456781,110.225471
1780456781,110.846626
1780456781,112.437324
1780456781,109.246119
1780456781,109.061271
1780456781,106.311640
1780456781,109.419894
1780456781,114.008635
1780456781,106.895407
1780456781,109.761289
1780456781,107.008709
1780456781,107.836150
1780456781,108.846613
1780456781,110.032302
1780456781,107.879027
1780456781,107.382748
1780456781,111.411962
1780456781,107.340429
1780456781,113.014584
1780456781,107.523250
1780456781,108.104718
1780456781,108.213227
1780456781,107.054712
1780456781,109.086265
1780456781,112.323168
1780456781,110.583728
1780456781,108.474134
1780456781,109.842144
1780456781,112.450865
1780456781,122.213465
1780456781,125.349772
1780456781,125.092824
1780456781,121.329856
1780456781,125.391443
1780456781,125.224372
1780456781,121.736605
1780456781,121.981432
1780456781,122.101861
1780456781,125.139634
1780456781,122.262398
1780456781,125.451911
1780456781,121.572801
1780456781,119.896138
1780456781,122.090127
1780456781,122.057232
1780456781,122.138761
1780456781,122.277103
1780456781,122.055957
1780456781,122.322261
1780456781,122.577515
1780456781,122.511110
1780456781,122.573833
1780456781,122.711366
1780456781,117.406859
1780456781,117.087742
1780456781,120.347736
1780456781,109.637667
1780456781,117.965525
1780456781,117.457669
1780456781,122.224105
1780456781,108.123884
1780456781,118.334731
1780456781,110.254317
1780456781,119.262540
1780456781,118.896868
1780456781,107.710871
1780456781,118.156475
1780456781,109.246257
1780456781,118.147134
1780456781,109.616429
1780456781,106.559804
1780456781,122.603034
1780456781,107.286464
1780456781,109.067721
1780456781,120.910346
1780456781,120.879231
1780456781,109.667306
1780456781,108.822763
1780456781,107.762656
1780456781,109.174303
1780456781,108.977224
1780456781,107.026457
1780456781,108.863342
1780456781,107.262477
1780456781,107.950064
1780456781,114.642121
1780456781,114.391070
1780456781,110.576620
1780456781,114.740697
1780456781,114.849747
1780456781,114.915360
1780456781,115.660582
1780456781,116.848113
1780456781,112.022641
1780456781,112.603722
1780456781,112.809165
1780456781,113.636938
1780456781,114.507939
1780456781,113.530824
1780456781,114.377089
1780456781,107.213275
1780456781,114.345748
1780456781,115.445658
1780456781,113.140251
1780456781,115.622203
1780456781,113.459251
1780456781,115.432217
1780456781,114.364982
1780456781,115.398968
1780456781,114.607929
1780456781,113.122581
1780456781,116.454429
1780456781,115.238591
1780456781,115.923181
1780456781,115.452044
1780456781,114.826892
1780456781,108.067191
1780456781,114.226820
1780456781,107.621802
1780456781,103.783811
1780456781,104.000517
1780456781,104.077552
1780456781,108.672213
1780456781,112.782883
1780456781,103.885459
1780456781,110.142816
1780456781,115.235355
1780456781,116.734103
1780456781,115.614734
1780456781,107.100380
1780456781,110.513549
1780456781,109.540625
1780456781,108.367772
1780456781,115.552810
1780456781,109.182742
1780456781,114.756671
1780456781,108.370034
1780456781,114.761172
1780456781,118.772907
1780456781,117.950830
1780456781,114.949053
1780456781,119.643619
1780456781,113.693290
1780456781,104.768123
1780456781,107.968831
1780456781,107.967708
1780456781,111.437013
1780456781,116.227999
1780456781,109.077298
1780456781,112.315358
1780456781,107.277094
1780456781,117.790296
1780456781,111.714030
1780456781,112.000669
1780456781,110.503133
1780456781,107.574837
1780456781,112.604968
1780456781,118.885846
1780456781,115.792098
1780456781,114.539021
1780456781,120.789800
1780456781,108.286865
1780456781,119.306432
1780456781,108.124901
1780456781,107.666520
1780456781,108.334572
1780456781,104.732100
1780456781,109.094166
1780456781,108.888434
1780456781,104.918562
1780456781,105.088116
1780456781,105.440346
1780456781,114.633523
1780456781,109.462294
1780456781,105.771198
1780456781,106.058925
1780456781,109.821904
1780456781,111.740871
1780456781,116.428484
1780456781,111.567451
1780456781,118.471183
1780456781,115.711791
1780456781,112.233283
1780456781,111.937725
1780456781,110.172299
1780456781,105.152556
1780456781,116.570278
1780456781,106.228250
1780456781,106.471252
1780456781,111.754560
1780456781,106.553781
1780456781,110.548552
1780456781,116.641871
1780456781,102.570229
1780456781,106.621428
1780456781,106.344525
1780456781,106.705190
1780456781,106.663524
1780456781,103.539786
1780456781,107.246219
1780456781,102.575472
1780456781,102.561194
1780456781,103.024797
1780456781,107.890366
1780456781,103.203150
1780456781,103.168449
1780456781,103.480725
1780456781,103.441074
1780456781,103.247054
1780456781,102.290242
1780456781,102.175905
1780456781,104.020831
1780456781,109.214902
1780456781,104.151284
1780456781,104.177809
1780456781,104.218489
1780456781,108.774545
1780456781,102.708113
1780456781,104.815815
1780456781,103.545517
1780456781,103.001765
1780456781,103.190215
1780456781,108.408446
1780456781,108.405147
1780456781,104.507883
1780456781,108.415803
1780456781,107.120958
1780456781,104.674548
1780456781,104.793264
1780456781,104.964922
1780456781,104.818673
1780456781,105.079426
1780456781,103.073926
1780456781,105.222927
1780456781,107.301732
1780456781,105.099090
1780456781,107.537496
1780456781,107.611334
1780456781,107.082670
1780456781,105.508419
1780456781,107.090725
1780456781,107.816675
1780456781,108.112271
1780456781,103.881709
1780456781,107.984195
1780456781,108.042454
1780456781,104.286974
1780456781,104.875561
1780456781,106.776125
1780456781,106.952212
1780456781,107.630969
1780456781,107.880453
1780456781,108.819514
1780456781,108.275401
1780456781,107.595862
1780456781,107.078595
1780456781,107.399582
1780456781,107.123298
1780456781,107.060294
1780456781,108.063295
1780456781,104.524156
1780456781,108.855229
1780456781,109.146953
1780456781,107.101935
1780456781,107.546694
1780456781,110.855782
1780456781,109.569301
1780456781,108.443445
1780456781,109.305308
1780456781,108.818376
1780456781,109.384542
1780456781,109.483460
1780456781,108.759103
1780456781,109.761908
1780456781,108.996940
1780456781,109.244068
1780456781,109.129302
1780456781,109.102180
1780456781,110.370956
1780456781,109.595687
1780456781,110.263972
1780456781,114.250512
1780456781,109.551488
1780456781,109.545157
1780456781,113.304388
1780456781,113.437924
1780456781,109.424776
1780456781,109.723497
1780456781,113.498495
1780456781,113.178936
1780456781,107.446230
1780456781,112.614121
1780456781,113.650059
1780456781,113.066316
1780456781,109.454962
1780456781,106.238749
1780456781,109.021304
1780456781,106.827681
1780456781,106.138666
1780456781,105.761914
1780456781,106.151595
1780456781,109.545472
1780456781,104.939600
1780456781,110.483916
1780456781,109.589949
1780456781,109.406288
1780456781,111.800983
1780456781,107.041428
1780456781,104.628125
1780456781,109.511145
1780456781,114.170762
1780456781,114.118893
1780456781,113.317198
1780456781,106.222549
1780456781,105.432387
1780456781,113.775325
1780456781,114.402330
1780456781,109.546743
1780456781,114.497008
1780456781,106.644041
1780456781,114.680028
1780456781,105.924994
1780456781,113.754906
1780456781,105.069734
1780456781,104.744469
1780456781,104.878357
1780456781,115.153599
1780456781,103.051559
1780456781,115.456074
1780456781,106.518459
1780456781,114.541089
1780456781,105.431065
1780456781,114.648173
1780456781,115.546136
1780456781,105.259539
1780456781,114.629499
1780456781,109.295070
1780456781,115.393419
1780456781,115.366147
1780456781,102.855926
1780456781,115.939959
1780456781,107.803533
1780456781,105.760694
1780456781,112.146792
1780456781,116.749747
1780456781,105.115648
1780456781,108.328990
1780456781,108.327936
1780456781,104.134457
1780456781,116.856138
1780456781,108.355393
1780456781,108.817373
1780456781,109.583243
1780456781,117.766930
1780456781,108.979965
1780456781,109.131751
1780456781,108.619497
1780456781,107.065513
1780456781,115.894210
1780456781,119.799710
1780456781,111.008967
1780456781,111.049671
1780456781,115.638455
1780456781,109.392773
1780456781,109.877084
1780456781,120.722251
1780456781,112.369017
1780456781,119.767061
1780456781,117.208405
1780456781,119.205383
1780456781,119.510247
1780456781,109.625792
1780456781,119.687740
1780456781,109.004221
1780456781,116.439591
1780456781,106.808173
1780456781,111.282539
1780456781,112.025079
1780456781,120.191690
1780456781,119.790171
1780456781,111.399002
1780456781,111.536811
1780456781,119.192490
1780456781,119.847713
1780456781,110.156841
1780456781,111.949605
1780456781,119.650742
1780456781,112.341569
1780456781,112.184004
1780456781,111.652836
1780456781,116.547399
1780456781,116.210547
1780456781,116.221390
1780456781,115.252986
1780456781,108.972444
1780456781,119.911381
1780456781,111.977762
1780456781,109.021490
1780456781,116.963877
1780456781,108.008161
1780456781,115.373515
1780456781,109.442958
1780456781,116.947525
1780456781,109.137579
1780456781,112.930379
1780456781,109.252216
1780456781,120.884015
1780456781,115.213240
1780456781,118.517868
1780456781,115.315446
1780456781,114.397325
1780456781,114.569921
1780456781,115.877782
1780456781,117.417420
1780456781,110.310210
1780456781,108.000746
1780456781,117.679095
1780456781,109.854357
1780456781,115.453732
1780456781,114.775241
1780456781,110.613327
1780456781,110.749357
1780456781,113.668331
1780456781,114.738023
1780456781,113.421981
1780456781,110.649428
1780456781,113.352738
1780456781,113.182468
1780456781,112.246206
1780456781,112.243145
1780456781,117.898734
1780456781,121.572603
1780456781,109.795660
1780456781,112.928506
1780456781,121.555755
1780456781,111.926743
1780456781,119.386601
1780456781,118.536566
1780456781,113.744451
1780456781,120.647583
1780456781,110.278840
1780456781,120.370550
1780456781,110.013268
1780456781,116.583794
1780456781,116.936947
1780456781,122.965795
1780456781,106.481161
1780456781,115.695549
1780456781,111.089399
1780456781,117.105550
1780456781,110.433375
1780456781,115.837100
1780456781,120.404207
1780456781,118.646356
1780456781,123.643174
1780456781,108.260248
1780456781,111.416238
1780456781,116.924549
1780456781,120.257679
1780456781,106.641270
1780456781,113.295708
1780456781,122.950405
1780456781,108.543204
1780456781,110.281259
1780456781,122.698157
1780456781,120.020133
1780456781,123.129294
1780456781,123.626264
1780456781,111.820750
1780456781,111.753053
1780456781,121.084731
1780456781,121.643766
1780456781,121.520002
1780456781,112.282572
1780456781,110.725277
1780456781,108.876520
1780456781,125.778418
1780456781,125.931476
1780456781,107.534739
1780456781,112.154147
1780456781,119.597088
1780456781,112.200535
1780456781,126.555648
1780456781,108.764957
1780456781,122.127902
1780456781,122.201421
1780456781,120.288440
1780456781,129.329553
1780456781,109.339479
1780456781,109.879005
1780456781,114.053492
1780456781,120.519440
1780456781,108.651674
1780456781,121.464600
1780456781,112.829219
1780456781,124.127871
1780456781,125.392782
1780456781,109.631336
1780456781,124.162366
1780456781,125.792371
1780456781,109.047322
1780456781,112.469725
1780456781,125.598276
1780456781,112.798299
1780456781,118.234099
1780456781,126.037645
1780456781,118.043453
1780456781,109.585550
1780456781,109.837913
1780456781,109.476478
1780456781,116.245836
1780456781,111.370566
1780456781,119.331121
1780456781,116.305451
1780456781,115.790047
1780456781,113.237442
1780456781,116.503061
1780456781,110.867427
1780456781,116.651754
1780456781,112.319888
1780456781,112.211440
1780456781,116.028923
1780456781,123.830168
1780456781,115.450734
1780456781,107.824135
1780456781,115.882453
1780456781,112.794333
1780456781,116.855504
1780456781,112.526986
1780456781,109.798784
1780456781,116.752664
1780456781,129.896871
1780456781,108.465036
1780456781,117.849191
1780456781,112.301401
1780456781,107.449309
1780456781,113.117764
1780456781,130.401341
1780456781,111.032289
1780456781,109.509184
1780456781,109.460480
1780456781,107.717450
1780456781,109.928467
1780456781,132.207584
1780456781,112.974091
1780456781,107.848531
1780456781,112.016209
1780456781,108.546638
1780456781,132.002756
1780456781,106.856805
1780456781,112.262399
1780456781,107.127097
1780456781,106.025592
1780456781,109.165994
1780456781,112.321150
1780456781,109.593557
1780456781,115.261393
1780456781,106.325733
1780456781,115.142071
1780456781,131.010911
1780456781,131.037402
1780456781,112.909206
1780456781,131.426340
1780456781,110.292185
1780456781,113.079270
1780456781,113.330888
1780456781,131.704445
1780456781,111.675933
1780456781,111.961680
1780456781,114.605245
1780456781,130.934204
1780456781,111.904336
1780456781,110.335263
1780456781,115.034034
1780456781,114.969571
1780456781,110.676822
1780456781,133.265902
1780456781,128.152251
1780456781,113.927419
1780456781,114.254758
1780456781,103.339114
1780456781,114.174837
1780456781,108.019226
1780456781,113.092471
1780456781,107.054771
1780456781,131.639660
1780456781,113.525753
1780456781,109.037891
1780456781,107.236542
1780456781,107.044140
1780456781,111.914091
1780456781,107.143901
1780456781,107.490376
1780456781,107.599765
1780456781,106.513694
1780456781,106.853780
1780456781,110.160394
1780456781,110.252919
1780456781,113.764841
1780456781,108.717333
1780456781,109.285942
1780456781,111.139572
1780456781,113.809667
1780456781,109.794782
1780456781,112.562584
1780456781,108.238499
1780456781,109.855284
1780456781,112.738601
1780456781,135.724075
1780456781,114.913808
1780456781,113.050195
1780456781,135.974640
1780456781,112.708021
1780456781,112.584126
1780456781,135.367804
1780456781,112.564104
1780456781,107.413153
1780456781,112.571582
1780456781,107.488569
1780456781,110.265452
1780456781,112.370904
1780456781,112.390324
1780456781,106.371841
1780456781,110.846597
1780456781,135.922660
1780456781,106.607901
1780456781,110.884135
1780456781,109.436275
1780456781,106.585117
1780456781,134.940357
1780456781,112.746913
1780456781,109.711706
1780456781,110.044603
1780456781,112.774836
1780456781,111.745585
1780456781,108.820129
1780456781,104.436221
1780456781,136.774926
1780456781,111.390779
1780456781,135.429797
1780456781,111.560388
1780456781,138.875322
1780456781,107.113052
1780456781,104.534042
1780456781,136.252859
1780456781,110.351142
1780456781,135.927834
1780456781,110.451627
1780456781,136.508312
1780456781,106.482230
1780456781,137.983016
1780456781,134.692069
1780456781,112.879586
1780456781,137.632317
1780456781,110.994692
1780456781,110.669361
1780456781,135.374812
1780456781,134.053370
1780456781,113.515690
1780456781,113.741674
1780456781,134.070636
1780456781,140.333064
1780456781,109.855870
1780456781,133.298458
1780456781,133.671515
1780456781,112.880994
1780456781,140.904090
1780456781,136.588226
1780456781,133.359605
1780456781,112.950902
1780456781,109.368356
1780456781,109.358950
1780456781,109.500340
1780456781,111.447568
1780456781,131.422914
1780456781,131.746126
1780456781,131.260026
1780456781,134.058549
1780456781,130.777874
1780456781,108.515480
1780456781,108.099769
1780456781,109.974843
1780456781,143.702460
1780456781,112.183802
1780456781,112.164135
1780456781,129.547545
1780456781,111.193783
1780456781,130.126394
1780456781,111.200854
1780456781,111.349676
1780456781,128.688736
1780456781,111.770121
1780456781,128.777818
1780456781,111.504437
1780456781,138.199525
1780456781,144.895666
1780456781,111.957327
1780456781,142.951314
1780456781,112.194989
1780456781,129.140710
1780456781,110.861158
1780456781,144.551151
1780456781,128.484106
1780456781,110.737051
1780456781,109.565868
1780456781,134.578889
1780456781,134.228694
1780456781,142.267225
1780456781,143.452018
1780456781,143.842494
1780456781,142.848408
1780456781,110.470448
1780456781,110.591099
1780456781,117.876447
1780456781,110.492867
1780456781,113.595895
1780456781,117.717409
1780456781,112.948926
1780456781,142.330098
1780456781,142.404115
1780456781,134.683649
1780456781,142.376336
1780456781,113.435129
1780456781,112.175569
1780456781,112.122742
1780456781,135.050464
1780456781,113.563748
1780456781,113.410781
1780456781,140.513472
1780456781,144.766179
1780456781,144.395505
1780456781,149.918753
1780456781,145.939677
1780456781,109.324885
1780456781,141.849713
1780456781,117.361140
1780456781,136.163491
1780456781,117.364114
1780456781,144.598790
1780456781,114.284888
1780456781,135.183940
1780456781,143.312563
1780456781,150.117556
1780456781,114.541705
1780456781,135.348562
1780456781,136.332030
1780456781,136.089538
1780456781,136.347389
1780456781,113.047796
1780456781,114.452073
1780456781,150.004903
1780456781,137.190494
1780456781,114.558736
1780456781,113.010063
1780456781,137.849010
1780456781,112.772667
1780456781,149.067611
1780456781,150.254440
1780456781,116.611094
1780456781,132.367673
1780456781,138.259883
1780456781,133.095940
1780456781,116.528381
1780456781,113.124896
1780456781,133.700000
1780456781,133.777579
1780456781,113.306629
1780456781,133.922658
1780456781,110.093682
1780456781,138.234539
1780456781,144.988434
1780456781,135.555630
1780456781,110.329973
1780456781,113.524421
1780456781,134.109242
1780456781,110.516875
1780456781,137.889749
1780456781,149.215156
1780456781,112.459937
1780456781,133.475547
1780456781,133.751790
1780456781,112.713228
1780456781,106.520399
1780456781,151.248181
1780456781,139.080083
1780456781,111.322812
1780456781,139.461903
1780456781,108.200729
1780456781,150.097566
1780456781,133.667517
1780456781,108.327981
1780456781,110.679111
1780456781,132.448985
1780456781,132.662263
1780456781,108.915173
1780456781,148.614685
1780456781,138.412858
1780456781,107.672764
1780456781,138.863866
1780456781,107.830396
1780456781,112.610177
1780456781,132.882409
1780456781,112.936547
1780456781,131.671111
1780456781,152.407419
1780456781,130.335512
1780456781,114.404183
1780456781,131.979568
1780456781,138.743103
1780456781,151.435967
1780456781,115.073325
1780456781,137.251703
1780456781,108.215700
1780456781,133.887579
1780456781,115.128819
1780456781,132.739703
1780456781,149.156618
1780456781,114.065209
1780456781,136.025772
1780456781,136.877372
1780456781,108.631223
1780456781,133.147023
1780456781,111.219689
1780456781,148.220081
1780456781,131.470887
1780456781,118.020706
1780456781,137.237089
1780456781,116.173317
1780456781,118.426451
1780456781,129.840330
1780456781,152.491215
1780456781,116.544405
1780456781,129.853878
1780456781,118.278753
1780456781,129.851543
1780456781,116.819591
1780456781,134.649463
1780456781,134.402463
1780456781,117.169842
1780456781,153.129269
1780456781,121.156322
1780456781,121.210637
1780456781,119.721722
1780456781,121.160715
1780456781,119.566494
1780456781,119.947367
1780456781,137.657349
1780456781,136.522573
1780456781,136.189815
1780456781,136.411890
1780456781,133.575759
1780456781,133.647461
1780456781,134.160433
1780456781,130.208838
1780456781,134.369207
1780456781,130.221741
1780456781,112.115293
1780456781,135.907749
1780456781,131.738088
1780456781,109.779137
1780456781,118.195565
1780456781,110.974448
1780456781,117.516024
1780456781,109.899149
1780456781,118.163720
1780456781,130.307050
1780456781,109.870689
1780456781,111.144846
1780456781,130.117090
1780456781,112.788833
1780456781,129.268881
1780456781,137.042409
1780456781,135.146377
1780456781,118.604097
1780456781,136.779477
1780456781,134.974247
1780456781,111.550330
1780456781,135.314965
1780456781,132.277436
1780456781,134.256837
1780456781,109.356581
1780456781,134.824511
1780456781,110.621107
1780456781,109.378945
1780456781,113.289442
1780456781,133.984858
1780456781,113.384138
1780456781,134.979798
1780456781,132.621227
1780456781,108.199853
1780456781,109.041973
1780456781,109.361354
1780456781,109.560488
1780456781,134.093538
1780456781,109.621608
1780456781,109.817974
1780456781,109.892501
1780456781,106.668564
1780456781,111.021900
1780456781,116.905023
1780456781,111.854826
1780456781,111.891142
1780456781,138.596221
1780456781,138.773157
1780456781,138.329457
1780456781,134.965384
1780456781,138.865620
1780456781,161.729188
1780456781,135.113137
1780456781,121.284506
1780456781,121.492669
1780456781,155.634232
1780456781,133.047179
1780456781,161.065675
1780456781,136.306009
1780456781,152.566442
1780456781,140.238030
1780456781,138.930298
1780456781,136.214609
1780456781,140.223347
1780456781,123.799323
1780456781,134.856617
1780456781,135.400884
1780456781,125.502382
1780456781,139.871110
1780456781,140.028079
1780456781,139.783753
1780456781,124.778651
1780456781,123.548054
1780456781,125.719857
1780456781,138.767636
1780456781,118.280269
1780456781,113.740550
1780456781,117.015035
1780456781,139.988907
1780456781,115.800356
1780456781,118.337101
1780456781,123.330252
1780456781,139.692929
1780456781,137.985276
1780456781,117.721488
1780456781,118.367620
1780456781,113.363940
1780456781,117.848739
1780456781,138.236815
1780456781,123.527612
1780456781,118.516549
1780456781,159.323651
1780456781,160.168151
1780456781,111.665678
1780456781,157.999698
1780456781,123.413546
1780456781,116.461298
1780456781,118.027943
1780456781,113.298639
1780456781,116.170761
1780456781,117.408682
1780456781,112.655273
1780456781,113.386195
1780456781,111.236776
1780456781,108.613149
1780456781,112.068435
1780456781,113.522188
1780456781,112.251793
1780456781,116.399455
1780456781,112.799149
1780456781,114.840000
1780456781,115.804193
1780456781,111.685441
1780456781,162.369664
1780456781,161.989220
1780456781,149.469574
1780456781,125.034764
1780456781,147.978712
1780456781,124.394715
1780456781,120.561730
1780456781,148.199429
1780456781,118.195404
1780456781,132.921314
1780456781,116.698324
1780456781,165.948698
1780456781,167.969918
1780456781,110.687527
1780456781,108.416576
1780456781,109.611705
1780456781,166.890154
1780456781,114.353967
1780456781,108.511473
1780456781,120.144611
1780456781,113.292165
1780456781,113.645724
1780456781,162.770906
1780456781,113.505418
1780456781,110.189272
1780456781,112.659526
1780456781,164.686761
1780456781,129.747036
1780456781,119.664831
1780456781,129.830455
1780456781,118.426310
1780456781,119.142305
1780456781,129.986076
1780456781,118.641686
1780456781,119.967250
1780456781,119.939493
1780456781,174.339528
1780456781,183.739132
1780456781,174.671154
1780456781,182.188465
1780456781,178.679407
1780456781,118.646593
1780456781,174.630532
1780456781,182.963623
1780456781,109.835126
1780456781,107.692296
1780456781,157.907811
1780456781,157.877469
1780456781,157.994151
1780456781,157.878869
1780456781,116.238223
1780456781,154.904732
1780456781,155.064271
1780456781,157.823988
1780456781,115.618479
1780456781,115.854410
1780456781,115.862065
1780456781,116.405416
1780456781,116.440430
1780456781,116.392600
1780456781,116.147976
1780456781,116.235501
1780456781,103.413658
1780456781,158.084767
1780456781,103.720564
1780456781,186.211414
1780456781,159.319334
1780456781,158.079268
1780456781,173.868415
1780456781,173.888256
1780456781,157.084476
1780456781,173.856756
1780456781,173.882160
1780456781,157.245436
1780456781,178.881404
1780456781,104.414180
1780456781,157.502026
1780456781,171.690462
1780456781,179.497821
1780456781,159.550976
1780456781,178.227650
1780456781,157.716885
1780456781,175.270564
1780456781,129.911316
1780456781,178.222264
1780456781,160.267374
1780456781,172.667033
1780456781,153.535091
1780456781,125.264194
1780456781,128.865278
1780456781,127.797282
1780456781,128.081882
1780456781,104.552474
1780456781,127.165653
1780456781,154.356318
1780456781,173.705939
1780456781,175.361065
1780456781,127.520587
1780456781,160.178139
1780456781,174.227878
1780456781,120.770181
1780456781,179.504439
1780456781,122.638962
1780456781,119.306190
1780456781,118.713766
1780456781,172.347657
1780456781,110.552699
1780456781,110.308771
1780456781,159.419087
1780456781,106.169169
1780456781,163.299955
1780456781,105.254279
1780456781,159.901245
1780456781,106.274730
1780456781,106.547343
1780456781,174.944640
1780456781,106.194811
1780456781,160.865633
1780456781,105.980743
1780456781,107.405462
1780456781,177.263710
1780456781,183.683317
1780456781,165.071194
1780456781,166.567789
1780456781,166.742980
1780456781,110.839233
1780456781,166.868396
1780456781,110.099561
1780456781,109.589469
1780456781,109.330663
1780456781,109.860346
1780456781,182.530416
1780456781,108.517498
1780456781,108.590655
1780456781,181.011625
1780456781,108.823277
1780456781,108.482734
1780456781,108.489284
1780456781,181.920653
1780456781,182.456208
1780456781,183.370218
1780456781,179.562286
1780456781,113.122415
1780456781,113.570542
1780456781,113.838958
1780456781,167.160458
1780456781,186.468871
1780456781,184.711193
1780456781,169.461861
1780456781,115.081412
1780456781,114.699327
1780456781,182.511109
1780456781,183.323447
1780456781,117.905247
1780456781,119.352319
1780456781,183.663856
1780456781,186.586395
1780456781,181.130949
1780456781,167.287785
1780456781,167.391781
1780456781,178.086054
1780456781,167.427500
1780456781,177.955023
1780456781,181.499393
1780456781,180.459014
1780456781,165.270205
1780456781,104.437727
1780456781,180.526710
1780456781,182.808911
1780456781,177.888801
1780456781,172.701919
1780456781,166.330757
1780456781,182.975822
1780456781,180.084807
1780456781,172.931230
1780456781,176.224477
1780456781,179.895128
1780456781,186.992733
1780456781,176.422022
1780456781,181.509614
1780456781,176.766888
1780456781,176.565095
1780456781,165.824279
1780456781,165.911061
1780456781,169.458810
1780456781,103.325017
1780456781,167.101359
1780456781,165.892232
1780456781,107.229886
1780456781,186.207464
1780456781,106.551822
1780456781,114.443996
1780456781,106.617036
1780456781,106.709366
1780456781,106.587433
1780456781,107.315763
1780456781,169.646437
1780456781,167.515220
1780456781,183.832992
1780456781,168.943252
1780456781,115.264880
1780456781,168.383814
1780456781,108.618749
1780456781,158.729114
1780456781,108.877999
1780456781,159.127167
1780456781,159.352078
1780456781,108.947376
1780456781,109.330173
1780456781,109.503947
1780456781,109.460639
1780456781,159.753894
1780456781,161.838063
1780456781,164.779536
1780456781,109.842011
1780456781,167.370890
1780456781,112.477730
1780456781,112.331874
1780456781,167.198279
1780456781,112.466598
1780456781,159.446238
1780456781,112.642131
1780456781,118.343363
1780456781,189.387847
1780456781,118.518354
1780456781,118.580206
1780456781,191.052058
1780456781,110.789085
1780456781,159.392769
1780456781,110.072204
1780456781,159.784728
1780456781,159.546818
1780456781,110.136938
1780456781,110.346502
1780456781,111.063962
1780456781,110.989263
1780456781,162.373905
1780456781,160.778731
1780456781,111.216415
1780456781,111.284208
1780456781,110.392396
1780456781,150.405415
1780456781,140.505028
1780456781,109.822140
1780456781,140.763066
1780456781,141.567250
1780456781,140.994843
1780456781,141.083434
1780456781,112.136700
1780456781,115.664408
1780456781,171.207302
1780456781,178.054690
1780456781,126.060506
1780456781,144.122051
1780456781,178.146639
1780456781,126.007537
1780456781,125.792750
1780456781,116.499798
1780456781,125.319895
1780456781,145.509261
1780456781,186.808479
1780456781,116.955041
1780456781,115.148093
1780456781,127.178797
1780456781,140.478492
1780456781,119.760829
1780456781,141.402634
1780456781,140.546702
1780456781,142.349043
1780456781,116.195086
1780456781,142.446061
1780456781,187.182330
1780456781,142.474577
1780456781,117.091327
1780456781,116.578403
1780456781,144.743649
1780456781,116.545349
1780456781,116.932116
1780456781,142.624115
1780456781,142.753968
1780456781,142.717261
1780456781,116.790470
1780456781,126.754571
1780456781,116.852593
1780456781,140.359385
1780456781,144.863680
1780456781,117.105525
1780456781,145.048726
1780456781,126.786908
1780456781,126.626802
1780456781,126.875614
1780456781,139.482861
1780456781,140.491289
1780456781,187.433186
1780456781,139.119892
1780456781,140.918370
1780456781,139.203712
1780456781,139.259624
1780456781,138.623151
1780456781,140.359547
1780456781,138.537112
1780456781,216.151241
1780456781,212.541351
1780456781,214.551431
1780456781,214.628693
1780456781,214.747867
1780456781,214.893040
1780456781,216.230935
1780456781,173.381203
1780456781,203.184900
1780456781,199.613835
1780456781,208.679314
1780456781,185.904939
1780456781,197.937075
1780456781,185.795808
1780456781,199.456993
1780456781,215.236659
1780456781,186.029536
1780456781,178.452272
1780456781,194.893790
1780456781,170.952790
1780456781,186.211183
1780456781,212.241505
1780456781,199.540045
1780456781,186.077965
1780456781,198.559610
1780456781,198.076066
1780456781,198.759800
1780456781,204.142972
1780456781,112.148296
1780456781,149.814601
1780456781,112.699691
1780456781,149.749512
1780456781,149.951948
1780456781,149.834915
1780456781,149.915327
1780456781,149.176680
1780456781,209.137495
1780456781,212.833858
1780456781,210.855083
1780456781,212.599846
1780456781,211.496996
1780456781,218.947092
1780456781,219.083901
1780456781,137.553676
1780456781,214.186552
1780456781,219.061137
1780456781,232.871788
1780456781,231.476504
1780456781,229.870225
1780456781,229.840066
1780456781,231.427285
1780456781,231.315235
1780456781,122.506812
1780456781,115.158800
1780456781,200.624764
1780456781,115.185998
1780456781,115.086924
1780456781,113.846354
1780456781,115.037649
1780456781,215.139176
1780456781,215.485082
1780456781,106.338712
1780456781,115.364801
1780456781,113.938963
1780456781,197.508614
1780456781,215.620196
1780456781,115.354614
1780456781,201.873367
1780456781,215.928949
1780456781,114.161686
1780456781,115.991984
1780456781,201.024921
1780456781,115.813403
1780456781,115.925131
1780456781,116.023776
1780456781,115.515244
1780456781,115.578414
1780456781,224.357941
1780456781,201.326828
1780456781,232.345571
1780456781,125.438889
1780456781,125.443580
1780456781,231.258522
1780456781,200.877931
1780456781,199.183008
1780456781,200.059292
1780456781,150.927202
1780456781,228.785493
1780456781,140.910927
1780456781,199.887131
1780456781,141.205047
1780456781,117.286626
1780456781,227.173811
1780456781,227.714841
1780456781,226.223735
1780456781,227.274356
1780456781,217.952784
1780456781,108.909656
1780456781,218.016730
1780456781,109.072315
1780456781,220.029436
1780456781,221.235944
1780456781,114.951125
1780456781,222.652455
1780456781,188.592376
1780456781,187.267801
1780456781,185.336670
1780456781,185.964773
1780456781,185.446735
1780456781,171.922693
1780456781,171.559509
1780456781,171.280649
1780456781,235.004702
1780456781,160.870562
1780456781,149.076596
1780456781,232.409467
1780456781,232.880059
1780456781,233.445225
1780456781,118.820306
1780456781,223.378557
1780456781,224.462903
1780456781,224.669856
1780456781,225.000587
1780456781,227.021399
1780456781,119.124236
1780456781,228.156074
1780456781,229.721828
1780456781,229.803714
1780456781,229.879178
1780456781,229.880821
1780456781,231.079565
1780456781,231.192597
1780456781,232.483171
1780456781,232.584048
1780456781,148.659966
1780456781,232.636525
1780456781,221.403642
1780456781,233.951922
1780456781,119.592118
1780456781,188.241924
1780456781,223.008932
1780456781,189.677428
1780456781,187.350295
1780456781,193.292580
1780456781,186.025126
1780456781,201.094683
1780456781,201.129491
1780456781,189.576564
1780456781,202.935645
1780456781,164.451569
1780456781,211.043414
1780456781,172.037975
1780456781,211.165096
1780456781,115.410539
1780456781,172.128937
1780456781,216.002518
1780456781,185.261551
1780456781,115.967507
1780456781,173.495432
1780456781,173.621130
1780456781,186.478717
1780456781,187.181763
1780456781,175.721819
1780456781,138.153527
1780456781,138.143479
1780456781,138.139162
1780456781,241.280309
1780456781,241.274185
1780456781,241.320780
1780456781,142.789521
1780456781,241.317675
1780456781,124.673067
1780456781,142.901587
1780456781,232.863212
1780456781,124.830337
1780456781,216.659982
1780456781,232.944184
1780456781,116.047405
1780456781,124.905339
1780456781,116.299368
1780456781,115.475226
1780456781,116.424616
1780456781,116.481270
1780456781,115.568193
1780456781,116.571632
1780456781,116.035370
1780456781,116.642599
1780456781,115.893777
1780456781,216.190123
1780456781,216.755823
1780456781,116.207752
1780456781,115.689175
1780456781,143.366018
1780456781,115.525347
1780456781,166.636782
1780456781,115.618602
1780456781,166.756653
1780456781,115.697312
1780456781,116.484966
1780456781,115.761902
1780456781,193.288377
1780456781,120.166298
1780456781,191.604773
1780456781,120.173025
1780456781,120.305802
1780456781,120.430870
1780456781,177.920403
1780456781,178.419446
1780456781,192.265714
1780456781,189.094604
1780456781,185.642594
1780456781,167.537507
1780456781,117.393261
1780456781,188.630275
1780456781,117.508786
1780456781,190.145722
1780456781,117.565893
1780456781,119.364662
1780456781,178.552917
1780456781,119.398673
1780456781,119.449587
1780456781,169.014101
1780456781,120.619447
1780456781,181.576704
1780456781,181.623287
1780456781,179.139781
1780456781,180.357817
1780456781,180.266590
1780456781,180.573384
1780456781,180.527844
1780456781,181.034219
1780456781,115.342932
1780456781,126.840135
1780456781,124.420918
1780456781,125.653546
1780456781,126.970821
1780456781,130.325542
1780456781,130.743191
1780456781,131.551529
1780456781,132.457492
1780456781,129.161271
1780456781,126.909808
1780456781,133.496181
1780456781,133.861786
1780456781,133.752300
1780456781,132.240753
1780456781,134.139416
1780456781,134.141677
1780456781,133.194690
1780456781,133.298664
1780456781,136.813496
1780456781,148.796503
1780456781,148.977341
1780456781,128.962240
1780456781,149.137057
1780456781,149.245023
1780456781,128.207215
1780456781,149.482594
1780456781,128.490926
1780456781,128.304412
1780456781,149.635599
1780456781,127.862935
1780456781,149.738782
1780456781,131.593444
1780456781,131.720897
1780456781,131.813829
1780456781,131.716724
1780456781,149.803126
1780456781,131.906519
1780456781,131.924400
1780456781,131.811803
1780456781,131.782701
1780456781,127.930175
1780456781,150.021615
1780456781,127.959790
1780456781,124.544426
1780456781,150.649975
1780456781,132.802475
1780456781,124.927370
1780456781,125.009852
1780456781,139.999096
1780456781,151.072748
1780456781,140.878350
1780456781,152.568802
1780456781,126.224034
1780456781,151.150129
1780456781,144.655888
1780456781,144.923273
1780456781,194.783332
1780456781,149.314566
1780456781,194.030674
1780456781,145.082520
1780456781,145.218544
1780456781,140.750240
1780456781,134.684117
1780456781,144.411907
1780456781,146.089253
1780456781,139.039809
1780456781,145.045113
1780456781,135.231654
1780456781,145.381295
1780456781,145.561012
1780456781,127.931466
1780456781,145.589573
1780456781,145.587543
1780456781,145.941370
1780456781,146.135040
1780456781,146.053693
1780456781,131.312347
1780456781,142.298086
1780456781,139.792398
1780456781,168.268285
1780456781,155.493353
1780456781,145.234330
1780456781,135.079909
1780456781,135.245448
1780456781,137.316846
1780456781,137.282297
1780456781,155.714826
1780456781,146.887026
1780456781,146.761745
1780456781,137.237885
1780456781,147.087343
1780456781,135.051367
1780456781,146.352954
1780456781,137.459352
1780456781,135.534820
1780456781,147.285012
1780456781,147.385001
1780456781,137.618440
1780456781,129.987740
1780456781,137.484093
1780456781,146.863611
1780456781,145.868065
1780456781,131.213979
1780456781,146.489989
1780456781,132.973089
1780456781,136.534012
1780456781,147.032811
1780456781,147.152462
1780456781,149.548680
1780456781,142.619508
1780456781,149.407521
1780456781,149.405869
1780456781,149.739436
1780456781,149.693838
1780456781,149.433601
1780456781,133.336171
1780456781,141.066096
1780456781,141.269287
1780456781,129.288953
1780456781,159.738494
1780456781,159.734566
1780456781,155.896214
1780456781,147.116173
1780456781,147.135403
1780456781,139.357647
1780456781,158.928538
1780456781,137.846870
1780456781,156.007376
1780456781,137.986273
1780456781,138.089690
1780456781,138.288199
1780456781,156.069273
1780456781,155.719926
1780456781,138.258384
1780456781,138.148987
1780456781,138.151097
1780456781,138.225411
1780456781,138.183259
1780456781,138.251441
1780456781,139.119272
1780456781,148.831396
1780456781,144.198392
1780456781,149.161590
1780456781,135.640592
1780456781,139.490162
1780456781,130.362479
1780456781,135.541838
1780456781,136.077075
1780456781,135.973334
1780456781,128.815287
1780456781,139.156529
1780456781,139.706816
1780456781,145.296655
1780456781,129.682618
1780456781,145.503284
1780456781,137.303835
1780456781,145.334084
1780456781,141.076087
1780456781,149.952866
1780456781,147.467260
1780456781,155.579866
1780456781,137.915022
1780456781,165.582832
1780456781,166.130687
1780456781,166.611868
1780456781,154.659072
1780456781,168.836931
1780456781,171.169231
1780456781,174.642897
1780456781,158.229714
1780456781,155.309613
1780456781,160.168407
1780456781,156.966623
1780456781,155.484351
1780456781,149.038571
1780456781,149.385591
1780456781,161.022918
1780456781,162.120480
1780456781,151.667986
1780456781,151.952917
1780456781,161.823888
1780456781,164.988922
1780456781,153.579073
1780456781,155.742588
1780456781,152.531758
1780456781,153.028836
1780456781,160.467500
1780456781,155.929500
1780456781,161.716536
1780456781,156.108412
1780456781,174.373642
1780456781,186.043075
1780456781,170.703525
1780456781,175.996047
1780456781,176.299399
1780456781,177.777928
1780456781,170.990708
1780456781,172.317031
1780456781,175.159946
1780456781,181.100706
1780456781,181.933469
1780456781,175.721867
1780456781,182.332928
1780456781,180.259437
1780456781,172.492855
1780456781,180.371343
1780456781,145.789662
1780456781,145.866531
1780456781,173.025739
1780456781,173.156326
1780456781,174.379910
1780456781,136.728440
1780456781,165.734319
1780456781,184.428257
1780456781,181.341503
1780456781,175.201779
1780456781,181.746461
1780456781,170.557561
1780456781,149.111213
1780456781,157.549897
1780456781,149.137246
1780456781,186.313477
1780456781,175.595028
1780456781,168.805828
1780456781,169.635791
1780456781,163.355702
1780456781,176.732626
1780456781,170.343777
1780456781,172.406448
1780456781,171.793833
1780456781,164.261326
1780456781,171.953974
1780456781,188.098067
1780456781,164.900185
1780456781,174.684085
1780456781,174.126979
1780456781,165.666661
1780456781,156.880939
1780456781,174.375237
1780456781,157.424110
1780456781,165.720599
1780456781,173.905884
1780456781,178.555343
1780456781,164.238974
1780456781,177.210909
1780456781,159.732689
1780456781,164.674089
1780456781,177.781694
1780456781,176.155622
1780456781,148.051936
1780456781,173.320298
1780456781,182.936639
1780456781,179.977060
1780456781,156.392719
1780456781,184.543276
1780456781,165.171229
1780456781,151.041344
1780456781,183.185556
1780456781,184.941248
1780456781,165.195904
1780456781,188.887586
1780456781,165.600807
1780456781,185.186527
1780456781,185.446909
1780456781,187.217536
1780456781,153.006141
1780456781,166.383914
1780456781,170.199008
1780456781,186.423601
1780456781,188.429761
1780456781,171.952156
1780456781,184.173368
1780456781,149.383901
1780456781,182.397877
1780456781,155.507741
1780456781,179.130972
1780456781,150.556900
1780456781,179.519030
1780456781,153.448260
1780456781,156.257441
1780456781,191.952846
1780456781,152.321327
1780456781,175.985208
1780456781,152.845040
1780456781,170.442750
1780456781,177.798125
1780456781,181.667534
1780456781,174.327150
1780456781,175.198946
1780456781,191.324371
1780456781,200.779784
1780456781,159.824709
1780456781,177.325100
1780456781,160.714032
1780456781,150.456188
1780456781,168.053150
1780456781,180.485515
1780456781,183.467839
1780456781,180.760997
1780456781,182.074673
1780456781,182.162015
1780456781,195.185655
1780456781,173.985735
1780456781,181.092276
1780456781,172.799821
1780456781,182.634907
1780456781,197.852118
1780456781,195.433874
1780456781,195.712334
1780456781,198.664347
1780456781,198.676378
1780456781,199.558326
1780456781,212.229656
1780456781,175.616826
1780456781,200.738281
1780456781,214.952821
1780456781,201.258965
1780456781,193.531226
1780456781,192.097336
1780456781,197.160914
1780456781,206.635387
1780456781,197.675391
1780456781,200.464091
1780456781,200.728317
1780456781,200.875250
1780456781,203.382072
1780456781,206.585052
1780456781,204.280422
1780456781,204.627353
1780456781,211.318113
1780456781,220.377058
1780456781,208.709133
1780456781,205.836517
1780456781,220.575120
1780456781,230.955847
1780456781,215.678690
1780456781,231.139629
1780456781,216.526433
1780456781,170.508279
1780456781,215.322274
1780456781,216.011005
1780456781,173.472569
1780456781,216.863332
1780456781,170.071504
1780456781,214.645550
1780456781,170.257762
1780456781,170.677314
1780456781,185.966602
1780456781,172.805159
1780456781,172.906163
1780456781,174.209480
1780456781,176.421249
1780456781,175.429026
1780456781,205.444998
1780456781,175.651555
1780456781,205.703699
1780456781,205.683501
1780456781,177.994692
1780456781,218.078837
1780456781,221.189452
1780456781,176.958869
1780456781,206.808424
1780456781,222.313836
1780456781,176.929783
1780456781,218.345967
1780456781,178.491742
1780456781,225.810130
1780456781,186.362259
1780456781,220.523840
1780456781,219.143283
1780456781,181.924309
1780456781,230.401751
1780456781,210.024054
1780456781,185.648252
1780456781,231.347557
1780456781,211.106177
1780456781,212.775734
1780456781,236.079474
1780456781,222.482605
1780456781,203.708269
1780456781,238.861604
1780456781,227.120369
1780456781,185.082198
1780456781,227.815869
1780456781,224.791558
1780456781,217.778334
1780456781,198.089890
1780456781,226.095265
1780456781,198.890096
1780456781,199.597687
1780456781,209.969404
1780456781,210.218520
1780456781,210.626877
1780456781,220.375409
1780456781,230.969629
1780456781,231.287997
1780456781,195.002358
1780456781,230.677930
1780456781,176.977024
1780456781,230.886353
1780456781,208.101737
1780456781,210.073882
1780456781,233.192103
1780456781,177.839162
1780456781,229.136151
1780456781,178.354892
1780456781,178.608881
1780456781,231.639292
1780456781,185.063774
1780456781,234.728076
1780456781,193.575573
1780456781,188.616932
1780456781,188.915552
1780456781,219.066762
1780456781,241.676521
1780456781,236.493229
1780456781,190.811488
1780456781,213.012418
1780456781,238.021592
1780456781,194.599199
1780456781,213.387188
1780456781,188.663938
1780456781,222.453929
1780456781,181.749085
1780456781,184.109843
1780456781,246.087782
1780456781,246.205080
1780456781,260.330022
1780456781,222.818860
1780456781,234.924499
1780456781,237.745103
1780456781,219.524136
1780456781,201.608012
1780456781,253.151813
1780456781,236.488504
1780456781,240.414157
1780456781,220.072409
1780456781,226.732790
1780456781,258.804543
1780456781,240.758826
1780456781,223.792597
1780456781,247.515370
1780456781,194.236732
1780456781,225.684260
1780456781,215.731024
1780456781,223.557343
1780456781,212.249090
1780456781,232.117936
1780456781,201.034936
1780456781,224.270263
1780456781,225.832773
1780456781,202.959165
1780456781,226.204178
1780456781,238.070353
1780456781,214.329785
1780456781,239.537881
1780456781,240.488359
1780456781,253.861872
1780456781,242.941940
1780456781,207.504540
1780456781,254.531679
1780456781,218.573178
1780456781,227.488230
1780456781,207.892594
1780456781,229.426193
1780456781,237.124102
1780456781,208.255985
1780456781,208.698233
1780456781,209.071426
1780456781,205.603025
1780456781,230.564650
1780456781,234.896290
1780456781,255.662868
1780456781,242.033471
1780456781,206.973128
1780456781,234.395823
1780456781,258.498568
1780456781,238.208767
1780456781,210.110350
1780456781,232.978291
1780456781,241.103126
1780456781,233.497280
1780456781,260.197451
1780456781,239.283653
1780456781,233.992345
1780456781,241.529972
1780456781,263.111623
1780456781,239.988213
1780456781,260.440237
1780456781,247.090035
1780456781,261.881442
1780456781,217.423717
1780456781,262.765078
1780456781,235.569887
1780456781,209.378883
1780456781,218.289332
1780456781,265.154231
1780456781,249.919016
1780456781,199.318746
1780456781,255.501661
1780456781,264.908217
1780456781,250.969125
1780456781,238.717968
1780456781,222.864543
1780456781,246.502268
1780456781,224.539266
1780456781,251.786329
1780456781,255.669251
1780456781,267.385548
1780456781,245.292838
1780456781,256.193313
1780456781,240.527749
1780456781,227.919021
1780456781,213.756858
1780456781,269.636594
1780456781,229.298763
1780456781,270.644712
1780456781,229.642537
1780456781,247.450040
1780456781,231.041328
1780456781,221.753530
1780456781,249.292504
1780456781,229.761891
1780456781,249.099658
1780456781,232.049557
1780456781,232.190642
1780456781,249.505366
1780456781,232.499958
1780456781,231.248321
1780456781,231.515101
1780456781,235.094351
1780456781,252.054456
1780456781,252.195206
1780456781,233.600718
1780456781,233.885824
1780456781,252.596179
1780456781,255.132439
1780456781,238.397062
1780456781,255.622728
1780456781,236.199884
1780456781,255.566020
1780456781,256.156849
1780456781,236.776387
1780456781,256.320327
1780456781,241.483071
1780456781,256.565913
1780456781,256.686983
1780456781,241.799784
1780456781,256.680779
1780456781,242.033591
1780456781,257.258205
1780456781,242.409135
1780456781,257.477683
1780456781,240.187452
1780456781,257.674648
1780456781,240.640209
1780456781,240.633273
1780456781,257.619621
1780456781,257.751714
1780456781,249.861041
1780456781,212.046954
1780456781,204.352002
1780456781,204.549702
1780456781,202.669984
1780456781,204.692229
1780456781,227.234072
1780456781,204.887562
1780456781,260.229264
1780456781,205.085110
1780456781,260.436372
1780456781,223.392645
1780456781,225.588540
1780456781,263.744972
1780456781,205.352555
1780456781,205.800196
1780456781,205.571172
1780456781,235.698866
1780456781,238.670285
1780456781,226.085984
1780456781,226.003763
1780456781,232.137331
1780456781,232.436617
1780456781,226.644171
1780456781,233.975466
1780456781,226.829878
1780456781,234.143300
1780456781,235.841399
1780456781,233.946999
1780456781,236.333089
1780456781,236.634269
1780456781,235.735520
1780456781,236.651798
1780456781,235.852520
1780456781,226.975990
1780456781,226.351027
1780456781,236.036548
1780456781,236.161807
1780456781,275.349132
1780456781,278.038950
1780456781,234.500176
1780456781,234.683722
1780456781,234.748989
1780456781,251.975773
1780456781,236.515814
1780456781,237.064291
1780456781,239.960054
1780456781,238.863780
1780456781,241.463335
1780456781,241.501615
1780456781,241.640863
1780456781,242.383378
1780456781,242.604228
1780456781,264.899719
1780456781,253.863075
1780456781,252.729541
1780456781,265.267043
1780456781,253.634842
1780456781,254.554951
1780456781,261.617139
1780456781,255.142256
1780456781,256.316526
1780456781,256.599842
1780456781,243.244206
1780456781,244.896289
1780456781,236.362539
1780456781,209.068504
1780456781,246.930480
1780456781,273.767295
1780456781,274.630520
1780456781,274.945876
1780456781,229.979106
1780456781,276.177607
1780456781,276.969840
1780456781,230.290107
1780456781,256.453254
1780456781,261.443300
1780456781,240.011997
1780456781,262.043444
1780456781,283.480317
1780456781,282.977492
1780456781,262.576016
1780456781,269.952888
1780456781,264.758079
1780456781,284.524179
1780456781,237.185789
1780456781,258.136189
1780456781,257.940233
1780456781,258.044776
1780456781,225.497503
1780456781,239.436161
1780456781,211.415488
1780456781,242.009176
1780456781,246.850730
1780456781,269.766850
1780456781,252.508702
1780456781,255.028041
1780456781,260.739576
1780456781,252.926364
1780456781,262.359638
1780456781,256.530790
1780456781,234.969114
1780456781,258.656529
1780456781,264.733856
1780456781,251.257347
1780456781,264.248438
1780456781,254.032729
1780456781,266.584255
1780456781,271.680704
1780456781,213.996913
1780456781,271.942217
1780456781,265.543758
1780456781,252.506314
1780456781,267.168253
1780456781,262.791138
1780456781,266.611884
1780456781,253.034808
1780456781,215.110201
1780456781,264.424197
1780456781,270.136398
1780456781,273.329193
1780456781,273.656724
1780456781,273.569725
1780456781,274.486899
1780456781,264.958869
1780456781,245.728711
1780456781,240.033309
1780456781,275.664701
1780456781,255.533040
1780456781,259.148986
1780456781,244.367581
1780456781,248.207851
1780456781,275.104294
1780456781,275.777098
1780456781,264.324535
1780456781,276.033414
1780456781,241.785700
1780456781,276.205053
1780456781,270.864455
1780456781,266.628402
1780456781,242.083439
1780456781,244.128448
1780456781,268.591476
1780456781,272.688961
1780456781,272.680161
1780456781,269.211012
1780456781,284.416207
1780456781,248.515446
1780456781,263.415738
1780456781,243.156555
1780456781,248.839165
1780456781,250.301778
1780456781,248.250054
1780456781,251.732455
1780456781,294.212444
1780456781,271.535548
1780456781,248.515555
1780456781,235.761474
1780456781,295.037589
1780456781,271.515644
1780456781,248.813593
1780456781,273.478821
1780456781,249.166386
1780456781,273.309218
1780456781,261.980787
1780456781,250.280993
1780456781,271.874811
1780456781,227.612368
1780456781,273.062025
1780456781,234.371923
1780456781,274.068971
1780456781,274.016460
1780456781,222.336882
1780456781,274.596652
1780456781,242.859612
1780456781,247.111181
1780456781,222.923782
1780456781,277.439810
1780456781,224.872623
1780456781,260.349553
1780456781,230.121425
1780456781,248.071329
1780456781,224.082337
1780456781,248.590306
1780456781,213.783938
1780456781,252.311251
1780456781,226.563449
1780456781,271.173029
1780456781,234.372089
1780456781,288.221757
1780456781,251.430549
1780456781,268.910029
1780456781,232.339973
1780456781,292.341960
1780456781,251.954854
1780456781,289.632868
1780456781,237.940264
1780456781,292.211972
1780456781,250.635048
1780456781,271.869598
1780456781,210.855436
1780456781,257.939915
1780456781,248.488484
1780456781,294.340887
1780456781,254.447004
1780456781,215.163770
1780456781,211.652947
1780456781,224.774496
1780456781,255.324429
1780456781,221.273362
1780456781,279.758856
1780456781,295.626152
1780456781,230.097041
1780456781,274.661697
1780456781,230.374791
1780456781,260.061481
1780456781,213.151443
1780456781,261.472668
1780456781,246.748086
1780456781,275.270594
1780456781,238.209772
1780456781,297.873775
1780456781,235.915659
1780456781,257.281270
1780456781,285.601105
1780456781,214.412265
1780456781,257.947792
1780456781,265.033885
1780456781,216.407566
1780456781,262.345016
1780456781,216.991435
1780456781,278.461698
1780456781,240.659923
1780456781,266.417497
1780456781,219.891246
1780456781,252.072867
1780456781,241.462194
1780456781,261.620367
1780456781,270.679772
1780456781,242.313116
1780456781,263.284576
1780456781,242.769064
1780456781,233.424750
1780456781,261.647904
1780456781,273.824939
1780456781,236.899157
1780456781,243.194313
1780456781,280.901710
1780456781,269.895754
1780456781,235.588972
1780456781,263.646534
1780456781,235.664364
1780456781,274.190828
1780456781,281.051130
1780456781,243.382835
1780456781,282.038243
1780456781,243.405608
1780456781,275.848065
1780456781,275.828317
1780456781,237.164974
1780456781,243.537327
1780456781,263.726153
1780456781,276.259125
1780456781,282.225439
1780456781,240.310503
1780456781,243.651296
1780456781,276.699400
1780456781,226.358052
1780456781,264.099171
1780456781,276.696506
1780456781,240.034957
1780456781,248.546810
1780456781,264.436219
1780456781,258.807243
1780456781,248.657924
1780456781,264.348531
1780456781,241.103644
1780456781,276.908858
1780456781,276.349904
1780456781,251.073050
1780456781,276.735592
1780456781,252.243516
1780456781,264.653747
1780456781,276.765979
1780456781,272.558987
1780456781,276.854405
1780456781,236.279291
1780456781,276.948110
1780456781,236.350666
1780456781,252.511297
1780456781,236.401226
1780456781,223.995657
1780456781,236.645056
1780456781,272.754702
1780456781,236.514516
1780456781,254.520785
1780456781,252.627777
1780456781,244.029354
1780456781,254.581732
1780456781,250.375583
1780456781,272.899799
1780456781,254.728352
1780456781,224.087434
1780456781,254.782517
1780456781,254.901172
1780456781,255.105451
1780456781,274.108007
1780456781,262.503122
1780456781,254.793274
1780456781,241.748517
1780456781,274.191346
1780456781,201.854080
1780456781,259.482490
1780456781,264.642639
1780456781,265.261454
1780456781,250.577719
1780456781,279.959113
1780456781,277.482540
1780456781,259.722569
1780456781,264.775014
1780456781,264.647728
1780456781,284.230415
1780456781,275.500208
1780456781,250.804367
1780456781,224.566138
1780456781,250.715709
1780456781,275.359490
1780456781,248.442757
1780456781,264.965424
1780456781,259.925795
1780456781,242.110756
1780456781,265.444479
1780456781,265.162180
1780456781,275.757769
1780456781,284.605971
1780456781,260.032688
1780456781,284.792037
1780456781,224.834850
1780456781,271.623781
1780456781,276.023254
1780456781,255.668981
1780456781,277.710376
1780456781,225.099283
1780456781,248.714880
1780456781,276.195208
1780456781,267.169611
1780456781,256.015269
1780456781,251.168556
1780456781,279.400077
1780456781,287.183457
1780456781,225.402796
1780456781,285.197720
1780456781,279.372603
1780456781,288.209300
1780456781,279.438147
1780456781,225.296236
1780456781,268.549686
1780456781,225.519058
1780456781,276.311131
1780456781,261.805095
1780456781,282.628589
1780456781,262.132781
1780456781,284.216433
1780456781,262.317031
1780456781,262.417848
1780456781,284.216262
1780456781,281.599965
1780456781,268.809466
1780456781,282.924965
1780456781,285.328100
1780456781,273.523550
1780456781,276.612184
1780456781,282.924500
1780456781,225.657715
1780456781,225.610490
1780456781,264.080143
1780456781,228.555440
1780456781,237.195885
1780456781,225.782429
1780456781,271.146854
1780456781,203.409033
1780456781,275.599762
1780456781,219.177157
1780456781,235.415212
1780456781,276.832971
1780456781,203.186227
1780456781,265.625775
1780456781,265.783328
1780456781,226.005816
1780456781,203.321627
1780456781,217.110118
1780456781,262.377353
1780456781,248.545250
1780456781,277.031927
1780456781,219.309664
1780456781,129.188557
1780456781,128.995545
1780456781,266.311621
1780456781,141.974809
1780456781,201.177137
1780456781,222.564097
1780456781,117.943672
1780456781,131.068361
1780456781,207.768498
1780456781,130.708309
1780456781,207.466157
1780456781,223.810112
1780456781,202.377585
1780456781,202.393065
1780456781,142.200446
1780456781,250.030101
1780456781,117.412500
1780456781,145.323968
1780456781,268.201060
1780456781,131.347860
1780456781,210.434235
1780456781,118.620566
1780456781,212.012764
1780456781,118.704327
1780456781,224.033745
1780456781,118.815377
1780456781,213.290317
1780456781,133.211665
1780456781,211.375399
1780456781,133.652203
1780456781,222.818017
1780456781,215.969261
1780456781,118.994440
1780456781,226.602441
1780456781,134.884259
1780456781,145.903063
1780456781,252.733296
1780456781,204.120280
1780456781,132.302441
1780456781,135.393588
1780456781,252.843299
1780456781,132.206157
1780456781,234.661195
1780456781,146.217601
1780456781,237.268261
1780456781,144.784749
1780456781,279.106928
1780456781,147.530896
1780456781,204.397795
1780456781,124.793194
1780456781,263.295873
1780456781,138.821814
1780456781,204.472999
1780456781,122.492428
1780456781,263.900650
1780456781,135.932993
1780456781,204.593435
1780456781,140.899056
1780456781,216.445048
1780456781,122.853667
1780456781,253.068511
1780456781,141.282850
1780456781,254.369013
1780456781,156.612078
1780456781,257.465102
1780456781,143.699839
1780456781,220.569635
1780456781,123.304241
1780456781,219.201068
1780456781,220.481328
1780456781,141.473825
1780456781,123.544382
1780456781,220.468115
1780456781,148.007024
1780456781,123.799080
1780456781,222.022419
1780456781,124.005664
1780456781,222.385663
1780456781,142.179235
1780456781,220.760835
1780456781,255.864641
1780456781,223.798612
1780456781,257.941476
1780456781,119.596669
1780456781,223.885048
1780456781,223.810581
1780456781,223.818265
1780456781,220.823331
1780456781,203.298030
1780456781,258.442361
1780456781,230.446265
1780456781,258.655372
1780456781,230.557667
1780456781,230.657233
1780456781,264.039778
1780456781,230.688370
1780456781,266.158870
1780456781,230.799925
1780456781,203.958971
1780456781,230.874471
1780456781,222.835350
1780456781,203.235716
1780456781,264.593577
1780456781,231.942571
1780456781,203.530783
1780456781,264.733193
1780456781,208.774011
1780456781,232.048804
1780456781,205.209743
1780456781,232.060214
1780456781,208.407337
1780456781,248.045763
1780456781,212.063583
1780456781,232.205714
1780456781,214.834973
1780456781,268.605604
1780456781,210.489555
1780456781,251.744599
1780456781,203.683756
1780456781,213.038601
1780456781,223.134108
1780456781,214.675205
1780456781,215.079457
1780456781,215.105523
1780456781,226.830866
1780456781,211.313782
1780456781,238.029526
1780456781,245.583806
1780456781,169.028706
1780456781,253.135657
1780456781,213.950911
1780456781,271.549766
1780456781,221.697985
1780456781,248.074538
1780456781,214.675454
1780456781,164.124647
1780456781,224.665607
1780456781,253.323430
1780456781,223.611998
1780456781,266.830944
1780456781,223.640546
1780456781,254.629455
1780456781,231.575486
1780456781,254.727476
1780456781,228.625239
1780456781,224.994943
1780456781,231.481552
1780456781,225.079338
1780456781,224.944010
1780456781,238.530971
1780456781,231.611119
1780456781,219.280405
1780456781,226.277263
1780456781,239.320765
1780456781,231.680856
1780456781,241.241632
1780456781,225.147658
1780456781,219.943247
1780456781,228.691635
1780456781,241.318698
1780456781,231.854392
1780456781,222.014434
1780456781,231.987896
1780456781,241.158809
1780456781,209.011024
1780456781,241.350972
1780456781,189.780306
1780456781,220.968344
1780456781,211.509209
1780456781,239.133643
1780456781,217.214782
1780456781,222.246145
1780456781,196.001402
1780456781,259.519714
1780456781,214.174322
1780456781,260.288646
1780456781,260.289667
1780456781,196.397700
1780456781,277.671949
1780456781,216.085017
1780456781,279.860696
1780456781,218.600889
1780456781,259.909010
1780456781,221.218132
1780456781,280.431913
1780456781,221.270552
1780456781,221.269757
1780456781,280.376265
1780456781,260.225122
1780456781,260.265036
1780456781,260.395956
1780456781,169.169676
1780456781,280.602398
1780456781,186.051350
1780456781,260.379973
1780456781,174.682448
1780456781,282.330020
1780456781,174.260083
1780456781,171.733159
1780456781,245.926435
1780456781,175.250640
1780456781,185.954218
1780456781,222.989417
1780456781,175.480403
1780456781,260.832210
1780456781,172.250155
1780456781,172.475156
1780456781,186.185097
1780456781,172.906494
1780456781,173.714854
1780456781,173.196486
1780456781,173.950947
1780456781,181.213025
1780456781,174.124797
1780456781,174.841667
1780456781,193.979226
1780456781,205.542937
1780456781,207.642215
1780456781,190.994252
1780456781,216.979775
1780456781,190.558157
1780456781,194.262717
1780456781,205.827358
1780456781,191.408606
1780456781,217.301960
1780456781,191.069131
1780456781,148.342771
1780456781,206.143091
1780456781,192.518237
1780456781,206.269359
1780456781,208.304320
1780456781,261.695463
1780456781,198.118660
1780456781,284.075551
1780456781,206.394389
1780456781,265.675791
1780456781,284.204444
1780456781,206.494290
1780456781,241.543464
1780456781,193.020211
1780456781,199.996356
1780456781,194.709191
1780456781,223.948177
1780456781,224.067908
1780456781,207.168588
1780456781,224.265367
1780456781,206.623573
1780456781,167.100657
1780456781,167.604929
1780456781,167.893236
1780456781,200.310516
1780456781,166.756524
1780456781,203.719267
1780456781,167.395633
1780456781,208.566799
1780456781,167.613763
1780456781,167.992377
1780456781,167.345886
1780456781,167.646500
1780456781,168.316224
1780456781,169.395171
1780456781,168.737693
1780456781,168.492051
1780456781,176.011417
1780456781,167.492013
1780456781,179.744234
1780456781,169.064065
1780456781,169.310240
1780456781,170.897481
1780456781,275.126651
1780456781,169.566168
1780456781,194.386184
1780456781,178.126850
1780456781,170.717681
1780456781,180.403471
1780456781,170.047398
1780456781,225.249359
1780456781,169.108475
1780456781,263.068268
1780456781,167.366644
1780456781,249.435505
1780456781,186.244866
1780456781,225.473865
1780456781,195.207726
1780456781,263.183219
1780456781,284.659886
1780456781,186.651776
1780456781,263.124610
1780456781,167.770380
1780456781,263.117092
1780456781,191.449447
1780456781,285.375944
1780456781,195.378633
1780456781,171.559957
1780456781,224.300367
1780456781,201.380395
1780456781,219.167092
1780456781,201.568599
1780456781,194.960256
1780456781,209.763590
1780456781,182.646834
1780456781,207.438213
1780456781,189.385431
1780456781,216.280891
1780456781,150.417482
1780456781,184.573406
1780456781,142.248325
1780456781,182.470623
1780456781,144.968913
1780456781,181.735182
1780456781,171.785455
1780456781,187.549567
1780456781,151.783541
1780456781,183.109165
1780456781,149.882721
1780456781,191.256048
1780456781,167.189785
1780456781,173.301926
1780456781,183.294893
1780456781,171.344423
1780456781,135.488671
1780456781,172.408015
1780456781,185.750796
1780456781,151.745428
1780456781,175.305621
1780456781,173.787973
1780456781,192.918872
1780456781,183.901999
1780456781,173.230850
1780456781,151.960785
1780456781,176.572951
1780456781,186.099428
1780456781,188.194675
1780456781,152.851642
1780456781,145.980682
1780456781,192.767119
1780456781,152.459811
1780456781,193.360204
1780456781,194.364085
1780456781,149.313402
1780456781,195.037694
1780456781,200.977867
1780456781,202.273142
1780456781,174.383209
1780456781,186.663574
1780456781,178.943126
1780456781,201.529623
1780456781,146.083019
1780456781,201.666098
1780456781,141.895175
1780456781,187.011997
1780456781,146.566553
1780456781,187.376889
1780456781,137.549101
1780456781,202.747382
1780456781,139.792527
1780456781,174.413488
1780456781,202.889628
1780456781,147.363403
1780456781,172.394634
1780456781,188.668772
1780456781,172.165738
1780456781,180.395892
1780456781,154.399292
1780456781,206.493940
1780456781,183.518447
1780456781,189.263425
1780456781,150.046077
1780456781,149.787643
1780456781,189.783337
1780456781,206.652189
1780456781,154.566983
1780456781,196.214425
1780456781,149.187054
1780456781,211.371912
1780456781,132.634470
1780456781,211.567171
1780456781,193.109614
1780456781,191.329012
1780456781,131.409256
1780456781,211.708007
1780456781,131.047961
1780456781,211.876593
1780456781,150.028275
1780456781,191.722020
1780456781,131.862850
1780456781,209.852462
1780456781,132.688210
1780456781,211.883573
1780456781,133.355437
1780456781,143.942793
1780456781,192.133190
1780456781,135.423273
1780456781,208.098984
1780456781,163.830810
1780456781,192.625299
1780456781,136.896442
1780456781,166.222097
1780456781,126.480362
1780456781,174.991269
1780456781,126.636651
1780456781,197.952522
1780456781,174.572167
1780456781,175.570301
1780456781,193.925729
1780456781,210.060484
1780456781,177.704911
1780456781,194.269350
1780456781,148.097117
1780456781,210.482713
1780456781,175.412292
1780456781,126.473025
1780456781,173.694352
1780456781,174.923153
1780456781,191.422253
1780456781,144.180603
1780456781,179.151460
1780456781,135.943866
1780456781,178.533967
1780456781,144.284348
1780456781,196.391766
1780456781,178.172291
1780456781,135.415929
1780456781,131.981147
1780456781,175.882282
1780456781,181.152050
1780456781,136.682306
1780456781,136.840626
1780456781,118.081186
1780456781,132.274879
1780456781,191.931932
1780456781,132.914091
1780456781,197.650102
1780456781,133.239473
1780456781,180.608176
1780456781,132.633327
1780456781,192.078167
1780456781,134.051640
1780456781,181.868593
1780456781,144.375261
1780456781,197.695233
1780456781,134.709076
1780456781,197.899370
1780456781,144.543684
1780456781,144.063095
1780456781,135.080366
1780456781,152.250042
1780456781,141.278939
1780456781,176.487801
1780456781,144.721862
1780456781,143.450885
1780456781,134.511844
1780456781,144.991161
1780456781,135.605125
1780456781,145.064837
1780456781,282.298023
1780456781,136.308159
1780456781,247.812247
1780456781,136.868428
1780456781,145.024745
1780456781,141.770373
1780456781,124.943486
1780456781,154.843862
1780456781,134.015273
1780456781,143.934131
1780456781,131.469780
1780456781,142.216180
1780456781,144.174552
1780456781,127.097425
1780456781,144.084858
1780456781,131.826970
1780456781,144.397083
1780456781,144.983455
1780456781,144.492246
1780456781,119.569204
1780456781,188.660929
1780456781,120.416533
1780456781,144.761282
1780456781,121.178685
1780456781,165.449361
1780456781,122.268151
1780456781,144.889407
1780456781,119.451760
1780456781,194.834340
1780456781,125.640574
1780456781,205.151916
1780456781,145.307877
1780456781,179.923086
1780456781,138.179763
1780456781,137.996114
1780456781,138.183612
1780456781,138.870551
1780456781,127.722111
1780456781,140.226229
1780456781,128.016829
1780456781,140.096579
1780456781,126.367064
1780456781,126.963564
1780456781,127.934771
1780456781,140.651366
1780456781,124.288454
1780456781,117.821524
1780456781,118.432159
1780456781,143.000694
1780456781,105.937955
1780456781,123.507833
1780456781,123.870713
1780456781,125.372188
1780456781,124.231700
1780456781,125.606669
1780456781,125.367466
1780456781,128.297258
1780456781,128.549312
1780456781,128.832106
1780456781,142.181202
1780456781,128.710500
1780456781,128.176475
1780456781,128.046724
1780456781,112.692331
1780456781,114.587010
1780456781,141.753446
1780456781,129.291311
1780456781,129.514097
1780456781,142.950732
1780456781,113.167664
1780456781,116.333994
1780456781,141.853375
1780456781,115.927044
1780456781,116.842128
1780456781,142.165060
1780456781,114.492257
1780456781,118.717869
1780456781,143.073105
1780456781,117.326378
1780456781,119.818680
1780456781,130.251663
1780456781,120.127600
1780456781,138.995175
1780456781,123.310663
1780456781,138.394036
1780456781,117.013214
1780456781,118.553987
1780456781,123.223065
1780456781,143.684110
1780456781,123.717520
1780456781,143.160842
1780456781,118.378209
1780456781,123.572610
1780456781,130.405435
1780456781,125.776403
1780456781,119.384015
1780456781,117.926467
1780456781,140.520362
1780456781,104.535969
1780456781,142.604735
1780456781,113.634935
1780456781,106.156360
1780456781,106.383846
1780456781,104.410695
1780456781,105.006279
1780456781,105.305704
1780456781,105.568641
1780456781,104.602530
1780456781,105.793410
1780456781,115.701229
1780456781,114.813020
1780456781,115.076777
1780456781,113.566294
1780456781,142.735576
1780456781,111.442152
1780456781,131.508213
1780456781,136.615959
1780456781,110.003772
1780456781,112.777909
1780456781,110.912436
1780456781,113.507763
1780456781,103.815179
1780456781,125.263998
1780456781,125.898657
1780456781,155.055037
1780456781,127.805912
1780456781,113.337690
1780456781,108.919725
1780456781,109.924805
1780456781,131.793635
1780456781,136.453605
1780456781,125.299528
1780456781,110.094852
1780456781,114.781285
1780456781,132.128684
1780456781,155.831897
1780456781,107.635649
1780456781,111.647410
1780456781,110.202249
1780456781,126.804615
1780456781,140.063649
1780456781,129.834012
1780456781,108.273415
1780456781,157.565724
1780456781,105.911637
1780456781,105.328060
1780456781,126.922266
1780456781,129.200418
1780456781,157.667390
1780456781,106.502106
1780456781,128.967173
1780456781,107.340049
1780456781,127.197055
1780456781,127.308786
1780456781,128.019549
1780456781,136.816920
1780456781,133.104665
1780456781,157.193474
1780456781,127.226258
1780456781,138.922493
1780456781,115.750766
1780456781,105.593689
1780456781,110.625955
1780456781,133.036079
1780456781,106.413949
1780456781,122.066474
1780456781,104.976127
1780456781,105.586471
1780456781,120.207647
1780456781,112.029218
1780456781,119.414375
1780456781,143.239556
1780456781,107.307339
1780456781,107.444849
1780456781,120.441994
1780456781,120.263303
1780456781,107.258016
1780456781,118.260247
1780456781,106.504013
1780456781,106.475012
1780456781,119.645896
1780456781,121.192220
1780456781,135.353149
1780456781,107.566646
1780456781,119.404150
1780456781,108.034930
1780456781,113.835892
1780456781,106.675487
1780456781,106.714277
1780456781,135.548972
1780456781,106.726184
1780456781,112.591836
1780456781,105.983437
1780456781,112.531549
1780456781,132.282517
1780456781,122.446211
1780456781,132.472841
1780456781,107.573774
1780456781,109.420250
1780456781,107.883116
1780456781,132.780786
1780456781,106.655682
1780456781,112.437876
1780456781,107.399939
1780456781,133.302582
1780456781,107.077691
1780456781,109.041040
1780456781,109.069790
1780456781,109.149039
1780456781,108.377387
1780456781,125.508395
1780456781,102.908422
1780456781,109.721596
1780456781,109.446296
1780456781,109.361639
1780456781,117.131185
1780456781,109.576818
1780456781,126.790370
1780456781,127.198654
1780456781,150.639848
1780456781,104.222050
1780456781,102.785631
1780456781,147.953717
1780456781,102.497808
1780456781,103.797542
1780456781,102.913293
1780456781,132.051517
1780456781,149.179332
1780456781,103.930794
1780456781,103.269677
1780456781,117.058848
1780456781,103.540757
1780456781,145.454373
1780456781,103.665134
1780456781,150.462740
1780456781,104.789329
1780456781,106.773299
1780456781,106.687274
1780456781,106.753408
1780456781,107.005714
1780456781,106.766947
1780456781,107.523735
1780456781,150.811949
1780456781,106.133806
1780456781,108.002701
1780456781,105.123261
1780456781,119.380517
1780456781,107.792377
1780456781,104.882923
1780456781,104.944903
1780456781,104.403230
1780456781,104.581523
1780456781,151.386801
1780456781,104.302823
1780456781,109.039326
1780456781,106.776456
1780456781,110.528275
1780456781,111.021203
1780456781,110.697716
1780456781,154.939540
1780456781,111.042003
1780456781,110.984776
1780456781,154.843370
1780456781,110.128673
1780456781,111.338318
1780456781,111.045651
1780456781,110.803418
1780456781,152.669151
1780456781,111.620441
1780456781,153.392779
1780456781,112.151828
1780456781,111.461650
1780456781,111.576722
1780456781,111.283810
1780456781,112.399498
1780456781,124.849512
1780456781,104.496417
1780456781,103.861507
1780456781,112.794954
1780456781,111.822997
1780456781,110.873107
1780456781,104.643596
1780456781,104.650025
1780456781,102.460880
1780456781,104.595477
1780456781,102.423950
1780456781,112.521135
1780456781,129.748543
1780456781,112.026243
1780456781,104.515847
1780456781,104.166876
1780456781,112.161195
1780456781,105.051806
1780456781,102.788763
1780456781,103.296898
1780456781,102.539868
1780456781,112.233388
1780456781,104.239676
1780456781,103.167453
1780456781,114.795408
1780456781,110.966698
1780456781,110.782450
1780456781,103.783722
1780456781,109.813066
1780456781,103.650107
1780456781,103.787734
1780456781,104.595406
1780456781,103.450813
1780456781,113.072065
1780456781,109.905860
1780456781,109.893657
1780456781,105.967698
1780456781,110.454899
1780456781,106.211047
1780456781,109.736380
1780456781,106.006166
1780456781,106.962561
1780456781,110.835168
1780456781,107.247965
1780456781,106.282587
1780456781,106.160242
1780456781,106.499121
1780456781,108.856752
1780456781,104.011589
1780456781,108.080034
1780456781,106.361539
1780456781,106.543558
1780456781,107.691242
1780456781,103.989257
1780456781,111.630815
1780456781,103.141020
1780456781,103.015257
1780456781,105.555642
1780456781,127.095230
1780456781,125.621051
1780456781,126.122043
1780456781,111.833896
1780456781,123.615987
1780456781,119.821498
1780456781,124.328918
1780456781,123.642890
1780456781,124.697572
1780456781,124.695177
1780456781,127.846266
1780456781,130.077562
1780456781,139.058894
1780456781,139.142121
1780456781,119.760706
1780456781,128.489906
1780456781,107.708970
1780456781,107.815891
1780456781,109.050062
1780456781,111.720851
1780456781,143.036936
1780456781,143.087116
1780456781,133.898139
1780456781,113.940900
1780456781,106.384237
1780456781,106.101395
1780456781,114.343728
1780456781,129.000805
1780456781,105.743013
1780456781,115.149670
1780456781,136.229253
1780456781,115.285357
1780456781,135.296205
1780456781,136.482030
1780456781,137.339500
1780456781,137.560678
1780456781,137.967127
1780456781,137.071963
1780456781,116.208976
1780456781,108.276395
1780456781,112.001671
1780456781,133.924305
1780456781,137.688224
1780456781,149.349404
1780456781,111.011944
1780456781,118.333697
1780456781,105.861241
1780456781,118.044403
1780456781,141.813505
1780456781,105.667469
1780456781,106.359360
1780456781,141.979560
1780456781,141.840887
1780456781,114.049267
1780456781,112.767022
1780456781,151.835674
1780456781,151.819859
1780456781,119.403255
1780456781,112.777966
1780456781,111.823270
1780456781,107.986746
1780456781,111.907774
1780456781,112.731425
1780456781,109.960849
1780456781,112.661004
1780456781,119.088324
1780456781,108.057025
1780456781,109.294468
1780456781,120.023567
1780456781,108.816834
1780456781,109.433997
1780456781,128.093355
1780456781,109.805507
1780456781,120.410853
1780456781,119.896959
1780456781,130.157982
1780456781,128.791310
1780456781,115.177075
1780456781,120.891032
1780456781,118.028509
1780456781,129.189370
1780456781,119.709378
1780456781,137.844321
1780456781,137.844101
1780456781,114.446632
1780456781,117.104063
1780456781,116.428645
1780456781,116.391164
1780456781,115.981411
1780456781,115.608631
1780456781,106.129897
1780456781,116.126012
1780456781,113.648907
1780456781,105.019219
1780456781,107.502848
1780456781,117.130253
1780456781,118.968332
1780456781,105.104572
1780456781,119.075978
1780456781,108.816329
1780456781,105.274948
1780456781,111.018274
1780456781,126.569170
1780456781,126.103306
1780456781,114.787049
1780456781,108.849242
1780456781,127.124679
1780456781,135.004383
1780456781,134.752875
1780456781,122.948900
1780456781,135.513761
1780456781,113.729731
1780456781,123.395193
1780456781,132.589861
1780456781,135.997152
1780456781,132.425151
1780456781,136.183205
1780456781,126.317889
1780456781,127.584525
1780456781,126.315998
1780456781,127.735824
1780456781,134.743166
1780456781,126.144848
1780456781,127.286058
1780456781,128.663271
1780456781,128.387316
1780456781,128.321103
1780456781,136.054469
1780456781,126.878248
1780456781,129.652002
1780456781,129.150262
1780456781,116.073235
1780456781,121.920538
1780456781,120.057967
1780456781,121.537068
1780456781,129.314194
1780456781,118.870250
1780456781,120.184150
1780456781,113.104728
1780456781,113.084734
1780456781,138.900131
1780456781,137.726230
1780456781,156.257302
1780456781,154.378559
1780456781,156.037256
1780456781,128.212472
1780456781,119.954305
1780456781,137.742663
1780456781,126.681174
1780456781,145.032457
1780456781,110.999863
1780456781,110.356376
1780456781,114.094926
1780456781,149.974457
1780456781,151.368818
1780456781,115.584300
1780456781,122.472833
1780456781,152.826974
1780456781,132.386363
1780456781,131.809503
1780456781,136.438204
1780456781,137.863582
1780456781,136.828399
1780456781,136.759143
1780456781,136.919969
1780456781,132.593698
1780456781,136.992939
1780456781,128.810506
1780456781,130.013655
1780456781,129.292609
1780456781,125.975466
1780456781,132.734022
1780456781,125.770030
1780456781,128.199710
1780456781,132.353599
1780456781,132.409653
1780456781,156.222744
1780456781,145.271282
1780456781,129.085962
1780456781,129.086974
1780456781,127.169331
1780456781,129.188619
1780456781,105.048501
1780456781,146.345619
1780456781,146.837719
1780456781,110.556508
1780456781,145.747050
1780456781,125.005002
1780456781,147.479208
1780456781,126.659893
1780456781,119.353163
1780456781,112.820893
1780456781,127.646086
1780456781,129.843194
1780456781,126.487600
1780456781,123.032077
1780456781,130.263797
1780456782,143.773433
1780456782,139.387156
1780456782,143.913486
1780456782,145.397728
1780456782,145.495314
1780456782,145.428931
1780456782,143.996944
1780456782,145.157758
1780456782,131.828937
1780456782,138.039289
1780456782,132.097380
1780456782,138.212095
1780456782,131.017244
1780456782,131.221402
1780456782,132.241581
1780456782,139.875104
1780456782,132.232378
1780456782,114.633517
1780456782,110.732651
1780456782,121.421694
1780456782,131.411505
1780456782,133.497907
1780456782,110.917979
1780456782,122.385617
1780456782,122.477217
1780456782,128.906438
1780456782,117.269525
1780456782,121.561967
1780456782,135.298980
1780456782,125.313486
1780456782,133.699570
1780456782,110.599288
1780456782,119.338334
1780456782,119.296230
1780456782,119.409860
1780456782,104.515284
1780456782,107.523954
1780456782,106.161455
1780456782,110.750155
1780456782,119.431931
1780456782,111.061964
1780456782,107.563862
1780456782,111.085816
1780456782,118.126087
1780456782,110.845237
1780456782,119.301824
1780456782,116.921186
1780456782,121.966303
1780456782,118.190479
1780456782,111.626541
1780456782,125.629126
1780456782,127.067085
1780456782,127.003019
1780456782,127.566353
1780456782,119.535818
1780456782,128.719443
1780456782,126.868864
1780456782,131.204237
1780456782,122.246987
1780456782,112.611785
1780456782,118.394710
1780456782,123.408695
1780456782,123.566056
1780456782,125.914367
1780456782,109.530575
1780456782,109.651782
1780456782,112.962129
1780456782,113.282306
1780456782,109.678398
1780456782,109.608710
1780456782,121.380707
1780456782,121.354651
1780456782,112.798883
1780456782,121.102016
1780456782,118.608721
1780456782,113.485795
1780456782,114.453125
1780456782,115.484565
1780456782,119.484845
1780456782,108.346953
1780456782,112.376254
1780456782,116.885121
1780456782,120.229354
1780456782,113.567016
1780456782,110.411912
1780456782,114.090227
1780456782,114.177484
1780456782,120.376943
1780456782,112.474084
1780456782,120.492392
1780456782,114.291513
1780456782,110.565446
1780456782,120.400906
1780456782,107.938597
1780456782,108.230582
1780456782,123.055012
1780456782,117.387778
1780456782,118.626873
1780456782,118.526399
1780456782,118.527881
1780456782,170.733275
1780456782,192.840382
1780456782,193.440056
1780456782,192.031074
1780456782,190.236384
1780456782,193.751834
1780456782,157.147430
1780456782,147.012672
1780456782,162.453775
1780456782,162.055397
1780456782,162.355718
1780456782,148.598248
1780456782,190.184883
1780456782,152.082381
1780456782,147.782904
1780456782,147.792027
1780456782,156.850268
1780456782,147.829519
1780456782,148.766545
1780456782,182.591186
1780456782,155.442453
1780456782,152.843712
1780456782,143.203124
1780456782,142.726639
1780456782,144.329549
1780456782,126.619622
1780456782,123.900273
1780456782,126.485497
1780456782,130.117017
1780456782,122.379206
1780456782,129.876249
1780456782,129.970453
1780456782,122.388850
1780456782,121.647818
1780456782,129.709459
1780456782,120.313065
1780456782,121.730052
1780456782,130.541498
1780456782,129.815875
1780456782,120.476029
1780456782,130.062982
1780456782,130.523582
1780456782,142.244560
1780456782,130.111231
1780456782,111.227877
1780456782,109.944015
1780456782,149.547685
1780456782,149.611948
1780456782,116.376052
1780456782,159.026715
1780456782,116.463491
1780456782,141.225149
1780456782,130.732161
1780456782,127.052356
1780456782,130.842847
1780456782,127.241566
1780456782,130.615366
1780456782,128.847793
1780456782,128.674814
1780456782,130.799097
1780456782,127.165649
1780456782,121.069654
1780456782,128.921750
1780456782,131.043716
1780456782,129.181634
1780456782,118.228496
1780456782,143.917427
1780456782,130.375364
1780456782,130.971936
1780456782,118.275386
1780456782,120.625866
1780456782,119.223069
1780456782,118.227686
1780456782,109.456918
1780456782,111.987667
1780456782,112.040695
1780456782,115.854609
1780456782,114.423785
1780456782,118.499170
1780456782,126.456574
1780456782,127.833264
1780456782,129.441101
1780456782,129.622830
1780456782,131.589215
1780456782,126.658460
1780456782,130.803669
1780456782,131.701233
1780456782,131.767636
1780456782,131.432847
1780456782,119.858254
1780456782,123.415410
1780456782,122.597944
1780456782,121.218055
1780456782,122.453467
1780456782,122.577799
1780456782,122.628419
1780456782,109.652057
1780456782,110.889803
1780456782,107.826436
1780456782,112.258114
1780456782,109.610673
1780456782,121.477999
1780456782,116.278660
1780456782,121.518804
1780456782,118.719952
1780456782,108.950964
1780456782,121.645635
1780456782,121.690074
1780456782,109.657344
1780456782,108.591685
1780456782,119.783672
1780456782,110.337819
1780456782,118.853111
1780456782,108.884995
1780456782,118.942859
1780456782,110.704268
1780456782,118.420744
1780456782,109.173109
1780456782,109.259810
1780456782,109.385130
1780456782,108.310726
1780456782,115.892545
1780456782,113.414372
1780456782,111.955590
1780456782,113.312718
1780456782,110.262519
1780456782,114.403787
1780456782,111.184527
1780456782,118.079593
1780456782,126.075976
1780456782,126.032840
1780456782,117.014847
1780456782,124.834911
1780456782,126.166563
1780456782,115.268028
1780456782,126.174579
1780456782,120.458565
1780456782,109.044753
1780456782,113.816146
1780456782,111.249838
1780456782,121.351280
1780456782,110.543400
1780456782,111.251974
1780456782,123.945713
1780456782,109.349015
1780456782,110.536474
1780456782,113.565591
1780456782,111.783923
1780456782,113.949764
1780456782,111.997951
1780456782,114.393811
1780456782,109.214876
1780456782,113.810545
1780456782,143.278961
1780456782,114.863553
1780456782,114.253121
1780456782,115.673673
1780456782,144.262749
1780456782,110.247468
1780456782,108.744266
1780456782,143.699449
1780456782,144.479724
1780456782,118.832109
1780456782,119.907446
1780456782,114.589084
1780456782,120.076700
1780456782,120.206123
1780456782,119.739831
1780456782,116.564543
1780456782,119.923227
1780456782,113.089782
1780456782,120.119822
1780456782,147.005654
1780456782,120.458097
1780456782,113.288595
1780456782,115.682103
1780456782,113.536071
1780456782,122.161686
1780456782,114.603912
1780456782,112.599152
1780456782,114.803492
1780456782,114.633148
1780456782,138.175075
1780456782,136.833641
1780456782,132.008591
1780456782,131.011966
1780456782,131.987663
1780456782,134.579138
1780456782,123.156625
1780456782,137.250539
1780456782,125.514279
1780456782,129.437788
1780456782,134.720123
1780456782,133.582074
1780456782,130.465731
1780456782,135.930063
1780456782,132.244144
1780456782,130.590893
1780456782,129.760339
1780456782,122.238631
1780456782,122.542499
1780456782,132.437494
1780456782,125.218717
1780456782,124.071625
1780456782,125.191589
1780456782,129.634704
1780456782,125.284044
1780456782,120.710780
1780456782,133.608502
1780456782,124.953426
1780456782,133.492197
1780456782,133.762085
1780456782,125.041890
1780456782,122.239782
1780456782,148.520645
1780456782,122.471162
1780456782,148.659358
1780456782,148.660345
1780456782,120.458432
1780456782,150.215046
1780456782,122.838814
1780456782,125.233242
1780456782,148.721841
1780456782,151.671771
1780456782,151.653245
1780456782,151.819296
1780456782,151.992421
1780456782,125.618272
1780456782,146.605631
1780456782,147.024248
1780456782,117.638922
1780456782,117.570830
1780456782,127.604420
1780456782,147.645961
1780456782,126.447674
1780456782,126.346826
1780456782,147.460198
1780456782,148.004767
1780456782,148.378696
1780456782,147.560011
1780456782,147.905953
1780456782,148.217760
1780456782,125.697979
1780456782,128.320629
1780456782,211.382524
1780456782,170.140956
1780456782,128.223766
1780456782,168.961701
1780456782,211.548585
1780456782,167.979981
1780456782,169.104789
1780456782,174.210051
1780456782,169.196683
1780456782,172.964260
1780456782,146.649864
1780456782,176.880738
1780456782,177.628321
1780456782,164.163662
1780456782,178.296223
1780456782,126.545693
1780456782,167.027258
1780456782,170.577465
1780456782,164.366876
1780456782,168.264835
1780456782,164.367836
1780456782,165.628497
1780456782,168.379929
1780456782,165.634290
1780456782,166.916459
1780456782,176.274195
1780456782,165.783741
1780456782,168.543924
1780456782,157.139947
1780456782,164.534371
1780456782,168.553976
1780456782,133.194575
1780456782,170.919813
1780456782,136.935708
1780456782,166.031664
1780456782,146.197481
1780456782,136.113568
1780456782,157.410912
1780456782,146.242501
1780456782,157.506273
1780456782,126.745650
1780456782,157.611952
1780456782,140.027149
1780456782,147.358251
1780456782,140.037296
1780456782,147.482562
1780456782,132.275145
1780456782,145.314153
1780456782,147.525047
1780456782,142.681743
1780456782,133.368157
1780456782,147.679921
1780456782,149.638045
1780456782,131.599563
1780456782,149.188229
1780456782,128.747813
1780456782,149.689292
1780456782,131.780283
1780456782,151.929668
1780456782,129.149092
1780456782,153.669843
1780456782,129.863722
1780456782,129.323800
1780456782,153.753768
1780456782,129.819558
1780456782,151.199935
1780456782,147.045106
1780456782,155.033157
1780456782,131.643231
1780456782,132.083928
1780456782,157.860780
1780456782,148.157545
1780456782,155.177521
1780456782,149.445974
1780456782,159.314933
1780456782,150.219129
1780456782,150.006574
1780456782,165.584155
1780456782,155.157086
1780456782,131.079055
1780456782,158.104514
1780456782,158.444975
1780456782,158.182049
1780456782,158.098025
1780456782,158.403809
1780456782,158.352352
1780456782,155.460754
1780456782,131.254854
1780456782,127.217631
1780456782,131.943106
1780456782,132.540739
1780456782,127.442480
1780456782,133.067848
1780456782,134.400835
1780456782,134.370824
1780456782,129.606623
1780456782,131.467656
1780456782,131.511903
1780456782,131.668862
1780456782,131.761435
1780456782,131.515301
1780456782,134.919087
1780456782,135.133998
1780456782,139.194970
1780456782,139.504299
1780456782,142.789203
1780456782,142.765069
1780456782,139.573953
1780456782,138.943324
1780456782,138.820593
1780456782,136.065367
1780456782,144.393983
1780456782,145.003355
1780456782,140.641227
1780456782,141.823734
1780456782,138.622229
1780456782,141.993665
1780456782,136.438437
1780456782,136.012558
1780456782,145.265459
1780456782,135.829759
1780456782,136.865092
1780456782,139.929816
1780456782,135.147962
1780456782,135.896881
1780456782,137.035038
1780456782,135.899546
1780456782,136.124991
1780456782,161.398271
1780456782,164.372296
1780456782,146.685861
1780456782,147.301185
1780456782,146.175953
1780456782,144.042599
1780456782,144.018846
1780456782,146.625872
1780456782,139.832039
1780456782,139.475965
1780456782,139.740569
1780456782,144.402984
1780456782,146.963950
1780456782,162.985673
1780456782,146.342533
1780456782,163.100601
1780456782,147.169301
1780456782,163.139787
1780456782,144.913255
1780456782,163.360281
1780456782,154.942937
1780456782,154.107234
1780456782,142.224476
1780456782,140.483696
1780456782,142.933251
1780456782,145.267594
1780456782,145.233524
1780456782,147.801143
1780456782,142.838558
1780456782,145.603128
1780456782,139.953507
1780456782,140.712709
1780456782,147.364953
1780456782,154.619533
1780456782,154.334444
1780456782,139.902438
1780456782,147.272921
1780456782,154.371343
1780456782,138.795410
1780456782,148.553718
1780456782,153.314053
1780456782,142.323598
1780456782,155.430192
1780456782,148.634771
1780456782,140.285113
1780456782,152.492940
1780456782,148.521341
1780456782,148.437631
1780456782,155.100706
1780456782,149.735107
1780456782,149.790501
1780456782,154.484147
1780456782,138.499860
1780456782,153.235171
1780456782,147.024633
1780456782,152.317011
1780456782,150.015625
1780456782,141.140108
1780456782,144.841909
1780456782,152.508015
1780456782,155.313400
1780456782,148.395111
1780456782,144.490363
1780456782,151.515168
1780456782,147.391420
1780456782,145.736832
1780456782,151.287281
1780456782,147.017604
1780456782,145.894133
1780456782,150.752142
1780456782,143.687510
1780456782,138.787402
1780456782,151.388507
1780456782,146.206811
1780456782,150.882235
1780456782,146.279182
1780456782,141.751735
1780456782,146.312827
1780456782,149.965594
1780456782,152.280984
1780456782,147.560617
1780456782,145.769630
1780456782,149.124047
1780456782,151.272852
1780456782,151.196467
1780456782,145.979808
1780456782,146.954827
1780456782,147.281174
1780456782,153.011141
1780456782,148.585057
1780456782,149.668305
1780456782,152.988815
1780456782,147.558083
1780456782,146.418573
1780456782,149.965108
1780456782,153.269816
1780456782,153.383038
1780456782,152.713382
1780456782,142.762873
1780456782,144.743781
1780456782,150.262849
1780456782,150.278424
1780456782,153.770751
1780456782,146.943747
1780456782,150.557881
1780456782,147.517468
1780456782,147.103503
1780456782,147.553123
1780456782,152.053472
1780456782,147.676632
1780456782,150.691471
1780456782,147.183611
1780456782,145.637079
1780456782,152.565664
1780456782,145.793523
1780456782,146.809844
1780456782,145.925627
1780456782,150.106136
1780456782,154.402424
1780456782,152.176687
1780456782,143.830020
1780456782,146.097935
1780456782,150.422366
1780456782,145.390095
1780456782,152.829301
1780456782,155.207405
1780456782,155.304333
1780456782,145.568100
1780456782,155.472430
1780456782,147.843424
1780456782,146.875165
1780456782,151.375439
1780456782,155.602352
1780456782,152.927735
1780456782,152.196486
1780456782,155.702474
1780456782,147.248177
1780456782,147.338816
1780456782,153.787137
1780456782,145.404081
1780456782,147.222414
1780456782,153.768153
1780456782,147.064339
1780456782,145.143096
1780456782,146.951612
1780456782,155.977927
1780456782,146.900457
1780456782,157.278672
1780456782,143.597395
1780456782,147.056202
1780456782,151.855749
1780456782,154.822046
1780456782,157.044494
1780456782,156.677655
1780456782,146.950734
1780456782,153.790780
1780456782,151.386248
1780456782,146.536371
1780456782,150.914883
1780456782,154.730217
1780456782,152.453071
1780456782,153.893366
1780456782,150.096974
1780456782,155.218241
1780456782,150.828504
1780456782,153.950621
1780456782,151.770836
1780456782,150.102291
1780456782,158.298200
1780456782,156.235265
1780456782,157.291232
1780456782,160.604256
1780456782,151.324980
1780456782,160.411414
1780456782,157.816518
1780456782,150.336669
1780456782,154.518157
1780456782,159.378351
1780456782,150.118359
1780456782,159.301493
1780456782,160.965848
1780456782,161.073045
1780456782,158.931869
1780456782,152.559476
1780456782,161.988175
1780456782,155.394060
1780456782,158.602243
1780456782,154.860674
1780456782,150.194635
1780456782,153.823080
1780456782,162.218750
1780456782,152.993483
1780456782,162.360046
1780456782,156.855933
1780456782,153.408226
1780456782,159.042353
1780456782,151.439275
1780456782,153.580709
1780456782,153.188889
1780456782,151.719813
1780456782,155.268177
1780456782,155.486356
1780456782,157.619135
1780456782,153.840854
1780456782,154.413491
1780456782,156.182777
1780456782,163.812914
1780456782,156.679137
1780456782,153.445814
1780456782,157.957806
1780456782,156.188843
1780456782,162.430618
1780456782,155.437994
1780456782,155.788606
1780456782,153.933220
1780456782,156.237133
1780456782,155.943534
1780456782,156.121980
1780456782,155.793217
1780456782,156.016079
1780456782,160.568544
1780456782,160.563950
1780456782,162.674457
1780456782,155.899724
1780456782,156.311577
1780456782,160.991968
1780456782,164.183978
1780456782,162.059450
1780456782,157.366756
1780456782,156.705537
1780456782,160.827280
1780456782,157.548163
1780456782,167.899850
1780456782,153.108499
1780456782,155.696309
1780456782,161.026012
1780456782,155.845839
1780456782,165.853066
1780456782,156.027395
1780456782,168.275991
1780456782,162.745498
1780456782,168.419414
1780456782,159.776213
1780456782,168.612431
1780456782,163.127902
1780456782,163.521937
1780456782,167.894082
1780456782,166.065105
1780456782,168.136900
1780456782,168.301777
1780456782,168.384333
1780456782,164.077782
1780456782,168.398230
1780456782,168.655023
1780456782,168.673225
1780456782,167.020009
1780456782,167.861082
1780456782,161.819075
1780456782,163.323950
1780456782,165.245180
1780456782,167.652310
1780456782,162.979575
1780456782,161.513598
1780456782,163.636280
1780456782,161.678353
1780456782,165.188455
1780456782,166.843749
1780456782,167.741018
1780456782,163.649623
1780456782,171.329494
1780456782,161.096091
1780456782,160.891479
1780456782,161.671943
1780456782,163.720783
1780456782,163.558310
1780456782,166.562045
1780456782,163.974462
1780456782,161.069590
1780456782,162.517246
1780456782,161.182708
1780456782,161.185804
1780456782,161.944073
1780456782,169.228600
1780456782,171.113522
1780456782,159.670761
1780456782,161.417709
1780456782,169.622743
1780456782,161.969083
1780456782,169.033359
1780456782,162.266870
1780456782,169.627011
1780456782,165.864798
1780456782,160.276187
1780456782,162.189211
1780456782,165.668484
1780456782,169.968556
1780456782,163.947461
1780456782,171.658663
1780456782,167.033869
1780456782,173.942381
1780456782,163.033512
1780456782,164.066625
1780456782,163.096200
1780456782,161.330295
1780456782,171.337173
1780456782,167.703871
1780456782,162.390150
1780456782,174.324942
1780456782,165.114915
1780456782,162.298044
1780456782,161.669421
1780456782,171.845592
1780456782,165.063216
1780456782,164.153753
1780456782,174.125414
1780456782,174.744011
1780456782,173.953993
1780456782,173.710179
1780456782,174.998416
1780456782,164.434451
1780456782,173.280882
1780456782,162.128206
1780456782,164.214447
1780456782,167.245841
1780456782,176.827582
1780456782,168.764175
1780456782,163.343888
1780456782,167.206092
1780456782,166.127129
1780456782,152.593367
1780456782,165.877353
1780456782,173.862304
1780456782,175.251762
1780456782,149.383165
1780456782,166.327459
1780456782,174.328091
1780456782,174.768934
1780456782,149.915507
1780456782,150.063836
1780456782,166.828010
1780456782,174.914809
1780456782,175.287474
1780456782,175.081060
1780456782,172.454040
1780456782,175.513481
1780456782,172.578315
1780456782,167.014089
1780456782,173.916899
1780456782,167.495571
1780456782,173.026992
1780456782,176.657693
1780456782,168.908076
1780456782,175.476325
1780456782,171.093049
1780456782,172.298441
1780456782,171.142712
1780456782,174.863373
1780456782,174.568460
1780456782,171.733655
1780456782,171.888743
1780456782,169.592822
1780456782,172.370340
1780456782,171.811020
1780456782,175.172918
1780456782,177.691372
1780456782,176.491503
1780456782,175.119254
1780456782,175.487850
1780456782,156.496048
1780456782,183.082184
1780456782,174.186651
1780456782,178.739076
1780456782,181.191855
1780456782,174.574171
1780456782,178.025793
1780456782,172.257032
1780456782,173.779175
1780456782,173.722529
1780456782,182.144088
1780456782,173.171434
1780456782,172.828195
1780456782,172.687651
1780456782,173.182692
1780456782,182.506751
1780456782,182.783882
1780456782,181.776384
1780456782,181.115847
1780456782,174.525780
1780456782,176.831066
1780456782,176.824457
1780456782,176.492748
1780456782,166.977366
1780456782,174.592742
1780456782,176.877095
1780456782,182.899105
1780456782,176.884046
1780456782,176.764831
1780456782,176.854626
1780456782,176.338024
1780456782,186.575156
1780456782,176.288876
1780456782,186.751551
1780456782,186.577897
1780456782,176.838679
1780456782,184.941890
1780456782,181.803281
1780456782,173.629578
1780456782,177.990107
1780456782,177.883766
1780456782,187.941457
1780456782,175.416569
1780456782,188.080290
1780456782,188.028333
1780456782,188.272650
1780456782,188.365406
1780456782,187.878651
1780456782,187.779570
1780456782,152.076020
1780456782,188.040164
1780456782,178.917626
1780456782,179.104800
1780456782,179.354214
1780456782,188.144598
1780456782,179.441129
1780456782,166.036918
1780456782,188.315180
1780456782,178.749851
1780456782,160.977693
1780456782,169.353733
1780456782,163.984598
1780456782,169.460879
1780456782,161.730515
1780456782,164.001127
1780456782,169.526062
1780456782,169.602928
1780456782,172.923544
1780456782,164.344543
1780456782,188.874528
1780456782,187.290502
1780456782,183.117414
1780456782,183.126314
1780456782,191.490595
1780456782,182.804314
1780456782,187.399245
1780456782,183.241480
1780456782,188.064150
1780456782,183.456946
1780456782,182.885634
1780456782,191.453086
1780456782,183.241158
1780456782,183.049020
1780456782,167.572918
1780456782,167.612171
1780456782,172.538346
1780456782,167.725184
1780456782,155.392958
1780456782,168.971846
1780456782,189.919149
1780456782,162.259153
1780456782,169.191249
1780456782,165.238403
1780456782,187.751857
1780456782,183.797958
1780456782,188.045422
1780456782,188.226683
1780456782,182.774835
1780456782,187.540895
1780456782,155.816821
1780456782,183.514264
1780456782,182.700210
1780456782,190.269814
1780456782,152.370654
1780456782,183.717731
1780456782,183.090443
1780456782,195.579534
1780456782,187.799909
1780456782,183.489908
1780456782,152.757831
1780456782,188.053399
1780456782,191.456769
1780456782,188.205731
1780456782,153.231942
1780456782,190.193875
1780456782,151.353251
1780456782,193.736476
1780456782,188.242315
1780456782,150.393525
1780456782,175.893969
1780456782,188.511526
1780456782,155.522330
1780456782,150.582619
1780456782,189.750637
1780456782,148.530991
1780456782,188.450222
1780456782,185.695263
1780456782,187.904995
1780456782,173.170644
1780456782,147.682060
1780456782,156.231910
1780456782,190.097925
1780456782,188.257851
1780456782,146.775785
1780456782,155.059371
1780456782,189.630766
1780456782,188.736087
1780456782,155.405428
1780456782,155.409110
1780456782,188.986327
1780456782,186.352130
1780456782,188.538530
1780456782,188.293152
1780456782,191.820781
1780456782,190.699056
1780456782,189.052728
1780456782,191.267281
1780456782,178.803021
1780456782,190.965521
1780456782,198.184869
1780456782,189.721849
1780456782,190.953967
1780456782,186.836855
1780456782,190.212979
1780456782,187.353093
1780456782,189.110088
1780456782,190.304302
1780456782,190.391692
1780456782,192.136668
1780456782,193.257642
1780456782,193.784882
1780456782,191.186538
1780456782,192.823736
1780456782,191.596798
1780456782,201.736033
1780456782,201.400475
1780456782,194.102705
1780456782,193.283156
1780456782,193.561006
1780456782,195.325620
1780456782,195.040947
1780456782,192.094234
1780456782,194.076519
1780456782,194.079807
1780456782,194.182764
1780456782,195.428024
1780456782,195.131120
1780456782,191.482913
1780456782,195.050412
1780456782,201.520154
1780456782,204.805355
1780456782,192.952368
1780456782,194.011036
1780456782,203.249353
1780456782,202.750423
1780456782,195.661141
1780456782,203.862526
1780456782,195.293945
1780456782,193.615094
1780456782,182.299855
1780456782,181.328073
1780456782,182.554818
1780456782,200.142811
1780456782,208.200297
1780456782,199.118162
1780456782,207.955551
1780456782,180.915240
1780456782,204.005362
1780456782,181.168715
1780456782,178.812344
1780456782,178.904489
1780456782,167.797851
1780456782,168.178851
1780456782,162.025304
1780456782,209.236624
1780456782,209.203560
1780456782,166.964165
1780456782,171.721202
1780456782,169.472748
1780456782,198.276661
1780456782,199.662734
1780456782,190.169855
1780456782,190.166006
1780456782,161.020736
1780456782,203.631595
1780456782,183.991604
1780456782,167.033222
1780456782,155.284766
1780456782,183.816371
1780456782,155.375253
1780456782,183.961091
1780456782,161.193801
1780456782,180.785228
1780456782,181.052892
1780456782,181.368727
1780456782,133.084325
1780456782,156.836664
1780456782,135.283215
1780456782,162.645578
1780456782,133.171628
1780456782,188.308672
1780456782,162.363929
1780456782,187.975086
1780456782,134.023558
1780456782,162.418276
1780456782,210.592692
1780456782,204.654852
1780456782,210.892847
1780456782,211.359828
1780456782,165.995132
1780456782,162.712656
1780456782,211.750663
1780456782,160.429797
1780456782,161.630126
1780456782,162.805966
1780456782,162.918007
1780456782,164.097516
1780456782,211.968488
1780456782,209.255439
1780456782,160.663856
1780456782,172.484939
1780456782,166.524027
1780456782,185.146277
1780456782,206.211888
1780456782,206.487971
1780456782,212.638797
1780456782,209.555810
1780456782,206.536212
1780456782,206.601051
1780456782,212.832390
1780456782,215.704186
1780456782,212.932812
1780456782,212.876807
1780456782,211.623413
1780456782,137.463552
1780456782,137.505209
1780456782,137.519207
1780456782,220.616893
1780456782,208.008032
1780456782,212.048555
1780456782,208.418809
1780456782,178.877228
1780456782,211.275716
1780456782,177.327105
1780456782,209.458885
1780456782,208.868165
1780456782,176.645551
1780456782,212.968134
1780456782,176.844607
1780456782,220.142045
1780456782,222.229457
1780456782,214.040857
1780456782,221.384237
1780456782,211.405042
1780456782,177.034299
1780456782,205.824937
1780456782,222.135215
1780456782,224.908098
1780456782,224.449381
1780456782,221.043028
1780456782,221.148302
1780456782,225.227750
1780456782,222.933512
1780456782,213.627951
1780456782,214.009617
1780456782,221.462503
1780456782,213.911237
1780456782,225.408724
1780456782,225.021752
1780456782,227.428177
1780456782,226.782339
1780456782,214.663247
1780456782,198.320263
1780456782,227.071499
1780456782,196.701631
1780456782,216.283539
1780456782,218.229427
1780456782,193.822302
1780456782,203.822329
1780456782,227.753841
1780456782,206.506993
1780456782,225.502077
1780456782,225.501630
1780456782,136.593621
1780456782,219.145769
1780456782,228.489371
1780456782,196.464594
1780456782,229.211119
1780456782,197.647892
1780456782,226.718844
1780456782,197.757512
1780456782,197.798671
1780456782,227.296676
1780456782,197.908258
1780456782,206.087289
1780456782,202.488302
1780456782,203.646257
1780456782,229.982721
1780456782,138.415631
1780456782,207.641474
1780456782,195.003931
1780456782,197.356406
1780456782,229.563282
1780456782,208.581199
1780456782,230.502254
1780456782,139.456687
1780456782,230.791621
1780456782,200.878630
1780456782,200.302644
1780456782,184.738788
1780456782,203.865254
1780456782,188.345685
1780456782,204.012938
1780456782,189.505307
1780456782,205.257839
1780456782,204.206987
1780456782,190.614480
1780456782,205.425497
1780456782,190.717784
1780456782,205.467144
1780456782,190.871531
1780456782,190.753930
1780456782,205.813894
1780456782,205.816076
1780456782,205.713421
1780456782,191.068613
1780456782,205.889613
1780456782,191.146995
1780456782,191.507728
1780456782,205.921544
1780456782,191.496445
1780456782,206.042249
1780456782,187.800598
1780456782,208.481516
1780456782,232.298164
1780456782,195.077682
1780456782,201.044683
1780456782,201.350485
1780456782,205.039836
1780456782,207.441981
1780456782,204.438506
1780456782,201.541803
1780456782,203.395060
1780456782,201.627949
1780456782,230.533347
1780456782,201.670372
1780456782,234.937737
1780456782,225.904413
1780456782,226.090320
1780456782,235.435135
1780456782,145.348380
1780456782,145.410578
1780456782,153.546261
1780456782,153.590176
1780456782,191.841721
1780456782,145.536949
1780456782,125.168606
1780456782,156.980403
1780456782,125.224093
1780456782,125.252481
1780456782,125.442846
1780456782,134.444537
1780456782,142.161691
1780456782,153.944936
1780456782,145.842569
1780456782,188.487086
1780456782,189.660773
1780456782,189.781325
1780456782,145.962607
1780456782,154.104354
1780456782,125.467048
1780456782,146.114778
1780456782,157.445364
1780456782,147.265861
1780456782,147.363540
1780456782,148.724586
1780456782,128.928692
1780456782,207.696110
1780456782,209.209334
1780456782,196.048416
1780456782,202.006459
1780456782,204.373813
1780456782,129.033455
1780456782,207.900113
1780456782,208.021786
1780456782,205.727582
1780456782,151.589643
1780456782,151.828401
1780456782,200.158092
1780456782,147.913973
1780456782,151.966236
1780456782,147.985354
1780456782,115.308603
1780456782,133.034904
1780456782,115.331530
1780456782,115.561226
1780456782,115.440995
1780456782,115.874157
1780456782,115.809200
1780456782,115.928321
1780456782,116.430658
1780456782,133.303110
1780456782,199.202403
1780456782,198.006101
1780456782,124.720102
1780456782,199.225084
1780456782,246.447758
1780456782,246.602366
1780456782,246.832034
1780456782,158.690403
1780456782,185.689132
1780456782,192.753856
1780456782,192.751023
1780456782,234.985083
1780456782,246.105308
1780456782,245.902439
1780456782,246.041523
1780456782,125.922800
1780456782,159.368495
1780456782,159.448336
1780456782,237.145994
1780456782,246.571001
1780456782,126.235589
1780456782,194.977351
1780456782,219.212533
1780456782,218.700126
1780456782,199.951683
1780456782,202.570819
1780456782,128.325859
1780456782,221.700236
1780456782,201.409409
1780456782,128.543462
1780456782,128.583534
1780456782,208.945245
1780456782,128.502620
1780456782,128.544894
1780456782,195.899832
1780456782,155.409645
1780456782,127.347508
1780456782,127.351813
1780456782,155.614059
1780456782,219.431467
1780456782,155.979123
1780456782,168.377401
1780456782,202.544067
1780456782,170.317202
1780456782,223.137918
1780456782,202.544294
1780456782,160.571577
1780456782,128.278624
1780456782,204.032366
1780456782,224.621246
1780456782,202.843371
1780456782,202.894436
1780456782,161.682357
1780456782,161.814771
1780456782,162.022456
1780456782,203.113192
1780456782,211.600537
1780456782,196.010874
1780456782,162.227888
1780456782,210.723010
1780456782,214.108579
1780456782,214.055972
1780456782,220.878286
1780456782,220.893839
1780456782,199.925979
1780456782,216.558147
1780456782,220.683251
1780456782,202.552671
1780456782,220.999356
1780456782,221.151522
1780456782,221.156697
1780456782,221.239182
1780456782,160.486633
1780456782,162.641465
1780456782,215.861708
1780456782,207.722513
1780456782,162.875446
1780456782,225.981995
1780456782,163.073586
1780456782,250.057103
1780456782,226.260581
1780456782,163.148413
1780456782,163.177079
1780456782,228.798470
1780456782,250.421174
1780456782,163.553965
1780456782,230.414012
1780456782,251.442207
1780456782,251.569164
1780456782,200.111481
1780456782,131.855195
1780456782,130.479971
1780456782,139.376956
1780456782,212.396521
1780456782,203.835018
1780456782,207.556195
1780456782,130.716372
1780456782,210.043069
1780456782,200.491012
1780456782,201.625649
1780456782,201.698184
1780456782,204.015568
1780456782,205.452458
1780456782,205.590407
1780456782,139.832174
1780456782,139.955771
1780456782,140.120321
1780456782,120.148218
1780456782,120.145204
1780456782,120.288532
1780456782,157.137773
1780456782,158.320878
1780456782,198.899861
1780456782,209.832378
1780456782,211.192906
1780456782,224.961529
1780456782,227.562310
1780456782,174.516888
1780456782,178.045086
1780456782,203.154480
1780456782,204.337022
1780456782,221.108327
1780456782,129.431797
1780456782,132.414949
1780456782,129.593378
1780456782,129.605295
1780456782,129.597719
1780456782,129.698055
1780456782,129.792935
1780456782,133.110809
1780456782,143.482955
1780456782,143.643561
1780456782,170.301089
1780456782,143.659926
1780456782,151.079051
1780456782,168.072889
1780456782,184.769795
1780456782,170.568351
1780456782,182.773103
1780456782,184.946787
1780456782,184.980126
1780456782,184.974014
1780456782,185.201368
1780456782,185.216663
1780456782,144.226711
1780456782,205.586842
1780456782,209.225164
1780456782,134.450741
1780456782,134.609859
1780456782,134.426102
1780456782,134.489356
1780456782,134.856349
1780456782,135.069333
1780456782,135.869059
1780456782,135.790992
1780456782,135.797715
1780456782,135.819938
1780456782,133.706826
1780456782,133.744018
1780456782,133.904029
1780456782,133.820416
1780456782,134.076539
1780456782,134.170920
1780456782,108.507958
1780456782,108.510524
1780456782,108.391836
1780456782,108.348913
1780456782,108.411751
1780456782,134.727694
1780456782,178.394877
1780456782,161.257955
1780456782,153.767950
1780456782,161.505607
1780456782,144.113410
1780456782,143.994342
1780456782,154.726564
1780456782,102.970364
1780456782,111.919438
1780456782,112.044094
1780456782,111.996097
1780456782,112.232417
1780456782,112.150499
1780456782,112.476023
1780456782,112.432346
1780456782,117.583981
1780456782,113.277679
1780456782,113.110092
1780456782,113.227738
1780456782,113.925651
1780456782,114.048836
1780456782,114.089526
1780456782,116.345517
1780456782,116.657223
1780456782,116.592586
1780456782,116.753416
1780456782,117.227352
1780456782,117.623148
1780456782,118.076131
1780456782,123.769495
1780456782,116.440664
1780456782,116.915585
1780456782,117.878911
1780456782,126.442935
1780456782,126.332152
1780456782,126.638232
1780456782,126.799303
1780456782,126.381480
1780456782,126.845704
1780456782,126.710743
1780456782,118.081380
1780456782,127.036553
1780456782,117.849110
1780456782,110.976330
1780456782,118.080878
1780456782,111.827769
1780456782,112.090004
1780456782,121.034183
1780456782,121.261194
1780456782,112.603201
1780456782,112.663304
1780456782,129.876803
1780456782,130.570600
1780456782,130.328189
1780456782,130.573952
1780456782,130.083922
1780456782,121.920864
1780456782,114.935001
1780456782,122.095520
1780456782,114.858779
1780456782,114.915940
1780456782,122.378074
1780456782,115.365393
1780456782,115.465392
1780456782,115.544853
1780456782,115.914271
1780456782,116.157936
1780456782,114.183664
1780456782,115.051025
1780456782,116.579189
1780456782,115.023586
1780456782,115.101091
1780456782,115.328242
1780456782,116.901733
1780456782,115.366469
1780456782,116.766437
1780456782,116.881126
1780456782,116.969261
1780456782,117.064908
1780456782,115.474256
1780456782,117.294074
1780456782,119.047742
1780456782,116.890963
1780456782,118.821954
1780456782,141.420688
1780456782,141.283370
1780456782,141.404874
1780456782,141.396936
1780456782,142.024211
1780456782,129.035310
1780456782,142.414561
1780456782,142.691734
1780456782,143.572123
1780456782,144.165438
1780456782,144.207606
1780456782,139.345857
1780456782,144.434262
1780456782,144.062087
1780456782,131.013266
1780456782,139.638315
1780456782,139.761057
1780456782,140.231165
1780456782,115.741443
1780456782,132.192996
1780456782,140.416413
1780456782,115.849526
1780456782,132.636607
1780456782,133.118432
1780456782,123.842004
1780456782,133.092475
1780456782,124.370770
1780456782,125.931558
1780456782,124.086173
1780456782,133.535511
1780456782,124.445546
1780456782,124.663729
1780456782,126.223094
1780456782,124.620040
1780456782,133.939273
1780456782,121.937165
1780456782,117.966681
1780456782,134.153352
1780456782,134.051552
1780456782,134.866059
1780456782,118.343714
1780456782,134.455905
1780456782,119.225413
1780456782,119.389396
1780456782,119.312732
1780456782,119.382147
1780456782,115.831254
1780456782,136.093941
1780456782,115.975348
1780456782,116.046679
1780456782,137.210617
1780456782,136.841183
1780456782,136.938988
1780456782,136.854842
1780456782,136.931018
1780456782,136.926610
1780456782,114.779959
1780456782,130.491903
1780456782,130.630025
1780456782,128.878428
1780456782,129.002398
1780456782,130.730345
1780456782,129.511493
1780456782,129.307435
1780456782,115.002807
1780456782,115.550088
1780456782,132.486913
1780456782,115.974613
1780456782,115.832455
1780456782,115.571106
1780456782,115.752023
1780456782,115.807787
1780456782,117.182784
1780456782,117.612679
1780456782,117.699173
1780456782,118.228628
1780456782,119.410508
1780456782,117.879578
1780456782,119.689982
1780456782,118.224317
1780456782,117.566956
1780456782,118.717115
1780456782,117.729514
1780456782,119.041117
1780456782,111.929697
1780456782,112.472967
1780456782,119.208738
1780456782,119.028053
1780456782,117.244394
1780456782,119.438882
1780456782,115.218148
1780456782,120.080405
1780456782,112.860389
1780456782,119.470035
1780456782,119.514084
1780456782,117.349079
1780456782,119.594212
1780456782,119.570585
1780456782,110.726981
1780456782,110.905246
1780456782,119.097063
1780456782,110.339750
1780456782,119.358545
1780456782,119.518737
1780456782,110.856162
1780456782,111.632399
1780456782,119.459367
1780456782,110.896350
1780456782,110.746777
1780456782,108.820205
1780456782,119.487254
1780456782,121.484413
1780456782,131.628598
1780456782,131.752107
1780456782,131.479448
1780456782,121.288843
1780456782,132.189559
1780456782,132.275535
1780456782,121.045819
1780456782,132.489971
1780456782,132.698144
1780456782,122.806094
1780456782,122.785934
1780456782,122.782175
1780456782,129.199260
1780456782,122.992504
1780456782,120.910575
1780456782,122.942259
1780456782,121.116004
1780456782,122.608857
1780456782,120.673602
1780456782,121.123645
1780456782,121.533372
1780456782,123.033693
1780456782,115.818341
1780456782,121.198813
1780456782,118.742741
1780456782,123.757415
1780456782,119.228935
1780456782,124.060372
1780456782,123.390680
1780456782,123.892309
1780456782,124.264027
1780456782,124.136156
1780456782,114.804097
1780456782,123.383138
1780456782,119.854918
1780456782,124.329330
1780456782,120.187691
1780456782,119.847586
1780456782,120.181711
1780456782,124.232534
1780456782,124.838409
1780456782,124.607487
1780456782,120.506046
1780456782,118.548013
1780456782,125.208932
1780456782,125.718355
1780456782,114.270747
1780456782,126.116430
1780456782,121.755725
1780456782,114.379709
1780456782,121.825005
1780456782,114.400332
1780456782,115.673597
1780456782,114.745095
1780456782,115.794564
1780456782,114.922856
1780456782,116.846076
1780456782,109.444308
1780456782,115.571977
1780456782,127.527075
1780456782,116.587478
1780456782,114.903123
1780456782,115.918197
1780456782,115.210246
1780456782,107.065898
1780456782,117.068425
1780456782,116.378150
1780456782,116.039922
1780456782,118.012490
1780456782,116.892936
1780456782,117.954800
1780456782,111.348201
1780456782,117.109350
1780456782,112.166114
1780456782,118.149969
1780456782,113.342760
1780456782,114.209913
1780456782,118.519277
1780456782,117.267135
1780456782,117.065282
1780456782,118.467404
1780456782,118.204389
1780456782,118.628966
1780456782,114.806052
1780456782,112.093467
1780456782,112.479651
1780456782,119.747501
1780456782,113.853005
1780456782,115.144634
1780456782,113.104821
1780456782,118.502811
1780456782,120.529483
1780456782,112.959826
1780456782,121.013062
1780456782,119.911133
1780456782,118.636601
1780456782,119.902882
1780456782,120.251607
1780456782,115.049149
1780456782,114.796404
1780456782,115.396017
1780456782,114.207732
1780456782,113.551149
1780456782,113.558363
1780456782,112.504592
1780456782,112.788269
1780456782,113.805068
1780456782,113.478290
1780456782,113.981010
1780456782,114.083955
1780456782,114.499224
1780456782,113.046749
1780456782,117.300626
1780456782,113.188412
1780456782,115.074437
1780456782,109.193742
1780456782,113.608435
1780456782,114.992192
1780456782,113.738179
1780456782,117.080032
1780456782,109.457806
1780456782,115.045186
1780456782,115.133261
1780456782,114.796922
1780456782,109.648036
1780456782,115.479669
1780456782,135.824928
1780456782,116.218695
1780456782,115.185709
1780456782,115.941804
1780456782,110.094438
1780456782,111.076371
1780456782,138.092579
1780456782,138.181767
1780456782,139.880946
1780456782,140.122202
1780456782,140.458759
1780456782,140.421404
1780456782,137.844727
1780456782,115.311286
1780456782,111.543354
1780456782,117.174023
1780456782,117.269679
1780456782,111.771807
1780456782,111.519916
1780456782,111.612720
1780456782,113.371315
1780456782,111.990752
1780456782,113.414783
1780456782,111.983541
1780456782,113.660834
1780456782,113.782398
1780456782,112.722298
1780456782,113.962607
1780456782,114.158239
1780456782,114.565709
1780456782,118.740790
1780456782,118.816747
1780456782,144.130876
1780456782,141.943696
1780456782,114.951004
1780456782,144.368963
1780456782,115.101841
1780456782,114.692618
1780456782,114.858669
1780456782,110.751233
1780456782,115.031498
1780456782,120.743664
1780456782,115.183261
1780456782,120.902163
1780456782,120.999085
1780456782,116.723564
1780456782,115.061422
1780456782,121.421389
1780456782,121.487239
1780456782,115.114041
1780456782,120.470723
1780456782,143.910120
1780456782,142.681079
1780456782,143.416077
1780456782,144.112343
1780456782,119.889801
1780456782,111.335634
1780456782,144.362618
1780456782,144.427796
1780456782,120.187565
1780456782,120.319423
1780456782,144.917392
1780456782,144.812027
1780456782,121.438575
1780456782,121.413902
1780456782,111.362983
1780456782,112.287215
1780456782,111.512521
1780456782,111.674515
1780456782,112.544716
1780456782,111.807381
1780456782,116.883110
1780456782,117.320042
1780456782,117.106266
1780456782,112.651498
1780456782,117.116916
1780456782,113.673590
1780456782,117.183587
1780456782,117.914299
1780456782,145.111655
1780456782,145.490554
1780456782,124.045845
1780456782,112.936004
1780456782,114.207414
1780456782,138.946887
1780456782,112.870682
1780456782,137.995553
1780456782,139.898167
1780456782,139.665155
1780456782,140.200385
1780456782,139.962244
1780456782,142.428813
1780456782,142.622392
1780456782,139.385551
1780456782,145.473591
1780456782,143.189626
1780456782,145.688299
1780456782,145.951563
1780456782,145.901989
1780456782,145.825898
1780456782,112.819829
1780456782,113.874136
1780456782,115.435908
1780456782,122.101147
1780456782,121.236930
1780456782,123.598725
1780456782,117.485201
1780456782,122.290084
1780456782,115.734574
1780456782,135.929822
1780456782,135.346823
1780456782,125.543535
1780456782,119.551512
1780456782,115.982068
1780456782,128.731742
1780456782,125.574125
1780456782,115.377456
1780456782,114.942422
1780456782,119.654940
1780456782,127.793500
1780456782,119.497422
1780456782,117.122496
1780456782,116.114523
1780456782,106.931812
1780456782,117.318306
1780456782,117.397974
1780456782,125.743738
1780456782,120.853503
1780456782,130.876466
1780456782,108.256450
1780456782,116.081124
1780456782,117.393463
1780456782,116.451824
1780456782,106.691422
1780456782,123.001464
1780456782,127.162502
1780456782,103.994551
1780456782,117.007993
1780456782,116.981786
1780456782,117.500613
1780456782,123.380772
1780456782,117.783468
1780456782,117.770402
1780456782,127.421719
1780456782,110.149820
1780456782,128.690698
1780456782,110.514928
1780456782,127.503889
1780456782,120.757896
1780456782,124.011818
1780456782,111.081287
1780456782,125.728333
1780456782,110.902518
1780456782,113.348639
1780456782,119.019269
1780456782,120.308788
1780456782,121.415269
1780456782,130.891848
1780456782,108.093716
1780456782,132.750390
1780456782,109.608136
1780456782,132.861862
1780456782,132.939251
1780456782,133.434651
1780456782,133.634506
1780456782,111.538264
1780456782,120.540017
1780456782,133.706884
1780456782,128.465123
1780456782,112.207737
1780456782,113.824969
1780456782,122.637195
1780456782,122.798476
1780456782,122.924395
1780456782,108.012036
1780456782,123.104699
1780456782,123.099735
1780456782,112.015912
1780456782,107.115781
1780456782,122.808399
1780456782,122.726143
1780456782,111.461538
1780456782,110.301543
1780456782,112.965900
1780456782,106.457517
1780456782,116.825340
1780456782,113.207961
1780456782,124.927295
1780456782,104.218718
1780456782,123.126164
1780456782,104.910635
1780456782,104.685682
1780456782,114.008630
1780456782,123.754630
1780456782,124.354522
1780456782,124.985893
1780456782,103.181345
1780456782,125.369463
1780456782,114.192503
1780456782,114.870515
1780456782,124.551531
1780456782,124.548098
1780456782,117.147415
1780456782,104.464717
1780456782,114.564490
1780456782,125.062841
1780456782,113.697527
1780456782,113.652466
1780456782,113.287100
1780456782,115.310878
1780456782,125.293480
1780456782,113.521921
1780456782,110.845963
1780456782,131.938684
1780456782,127.334404
1780456782,126.722863
1780456782,117.340696
1780456782,103.853452
1780456782,114.398117
1780456782,125.910905
1780456782,114.625595
1780456782,126.214719
1780456782,104.747147
1780456782,125.996167
1780456782,104.963660
1780456782,104.982007
1780456782,114.999723
1780456782,120.822143
1780456782,114.717822
1780456782,113.301052
1780456782,105.395933
1780456782,114.990888
1780456782,113.478095
1780456782,113.305488
1780456782,115.109518
1780456782,116.283383
1780456782,112.715994
1780456782,119.501273
1780456782,111.041690
1780456782,113.829257
1780456782,111.548158
1780456782,119.825047
1780456782,113.698781
1780456782,108.360724
1780456782,120.636608
1780456782,108.253524
1780456782,107.488493
1780456782,107.898389
1780456782,118.958329
1780456782,107.761823
1780456782,105.374022
1780456782,105.381024
1780456782,106.064564
1780456782,108.959992
1780456782,119.475620
1780456782,120.375459
1780456782,106.434179
1780456782,107.273114
1780456782,127.262473
1780456782,106.985939
1780456782,107.438490
1780456782,109.805329
1780456782,107.802913
1780456782,107.911494
1780456782,110.093699
1780456782,121.169497
1780456782,115.681951
1780456782,108.143421
1780456782,121.574739
1780456782,130.904868
1780456782,109.888869
1780456782,124.479326
1780456782,108.770821
1780456782,125.045442
1780456782,122.439296
1780456782,122.510014
1780456782,111.708355
1780456782,117.547670
1780456782,121.585618
1780456782,109.280393
1780456782,121.187453
1780456782,111.021031
1780456782,119.965985
1780456782,106.135714
1780456782,113.602255
1780456782,133.321145
1780456782,114.674580
1780456782,118.357438
1780456782,118.547185
1780456782,125.167871
1780456782,125.234557
1780456782,118.050786
1780456782,117.876084
1780456782,109.439364
1780456782,125.654840
1780456782,115.095827
1780456782,125.879861
1780456782,105.865474
1780456782,105.807395
1780456782,125.639039
1780456782,105.830675
1780456782,117.987990
1780456782,112.879524
1780456782,135.347656
1780456782,102.551538
1780456782,118.040126
1780456782,117.925579
1780456782,126.650596
1780456782,118.024371
1780456782,118.058981
1780456782,126.402174
1780456782,116.869004
1780456782,121.577519
1780456782,106.667623
1780456782,117.082519
1780456782,120.442576
1780456782,106.012411
1780456782,106.139114
1780456782,112.904766
1780456782,127.597953
1780456782,113.728748
1780456782,117.388225
1780456782,121.783299
1780456782,118.464631
1780456782,112.230840
1780456782,106.437563
1780456782,127.697562
1780456782,112.438651
1780456782,112.866091
1780456782,108.663051
1780456782,108.775233
1780456782,119.024914
1780456782,119.202845
1780456782,108.518359
1780456782,119.654157
1780456782,119.692490
1780456782,108.723778
1780456782,119.394361
1780456782,101.431976
1780456782,129.692463
1780456782,119.490202
1780456782,108.693195
1780456782,108.693683
1780456782,119.450354
1780456782,119.914862
1780456782,119.389056
1780456782,128.792905
1780456782,108.963642
1780456782,119.536602
1780456782,128.986760
1780456782,109.096524
1780456782,105.738847
1780456782,119.343778
1780456782,120.251508
1780456782,119.569482
1780456782,120.154029
1780456782,103.120868
1780456782,120.244861
1780456782,109.997046
1780456782,122.271137
1780456782,104.770624
1780456782,105.736896
1780456782,130.256868
1780456782,104.716151
1780456782,120.498566
1780456782,102.816599
1780456782,120.097779
1780456782,104.386259
1780456782,121.104116
1780456782,121.556141
1780456782,120.899227
1780456782,119.037099
1780456782,121.103627
1780456782,119.043243
1780456782,117.552302
1780456782,121.196703
1780456782,103.584656
1780456782,118.228999
1780456782,121.546514
1780456782,118.431364
1780456782,107.936568
1780456782,118.225793
1780456782,123.754753
1780456782,123.717979
1780456782,103.817575
1780456782,110.238997
1780456782,131.248422
1780456782,108.375411
1780456782,118.408345
1780456782,102.807336
1780456782,122.467038
1780456782,107.260410
1780456782,107.313218
1780456782,119.038798
1780456782,104.458216
1780456782,111.469160
1780456782,103.165430
1780456782,111.392805
1780456782,124.548276
1780456782,109.382088
1780456782,123.406815
1780456782,108.344328
1780456782,110.357252
1780456782,103.092061
1780456782,119.888624
1780456782,119.802550
1780456782,109.908625
1780456782,110.187188
1780456782,124.912309
1780456782,123.643984
1780456782,119.794908
1780456782,109.663917
1780456782,133.073962
1780456782,120.665786
1780456782,103.167987
1780456782,123.986950
1780456782,118.949306
1780456782,102.744653
1780456782,124.064187
1780456782,109.201976
1780456782,125.336397
1780456782,106.549372
1780456782,126.607553
1780456782,121.081636
1780456782,102.906068
1780456782,119.581607
1780456782,107.199970
1780456782,130.367256
1780456782,102.977939
1780456782,124.398334
1780456782,126.816852
1780456782,104.536054
1780456782,123.712163
1780456782,120.280987
1780456782,106.329032
1780456782,128.247235
1780456782,106.644354
1780456782,127.307914
1780456782,128.409867
1780456782,125.967468
1780456782,106.927968
1780456782,105.855578
1780456782,124.917805
1780456782,128.238100
1780456782,103.298835
1780456782,105.275216
1780456782,126.792533
1780456782,104.815744
1780456782,126.947070
1780456782,103.619503
1780456782,103.587019
1780456782,126.788331
1780456782,103.688549
1780456782,104.073261
1780456782,128.834141
1780456782,126.968494
1780456782,103.079914
1780456782,103.006239
1780456782,126.921925
1780456782,130.243598
1780456782,102.906329
1780456782,103.204311
1780456782,130.500423
1780456782,128.627302
1780456782,103.320480
1780456782,121.559246
1780456782,128.657338
1780456782,130.360938
1780456782,128.261331
1780456782,128.094951
1780456782,121.894673
1780456782,102.435985
1780456782,121.735222
1780456782,102.488274
1780456782,130.265600
1780456782,102.723283
1780456782,102.869491
1780456782,121.393862
1780456782,102.686344
1780456782,122.136153
1780456782,121.800027
1780456782,121.633308
1780456782,129.135711
1780456782,121.625021
1780456782,128.512149
1780456782,121.661363
1780456782,116.375213
1780456782,102.274692
1780456782,122.219413
1780456782,116.653964
1780456782,102.395620
1780456782,128.307024
1780456782,116.726674
1780456782,121.688746
1780456782,117.170717
1780456782,102.617384
1780456782,128.341093
1780456782,117.270057
1780456782,127.270967
1780456782,116.832194
1780456782,121.963629
1780456782,117.150045
1780456782,121.917417
1780456782,117.221792
1780456782,117.071185
1780456782,121.785236
1780456782,102.304907
1780456782,121.955798
1780456782,102.332615
1780456782,102.409007
1780456782,127.591203
1780456782,127.688892
1780456782,128.224292
1780456782,116.792262
1780456782,128.354231
1780456782,116.960892
1780456782,128.641753
1780456782,118.273550
1780456782,128.274078
1780456782,127.150942
1780456782,122.015933
1780456782,102.335371
1780456782,121.502307
1780456782,127.370077
1780456782,102.454754
1780456782,102.771474
1780456782,119.470659
1780456782,125.544862
1780456782,118.872686
1780456782,102.644611
1780456782,102.725386
1780456782,126.018130
1780456782,118.193329
1780456782,125.691326
1780456782,118.907440
1780456782,104.240904
1780456782,121.851944
1780456782,105.082994
1780456782,118.932206
1780456782,122.028868
1780456782,121.409575
1780456782,104.551409
1780456782,120.526179
1780456782,104.798172
1780456782,122.666428
1780456782,119.628326
1780456782,105.166414
1780456782,122.676345
1780456782,105.578579
1780456782,122.825137
1780456782,124.058812
1780456782,104.781518
1780456782,105.028807
1780456782,126.985416
1780456782,126.144726
1780456782,105.669858
1780456782,122.330917
1780456782,122.595781
1780456782,121.277467
1780456782,118.398541
1780456782,127.014259
1780456782,105.742151
1780456782,105.859840
1780456782,121.024168
1780456782,105.757680
1780456782,120.185511
1780456782,120.121976
1780456782,126.325275
1780456782,118.634901
1780456782,126.574433
1780456782,119.062354
1780456782,103.760512
1780456782,123.331644
1780456782,126.774483
1780456782,123.183991
1780456782,119.168472
1780456782,119.594232
1780456782,120.631029
1780456782,121.188896
1780456782,121.140507
1780456782,106.977932
1780456782,121.441485
1780456782,107.819148
1780456782,121.289924
1780456782,108.144119
1780456782,122.877356
1780456782,108.407713
1780456782,123.288101
1780456782,121.346246
1780456782,119.754677
1780456782,118.978807
1780456782,108.672815
1780456782,107.405904
1780456782,120.150012
1780456782,119.166824
1780456782,120.185916
1780456782,108.758281
1780456782,119.273680
1780456782,119.170628
1780456782,107.896445
1780456782,109.506806
1780456782,119.096840
1780456782,120.933734
1780456782,109.137835
1780456782,108.162557
1780456782,119.816919
1780456782,118.473869
1780456782,118.364825
1780456782,118.805462
1780456782,110.221587
1780456782,109.110118
1780456782,109.431768
1780456782,119.184441
1780456782,106.670444
1780456782,119.425557
1780456782,108.110087
1780456782,119.412436
1780456782,119.309166
1780456782,107.667798
1780456782,107.748729
1780456782,107.575782
1780456782,119.519695
1780456782,107.876920
1780456782,118.669277
1780456782,108.038940
1780456782,119.327049
1780456782,119.054296
1780456782,108.220309
1780456782,108.280805
1780456782,108.189557
1780456782,120.406209
1780456782,108.273759
1780456782,119.595590
1780456782,108.421460
1780456782,109.471040
1780456782,108.188206
1780456782,119.385386
1780456782,109.665248
1780456782,109.620422
1780456782,108.193588
1780456782,107.107256
1780456782,119.073688
1780456782,109.366799
1780456782,105.180609
1780456782,119.494959
1780456782,106.490541
1780456782,118.213771
1780456782,118.335244
1780456782,117.101253
1780456782,109.591089
1780456782,110.013280
1780456782,105.527658
1780456782,107.147488
1780456782,111.439048
1780456782,110.034668
1780456782,104.836616
1780456782,105.273896
1780456782,111.164324
1780456782,110.884613
1780456782,112.569711
1780456782,109.251326
1780456782,111.759056
1780456782,105.554390
1780456782,105.531325
1780456782,117.870819
1780456782,105.916018
1780456782,106.607168
1780456782,118.693373
1780456782,106.725954
1780456782,114.037822
1780456782,112.900486
1780456782,112.511983
1780456782,113.459215
1780456782,111.069436
1780456782,111.720508
1780456782,119.294018
1780456782,112.772718
1780456782,112.636666
1780456782,119.264335
1780456782,110.952862
1780456782,111.536573
1780456782,119.923191
1780456782,113.944903
1780456782,120.334492
1780456782,111.417629
1780456782,112.089703
1780456782,119.473155
1780456782,111.690665
1780456782,112.919503
1780456782,114.525371
1780456782,114.224539
1780456782,114.873175
1780456782,115.714330
1780456782,113.406482
1780456782,114.388669
1780456782,112.240372
1780456782,114.726432
1780456782,116.350354
1780456782,112.846710
1780456782,110.058800
1780456782,116.122526
1780456782,115.965602
1780456782,113.843191
1780456782,116.102967
1780456782,115.152473
1780456782,116.276918
1780456782,112.008361
1780456782,110.595392
1780456782,114.833484
1780456782,110.785456
1780456782,112.453906
1780456782,113.695235
1780456782,106.001919
1780456782,117.625153
1780456782,116.896161
1780456782,117.564945
1780456782,117.064960
1780456782,114.037549
1780456782,114.939687
1780456782,115.823839
1780456782,117.078371
1780456782,112.733438
1780456782,115.517437
1780456782,115.378982
1780456782,117.061711
1780456782,108.975789
1780456782,106.696558
1780456782,108.070642
1780456782,108.337338
1780456782,107.815254
1780456782,108.256770
1780456782,109.464061
1780456782,116.713309
1780456782,116.481086
1780456782,116.252021
1780456782,108.422101
1780456782,107.974873
1780456782,108.418953
1780456782,109.053551
1780456782,108.433161
1780456782,108.978008
1780456782,109.928913
1780456782,109.052391
1780456782,115.980513
1780456782,120.452932
1780456782,116.041393
1780456782,110.096030
1780456782,114.565957
1780456782,114.930062
1780456782,110.552839
1780456782,108.907555
1780456782,111.014626
1780456782,111.414196
1780456782,108.836284
1780456782,109.637125
1780456782,103.663791
1780456782,111.703031
1780456782,112.556324
1780456782,111.004537
1780456782,104.765960
1780456782,114.106788
1780456782,114.261122
1780456782,113.806448
1780456782,113.841127
1780456782,114.308899
1780456782,112.323113
1780456782,104.892838
1780456782,114.039938
1780456782,104.908765
1780456782,113.695759
1780456782,112.794481
1780456782,111.171000
1780456782,103.334910
1780456782,111.824001
1780456782,111.821751
1780456782,110.406041
1780456782,110.580250
1780456782,103.134875
1780456782,103.461146
1780456782,110.918301
1780456782,103.477786
1780456782,108.739692
1780456782,107.735351
1780456782,111.440847
1780456782,104.056521
1780456782,107.689302
1780456782,111.568358
1780456782,103.843086
1780456782,111.511504
1780456782,104.015537
1780456782,104.055059
1780456782,103.125307
1780456782,103.522958
1780456782,111.514787
1780456782,111.524035
1780456782,112.581712
1780456782,114.539957
1780456782,113.402214
1780456782,111.591857
1780456782,113.451469
1780456782,110.540133
1780456782,111.971257
1780456782,110.912891
1780456782,110.636002
1780456782,105.619948
1780456782,110.532751
1780456782,110.697772
1780456782,110.602962
1780456782,104.283147
1780456782,106.940620
1780456782,107.013028
1780456782,105.390189
1780456782,108.370260
1780456782,105.165767
1780456782,104.771133
1780456782,104.975882
1780456782,107.427888
1780456782,104.164375
1780456782,107.734875
1780456782,107.516445
1780456782,113.536648
1780456782,107.610853
1780456782,108.624111
1780456782,107.983438
1780456782,108.723432
1780456782,106.224144
1780456782,113.593971
1780456782,115.815069
1780456782,115.830818
1780456782,115.672743
1780456782,115.925939
1780456782,115.798033
1780456782,115.128669
1780456782,109.613399
1780456782,109.570255
1780456782,115.948560
1780456782,115.934632
1780456782,115.120865
1780456782,115.174407
1780456782,109.690600
1780456782,106.802021
1780456782,109.011165
1780456782,108.914157
1780456782,107.114844
1780456782,106.727890
1780456782,109.492098
1780456782,108.538403
1780456782,107.345965
1780456782,109.082647
1780456782,108.724056
1780456782,118.113777
1780456782,118.154977
1780456782,105.648012
1780456782,105.552187
1780456782,118.095026
1780456782,105.950479
1780456782,109.985891
1780456782,107.745085
1780456782,112.552843
1780456782,109.599110
1780456782,106.002071
1780456782,108.569514
1780456782,107.876169
1780456782,108.989646
1780456782,106.323745
1780456782,106.383453
1780456782,108.246142
1780456782,107.144779
1780456782,108.437850
1780456782,107.669145
1780456782,107.514061
1780456782,107.876785
1780456782,107.764642
1780456782,108.242454
1780456782,108.231496
1780456782,108.334335
1780456782,106.105858
1780456782,105.897780
1780456782,106.675800
1780456782,107.484931
1780456782,107.604198
1780456782,107.765799
1780456782,107.944311
1780456782,107.829020
1780456782,106.013647
1780456782,107.988719
1780456782,110.190749
1780456782,106.957206
1780456782,107.677820
1780456782,110.162183
1780456782,106.599224
1780456782,103.274055
1780456782,111.169368
1780456782,111.495501
1780456782,111.419377
1780456782,111.183158
1780456782,111.050292
1780456782,108.707885
1780456782,110.581060
1780456782,108.891478
1780456782,109.518916
1780456782,109.103464
1780456782,111.616370
1780456782,106.792693
1780456782,111.386493
1780456782,107.501975
1780456782,107.749443
1780456782,111.930134
1780456782,111.760750
1780456782,106.890322
1780456782,107.676598
1780456782,107.623581
1780456782,107.654449
1780456782,107.268938
1780456782,107.322561
1780456782,107.938525
1780456782,108.062593
1780456782,107.252411
1780456782,107.245461
1780456782,107.465482
1780456782,108.097264
1780456782,107.059396
1780456782,109.542798
1780456782,108.354276
1780456782,107.814932
1780456782,109.788210
1780456782,108.050416
1780456782,109.894156
1780456782,108.146611
1780456782,107.111528
1780456782,109.663447
1780456782,107.782241
1780456782,109.667345
1780456782,107.425436
1780456782,107.898184
1780456782,107.953590
1780456782,108.867077
1780456782,108.522699
1780456782,108.596525
1780456782,108.880453
1780456782,109.153554
1780456782,108.379099
1780456782,109.285297
1780456782,104.359098
1780456782,109.439084
1780456782,108.978336
1780456782,105.986971
1780456782,109.859938
1780456782,105.624082
1780456782,105.631163
1780456782,105.354315
1780456782,105.425121
1780456782,105.790129
1780456782,105.626719
1780456782,105.636805
1780456782,104.315850
1780456782,104.528104
1780456782,105.342040
1780456782,105.558059
1780456782,105.432948
1780456782,105.548921
1780456782,106.035172
1780456782,106.668287
1780456782,108.540904
1780456782,108.521696
1780456782,110.976260
1780456782,111.141491
1780456782,108.696981
1780456782,109.518001
1780456782,107.073351
1780456782,106.933016
1780456782,106.677250
1780456782,106.792087
1780456782,109.277708
1780456782,109.291970
1780456782,110.277811
1780456782,106.512588
1780456782,110.235784
1780456782,110.278654
1780456782,110.367692
1780456782,104.763154
1780456782,110.789140
1780456782,111.181019
1780456782,104.172754
1780456782,104.212258
1780456782,112.078296
1780456782,111.891990
1780456782,111.758997
1780456782,104.366154
1780456782,111.843601
1780456782,108.987617
1780456782,109.337120
1780456782,109.499504
1780456782,117.195684
1780456782,117.791411
1780456782,117.972755
1780456782,117.638750
1780456782,117.679444
1780456782,117.524575
1780456782,117.626044
1780456782,116.063311
1780456782,117.498795
1780456782,116.100916
1780456782,117.595718
1780456782,114.644175
1780456782,117.738494
1780456782,117.819783
1780456782,107.691720
1780456782,109.514608
1780456782,109.795013
1780456782,109.646119
1780456782,109.791491
1780456782,109.770899
1780456782,109.375952
1780456782,109.739121
1780456782,108.688264
1780456782,110.154971
1780456782,109.747784
1780456782,110.377782
1780456782,109.865552
1780456782,110.402436
1780456782,109.596673
1780456782,112.321561
1780456782,113.197367
1780456782,110.008339
1780456782,113.154870
1780456782,110.132866
1780456782,109.603301
1780456782,111.475991
1780456782,112.959025
1780456782,113.667771
1780456782,110.673497
1780456782,112.375358
1780456782,113.630201
1780456782,113.180269
1780456782,113.875748
1780456782,110.681455
1780456782,113.958026
1780456782,114.069495
1780456782,111.900333
1780456782,112.336447
1780456782,110.185871
1780456782,108.756213
1780456782,110.594239
1780456782,108.755233
1780456782,118.806492
1780456782,116.839849
1780456782,118.725862
1780456782,118.813226
1780456782,113.787030
1780456782,106.361886
1780456782,116.940143
1780456782,114.516406
1780456782,113.764910
1780456782,116.932065
1780456782,116.156296
1780456782,119.592807
1780456782,119.564232
1780456782,116.165979
1780456782,116.001648
1780456782,119.965339
1780456782,116.086352
1780456782,115.298512
1780456782,109.963957
1780456782,115.423426
1780456782,114.762738
1780456782,117.142089
1780456782,116.227692
1780456782,115.585697
1780456782,110.339782
1780456782,116.027518
1780456782,117.315524
1780456782,115.756171
1780456782,119.826621
1780456782,119.139429
1780456782,117.654844
1780456782,116.923695
1780456782,118.439045
1780456782,120.446226
1780456782,120.109210
1780456782,115.921944
1780456782,115.623407
1780456782,115.711602
1780456782,105.098196
1780456782,105.049831
1780456782,105.002329
1780456782,106.249666
1780456782,104.737095
1780456782,105.057087
1780456782,106.062359
1780456782,105.940677
1780456782,106.065477
1780456782,117.999569
1780456782,117.669839
1780456782,117.930239
1780456782,117.834142
1780456782,117.738569
1780456782,107.144645
1780456782,107.134912
1780456782,107.569820
1780456782,107.546149
1780456782,108.340550
1780456782,108.641223
1780456782,106.960981
1780456782,108.342844
1780456782,120.712378
1780456782,120.623548
1780456782,120.715933
1780456782,119.199447
1780456782,119.169399
1780456782,111.256960
1780456782,123.069180
1780456782,121.612634
1780456782,107.592202
1780456782,119.281887
1780456782,108.475686
1780456782,119.209758
1780456782,123.443190
1780456782,122.848431
1780456782,122.351210
1780456782,121.108284
1780456782,121.189662
1780456782,119.804153
1780456782,111.486802
1780456782,119.770754
1780456782,123.278919
1780456782,121.799225
1780456782,123.304179
1780456782,119.830524
1780456782,126.697602
1780456782,125.510055
1780456782,117.850080
1780456782,124.693611
1780456782,124.782305
1780456782,117.942733
1780456782,111.540570
1780456782,124.356114
1780456782,122.747446
1780456782,124.463492
1780456782,118.044467
1780456782,118.123933
1780456782,124.673175
1780456782,109.085393
1780456782,124.892707
1780456782,122.543969
1780456782,112.946865
1780456782,113.020631
1780456782,111.906234
1780456782,118.323476
1780456782,118.234877
1780456782,109.816928
1780456782,113.416969
1780456782,110.439684
1780456782,103.714470
1780456782,113.911017
1780456782,113.866028
1780456782,111.665036
1780456782,104.068454
1780456782,114.776566
1780456782,114.161091
1780456782,113.659010
1780456782,103.274296
1780456782,103.571583
1780456782,114.053266
1780456782,115.626486
1780456782,103.747901
1780456782,103.740215
1780456782,115.022387
1780456782,112.863984
1780456782,103.464036
1780456782,114.486894
1780456782,114.446883
1780456782,114.263041
1780456782,114.554275
1780456782,114.642985
1780456782,104.031024
1780456782,130.048958
1780456782,129.772345
1780456782,127.398450
1780456782,129.411121
1780456782,129.669872
1780456782,129.753737
1780456782,129.070893
1780456782,107.460975
1780456782,106.523175
1780456782,103.980136
1780456782,104.206256
1780456782,103.670439
1780456782,118.219111
1780456782,119.541492
1780456782,119.780442
1780456782,111.995239
1780456782,114.160323
1780456782,109.277820
1780456782,114.775671
1780456782,109.630667
1780456782,109.119871
1780456782,116.807339
1780456782,120.552007
1780456782,118.554139
1780456782,105.105247
1780456782,119.828681
1780456782,118.753588
1780456782,117.582122
1780456782,116.917361
1780456782,116.968436
1780456782,117.383063
1780456782,106.945212
1780456782,103.988195
1780456782,104.213469
1780456782,115.714705
1780456782,104.938091
1780456782,104.989538
1780456782,104.783537
1780456782,105.528673
1780456782,103.493935
1780456782,105.120002
1780456782,107.447379
1780456782,107.951717
1780456782,108.553713
1780456782,116.028365
1780456782,112.256526
1780456782,112.334212
1780456782,108.713966
1780456782,107.769160
1780456782,109.844031
1780456782,103.350959
1780456782,109.325589
1780456782,104.844282
1780456782,113.587194
1780456782,111.174244
1780456782,113.592788
1780456782,113.540553
1780456782,113.624547
1780456782,108.943070
1780456782,108.933870
1780456782,104.286724
1780456782,104.970487
1780456782,108.014003
1780456782,112.300785
1780456782,108.119592
1780456782,108.221272
1780456782,112.402118
1780456782,113.280810
1780456782,113.151922
1780456782,109.263921
1780456782,113.484901
1780456782,113.096567
1780456782,113.500345
1780456782,109.552667
1780456782,113.357341
1780456782,112.582376
1780456782,112.994292
1780456782,113.368140
1780456782,112.700944
1780456782,112.798584
1780456782,104.585024
1780456782,105.326334
1780456782,114.052495
1780456782,113.240447
1780456782,113.222267
1780456782,114.600412
1780456782,113.508172
1780456782,113.318520
1780456782,111.914161
1780456782,111.893201
1780456782,110.685839
1780456782,110.827586
1780456782,113.469906
1780456782,113.271717
1780456782,108.203605
1780456782,108.435549
1780456782,105.852539
1780456782,108.548856
1780456782,113.566961
1780456782,112.171100
1780456782,110.590743
1780456782,110.555505
1780456782,102.953715
1780456782,109.084518
1780456782,111.982842
1780456782,108.992350
1780456782,112.070133
1780456782,110.727002
1780456782,109.330117
1780456782,107.268340
1780456782,108.534546
1780456782,109.922029
1780456782,107.359814
1780456782,109.390477
1780456782,109.950652
1780456782,107.461759
1780456782,107.133421
1780456782,110.694022
1780456782,110.386264
1780456782,109.764882
1780456782,110.761437
1780456782,111.240221
1780456782,106.539400
1780456782,105.407373
1780456782,112.676602
1780456782,106.552734
1780456782,106.621157
1780456782,106.540705
1780456782,109.423656
1780456782,111.609438
1780456782,107.739701
1780456782,111.571961
1780456782,106.865742
1780456782,105.944939
1780456782,102.947304
1780456782,112.214432
1780456782,102.714451
1780456782,103.126972
1780456782,112.331148
1780456782,112.130362
1780456782,112.145044
1780456782,111.898811
1780456782,110.520218
1780456782,109.127255
1780456782,112.032557
1780456782,110.185645
1780456782,108.495518
1780456782,112.214395
1780456782,111.023648
1780456782,109.227837
1780456782,108.528356
1780456782,110.472449
1780456782,109.473856
1780456782,107.919708
1780456782,107.322266
1780456782,109.659283
1780456782,107.435375
1780456782,103.946336
1780456782,107.522488
1780456782,109.326735
1780456782,104.177388
1780456782,107.543401
1780456782,104.156044
1780456782,107.555720
1780456782,107.405149
1780456782,103.382217
1780456782,103.383099
1780456782,111.133784
1780456782,107.765511
1780456782,107.743027
1780456782,107.080428
1780456782,107.034062
1780456782,107.098639
1780456782,107.270625
1780456782,106.322474
1780456782,106.557023
1780456782,107.105419
1780456782,107.200334
1780456782,103.574286
1780456782,108.157309
1780456782,104.917240
1780456782,108.394985
1780456782,109.318458
1780456782,108.267425
1780456782,112.831219
1780456782,103.869553
1780456782,103.847961
1780456782,108.669053
1780456782,107.420719
1780456782,108.668401
1780456782,108.736416
1780456782,107.377430
1780456782,105.328502
1780456782,105.950951
1780456782,105.159609
1780456782,105.645145
1780456782,106.868905
1780456782,103.960283
1780456782,107.607922
1780456782,107.576665
1780456782,103.240512
1780456782,104.596321
1780456782,103.555688
1780456782,109.414418
1780456782,108.598058
1780456782,108.321331
1780456782,111.437198
1780456782,108.481540
1780456782,112.016823
1780456782,110.371206
1780456782,111.348702
1780456782,107.372102
1780456782,112.182970
1780456782,109.211448
1780456782,107.469599
1780456782,111.486203
1780456782,112.240404
1780456782,111.580161
1780456782,107.527254
1780456782,106.633358
1780456782,103.981043
1780456782,109.281235
1780456782,107.552776
1780456782,109.193191
1780456782,109.249499
1780456782,109.465624
1780456782,108.334672
1780456782,108.503673
1780456782,108.949783
1780456782,109.039484
1780456782,109.139668
1780456782,107.959631
1780456782,104.367979
1780456782,107.925388
1780456782,109.414642
1780456782,111.080477
1780456782,111.271436
1780456782,111.254550
1780456782,109.690653
1780456782,104.465800
1780456782,109.841658
1780456782,107.628644
1780456782,109.636663
1780456782,110.795942
1780456782,111.506013
1780456782,108.588013
1780456782,111.591541
1780456782,111.350109
1780456782,107.723498
1780456782,106.935887
1780456782,104.375898
1780456782,107.004044
1780456782,105.799009
1780456782,107.208887
1780456782,110.424804
1780456782,105.445534
1780456782,107.643685
1780456782,106.208614
1780456782,105.565712
1780456782,107.870423
1780456782,104.748730
1780456782,108.006938
1780456782,105.428641
1780456782,110.959138
1780456782,103.190625
1780456782,108.195536
1780456782,103.395074
1780456782,109.540835
1780456782,107.259093
1780456782,109.685662
1780456782,107.543007
1780456782,109.147815
1780456782,109.310138
1780456782,109.384010
1780456782,109.343266
1780456782,106.974473
1780456782,106.911655
1780456782,107.524528
1780456782,107.734953
1780456782,107.719236
1780456782,104.635773
1780456782,107.958482
1780456782,107.919760
1780456782,107.680573
1780456782,105.307083
1780456782,105.314143
1780456782,106.092015
1780456782,106.360865
1780456782,106.514734
1780456782,106.483268
1780456782,106.420299
1780456782,106.527045
1780456782,106.436205
1780456782,106.591227
1780456782,104.152988
1780456782,106.585642
1780456782,106.705135
1780456782,107.290978
1780456782,105.348264
1780456782,104.105953
1780456782,105.433935
1780456782,105.650876
1780456782,104.345061
1780456782,103.845583
1780456782,105.345228
1780456782,105.265983
1780456782,108.912027
1780456782,105.481618
1780456782,104.627295
1780456782,104.710758
1780456782,101.826327
1780456782,103.119606
1780456782,105.358541
1780456782,103.780336
1780456782,104.458021
1780456782,104.295167
1780456782,105.536700
1780456782,105.727647
1780456782,105.442903
1780456782,105.809849
1780456782,105.884896
1780456782,105.851509
1780456782,105.751835
1780456782,104.874923
1780456782,105.020484
1780456782,102.971512
1780456782,106.352013
1780456782,105.388490
1780456782,103.408728
1780456782,109.484041
1780456782,107.141955
1780456782,109.399619
1780456782,111.919911
1780456782,111.989401
1780456782,110.533919
1780456782,112.161957
1780456782,110.906800
1780456782,112.251437
1780456782,110.834129
1780456782,106.941189
1780456782,110.694258
1780456782,103.902493
1780456782,112.196965
1780456782,107.229676
1780456782,112.300876
1780456782,109.793273
1780456782,111.122935
1780456782,107.422385
1780456782,110.763950
1780456782,107.375764
1780456782,104.387673
1780456782,109.941504
1780456782,106.171042
1780456782,111.253760
1780456782,111.229606
1780456782,111.075074
1780456782,104.706947
1780456782,106.459232
1780456782,105.011831
1780456782,105.215867
1780456782,105.088966
1780456782,105.077552
1780456782,105.731356
1780456782,105.879741
1780456782,103.972518
1780456782,106.157422
1780456782,106.394160
1780456782,104.538612
1780456782,106.584255
1780456782,106.659871
1780456782,107.355325
1780456782,107.541695
1780456782,107.495338
1780456782,107.054749
1780456782,107.428986
1780456782,107.520975
1780456782,107.401510
1780456782,107.317922
1780456782,107.412766
1780456782,107.303536
1780456782,107.197470
1780456782,107.590875
1780456782,105.077311
1780456782,107.780196
1780456782,104.837996
1780456782,104.819626
1780456782,106.578437
1780456782,105.296612
1780456782,105.636319
1780456782,105.385039
1780456782,105.679211
1780456782,107.088121
1780456782,105.727944
1780456782,107.369065
1780456782,108.659596
1780456782,108.592848
1780456782,108.788595
1780456782,106.148084
1780456782,106.390843
1780456782,106.362949
1780456782,106.392575
1780456782,106.464864
1780456782,107.043211
1780456782,105.670591
1780456782,106.928922
1780456782,108.409090
1780456782,105.900485
1780456782,104.505125
1780456782,106.398262
1780456782,107.777283
1780456782,107.786431
1780456782,106.540865
1780456782,107.912064
1780456782,107.678312
1780456782,107.602966
1780456782,105.458116
1780456782,109.529173
1780456782,110.840801
1780456782,110.848071
1780456782,110.833811
1780456782,109.776013
1780456782,109.695255
1780456782,107.363710
1780456782,107.829831
1780456782,109.786126
1780456782,108.651697
1780456782,104.722083
1780456782,107.582949
1780456782,104.227920
1780456782,109.182382
1780456782,109.036763
1780456782,109.259055
1780456782,106.781026
1780456782,109.161386
1780456782,108.657318
1780456782,107.121225
1780456782,109.188430
1780456782,107.715572
1780456782,107.639232
1780456782,107.845704
1780456782,110.591823
1780456782,108.303503
1780456782,110.623433
1780456782,106.347210
1780456782,110.300354
1780456782,110.382447
1780456782,106.711889
1780456782,104.087959
1780456782,104.421860
1780456782,111.433167
1780456782,111.429569
1780456782,111.336789
1780456782,109.566527
1780456782,111.422965
1780456782,111.410058
1780456782,111.394541
1780456782,104.583572
1780456782,111.497017
1780456782,107.740960
1780456782,108.072975
1780456782,105.125344
1780456782,106.985404
1780456782,108.258838
1780456782,108.420740
1780456782,112.329714
1780456782,112.369355
1780456782,112.352364
1780456782,111.064299
1780456782,111.378491
1780456782,105.662728
1780456782,110.309170
1780456782,106.333989
1780456782,106.599487
1780456782,109.896453
1780456782,106.897484
1780456782,109.055015
1780456782,109.221982
1780456782,109.613363
1780456782,107.545380
1780456782,108.152167
1780456782,103.838440
1780456782,112.156223
1780456782,112.260694
1780456782,107.069968
1780456782,108.994645
1780456782,109.455839
1780456782,109.610525
1780456782,109.043564
1780456782,109.521586
1780456782,107.941108
1780456782,112.669963
1780456782,106.953336
1780456782,109.860989
1780456782,111.049673
1780456782,109.623370
1780456782,107.679053
1780456782,110.526536
1780456782,110.772257
1780456782,111.604792
1780456782,111.455240
1780456782,109.273447
1780456782,111.429386
1780456782,111.151928
1780456782,109.286961
1780456782,108.279829
1780456782,109.430813
1780456782,111.776392
1780456782,111.326604
1780456782,112.516901
1780456782,112.042298
1780456782,109.101962
1780456782,105.049985
1780456782,112.265756
1780456782,108.992245
1780456782,112.020787
1780456782,107.575774
1780456782,109.262210
1780456782,112.159200
1780456782,108.234480
1780456782,112.501272
1780456782,108.291623
1780456782,110.755411
1780456782,112.721524
1780456782,110.957365
1780456782,111.103331
1780456782,108.768821
1780456782,110.116527
1780456782,113.317770
1780456782,110.632047
1780456782,111.871040
1780456782,109.523002
1780456782,109.592371
1780456782,110.887738
1780456782,109.857482
1780456782,109.841273
1780456782,109.757062
1780456782,108.822613
1780456782,106.409922
1780456782,108.762225
1780456782,108.961142
1780456782,110.404947
1780456782,109.275636
1780456782,109.701110
1780456782,109.968016
1780456782,110.023773
1780456782,110.552327
1780456782,110.039317
1780456782,108.684264
1780456782,108.520031
1780456782,108.700732
1780456782,109.745284
1780456782,109.658738
1780456782,109.631679
1780456782,105.242346
1780456782,109.712135
1780456782,106.118870
1780456782,109.783672
1780456782,109.737038
1780456782,108.762197
1780456782,112.172931
1780456782,110.298597
1780456782,110.898541
1780456782,103.836949
1780456782,110.907506
1780456782,107.188916
1780456782,105.375203
1780456782,107.470809
1780456782,111.255652
1780456782,107.957454
1780456782,111.377824
1780456782,117.603181
1780456782,117.562321
1780456782,117.522113
1780456782,117.741704
1780456782,116.503120
1780456782,116.313880
1780456782,112.213246
1780456782,114.600942
1780456782,116.404051
1780456782,116.477779
1780456782,107.874915
1780456782,108.858394
1780456782,106.366105
1780456782,112.089562
1780456782,115.125191
1780456782,114.976269
1780456782,112.795438
1780456782,116.258583
1780456782,116.622077
1780456782,107.695765
1780456782,109.201819
1780456782,116.454229
1780456782,115.377416
1780456782,115.592737
1780456782,107.517578
1780456782,107.930739
1780456782,106.478334
1780456782,107.383221
1780456782,107.458835
1780456782,106.441774
1780456782,110.767977
1780456782,108.066513
1780456782,110.957898
1780456782,108.918498
1780456782,114.713958
1780456782,114.536280
1780456782,117.367426
1780456782,116.824098
1780456782,108.783700
1780456782,108.086839
1780456782,112.147563
1780456782,116.975928
1780456782,104.779584
1780456782,117.532564
1780456782,117.477636
1780456782,113.952657
1780456782,117.667341
1780456782,107.870280
1780456782,113.377889
1780456782,117.913598
1780456782,106.824789
1780456782,107.093921
1780456782,105.329184
1780456782,113.418748
1780456782,114.021481
1780456782,114.318402
1780456782,121.011902
1780456782,119.972770
1780456782,114.781860
1780456782,120.197206
1780456782,112.433833
1780456782,114.843353
1780456782,114.912734
1780456782,114.510935
1780456782,112.760391
1780456782,112.809392
1780456782,114.730461
1780456782,112.985351
1780456782,109.535029
1780456782,104.274806
1780456782,110.258859
1780456782,110.308093
1780456782,104.623700
1780456782,109.146658
1780456782,112.339302
1780456782,112.314100
1780456782,107.214768
1780456782,107.811032
1780456782,114.204224
1780456782,112.472882
1780456782,111.120424
1780456782,114.510924
1780456782,122.726706
1780456782,122.237470
1780456782,118.062425
1780456782,122.895785
1780456782,122.322650
1780456782,116.242317
1780456782,117.688064
1780456782,119.059049
1780456782,120.315027
1780456782,118.047389
1780456782,120.361806
1780456782,117.441755
1780456782,113.005365
1780456782,111.468455
1780456782,111.462513
1780456782,114.645856
1780456782,116.454458
1780456782,113.525940
1780456782,117.722173
1780456782,110.394420
1780456782,112.375246
1780456782,115.773988
1780456782,111.261918
1780456782,116.005837
1780456782,104.872491
1780456782,110.609447
1780456782,106.837701
1780456782,104.960148
1780456782,118.045681
1780456782,114.402821
1780456782,104.036271
1780456782,112.734000
1780456782,117.542803
1780456782,112.870066
1780456782,113.344475
1780456782,114.662461
1780456782,114.550901
1780456782,114.525979
1780456782,113.540162
1780456782,115.003480
1780456782,114.956777
1780456782,110.259107
1780456782,111.570528
1780456782,114.097710
1780456782,109.740879
1780456782,106.937487
1780456782,111.948459
1780456782,115.199512
1780456782,115.189207
1780456782,110.787469
1780456782,115.245569
1780456782,112.412906
1780456782,111.064371
1780456782,114.121748
1780456782,112.182582
1780456782,114.070457
1780456782,115.445850
1780456782,107.578385
1780456782,111.356472
1780456782,112.703998
1780456782,114.696831
1780456782,114.640393
1780456782,111.210031
1780456782,114.667872
1780456782,111.551180
1780456782,114.627368
1780456782,111.549242
1780456782,114.869575
1780456782,111.676114
1780456782,111.841875
1780456782,112.214893
1780456782,113.648060
1780456782,108.670134
1780456782,110.933271
1780456782,110.869985
1780456782,108.834416
1780456782,111.299695
1780456782,113.979646
1780456782,110.414702
1780456782,110.567966
1780456782,111.468471
1780456782,114.096907
1780456782,109.565733
1780456782,114.293253
1780456782,110.031055
1780456782,111.017855
1780456782,109.767335
1780456782,108.086197
1780456782,108.012144
1780456782,111.738221
1780456782,109.864954
1780456782,108.196384
1780456782,115.272104
1780456782,109.987182
1780456782,108.297040
1780456782,107.070949
1780456782,110.245553
1780456782,115.309778
1780456782,112.298014
1780456782,110.076563
1780456782,107.498484
1780456782,107.407418
1780456782,109.005914
1780456782,113.662866
1780456782,109.028746
1780456782,107.457304
1780456782,106.819930
1780456782,106.776459
1780456782,112.206968
1780456782,116.311910
1780456782,108.049019
1780456782,107.157053
1780456782,116.578569
1780456782,107.189006
1780456782,108.268661
1780456782,106.266230
1780456782,111.948674
1780456782,106.278163
1780456782,116.494711
1780456782,110.719738
1780456782,104.589156
1780456782,117.174563
1780456782,111.381155
1780456782,117.565710
1780456782,109.776816
1780456782,104.638461
1780456782,117.753886
1780456782,104.874486
1780456782,108.096126
1780456782,117.995537
1780456782,108.049896
1780456782,112.710683
1780456782,106.392281
1780456782,117.329421
1780456782,113.513438
1780456782,110.818925
1780456782,114.993330
1780456782,113.652722
1780456782,117.485369
1780456782,106.780721
1780456782,116.489067
1780456782,107.299984
1780456782,121.145519
1780456782,107.380203
1780456782,119.885115
1780456782,107.389486
1780456782,113.857768
1780456782,107.586856
1780456782,120.875970
1780456782,114.111142
1780456782,118.487994
1780456782,112.566109
1780456782,118.801438
1780456782,114.266248
1780456782,107.798013
1780456782,118.657608
1780456782,107.624810
1780456782,117.748606
1780456782,116.615524
1780456782,107.273570
1780456782,107.644064
1780456782,107.596784
1780456782,107.519102
1780456782,110.042727
1780456782,118.095459
1780456782,107.683969
1780456782,107.594551
1780456782,117.032324
1780456782,106.372028
1780456782,106.492353
1780456782,117.241504
1780456782,108.188153
1780456782,106.524487
1780456782,108.183173
1780456782,117.704722
1780456782,122.755038
1780456782,105.451565
1780456782,117.936541
1780456782,124.333049
1780456782,105.615403
1780456782,122.485228
1780456782,115.272012
1780456782,115.703742
1780456782,108.995725
1780456782,124.655169
1780456782,109.191061
1780456782,117.378891
1780456782,114.127000
1780456782,120.337873
1780456782,115.470075
1780456782,118.012863
1780456782,104.409508
1780456782,120.236050
1780456782,123.075491
1780456782,109.128018
1780456782,119.606789
1780456782,105.864537
1780456782,106.002443
1780456782,114.251132
1780456782,117.029082
1780456782,124.772426
1780456782,105.819680
1780456782,109.327165
1780456782,120.545815
1780456782,124.909533
1780456782,106.000020
1780456782,111.787256
1780456782,114.566241
1780456782,114.561188
1780456782,113.241296
1780456782,106.044547
1780456782,104.137483
1780456782,120.671917
1780456782,104.218794
1780456782,106.488703
1780456782,104.044664
1780456782,106.383228
1780456782,106.363400
1780456782,103.123737
1780456782,106.565698
1780456782,103.164408
1780456782,103.356066
1780456782,103.275877
1780456782,103.363797
1780456782,106.145400
1780456782,103.540252
1780456782,119.609083
1780456782,103.617131
1780456782,102.426040
1780456782,105.491500
1780456782,122.156944
1780456782,103.996330
1780456782,103.997579
1780456782,102.472758
1780456782,105.858788
1780456782,121.688144
1780456782,104.357008
1780456782,119.822290
1780456782,103.341329
1780456782,120.146912
1780456782,103.287383
1780456782,103.426647
1780456782,105.060705
1780456782,103.576078
1780456782,120.019482
1780456782,120.214964
1780456782,103.710967
1780456782,103.001798
1780456782,120.692873
1780456782,119.347920
1780456782,103.157900
1780456782,104.608232
1780456782,119.613234
1780456782,105.117056
1780456782,103.685274
1780456782,103.705552
1780456782,103.828008
1780456782,103.990093
1780456782,104.057477
1780456782,104.708000
1780456782,119.932603
1780456782,103.982255
1780456782,119.956526
1780456782,104.066165
1780456782,120.366433
1780456782,120.283740
1780456782,105.435346
1780456782,103.584691
1780456782,120.559800
1780456782,104.520212
1780456782,122.447881
1780456782,120.161061
1780456782,104.660552
1780456782,121.494897
1780456782,120.548066
1780456782,120.815922
1780456782,105.433030
1780456782,106.430671
1780456782,122.350631
1780456782,120.141914
1780456782,105.696061
1780456782,121.530574
1780456782,106.229020
1780456782,121.744294
1780456782,106.216114
1780456782,121.124785
1780456782,103.210770
1780456782,104.616617
1780456782,121.475856
1780456782,121.369936
1780456782,107.307665
1780456782,106.180092
1780456782,107.426686
1780456782,121.620489
1780456782,106.177288
1780456782,106.383905
1780456782,119.232380
1780456782,120.169318
1780456782,120.190692
1780456782,104.629239
1780456782,106.769411
1780456782,120.221612
1780456782,104.552924
1780456782,107.172612
1780456782,107.398538
1780456782,120.335584
1780456782,120.814773
1780456782,120.487125
1780456782,120.497613
1780456782,120.903119
1780456782,119.475127
1780456782,119.620192
1780456782,108.314295
1780456782,121.108468
1780456782,108.184403
1780456782,107.384179
1780456782,108.301090
1780456782,121.780767
1780456782,121.463343
1780456782,107.294239
1780456782,118.689695
1780456782,118.646947
1780456782,120.270326
1780456782,108.980006
1780456782,104.984340
1780456782,107.883642
1780456782,109.326605
1780456782,105.192216
1780456782,106.837135
1780456782,107.208266
1780456782,105.584986
1780456782,109.587090
1780456782,105.787494
1780456782,120.307384
1780456782,109.249476
1780456782,106.259166
1780456782,106.676142
1780456782,107.086450
1780456782,108.835552
1780456782,120.944181
1780456782,108.963698
1780456782,120.549712
1780456782,120.357927
1780456782,109.128688
1780456782,106.849175
1780456782,107.671457
1780456782,107.831007
1780456782,119.798867
1780456782,119.525214
1780456782,109.611495
1780456782,109.509641
1780456782,109.607317
1780456782,109.653675
1780456782,108.276815
1780456782,108.487011
1780456782,108.147745
1780456782,110.569496
1780456782,107.196801
1780456782,111.101588
1780456782,111.607584
1780456782,115.467072
1780456782,126.595523
1780456782,115.421022
1780456782,112.466271
1780456782,115.681392
1780456782,121.352412
1780456782,125.506820
1780456782,112.463297
1780456782,112.191976
1780456782,126.604464
1780456782,112.352080
1780456782,126.737441
1780456782,121.685628
1780456782,112.338864
1780456782,112.363059
1780456782,112.598745
1780456782,126.935914
1780456782,123.262039
1780456782,112.876809
1780456782,111.352686
1780456782,127.137232
1780456782,112.657755
1780456782,127.225972
1780456782,111.501028
1780456782,113.096951
1780456782,112.858656
1780456782,125.084706
1780456782,111.460232
1780456782,127.229725
1780456782,113.098968
1780456782,123.646262
1780456782,110.852749
1780456782,122.317658
1780456782,111.100150
1780456782,122.410758
1780456782,112.136058
1780456782,124.195238
1780456782,112.253068
1780456782,111.561387
1780456782,124.864471
1780456782,123.435736
1780456782,113.155844
1780456782,122.642873
1780456782,112.044967
1780456782,111.098920
1780456782,123.180501
1780456782,109.746198
1780456782,112.345428
1780456782,109.622374
1780456782,122.413118
1780456782,108.991550
1780456782,112.604257
1780456782,110.657739
1780456782,111.032044
1780456782,120.834044
1780456782,110.115435
1780456782,109.550392
1780456782,123.694500
1780456782,112.811602
1780456782,109.850271
1780456782,109.509156
1780456782,120.623236
1780456782,121.844433
1780456782,109.958172
1780456782,111.153773
1780456782,108.926237
1780456782,110.301523
1780456782,109.134394
1780456782,105.598594
1780456782,119.965991
1780456782,106.040383
1780456782,127.633509
1780456782,108.697085
1780456782,108.701752
1780456782,127.875215
1780456782,108.882552
1780456782,118.946383
1780456782,119.226012
1780456782,103.896873
1780456782,108.682588
1780456782,120.862139
1780456782,103.860104
1780456782,110.029199
1780456782,108.895242
1780456782,117.838344
1780456782,121.069215
1780456782,115.733933
1780456782,113.836992
1780456782,116.069086
1780456782,115.323163
1780456782,104.337429
1780456782,110.702954
1780456782,114.390937
1780456782,110.256754
1780456782,110.931206
1780456782,115.154929
1780456782,104.951402
1780456782,111.356438
1780456782,114.683639
1780456782,106.271628
1780456782,106.214197
1780456782,106.377499
1780456782,115.913787
1780456782,115.007278
1780456782,110.677613
1780456782,109.212689
1780456782,111.876326
1780456782,111.328095
1780456782,111.670792
1780456782,112.432404
1780456782,114.749440
1780456782,109.758522
1780456782,111.530101
1780456782,114.686128
1780456782,114.812858
1780456782,107.777722
1780456782,111.988715
1780456782,115.130943
1780456782,111.366786
1780456782,107.664446
1780456782,115.375519
1780456782,115.478135
1780456782,112.724981
1780456782,115.591112
1780456782,112.874765
1780456782,115.590478
1780456782,114.695753
1780456782,115.009020
1780456782,106.069787
1780456782,107.783152
1780456782,110.800770
1780456782,107.996583
1780456782,110.272119
1780456782,113.878561
1780456782,113.999132
1780456782,107.600220
1780456782,112.672535
1780456782,107.729859
1780456782,113.915180
1780456782,112.881296
1780456782,114.011865
1780456782,109.074004
1780456782,112.254982
1780456782,111.501097
1780456782,112.055016
1780456782,105.618424
1780456782,112.966651
1780456782,105.023488
1780456782,113.634587
1780456782,113.731299
1780456782,118.761881
1780456782,118.765659
1780456782,118.897494
1780456782,118.604216
1780456782,118.711565
1780456782,117.307135
1780456782,103.917689
1780456782,104.793195
1780456782,104.779211
1780456782,119.834876
1780456782,118.173068
1780456782,118.325456
1780456782,112.134802
1780456782,117.803029
1780456782,104.314621
1780456782,117.636875
1780456782,104.754976
1780456782,113.199807
1780456782,114.886147
1780456782,106.372051
1780456782,106.391289
1780456782,114.478416
1780456782,114.294065
1780456782,105.192500
1780456782,106.392829
1780456782,106.511955
1780456782,114.327322
1780456782,116.704412
1780456782,113.764931
1780456782,105.467006
1780456782,105.465644
1780456782,103.421389
1780456782,114.857189
1780456782,114.878436
1780456782,114.147258
1780456782,105.814000
1780456782,114.320638
1780456782,116.992004
1780456782,114.502186
1780456782,116.457805
1780456782,114.993047
1780456782,114.619417
1780456782,113.157665
1780456782,112.424334
1780456782,108.555987
1780456782,106.768949
1780456782,108.759166
1780456782,108.916460
1780456782,107.252899
1780456782,108.209979
1780456782,107.773283
1780456782,108.688802
1780456782,109.646535
1780456782,108.222938
1780456782,108.830795
1780456782,118.550308
1780456782,109.034366
1780456782,108.584573
1780456782,109.158362
1780456782,110.976251
1780456782,105.687625
1780456782,104.612321
1780456782,109.249830
1780456782,110.057240
1780456782,109.605030
1780456782,119.666420
1780456782,119.671799
1780456782,119.623346
1780456782,111.608830
1780456782,111.136430
1780456782,111.621630
1780456782,118.907271
1780456782,111.607374
1780456782,111.695755
1780456782,118.929852
1780456782,111.806489
1780456782,125.176160
1780456782,125.198233
1780456782,114.236042
1780456782,114.188013
1780456782,114.175868
1780456782,114.576713
1780456782,114.313553
1780456782,121.845412
1780456782,114.722424
1780456782,114.348227
1780456782,114.586634
1780456782,112.506898
1780456782,114.476620
1780456782,114.787605
1780456782,112.658042
1780456782,114.910016
1780456782,114.516404
1780456782,115.047299
1780456782,114.514818
1780456782,112.786930
1780456782,121.634425
1780456782,104.091148
1780456782,119.612924
1780456782,121.670848
1780456782,116.567063
1780456782,114.775521
1780456782,114.916994
1780456782,116.544728
1780456782,116.763023
1780456782,116.690495
1780456782,115.624887
1780456782,116.947400
1780456782,115.117946
1780456782,111.739350
1780456782,110.433421
1780456782,112.341088
1780456782,112.677714
1780456782,111.846247
1780456782,108.957763
1780456782,113.529484
1780456782,114.953749
1780456782,107.443927
1780456782,115.216201
1780456782,115.152730
1780456782,115.312031
1780456782,115.824567
1780456782,110.850249
1780456782,110.856400
1780456782,106.426123
1780456782,106.667545
1780456782,106.774341
1780456782,107.058698
1780456782,113.192716
1780456782,112.695226
1780456782,112.441596
1780456782,107.045149
1780456782,106.706557
1780456782,106.549495
1780456782,111.884248
1780456782,107.037572
1780456782,105.676116
1780456782,107.403995
1780456782,107.759133
1780456782,122.248404
1780456782,122.432155
1780456782,121.090655
1780456782,122.392331
1780456782,121.199620
1780456782,107.018067
1780456782,121.351179
1780456782,114.438074
1780456782,109.407632
1780456782,103.867014
1780456782,103.803641
1780456782,112.465268
1780456782,108.308507
1780456782,108.282719
1780456782,108.267643
1780456782,109.548582
1780456782,109.226062
1780456782,108.688557
1780456782,111.909840
1780456782,108.609146
1780456782,109.187729
1780456782,112.060398
1780456782,113.952338
1780456782,111.048606
1780456782,111.194403
1780456782,111.168814
1780456782,111.262635
1780456782,111.299540
1780456782,111.433873
1780456782,111.300575
1780456782,111.288924
1780456782,106.163821
1780456782,106.174737
1780456782,108.329520
1780456782,103.558133
1780456782,103.482708
1780456782,106.272805
1780456782,114.627730
1780456782,108.470128
1780456782,108.691063
1780456782,106.390351
1780456782,106.570103
1780456782,108.904620
1780456782,108.811040
1780456782,108.726872
1780456782,108.718664
1780456782,103.774432
1780456782,108.838548
1780456782,109.103335
1780456782,108.976314
1780456782,106.705429
1780456782,109.071712
1780456782,106.674202
1780456782,116.399609
1780456782,111.013195
1780456782,107.128210
1780456782,107.157383
1780456782,107.128428
1780456782,107.301975
1780456782,107.711583
1780456782,107.170851
1780456782,108.079824
1780456782,107.397645
1780456782,107.354532
1780456782,104.464905
1780456782,107.511110
1780456782,107.854253
1780456782,107.729696
1780456782,106.009662
1780456782,106.214127
1780456782,109.252369
1780456782,109.390319
1780456782,109.376694
1780456782,103.310150
1780456782,106.776185
1780456782,109.793217
1780456782,107.516051
1780456782,105.359489
1780456782,105.362265
1780456782,105.798366
1780456782,109.794384
1780456782,105.549055
1780456782,106.380957
1780456782,106.491823
1780456782,110.083769
1780456782,107.021896
1780456782,107.182470
1780456782,107.343464
1780456782,107.294315
1780456782,106.922029
1780456782,107.261262
1780456782,107.536025
1780456782,108.464668
1780456782,107.166634
1780456782,105.921219
1780456782,107.242829
1780456782,109.358820
1780456782,106.497415
1780456782,109.372206
1780456782,106.494532
1780456782,109.616019
1780456782,109.383689
1780456782,107.454105
1780456782,108.053035
1780456782,106.724376
1780456782,106.766226
1780456782,107.092541
1780456782,106.021224
1780456782,106.537160
1780456782,106.328619
1780456782,106.459918
1780456782,106.910963
1780456782,107.117932
1780456782,106.995943
1780456782,107.420766
1780456782,106.655764
1780456782,110.418809
1780456782,106.735191
1780456782,106.736747
1780456782,106.118633
1780456782,111.130290
1780456782,108.311633
1780456782,108.250904
1780456782,106.923058
1780456782,107.260312
1780456782,113.842487
1780456782,107.477578
1780456782,105.517119
1780456782,107.216364
1780456782,114.044277
1780456782,114.630327
1780456782,115.017888
1780456782,112.920625
1780456782,112.988439
1780456782,115.867185
1780456782,109.764049
1780456782,116.272661
1780456782,106.775903
1780456782,109.171542
1780456782,116.232815
1780456782,106.662881
1780456782,109.351228
1780456782,109.541742
1780456782,114.579193
1780456782,111.628887
1780456782,104.306210
1780456782,104.339104
1780456782,106.124631
1780456782,117.095726
1780456782,117.119019
1780456782,111.227495
1780456782,111.198653
1780456782,110.725232
1780456782,118.072840
1780456782,117.907335
1780456782,118.082529
1780456782,112.852723
1780456782,113.106848
1780456782,111.864476
1780456782,119.241958
1780456782,111.647304
1780456782,113.226443
1780456782,119.323160
1780456782,113.726058
1780456782,112.117195
1780456782,111.994296
1780456782,112.116070
1780456782,118.108065
1780456782,112.114172
1780456782,112.003589
1780456782,106.934700
1780456782,105.877603
1780456782,110.564757
1780456782,114.017122
1780456782,110.596785
1780456782,114.021247
1780456782,111.509345
1780456782,111.787470
1780456782,111.649623
1780456782,112.387098
1780456782,113.968297
1780456782,111.838864
1780456782,111.069036
1780456782,111.844861
1780456782,113.905743
1780456782,113.853979
1780456782,112.571212
1780456782,113.643296
1780456782,105.205347
1780456782,106.469608
1780456782,113.387840
1780456782,121.553609
1780456782,120.249842
1780456782,107.229126
1780456782,116.177332
1780456782,117.545055
1780456782,117.568144
1780456782,112.894863
1780456782,113.240475
1780456782,120.506311
1780456782,121.784249
1780456782,111.561375
1780456782,117.721060
1780456782,113.327863
1780456782,111.491324
1780456782,119.515250
1780456782,103.636727
1780456782,103.993591
1780456782,108.300244
1780456782,108.300182
1780456782,113.084838
1780456782,116.911182
1780456782,117.176655
1780456782,106.631873
1780456782,117.455680
1780456782,103.883311
1780456782,118.929763
1780456782,119.148774
1780456782,119.155615
1780456782,119.342581
1780456782,119.414862
1780456782,105.386519
1780456782,107.899769
1780456782,111.587522
1780456782,110.865162
1780456782,106.957427
1780456782,115.383548
1780456782,116.487806
1780456782,115.384531
1780456782,113.061885
1780456782,111.816017
1780456782,112.237652
1780456782,113.304844
1780456782,103.551560
1780456782,104.320381
1780456782,105.053986
1780456782,105.270367
1780456782,114.260653
1780456782,106.245188
1780456782,112.772751
1780456782,106.312253
1780456782,106.268913
1780456782,113.692157
1780456782,116.994609
1780456782,115.524941
1780456782,114.494321
1780456782,113.488982
1780456782,107.391844
1780456782,107.422898
1780456782,107.335175
1780456782,113.607263
1780456782,107.417141
1780456782,107.474106
1780456782,106.449668
1780456782,107.609164
1780456782,105.745422
1780456782,104.578815
1780456782,106.348897
1780456782,106.093354
1780456782,105.978136
1780456782,106.057546
1780456782,107.147416
1780456782,105.446832
1780456782,107.934085
1780456782,106.053432
1780456782,105.437046
1780456782,106.054788
1780456782,105.254487
1780456782,109.422031
1780456782,105.376890
1780456782,104.407338
1780456782,109.675110
1780456782,105.849802
1780456782,104.287113
1780456782,104.275231
1780456782,105.549785
1780456782,105.746836
1780456782,114.364594
1780456782,113.705857
1780456782,104.288364
1780456782,104.302983
1780456782,117.633773
1780456782,117.111952
1780456782,117.215311
1780456782,117.310789
1780456782,117.408102
1780456782,115.298719
1780456782,115.456724
1780456782,115.548973
1780456782,106.234969
1780456782,114.712969
1780456782,115.385188
1780456782,115.700722
1780456782,115.891891
1780456782,116.326801
1780456782,114.495358
1780456782,116.462112
1780456782,117.665921
1780456782,114.599834
1780456782,108.814157
1780456782,113.783205
1780456782,110.683123
1780456782,110.725006
1780456782,106.256301
1780456782,111.191036
1780456782,111.068342
1780456782,107.445636
1780456782,111.162605
1780456782,111.225291
1780456782,117.199461
1780456782,115.759240
1780456782,112.309004
1780456782,111.375361
1780456782,111.371974
1780456782,112.230452
1780456782,111.275513
1780456782,112.753389
1780456782,112.837523
1780456782,107.335228
1780456782,111.986292
1780456782,107.812983
1780456782,109.355038
1780456782,108.101131
1780456782,106.627057
1780456782,107.860417
1780456782,107.536482
1780456782,117.905710
1780456782,112.222214
1780456782,117.937135
1780456782,114.435850
1780456782,110.053161
1780456782,114.407949
1780456782,110.041144
1780456782,114.565516
1780456782,111.179627
1780456782,107.951103
1780456782,108.944479
1780456782,107.494446
1780456782,113.957871
1780456782,113.081237
1780456782,114.118577
1780456782,115.809946
1780456782,115.829129
1780456782,106.946667
1780456782,115.717341
1780456782,106.883139
1780456782,115.536799
1780456782,106.755805
1780456782,113.874579
1780456782,113.912107
1780456782,117.781243
1780456782,117.759147
1780456782,108.630259
1780456782,103.496690
1780456782,117.755476
1780456782,116.912751
1780456782,105.601181
1780456782,106.930163
1780456782,117.862182
1780456782,118.034648
1780456782,113.836557
1780456782,103.930531
1780456782,114.543997
1780456782,116.029696
1780456782,115.881726
1780456782,115.594261
1780456782,115.598725
1780456782,104.681055
1780456782,114.981988
1780456782,104.854549
1780456782,104.655755
1780456782,104.977929
1780456782,104.814741
1780456782,104.044683
1780456782,113.507316
1780456782,115.133681
1780456782,107.695809
1780456782,111.173145
1780456782,110.930818
1780456782,115.311448
1780456782,111.159942
1780456782,110.962468
1780456782,111.035877
1780456782,115.270681
1780456782,107.817850
1780456782,108.104116
1780456782,115.526843
1780456782,107.772656
1780456782,114.341456
1780456782,108.042734
1780456782,107.124363
1780456782,115.273310
1780456782,106.443912
1780456782,115.073540
1780456782,114.742717
1780456782,114.713635
1780456782,122.647522
1780456782,121.459469
1780456782,117.231227
1780456782,120.562346
1780456782,106.147214
1780456782,109.846509
1780456782,119.501683
1780456782,107.161099
1780456782,116.185261
1780456782,114.751078
1780456782,108.426885
1780456782,113.953405
1780456782,107.364804
1780456782,113.368606
1780456782,107.456704
1780456782,113.543177
1780456782,113.175208
1780456782,113.241377
1780456782,115.126018
1780456782,110.104005
1780456782,115.062018
1780456782,110.224213
1780456782,109.960712
1780456782,107.683671
1780456782,109.218914
1780456782,107.485665
1780456782,111.220749
1780456782,107.358070
1780456782,107.682763
1780456782,107.665705
1780456782,106.495956
1780456782,105.357377
1780456782,108.347028
1780456782,107.994341
1780456782,105.383899
1780456782,108.317448
1780456782,109.766955
1780456782,106.254508
1780456782,108.523934
1780456782,111.562361
1780456782,109.661077
1780456782,108.704298
1780456782,108.434697
1780456782,108.680296
1780456782,110.203699
1780456782,114.204363
1780456782,107.252182
1780456782,107.464381
1780456782,108.627417
1780456782,116.728204
1780456782,115.633855
1780456782,108.794370
1780456782,109.929714
1780456782,110.193000
1780456782,107.742683
1780456782,110.729057
1780456782,110.177458
1780456782,107.718013
1780456782,105.467504
1780456782,112.401149
1780456782,113.777133
1780456782,104.554187
1780456782,114.194253
1780456782,114.303955
1780456782,112.427665
1780456782,111.219050
1780456782,111.539513
1780456782,111.581148
1780456782,114.147726
1780456782,106.453034
1780456782,114.065764
1780456782,112.984872
1780456782,114.143991
1780456782,111.845107
1780456782,111.768782
1780456782,112.285500
1780456782,111.938743
1780456782,103.643310
1780456782,106.000505
1780456782,109.896401
1780456782,105.974168
1780456782,110.615677
1780456782,112.368947
1780456782,112.683803
1780456782,111.120637
1780456782,112.128177
1780456782,113.108590
1780456782,115.053443
1780456782,114.994726
1780456782,112.211146
1780456782,114.943183
1780456782,113.662647
1780456782,113.229049
1780456782,112.947669
1780456782,115.151305
1780456782,116.149209
1780456782,112.953265
1780456782,116.343904
1780456782,110.970304
1780456782,111.801792
1780456782,111.612668
1780456782,109.072358
1780456782,104.674545
1780456782,112.138860
1780456782,112.299573
1780456782,105.022274
1780456782,111.439127
1780456782,104.955270
1780456782,111.552712
1780456782,113.275675
1780456782,105.324222
1780456782,105.387456
1780456782,113.709349
1780456782,106.974321
1780456782,106.969011
1780456782,112.925287
1780456782,112.191658
1780456782,110.885968
1780456782,107.381144
1780456782,113.939298
1780456782,109.430137
1780456782,111.264441
1780456782,113.301129
1780456782,111.881292
1780456782,103.978348
1780456782,107.118756
1780456782,109.875572
1780456782,109.904418
1780456782,105.229392
1780456782,107.770495
1780456782,109.198504
1780456782,110.492506
1780456782,109.206221
1780456782,114.259569
1780456782,108.122171
1780456782,106.080839
1780456782,108.987228
1780456782,108.900167
1780456782,106.422970
1780456782,108.551579
1780456782,108.610462
1780456782,108.280679
1780456782,107.904683
1780456782,108.042820
1780456782,111.081455
1780456782,110.818787
1780456782,110.975354
1780456782,111.032770
1780456782,111.122519
1780456782,111.256342
1780456782,110.941312
1780456782,110.634374
1780456782,111.162544
1780456782,111.022495
1780456782,110.987389
1780456782,110.958375
1780456782,108.896482
1780456782,110.983495
1780456782,107.824561
1780456782,107.814379
1780456782,107.913034
1780456782,111.419355
1780456782,111.231588
1780456782,107.768962
1780456782,111.297014
1780456782,111.065568
1780456782,111.465208
1780456782,108.033906
1780456782,111.156843
1780456782,109.513765
1780456782,111.328204
1780456782,112.735648
1780456782,111.091312
1780456782,111.417278
1780456782,110.541875
1780456782,114.147817
1780456782,114.411393
1780456782,110.652076
1780456782,109.283950
1780456782,110.741866
1780456782,109.169846
1780456782,110.764021
1780456782,110.841492
1780456782,109.271538
1780456782,110.932106
1780456782,109.155603
1780456782,114.815291
1780456782,110.099285
1780456782,110.099056
1780456782,110.231195
1780456782,110.215776
1780456782,109.814650
1780456782,107.745076
1780456782,110.116221
1780456782,107.521083
1780456782,107.435992
1780456782,110.314317
1780456782,109.784354
1780456782,110.340096
1780456782,108.083840
1780456782,108.188567
1780456782,108.296114
1780456782,108.235210
1780456782,106.486774
1780456782,106.440167
1780456782,110.513477
1780456782,110.375025
1780456782,110.248168
1780456782,110.486478
1780456782,113.138154
1780456782,112.298078
1780456782,112.125430
1780456782,111.060978
1780456782,111.901581
1780456782,108.699119
1780456782,110.356159
1780456782,107.751699
1780456782,115.831935
1780456782,106.383390
1780456782,106.420695
1780456782,104.909682
1780456782,106.156043
1780456782,111.329342
1780456782,109.601864
1780456782,111.449036
1780456782,113.967467
1780456782,105.936244
1780456782,110.025845
1780456782,106.381671
1780456782,112.005136
1780456782,114.571143
1780456782,110.478469
1780456782,109.768445
1780456782,106.295468
1780456782,114.040779
1780456782,112.806725
1780456782,105.944293
1780456782,119.051087
1780456782,118.760069
1780456782,122.221920
1780456782,122.416338
1780456782,122.725283
1780456782,124.986557
1780456782,122.948200
1780456782,122.871734
1780456782,125.626386
1780456782,126.005929
1780456782,126.860621
1780456782,128.514984
1780456782,129.495484
1780456782,128.901580
1780456782,132.980880
1780456782,133.961563
1780456782,137.841569
1780456782,137.320994
1780456782,136.342673
1780456782,138.149383
1780456782,139.074145
1780456782,140.418986
1780456782,136.583791
1780456782,141.462781
1780456782,143.311127
1780456782,146.255540
1780456782,145.123672
1780456782,145.040707
1780456782,146.547142
1780456782,131.934553
1780456782,138.605005
1780456782,138.771907
1780456782,136.701392
1780456782,142.977383
1780456782,144.940689
1780456782,145.172951
1780456782,135.854277
1780456782,135.749030
1780456782,118.499717
1780456782,151.739982
1780456782,154.195320
1780456782,154.591151
1780456782,145.253302
1780456782,151.190273
1780456782,155.189009
1780456782,122.970695
1780456782,126.660617
1780456782,128.769178
1780456782,127.575153
1780456782,152.513720
1780456782,154.843458
1780456782,130.841112
1780456782,155.374854
1780456782,137.766941
1780456782,156.531582
1780456782,131.778362
1780456782,158.278244
1780456782,132.029883
1780456782,144.233626
1780456782,144.228223
1780456782,134.954165
1780456782,144.848391
1780456782,142.751193
1780456782,136.468857
1780456782,145.436961
1780456782,138.240050
1780456782,145.267150
1780456782,127.093551
1780456782,139.429764
1780456782,138.404080
1780456782,145.906961
1780456782,140.765347
1780456782,163.992837
1780456782,146.994867
1780456782,165.935066
1780456782,143.034173
1780456782,166.440529
1780456782,166.434572
1780456782,166.774195
1780456782,168.169429
1780456782,165.919587
1780456782,169.868898
1780456782,153.029849
1780456782,151.151316
1780456782,153.353966
1780456782,153.446815
1780456782,150.980726
1780456782,153.232318
1780456782,153.628865
1780456782,149.874993
1780456782,152.766726
1780456782,156.792079
1780456782,158.990969
1780456782,158.557106
1780456782,159.132580
1780456782,159.865957
1780456782,156.231123
1780456782,154.511932
1780456782,162.372813
1780456782,162.708518
1780456782,162.784615
1780456782,155.133525
1780456782,156.441829
1780456782,158.110859
1780456782,164.847425
1780456782,169.896443
1780456782,159.591859
1780456782,165.167624
1780456782,164.373022
1780456782,165.139645
1780456782,165.330505
1780456782,165.534527
1780456782,161.226925
1780456782,149.438704
1780456782,173.008174
1780456782,182.263771
1780456782,176.282060
1780456782,176.330269
1780456782,176.610183
1780456782,176.771251
1780456782,167.932232
1780456782,168.094956
1780456782,168.970237
1780456782,186.035244
1780456782,177.121370
1780456782,187.835496
1780456782,188.949748
1780456782,177.822310
1780456782,177.958476
1780456782,179.426712
1780456782,180.504673
1780456782,184.281341
1780456782,183.969299
1780456782,173.187886
1780456782,172.443614
1780456782,179.041102
1780456782,179.268289
1780456782,188.725738
1780456782,190.954975
1780456782,176.672989
1780456782,183.094155
1780456782,180.415288
1780456782,180.736593
1780456782,183.655854
1780456782,182.620108
1780456782,182.854833
1780456782,172.341951
1780456782,179.888221
1780456782,178.266452
1780456782,182.970272
1780456782,177.306704
1780456782,185.265994
1780456782,187.801181
1780456782,187.314123
1780456782,198.385001
1780456782,188.492688
1780456782,190.927374
1780456782,199.734516
1780456782,193.053593
1780456782,212.892390
1780456782,201.424556
1780456782,196.384871
1780456782,194.848265
1780456782,205.305568
1780456782,216.135575
1780456782,209.676979
1780456782,210.539202
1780456782,202.101371
1780456782,211.759155
1780456782,185.540255
1780456782,211.586997
1780456782,185.957919
1780456782,211.709056
1780456782,193.714210
1780456782,215.175605
1780456782,194.493107
1780456782,201.267755
1780456782,216.094668
1780456782,217.832453
1780456782,197.536784
1780456782,210.975576
1780456782,211.084390
1780456782,193.940141
1780456782,221.619660
1780456782,209.968845
1780456782,229.247298
1780456782,210.605179
1780456782,212.772474
1780456782,215.410108
1780456782,206.475940
1780456782,188.586264
1780456782,206.689446
1780456782,191.705558
1780456782,191.054225
1780456782,199.488299
1780456782,192.599708
1780456782,208.320132
1780456782,208.664226
1780456782,216.010839
1780456782,201.850949
1780456782,216.345657
1780456782,193.756476
1780456782,196.112124
1780456782,202.375764
1780456782,202.616767
1780456782,202.861551
1780456782,203.338588
1780456782,203.542105
1780456782,203.655820
1780456782,204.020338
1780456782,230.063980
1780456782,230.471324
1780456782,223.499438
1780456782,234.497290
1780456782,233.154185
1780456782,238.053257
1780456782,203.872875
1780456782,209.885168
1780456782,210.215645
1780456782,211.761265
1780456782,211.776263
1780456782,211.763144
1780456782,204.828309
1780456782,206.194656
1780456782,206.661838
1780456782,206.739633
1780456782,208.366936
1780456782,215.200395
1780456782,220.379978
1780456782,198.685809
1780456782,218.378725
1780456782,219.226076
1780456782,201.198082
1780456782,203.706079
1780456782,204.388058
1780456782,204.592894
1780456782,204.732501
1780456782,204.035720
1780456782,204.233392
1780456782,204.388023
1780456782,205.352523
1780456782,206.475057
1780456782,205.500497
1780456782,205.893205
1780456782,205.013885
1780456782,207.373100
1780456782,207.437481
1780456782,211.562002
1780456782,212.084309
1780456782,207.940129
1780456782,213.217832
1780456782,209.850827
1780456782,207.444259
1780456782,209.331262
1780456782,209.469844
1780456782,214.253273
1780456782,206.143665
1780456782,214.475043
1780456782,204.658174
1780456782,215.225319
1780456782,213.054418
1780456782,215.213348
1780456782,211.932026
1780456782,216.519864
1780456782,212.312366
1780456782,215.191360
1780456782,211.173208
1780456782,218.358818
1780456782,215.816645
1780456782,216.100505
1780456782,218.316977
1780456782,210.778952
1780456782,216.962043
1780456782,217.997657
1780456782,223.981957
1780456782,217.487778
1780456782,226.446162
1780456782,212.899723
1780456782,220.175824
1780456782,213.246113
1780456782,203.406501
1780456782,207.477941
1780456782,220.551239
1780456782,225.905580
1780456782,227.221604
1780456782,220.832966
1780456782,196.731237
1780456782,204.220849
1780456782,196.876144
1780456782,204.597029
1780456782,197.278911
1780456782,221.564368
1780456782,199.129438
1780456782,209.315946
1780456782,197.874482
1780456782,198.047418
1780456782,222.983068
1780456782,203.245223
1780456782,209.472890
1780456782,198.845630
1780456782,203.980829
1780456782,201.031294
1780456782,206.608548
1780456782,200.832927
1780456782,201.401441
1780456782,207.183567
1780456782,208.608603
1780456782,207.363561
1780456782,209.120484
1780456782,207.782498
1780456782,207.980831
1780456782,209.197704
1780456782,209.545218
1780456782,211.379457
1780456782,209.842824
1780456782,202.829662
1780456782,201.272523
1780456782,203.144192
1780456782,203.499081
1780456782,203.671849
1780456782,204.956047
1780456782,203.907749
1780456782,205.189906
1780456782,205.268570
1780456782,205.527824
1780456782,213.245879
1780456782,207.516658
1780456782,214.249893
1780456782,210.444091
1780456782,214.105113
1780456782,214.692213
1780456782,214.253072
1780456782,225.739954
1780456782,214.473849
1780456782,217.312403
1780456782,215.022366
1780456782,215.954866
1780456782,216.149588
1780456782,216.277720
1780456782,215.683017
1780456782,216.527631
1780456782,218.120050
1780456782,216.887890
1780456782,217.037191
1780456782,216.928530
1780456782,217.178572
1780456782,217.409027
1780456782,217.564265
1780456782,219.148334
1780456782,219.211810
1780456782,218.107626
1780456782,219.368573
1780456782,219.509604
1780456782,219.979082
1780456782,228.145924
1780456782,218.873444
1780456782,231.817747
1780456782,231.868644
1780456782,231.991388
1780456782,233.536141
1780456782,232.451758
1780456782,232.525067
1780456782,234.335595
1780456782,219.558282
1780456782,234.858591
1780456782,233.398958
1780456782,235.211878
1780456782,235.372217
1780456782,234.352798
1780456782,238.880542
1780456782,241.353476
1780456782,223.569516
1780456782,219.100836
1780456782,219.454203
1780456782,236.858633
1780456782,235.843258
1780456782,236.312643
1780456782,221.962442
1780456782,224.207589
1780456782,222.646220
1780456782,223.664337
1780456782,238.856358
1780456782,225.093229
1780456782,224.218236
1780456782,228.829113
1780456782,232.621599
1780456782,228.466162
1780456782,234.302119
1780456782,220.177931
1780456782,224.239986
1780456782,225.348548
1780456782,227.566382
1780456782,238.236775
1780456782,240.554145
1780456782,223.186109
1780456782,236.266853
1780456782,223.449659
1780456782,225.784525
1780456782,226.524593
1780456782,224.155647
1780456782,234.174252
1780456782,226.029689
1780456782,226.538413
1780456782,227.404588
1780456782,227.026207
1780456782,227.560891
1780456782,236.568349
1780456782,238.100755
1780456782,244.794591
1780456782,238.459927
1780456782,246.699180
1780456782,252.862034
1780456782,228.275346
1780456782,247.131002
1780456782,253.324464
1780456782,248.284755
1780456782,244.375431
1780456782,222.853778
1780456782,244.770094
1780456782,244.785086
1780456782,245.018372
1780456782,252.502145
1780456782,252.561819
1780456782,252.676400
1780456782,256.037970
1780456782,256.083725
1780456782,264.222187
1780456782,238.663429
1780456782,233.159230
1780456782,234.184251
1780456782,236.015733
1780456782,240.604420
1780456782,240.854831
1780456782,237.418647
1780456782,234.936629
1780456782,234.361244
1780456782,237.724360
1780456782,236.364815
1780456782,229.741904
1780456782,243.821123
1780456782,232.596145
1780456782,237.054395
1780456782,238.186584
1780456782,246.712221
1780456782,238.637542
1780456782,239.923849
1780456782,247.824879
1780456782,196.024535
1780456782,227.647523
1780456782,231.796563
1780456782,231.626742
1780456782,231.848302
1780456782,231.993653
1780456782,231.972385
1780456782,232.517095
1780456782,232.418699
1780456782,232.504788
1780456782,232.381085
1780456782,232.924639
1780456782,233.225605
1780456782,207.259110
1780456782,204.985577
1780456782,188.474332
1780456782,189.806928
1780456782,191.564975
1780456782,191.349718
1780456782,191.995807
1780456782,191.503660
1780456782,192.057405
1780456782,192.405325
1780456782,193.655173
1780456782,195.882203
1780456782,196.020745
1780456782,194.847705
1780456782,212.282626
1780456782,195.509774
1780456782,214.388181
1780456782,195.828697
1780456782,195.449149
1780456782,197.406960
1780456782,208.433730
1780456782,193.480090
1780456782,200.431330
1780456782,207.560026
1780456782,199.572827
1780456782,204.831814
1780456782,202.506808
1780456782,203.143813
1780456782,206.083692
1780456782,206.213663
1780456782,207.338705
1780456782,208.368727
1780456782,210.975071
1780456782,211.301086
1780456782,252.037909
1780456782,238.650561
1780456782,211.532069
1780456782,239.319251
1780456782,211.780709
1780456782,254.885820
1780456782,212.172770
1780456782,239.844486
1780456782,212.445442
1780456782,218.968878
1780456782,213.090760
1780456782,243.838530
1780456782,257.515705
1780456782,204.431966
1780456782,219.958868
1780456782,257.788717
1780456782,258.503442
1780456782,213.835325
1780456782,219.100386
1780456782,220.697448
1780456782,211.192253
1780456782,217.425478
1780456782,217.674800
1780456782,226.932453
1780456782,221.833964
1780456782,220.799650
1780456782,218.243580
1780456782,217.441907
1780456782,216.258546
1780456782,221.635746
1780456782,227.442381
1780456782,216.638603
1780456782,221.262326
1780456782,218.729971
1780456782,223.912028
1780456782,224.249756
1780456782,220.576411
1780456782,216.719459
1780456782,224.340896
1780456782,223.684902
1780456782,225.404214
1780456782,224.360951
1780456782,230.787704
1780456782,226.250559
1780456782,231.398036
1780456782,231.457943
1780456782,232.741263
1780456782,232.938953
1780456782,232.971991
1780456782,233.754439
1780456782,228.071087
1780456782,234.046624
1780456782,227.309102
1780456782,233.243693
1780456782,228.233513
1780456782,235.525547
1780456782,234.584446
1780456782,228.097556
1780456782,236.518149
1780456782,229.871785
1780456782,236.676279
1780456782,238.019643
1780456782,237.655803
1780456782,230.458810
1780456782,237.191416
1780456782,237.294853
1780456782,238.782894
1780456782,218.110235
1780456782,232.051891
1780456782,234.558956
1780456782,235.779966
1780456782,238.173317
1780456782,228.373625
1780456782,239.588181
1780456782,238.388907
1780456782,232.767455
1780456782,238.588777
1780456782,239.561234
1780456782,233.170515
1780456782,238.585099
1780456782,242.236359
1780456782,237.783028
1780456782,233.703876
1780456782,240.461991
1780456782,234.003053
1780456782,238.417726
1780456782,236.620227
1780456782,239.984600
1780456782,236.778589
1780456782,246.560507
1780456782,246.717812
1780456782,243.170827
1780456782,239.085566
1780456782,246.994569
1780456782,239.284121
1780456782,247.190581
1780456782,239.748428
1780456782,248.727796
1780456782,242.317441
1780456782,247.730936
1780456782,253.801013
1780456782,251.960701
1780456782,249.355178
1780456782,253.621984
1780456782,253.571523
1780456782,251.009768
1780456782,250.997451
1780456782,243.757371
1780456782,252.596872
1780456782,244.068854
1780456782,253.028961
1780456782,253.176594
1780456782,244.409707
1780456782,251.678313
1780456782,246.398109
1780456782,255.630393
1780456782,243.321091
1780456782,243.698686
1780456782,243.882320
1780456782,245.110882
1780456782,248.484012
1780456782,256.375854
1780456782,251.650511
1780456782,257.420284
1780456782,251.977143
1780456782,257.703107
1780456782,251.130420
1780456782,208.676751
1780456782,252.491382
1780456782,253.810294
1780456782,245.216427
1780456782,255.585702
1780456782,257.818850
1780456782,255.744526
1780456782,247.242623
1780456782,258.962076
1780456782,259.005713
1780456782,259.416645
1780456782,238.072954
1780456782,249.912686
1780456782,231.458004
1780456782,235.904085
1780456782,238.904640
1780456782,247.453741
1780456782,236.395254
1780456782,260.541221
1780456782,236.704121
1780456782,260.788871
1780456782,239.688610
1780456782,253.880249
1780456782,239.566507
1780456782,275.844335
1780456782,240.566225
1780456782,231.876302
1780456782,237.152166
1780456782,237.409044
1780456782,235.972317
1780456782,241.320954
1780456782,241.240243
1780456782,241.256941
1780456782,234.613031
1780456782,241.140963
1780456782,241.979819
1780456782,236.680589
1780456782,241.505480
1780456782,241.436528
1780456782,235.348215
1780456782,241.694190
1780456782,238.107821
1780456782,242.315060
1780456782,278.350344
1780456782,244.279315
1780456782,238.235170
1780456782,240.024904
1780456782,242.192702
1780456782,244.843176
1780456782,247.205222
1780456782,231.099121
1780456782,247.384678
1780456782,219.110649
1780456782,247.393396
1780456782,230.720375
1780456782,244.815863
1780456782,217.978011
1780456782,219.258470
1780456782,227.070997
1780456782,263.138927
1780456782,218.133325
1780456782,263.199187
1780456782,214.565250
1780456782,255.209132
1780456782,218.510446
1780456782,242.172593
1780456782,219.489503
1780456782,242.006436
1780456782,257.366638
1780456782,109.670126
1780456782,219.953625
1780456782,131.164950
1780456782,126.415754
1780456782,264.291018
1780456782,242.429592
1780456782,223.410739
1780456782,232.460110
1780456782,231.741625
1780456782,231.194360
1780456782,215.035125
1780456782,231.262985
1780456782,232.570834
1780456782,231.966180
1780456782,238.072027
1780456782,242.916774
1780456782,237.997547
1780456782,232.741753
1780456782,242.628323
1780456782,221.112432
1780456782,239.248915
1780456782,237.559139
1780456782,229.772995
1780456782,221.144916
1780456782,231.808249
1780456782,215.443496
1780456782,237.998370
1780456782,215.567929
1780456782,215.562718
1780456782,222.083664
1780456782,221.900716
1780456782,219.419276
1780456782,232.101222
1780456782,238.284488
1780456782,215.759438
1780456782,215.855183
1780456782,222.078001
1780456782,215.571735
1780456782,222.152212
1780456782,210.227737
1780456782,238.550389
1780456782,215.954625
1780456782,208.790389
1780456782,231.200605
1780456782,217.777828
1780456782,222.272441
1780456782,212.311829
1780456782,232.342144
1780456782,214.619917
1780456782,237.268671
1780456782,204.451301
1780456782,232.477021
1780456782,204.458254
1780456782,222.534638
1780456782,203.574444
1780456782,238.812418
1780456782,214.778352
1780456782,237.076721
1780456782,219.571909
1780456782,222.575675
1780456782,220.835550
1780456782,239.013274
1780456782,220.926964
1780456782,224.567178
1780456782,217.991250
1780456782,232.044558
1780456782,210.903287
1780456782,238.869881
1780456782,219.256379
1780456782,238.978901
1780456782,212.787739
1780456782,237.122020
1780456782,212.857482
1780456782,239.081250
1780456782,219.545824
1780456782,237.528561
1780456782,212.908805
1780456782,237.797097
1780456782,219.867946
1780456782,239.240179
1780456782,213.026815
1780456782,222.610897
1780456782,213.111864
1780456782,223.178995
1780456782,221.621710
1780456782,206.606239
1780456782,209.464568
1780456782,222.388858
1780456782,223.291700
1780456782,185.822004
1780456782,197.761979
1780456782,221.816567
1780456782,210.503020
1780456782,209.665607
1780456782,219.941288
1780456782,211.307218
1780456782,210.607918
1780456782,224.581885
1780456782,199.800022
1780456782,223.489085
1780456782,202.209670
1780456782,222.966212
1780456782,202.035125
1780456782,223.325554
1780456782,202.881664
1780456782,223.495640
1780456782,202.886924
1780456782,210.918331
1780456782,205.461467
1780456782,200.199692
1780456782,227.432240
1780456782,202.299955
1780456782,210.993532
1780456782,202.394618
1780456782,224.861810
1780456782,203.066554
1780456782,211.682773
1780456782,202.362293
1780456782,225.198001
1780456782,203.319440
1780456782,213.581546
1780456782,203.397777
1780456782,227.541819
1780456782,205.716559
1780456782,226.037325
1780456782,206.671545
1780456782,229.015082
1780456782,204.244543
1780456782,214.449011
1780456782,204.365541
1780456782,230.389718
1780456782,208.958213
1780456782,214.016469
1780456782,204.345909
1780456782,230.481978
1780456782,214.380993
1780456782,204.349177
1780456782,209.104132
1780456782,230.525475
1780456782,204.466966
1780456782,230.603044
1780456782,203.678450
1780456782,214.552331
1780456782,203.668797
1780456782,229.838059
1780456782,229.910422
1780456782,185.513796
1780456782,213.916053
1780456782,185.557676
1780456782,213.927186
1780456782,185.662544
1780456782,227.962384
1780456782,184.407803
1780456782,228.029334
1780456782,184.426789
1780456782,200.511519
1780456782,214.165708
1780456782,200.588158
1780456782,230.171039
1780456782,185.858754
1780456782,230.276098
1780456782,200.644652
1780456782,232.240497
1780456782,200.759127
1780456782,228.304242
1780456782,198.671594
1780456782,215.151899
1780456782,199.133579
1780456782,215.225876
1780456782,200.826449
1780456782,227.935270
1780456782,200.906658
1780456782,229.835445
1780456782,200.960268
1780456782,232.541228
1780456782,198.877595
1780456782,232.601195
1780456782,199.151946
1780456782,220.042136
1780456782,189.551292
1780456782,233.972636
1780456782,199.287270
1780456782,220.065756
1780456782,165.209777
1780456782,191.983723
1780456782,192.021229
1780456782,220.216486
1780456782,183.261037
1780456782,193.239471
1780456782,230.627328
1780456782,193.342395
1780456782,220.221191
1780456782,230.709574
1780456782,193.296254
1780456782,221.385285
1780456782,166.483744
1780456782,204.436619
1780456782,197.845428
1780456782,196.730414
1780456782,208.432995
1780456782,197.948929
1780456782,212.942749
1780456782,170.998046
1780456782,213.014363
1780456782,208.574988
1780456782,196.914765
1780456782,211.535469
1780456782,196.913631
1780456782,210.341848
1780456782,171.606628
1780456782,199.538710
1780456782,199.394737
1780456782,208.697814
1780456782,188.963174
1780456782,174.046381
1780456782,208.794093
1780456782,199.646594
1780456782,212.703040
1780456782,199.554248
1780456782,212.726632
1780456782,190.188936
1780456782,212.792879
1780456782,190.351113
1780456782,204.125118
1780456782,190.295551
1780456782,167.446024
1780456782,207.175175
1780456782,197.195869
1780456782,188.190103
1780456782,204.400836
1780456782,190.391099
1780456782,207.489307
1780456782,206.149976
1780456782,166.550183
1780456782,169.530863
1780456782,213.704250
1780456782,206.176332
1780456782,170.171853
1780456782,190.597025
1780456782,213.794956
1780456782,200.219914
1780456782,210.813017
1780456782,200.207316
1780456782,215.650959
1780456782,200.255901
1780456782,215.836277
1780456782,200.327113
1780456782,215.919233
1780456782,168.138406
1780456782,215.994016
1780456782,176.998974
1780456782,216.007324
1780456782,168.363937
1780456782,216.114319
1780456782,177.329824
1780456782,212.320867
1780456782,177.832302
1780456782,219.468978
1780456782,239.768136
1780456782,194.476943
1780456782,171.039999
1780456782,240.752018
1780456782,178.320100
1780456782,214.058693
1780456782,183.616318
1780456782,231.989738
1780456782,184.704926
1780456782,209.614865
1780456782,185.313523
1780456782,179.984777
1780456782,188.880569
1780456782,169.280055
1780456782,184.055955
1780456782,172.411577
1780456782,198.071954
1780456782,196.984283
1780456782,171.922101
1780456782,187.917316
1780456782,183.229587
1780456782,200.501518
1780456782,175.053596
1780456782,221.945007
1780456782,175.441868
1780456782,181.531269
1780456782,183.536954
1780456782,144.606117
1780456782,183.768003
1780456782,184.854721
1780456782,146.010066
1780456782,184.189901
1780456782,153.674272
1780456782,195.075165
1780456782,153.372962
1780456782,184.798372
1780456782,154.629210
1780456782,188.150514
1780456782,192.806310
1780456782,155.595831
1780456782,192.850512
1780456782,153.695785
1780456782,193.988134
1780456782,154.851380
1780456782,194.032591
1780456782,156.060553
1780456782,194.108443
1780456782,156.752869
1780456782,157.278586
1780456782,181.742619
1780456782,143.221992
1780456782,199.891106
1780456782,149.864447
1780456782,142.072001
1780456782,197.684382
1780456782,171.757906
1780456782,198.950164
1780456782,160.567993
1780456782,201.333344
1780456782,160.769893
1780456782,201.394401
1780456782,147.963990
1780456782,201.349297
1780456782,157.710793
1780456782,201.397574
1780456782,129.184258
1780456782,185.882685
1780456782,150.898214
1780456782,201.489840
1780456782,152.969789
1780456782,201.582229
1780456782,153.106040
1780456782,135.450906
1780456782,172.891249
1780456782,171.493653
1780456782,168.601479
1780456782,173.243011
1780456782,178.364263
1780456782,202.062918
1780456782,154.883958
1780456782,201.614347
1780456782,202.220981
1780456782,150.830486
1780456782,202.287664
1780456782,144.882595
1780456782,201.902248
1780456782,153.900075
1780456782,176.971212
1780456782,141.926243
1780456782,202.282721
1780456782,154.958345
1780456782,177.779933
1780456782,143.532541
1780456782,202.388549
1780456782,154.312209
1780456782,157.081737
1780456782,202.234992
1780456782,168.062999
1780456782,186.457033
1780456782,202.281951
1780456782,160.731124
1780456782,158.809358
1780456782,184.002846
1780456782,186.977204
1780456782,202.400084
1780456782,157.120502
1780456782,202.650202
1780456782,175.126873
1780456782,162.916486
1780456782,170.199817
1780456782,163.178361
1780456782,172.532142
1780456782,163.449026
1780456782,177.254491
1780456782,166.685518
1780456782,163.914966
1780456782,179.442027
1780456782,174.434222
1780456782,170.887756
1780456782,159.610838
1780456782,174.395897
1780456782,168.027060
1780456782,164.604183
1780456782,183.763244
1780456782,165.081077
1780456782,184.623601
1780456782,165.557534
1780456782,185.661777
1780456782,165.818242
1780456782,186.298165
1780456782,166.300105
1780456782,188.699965
1780456782,160.799980
1780456782,188.810525
1780456782,123.859118
1780456782,188.870158
1780456782,124.008174
1780456782,188.814694
1780456782,127.801285
1780456782,188.870497
1780456782,126.982649
1780456782,188.925725
1780456782,148.151691
1780456782,190.186372
1780456782,193.471216
1780456782,129.561431
1780456782,193.595493
1780456782,131.761429
1780456782,132.462520
1780456782,197.096449
1780456782,197.142463
1780456782,193.792417
1780456782,184.685777
1780456782,136.594043
1780456782,197.338274
1780456782,159.195675
1780456782,148.629834
1780456782,200.706565
1780456782,203.352361
1780456782,130.309714
1780456782,152.674635
1780456782,183.288080
1780456782,185.671366
1780456782,203.612586
1780456782,185.737863
1780456782,131.772231
1780456782,196.350245
1780456782,132.042880
1780456782,187.577814
1780456782,138.852837
1780456782,142.370797
1780456782,187.525359
1780456782,148.051874
1780456782,163.879746
1780456782,159.787216
1780456782,150.153562
1780456782,165.122861
1780456782,150.599637
1780456782,138.491344
1780456782,139.199196
1780456782,173.992576
1780456782,161.787100
1780456782,119.933522
1780456782,162.725997
1780456782,148.240078
1780456782,163.678612
1780456782,134.458067
1780456782,163.283495
1780456782,138.937043
1780456782,120.513825
1780456782,135.224092
1780456782,155.140258
1780456782,164.231232
1780456782,135.709087
1780456782,158.100028
1780456782,136.278878
1780456782,162.222792
1780456782,140.868317
1780456782,164.742617
1780456782,136.758965
1780456782,140.526723
1780456782,166.840040
1780456782,152.023948
1780456782,174.007262
1780456782,165.534944
1780456782,155.980124
1780456782,143.538351
1780456782,162.088912
1780456782,144.057376
1780456782,156.021341
1780456782,165.607246
1780456782,144.559028
1780456782,171.035632
1780456782,140.028494
1780456782,179.627045
1780456782,119.628539
1780456782,165.419258
1780456782,166.291469
1780456782,120.171378
1780456782,166.794839
1780456782,138.347299
1780456782,176.515374
1780456782,145.762082
1780456782,167.802615
1780456782,121.373376
1780456782,168.016256
1780456782,125.356257
1780456782,125.158477
1780456782,122.717687
1780456782,167.302791
1780456782,122.266068
1780456782,169.008614
1780456782,124.286442
1780456782,169.306722
1780456782,125.265561
1780456782,168.765862
1780456782,138.991545
1780456782,119.833189
1780456782,169.586841
1780456782,120.023706
1780456782,171.899646
1780456782,121.846752
1780456782,119.612347
1780456782,158.855471
1780456782,121.155194
1780456782,160.159362
1780456782,121.025448
1780456782,162.571190
1780456782,122.712690
1780456782,162.861708
1780456782,131.857635
1780456782,161.569120
1780456782,133.552867
1780456782,165.284245
1780456782,123.125952
1780456782,162.893397
1780456782,144.705775
1780456782,164.120707
1780456782,176.671737
1780456782,144.450649
1780456782,171.868422
1780456782,144.916827
1780456782,160.720497
1780456782,123.984212
1780456782,137.358819
1780456782,127.697372
1780456782,138.037977
1780456782,146.816494
1780456782,176.533402
1780456782,147.039595
1780456782,156.209518
1780456782,243.310727
1780456782,123.889164
1780456782,251.205366
1780456782,134.428022
1780456782,122.695047
1780456782,154.248264
1780456782,122.114808
1780456782,114.109896
1780456782,125.427075
1780456782,146.986617
1780456782,121.561570
1780456782,113.777069
1780456782,134.688281
1780456782,150.412874
1780456782,117.350310
1780456782,125.683942
1780456782,117.179423
1780456782,113.050098
1780456782,135.437488
1780456782,113.670232
1780456782,115.037634
1780456782,125.151794
1780456782,116.051454
1780456782,140.111518
1780456782,127.613160
1780456782,117.862760
1780456782,116.180774
1780456782,118.434946
1780456782,140.042735
1780456782,123.110546
1780456782,119.400314
1780456782,112.949462
1780456782,118.005325
1780456782,115.955614
1780456782,117.512391
1780456782,120.199246
1780456782,137.716015
1780456782,120.064460
1780456782,118.825504
1780456782,119.818618
1780456782,117.394687
1780456782,142.377299
1780456782,111.551913
1780456782,136.135449
1780456782,111.142641
1780456782,111.817031
1780456782,111.517743
1780456782,119.033987
1780456782,145.878585
1780456782,110.995166
1780456782,154.696118
1780456782,137.646153
1780456782,145.827438
1780456782,112.731468
1780456782,119.848493
1780456782,113.750175
1780456782,139.032027
1780456782,136.044526
1780456782,121.346003
1780456782,116.347207
1780456782,148.035144
1780456782,121.925704
1780456782,118.076417
1780456782,113.666639
1780456782,120.580271
1780456782,122.687418
1780456782,114.627868
1780456782,122.960863
1780456782,108.092676
1780456782,109.969643
1780456782,115.066576
1780456782,141.554276
1780456782,111.169952
1780456782,108.926737
1780456782,115.496395
1780456782,109.920090
1780456782,111.631932
1780456782,109.364812
1780456782,116.586620
1780456782,110.828424
1780456782,144.868836
1780456782,154.946882
1780456782,113.290047
1780456782,114.936203
1780456782,113.544814
1780456782,112.958533
1780456782,145.424712
1780456782,107.854534
1780456782,144.524400
1780456782,128.733905
1780456782,144.639831
1780456782,143.262126
1780456782,125.751795
1780456782,112.805986
1780456782,125.911375
1780456782,110.961317
1780456782,127.029819
1780456782,122.392961
1780456782,105.125491
1780456782,143.422354
1780456782,138.218032
1780456782,113.633298
1780456782,113.169704
1780456782,139.345778
1780456782,113.339063
1780456782,112.882080
1780456782,113.491659
1780456782,102.789857
1780456782,112.388176
1780456782,138.436315
1780456782,112.489750
1780456782,103.409396
1780456782,113.484577
1780456782,110.338214
1780456782,113.943560
1780456782,141.484754
1780456782,147.103833
1780456782,112.514426
1780456782,116.192275
1780456782,112.854518
1780456782,107.309733
1780456782,111.049459
1780456782,114.057823
1780456782,111.883252
1780456782,114.294138
1780456782,116.720475
1780456782,142.587341
1780456782,111.434698
1780456782,116.103254
1780456782,105.651412
1780456782,134.829073
1780456782,116.325065
1780456782,115.597276
1780456782,116.416462
1780456782,109.164594
1780456782,116.648946
1780456782,117.026729
1780456782,106.082119
1780456782,131.269728
1780456782,117.220522
1780456782,117.305889
1780456782,106.173107
1780456782,116.629988
1780456782,113.163339
1780456782,103.533672
1780456782,134.959601
1780456782,118.828205
1780456782,114.909789
1780456782,115.512469
1780456782,137.599095
1780456782,117.331021
1780456782,134.597657
1780456782,132.460969
1780456782,117.993489
1780456782,129.962125
1780456782,117.898384
1780456782,109.461516
1780456782,132.959635
1780456782,121.591035
1780456782,137.167552
1780456782,136.933076
1780456782,120.897424
1780456782,106.334345
1780456782,107.354712
1780456782,137.258681
1780456782,141.130031
1780456782,107.328458
1780456782,110.595779
1780456782,144.942533
1780456782,122.661685
1780456782,107.301530
1780456782,143.316547
1780456782,115.140220
1780456782,111.099465
1780456782,114.962196
1780456782,147.902902
1780456782,123.972825
1780456782,111.473509
1780456782,148.249826
1780456782,154.961672
1780456782,154.700724
1780456782,147.408814
1780456782,114.397841
1780456782,123.031116
1780456782,136.211244
1780456782,110.213580
1780456782,133.971434
1780456782,112.262193
1780456782,136.546082
1780456782,111.463865
1780456782,116.240441
1780456782,111.830110
1780456782,117.544109
1780456782,120.714520
1780456782,113.149421
1780456782,125.417324
1780456782,135.492591
1780456782,137.099636
1780456782,114.705885
1780456782,112.231822
1780456782,112.165436
1780456782,125.087256
1780456782,110.744703
1780456782,121.316888
1780456782,126.633957
1780456782,119.809906
1780456782,115.589805
1780456782,121.381763
1780456782,126.721140
1780456782,154.789898
1780456782,114.323275
1780456782,122.847444
1780456782,114.684298
1780456782,127.380077
1780456782,115.361415
1780456782,115.817061
1780456782,113.894729
1780456782,114.394115
1780456782,151.440167
1780456782,120.328168
1780456782,123.191694
1780456782,103.584963
1780456782,105.981039
1780456782,106.199743
1780456782,110.549215
1780456782,108.562447
1780456782,108.787744
1780456782,108.969825
1780456782,108.549858
1780456782,132.204931
1780456782,134.062113
1780456782,110.132581
1780456782,109.699052
1780456782,124.598020
1780456782,135.236846
1780456782,124.903129
1780456782,107.124370
1780456782,104.040953
1780456782,115.846208
1780456782,115.514064
1780456782,114.386981
1780456782,113.211383
1780456782,114.267800
1780456782,135.256494
1780456782,143.550904
1780456782,140.732218
1780456782,112.945817
1780456782,114.277533
1780456782,115.677703
1780456782,139.486737
1780456782,139.399981
1780456782,111.836636
1780456782,144.654996
1780456782,127.683271
1780456782,127.643330
1780456782,145.431792
1780456782,108.768085
1780456782,107.781012
1780456782,108.194876
1780456782,127.314883
1780456782,128.470348
1780456782,135.117722
1780456782,129.590530
1780456782,131.615922
1780456782,131.561268
1780456782,130.565936
1780456782,130.327577
1780456782,131.211107
1780456782,108.407605
1780456782,106.245442
1780456782,107.400159
1780456782,133.376256
1780456782,134.649829
1780456782,108.340616
1780456782,145.009597
1780456782,133.918353
1780456782,171.161755
1780456782,132.974813
1780456782,135.263938
1780456782,105.885683
1780456782,136.482239
1780456782,172.681835
1780456782,133.546251
1780456782,136.452997
1780456782,134.389534
1780456782,107.854369
1780456782,104.544910
1780456782,108.948512
1780456782,151.555162
1780456782,136.923942
1780456782,136.594305
1780456782,168.401679
1780456782,135.366265
1780456782,151.765609
1780456782,157.484298
1780456782,135.683085
1780456782,130.208713
1780456782,134.771453
1780456782,105.736612
1780456782,133.883674
1780456782,134.070782
1780456782,159.467798
1780456782,106.602943
1780456782,131.656148
1780456782,130.103054
1780456782,128.581574
1780456782,129.850397
1780456782,105.871635
1780456782,129.002014
1780456782,128.324929
1780456782,103.232471
1780456782,102.995331
1780456782,127.109607
1780456782,127.400126
1780456782,129.840946
1780456782,106.230402
1780456782,106.754604
1780456782,124.315850
1780456782,125.376191
1780456782,104.730947
1780456782,130.932307
1780456782,129.644151
1780456782,129.455608
1780456782,129.544973
1780456782,129.251059
1780456782,109.430372
1780456782,110.802300
1780456782,110.338394
1780456782,115.390651
1780456782,109.999532
1780456782,110.218697
1780456782,109.511803
1780456782,115.302541
1780456782,112.313140
1780456782,114.598833
1780456782,115.251141
1780456782,113.984055
1780456782,113.234271
1780456782,113.504774
1780456782,147.005232
1780456782,114.370356
1780456782,128.309737
1780456782,114.416702
1780456782,115.402914
1780456782,111.032410
1780456782,112.650942
1780456782,115.866871
1780456782,110.741237
1780456782,116.081896
1780456782,110.556384
1780456782,112.910184
1780456782,116.470420
1780456782,111.026162
1780456782,106.218964
1780456782,133.650535
1780456782,131.316626
1780456782,109.337366
1780456782,116.694606
1780456782,116.007628
1780456782,108.719311
1780456782,140.338428
1780456782,115.297183
1780456782,112.221113
1780456782,112.525377
1780456782,115.696079
1780456782,107.914593
1780456782,121.788561
1780456782,115.774081
1780456782,115.976093
1780456782,118.185904
1780456782,112.116277
1780456782,157.632631
1780456782,103.182982
1780456782,111.377967
1780456782,111.223868
1780456782,111.201222
1780456782,107.888757
1780456782,110.786853
1780456782,104.520502
1780456782,111.644216
1780456782,104.382957
1780456782,144.777180
1780456782,108.260054
1780456782,107.487860
1780456782,108.886361
1780456782,106.319344
1780456782,107.335453
1780456782,108.814526
1780456782,108.679734
1780456782,106.870960
1780456782,110.943017
1780456782,106.696670
1780456782,104.818968
1780456782,105.253737
1780456782,108.124908
1780456782,105.036480
1780456782,107.612563
1780456782,107.037428
1780456782,108.901460
1780456782,103.895339
1780456782,103.842314
1780456782,103.756508
1780456782,104.403649
1780456782,103.195836
1780456783,113.348414
1780456783,113.518573
1780456783,113.462469
1780456783,113.600030
1780456783,114.843688
1780456783,113.294257
1780456783,115.120564
1780456783,115.122846
1780456783,115.248689
1780456783,115.685097
1780456783,116.069812
1780456783,115.968978
1780456783,116.518915
1780456783,116.414639
1780456783,117.148509
1780456783,116.849999
1780456783,115.746604
1780456783,117.108423
1780456783,115.797344
1780456783,134.956388
1780456783,115.634217
1780456783,110.941059
1780456783,115.999191
1780456783,114.805245
1780456783,134.400634
1780456783,115.834286
1780456783,116.036651
1780456783,116.026198
1780456783,111.977846
1780456783,119.232295
1780456783,132.913916
1780456783,133.760408
1780456783,115.073271
1780456783,114.902948
1780456783,115.806856
1780456783,115.139878
1780456783,107.893489
1780456783,109.621632
1780456783,110.476799
1780456783,106.826797
1780456783,109.754342
1780456783,124.359910
1780456783,108.863790
1780456783,114.443576
1780456783,114.448458
1780456783,117.113941
1780456783,107.852214
1780456783,118.774527
1780456783,108.296281
1780456783,108.973408
1780456783,114.425033
1780456783,110.490556
1780456783,107.235035
1780456783,107.275948
1780456783,104.597850
1780456783,109.495675
1780456783,105.375825
1780456783,110.450850
1780456783,108.634327
1780456783,109.483210
1780456783,109.653794
1780456783,109.899234
1780456783,110.183438
1780456783,110.408948
1780456783,110.764610
1780456783,129.633342
1780456783,128.866562
1780456783,119.163655
1780456783,128.992498
1780456783,119.379614
1780456783,114.354141
1780456783,117.365678
1780456783,114.552621
1780456783,121.377496
1780456783,114.960388
1780456783,117.600745
1780456783,112.801202
1780456783,111.228151
1780456783,114.775214
1780456783,111.275959
1780456783,127.099711
1780456783,115.908561
1780456783,125.589576
1780456783,112.738580
1780456783,114.522506
1780456783,115.917891
1780456783,116.205214
1780456783,110.146772
1780456783,115.843501
1780456783,127.123188
1780456783,114.547781
1780456783,114.620494
1780456783,115.007206
1780456783,115.177234
1780456783,114.960510
1780456783,115.003485
1780456783,115.226966
1780456783,118.738966
1780456783,118.869185
1780456783,118.666880
1780456783,119.014838
1780456783,116.583754
1780456783,117.229626
1780456783,115.511963
1780456783,117.408790
1780456783,114.626198
1780456783,113.140777
1780456783,118.807506
1780456783,114.345850
1780456783,114.961831
1780456783,115.169287
1780456783,124.087155
1780456783,114.794238
1780456783,115.393151
1780456783,121.756147
1780456783,123.693206
1780456783,121.925742
1780456783,121.595383
1780456783,122.093471
1780456783,121.748979
1780456783,115.660131
1780456783,114.690405
1780456783,114.125948
1780456783,120.428294
1780456783,117.698626
1780456783,120.428539
1780456783,112.076385
1780456783,120.555234
1780456783,115.349756
1780456783,120.541541
1780456783,115.348096
1780456783,122.424865
1780456783,122.762018
1780456783,123.038847
1780456783,123.506455
1780456783,114.534328
1780456783,117.526318
1780456783,115.121531
1780456783,105.924424
1780456783,124.823111
1780456783,127.159189
1780456783,124.406416
1780456783,127.197936
1780456783,122.201977
1780456783,125.016533
1780456783,119.310138
1780456783,127.403292
1780456783,117.807284
1780456783,118.063225
1780456783,122.282803
1780456783,125.505306
1780456783,113.412280
1780456783,105.925187
1780456783,125.636951
1780456783,122.211922
1780456783,121.846274
1780456783,121.580509
1780456783,115.462623
1780456783,124.537449
1780456783,120.454133
1780456783,118.494784
1780456783,123.742303
1780456783,113.715506
1780456783,117.243304
1780456783,117.386912
1780456783,118.709553
1780456783,116.577292
1780456783,116.278587
1780456783,119.081109
1780456783,117.914559
1780456783,115.754708
1780456783,116.620198
1780456783,122.997583
1780456783,116.855028
1780456783,112.867790
1780456783,112.900727
1780456783,123.291131
1780456783,121.250264
1780456783,121.354675
1780456783,117.514477
1780456783,123.565284
1780456783,122.488907
1780456783,120.431447
1780456783,113.962388
1780456783,113.960228
1780456783,121.159928
1780456783,123.243618
1780456783,121.203486
1780456783,122.818947
1780456783,114.516069
1780456783,113.869306
1780456783,121.388774
1780456783,118.773809
1780456783,116.136266
1780456783,112.783502
1780456783,121.321427
1780456783,111.603668
1780456783,113.053908
1780456783,120.166566
1780456783,118.079583
1780456783,118.708186
1780456783,122.955166
1780456783,110.849670
1780456783,118.242334
1780456783,118.929537
1780456783,110.986246
1780456783,118.440405
1780456783,119.105514
1780456783,117.322165
1780456783,110.572986
1780456783,119.124990
1780456783,107.694599
1780456783,114.789495
1780456783,118.706702
1780456783,109.086254
1780456783,117.791491
1780456783,114.325362
1780456783,117.913790
1780456783,109.325900
1780456783,114.418584
1780456783,117.072525
1780456783,109.467290
1780456783,111.314657
1780456783,117.487800
1780456783,111.339131
1780456783,108.475316
1780456783,118.345949
1780456783,110.941370
1780456783,106.390107
1780456783,118.563804
1780456783,110.215031
1780456783,107.892316
1780456783,116.844402
1780456783,118.916291
1780456783,117.114024
1780456783,106.899416
1780456783,118.692241
1780456783,117.279696
1780456783,118.567050
1780456783,104.953270
1780456783,104.935311
1780456783,109.874007
1780456783,111.161770
1780456783,107.591012
1780456783,107.673512
1780456783,117.313531
1780456783,106.619036
1780456783,106.777467
1780456783,117.523726
1780456783,109.352343
1780456783,117.654667
1780456783,109.512773
1780456783,117.186290
1780456783,109.726846
1780456783,107.210694
1780456783,117.322295
1780456783,104.803669
1780456783,117.098501
1780456783,117.490853
1780456783,117.753226
1780456783,117.321598
1780456783,116.427572
1780456783,116.439787
1780456783,105.850480
1780456783,116.771023
1780456783,104.782571
1780456783,106.657068
1780456783,105.425831
1780456783,105.475246
1780456783,106.779239
1780456783,118.077724
1780456783,118.143051
1780456783,118.023600
1780456783,117.295026
1780456783,117.193380
1780456783,106.374885
1780456783,105.569302
1780456783,107.419906
1780456783,107.624261
1780456783,104.863971
1780456783,107.726591
1780456783,108.359589
1780456783,113.535261
1780456783,108.374263
1780456783,113.719337
1780456783,108.997872
1780456783,109.032096
1780456783,109.301223
1780456783,114.343100
1780456783,114.494315
1780456783,109.646918
1780456783,114.984657
1780456783,113.615055
1780456783,109.729075
1780456783,109.879086
1780456783,110.084922
1780456783,109.921152
1780456783,109.971843
1780456783,109.808044
1780456783,109.809590
1780456783,115.141121
1780456783,106.284351
1780456783,106.334962
1780456783,111.610822
1780456783,115.450973
1780456783,113.975057
1780456783,106.643508
1780456783,116.940648
1780456783,105.522461
1780456783,113.831050
1780456783,113.810938
1780456783,116.083901
1780456783,112.516990
1780456783,114.186521
1780456783,112.814312
1780456783,114.219472
1780456783,115.395056
1780456783,115.650232
1780456783,116.177103
1780456783,116.100152
1780456783,107.321274
1780456783,107.542728
1780456783,116.565015
1780456783,107.540326
1780456783,114.448590
1780456783,114.485721
1780456783,114.522639
1780456783,107.854812
1780456783,107.549048
1780456783,111.934225
1780456783,106.026308
1780456783,106.201073
1780456783,107.873680
1780456783,112.875653
1780456783,112.927359
1780456783,113.008043
1780456783,113.211897
1780456783,112.059402
1780456783,116.422274
1780456783,106.162085
1780456783,116.611418
1780456783,112.334961
1780456783,109.445044
1780456783,110.270018
1780456783,117.054509
1780456783,110.447575
1780456783,110.471133
1780456783,110.614561
1780456783,114.689768
1780456783,117.473017
1780456783,116.333021
1780456783,108.892060
1780456783,115.126561
1780456783,113.960146
1780456783,115.177606
1780456783,114.123316
1780456783,113.232578
1780456783,113.019774
1780456783,113.334061
1780456783,112.418628
1780456783,112.353609
1780456783,109.004772
1780456783,112.403594
1780456783,109.266264
1780456783,109.575660
1780456783,109.513304
1780456783,109.520062
1780456783,108.738330
1780456783,108.904585
1780456783,103.910525
1780456783,111.658940
1780456783,104.569348
1780456783,116.277739
1780456783,110.006926
1780456783,111.438708
1780456783,110.170281
1780456783,108.962496
1780456783,117.527388
1780456783,117.674107
1780456783,116.301747
1780456783,110.343690
1780456783,109.169315
1780456783,107.769210
1780456783,110.449525
1780456783,109.238883
1780456783,121.898513
1780456783,106.921646
1780456783,118.477563
1780456783,109.647095
1780456783,105.209465
1780456783,106.301236
1780456783,117.583112
1780456783,113.068892
1780456783,103.768024
1780456783,109.108413
1780456783,109.307696
1780456783,107.146789
1780456783,107.358893
1780456783,116.215972
1780456783,113.678119
1780456783,109.752427
1780456783,107.514811
1780456783,106.679682
1780456783,108.987172
1780456783,112.918268
1780456783,106.918772
1780456783,114.399819
1780456783,112.156467
1780456783,112.215362
1780456783,110.814421
1780456783,109.730214
1780456783,110.055027
1780456783,111.069701
1780456783,110.079897
1780456783,104.265098
1780456783,105.938521
1780456783,110.174044
1780456783,112.815314
1780456783,107.345713
1780456783,106.268551
1780456783,106.235753
1780456783,106.408958
1780456783,106.072594
1780456783,106.223633
1780456783,103.571397
1780456783,106.517585
1780456783,102.427428
1780456783,103.820275
1780456783,102.752044
1780456783,110.680978
1780456783,109.815967
1780456783,104.331470
1780456783,107.225989
1780456783,109.990047
1780456783,109.976337
1780456783,109.923798
1780456783,105.765256
1780456783,104.557815
1780456783,105.737378
1780456783,104.610444
1780456783,105.898128
1780456783,110.180904
1780456783,105.900249
1780456783,110.141686
1780456783,105.881474
1780456783,107.214225
1780456783,104.722403
1780456783,107.489785
1780456783,104.592879
1780456783,105.964746
1780456783,107.441388
1780456783,103.456398
1780456783,107.266546
1780456783,107.557290
1780456783,103.544994
1780456783,108.884853
1780456783,106.258477
1780456783,108.993488
1780456783,107.497610
1780456783,105.068816
1780456783,105.100979
1780456783,107.614111
1780456783,107.914509
1780456783,103.612890
1780456783,109.490061
1780456783,109.149904
1780456783,103.770136
1780456783,109.611618
1780456783,106.476612
1780456783,103.899995
1780456783,105.162307
1780456783,106.511634
1780456783,106.658566
1780456783,109.820587
1780456783,110.805289
1780456783,103.900946
1780456783,102.510754
1780456783,102.551341
1780456783,102.753632
1780456783,101.711536
1780456783,103.052101
1780456783,104.188424
1780456783,103.054499
1780456783,105.784771
1780456783,103.271328
1780456783,104.688293
1780456783,102.253822
1780456783,102.368056
1780456783,103.745289
1780456783,102.447387
1780456783,102.491064
1780456783,102.555300
1780456783,103.944938
1780456783,102.634709
1780456783,104.106477
1780456783,104.092670
1780456783,102.773859
1780456783,104.229310
1780456783,102.829133
1780456783,104.444901
1780456783,102.254310
1780456783,102.438432
1780456783,102.653983
1780456783,102.702808
1780456783,102.788669
1780456783,101.947771
1780456783,102.978740
1780456783,103.060371
1780456783,102.314335
1780456783,102.405734
1780456783,102.397844
1780456783,102.563944
1780456783,102.701498
1780456783,102.077113
1780456783,102.343907
1780456783,102.677329
1780456783,102.674203
1780456783,102.767202
1780456783,102.850486
1780456783,103.166736
1780456783,103.110514
1780456783,103.370251
1780456783,103.328377
1780456783,102.357718
1780456783,102.569910
1780456783,102.701396
1780456783,102.790591
1780456783,102.837859
1780456783,102.379106
1780456783,102.665142
1780456783,102.762716
1780456783,104.231023
1780456783,103.787148
1780456783,103.554788
1780456783,103.361520
1780456783,103.697338
1780456783,104.111970
1780456783,104.183085
1780456783,104.119907
1780456783,104.295108
1780456783,104.962012
1780456783,104.255052
1780456783,104.679746
1780456783,104.611626
1780456783,104.794451
1780456783,104.537986
1780456783,104.283552
1780456783,104.053490
1780456783,104.749279
1780456783,105.302562
1780456783,104.987793
1780456783,104.350028
1780456783,105.426009
1780456783,104.671829
1780456783,104.303052
1780456783,105.155616
1780456783,106.068347
1780456783,105.377783
1780456783,104.292674
1780456783,104.904200
1780456783,106.114485
1780456783,103.811672
1780456783,104.895534
1780456783,106.029267
1780456783,103.950931
1780456783,105.523570
1780456783,106.184483
1780456783,105.565364
1780456783,106.386624
1780456783,103.847581
1780456783,107.093144
1780456783,103.808868
1780456783,105.675050
1780456783,107.193785
1780456783,104.815977
1780456783,103.595233
1780456783,106.685427
1780456783,105.307396
1780456783,105.743042
1780456783,107.456298
1780456783,104.028158
1780456783,106.114580
1780456783,107.019468
1780456783,106.209410
1780456783,107.903561
1780456783,106.741207
1780456783,107.389090
1780456783,108.435058
1780456783,107.706671
1780456783,108.290242
1780456783,108.516761
1780456783,108.112333
1780456783,107.959746
1780456783,108.056126
1780456783,105.959118
1780456783,108.438886
1780456783,108.195866
1780456783,107.946749
1780456783,108.107021
1780456783,108.061306
1780456783,108.371101
1780456783,107.184830
1780456783,107.556291
1780456783,106.956454
1780456783,108.605008
1780456783,108.377432
1780456783,109.390979
1780456783,110.484466
1780456783,110.981083
1780456783,109.578527
1780456783,110.070050
1780456783,111.167614
1780456783,112.237759
1780456783,111.618071
1780456783,110.217658
1780456783,108.179109
1780456783,114.089139
1780456783,113.164940
1780456783,113.382979
1780456783,109.352672
1780456783,113.737024
1780456783,113.670071
1780456783,113.055501
1780456783,109.375704
1780456783,113.802811
1780456783,109.926946
1780456783,109.204608
1780456783,116.533257
1780456783,115.529172
1780456783,112.130700
1780456783,111.989257
1780456783,117.014408
1780456783,116.616273
1780456783,111.024720
1780456783,116.918508
1780456783,112.499404
1780456783,115.823506
1780456783,114.450467
1780456783,111.505465
1780456783,111.476631
1780456783,117.115406
1780456783,114.269834
1780456783,111.180074
1780456783,118.479598
1780456783,117.368392
1780456783,114.499742
1780456783,118.786789
1780456783,116.437895
1780456783,114.568948
1780456783,118.395542
1780456783,116.266645
1780456783,118.297602
1780456783,119.439012
1780456783,111.763223
1780456783,111.886778
1780456783,112.686442
1780456783,118.735648
1780456783,116.772510
1780456783,119.163240
1780456783,115.857533
1780456783,118.977509
1780456783,119.299745
1780456783,117.407550
1780456783,119.309477
1780456783,120.125677
1780456783,119.356825
1780456783,116.142073
1780456783,115.757694
1780456783,120.758520
1780456783,112.863950
1780456783,116.513120
1780456783,115.965075
1780456783,119.318094
1780456783,120.451800
1780456783,119.827925
1780456783,119.899864
1780456783,119.514278
1780456783,120.579461
1780456783,116.214513
1780456783,121.165945
1780456783,119.468511
1780456783,117.497181
1780456783,117.020325
1780456783,119.901322
1780456783,120.938335
1780456783,120.879514
1780456783,114.996373
1780456783,121.050851
1780456783,119.533512
1780456783,116.086451
1780456783,116.313221
1780456783,113.587906
1780456783,116.789158
1780456783,121.167088
1780456783,121.799263
1780456783,116.519867
1780456783,115.697339
1780456783,115.899053
1780456783,118.944608
1780456783,118.411500
1780456783,121.936294
1780456783,121.630985
1780456783,121.722312
1780456783,119.407298
1780456783,121.783266
1780456783,116.752936
1780456783,114.909904
1780456783,117.875747
1780456783,118.631510
1780456783,121.406304
1780456783,114.392344
1780456783,119.620631
1780456783,117.294244
1780456783,122.067004
1780456783,122.291018
1780456783,114.859582
1780456783,121.580861
1780456783,116.265427
1780456783,122.616459
1780456783,116.592456
1780456783,122.618934
1780456783,116.622542
1780456783,122.925245
1780456783,122.565223
1780456783,123.682827
1780456783,116.957718
1780456783,116.177796
1780456783,123.878723
1780456783,123.753167
1780456783,116.070696
1780456783,117.725337
1780456783,123.346615
1780456783,122.594316
1780456783,117.793346
1780456783,122.050656
1780456783,119.308595
1780456783,124.317192
1780456783,122.644060
1780456783,119.457060
1780456783,124.215563
1780456783,124.942672
1780456783,119.777634
1780456783,120.466626
1780456783,123.632325
1780456783,124.139070
1780456783,120.929490
1780456783,123.870498
1780456783,124.577622
1780456783,125.816963
1780456783,116.657952
1780456783,124.655248
1780456783,124.159670
1780456783,121.424088
1780456783,118.290624
1780456783,126.444153
1780456783,118.167687
1780456783,125.415843
1780456783,127.408780
1780456783,118.369670
1780456783,126.586351
1780456783,121.413659
1780456783,126.632107
1780456783,126.132459
1780456783,126.255031
1780456783,127.634033
1780456783,126.305169
1780456783,120.525621
1780456783,124.617751
1780456783,121.299913
1780456783,126.746186
1780456783,121.771407
1780456783,127.873051
1780456783,125.498430
1780456783,126.786448
1780456783,125.972059
1780456783,127.962955
1780456783,120.971117
1780456783,128.183066
1780456783,121.773310
1780456783,124.969663
1780456783,126.847108
1780456783,120.924719
1780456783,125.904076
1780456783,127.132745
1780456783,125.937646
1780456783,119.643516
1780456783,127.296544
1780456783,126.757300
1780456783,128.119690
1780456783,121.201931
1780456783,126.458352
1780456783,126.321518
1780456783,121.157238
1780456783,128.254891
1780456783,121.169187
1780456783,125.824292
1780456783,128.452741
1780456783,126.512539
1780456783,121.238091
1780456783,125.878246
1780456783,127.289353
1780456783,126.537704
1780456783,121.610208
1780456783,125.793509
1780456783,129.109965
1780456783,127.644638
1780456783,127.222529
1780456783,125.342336
1780456783,122.213235
1780456783,121.997783
1780456783,128.620947
1780456783,126.511916
1780456783,130.436638
1780456783,126.534032
1780456783,129.862464
1780456783,126.707174
1780456783,122.086587
1780456783,128.590198
1780456783,122.544835
1780456783,122.799379
1780456783,126.930869
1780456783,123.217056
1780456783,120.148259
1780456783,129.529273
1780456783,130.187163
1780456783,120.280054
1780456783,129.092241
1780456783,130.235966
1780456783,128.217864
1780456783,122.926033
1780456783,129.512458
1780456783,129.545372
1780456783,130.226836
1780456783,126.621152
1780456783,131.052704
1780456783,130.431670
1780456783,126.168214
1780456783,131.162398
1780456783,123.039054
1780456783,126.653466
1780456783,123.904339
1780456783,131.398112
1780456783,130.124172
1780456783,126.839762
1780456783,122.976317
1780456783,130.900980
1780456783,124.774788
1780456783,127.068547
1780456783,131.909783
1780456783,129.946466
1780456783,124.327049
1780456783,131.639487
1780456783,131.391662
1780456783,124.209950
1780456783,132.203033
1780456783,123.746812
1780456783,130.047649
1780456783,132.301867
1780456783,123.854728
1780456783,131.702785
1780456783,129.210187
1780456783,132.133771
1780456783,124.272794
1780456783,130.774461
1780456783,132.360273
1780456783,130.601170
1780456783,132.324903
1780456783,128.257120
1780456783,132.056976
1780456783,129.377915
1780456783,131.102898
1780456783,132.676975
1780456783,129.034272
1780456783,132.663661
1780456783,129.153162
1780456783,131.646692
1780456783,128.028229
1780456783,128.240859
1780456783,133.114254
1780456783,132.596731
1780456783,129.312726
1780456783,132.699362
1780456783,133.132879
1780456783,132.925852
1780456783,129.916714
1780456783,133.823535
1780456783,132.786626
1780456783,132.889399
1780456783,130.734738
1780456783,133.012410
1780456783,131.772464
1780456783,132.097432
1780456783,133.437174
1780456783,133.898516
1780456783,133.690095
1780456783,134.959346
1780456783,129.947306
1780456783,133.801374
1780456783,130.838427
1780456783,125.716740
1780456783,126.718215
1780456783,134.981304
1780456783,134.092978
1780456783,131.049281
1780456783,133.963227
1780456783,135.394166
1780456783,132.579007
1780456783,134.349580
1780456783,134.720792
1780456783,132.660554
1780456783,133.324714
1780456783,135.085846
1780456783,134.937110
1780456783,130.890833
1780456783,133.736721
1780456783,134.691233
1780456783,133.148595
1780456783,131.534354
1780456783,133.877944
1780456783,135.334797
1780456783,133.437645
1780456783,132.537435
1780456783,133.346751
1780456783,132.720343
1780456783,133.444688
1780456783,133.862138
1780456783,127.594749
1780456783,132.076773
1780456783,133.104606
1780456783,131.854257
1780456783,134.194623
1780456783,127.540161
1780456783,135.101414
1780456783,137.101196
1780456783,133.447089
1780456783,132.820102
1780456783,127.209347
1780456783,137.586038
1780456783,134.959347
1780456783,134.233661
1780456783,134.642398
1780456783,136.498762
1780456783,137.700974
1780456783,134.351049
1780456783,135.311990
1780456783,134.263267
1780456783,136.781897
1780456783,133.519334
1780456783,136.118529
1780456783,136.490364
1780456783,133.299387
1780456783,134.849088
1780456783,138.027928
1780456783,132.604619
1780456783,135.877929
1780456783,138.504401
1780456783,134.033969
1780456783,136.643978
1780456783,129.482749
1780456783,135.877111
1780456783,139.936810
1780456783,136.214395
1780456783,137.786577
1780456783,133.829609
1780456783,137.849949
1780456783,140.238110
1780456783,136.503752
1780456783,138.015226
1780456783,134.145886
1780456783,139.258240
1780456783,136.394200
1780456783,134.563929
1780456783,135.029010
1780456783,140.697900
1780456783,138.418295
1780456783,135.328390
1780456783,137.302597
1780456783,137.851340
1780456783,119.902374
1780456783,138.708257
1780456783,137.651512
1780456783,137.307965
1780456783,138.140741
1780456783,139.092026
1780456783,134.603546
1780456783,131.105586
1780456783,139.033971
1780456783,134.402483
1780456783,138.954229
1780456783,138.544983
1780456783,134.512059
1780456783,138.482390
1780456783,137.946718
1780456783,137.502055
1780456783,138.625504
1780456783,139.608838
1780456783,139.894054
1780456783,136.754598
1780456783,139.425558
1780456783,138.930758
1780456783,135.600395
1780456783,139.942345
1780456783,137.138695
1780456783,138.193948
1780456783,137.675785
1780456783,135.513401
1780456783,137.621019
1780456783,135.401750
1780456783,127.840671
1780456783,139.308890
1780456783,135.737644
1780456783,135.716968
1780456783,138.182739
1780456783,142.178675
1780456783,137.666280
1780456783,141.707876
1780456783,142.087753
1780456783,136.208579
1780456783,142.384565
1780456783,142.237905
1780456783,137.135354
1780456783,141.651071
1780456783,139.973756
1780456783,141.934036
1780456783,138.828447
1780456783,137.327697
1780456783,136.959959
1780456783,142.490874
1780456783,142.468038
1780456783,140.111460
1780456783,138.746014
1780456783,115.826134
1780456783,140.460790
1780456783,137.214234
1780456783,140.578124
1780456783,137.762613
1780456783,137.437794
1780456783,134.762763
1780456783,137.281568
1780456783,144.409320
1780456783,140.294644
1780456783,136.655989
1780456783,140.575547
1780456783,140.205374
1780456783,143.521083
1780456783,135.630653
1780456783,142.397681
1780456783,144.371167
1780456783,142.452508
1780456783,131.651056
1780456783,141.162843
1780456783,146.522974
1780456783,132.084096
1780456783,132.300336
1780456783,144.170881
1780456783,141.819249
1780456783,130.196966
1780456783,141.711458
1780456783,145.361524
1780456783,131.684019
1780456783,143.192234
1780456783,145.297635
1780456783,148.212887
1780456783,147.364066
1780456783,137.253772
1780456783,143.327373
1780456783,139.907675
1780456783,146.911177
1780456783,145.543379
1780456783,138.181068
1780456783,148.150385
1780456783,145.829049
1780456783,141.661602
1780456783,143.535682
1780456783,141.684575
1780456783,141.308566
1780456783,133.865509
1780456783,131.367506
1780456783,146.831003
1780456783,150.239685
1780456783,146.941610
1780456783,149.824392
1780456783,144.432156
1780456783,146.068154
1780456783,146.208489
1780456783,121.295177
1780456783,133.518450
1780456783,120.104719
1780456783,146.183464
1780456783,120.316075
1780456783,144.863635
1780456783,145.109782
1780456783,121.930178
1780456783,144.918046
1780456783,137.551701
1780456783,143.258010
1780456783,143.662920
1780456783,144.436713
1780456783,144.604167
1780456783,139.070506
1780456783,122.092919
1780456783,122.163227
1780456783,139.635614
1780456783,142.776171
1780456783,147.443947
1780456783,146.925836
1780456783,146.925532
1780456783,142.963790
1780456783,144.477516
1780456783,147.175153
1780456783,145.916563
1780456783,143.589247
1780456783,148.259303
1780456783,147.948733
1780456783,115.063403
1780456783,142.715824
1780456783,143.455477
1780456783,131.542577
1780456783,146.244507
1780456783,132.474731
1780456783,146.631925
1780456783,146.713539
1780456783,145.481012
1780456783,146.570606
1780456783,131.888221
1780456783,151.163505
1780456783,131.695985
1780456783,142.366867
1780456783,151.844628
1780456783,142.776853
1780456783,145.190549
1780456783,145.005867
1780456783,148.043102
1780456783,120.800513
1780456783,141.211512
1780456783,148.159410
1780456783,137.788870
1780456783,142.620957
1780456783,121.846214
1780456783,121.992365
1780456783,132.222281
1780456783,121.574735
1780456783,146.132106
1780456783,148.320046
1780456783,146.275084
1780456783,148.267806
1780456783,146.600053
1780456783,149.706339
1780456783,146.698485
1780456783,146.560428
1780456783,148.559662
1780456783,144.322603
1780456783,123.926985
1780456783,144.238110
1780456783,149.458063
1780456783,149.605489
1780456783,149.266650
1780456783,127.869980
1780456783,141.061581
1780456783,149.554951
1780456783,153.318620
1780456783,149.384929
1780456783,125.356054
1780456783,125.316475
1780456783,150.263030
1780456783,125.315600
1780456783,116.793731
1780456783,125.439420
1780456783,149.371116
1780456783,128.719074
1780456783,125.612952
1780456783,127.437426
1780456783,128.918352
1780456783,150.005309
1780456783,117.153151
1780456783,121.287657
1780456783,126.113396
1780456783,137.740743
1780456783,150.636472
1780456783,139.922405
1780456783,150.097605
1780456783,152.630454
1780456783,150.895744
1780456783,140.187419
1780456783,137.076698
1780456783,150.355094
1780456783,151.141133
1780456783,137.378711
1780456783,147.412909
1780456783,151.891797
1780456783,151.955349
1780456783,130.569427
1780456783,151.034063
1780456783,148.663818
1780456783,110.733007
1780456783,147.634664
1780456783,130.680166
1780456783,151.054266
1780456783,129.601799
1780456783,156.245571
1780456783,148.277344
1780456783,152.074210
1780456783,155.642144
1780456783,130.453055
1780456783,152.113655
1780456783,129.152019
1780456783,152.642319
1780456783,157.398376
1780456783,131.080369
1780456783,152.774740
1780456783,133.324851
1780456783,131.336745
1780456783,148.862912
1780456783,156.413708
1780456783,156.607570
1780456783,153.319380
1780456783,145.337628
1780456783,158.054852
1780456783,132.240582
1780456783,148.419637
1780456783,157.232993
1780456783,158.497735
1780456783,144.911756
1780456783,157.619876
1780456783,131.667896
1780456783,146.211829
1780456783,148.947902
1780456783,149.221338
1780456783,156.013431
1780456783,158.954717
1780456783,158.403541
1780456783,148.945714
1780456783,137.247444
1780456783,150.885920
1780456783,137.613681
1780456783,120.061439
1780456783,163.915137
1780456783,137.710424
1780456783,163.932844
1780456783,160.946448
1780456783,161.714231
1780456783,164.397145
1780456783,137.570026
1780456783,161.251888
1780456783,137.878497
1780456783,161.481847
1780456783,164.793216
1780456783,138.157958
1780456783,140.038915
1780456783,161.748018
1780456783,149.032353
1780456783,165.113655
1780456783,162.125438
1780456783,162.233749
1780456783,158.486767
1780456783,150.475564
1780456783,151.737707
1780456783,162.497083
1780456783,162.596398
1780456783,138.369698
1780456783,162.013288
1780456783,161.156887
1780456783,164.763670
1780456783,161.822960
1780456783,164.558980
1780456783,160.532562
1780456783,160.384637
1780456783,161.307597
1780456783,137.607440
1780456783,153.233335
1780456783,155.758981
1780456783,138.658685
1780456783,136.636431
1780456783,136.342098
1780456783,153.678327
1780456783,129.560150
1780456783,135.327937
1780456783,136.532027
1780456783,136.615821
1780456783,136.741176
1780456783,136.689318
1780456783,136.610470
1780456783,136.686865
1780456783,152.092443
1780456783,119.431074
1780456783,137.042754
1780456783,123.045369
1780456783,119.888400
1780456783,143.266833
1780456783,141.984155
1780456783,144.554072
1780456783,144.370574
1780456783,144.715403
1780456783,144.875241
1780456783,131.506427
1780456783,144.890353
1780456783,145.155258
1780456783,145.131011
1780456783,141.719554
1780456783,115.703926
1780456783,115.665878
1780456783,122.896944
1780456783,123.115991
1780456783,115.847304
1780456783,123.602664
1780456783,123.589945
1780456783,123.241274
1780456783,132.416950
1780456783,132.402863
1780456783,141.009267
1780456783,145.735180
1780456783,116.229684
1780456783,127.151892
1780456783,142.386005
1780456783,142.413141
1780456783,143.192024
1780456783,143.711884
1780456783,109.955071
1780456783,129.131915
1780456783,129.133711
1780456783,110.099144
1780456783,129.129648
1780456783,110.142021
1780456783,175.407559
1780456783,144.434705
1780456783,140.250217
1780456783,144.000510
1780456783,176.121068
1780456783,174.611940
1780456783,152.284702
1780456783,174.629790
1780456783,173.908183
1780456783,143.597331
1780456783,152.541337
1780456783,113.103138
1780456783,121.881298
1780456783,152.854024
1780456783,113.351842
1780456783,152.977267
1780456783,153.023037
1780456783,153.095866
1780456783,129.391215
1780456783,129.470556
1780456783,153.329902
1780456783,153.381735
1780456783,152.786115
1780456783,161.607692
1780456783,131.235543
1780456783,163.851670
1780456783,150.387292
1780456783,153.573197
1780456783,153.373843
1780456783,153.356400
1780456783,131.631114
1780456783,153.591350
1780456783,176.003223
1780456783,166.552021
1780456783,164.092879
1780456783,175.996274
1780456783,153.433031
1780456783,163.026139
1780456783,134.838549
1780456783,143.744344
1780456783,173.692884
1780456783,143.814866
1780456783,174.278962
1780456783,174.078454
1780456783,150.800994
1780456783,137.593320
1780456783,175.112679
1780456783,167.176574
1780456783,167.194576
1780456783,113.059368
1780456783,113.096204
1780456783,113.166879
1780456783,107.651226
1780456783,166.681017
1780456783,168.132673
1780456783,167.105874
1780456783,115.887112
1780456783,165.981716
1780456783,116.246792
1780456783,116.974396
1780456783,117.143976
1780456783,117.271160
1780456783,137.812060
1780456783,117.157104
1780456783,138.952357
1780456783,124.044480
1780456783,165.925467
1780456783,163.852928
1780456783,167.274600
1780456783,117.606066
1780456783,117.727963
1780456783,112.440889
1780456783,133.523156
1780456783,132.727888
1780456783,153.771698
1780456783,134.937541
1780456783,135.010435
1780456783,135.048423
1780456783,157.472267
1780456783,165.876242
1780456783,116.320655
1780456783,116.725672
1780456783,116.316234
1780456783,118.349585
1780456783,158.324017
1780456783,156.679740
1780456783,158.716028
1780456783,158.813309
1780456783,159.041926
1780456783,157.333869
1780456783,159.369186
1780456783,159.995568
1780456783,113.060041
1780456783,160.199997
1780456783,161.216598
1780456783,157.662869
1780456783,105.901791
1780456783,158.306190
1780456783,105.666156
1780456783,115.088298
1780456783,115.178132
1780456783,106.584291
1780456783,136.985445
1780456783,159.435599
1780456783,110.408928
1780456783,110.418571
1780456783,138.813706
1780456783,150.407777
1780456783,116.923568
1780456783,150.537836
1780456783,114.693890
1780456783,152.315806
1780456783,117.317883
1780456783,117.211023
1780456783,117.172329
1780456783,149.644632
1780456783,111.948275
1780456783,110.431552
1780456783,110.589664
1780456783,110.805937
1780456783,110.533467
1780456783,141.823895
1780456783,157.454258
1780456783,146.665901
1780456783,142.143723
1780456783,155.750781
1780456783,138.888720
1780456783,139.026555
1780456783,153.367548
1780456783,144.122862
1780456783,143.516802
1780456783,114.411551
1780456783,114.538819
1780456783,113.106685
1780456783,114.551925
1780456783,110.602240
1780456783,114.577916
1780456783,144.584677
1780456783,144.019962
1780456783,144.481410
1780456783,147.792638
1780456783,138.315969
1780456783,138.019189
1780456783,138.163658
1780456783,130.068113
1780456783,130.104614
1780456783,130.105943
1780456783,120.196238
1780456783,122.221553
1780456783,123.019494
1780456783,116.402823
1780456783,123.864285
1780456783,133.506230
1780456783,121.332541
1780456783,116.754306
1780456783,124.075794
1780456783,122.596372
1780456783,124.150997
1780456783,111.425692
1780456783,136.550559
1780456783,137.081414
1780456783,137.495396
1780456783,138.216154
1780456783,137.559333
1780456783,138.694465
1780456783,112.790481
1780456783,137.942408
1780456783,112.564309
1780456783,124.600923
1780456783,124.581837
1780456783,124.588758
1780456783,125.116491
1780456783,125.167891
1780456783,122.589322
1780456783,122.617617
1780456783,113.466734
1780456783,113.985790
1780456783,103.273089
1780456783,103.472773
1780456783,103.885344
1780456783,102.660026
1780456783,104.661489
1780456783,104.941492
1780456783,105.201809
1780456783,104.536050
1780456783,104.723093
1780456783,106.605255
1780456783,106.114846
1780456783,106.735151
1780456783,107.678992
1780456783,107.686204
1780456783,107.802656
1780456783,107.897578
1780456783,107.708260
1780456783,107.885863
1780456783,107.829823
1780456783,108.176610
1780456783,108.422405
1780456783,108.746005
1780456783,108.825392
1780456783,108.739364
1780456783,107.170008
1780456783,109.244741
1780456783,109.044522
1780456783,109.837943
1780456783,109.966220
1780456783,110.209903
1780456783,110.385174
1780456783,109.704370
1780456783,109.759282
1780456783,109.725169
1780456783,113.609518
1780456783,105.706035
1780456783,105.790465
1780456783,105.943501
1780456783,104.018018
1780456783,109.325768
1780456783,109.529921
1780456783,109.696224
1780456783,107.693487
1780456783,108.453516
1780456783,108.749672
1780456783,108.413962
1780456783,110.402558
1780456783,110.402152
1780456783,111.163558
1780456783,111.230371
1780456783,111.911590
1780456783,111.890621
1780456783,111.966935
1780456783,112.277083
1780456783,108.367754
1780456783,106.256191
1780456783,108.212243
1780456783,106.077910
1780456783,109.193025
1780456783,111.256375
1780456783,110.296363
1780456783,112.001648
1780456783,112.078172
1780456783,113.320524
1780456783,105.478939
1780456783,105.443183
1780456783,111.978697
1780456783,107.655976
1780456783,110.823689
1780456783,108.568245
1780456783,108.829016
1780456783,108.472877
1780456783,109.382280
1780456783,109.003476
1780456783,109.326666
1780456783,109.371321
1780456783,110.432773
1780456783,110.623383
1780456783,109.295190
1780456783,115.201489
1780456783,114.328737
1780456783,115.359905
1780456783,114.573512
1780456783,115.608914
1780456783,115.763499
1780456783,114.956236
1780456783,115.931025
1780456783,115.002108
1780456783,115.063540
1780456783,112.309037
1780456783,112.528885
1780456783,106.814545
1780456783,111.959341
1780456783,115.360811
1780456783,111.400015
1780456783,115.782558
1780456783,110.312786
1780456783,115.899915
1780456783,112.703276
1780456783,117.380913
1780456783,107.883427
1780456783,108.041366
1780456783,112.830694
1780456783,109.272064
1780456783,108.968438
1780456783,109.399452
1780456783,109.012313
1780456783,109.247783
1780456783,107.020594
1780456783,111.318965
1780456783,111.426357
1780456783,112.204365
1780456783,113.023604
1780456783,107.728690
1780456783,111.842258
1780456783,107.536128
1780456783,114.509360
1780456783,107.836937
1780456783,111.832590
1780456783,113.232236
1780456783,111.678204
1780456783,111.494920
1780456783,106.776093
1780456783,106.181505
1780456783,106.240818
1780456783,106.286812
1780456783,106.008056
1780456783,105.735129
1780456783,122.432818
1780456783,120.124353
1780456783,122.496937
1780456783,123.026368
1780456783,120.009935
1780456783,120.780356
1780456783,120.296976
1780456783,116.805565
1780456783,117.044252
1780456783,116.973756
1780456783,118.519371
1780456783,115.510343
1780456783,119.117641
1780456783,115.965720
1780456783,117.306530
1780456783,110.791259
1780456783,115.441313
1780456783,112.191417
1780456783,113.524732
1780456783,112.944675
1780456783,111.514216
1780456783,112.573060
1780456783,110.907288
1780456783,111.329899
1780456783,111.407283
1780456783,111.821803
1780456783,113.425414
1780456783,112.116787
1780456783,110.796646
1780456783,111.774575
1780456783,111.460051
1780456783,105.581060
1780456783,111.251848
1780456783,110.686828
1780456783,105.669842
1780456783,110.745033
1780456783,110.618284
1780456783,115.229533
1780456783,114.153748
1780456783,110.648909
1780456783,111.173801
1780456783,110.612566
1780456783,108.628011
1780456783,109.296100
1780456783,116.438450
1780456783,109.241360
1780456783,107.349181
1780456783,118.084393
1780456783,117.056829
1780456783,117.053104
1780456783,108.914302
1780456783,108.914354
1780456783,108.796512
1780456783,109.042670
1780456783,117.647613
1780456783,115.548532
1780456783,109.085388
1780456783,117.424311
1780456783,116.506466
1780456783,119.050598
1780456783,109.130263
1780456783,109.564939
1780456783,110.046328
1780456783,117.552996
1780456783,118.377035
1780456783,119.353170
1780456783,120.153418
1780456783,116.756692
1780456783,117.512825
1780456783,116.084566
1780456783,116.871421
1780456783,109.252241
1780456783,114.936121
1780456783,122.600464
1780456783,107.506836
1780456783,123.366669
1780456783,117.329396
1780456783,122.912195
1780456783,118.682670
1780456783,119.331842
1780456783,119.292517
1780456783,120.552635
1780456783,120.704340
1780456783,121.262338
1780456783,108.404170
1780456783,124.218607
1780456783,115.891136
1780456783,121.999181
1780456783,110.915701
1780456783,124.886733
1780456783,125.033793
1780456783,113.001677
1780456783,126.661914
1780456783,125.685280
1780456783,128.182988
1780456783,128.995554
1780456783,129.208805
1780456783,128.969760
1780456783,129.375382
1780456783,129.240351
1780456783,110.644199
1780456783,110.534074
1780456783,110.530399
1780456783,114.499422
1780456783,122.366332
1780456783,122.432054
1780456783,126.820767
1780456783,122.824409
1780456783,126.969562
1780456783,113.671162
1780456783,126.725908
1780456783,113.716433
1780456783,120.024734
1780456783,117.379701
1780456783,126.743261
1780456783,121.961650
1780456783,118.868241
1780456783,122.147947
1780456783,121.181309
1780456783,126.430800
1780456783,116.500999
1780456783,113.666940
1780456783,112.851620
1780456783,116.019232
1780456783,112.510103
1780456783,119.715208
1780456783,110.450008
1780456783,106.422520
1780456783,110.617477
1780456783,111.909475
1780456783,112.165254
1780456783,110.808635
1780456783,118.875230
1780456783,118.091351
1780456783,118.305979
1780456783,129.095300
1780456783,117.793075
1780456783,128.187890
1780456783,128.981669
1780456783,129.593021
1780456783,114.701972
1780456783,120.639539
1780456783,116.519967
1780456783,111.713415
1780456783,111.687135
1780456783,119.776546
1780456783,119.147188
1780456783,112.626318
1780456783,111.866045
1780456783,112.718719
1780456783,110.186244
1780456783,120.670791
1780456783,111.538585
1780456783,111.684719
1780456783,120.200726
1780456783,116.375185
1780456783,128.111566
1780456783,129.394880
1780456783,127.948723
1780456783,129.432323
1780456783,113.281251
1780456783,129.636786
1780456783,129.804675
1780456783,108.580958
1780456783,108.413472
1780456783,108.690431
1780456783,110.918495
1780456783,112.699331
1780456783,108.628037
1780456783,112.555721
1780456783,112.891253
1780456783,113.052223
1780456783,127.921324
1780456783,111.764604
1780456783,106.713919
1780456783,125.702877
1780456783,108.285991
1780456783,124.466224
1780456783,107.860143
1780456783,124.582044
1780456783,125.190390
1780456783,113.799178
1780456783,125.234236
1780456783,108.774302
1780456783,123.960106
1780456783,106.707899
1780456783,106.580471
1780456783,110.468221
1780456783,132.326778
1780456783,132.104217
1780456783,132.284896
1780456783,140.062825
1780456783,110.598115
1780456783,108.725983
1780456783,110.661739
1780456783,130.322200
1780456783,108.037937
1780456783,129.961480
1780456783,140.243197
1780456783,110.963784
1780456783,110.280313
1780456783,139.962498
1780456783,131.534094
1780456783,110.924166
1780456783,136.369755
1780456783,105.258231
1780456783,137.488368
1780456783,107.226176
1780456783,138.681379
1780456783,138.751299
1780456783,128.926053
1780456783,128.907631
1780456783,107.779571
1780456783,130.126672
1780456783,139.261681
1780456783,139.402814
1780456783,130.526627
1780456783,123.545664
1780456783,127.687828
1780456783,142.962737
1780456783,123.809635
1780456783,106.048878
1780456783,106.039226
1780456783,107.546399
1780456783,108.199338
1780456783,108.468628
1780456783,111.843537
1780456783,114.920478
1780456783,117.392987
1780456783,128.703247
1780456783,134.372447
1780456783,111.602393
1780456783,138.667895
1780456783,134.866994
1780456783,135.215920
1780456783,113.970209
1780456783,138.985972
1780456783,139.925561
1780456783,140.287559
1780456783,140.408316
1780456783,141.068874
1780456783,141.249903
1780456783,117.604163
1780456783,142.081504
1780456783,141.291774
1780456783,120.873530
1780456783,121.482671
1780456783,142.307783
1780456783,118.731261
1780456783,122.203929
1780456783,122.137784
1780456783,120.749681
1780456783,121.581854
1780456783,128.376671
1780456783,111.613708
1780456783,112.049584
1780456783,118.321159
1780456783,115.643621
1780456783,114.938552
1780456783,114.807732
1780456783,112.038372
1780456783,113.090194
1780456783,118.946545
1780456783,112.982345
1780456783,112.263062
1780456783,119.187006
1780456783,112.774767
1780456783,119.215732
1780456783,112.925160
1780456783,117.906296
1780456783,111.260788
1780456783,112.695876
1780456783,118.460926
1780456783,118.282682
1780456783,149.337119
1780456783,117.020135
1780456783,117.552168
1780456783,117.888848
1780456783,117.713488
1780456783,118.135979
1780456783,115.884999
1780456783,118.014418
1780456783,149.681317
1780456783,134.512244
1780456783,117.860716
1780456783,119.007882
1780456783,118.630435
1780456783,134.607022
1780456783,118.268608
1780456783,113.601733
1780456783,136.665760
1780456783,107.218404
1780456783,107.330077
1780456783,132.620599
1780456783,114.969693
1780456783,111.983061
1780456783,134.486239
1780456783,109.995119
1780456783,110.139403
1780456783,134.812826
1780456783,112.004338
1780456783,117.206255
1780456783,115.669104
1780456783,117.188669
1780456783,116.295359
1780456783,135.419509
1780456783,123.379662
1780456783,138.635682
1780456783,140.631568
1780456783,130.936900
1780456783,133.095225
1780456783,116.578824
1780456783,141.432927
1780456783,133.703090
1780456783,133.556420
1780456783,135.238028
1780456783,112.842439
1780456783,131.517917
1780456783,130.652403
1780456783,133.435751
1780456783,129.022596
1780456783,119.146864
1780456783,132.238490
1780456783,107.931172
1780456783,135.702600
1780456783,118.929315
1780456783,136.309807
1780456783,119.343240
1780456783,131.942054
1780456783,113.538565
1780456783,113.453446
1780456783,109.122434
1780456783,118.763601
1780456783,109.936117
1780456783,132.578460
1780456783,107.999884
1780456783,133.361255
1780456783,108.607602
1780456783,108.996202
1780456783,108.929630
1780456783,129.054685
1780456783,109.721671
1780456783,114.628033
1780456783,126.972865
1780456783,109.460356
1780456783,115.083973
1780456783,135.476584
1780456783,109.764628
1780456783,115.413994
1780456783,110.627490
1780456783,111.922002
1780456783,111.834708
1780456783,131.650683
1780456783,132.461121
1780456783,131.668512
1780456783,129.302672
1780456783,125.749422
1780456783,133.935251
1780456783,109.656152
1780456783,128.772960
1780456783,125.959769
1780456783,118.778632
1780456783,129.725410
1780456783,119.090165
1780456783,128.219864
1780456783,109.080789
1780456783,119.491855
1780456783,128.458606
1780456783,109.294157
1780456783,119.434186
1780456783,119.595954
1780456783,128.895973
1780456783,110.250960
1780456783,118.059789
1780456783,111.537634
1780456783,130.525321
1780456783,120.282491
1780456783,109.419906
1780456783,119.289385
1780456783,109.067142
1780456783,128.182848
1780456783,109.491500
1780456783,127.632675
1780456783,119.530943
1780456783,108.007948
1780456783,113.413820
1780456783,108.230436
1780456783,127.905844
1780456783,126.900167
1780456783,108.521510
1780456783,108.211707
1780456783,108.483314
1780456783,127.202298
1780456783,108.568044
1780456783,127.171863
1780456783,107.694663
1780456783,108.588158
1780456783,107.892691
1780456783,102.718104
1780456783,126.613528
1780456783,113.083748
1780456783,113.165365
1780456783,117.648155
1780456783,121.528341
1780456783,128.155742
1780456783,120.733742
1780456783,128.906934
1780456783,120.261092
1780456783,129.048656
1780456783,109.604095
1780456783,130.188090
1780456783,103.201465
1780456783,117.077913
1780456783,112.723960
1780456783,130.374453
1780456783,113.654570
1780456783,109.584515
1780456783,112.937927
1780456783,113.565499
1780456783,113.305598
1780456783,112.175095
1780456783,103.548191
1780456783,127.797107
1780456783,114.164390
1780456783,103.754203
1780456783,120.799932
1780456783,127.500130
1780456783,115.542463
1780456783,114.347299
1780456783,129.499783
1780456783,114.566626
1780456783,129.369521
1780456783,114.851699
1780456783,102.455677
1780456783,114.908838
1780456783,104.085742
1780456783,104.003372
1780456783,103.758258
1780456783,126.379482
1780456783,126.499133
1780456783,126.614463
1780456783,126.382655
1780456783,104.499398
1780456783,129.680241
1780456783,115.644239
1780456783,116.260386
1780456783,115.507603
1780456783,127.192637
1780456783,117.672307
1780456783,102.766056
1780456783,115.904775
1780456783,104.775867
1780456783,120.793210
1780456783,104.694020
1780456783,118.405872
1780456783,102.579316
1780456783,127.402106
1780456783,125.991365
1780456783,115.525664
1780456783,116.495905
1780456783,105.347261
1780456783,126.170557
1780456783,116.824466
1780456783,104.991460
1780456783,105.069677
1780456783,116.207832
1780456783,126.720451
1780456783,126.026557
1780456783,104.819286
1780456783,116.567169
1780456783,116.432354
1780456783,116.403925
1780456783,105.223000
1780456783,127.556353
1780456783,105.127784
1780456783,105.197179
1780456783,116.969642
1780456783,126.966985
1780456783,110.459822
1780456783,106.180667
1780456783,128.292042
1780456783,105.406328
1780456783,114.814827
1780456783,104.838576
1780456783,129.069385
1780456783,116.904064
1780456783,119.052163
1780456783,120.743884
1780456783,131.189513
1780456783,127.596812
1780456783,116.778014
1780456783,117.015645
1780456783,106.351522
1780456783,117.449822
1780456783,117.564619
1780456783,105.394232
1780456783,127.218218
1780456783,105.983215
1780456783,130.047212
1780456783,105.965446
1780456783,127.894871
1780456783,129.121631
1780456783,104.499988
1780456783,125.172313
1780456783,136.225204
1780456783,104.433613
1780456783,123.653923
1780456783,105.524834
1780456783,112.087540
1780456783,104.660069
1780456783,111.134168
1780456783,106.107621
1780456783,109.712846
1780456783,104.748434
1780456783,119.636174
1780456783,109.720022
1780456783,107.318237
1780456783,109.869774
1780456783,109.165884
1780456783,118.544956
1780456783,106.359506
1780456783,105.209322
1780456783,108.476042
1780456783,118.935867
1780456783,108.737115
1780456783,117.918797
1780456783,108.699352
1780456783,103.943626
1780456783,117.072701
1780456783,105.710788
1780456783,108.175815
1780456783,107.497333
1780456783,105.899057
1780456783,116.260414
1780456783,116.357070
1780456783,104.526659
1780456783,108.684881
1780456783,107.659435
1780456783,109.470553
1780456783,105.430400
1780456783,108.383076
1780456783,116.702367
1780456783,105.566025
1780456783,108.952491
1780456783,106.939915
1780456783,107.097751
1780456783,117.049755
1780456783,108.222569
1780456783,106.192436
1780456783,108.196359
1780456783,109.325226
1780456783,117.483421
1780456783,117.616255
1780456783,108.364787
1780456783,107.529937
1780456783,116.642677
1780456783,109.382496
1780456783,109.194330
1780456783,106.418017
1780456783,110.494875
1780456783,106.128649
1780456783,115.641205
1780456783,109.773546
1780456783,107.248293
1780456783,104.827476
1780456783,114.046431
1780456783,107.148107
1780456783,104.497376
1780456783,113.672631
1780456783,107.684534
1780456783,114.223350
1780456783,107.557198
1780456783,107.597786
1780456783,107.986512
1780456783,114.102097
1780456783,107.878880
1780456783,107.837806
1780456783,113.701532
1780456783,103.888314
1780456783,108.415176
1780456783,113.515745
1780456783,106.854767
1780456783,105.198897
1780456783,107.036988
1780456783,114.079199
1780456783,111.227711
1780456783,126.448280
1780456783,111.193439
1780456783,111.110251
1780456783,107.615714
1780456783,109.985857
1780456783,126.454341
1780456783,110.083302
1780456783,112.569421
1780456783,107.238068
1780456783,111.239069
1780456783,106.630283
1780456783,106.702217
1780456783,107.251540
1780456783,107.948639
1780456783,109.564902
1780456783,114.610539
1780456783,107.265852
1780456783,109.807980
1780456783,108.072023
1780456783,107.907889
1780456783,109.797003
1780456783,105.655663
1780456783,105.557328
1780456783,106.483143
1780456783,105.926566
1780456783,106.730997
1780456783,107.252765
1780456783,107.560223
1780456783,113.846153
1780456783,107.330019
1780456783,104.878500
1780456783,114.369417
1780456783,113.249778
1780456783,113.904721
1780456783,113.854598
1780456783,114.332150
1780456783,116.329153
1780456783,112.838077
1780456783,105.120844
1780456783,110.737133
1780456783,108.224571
1780456783,111.188310
1780456783,110.922528
1780456783,121.786144
1780456783,123.035840
1780456783,113.180943
1780456783,111.209531
1780456783,107.147112
1780456783,113.412444
1780456783,114.372621
1780456783,114.162299
1780456783,107.374051
1780456783,115.175704
1780456783,114.301529
1780456783,114.349714
1780456783,107.572748
1780456783,105.586503
1780456783,111.417603
1780456783,108.812029
1780456783,108.094728
1780456783,108.267826
1780456783,111.594904
1780456783,108.278422
1780456783,108.100930
1780456783,105.676147
1780456783,105.589999
1780456783,117.015793
1780456783,107.808754
1780456783,108.503039
1780456783,109.026173
1780456783,108.425303
1780456783,111.514989
1780456783,108.012272
1780456783,110.610016
1780456783,110.777298
1780456783,105.964903
1780456783,110.418482
1780456783,105.935433
1780456783,106.737604
1780456783,107.018140
1780456783,110.542459
1780456783,107.073100
1780456783,110.623827
1780456783,106.351111
1780456783,107.063727
1780456783,105.915817
1780456783,110.772269
1780456783,106.671603
1780456783,107.752996
1780456783,109.820987
1780456783,107.131652
1780456783,107.230210
1780456783,111.329909
1780456783,111.613516
1780456783,107.018200
1780456783,111.517612
1780456783,110.595261
1780456783,108.079341
1780456783,108.272047
1780456783,110.471478
1780456783,108.365872
1780456783,106.953615
1780456783,111.208691
1780456783,111.708514
1780456783,107.888214
1780456783,108.639116
1780456783,111.437764
1780456783,107.311579
1780456783,107.560613
1780456783,111.509440
1780456783,102.655790
1780456783,110.979302
1780456783,108.965399
1780456783,107.930361
1780456783,111.732073
1780456783,102.868794
1780456783,108.418024
1780456783,109.082585
1780456783,111.336331
1780456783,111.349583
1780456783,107.890750
1780456783,109.958169
1780456783,108.588451
1780456783,109.810508
1780456783,109.021146
1780456783,108.872119
1780456783,110.650815
1780456783,103.367466
1780456783,109.291022
1780456783,109.449977
1780456783,109.050097
1780456783,102.360641
1780456783,110.652748
1780456783,108.170264
1780456783,102.503727
1780456783,109.683731
1780456783,106.290531
1780456783,108.996470
1780456783,108.309817
1780456783,110.271270
1780456783,107.250614
1780456783,104.513763
1780456783,110.068709
1780456783,107.396731
1780456783,110.304803
1780456783,102.930745
1780456783,109.896580
1780456783,110.336003
1780456783,111.397548
1780456783,110.372960
1780456783,102.786148
1780456783,107.978972
1780456783,103.494564
1780456783,110.287613
1780456783,110.026211
1780456783,107.848078
1780456783,110.330643
1780456783,109.650659
1780456783,107.919640
1780456783,110.299595
1780456783,110.730683
1780456783,110.869891
1780456783,103.445465
1780456783,108.168418
1780456783,110.571757
1780456783,107.987612
1780456783,108.590089
1780456783,103.371255
1780456783,108.099517
1780456783,108.817009
1780456783,104.046364
1780456783,111.607947
1780456783,105.681166
1780456783,111.346416
1780456783,111.065340
1780456783,109.626605
1780456783,111.160414
1780456783,109.900592
1780456783,111.266604
1780456783,112.005219
1780456783,109.802127
1780456783,105.474029
1780456783,108.762206
1780456783,109.765134
1780456783,110.040192
1780456783,107.908941
1780456783,109.012652
1780456783,104.311869
1780456783,110.185919
1780456783,105.098544
1780456783,108.314908
1780456783,109.813796
1780456783,105.507508
1780456783,110.538029
1780456783,109.504728
1780456783,108.623188
1780456783,105.613793
1780456783,104.854065
1780456783,108.824251
1780456783,110.271158
1780456783,105.582864
1780456783,108.370300
1780456783,110.917944
1780456783,105.704047
1780456783,108.648112
1780456783,112.700391
1780456783,106.060171
1780456783,109.875691
1780456783,113.157467
1780456783,110.076647
1780456783,104.670747
1780456783,114.153531
1780456783,108.121804
1780456783,110.003488
1780456783,110.576353
1780456783,108.708638
1780456783,113.932781
1780456783,112.761383
1780456783,113.994807
1780456783,112.481608
1780456783,110.852056
1780456783,110.811277
1780456783,113.942582
1780456783,106.609835
1780456783,113.468433
1780456783,110.684531
1780456783,114.112175
1780456783,112.662459
1780456783,114.386114
1780456783,110.806237
1780456783,113.786270
1780456783,113.935344
1780456783,115.798429
1780456783,110.578297
1780456783,117.289534
1780456783,113.491073
1780456783,114.639350
1780456783,107.158279
1780456783,113.097995
1780456783,111.226831
1780456783,117.178757
1780456783,114.160944
1780456783,113.775169
1780456783,106.716940
1780456783,113.639765
1780456783,109.196584
1780456783,116.750843
1780456783,113.426970
1780456783,107.451458
1780456783,114.621758
1780456783,117.360350
1780456783,113.563582
1780456783,116.219463
1780456783,114.132927
1780456783,116.749476
1780456783,111.378088
1780456783,117.426441
1780456783,112.930514
1780456783,112.914695
1780456783,114.918498
1780456783,114.212440
1780456783,115.124392
1780456783,119.531405
1780456783,114.421382
1780456783,117.171404
1780456783,111.743747
1780456783,113.442807
1780456783,118.232565
1780456783,116.708601
1780456783,118.439823
1780456783,114.759248
1780456783,117.013429
1780456783,114.539528
1780456783,120.344046
1780456783,114.962890
1780456783,117.194854
1780456783,118.538601
1780456783,114.426606
1780456783,115.233294
1780456783,107.606871
1780456783,117.099378
1780456783,117.475145
1780456783,107.996389
1780456783,113.810580
1780456783,114.892921
1780456783,114.938768
1780456783,120.305563
1780456783,114.277961
1780456783,106.412111
1780456783,117.807810
1780456783,117.906097
1780456783,118.324455
1780456783,108.230504
1780456783,114.651161
1780456783,118.486487
1780456783,118.343010
1780456783,108.144045
1780456783,120.551688
1780456783,117.369133
1780456783,109.685791
1780456783,114.399073
1780456783,120.928612
1780456783,118.804371
1780456783,108.314143
1780456783,120.544051
1780456783,122.102571
1780456783,110.013508
1780456783,118.196892
1780456783,109.792147
1780456783,120.683800
1780456783,119.077680
1780456783,118.365129
1780456783,110.030452
1780456783,118.439732
1780456783,124.552312
1780456783,118.946173
1780456783,122.662016
1780456783,119.168337
1780456783,110.445928
1780456783,118.695604
1780456783,121.083806
1780456783,122.270164
1780456783,121.409344
1780456783,120.738585
1780456783,122.924651
1780456783,106.665419
1780456783,116.131790
1780456783,110.477824
1780456783,122.778265
1780456783,121.338554
1780456783,110.596697
1780456783,104.229000
1780456783,116.388850
1780456783,105.045739
1780456783,104.427017
1780456783,104.959300
1780456783,105.151271
1780456783,104.590440
1780456783,105.660422
1780456783,105.033159
1780456783,105.575300
1780456783,107.300956
1780456783,105.043957
1780456783,107.523524
1780456783,105.278694
1780456783,107.678198
1780456783,107.781329
1780456783,119.931834
1780456783,109.089387
1780456783,105.322737
1780456783,107.563385
1780456783,105.545188
1780456783,107.733498
1780456783,105.614615
1780456783,107.846815
1780456783,104.758166
1780456783,104.922417
1780456783,109.220583
1780456783,106.288359
1780456783,111.281601
1780456783,111.660944
1780456783,113.504875
1780456783,113.506238
1780456783,109.632044
1780456783,113.401179
1780456783,111.615589
1780456783,109.490410
1780456783,111.286031
1780456783,113.154042
1780456783,111.522513
1780456783,109.637481
1780456783,111.674347
1780456783,108.054886
1780456783,113.905443
1780456783,113.343256
1780456783,113.431703
1780456783,115.385751
1780456783,111.903677
1780456783,113.672182
1780456783,114.104705
1780456783,109.906521
1780456783,113.781201
1780456783,116.193549
1780456783,113.845511
1780456783,110.061261
1780456783,106.225006
1780456783,117.276247
1780456783,107.042075
1780456783,106.090075
1780456783,106.240686
1780456783,106.228818
1780456783,107.315722
1780456783,106.677366
1780456783,108.798271
1780456783,109.022672
1780456783,109.156935
1780456783,107.917616
1780456783,109.478807
1780456783,104.619439
1780456783,104.075229
1780456783,108.377611
1780456783,108.835225
1780456783,110.802261
1780456783,106.148556
1780456783,104.902744
1780456783,104.555448
1780456783,111.604838
1780456783,109.660642
1780456783,111.577179
1780456783,111.863740
1780456783,107.855096
1780456783,104.213150
1780456783,111.082659
1780456783,111.873017
1780456783,109.690993
1780456783,111.836286
1780456783,112.034128
1780456783,104.612119
1780456783,111.601022
1780456783,112.399681
1780456783,111.553958
1780456783,112.458747
1780456783,111.944893
1780456783,110.352084
1780456783,105.514015
1780456783,111.593620
1780456783,105.506858
1780456783,110.819143
1780456783,112.265149
1780456783,107.750662
1780456783,108.263861
1780456783,113.900551
1780456783,109.943095
1780456783,109.905701
1780456783,107.738852
1780456783,112.502525
1780456783,108.122379
1780456783,109.469057
1780456783,103.334451
1780456783,112.396881
1780456783,110.437816
1780456783,103.611587
1780456783,111.124412
1780456783,103.154432
1780456783,108.528620
1780456783,111.002193
1780456783,110.248411
1780456783,109.895306
1780456783,109.088297
1780456783,108.309897
1780456783,112.428139
1780456783,110.074264
1780456783,112.663629
1780456783,111.502351
1780456783,112.772799
1780456783,110.514235
1780456783,110.258129
1780456783,112.649255
1780456783,109.133184
1780456783,110.981726
1780456783,108.841193
1780456783,109.972763
1780456783,110.871491
1780456783,108.714810
1780456783,110.315617
1780456783,117.601508
1780456783,109.117341
1780456783,117.327643
1780456783,110.115454
1780456783,117.410051
1780456783,110.904406
1780456783,116.348478
1780456783,110.708318
1780456783,117.473248
1780456783,108.958037
1780456783,116.833041
1780456783,117.335301
1780456783,108.981268
1780456783,111.038309
1780456783,109.106341
1780456783,110.913504
1780456783,113.265697
1780456783,109.770240
1780456783,113.268520
1780456783,113.695424
1780456783,110.002233
1780456783,110.068006
1780456783,108.685542
1780456783,114.128353
1780456783,110.247833
1780456783,117.904440
1780456783,114.000308
1780456783,108.351545
1780456783,108.974008
1780456783,108.472440
1780456783,110.172735
1780456783,109.163320
1780456783,114.532560
1780456783,109.787198
1780456783,103.984367
1780456783,109.344943
1780456783,109.556138
1780456783,104.054807
1780456783,107.927976
1780456783,104.178913
1780456783,111.520784
1780456783,103.937560
1780456783,108.484503
1780456783,115.649363
1780456783,116.079685
1780456783,120.741048
1780456783,112.119666
1780456783,116.246430
1780456783,105.663075
1780456783,111.279360
1780456783,105.840574
1780456783,111.620960
1780456783,116.374460
1780456783,116.515517
1780456783,109.429422
1780456783,105.462903
1780456783,106.443962
1780456783,110.011077
1780456783,106.633729
1780456783,103.171499
1780456783,110.685213
1780456783,103.698258
1780456783,110.828986
1780456783,103.305721
1780456783,107.334570
1780456783,107.439099
1780456783,107.538743
1780456783,110.692649
1780456783,108.550576
1780456783,109.814561
1780456783,110.385422
1780456783,110.068390
1780456783,110.408112
1780456783,110.736178
1780456783,110.292800
1780456783,110.908847
1780456783,110.357813
1780456783,110.696736
1780456783,111.044239
1780456783,110.291620
1780456783,111.155032
1780456783,111.248901
1780456783,110.804620
1780456783,111.448385
1780456783,111.411999
1780456783,110.878963
1780456783,111.395150
1780456783,111.653980
1780456783,111.578927
1780456783,109.689020
1780456783,110.541946
1780456783,110.640026
1780456783,110.742805
1780456783,109.489167
1780456783,110.810841
1780456783,108.909240
1780456783,109.790982
1780456783,108.568523
1780456783,108.507097
1780456783,108.884785
1780456783,104.714913
1780456783,109.066512
1780456783,109.581799
1780456783,105.235685
1780456783,109.732245
1780456783,109.847158
1780456783,105.449403
1780456783,110.095973
1780456783,105.345795
1780456783,104.442212
1780456783,105.747949
1780456783,105.571364
1780456783,105.661731
1780456783,106.012994
1780456783,106.050091
1780456783,111.048728
1780456783,111.222707
1780456783,104.982072
1780456783,106.261531
1780456783,110.204095
1780456783,110.454378
1780456783,110.734500
1780456783,107.273441
1780456783,108.650727
1780456783,107.129324
1780456783,107.473690
1780456783,108.774073
1780456783,107.506514
1780456783,105.264343
1780456783,105.355635
1780456783,105.189625
1780456783,109.260046
1780456783,108.948620
1780456783,103.150382
1780456783,108.541037
1780456783,103.964164
1780456783,103.559486
1780456783,106.278295
1780456783,105.968903
1780456783,106.445800
1780456783,109.961464
1780456783,106.403181
1780456783,110.552104
1780456783,106.913977
1780456783,110.519232
1780456783,109.989847
1780456783,110.471725
1780456783,107.985627
1780456783,105.119429
1780456783,110.832848
1780456783,105.724553
1780456783,108.378135
1780456783,105.715760
1780456783,108.100524
1780456783,108.554457
1780456783,109.056083
1780456783,105.881258
1780456783,107.750712
1780456783,104.657635
1780456783,104.337135
1780456783,107.952956
1780456783,107.651146
1780456783,110.560834
1780456783,108.200132
1780456783,103.466793
1780456783,107.684211
1780456783,107.944640
1780456783,110.483330
1780456783,106.388221
1780456783,109.522125
1780456783,110.810949
1780456783,110.123584
1780456783,111.106189
1780456783,108.032333
1780456783,111.042619
1780456783,108.001193
1780456783,111.008090
1780456783,109.934289
1780456783,111.625703
1780456783,110.974743
1780456783,111.831719
1780456783,111.100461
1780456783,111.655410
1780456783,111.679021
1780456783,111.620816
1780456783,111.019245
1780456783,109.651481
1780456783,111.924783
1780456783,113.026131
1780456783,106.709888
1780456783,113.043136
1780456783,113.039569
1780456783,105.578258
1780456783,112.960756
1780456783,106.277510
1780456783,111.243785
1780456783,111.146579
1780456783,111.246468
1780456783,110.407412
1780456783,107.403463
1780456783,113.432502
1780456783,113.513335
1780456783,111.490755
1780456783,112.175126
1780456783,113.890859
1780456783,115.537331
1780456783,112.440005
1780456783,115.901462
1780456783,116.046693
1780456783,112.795100
1780456783,112.995775
1780456783,116.477254
1780456783,113.276360
1780456783,113.499638
1780456783,111.571619
1780456783,110.723243
1780456783,117.182812
1780456783,117.142943
1780456783,114.031282
1780456783,110.993382
1780456783,117.371151
1780456783,114.131961
1780456783,116.224801
1780456783,117.760338
1780456783,117.846521
1780456783,118.021211
1780456783,116.848514
1780456783,116.683319
1780456783,115.189461
1780456783,113.998259
1780456783,114.119739
1780456783,111.794998
1780456783,113.218323
1780456783,111.645457
1780456783,117.592809
1780456783,110.443660
1780456783,103.261955
1780456783,103.759445
1780456783,121.388263
1780456783,107.947953
1780456783,113.208844
1780456783,113.112014
1780456783,113.202862
1780456783,113.071723
1780456783,110.239428
1780456783,120.747740
1780456783,113.084916
1780456783,109.522339
1780456783,113.034642
1780456783,113.236716
1780456783,113.020316
1780456783,115.419518
1780456783,114.320368
1780456783,113.973551
1780456783,114.403683
1780456783,121.512301
1780456783,111.414042
1780456783,121.516937
1780456783,111.126812
1780456783,117.094483
1780456783,110.683941
1780456783,117.178783
1780456783,110.196303
1780456783,111.437529
1780456783,108.093119
1780456783,109.038613
1780456783,113.338440
1780456783,113.050836
1780456783,121.393897
1780456783,112.568077
1780456783,123.896317
1780456783,112.883456
1780456783,126.967161
1780456783,112.477953
1780456783,114.393878
1780456783,119.178424
1780456783,114.461636
1780456783,120.545000
1780456783,120.369929
1780456783,114.060299
1780456783,111.689272
1780456783,111.852288
1780456783,113.321913
1780456783,111.531307
1780456783,111.723437
1780456783,107.131587
1780456783,109.164115
1780456783,114.881191
1780456783,114.914410
1780456783,114.828444
1780456783,114.829003
1780456783,114.948416
1780456783,108.084804
1780456783,108.544187
1780456783,108.183838
1780456783,108.256627
1780456783,115.147618
1780456783,108.412935
1780456783,108.545192
1780456783,108.526951
1780456783,115.837300
1780456783,105.694637
1780456783,111.889563
1780456783,103.751296
1780456783,104.357543
1780456783,115.146233
1780456783,114.943594
1780456783,114.542340
1780456783,114.531480
1780456783,106.153413
1780456783,114.714211
1780456783,115.252827
1780456783,120.339861
1780456783,117.007391
1780456783,117.764526
1780456783,116.137393
1780456783,108.185557
1780456783,110.326670
1780456783,117.376178
1780456783,108.193321
1780456783,122.249767
1780456783,104.172784
1780456783,108.195422
1780456783,107.507291
1780456783,109.811562
1780456783,106.183005
1780456783,108.853588
1780456783,122.117538
1780456783,115.605705
1780456783,109.739952
1780456783,120.888924
1780456783,111.454661
1780456783,111.160898
1780456783,112.797834
1780456783,111.267544
1780456783,121.889320
1780456783,120.967831
1780456783,111.582254
1780456783,111.724449
1780456783,122.094990
1780456783,111.982605
1780456783,115.319039
1780456783,116.452792
1780456783,113.161022
1780456783,111.243231
1780456783,111.695024
1780456783,111.562781
1780456783,111.442518
1780456783,109.488877
1780456783,109.722002
1780456783,105.816244
1780456783,105.442880
1780456783,109.391690
1780456783,109.432106
1780456783,105.565193
1780456783,109.481778
1780456783,128.523532
1780456783,106.400712
1780456783,106.406648
1780456783,106.471743
1780456783,114.903975
1780456783,114.984157
1780456783,115.233389
1780456783,128.901598
1780456783,111.787830
1780456783,107.605397
1780456783,115.623582
1780456783,117.881331
1780456783,109.512274
1780456783,109.541552
1780456783,109.514301
1780456783,112.910940
1780456783,113.041421
1780456783,113.048032
1780456783,113.026597
1780456783,107.086565
1780456783,107.660924
1780456783,103.934597
1780456783,103.458158
1780456783,103.590027
1780456783,103.368218
1780456783,103.847723
1780456783,106.266745
1780456783,105.980186
1780456783,105.283681
1780456783,104.753005
1780456783,104.294655
1780456783,105.541038
1780456783,105.002953
1780456783,105.950974
1780456783,102.139453
1780456783,103.051916
1780456783,102.940148
1780456783,103.957656
1780456783,103.964756
1780456783,104.996277
1780456783,108.374150
1780456783,105.180933
1780456783,105.324217
1780456783,105.229675
1780456783,105.371855
1780456783,105.386628
1780456783,108.387034
1780456783,108.721185
1780456783,108.950162
1780456783,108.681047
1780456783,106.820382
1780456783,106.903532
1780456783,105.014850
1780456783,106.678351
1780456783,104.823772
1780456783,105.999629
1780456783,106.473374
1780456783,111.019219
1780456783,109.777925
1780456783,106.505270
1780456783,111.088049
1780456783,109.957755
1780456783,110.560788
1780456783,105.000709
1780456783,108.866820
1780456783,108.907936
1780456783,109.763177
1780456783,109.765987
1780456783,105.013887
1780456783,105.735026
1780456783,109.736590
1780456783,109.100250
1780456783,107.329571
1780456783,106.608901
1780456783,114.142639
1780456783,108.895831
1780456783,109.678496
1780456783,109.825860
1780456783,109.891616
1780456783,112.059311
1780456783,109.020859
1780456783,109.454893
1780456783,109.025798
1780456783,109.525248
1780456783,110.209078
1780456783,104.071473
1780456783,114.368973
1780456783,111.624684
1780456783,111.266792
1780456783,106.463469
1780456783,111.387056
1780456783,110.998148
1780456783,111.645136
1780456783,111.603738
1780456783,111.428805
1780456783,106.071032
1780456783,109.607191
1780456783,110.161736
1780456783,109.842108
1780456783,109.546709
1780456783,109.950113
1780456783,107.513825
1780456783,106.886059
1780456783,105.453887
1780456783,109.510902
1780456783,106.720973
1780456783,105.476271
1780456783,105.414738
1780456783,107.632499
1780456783,105.828491
1780456783,106.463467
1780456783,106.550725
1780456783,106.636947
1780456783,109.629844
1780456783,106.757857
1780456783,111.042032
1780456783,108.984358
1780456783,108.589860
1780456783,111.131972
1780456783,107.899239
1780456783,108.414766
1780456783,116.598485
1780456783,107.060976
1780456783,108.533126
1780456783,113.648695
1780456783,109.604170
1780456783,113.885743
1780456783,106.873868
1780456783,115.109994
1780456783,108.483430
1780456783,107.443417
1780456783,107.879106
1780456783,107.617378
1780456783,108.557161
1780456783,107.987315
1780456783,106.686578
1780456783,111.962188
1780456783,112.338512
1780456783,108.563228
1780456783,111.246477
1780456783,112.399304
1780456783,108.614323
1780456783,108.454640
1780456783,111.665856
1780456783,108.750653
1780456783,108.656366
1780456783,109.040568
1780456783,111.406830
1780456783,110.441216
1780456783,109.038255
1780456783,111.804144
1780456783,111.590963
1780456783,110.423027
1780456783,112.346408
1780456783,110.510656
1780456783,111.622817
1780456783,107.901949
1780456783,108.055090
1780456783,103.672524
1780456783,104.564550
1780456783,108.805753
1780456783,108.775793
1780456783,103.762237
1780456783,108.881651
1780456783,108.933997
1780456783,104.458719
1780456783,108.879063
1780456783,109.904371
1780456783,106.930299
1780456783,107.028885
1780456783,107.245696
1780456783,107.517819
1780456783,103.223154
1780456783,107.891521
1780456783,103.234514
1780456783,107.827891
1780456783,107.986691
1780456783,108.486565
1780456783,108.221945
1780456783,107.520532
1780456783,108.458520
1780456783,106.903527
1780456783,107.133531
1780456783,103.731697
1780456783,103.729860
1780456783,103.812607
1780456783,109.388997
1780456783,105.044894
1780456783,104.225183
1780456783,109.630108
1780456783,109.500169
1780456783,105.433112
1780456783,105.873340
1780456783,103.670080
1780456783,105.822436
1780456783,106.165699
1780456783,105.916285
1780456783,104.376346
1780456783,104.372221
1780456783,104.452544
1780456783,104.028180
1780456783,104.487881
1780456783,105.022925
1780456783,104.832539
1780456783,105.037380
1780456783,104.966056
1780456783,102.441433
1780456783,103.497630
1780456783,104.745443
1780456783,105.741822
1780456783,104.263686
1780456783,104.374350
1780456783,104.859060
1780456783,104.866513
1780456783,105.303901
1780456783,104.061291
1780456783,104.859496
1780456783,103.464929
1780456783,106.247885
1780456783,104.627799
1780456783,105.178941
1780456783,107.500695
1780456783,104.989174
1780456783,112.826667
1780456783,112.097303
1780456783,105.227279
1780456783,105.196809
1780456783,105.782639
1780456783,111.938365
1780456783,112.940511
1780456783,105.355116
1780456783,111.936772
1780456783,112.866286
1780456783,113.027647
1780456783,111.797192
1780456783,106.818184
1780456783,106.042282
1780456783,112.657114
1780456783,106.450066
1780456783,113.989729
1780456783,113.049597
1780456783,104.631295
1780456783,110.810624
1780456783,104.685320
1780456783,110.937779
1780456783,105.047596
1780456783,103.442428
1780456783,111.297898
1780456783,105.221078
1780456783,103.560163
1780456783,111.394102
1780456783,105.420653
1780456783,111.762312
1780456783,105.484118
1780456783,111.641154
1780456783,105.590370
1780456783,105.729670
1780456783,111.692710
1780456783,111.851307
1780456783,105.854226
1780456783,105.788137
1780456783,105.070915
1780456783,105.117754
1780456783,111.528945
1780456783,111.594415
1780456783,105.180883
1780456783,105.309265
1780456783,111.208971
1780456783,111.202010
1780456783,105.629719
1780456783,110.958983
1780456783,105.251524
1780456783,112.626066
1780456783,111.642814
1780456783,111.672616
1780456783,112.890215
1780456783,112.693473
1780456783,112.889677
1780456783,112.751351
1780456783,111.815545
1780456783,106.186291
1780456783,106.026255
1780456783,104.677292
1780456783,105.053929
1780456783,105.088975
1780456783,107.244650
1780456783,105.355851
1780456783,107.486914
1780456783,106.006881
1780456783,105.998950
1780456783,106.424993
1780456783,106.607060
1780456783,115.034135
1780456783,115.035218
1780456783,114.093151
1780456783,114.976851
1780456783,111.491602
1780456783,106.974309
1780456783,107.470001
1780456783,109.921403
1780456783,110.415465
1780456783,110.225776
1780456783,110.298484
1780456783,110.238149
1780456783,109.323403
1780456783,108.472028
1780456783,109.616241
1780456783,109.603340
1780456783,109.056353
1780456783,109.151197
1780456783,108.778621
1780456783,111.808379
1780456783,109.290028
1780456783,109.494161
1780456783,109.579877
1780456783,109.233780
1780456783,112.303279
1780456783,108.876839
1780456783,112.688746
1780456783,108.938452
1780456783,105.364869
1780456783,105.610063
1780456783,106.628634
1780456783,114.702190
1780456783,106.611205
1780456783,105.604191
1780456783,105.171567
1780456783,109.059986
1780456783,114.860467
1780456783,105.523242
1780456783,105.968335
1780456783,105.686214
1780456783,106.058276
1780456783,107.671129
1780456783,114.740626
1780456783,109.055687
1780456783,105.871890
1780456783,107.906758
1780456783,106.083899
1780456783,107.892341
1780456783,105.764709
1780456783,114.907799
1780456783,105.623188
1780456783,105.512852
1780456783,107.754607
1780456783,122.091775
1780456783,116.697598
1780456783,116.635898
1780456783,120.931612
1780456783,116.774424
1780456783,121.918301
1780456783,113.730164
1780456783,116.911875
1780456783,116.481422
1780456783,115.388162
1780456783,117.047411
1780456783,116.640992
1780456783,116.571534
1780456783,115.687181
1780456783,116.769064
1780456783,115.643187
1780456783,117.310424
1780456783,116.743174
1780456783,117.254714
1780456783,115.943594
1780456783,117.007419
1780456783,117.022555
1780456783,108.888428
1780456783,106.665536
1780456783,108.996312
1780456783,108.923470
1780456783,108.232769
1780456783,108.458308
1780456783,108.620301
1780456783,108.440905
1780456783,108.338108
1780456783,108.551285
1780456783,108.430677
1780456783,108.543825
1780456783,109.029710
1780456783,108.666463
1780456783,115.969620
1780456783,108.879654
1780456783,117.376301
1780456783,114.654803
1780456783,108.706143
1780456783,116.149113
1780456783,109.264479
1780456783,116.011078
1780456783,117.545208
1780456783,116.367907
1780456783,108.900488
1780456783,116.497690
1780456783,107.052801
1780456783,114.517965
1780456783,109.216017
1780456783,109.223349
1780456783,114.894103
1780456783,107.098627
1780456783,109.349336
1780456783,109.447725
1780456783,109.544594
1780456783,107.134180
1780456783,108.940154
1780456783,106.206874
1780456783,106.106522
1780456783,109.299314
1780456783,115.930609
1780456783,109.985929
1780456783,116.055262
1780456783,108.369593
1780456783,116.390362
1780456783,110.398078
1780456783,116.646608
1780456783,112.975858
1780456783,116.702909
1780456783,110.582594
1780456783,110.664003
1780456783,107.542991
1780456783,107.722021
1780456783,106.360143
1780456783,109.360291
1780456783,106.263624
1780456783,112.126579
1780456783,111.345350
1780456783,112.200238
1780456783,112.217193
1780456783,112.161538
1780456783,112.536473
1780456783,110.582154
1780456783,111.940982
1780456783,111.935783
1780456783,104.060349
1780456783,105.493399
1780456783,105.474826
1780456783,117.817795
1780456783,110.403732
1780456783,112.513281
1780456783,112.037012
1780456783,110.793677
1780456783,114.648766
1780456783,112.250242
1780456783,107.421806
1780456783,113.166760
1780456783,114.812395
1780456783,113.350202
1780456783,107.726419
1780456783,110.846519
1780456783,111.800884
1780456783,111.847296
1780456783,111.699841
1780456783,111.585885
1780456783,113.773195
1780456783,112.949766
1780456783,112.446032
1780456783,116.279628
1780456783,112.337128
1780456783,115.313158
1780456783,115.298073
1780456783,114.849836
1780456783,114.998899
1780456783,113.179937
1780456783,111.547117
1780456783,114.625452
1780456783,114.976916
1780456783,114.203442
1780456783,115.692730
1780456783,114.982977
1780456783,114.851309
1780456783,111.558246
1780456783,115.992976
1780456783,114.817190
1780456783,111.681841
1780456783,114.596194
1780456783,115.623906
1780456783,113.334427
1780456783,113.470081
1780456783,113.717873
1780456783,113.577939
1780456783,112.310236
1780456783,110.573702
1780456783,111.762813
1780456783,112.316890
1780456783,105.191231
1780456783,105.186802
1780456783,107.611234
1780456783,109.343133
1780456783,109.237710
1780456783,107.889329
1780456783,107.946820
1780456783,105.202260
1780456783,110.702513
1780456783,112.371681
1780456783,115.761805
1780456783,115.945546
1780456783,107.859365
1780456783,114.433307
1780456783,114.358869
1780456783,112.891424
1780456783,114.192482
1780456783,105.855297
1780456783,116.344887
1780456783,106.837417
1780456783,111.200811
1780456783,114.026378
1780456783,111.046062
1780456783,114.061580
1780456783,114.121573
1780456783,114.286710
1780456783,113.918631
1780456783,114.266658
1780456783,113.750840
1780456783,106.997484
1780456783,107.303728
1780456783,114.245252
1780456783,114.233564
1780456783,114.154948
1780456783,114.849009
1780456783,116.845187
1780456783,112.495882
1780456783,115.722455
1780456783,115.642900
1780456783,108.071515
1780456783,115.002256
1780456783,108.831441
1780456783,118.178430
1780456783,111.346470
1780456783,115.878153
1780456783,111.755802
1780456783,116.478111
1780456783,116.646305
1780456783,114.791355
1780456783,112.760946
1780456783,113.335280
1780456783,113.791018
1780456783,118.230956
1780456783,121.229438
1780456783,114.222444
1780456783,114.304474
1780456783,120.004799
1780456783,121.227638
1780456783,111.983748
1780456783,126.509622
1780456783,106.980676
1780456783,112.860808
1780456783,111.082004
1780456783,110.991309
1780456783,113.945002
1780456783,126.847636
1780456783,108.398293
1780456783,107.425799
1780456783,116.120650
1780456783,114.714373
1780456783,107.290598
1780456783,113.147607
1780456783,112.208604
1780456783,108.500058
1780456783,123.889570
1780456783,115.079927
1780456783,119.561986
1780456783,116.946763
1780456783,118.800281
1780456783,109.611881
1780456783,121.270522
1780456783,109.746971
1780456783,128.012955
1780456783,118.042082
1780456783,110.242484
1780456783,121.571328
1780456783,115.655437
1780456783,114.756348
1780456783,125.247939
1780456783,118.371328
1780456783,114.111705
1780456783,115.520676
1780456783,130.123383
1780456783,119.815112
1780456783,111.924903
1780456783,133.229528
1780456783,114.956169
1780456783,125.966096
1780456783,114.423497
1780456783,115.951126
1780456783,125.192817
1780456783,124.921739
1780456783,129.205999
1780456783,119.210721
1780456783,118.377600
1780456783,131.988325
1780456783,119.353461
1780456783,116.132403
1780456783,123.408381
1780456783,135.814155
1780456783,136.221405
1780456783,132.952287
1780456783,128.802411
1780456783,114.196087
1780456783,115.576441
1780456783,121.140957
1780456783,137.139826
1780456783,137.529092
1780456783,127.623967
1780456783,118.704404
1780456783,125.865932
1780456783,122.059522
1780456783,128.083137
1780456783,119.220220
1780456783,122.860582
1780456783,132.907630
1780456783,129.113427
1780456783,130.016240
1780456783,130.091981
1780456783,134.612960
1780456783,120.439372
1780456783,129.331747
1780456783,120.963733
1780456783,133.141142
1780456783,121.095030
1780456783,133.165020
1780456783,139.041974
1780456783,139.168787
1780456783,126.778276
1780456783,138.164169
1780456783,135.332109
1780456783,135.373103
1780456783,140.104612
1780456783,125.583762
1780456783,136.124578
1780456783,123.279431
1780456783,122.279487
1780456783,140.827632
1780456783,126.665402
1780456783,139.325198
1780456783,124.132014
1780456783,121.276413
1780456783,129.750191
1780456783,132.272538
1780456783,143.523104
1780456783,137.810301
1780456783,129.808206
1780456783,128.287528
1780456783,128.573974
1780456783,140.276268
1780456783,128.875393
1780456783,136.327039
1780456783,132.405757
1780456783,147.152413
1780456783,132.155121
1780456783,139.448980
1780456783,127.650405
1780456783,134.764905
1780456783,139.449885
1780456783,131.337663
1780456783,126.110241
1780456783,136.813260
1780456783,125.864562
1780456783,125.805826
1780456783,116.138480
1780456783,125.738002
1780456783,120.118012
1780456783,122.059856
1780456783,132.127575
1780456783,125.845154
1780456783,128.047617
1780456783,127.937967
1780456783,132.724485
1780456783,128.217282
1780456783,120.368518
1780456783,125.703141
1780456783,123.164726
1780456783,129.197546
1780456783,129.738735
1780456783,121.610834
1780456783,130.296562
1780456783,132.718710
1780456783,138.009605
1780456783,128.813970
1780456783,127.194798
1780456783,131.619499
1780456783,133.116824
1780456783,138.429951
1780456783,136.325669
1780456783,142.347679
1780456783,148.303854
1780456783,125.972033
1780456783,149.863459
1780456783,136.075361
1780456783,151.483189
1780456783,134.902047
1780456783,135.258774
1780456783,136.730238
1780456783,135.451505
1780456783,142.210174
1780456783,151.108243
1780456783,140.609606
1780456783,133.178692
1780456783,152.243668
1780456783,133.801721
1780456783,139.609894
1780456783,130.614287
1780456783,133.950406
1780456783,137.136339
1780456783,137.682897
1780456783,138.178917
1780456783,131.820398
1780456783,145.447127
1780456783,145.504253
1780456783,138.432714
1780456783,138.978333
1780456783,130.645558
1780456783,146.600732
1780456783,132.770270
1780456783,139.930573
1780456783,155.409142
1780456783,145.488391
1780456783,135.081839
1780456783,140.467739
1780456783,135.812937
1780456783,147.778513
1780456783,137.112358
1780456783,138.788691
1780456783,149.051301
1780456783,132.757109
1780456783,134.577155
1780456783,132.819904
1780456783,153.250994
1780456783,141.201669
1780456783,142.549232
1780456783,141.124578
1780456783,142.736563
1780456783,147.026733
1780456783,142.811380
1780456783,142.761774
1780456783,144.653951
1780456783,144.711215
1780456783,144.145649
1780456783,149.323380
1780456783,160.469619
1780456783,144.880846
1780456783,137.398880
1780456783,146.778927
1780456783,138.760674
1780456783,147.491048
1780456783,139.733900
1780456783,155.740106
1780456783,142.502712
1780456783,151.767482
1780456783,141.799653
1780456783,152.011009
1780456783,152.145678
1780456783,157.404723
1780456783,158.735248
1780456783,143.831791
1780456783,159.703157
1780456783,152.736342
1780456783,160.046205
1780456783,141.352055
1780456783,150.938448
1780456783,156.670611
1780456783,152.231464
1780456783,154.090930
1780456783,145.773364
1780456783,147.853967
1780456783,150.931073
1780456783,167.438187
1780456783,158.142652
1780456783,156.555391
1780456783,158.386598
1780456783,158.703295
1780456783,160.850656
1780456783,170.025433
1780456783,138.554164
1780456783,138.658071
1780456783,138.323296
1780456783,138.914554
1780456783,138.503396
1780456783,138.989348
1780456783,138.413051
1780456783,137.377246
1780456783,152.677414
1780456783,138.633489
1780456783,167.536597
1780456783,137.557179
1780456783,149.409920
1780456783,152.816508
1780456783,152.789135
1780456783,137.489680
1780456783,154.181397
1780456783,149.730673
1780456783,138.596241
1780456783,137.958656
1780456783,138.661851
1780456783,153.162684
1780456783,141.999703
1780456783,157.216509
1780456783,140.970019
1780456783,157.653290
1780456783,154.813617
1780456783,153.841111
1780456783,157.413927
1780456783,156.615231
1780456783,141.923967
1780456783,163.214232
1780456783,145.044941
1780456783,180.274979
1780456783,145.774578
1780456783,145.156394
1780456783,147.007650
1780456783,170.159878
1780456783,155.455482
1780456783,173.399302
1780456783,156.453966
1780456783,173.237119
1780456783,156.728212
1780456783,173.239330
1780456783,154.994029
1780456783,156.914960
1780456783,155.312329
1780456783,155.831371
1780456783,168.348521
1780456783,167.314456
1780456783,155.994086
1780456783,167.612112
1780456783,176.547643
1780456783,156.577812
1780456783,168.697015
1780456783,157.347250
1780456783,174.268104
1780456783,156.654744
1780456783,169.130810
1780456783,169.191606
1780456783,169.650220
1780456783,157.301155
1780456783,169.692836
1780456783,157.796273
1780456783,171.167357
1780456783,182.262626
1780456783,172.749747
1780456783,171.575583
1780456783,158.122494
1780456783,198.060120
1780456783,158.049721
1780456783,178.486407
1780456783,168.281008
1780456783,192.278516
1780456783,172.957884
1780456783,177.334831
1780456783,157.693111
1780456783,182.844053
1780456783,168.865221
1780456783,172.090808
1780456783,179.402160
1780456783,170.676485
1780456783,159.434718
1780456783,179.104477
1780456783,185.335564
1780456783,172.126009
1780456783,175.393594
1780456783,160.696129
1780456783,174.362282
1780456783,179.321161
1780456783,184.791825
1780456783,187.817147
1780456783,186.352968
1780456783,191.832560
1780456783,200.887340
1780456783,200.238287
1780456783,184.056174
1780456783,182.947445
1780456783,187.539063
1780456783,196.286661
1780456783,177.541445
1780456783,191.509949
1780456783,180.263288
1780456783,193.600358
1780456783,178.774672
1780456783,195.016739
1780456783,180.526005
1780456783,180.392477
1780456783,192.025687
1780456783,192.184876
1780456783,196.744256
1780456783,197.016174
1780456783,181.734636
1780456783,181.131463
1780456783,181.498696
1780456783,181.718678
1780456783,182.185644
1780456783,198.989084
1780456783,208.278622
1780456783,204.412639
1780456783,199.306204
1780456783,204.884170
1780456783,210.359671
1780456783,202.305317
1780456783,199.288432
1780456783,202.446087
1780456783,188.899927
1780456783,205.440452
1780456783,218.705541
1780456783,235.733022
1780456783,245.329048
1780456783,228.030454
1780456783,233.833446
1780456783,229.638677
1780456783,228.217781
1780456783,238.729938
1780456783,233.232910
1780456783,234.092423
1780456783,239.039644
1780456783,237.450955
1780456783,242.463969
1780456783,238.090646
1780456783,253.259688
1780456783,243.057782
1780456783,246.285310
1780456783,213.043160
1780456783,225.501715
1780456783,243.855472
1780456783,240.669654
1780456783,204.633714
1780456783,218.612316
1780456783,242.555137
1780456783,212.699676
1780456783,251.269346
1780456783,239.913605
1780456783,254.485190
1780456783,228.717384
1780456783,249.759037
1780456783,219.184764
1780456783,245.766932
1780456783,244.609475
1780456783,219.124149
1780456783,250.751250
1780456783,211.400100
1780456783,229.203180
1780456783,221.608157
1780456783,230.185168
1780456783,212.172858
1780456783,231.743839
1780456783,224.172716
1780456783,209.086882
1780456783,222.426487
1780456783,215.946419
1780456783,224.876071
1780456783,232.224485
1780456783,218.821351
1780456783,232.176207
1780456783,226.439560
1780456783,233.762383
1780456783,229.864684
1780456783,226.481393
1780456783,229.875312
1780456783,219.610490
1780456783,231.971849
1780456783,233.538126
1780456783,233.459746
1780456783,235.147249
1780456783,228.562953
1780456783,233.135371
1780456783,233.210711
1780456783,235.556679
1780456783,233.633138
1780456783,234.268791
1780456783,234.150825
1780456783,226.132933
1780456783,232.952024
1780456783,234.410249
1780456783,236.568484
1780456783,234.846538
1780456783,235.552324
1780456783,236.239128
1780456783,234.347513
1780456783,235.262437
1780456783,236.680442
1780456783,237.176826
1780456783,236.699430
1780456783,235.324076
1780456783,236.169215
1780456783,236.375885
1780456783,237.590166
1780456783,236.902987
1780456783,237.687512
1780456783,230.471907
1780456783,230.603998
1780456783,247.166800
1780456783,244.333146
1780456783,232.222085
1780456783,237.492630
1780456783,231.630448
1780456783,247.501351
1780456783,228.888259
1780456783,232.200672
1780456783,239.605299
1780456783,245.182577
1780456783,233.472392
1780456783,233.442423
1780456783,233.562561
1780456783,245.136419
1780456783,232.651849
1780456783,241.018503
1780456783,222.604935
1780456783,233.762432
1780456783,241.693706
1780456783,246.178444
1780456783,246.137060
1780456783,241.361729
1780456783,234.106044
1780456783,246.301819
1780456783,232.978489
1780456783,242.466732
1780456783,245.110322
1780456783,247.815051
1780456783,246.245722
1780456783,238.367544
1780456783,245.153937
1780456783,247.123180
1780456783,245.382207
1780456783,247.281440
1780456783,246.404377
1780456783,238.822385
1780456783,234.351167
1780456783,248.685283
1780456783,248.100251
1780456783,245.905460
1780456783,235.980219
1780456783,247.672616
1780456783,248.457425
1780456783,246.372169
1780456783,246.538107
1780456783,247.822275
1780456783,237.106139
1780456783,248.461474
1780456783,245.855158
1780456783,246.023985
1780456783,245.959089
1780456783,248.753788
1780456783,239.082804
1780456783,248.116859
1780456783,246.899231
1780456783,247.895686
1780456783,248.903414
1780456783,247.119679
1780456783,238.657093
1780456783,250.148565
1780456783,232.737012
1780456783,241.330955
1780456783,247.573328
1780456783,246.778997
1780456783,240.648887
1780456783,248.004983
1780456783,249.475123
1780456783,248.547445
1780456783,247.532921
1780456783,234.109922
1780456783,249.025444
1780456783,247.193696
1780456783,239.845869
1780456783,248.836375
1780456783,247.306806
1780456783,248.810515
1780456783,236.908927
1780456783,249.812682
1780456783,250.333423
1780456783,217.269441
1780456783,241.707061
1780456783,250.547062
1780456783,235.553057
1780456783,248.334791
1780456783,247.549111
1780456783,248.741054
1780456783,247.425547
1780456783,249.979536
1780456783,239.801492
1780456783,249.626274
1780456783,241.984166
1780456783,249.367255
1780456783,247.608029
1780456783,248.850371
1780456783,248.240106
1780456783,242.367529
1780456783,240.695244
1780456783,249.824126
1780456783,240.806119
1780456783,249.163620
1780456783,249.863361
1780456783,251.047372
1780456783,241.899938
1780456783,249.764301
1780456783,251.281670
1780456783,251.591908
1780456783,242.777745
1780456783,249.921298
1780456783,245.866529
1780456783,249.522501
1780456783,249.540830
1780456783,250.823572
1780456783,248.544732
1780456783,226.886013
1780456783,248.030824
1780456783,224.407498
1780456783,217.294923
1780456783,250.470776
1780456783,217.452290
1780456783,251.072537
1780456783,217.430953
1780456783,244.005235
1780456783,223.849206
1780456783,251.947518
1780456783,217.359162
1780456783,249.698335
1780456783,225.577154
1780456783,251.397927
1780456783,225.737974
1780456783,249.968421
1780456783,249.927335
1780456783,224.538996
1780456783,219.272484
1780456783,251.658666
1780456783,251.622955
1780456783,217.766946
1780456783,250.100398
1780456783,226.724320
1780456783,251.306535
1780456783,219.765679
1780456783,251.796883
1780456783,226.946771
1780456783,251.424932
1780456783,220.598836
1780456783,251.900522
1780456783,224.991380
1780456783,252.130272
1780456783,227.366106
1780456783,246.623408
1780456783,217.809673
1780456783,236.991480
1780456783,220.690490
1780456783,227.855776
1780456783,220.968936
1780456783,250.144487
1780456783,238.403749
1780456783,227.861399
1780456783,250.498748
1780456783,249.150600
1780456783,248.242060
1780456783,237.102251
1780456783,236.349817
1780456783,237.401356
1780456783,235.010060
1780456783,237.376940
1780456783,230.989797
1780456783,250.556717
1780456783,237.216683
1780456783,251.132041
1780456783,229.391700
1780456783,267.640532
1780456783,267.870612
1780456783,269.025776
1780456783,267.901208
1780456783,269.721310
1780456783,272.208600
1780456783,266.447174
1780456783,263.174631
1780456783,251.016334
1780456783,244.027115
1780456783,252.329283
1780456783,221.791520
1780456783,252.088306
1780456783,252.771463
1780456783,106.331817
1780456783,106.972897
1780456783,105.703035
1780456783,146.571659
1780456783,106.571615
1780456783,106.225087
1780456783,106.894835
1780456783,106.954035
1780456783,107.444609
1780456783,107.310339
1780456783,107.796777
1780456783,147.669759
1780456783,108.271452
1780456783,109.028251
1780456783,222.621030
1780456783,109.557050
1780456783,250.462461
1780456783,109.288231
1780456783,248.431574
1780456783,109.852252
1780456783,113.198526
1780456783,229.524874
1780456783,113.492700
1780456783,110.609167
1780456783,221.047080
1780456783,111.183588
1780456783,227.950148
1780456783,223.865124
1780456783,112.174738
1780456783,229.588144
1780456783,110.406657
1780456783,112.371400
1780456783,221.398683
1780456783,229.106625
1780456783,111.346599
1780456783,112.677115
1780456783,232.880854
1780456783,224.062267
1780456783,113.006387
1780456783,230.007946
1780456783,115.355721
1780456783,224.005331
1780456783,113.055918
1780456783,229.952461
1780456783,114.198327
1780456783,229.874290
1780456783,245.747708
1780456783,225.313133
1780456783,215.552603
1780456783,230.132527
1780456783,210.728707
1780456783,234.515768
1780456783,210.040633
1780456783,235.315838
1780456783,215.704784
1780456783,236.534895
1780456783,211.095156
1780456783,225.562882
1780456783,215.817107
1780456783,236.554778
1780456783,211.390872
1780456783,231.661615
1780456783,213.275499
1780456783,223.418870
1780456783,213.341679
1780456783,230.415365
1780456783,226.191983
1780456783,212.329075
1780456783,241.006660
1780456783,216.305682
1780456783,223.679818
1780456783,212.988935
1780456783,230.496542
1780456783,213.512992
1780456783,241.191027
1780456783,213.478425
1780456783,237.559048
1780456783,196.893173
1780456783,229.802481
1780456783,218.847820
1780456783,227.751776
1780456783,213.413747
1780456783,241.494057
1780456783,214.057356
1780456783,238.488949
1780456783,216.543740
1780456783,229.972499
1780456783,218.877087
1780456783,239.042371
1780456783,215.824616
1780456783,242.437737
1780456783,215.929049
1780456783,230.095990
1780456783,216.712491
1780456783,233.770555
1780456783,216.031777
1780456783,230.256161
1780456783,220.213803
1780456783,228.145270
1780456783,215.614168
1780456783,242.657616
1780456783,217.470892
1780456783,240.318940
1780456783,221.201687
1780456783,230.834780
1780456783,216.132796
1780456783,235.986355
1780456783,219.243390
1780456783,221.233186
1780456783,234.161740
1780456783,244.686564
1780456783,222.973948
1780456783,221.428670
1780456783,234.265719
1780456783,244.832654
1780456783,216.784631
1780456783,223.066025
1780456783,236.333463
1780456783,217.558702
1780456783,234.215879
1780456783,227.611533
1780456783,223.102671
1780456783,237.578584
1780456783,223.532257
1780456783,245.159381
1780456783,223.631104
1780456783,228.553311
1780456783,218.531676
1780456783,224.645397
1780456783,230.784479
1780456783,223.734146
1780456783,199.009346
1780456783,226.802523
1780456783,247.221031
1780456783,225.557002
1780456783,236.489923
1780456783,218.985014
1780456783,236.703787
1780456783,225.686231
1780456783,239.364385
1780456783,219.828283
1780456783,246.506318
1780456783,219.036457
1780456783,239.417584
1780456783,225.781579
1780456783,239.505910
1780456783,219.929042
1780456783,239.417181
1780456783,219.918233
1780456783,240.010853
1780456783,219.223983
1780456783,240.939050
1780456783,227.108126
1780456783,242.751181
1780456783,226.036961
1780456783,242.853328
1780456783,220.194942
1780456783,236.909082
1780456783,227.739775
1780456783,226.108138
1780456783,220.673239
1780456783,227.796857
1780456783,229.268191
1780456783,220.752153
1780456783,229.213947
1780456783,228.727319
1780456783,198.734633
1780456783,202.651063
1780456783,199.919596
1780456783,202.749323
1780456783,204.060240
1780456783,204.171684
1780456783,237.430698
1780456783,204.771426
1780456783,247.246048
1780456783,204.807446
1780456783,202.862750
1780456783,202.697981
1780456783,204.958066
1780456783,202.556897
1780456783,237.672708
1780456783,203.094479
1780456783,229.956142
1780456783,203.164012
1780456783,203.295670
1780456783,205.241835
1780456783,205.407702
1780456783,205.322704
1780456783,203.355432
1780456783,205.434808
1780456783,231.067515
1780456783,203.471381
1780456783,205.546178
1780456783,204.675139
1780456783,205.473812
1780456783,205.622901
1780456783,205.699575
1780456783,208.534735
1780456783,208.599911
1780456783,208.586701
1780456783,210.018893
1780456783,208.709070
1780456783,208.774753
1780456783,209.283527
1780456783,210.773763
1780456783,210.517177
1780456783,212.430685
1780456783,211.139122
1780456783,254.557588
1780456783,213.373279
1780456783,238.036842
1780456783,211.733377
1780456783,215.471044
1780456783,212.038305
1780456783,240.032624
1780456783,215.542337
1780456783,233.841307
1780456783,191.949830
1780456783,203.815362
1780456783,200.494154
1780456783,202.295795
1780456783,241.109875
1780456783,204.020831
1780456783,239.072515
1780456783,192.448681
1780456783,238.539644
1780456783,201.740476
1780456783,239.209838
1780456783,201.828116
1780456783,204.470533
1780456783,203.070524
1780456783,239.218280
1780456783,204.307230
1780456783,242.749201
1780456783,216.129049
1780456783,204.483442
1780456783,204.409510
1780456783,216.187197
1780456783,197.908124
1780456783,211.930616
1780456783,204.314025
1780456783,216.275191
1780456783,204.315290
1780456783,212.263460
1780456783,200.808151
1780456783,216.286366
1780456783,200.797385
1780456783,213.280331
1780456783,200.858837
1780456783,213.534336
1780456783,200.933583
1780456783,212.776329
1780456783,200.985594
1780456783,213.674666
1780456783,200.891752
1780456783,217.700877
1780456783,213.307778
1780456783,207.282698
1780456783,213.748638
1780456783,213.737178
1780456783,215.820543
1780456783,201.189370
1780456783,204.807672
1780456783,217.784884
1780456783,217.556045
1780456783,152.070510
1780456783,213.840336
1780456783,201.298186
1780456783,217.916556
1780456783,205.217886
1780456783,205.294624
1780456783,201.430792
1780456783,201.441163
1780456783,205.136643
1780456783,216.092655
1780456783,203.296486
1780456783,219.687256
1780456783,203.313917
1780456783,215.086089
1780456783,205.070873
1780456783,184.885159
1780456783,215.760012
1780456783,220.230134
1780456783,183.994653
1780456783,215.579077
1780456783,189.856573
1780456783,240.387364
1780456783,186.365842
1780456783,239.646255
1780456783,193.585350
1780456783,186.852844
1780456783,190.017186
1780456783,248.251902
1780456783,190.874075
1780456783,249.194205
1780456783,190.230470
1780456783,252.730121
1780456783,253.109242
1780456783,185.536474
1780456783,254.377960
1780456783,190.260891
1780456783,241.936313
1780456783,188.297235
1780456783,254.470054
1780456783,194.183284
1780456783,184.684849
1780456783,235.633440
1780456783,190.909322
1780456783,235.482443
1780456783,191.062030
1780456783,244.270482
1780456783,191.009069
1780456783,254.171000
1780456783,191.096478
1780456783,249.648526
1780456783,174.553546
1780456783,244.270837
1780456783,176.912412
1780456783,237.744654
1780456783,174.913764
1780456783,177.170963
1780456783,243.002071
1780456783,176.136570
1780456783,238.966053
1780456783,176.237927
1780456783,218.594201
1780456783,178.005724
1780456783,175.444370
1780456783,219.551496
1780456783,183.087440
1780456783,216.184596
1780456783,247.895918
1780456783,175.898924
1780456783,176.469303
1780456783,154.600553
1780456783,176.505380
1780456783,155.303515
1780456783,183.223300
1780456783,177.219349
1780456783,179.880782
1780456783,155.699052
1780456783,183.073181
1780456783,140.327949
1780456783,187.916781
1780456783,157.956781
1780456783,186.242319
1780456783,158.374503
1780456783,191.762240
1780456783,191.773375
1780456783,158.910033
1780456783,185.149824
1780456783,159.483159
1780456783,185.219244
1780456783,143.357195
1780456783,185.170651
1780456783,145.321370
1780456783,165.107684
1780456783,145.562426
1780456783,165.765245
1780456783,167.645060
1780456783,147.202819
1780456783,167.517340
1780456783,147.260667
1780456783,170.879983
1780456783,147.665798
1780456783,147.406679
1780456783,172.768038
1780456783,147.893965
1780456783,174.774909
1780456783,151.610005
1780456783,179.081077
1780456783,152.158136
1780456783,185.578055
1780456783,152.254268
1780456783,147.617118
1780456783,141.045887
1780456783,150.282520
1780456783,179.725258
1780456783,183.301769
1780456783,153.575457
1780456783,154.063604
1780456783,182.967681
1780456783,185.191173
1780456783,154.418855
1780456783,184.356181
1780456783,156.110744
1780456783,180.455831
1780456783,173.345152
1780456783,185.041059
1780456783,135.982849
1780456783,141.393076
1780456783,136.072180
1780456783,137.366246
1780456783,186.155357
1780456783,141.933972
1780456783,185.974335
1780456783,137.525758
1780456783,142.134909
1780456783,192.201273
1780456783,142.404254
1780456783,192.119569
1780456783,142.786483
1780456783,192.233746
1780456783,143.062757
1780456783,192.262406
1780456783,144.261924
1780456783,186.017123
1780456783,155.772098
1780456783,156.789950
1780456783,208.026277
1780456783,186.425752
1780456783,148.263383
1780456783,186.382163
1780456783,143.784788
1780456783,113.779569
1780456783,148.535128
1780456783,114.626798
1780456783,145.877466
1780456783,114.964809
1780456783,124.198383
1780456783,104.524760
1780456783,128.790284
1780456783,105.328655
1780456783,129.887541
1780456783,105.583478
1780456783,123.752134
1780456783,146.873384
1780456783,124.222034
1780456783,106.150827
1780456783,128.913160
1780456783,106.256746
1780456783,130.077112
1780456783,110.711956
1780456783,129.689864
1780456783,110.861923
1780456783,130.871657
1780456783,110.509730
1780456783,130.869455
1780456783,111.652402
1780456783,134.581719
1780456783,111.180872
1780456783,135.045340
1780456783,111.546386
1780456783,136.296567
1780456783,110.762113
1780456783,151.646562
1780456783,137.972092
1780456783,112.486858
1780456783,138.477310
1780456783,151.787581
1780456783,138.724162
1780456783,113.734461
1780456783,133.524870
1780456783,113.856901
1780456783,133.915383
1780456783,114.078616
1780456783,112.855354
1780456783,134.631668
1780456783,114.380774
1780456783,135.388198
1780456783,114.535941
1780456783,113.601799
1780456783,142.297093
1780456783,240.399438
1780456783,115.128654
1780456783,254.358204
1780456783,252.563569
1780456783,136.944270
1780456783,103.563237
1780456783,102.863530
1780456783,103.170299
1780456783,104.287331
1780456783,104.562071
1780456783,104.844048
1780456783,104.128456
1780456783,105.378010
1780456783,104.707167
1780456783,143.296432
1780456783,106.354964
1780456783,105.773914
1780456783,105.864537
1780456783,105.817105
1780456783,145.502799
1780456783,102.995695
1780456783,103.869147
1780456783,103.228791
1780456783,102.681343
1780456783,102.569093
1780456783,103.321096
1780456783,103.154232
1780456783,103.509337
1780456783,102.945947
1780456783,102.863635
1780456783,102.669007
1780456783,102.366572
1780456783,102.990516
1780456783,103.290613
1780456783,102.497735
1780456783,102.481659
1780456783,102.414281
1780456783,102.542732
1780456783,102.521806
1780456783,102.670782
1780456783,143.413915
1780456783,143.549294
1780456783,142.924986
1780456783,102.546202
1780456783,103.282223
1780456783,103.344519
1780456783,103.273594
1780456783,103.155850
1780456783,102.982624
1780456783,103.101916
1780456783,103.319834
1780456783,103.296508
1780456783,102.548161
1780456783,102.600636
1780456783,102.442826
1780456783,104.833819
1780456783,150.194814
1780456783,148.345991
1780456783,110.319758
1780456783,148.527819
1780456783,108.538297
1780456783,106.404017
1780456783,109.946006
1780456783,108.143336
1780456783,108.066504
1780456783,110.588136
1780456783,110.230389
1780456783,109.374309
1780456783,108.057737
1780456783,152.830690
1780456783,110.307671
1780456783,110.382741
1780456783,110.119762
1780456783,111.896413
1780456783,154.644122
1780456783,102.503056
1780456783,149.175011
1780456783,109.489409
1780456783,111.668867
1780456783,102.837022
1780456783,150.729939
1780456783,104.454426
1780456783,112.735743
1780456783,112.282168
1780456783,103.089137
1780456783,105.145122
1780456783,104.923401
1780456783,104.860946
1780456783,104.752015
1780456783,104.864147
1780456783,151.881928
1780456783,104.516246
1780456783,104.112866
1780456783,104.942349
1780456783,105.356347
1780456783,104.456165
1780456783,105.027004
1780456783,104.122178
1780456783,147.619940
1780456783,104.118174
1780456783,152.608774
1780456783,102.435100
1780456783,106.029760
1780456783,153.041416
1780456783,104.297669
1780456783,147.543856
1780456783,106.535130
1780456783,104.210315
1780456783,153.588150
1780456783,105.978351
1780456783,106.281577
1780456783,106.193843
1780456783,106.463578
1780456783,113.646900
1780456783,102.981675
1780456783,106.888531
1780456783,145.085133
1780456783,146.725665
1780456783,137.788270
1780456783,106.323252
1780456783,154.542092
1780456783,139.769772
1780456783,106.185803
1780456783,104.620604
1780456783,103.490205
1780456783,105.418387
1780456783,106.719314
1780456783,149.983283
1780456783,142.390067
1780456783,106.900178
1780456783,107.663690
1780456783,105.943539
1780456783,142.926020
1780456783,106.677267
1780456783,106.656228
1780456783,137.523343
1780456783,105.840110
1780456783,103.387166
1780456783,106.672317
1780456783,148.378143
1780456783,140.741608
1780456783,106.825014
1780456783,106.731687
1780456783,138.947974
1780456783,106.732354
1780456783,106.951572
1780456783,138.230304
1780456783,106.908065
1780456783,137.754364
1780456783,106.858243
1780456783,105.989393
1780456783,104.923040
1780456783,106.897455
1780456783,107.390464
1780456783,138.004933
1780456783,105.578824
1780456783,137.673114
1780456783,107.490810
1780456783,137.765182
1780456783,104.424358
1780456783,104.378182
1780456783,105.209669
1780456783,104.148028
1780456783,104.416049
1780456783,103.730296
1780456783,108.180557
1780456783,103.956710
1780456783,104.092090
1780456783,103.299474
1780456783,108.476823
1780456783,108.639695
1780456783,104.601429
1780456783,108.576266
1780456783,104.062547
1780456783,103.390354
1780456783,104.768026
1780456783,103.547275
1780456783,152.261745
1780456783,103.945009
1780456783,101.725669
1780456783,103.796104
1780456783,109.834416
1780456783,102.611666
1780456783,104.079149
1780456783,103.584358
1780456783,136.471826
1780456783,104.057200
1780456783,131.743441
1780456783,104.561700
1780456783,102.131960
1780456783,110.374338
1780456783,153.562318
1780456783,110.549465
1780456783,104.403585
1780456783,110.598895
1780456783,103.232530
1780456783,110.538236
1780456783,131.951724
1780456783,102.581123
1780456783,105.641132
1780456783,104.551335
1780456783,110.762723
1780456783,110.487672
1780456783,104.366854
1780456783,154.338717
1780456783,102.778484
1780456783,102.906546
1780456783,154.346860
1780456783,131.981261
1780456783,103.691830
1780456783,133.488937
1780456783,102.404813
1780456783,103.181005
1780456783,154.814930
1780456783,131.611622
1780456783,102.839690
1780456783,103.062963
1780456783,146.930519
1780456783,145.446275
1780456783,146.966092
1780456783,132.156000
1780456783,103.447596
1780456783,145.597464
1780456783,133.058864
1780456783,145.281783
1780456783,103.924521
1780456783,102.831205
1780456783,111.710139
1780456783,110.457223
1780456783,105.155510
1780456783,103.143435
1780456783,102.869362
1780456783,134.259706
1780456783,145.178086
1780456783,104.830217
1780456783,109.163590
1780456783,102.283509
1780456783,108.649612
1780456783,104.409927
1780456783,146.238031
1780456783,104.293311
1780456783,104.282806
1780456783,103.211740
1780456783,103.920495
1780456783,107.926782
1780456783,134.077572
1780456783,133.987979
1780456783,134.264162
1780456783,107.615609
1780456783,146.553659
1780456783,134.243579
1780456783,134.160244
1780456783,102.889388
1780456783,103.864205
1780456783,104.364967
1780456783,102.788217
1780456783,104.347046
1780456783,103.568842
1780456783,108.096358
1780456783,103.663333
1780456783,104.608406
1780456783,108.142754
1780456783,134.287058
1780456783,102.738596
1780456783,103.714763
1780456783,102.669234
1780456783,135.199604
1780456783,102.427484
1780456783,134.683562
1780456783,104.627588
1780456783,103.960126
1780456783,102.563391
1780456783,103.879906
1780456783,135.281349
1780456783,102.838937
1780456783,103.966873
1780456783,102.627074
1780456783,102.574160
1780456783,103.911216
1780456783,102.681017
1780456783,103.749258
1780456783,102.598810
1780456783,103.737419
1780456783,135.804154
1780456783,102.401817
1780456783,102.566735
1780456783,103.672641
1780456783,103.111215
1780456783,102.783595
1780456783,136.142178
1780456783,136.110778
1780456783,102.624627
1780456783,136.257031
1780456783,101.559506
1780456783,102.653502
1780456783,102.473796
1780456783,102.509809
1780456783,102.370577
1780456783,136.707333
1780456783,102.512919
1780456783,102.213320
1780456783,102.537754
1780456783,102.395023
1780456783,102.314093
1780456783,102.579249
1780456783,137.911968
1780456783,102.898100
1780456783,103.189046
1780456783,102.976945
1780456783,138.363604
1780456783,102.429756
1780456783,102.611490
1780456783,102.840209
1780456783,102.454454
1780456783,101.906201
1780456783,102.625351
1780456783,138.633101
1780456783,102.478585
1780456783,136.161495
1780456783,102.522327
1780456783,102.416450
1780456783,138.880288
1780456783,138.274584
1780456783,136.869825
1780456783,102.324143
1780456783,136.759884
1780456783,102.275204
1780456783,102.362847
1780456783,137.041607
1780456783,136.661558
1780456783,136.548520
1780456783,102.363178
1780456783,102.707523
1780456783,103.014790
1780456783,103.235433
1780456783,103.243601
1780456783,147.917935
1780456783,103.225780
1780456783,147.941906
1780456783,103.486072
1780456783,103.481781
1780456783,147.963525
1780456783,103.247366
1780456783,104.226041
1780456783,147.823840
1780456783,103.324829
1780456783,149.401681
1780456783,105.122069
1780456783,104.395483
1780456783,104.231923
1780456783,104.403965
1780456783,105.420020
1780456783,144.090739
1780456783,105.407109
1780456783,148.270698
1780456783,104.045993
1780456783,146.684659
1780456783,104.400984
1780456783,105.796633
1780456783,103.998512
1780456783,144.275668
1780456783,149.781290
1780456783,104.378636
1780456783,104.887181
1780456783,104.956280
1780456783,148.983222
1780456783,148.873090
1780456783,148.143140
1780456783,104.903206
1780456783,104.882483
1780456783,105.696834
1780456783,145.722631
1780456783,105.526508
1780456783,104.771799
1780456783,148.160368
1780456783,104.755541
1780456783,147.609355
1780456783,148.387780
1780456783,145.958374
1780456783,147.999800
1780456783,104.138959
1780456783,148.321494
1780456783,105.100433
1780456783,105.110821
1780456783,147.377947
1780456783,104.948405
1780456783,105.070818
1780456783,104.962009
1780456783,105.472231
1780456783,148.531815
1780456783,146.386698
1780456783,148.041062
1780456783,104.899609
1780456783,105.576769
1780456783,105.672070
1780456783,105.065380
1780456783,105.161577
1780456783,105.049452
1780456783,105.818283
1780456783,105.688603
1780456783,105.079414
1780456783,138.636013
1780456783,105.993853
1780456783,105.120113
1780456783,106.058862
1780456783,106.086122
1780456783,105.358508
1780456783,145.466208
1780456783,105.270246
1780456783,145.745800
1780456783,106.071281
1780456783,105.486334
1780456783,145.616051
1780456783,105.017446
1780456783,106.151576
1780456783,106.961279
1780456783,104.332121
1780456783,134.828506
1780456783,104.849243
1780456783,106.859141
1780456783,130.516132
1780456783,124.548560
1780456783,105.871681
1780456783,104.852924
1780456783,107.128302
1780456783,107.661366
1780456783,103.236701
1780456783,147.204779
1780456783,138.790445
1780456783,105.395876
1780456783,133.962260
1780456783,127.051695
1780456783,103.968720
1780456783,103.755580
1780456783,131.778572
1780456783,122.812135
1780456783,122.466688
1780456783,105.558256
1780456783,106.048970
1780456783,109.928672
1780456783,127.752565
1780456783,109.422666
1780456783,103.774837
1780456783,152.644683
1780456783,110.535847
1780456783,103.997211
1780456783,105.535163
1780456783,104.316907
1780456783,105.926814
1780456783,110.276818
1780456783,141.666611
1780456783,136.714251
1780456783,103.976651
1780456783,126.792683
1780456783,104.366126
1780456783,106.760293
1780456783,103.950859
1780456783,132.180330
1780456783,106.778656
1780456783,134.232141
1780456783,106.625170
1780456783,129.966230
1780456783,141.565880
1780456783,130.436776
1780456783,152.925536
1780456783,144.226271
1780456783,106.287125
1780456783,105.329562
1780456783,137.467276
1780456783,124.625635
1780456783,139.772059
1780456783,112.230648
1780456783,108.077420
1780456783,105.750295
1780456783,112.490916
1780456783,108.033906
1780456783,111.796636
1780456783,108.036922
1780456783,107.849953
1780456783,151.409874
1780456783,152.372328
1780456783,127.314749
1780456783,127.825392
1780456783,104.542034
1780456783,126.120391
1780456783,130.659271
1780456783,153.352792
1780456783,127.892201
1780456783,107.076108
1780456783,127.988785
1780456783,138.778854
1780456783,103.808143
1780456783,131.249702
1780456783,112.095489
1780456783,105.002154
1780456783,112.024784
1780456783,113.657419
1780456783,126.232414
1780456783,106.375096
1780456783,104.359490
1780456783,104.327990
1780456783,105.393349
1780456783,113.435144
1780456783,113.054935
1780456783,104.301053
1780456783,104.134537
1780456783,104.923317
1780456783,104.952337
1780456783,154.525628
1780456783,103.798368
1780456783,133.652827
1780456783,104.118004
1780456783,107.775462
1780456783,114.334866
1780456783,115.349774
1780456783,114.404282
1780456783,112.525057
1780456783,115.447930
1780456783,114.884379
1780456783,108.639042
1780456783,105.177297
1780456783,103.585761
1780456783,134.198862
1780456783,138.904974
1780456783,103.970653
1780456783,114.527208
1780456783,103.766910
1780456783,113.593483
1780456783,113.965063
1780456783,104.992801
1780456783,104.537724
1780456783,114.654670
1780456783,104.475933
1780456783,105.068383
1780456783,114.010326
1780456783,115.158329
1780456783,136.819880
1780456783,105.647603
1780456783,105.866576
1780456783,112.682278
1780456783,114.637671
1780456783,113.743265
1780456783,111.738102
1780456783,116.035906
1780456783,132.414428
1780456783,149.528177
1780456783,132.646586
1780456783,110.394694
1780456783,147.327473
1780456783,110.615730
1780456783,128.724223
1780456783,148.544050
1780456783,110.292077
1780456783,118.568208
1780456783,110.026693
1780456783,144.694815
1780456783,110.558221
1780456783,108.304405
1780456783,129.521620
1780456783,121.685551
1780456783,112.567026
1780456783,112.049143
1780456783,105.701094
1780456783,106.865818
1780456783,115.305038
1780456783,112.036700
1780456783,113.925311
1780456783,113.593083
1780456783,105.154812
1780456783,103.635780
1780456783,105.543200
1780456783,112.255007
1780456783,113.310596
1780456783,112.180623
1780456783,105.477846
1780456783,103.268593
1780456783,136.160455
1780456783,110.980166
1780456783,137.104534
1780456783,138.433439
1780456783,111.192237
1780456783,111.066703
1780456783,112.749016
1780456783,107.340097
1780456783,110.405948
1780456783,121.004682
1780456783,110.659868
1780456783,109.189623
1780456783,113.894388
1780456783,104.306243
1780456783,135.476852
1780456783,108.503760
1780456783,106.778274
1780456783,122.492152
1780456783,104.416217
1780456783,117.182090
1780456783,116.779909
1780456783,106.262713
1780456783,117.012212
1780456783,107.726879
1780456783,106.849268
1780456783,115.772536
1780456783,105.165882
1780456783,114.693655
1780456783,103.282823
1780456783,113.769023
1780456783,113.497460
1780456783,103.663472
1780456783,104.056759
1780456783,123.928848
1780456783,110.185155
1780456783,113.896335
1780456783,117.996018
1780456783,107.358078
1780456783,118.486706
1780456783,113.737235
1780456783,117.639784
1780456783,110.876215
1780456783,122.679604
1780456783,109.196062
1780456783,118.534564
1780456783,108.999195
1780456783,108.998190
1780456783,108.539758
1780456783,115.030413
1780456783,117.123502
1780456783,108.413598
1780456783,118.311313
1780456783,109.209823
1780456783,113.183849
1780456783,115.059795
1780456783,102.429732
1780456783,104.335039
1780456783,109.517336
1780456783,110.161143
1780456783,110.400146
1780456783,109.758379
1780456783,113.279309
1780456783,108.885248
1780456783,112.573180
1780456783,113.754084
1780456783,113.175743
1780456783,113.886829
1780456783,113.281861
1780456783,113.444790
1780456783,113.873773
1780456783,113.718644
1780456783,113.993809
1780456783,110.525144
1780456783,114.184577
1780456783,114.345687
1780456783,132.934784
1780456783,114.073488
1780456783,109.006898
1780456783,107.620212
1780456783,114.252443
1780456783,110.528569
1780456783,109.963550
1780456783,114.053828
1780456783,109.135680
1780456783,110.858350
1780456783,115.738565
1780456783,116.017525
1780456783,116.836247
1780456783,116.645513
1780456783,116.259790
1780456783,116.370342
1780456783,116.217311
1780456783,116.642166
1780456783,112.241115
1780456783,113.051551
1780456783,116.083953
1780456783,110.304876
1780456783,109.623465
1780456783,112.005102
1780456783,112.131188
1780456783,112.875742
1780456783,112.555006
1780456783,113.171677
1780456783,116.321223
1780456783,111.691362
1780456783,111.449830
1780456783,112.671168
1780456783,116.531258
1780456783,112.825031
1780456783,116.253130
1780456783,130.773519
1780456783,117.833012
1780456783,117.761840
1780456783,117.677528
1780456783,117.682121
1780456783,131.584271
1780456783,131.587880
1780456783,113.003878
1780456783,114.148191
1780456783,113.937356
1780456783,117.542832
1780456783,114.052999
1780456783,117.135013
1780456783,117.360071
1780456783,117.874918
1780456783,117.778422
1780456783,117.865076
1780456783,109.184109
1780456783,130.759980
1780456783,130.405296
1780456783,134.766999
1780456783,125.113954
1780456783,130.753340
1780456783,128.414859
1780456783,133.570925
1780456783,125.077886
1780456783,134.280978
1780456783,121.640736
1780456783,134.805175
1780456783,135.440631
1780456783,105.237032
1780456783,135.461045
1780456783,108.423448
1780456783,111.751377
1780456783,112.403283
1780456783,136.853594
1780456783,121.363800
1780456783,121.442677
1780456783,136.910854
1780456783,121.602797
1780456783,112.719921
1780456783,137.075686
1780456783,137.975450
1780456783,135.274609
1780456783,138.976596
1780456783,125.599321
1780456783,138.252033
1780456783,137.908155
1780456783,138.107943
1780456783,137.554854
1780456783,138.089079
1780456783,136.373651
1780456783,138.330944
1780456783,138.194478
1780456783,123.246944
1780456783,138.089178
1780456783,133.215178
1780456783,136.813984
1780456783,114.554160
1780456783,114.539981
1780456783,111.511250
1780456783,114.560710
1780456783,112.553952
1780456783,114.441068
1780456783,108.337640
1780456783,117.376665
1780456783,119.539802
1780456783,117.456996
1780456783,118.539800
1780456783,116.806257
1780456783,127.158382
1780456783,126.125312
1780456783,126.425019
1780456783,106.199222
1780456783,119.048479
1780456783,126.395370
1780456783,126.359579
1780456783,129.740149
1780456783,121.721927
1780456783,128.186590
1780456783,128.000709
1780456783,128.176171
1780456783,103.461750
1780456783,102.820175
1780456783,102.982516
1780456783,102.848335
1780456783,103.162994
1780456783,103.064532
1780456783,103.286879
1780456783,103.445638
1780456783,102.731718
1780456783,104.036336
1780456783,105.746115
1780456783,104.440697
1780456783,104.317445
1780456783,103.487875
1780456783,103.692626
1780456783,104.503982
1780456783,104.222113
1780456783,105.569215
1780456783,106.388943
1780456783,106.342410
1780456783,103.288709
1780456783,103.660880
1780456783,103.666367
1780456783,106.620514
1780456783,103.789511
1780456783,106.621521
1780456783,104.608442
1780456783,108.672522
1780456783,109.032789
1780456783,105.047872
1780456783,105.875994
1780456783,109.448603
1780456783,108.623581
1780456783,103.274852
1780456783,106.494374
1780456783,103.188443
1780456783,103.751527
1780456783,103.736481
1780456783,103.906817
1780456783,103.888835
1780456783,108.172579
1780456783,103.365797
1780456783,104.005034
1780456783,106.130303
1780456783,104.414489
1780456783,107.529609
1780456783,103.252314
1780456783,106.661103
1780456783,105.895990
1780456783,103.417575
1780456783,107.223583
1780456783,105.626057
1780456783,104.545368
1780456783,103.140429
1780456783,108.390585
1780456783,103.226145
1780456783,104.777627
1780456783,104.754629
1780456783,107.122767
1780456783,109.427498
1780456783,105.386118
1780456783,106.326147
1780456783,106.787643
1780456783,109.807939
1780456783,104.725690
1780456783,109.360028
1780456783,104.975629
1780456783,106.255290
1780456783,106.726648
1780456783,110.581348
1780456783,110.777416
1780456783,110.294624
1780456783,106.965957
1780456783,109.664836
1780456783,105.290801
1780456783,106.430385
1780456783,105.472415
1780456783,106.242596
1780456783,105.358164
1780456783,106.691363
1780456783,107.044075
1780456783,106.220719
1780456783,105.706242
1780456783,102.989979
1780456783,102.912290
1780456783,103.158792
1780456783,102.948107
1780456783,102.860808
1780456783,103.235750
1780456783,103.318080
1780456783,103.311188
1780456783,103.030265
1780456783,103.189065
1780456783,103.427495
1780456783,102.750707
1780456783,103.917250
1780456783,103.358708
1780456783,103.268966
1780456783,103.986570
1780456783,103.348998
1780456783,103.424996
1780456783,103.757650
1780456783,103.477058
1780456783,103.475229
1780456783,104.397849
1780456783,104.318537
1780456783,103.780849
1780456783,103.448755
1780456783,104.030857
1780456783,105.043438
1780456783,103.672470
1780456783,104.037688
1780456783,104.505541
1780456783,104.193173
1780456783,105.633494
1780456783,105.363347
1780456783,105.625072
1780456783,105.800104
1780456783,104.440347
1780456783,106.004747
1780456783,105.851069
1780456783,105.778371
1780456783,105.627535
1780456783,102.511240
1780456783,105.715135
1780456783,105.971372
1780456783,105.820775
1780456783,106.213439
1780456783,105.808361
1780456783,102.768878
1780456783,105.681974
1780456783,103.327720
1780456783,102.851871
1780456783,107.163653
1780456783,105.956881
1780456783,106.698163
1780456783,106.493665
1780456783,103.814073
1780456783,107.436109
1780456783,106.731318
1780456783,103.964149
1780456783,106.682604
1780456783,107.242147
1780456783,104.096630
1780456783,103.857396
1780456783,108.245709
1780456783,105.054411
1780456783,104.913174
1780456783,104.369776
1780456783,107.464245
1780456783,105.357767
1780456783,108.295347
1780456783,105.509227
1780456783,107.756209
1780456783,105.965279
1780456783,107.636216
1780456783,107.958526
1780456783,109.066034
1780456783,107.979597
1780456783,107.844935
1780456783,105.604211
1780456783,108.248564
1780456783,104.038639
1780456783,106.103263
1780456783,105.443811
1780456783,106.142608
1780456783,106.263216
1780456783,104.294115
1780456783,106.559685
1780456783,105.681059
1780456783,106.413727
1780456783,106.226642
1780456783,111.930794
1780456783,107.620857
1780456783,108.722368
1780456783,109.047411
1780456783,112.344418
1780456783,112.729668
1780456783,112.400923
1780456783,113.762269
1780456783,110.510922
1780456783,112.809529
1780456783,111.368766
1780456783,111.419438
1780456783,110.924754
1780456783,108.213448
1780456783,111.718316
1780456783,108.342534
1780456783,115.211350
1780456783,109.267481
1780456783,114.688815
1780456783,108.499133
1780456783,111.539639
1780456783,109.635012
1780456783,114.867681
1780456783,111.772318
1780456783,109.734207
1780456783,111.869284
1780456783,109.738221
1780456783,109.539679
1780456783,112.220954
1780456783,112.217914
1780456783,109.612525
1780456783,113.455233
1780456783,109.289328
1780456783,113.630150
1780456783,112.342715
1780456783,116.160227
1780456783,112.706985
1780456783,114.114044
1780456783,116.024073
1780456783,116.378227
1780456783,114.724519
1780456783,112.528519
1780456783,115.189266
1780456783,116.735563
1780456783,111.549907
1780456783,115.147804
1780456783,112.968112
1780456783,117.867391
1780456783,117.254030
1780456783,113.436963
1780456783,114.985084
1780456783,117.646534
1780456783,118.982174
1780456783,114.491164
1780456783,114.270867
1780456783,114.482749
1780456783,114.140364
1780456783,116.453302
1780456783,114.687587
1780456783,112.277234
1780456783,112.525144
1780456783,112.174045
1780456783,113.516539
1780456783,113.206845
1780456783,115.570298
1780456783,120.149360
1780456783,120.280423
1780456783,116.343630
1780456783,115.518971
1780456783,121.064298
1780456783,113.590246
1780456783,119.221167
1780456783,119.075026
1780456783,118.857556
1780456783,117.065624
1780456783,116.735025
1780456783,117.360076
1780456783,114.682607
1780456783,119.139324
1780456783,119.042182
1780456783,118.170624
1780456783,124.302522
1780456783,120.060013
1780456783,119.447618
1780456783,119.914412
1780456783,116.327992
1780456783,118.534641
1780456783,119.087633
1780456783,119.886687
1780456783,119.642688
1780456783,119.868451
1780456783,119.930429
1780456783,118.647753
1780456783,120.064026
1780456783,120.129025
1780456783,119.135762
1780456783,120.823840
1780456783,120.399589
1780456783,119.169153
1780456783,122.875342
1780456783,118.657920
1780456783,121.468415
1780456783,123.246950
1780456783,125.095885
1780456783,123.542607
1780456783,125.673488
1780456783,122.706457
1780456783,120.343899
1780456783,121.448128
1780456783,121.003028
1780456783,120.459178
1780456783,119.481348
1780456783,124.206561
1780456783,126.144596
1780456783,121.782593
1780456783,124.362051
1780456783,124.493673
1780456783,122.671871
1780456783,121.217675
1780456783,122.235939
1780456783,120.898892
1780456783,124.651783
1780456783,124.801929
1780456783,124.796966
1780456783,119.985553
1780456783,121.310790
1780456783,122.357654
1780456783,123.852822
1780456783,124.888289
1780456783,124.115738
1780456783,123.977746
1780456783,120.824898
1780456783,122.473237
1780456783,124.202396
1780456783,124.303109
1780456783,121.093571
1780456783,120.790691
1780456783,124.514670
1780456783,122.421927
1780456783,120.911052
1780456783,123.052726
1780456783,122.459552
1780456783,124.958435
1780456783,124.596520
1780456783,123.533155
1780456783,121.046019
1780456783,124.752316
1780456783,124.584707
1780456783,125.318154
1780456783,120.691461
1780456783,125.018288
1780456783,125.199670
1780456783,127.007700
1780456783,125.675470
1780456783,127.260916
1780456783,125.945946
1780456783,124.521516
1780456783,126.052358
1780456783,124.695819
1780456783,124.979021
1780456783,125.256937
1780456783,125.108380
1780456783,128.188777
1780456783,123.538062
1780456783,126.633290
1780456783,125.281617
1780456783,127.142329
1780456783,128.159465
1780456783,128.064169
1780456783,124.485717
1780456783,124.590905
1780456783,121.074032
1780456783,124.197386
1780456783,128.397799
1780456783,124.014841
1780456783,128.086799
1780456783,131.822801
1780456783,126.305513
1780456783,125.207113
1780456783,130.182483
1780456783,125.607882
1780456783,125.758707
1780456783,128.865936
1780456783,127.305938
1780456783,122.839597
1780456783,127.578462
1780456783,126.923043
1780456783,125.529228
1780456783,126.867431
1780456783,126.452731
1780456783,123.037402
1780456783,126.081528
1780456783,125.554010
1780456783,124.165689
1780456783,127.281796
1780456783,125.026551
1780456783,123.918437
1780456783,123.805519
1780456783,127.242020
1780456783,126.098295
1780456783,126.234580
1780456783,129.812465
1780456783,130.161611
1780456783,132.492678
1780456783,130.059399
1780456783,127.922284
1780456783,124.121240
1780456783,128.674219
1780456783,123.832278
1780456783,130.436297
1780456783,133.572383
1780456783,128.101563
1780456783,130.227242
1780456783,126.864422
1780456783,126.270587
1780456783,127.866661
1780456783,127.397879
1780456783,125.784990
1780456783,124.330702
1780456783,128.152605
1780456783,128.358415
1780456783,127.018182
1780456783,129.049775
1780456783,124.856642
1780456783,130.873056
1780456783,127.803933
1780456783,125.610010
1780456783,125.064946
1780456783,125.710547
1780456783,131.181391
1780456783,125.730447
1780456783,125.258381
1780456783,129.926081
1780456783,129.199901
1780456783,127.708806
1780456783,128.722169
1780456783,130.900897
1780456783,130.587099
1780456783,124.341792
1780456783,126.048393
1780456783,130.633833
1780456783,123.662148
1780456783,128.294665
1780456783,129.612427
1780456783,125.165629
1780456783,130.830471
1780456783,126.582016
1780456783,131.770198
1780456783,125.874842
1780456783,130.960671
1780456783,129.322088
1780456783,128.049211
1780456783,127.077106
1780456783,126.999210
1780456783,129.804355
1780456783,123.320392
1780456783,126.103566
1780456783,125.748902
1780456783,127.340663
1780456783,132.378706
1780456783,129.395033
1780456783,126.145134
1780456783,129.266651
1780456783,127.338696
1780456783,131.666419
1780456783,129.159725
1780456783,126.278133
1780456783,130.620196
1780456783,129.633874
1780456783,126.600060
1780456783,126.456748
1780456783,127.848447
1780456783,133.626096
1780456783,128.737167
1780456783,131.413855
1780456783,129.622670
1780456783,137.033659
1780456783,130.961283
1780456783,132.422735
1780456783,132.367251
1780456783,137.371879
1780456783,128.078817
1780456783,131.541139
1780456783,134.868359
1780456783,133.434465
1780456783,132.028920
1780456783,135.113327
1780456783,129.913579
1780456783,137.337913
1780456783,132.533344
1780456783,125.466100
1780456783,128.625171
1780456783,130.671162
1780456783,128.707927
1780456783,126.661368
1780456783,134.988438
1780456783,125.920789
1780456783,134.399100
1780456783,129.156272
1780456783,131.895504
1780456783,128.046463
1780456783,126.777359
1780456783,131.543381
1780456783,127.938930
1780456783,125.879577
1780456783,126.899324
1780456783,133.252307
1780456783,128.078757
1780456783,130.795143
1780456783,129.256911
1780456783,128.276100
1780456783,127.251651
1780456783,131.997361
1780456783,126.099735
1780456783,133.662312
1780456783,129.336982
1780456783,132.280101
1780456783,132.101181
1780456783,130.276525
1780456783,131.967251
1780456783,135.445946
1780456783,133.852895
1780456783,132.448211
1780456783,135.194244
1780456783,129.913892
1780456783,137.300777
1780456783,129.946282
1780456783,129.395982
1780456783,135.345066
1780456783,134.350465
1780456783,134.792670
1780456783,128.067035
1780456783,136.753537
1780456783,135.408983
1780456783,133.683451
1780456783,127.799220
1780456783,130.667420
1780456783,132.224630
1780456783,129.449344
1780456783,133.533521
1780456783,129.687391
1780456783,134.390412
1780456783,134.434762
1780456783,136.478849
1780456783,129.604861
1780456783,129.265863
1780456783,128.636054
1780456783,136.114429
1780456783,132.335794
1780456783,130.807275
1780456783,136.203626
1780456783,128.671605
1780456783,128.748038
1780456783,128.788489
1780456783,137.059281
1780456783,131.322089
1780456783,129.849627
1780456783,134.574117
1780456783,136.853103
1780456783,132.041240
1780456783,135.847313
1780456783,134.066124
1780456783,138.874049
1780456783,138.250824
1780456783,131.761958
1780456783,136.204239
1780456783,138.439406
1780456783,135.889129
1780456783,137.112765
1780456783,135.405435
1780456783,131.365979
1780456783,138.135624
1780456783,135.007868
1780456783,133.655598
1780456783,134.370764
1780456783,136.392597
1780456783,132.838964
1780456783,135.891446
1780456783,130.924257
1780456783,134.832435
1780456783,135.089116
1780456783,135.995041
1780456783,132.832416
1780456783,135.097024
1780456783,134.372641
1780456783,133.075026
1780456783,135.859484
1780456783,131.893815
1780456783,135.548919
1780456783,133.439506
1780456783,134.167081
1780456783,134.540206
1780456783,140.405890
1780456783,134.730945
1780456783,134.626813
1780456783,135.679727
1780456783,135.261470
1780456783,136.755384
1780456783,135.483054
1780456783,137.030869
1780456783,136.949940
1780456783,140.552026
1780456783,137.950825
1780456783,137.945065
1780456783,136.093257
1780456783,137.344121
1780456783,137.774650
1780456783,136.070026
1780456783,136.324107
1780456783,137.132241
1780456783,134.395706
1780456783,136.031365
1780456783,136.923426
1780456783,132.315081
1780456783,132.443028
1780456783,116.679435
1780456783,127.713940
1780456783,137.333977
1780456783,114.683070
1780456783,115.069495
1780456783,135.831609
1780456783,139.837997
1780456783,140.782512
1780456783,138.019988
1780456783,134.534393
1780456783,119.985405
1780456783,140.833837
1780456783,140.587990
1780456783,140.728925
1780456783,137.335685
1780456783,120.230673
1780456783,143.049547
1780456783,132.670317
1780456783,139.017119
1780456783,138.483451
1780456783,135.227934
1780456783,140.828774
1780456783,138.530969
1780456783,113.226076
1780456783,140.794426
1780456783,142.999501
1780456783,129.475406
1780456783,135.722905
1780456783,138.872007
1780456783,140.987196
1780456783,121.499475
1780456783,139.005381
1780456783,145.414414
1780456783,116.787632
1780456783,141.848801
1780456783,113.898185
1780456783,116.879697
1780456783,141.606456
1780456783,144.624665
1780456783,112.925984
1780456783,114.594286
1780456783,149.283487
1780456783,139.199929
1780456783,114.789336
1780456783,144.675731
1780456783,113.125356
1780456783,140.785729
1780456783,143.579132
1780456783,143.584908
1780456783,143.659510
1780456783,145.312792
1780456783,145.176163
1780456783,141.935425
1780456783,145.610912
1780456783,143.190759
1780456783,116.468581
1780456783,144.936329
1780456783,141.254937
1780456783,143.647170
1780456783,116.449524
1780456783,112.377455
1780456783,143.774723
1780456783,141.999092
1780456783,115.389924
1780456783,143.508077
1780456783,115.388507
1780456783,146.148525
1780456783,145.649307
1780456783,147.914153
1780456783,114.588171
1780456783,146.038709
1780456783,114.739111
1780456783,148.036185
1780456783,145.463259
1780456783,145.844377
1780456783,145.692736
1780456783,143.780180
1780456783,146.149334
1780456783,143.273787
1780456783,145.330537
1780456783,145.249886
1780456783,111.182102
1780456783,145.766142
1780456783,111.186815
1780456783,148.668908
1780456783,110.995315
1780456783,144.322314
1780456783,146.455739
1780456783,109.747557
1780456783,146.124622
1780456783,148.981417
1780456783,148.844580
1780456783,109.987698
1780456783,149.736489
1780456783,144.685907
1780456783,146.747991
1780456783,146.827418
1780456783,110.556428
1780456783,139.212017
1780456783,150.066965
1780456783,147.405239
1780456783,150.466499
1780456783,108.292380
1780456783,147.930232
1780456783,148.159771
1780456783,146.465003
1780456783,110.056065
1780456783,147.000278
1780456783,145.945119
1780456783,108.650878
1780456783,148.767722
1780456783,141.188023
1780456783,108.807440
1780456783,147.139993
1780456783,147.700005
1780456783,147.241637
1780456783,148.478558
1780456783,109.070612
1780456783,147.646148
1780456783,150.686417
1780456783,150.919720
1780456783,147.559455
1780456783,148.654360
1780456783,148.354917
1780456783,148.716961
1780456783,150.773594
1780456783,109.661871
1780456783,147.286070
1780456783,150.535299
1780456783,120.966058
1780456783,146.393934
1780456783,150.739000
1780456783,148.321448
1780456783,124.511605
1780456783,150.844717
1780456783,148.525244
1780456783,139.335881
1780456783,147.411371
1780456783,140.876198
1780456783,142.400141
1780456783,148.517352
1780456783,149.479263
1780456783,151.885694
1780456783,151.700315
1780456783,156.807976
1780456783,148.094610
1780456783,158.169835
1780456783,150.045988
1780456783,151.296098
1780456783,153.594741
1780456783,153.160638
1780456783,127.217430
1780456783,154.092752
1780456783,128.489599
1780456783,154.311995
1780456783,158.771794
1780456783,128.541990
1780456783,151.986443
1780456783,149.451925
1780456783,149.806926
1780456783,129.915074
1780456783,127.315038
1780456783,151.582071
1780456783,153.811913
1780456783,154.006380
1780456783,153.947071
1780456783,154.002546
1780456783,151.845862
1780456783,152.596735
1780456783,156.518215
1780456783,153.694347
1780456783,124.917840
1780456783,151.434980
1780456783,150.742608
1780456783,152.202630
1780456783,143.898769
1780456783,125.586183
1780456783,128.365768
1780456783,125.739956
1780456783,153.008741
1780456783,153.665783
1780456783,152.672885
1780456783,126.034335
1780456783,153.221990
1780456783,151.738046
1780456783,154.290373
1780456783,124.148204
1780456783,127.357505
1780456783,153.766785
1780456783,152.015943
1780456783,154.808360
1780456783,126.266952
1780456783,155.238403
1780456783,154.190922
1780456783,153.129719
1780456783,149.642719
1780456783,145.923974
1780456783,152.757179
1780456783,124.741091
1780456783,151.992219
1780456783,127.644945
1780456783,151.270471
1780456783,149.791211
1780456783,153.860807
1780456783,118.332505
1780456783,151.951905
1780456783,118.765184
1780456783,126.183209
1780456783,152.415117
1780456783,123.722216
1780456783,150.953764
1780456783,112.561515
1780456783,151.113065
1780456783,120.522491
1780456783,125.011512
1780456783,152.961425
1780456783,125.426126
1780456783,151.430230
1780456783,121.048773
1780456783,143.073197
1780456783,120.895761
1780456783,125.827084
1780456783,153.408795
1780456783,151.859911
1780456783,125.692850
1780456783,152.641824
1780456783,124.754318
1780456783,125.170890
1780456783,154.590528
1780456783,154.284471
1780456783,125.120756
1780456783,154.848846
1780456783,120.653960
1780456783,134.654991
1780456783,154.394643
1780456783,120.810897
1780456783,154.877796
1780456783,153.690179
1780456783,134.029595
1780456783,113.551661
1780456783,125.613685
1780456783,153.729443
1780456783,130.592530
1780456783,113.972997
1780456783,146.840764
1780456783,114.275511
1780456783,155.711222
1780456783,155.809740
1780456783,155.368460
1780456783,149.802224
1780456783,114.723953
1780456783,154.453536
1780456783,153.754400
1780456783,115.981280
1780456783,119.004342
1780456783,113.653323
1780456783,154.600524
1780456783,113.596673
1780456783,113.649348
1780456783,117.605075
1780456783,154.696204
1780456783,113.758523
1780456783,137.945338
1780456783,147.680460
1780456783,127.375457
1780456783,155.193194
1780456783,115.118570
1780456783,155.137615
1780456783,152.636939
1780456783,127.904621
1780456783,114.182820
1780456783,157.700372
1780456783,114.347378
1780456783,138.597965
1780456783,137.538355
1780456783,113.392152
1780456783,158.064445
1780456783,150.235635
1780456783,121.914298
1780456783,147.508167
1780456783,135.644317
1780456783,125.419985
1780456783,138.152145
1780456783,135.816499
1780456783,122.192669
1780456783,125.971892
1780456783,131.970389
1780456783,106.980495
1780456783,139.806092
1780456783,107.053863
1780456783,159.700132
1780456783,132.391995
1780456783,124.336425
1780456783,135.440152
1780456783,137.959301
1780456783,107.632613
1780456783,132.558474
1780456783,106.968783
1780456783,134.574184
1780456783,158.132369
1780456783,123.460183
1780456783,134.528012
1780456783,108.083774
1780456783,157.622654
1780456783,139.783075
1780456783,139.778009
1780456783,155.572751
1780456783,134.807196
1780456783,156.734142
1780456783,136.284436
1780456783,134.918176
1780456783,139.894471
1780456783,135.053496
1780456783,118.075745
1780456783,136.417485
1780456783,131.787739
1780456783,133.747444
1780456783,132.097715
1780456783,133.548405
1780456783,159.411678
1780456783,132.294608
1780456783,152.728670
1780456783,132.343103
1780456783,107.299987
1780456783,132.544407
1780456783,141.973860
1780456783,123.105155
1780456783,132.899387
1780456783,106.667016
1780456783,160.094917
1780456783,123.632809
1780456783,133.236183
1780456783,106.773803
1780456783,130.427543
1780456783,134.873955
1780456783,106.930282
1780456783,133.081168
1780456783,127.458230
1780456783,106.913638
1780456783,130.539986
1780456783,142.709121
1780456783,105.713161
1780456783,127.751634
1780456783,124.029597
1780456783,135.472044
1780456783,133.910188
1780456783,105.914670
1780456783,129.568971
1780456783,140.893060
1780456783,153.157982
1780456783,106.096432
1780456783,124.806565
1780456783,144.719154
1780456783,142.398630
1780456783,106.135826
1780456783,131.593597
1780456783,144.917876
1780456783,123.566050
1780456783,106.230829
1780456783,128.655140
1780456783,139.220844
1780456783,131.706939
1780456783,106.392368
1780456783,139.325659
1780456783,125.353164
1780456783,139.353272
1780456783,106.978049
1780456783,124.150952
1780456783,138.380245
1780456783,107.215792
1780456783,138.320188
1780456783,124.532744
1780456783,153.340644
1780456783,104.462633
1780456783,107.642935
1780456783,137.815693
1780456783,127.963806
1780456783,139.171662
1780456783,139.338063
1780456783,126.785176
1780456783,133.278806
1780456783,139.489176
1780456783,102.111870
1780456783,125.586058
1780456783,125.441185
1780456783,127.216617
1780456783,131.970026
1780456783,135.377896
1780456783,136.893727
1780456783,131.942504
1780456783,126.041354
1780456783,125.782988
1780456783,139.994425
1780456783,126.074475
1780456783,131.339887
1780456783,123.487529
1780456783,139.115292
1780456783,126.148744
1780456783,125.092934
1780456783,103.245169
1780456783,123.954482
1780456783,103.349480
1780456783,126.588015
1780456783,129.743976
1780456783,137.935984
1780456783,124.412154
1780456783,102.853482
1780456783,135.287064
1780456783,139.795314
1780456783,129.002669
1780456783,136.871961
1780456783,139.946682
1780456783,129.246165
1780456783,126.212331
1780456783,134.350204
1780456783,138.987014
1780456783,126.644353
1780456783,134.723129
1780456783,124.084309
1780456783,125.550068
1780456783,159.610468
1780456783,102.748872
1780456783,129.884474
1780456783,132.571867
1780456783,135.018301
1780456783,159.827175
1780456783,123.429602
1780456783,139.533518
1780456783,127.319721
1780456783,130.339384
1780456783,116.414189
1780456783,127.548543
1780456783,138.824332
1780456783,130.764933
1780456783,129.351885
1780456783,139.043605
1780456783,130.751760
1780456783,139.053216
1780456783,128.114762
1780456783,115.262515
1780456783,125.719261
1780456783,139.048316
1780456783,134.943030
1780456783,124.780810
1780456783,138.127376
1780456783,134.719661
1780456783,138.297532
1780456783,127.534658
1780456783,114.949791
1780456783,128.893306
1780456783,138.505966
1780456783,115.181262
1780456783,133.740638
1780456783,138.543168
1780456783,135.558580
1780456783,148.748676
1780456783,115.501155
1780456783,148.889694
1780456783,135.255373
1780456783,114.269255
1780456783,127.185218
1780456783,137.914875
1780456783,114.375039
1780456783,136.684411
1780456783,119.360078
1780456783,148.432577
1780456783,134.846877
1780456783,134.806995
1780456783,114.708748
1780456783,114.844499
1780456783,147.412570
1780456783,118.635111
1780456783,114.548853
1780456783,137.089427
1780456783,133.772494
1780456783,105.060442
1780456783,114.808077
1780456783,135.508697
1780456783,133.869835
1780456783,114.893800
1780456783,135.658445
1780456783,115.058689
1780456783,114.005799
1780456783,136.073845
1780456783,115.375195
1780456783,120.571059
1780456783,114.283457
1780456783,114.295917
1780456783,118.144860
1780456783,114.434798
1780456783,137.708360
1780456783,114.691046
1780456783,135.249535
1780456783,114.627842
1780456783,114.773202
1780456783,114.938121
1780456783,143.802880
1780456783,118.705409
1780456783,105.154211
1780456783,143.850029
1780456783,116.959589
1780456783,118.502358
1780456783,103.792729
1780456783,117.483992
1780456783,104.623327
1780456783,117.810987
1780456783,115.862085
1780456783,105.029506
1780456783,117.421460
1780456783,116.291387
1780456783,117.982993
1780456783,104.436681
1780456783,143.690604
1780456783,104.578035
1780456783,117.919097
1780456783,138.457544
1780456783,115.189481
1780456783,118.323974
1780456783,104.600649
1780456783,142.610091
1780456783,118.856501
1780456783,118.738665
1780456783,138.891276
1780456783,115.731423
1780456783,117.374292
1780456783,142.867766
1780456783,116.089659
1780456783,105.502720
1780456783,117.554070
1780456783,105.617126
1780456783,143.405078
1780456783,119.623785
1780456783,138.347373
1780456783,119.683837
1780456783,106.182449
1780456783,143.748084
1780456783,116.911895
1780456783,120.148100
1780456783,105.207067
1780456783,137.838914
1780456783,142.964451
1780456783,116.103845
1780456783,138.118400
1780456783,138.231934
1780456783,105.860205
1780456783,117.903069
1780456783,105.948144
1780456783,137.129055
1780456783,121.139391
1780456783,116.920844
1780456783,118.531506
1780456783,117.217433
1780456783,118.799084
1780456783,117.544204
1780456783,109.236207
1780456783,143.804555
1780456783,118.869134
1780456783,108.190554
1780456783,122.037685
1780456783,136.860133
1780456783,108.459656
1780456783,122.044943
1780456783,107.506313
1780456783,118.190830
1780456783,121.005254
1780456783,143.463063
1780456783,118.646717
1780456783,117.555905
1780456783,106.262279
1780456783,136.858571
1780456783,121.526455
1780456783,117.743323
1780456783,106.400511
1780456783,120.503366
1780456783,144.103349
1780456783,107.555524
1780456783,118.050020
1780456783,118.216496
1780456783,137.561552
1780456783,118.381346
1780456783,104.650767
1780456783,119.825525
1780456783,117.403192
1780456783,105.036876
1780456783,120.004020
1780456783,136.688370
1780456783,104.517226
1780456783,120.265261
1780456783,121.769949
1780456784,117.500923
1780456784,150.223303
1780456784,121.681613
1780456784,150.095803
1780456784,120.566893
1780456784,121.343083
1780456784,117.707457
1780456784,117.304583
1780456784,121.296702
1780456784,120.281520
1780456784,120.866657
1780456784,118.418488
1780456784,120.825920
1780456784,118.425370
1780456784,120.944773
1780456784,118.419845
1780456784,118.486639
1780456784,120.939125
1780456784,107.121505
1780456784,117.179612
1780456784,153.943226
1780456784,117.318699
1780456784,152.517659
1780456784,117.593049
1780456784,152.566173
1780456784,153.179967
1780456784,151.715889
1780456784,123.530403
1780456784,126.440906
1780456784,151.927110
1780456784,124.989608
1780456784,123.760225
1780456784,125.027364
1780456784,122.842889
1780456784,121.484849
1780456784,122.732640
1780456784,148.758633
1780456784,120.206857
1780456784,120.435411
1780456784,123.969815
1780456784,118.768582
1780456784,118.302570
1780456784,118.844139
1780456784,118.878093
1780456784,123.046762
1780456784,152.501978
1780456784,120.322561
1780456784,134.814143
1780456784,120.432609
1780456784,124.053501
1780456784,120.431731
1780456784,121.870478
1780456784,118.812782
1780456784,109.376929
1780456784,120.482501
1780456784,134.490151
1780456784,118.773302
1780456784,120.648481
1780456784,134.021644
1780456784,116.571538
1780456784,134.253657
1780456784,119.383183
1780456784,120.726384
1780456784,119.542209
1780456784,118.042181
1780456784,134.479798
1780456784,121.004846
1780456784,143.206126
1780456784,118.238539
1780456784,119.655611
1780456784,117.686236
1780456784,133.163183
1780456784,121.353894
1780456784,133.321607
1780456784,119.854585
1780456784,120.087682
1780456784,133.470755
1780456784,120.195096
1780456784,118.156422
1780456784,132.126477
1780456784,120.567595
1780456784,119.021277
1780456784,132.284897
1780456784,122.410399
1780456784,122.525539
1780456784,132.470442
1780456784,119.436574
1780456784,119.433860
1780456784,132.467327
1780456784,119.593199
1780456784,132.385454
1780456784,118.889698
1780456784,117.557894
1780456784,133.069816
1780456784,132.495387
1780456784,119.432978
1780456784,116.763420
1780456784,133.136092
1780456784,133.264601
1780456784,119.414726
1780456784,122.202443
1780456784,130.539905
1780456784,117.170418
1780456784,130.513050
1780456784,118.502850
1780456784,122.425385
1780456784,121.154926
1780456784,116.900654
1780456784,120.594147
1780456784,118.984297
1780456784,120.840608
1780456784,119.114108
1780456784,119.444988
1780456784,118.624049
1780456784,121.423035
1780456784,121.414370
1780456784,122.084884
1780456784,132.779897
1780456784,120.839917
1780456784,122.779230
1780456784,117.426407
1780456784,123.036317
1780456784,123.572794
1780456784,116.957265
1780456784,130.401355
1780456784,131.758177
1780456784,121.184673
1780456784,131.707533
1780456784,120.911788
1780456784,132.255742
1780456784,121.042089
1780456784,102.750483
1780456784,132.579529
1780456784,131.658449
1780456784,130.813211
1780456784,118.295790
1780456784,129.500955
1780456784,130.517092
1780456784,120.858359
1780456784,125.746528
1780456784,131.287422
1780456784,122.728243
1780456784,119.448140
1780456784,120.161763
1780456784,124.773875
1780456784,122.445292
1780456784,130.135578
1780456784,122.485052
1780456784,130.139164
1780456784,120.859976
1780456784,132.048893
1780456784,120.771367
1780456784,120.844151
1780456784,120.811721
1780456784,130.450127
1780456784,120.121335
1780456784,117.557314
1780456784,130.487040
1780456784,132.191469
1780456784,119.731103
1780456784,129.641407
1780456784,127.563778
1780456784,121.101771
1780456784,127.612941
1780456784,121.601935
1780456784,126.096399
1780456784,122.353712
1780456784,123.984657
1780456784,133.697784
1780456784,133.633743
1780456784,124.165932
1780456784,133.750117
1780456784,124.190515
1780456784,121.129253
1780456784,122.531146
1780456784,132.401318
1780456784,122.630910
1780456784,124.123652
1780456784,124.272056
1780456784,124.389740
1780456784,122.294848
1780456784,124.544190
1780456784,123.394187
1780456784,123.747062
1780456784,133.382510
1780456784,123.844965
1780456784,124.669110
1780456784,123.944163
1780456784,133.281814
1780456784,106.451853
1780456784,104.826128
1780456784,104.884715
1780456784,102.662012
1780456784,104.871255
1780456784,104.855071
1780456784,104.256537
1780456784,104.246089
1780456784,104.232479
1780456784,104.415165
1780456784,104.866158
1780456784,105.686359
1780456784,105.903568
1780456784,105.699509
1780456784,106.500861
1780456784,107.994582
1780456784,108.002901
1780456784,108.100260
1780456784,108.197709
1780456784,107.827430
1780456784,107.222903
1780456784,105.984581
1780456784,105.913561
1780456784,105.982906
1780456784,106.055293
1780456784,106.033197
1780456784,110.054167
1780456784,109.943319
1780456784,109.951389
1780456784,107.276789
1780456784,107.500249
1780456784,107.605534
1780456784,112.580099
1780456784,112.683585
1780456784,112.651269
1780456784,112.727211
1780456784,109.492727
1780456784,109.751195
1780456784,109.980688
1780456784,110.050319
1780456784,109.417891
1780456784,110.184980
1780456784,110.300665
1780456784,110.702845
1780456784,110.657029
1780456784,111.058267
1780456784,115.032352
1780456784,115.374793
1780456784,115.180709
1780456784,115.778827
1780456784,115.892922
1780456784,115.255998
1780456784,115.533452
1780456784,115.669558
1780456784,118.692537
1780456784,118.797373
1780456784,119.040097
1780456784,118.894286
1780456784,118.954312
1780456784,119.042376
1780456784,119.059836
1780456784,118.989545
1780456784,119.311736
1780456784,119.276996
1780456784,119.253888
1780456784,119.207918
1780456784,119.437942
1780456784,119.240907
1780456784,119.175013
1780456784,120.081192
1780456784,108.852533
1780456784,108.837859
1780456784,108.938816
1780456784,108.994702
1780456784,108.731028
1780456784,108.947570
1780456784,108.900947
1780456784,108.914025
1780456784,110.513792
1780456784,110.309057
1780456784,110.511674
1780456784,112.552611
1780456784,112.553982
1780456784,112.583570
1780456784,112.660359
1780456784,112.864821
1780456784,112.067564
1780456784,111.443108
1780456784,111.665868
1780456784,111.652377
1780456784,111.470369
1780456784,111.611456
1780456784,111.607106
1780456784,111.950512
1780456784,111.810396
1780456784,111.674822
1780456784,112.932497
1780456784,113.018495
1780456784,113.092339
1780456784,113.436506
1780456784,113.665004
1780456784,113.906727
1780456784,111.735709
1780456784,111.783690
1780456784,121.257539
1780456784,121.991393
1780456784,122.044502
1780456784,122.039963
1780456784,122.156217
1780456784,122.187772
1780456784,120.749748
1780456784,121.063911
1780456784,120.766073
1780456784,120.887620
1780456784,121.064461
1780456784,121.068296
1780456784,112.621297
1780456784,112.694219
1780456784,112.841519
1780456784,132.181221
1780456784,120.772800
1780456784,127.473038
1780456784,132.262496
1780456784,132.328186
1780456784,112.594055
1780456784,127.594113
1780456784,132.427638
1780456784,118.368924
1780456784,118.384784
1780456784,118.512580
1780456784,127.178922
1780456784,127.190558
1780456784,121.687200
1780456784,127.218956
1780456784,119.571901
1780456784,127.294881
1780456784,121.404227
1780456784,106.720875
1780456784,122.033243
1780456784,104.383674
1780456784,104.470765
1780456784,103.487095
1780456784,104.628003
1780456784,112.813805
1780456784,109.672831
1780456784,111.949679
1780456784,111.947309
1780456784,110.505412
1780456784,114.027982
1780456784,115.734064
1780456784,109.915538
1780456784,111.302240
1780456784,115.830842
1780456784,147.937177
1780456784,147.892958
1780456784,143.736799
1780456784,115.299267
1780456784,119.791436
1780456784,117.699873
1780456784,126.606311
1780456784,118.087974
1780456784,125.931988
1780456784,122.076288
1780456784,120.520182
1780456784,123.020930
1780456784,123.648171
1780456784,140.476350
1780456784,118.191098
1780456784,120.649308
1780456784,145.662370
1780456784,129.412934
1780456784,129.469664
1780456784,139.047017
1780456784,120.071140
1780456784,109.269308
1780456784,126.437082
1780456784,129.543487
1780456784,120.233154
1780456784,120.252512
1780456784,120.447390
1780456784,126.593738
1780456784,120.408333
1780456784,126.647446
1780456784,120.557739
1780456784,120.365700
1780456784,125.437667
1780456784,131.388144
1780456784,124.329421
1780456784,130.270941
1780456784,124.459405
1780456784,124.652911
1780456784,125.733911
1780456784,125.596346
1780456784,116.257142
1780456784,114.443198
1780456784,124.598818
1780456784,116.643160
1780456784,124.985283
1780456784,125.882077
1780456784,125.853629
1780456784,125.980052
1780456784,138.904913
1780456784,126.102669
1780456784,124.724361
1780456784,137.086611
1780456784,139.056729
1780456784,126.138679
1780456784,126.229525
1780456784,140.990642
1780456784,118.583382
1780456784,109.438298
1780456784,107.737838
1780456784,119.700569
1780456784,122.769012
1780456784,120.954697
1780456784,110.100840
1780456784,120.138932
1780456784,122.252504
1780456784,123.616142
1780456784,124.212639
1780456784,115.205972
1780456784,115.032384
1780456784,116.371244
1780456784,116.454062
1780456784,107.861260
1780456784,105.449157
1780456784,105.763594
1780456784,105.826687
1780456784,105.826546
1780456784,104.468158
1780456784,116.525632
1780456784,115.399859
1780456784,146.794244
1780456784,132.682368
1780456784,133.629660
1780456784,127.683230
1780456784,133.936348
1780456784,127.933565
1780456784,134.501405
1780456784,134.809693
1780456784,130.583556
1780456784,132.016677
1780456784,134.297143
1780456784,133.282353
1780456784,133.114869
1780456784,130.824126
1780456784,134.109223
1780456784,143.359528
1780456784,134.448358
1780456784,143.425593
1780456784,149.487901
1780456784,144.449905
1780456784,156.494912
1780456784,145.110107
1780456784,145.045385
1780456784,143.856522
1780456784,143.871877
1780456784,143.779417
1780456784,146.560928
1780456784,107.165102
1780456784,108.616105
1780456784,118.784945
1780456784,119.794101
1780456784,118.814275
1780456784,110.106224
1780456784,119.954606
1780456784,112.186207
1780456784,122.569518
1780456784,122.735893
1780456784,114.070885
1780456784,114.077469
1780456784,124.105742
1780456784,114.262210
1780456784,114.148117
1780456784,111.763588
1780456784,125.738022
1780456784,129.422300
1780456784,130.266698
1780456784,114.345956
1780456784,130.296303
1780456784,114.379067
1780456784,130.387646
1780456784,130.516291
1780456784,114.577492
1780456784,130.616095
1780456784,130.701191
1780456784,129.344513
1780456784,130.756035
1780456784,117.255257
1780456784,131.673481
1780456784,119.728704
1780456784,131.732010
1780456784,117.346257
1780456784,134.079527
1780456784,132.478161
1780456784,117.410121
1780456784,119.876763
1780456784,132.196206
1780456784,123.722287
1780456784,132.293086
1780456784,133.341810
1780456784,132.329402
1780456784,124.985540
1780456784,125.095066
1780456784,134.443114
1780456784,125.238069
1780456784,125.181292
1780456784,135.393663
1780456784,144.989364
1780456784,131.164828
1780456784,131.635039
1780456784,131.697357
1780456784,123.834973
1780456784,136.646993
1780456784,125.307985
1780456784,121.603359
1780456784,125.491223
1780456784,135.897124
1780456784,133.742984
1780456784,137.018953
1780456784,135.289138
1780456784,134.803537
1780456784,136.128942
1780456784,127.072781
1780456784,123.930569
1780456784,123.962968
1780456784,134.965852
1780456784,135.640809
1780456784,133.268051
1780456784,136.409814
1780456784,137.291996
1780456784,137.369022
1780456784,138.830879
1780456784,138.907186
1780456784,138.598896
1780456784,135.052992
1780456784,126.187761
1780456784,126.286952
1780456784,110.157509
1780456784,115.855864
1780456784,115.927814
1780456784,122.811228
1780456784,123.667187
1780456784,123.764173
1780456784,116.052377
1780456784,117.679235
1780456784,117.933598
1780456784,127.733877
1780456784,117.992639
1780456784,117.951189
1780456784,120.781976
1780456784,123.883729
1780456784,129.210793
1780456784,133.099305
1780456784,129.173787
1780456784,113.454504
1780456784,126.831312
1780456784,127.989158
1780456784,115.622122
1780456784,112.292535
1780456784,118.677821
1780456784,112.407993
1780456784,123.856442
1780456784,126.190313
1780456784,123.471633
1780456784,127.018729
1780456784,127.091672
1780456784,116.901026
1780456784,114.905876
1780456784,118.582724
1780456784,138.355535
1780456784,117.088097
1780456784,118.506586
1780456784,117.361299
1780456784,113.613972
1780456784,115.037202
1780456784,120.294675
1780456784,132.681570
1780456784,133.926291
1780456784,120.188046
1780456784,117.997746
1780456784,129.161317
1780456784,115.018703
1780456784,131.422528
1780456784,118.509771
1780456784,118.854621
1780456784,121.418547
1780456784,121.398301
1780456784,127.806776
1780456784,116.153350
1780456784,116.239680
1780456784,128.123616
1780456784,117.925538
1780456784,111.240259
1780456784,111.563396
1780456784,111.491578
1780456784,111.749485
1780456784,118.698997
1780456784,121.713988
1780456784,116.434343
1780456784,119.157215
1780456784,121.940088
1780456784,116.613072
1780456784,121.103556
1780456784,117.553037
1780456784,114.683153
1780456784,117.989947
1780456784,117.785187
1780456784,121.386650
1780456784,111.455413
1780456784,111.624433
1780456784,119.581995
1780456784,119.880115
1780456784,121.275832
1780456784,113.149181
1780456784,120.067780
1780456784,119.574029
1780456784,120.074303
1780456784,114.800965
1780456784,114.541557
1780456784,114.571396
1780456784,110.610902
1780456784,111.001287
1780456784,118.374943
1780456784,113.338893
1780456784,120.304750
1780456784,118.577287
1780456784,118.714627
1780456784,118.318222
1780456784,117.383688
1780456784,110.256813
1780456784,124.380419
1780456784,121.922289
1780456784,122.081246
1780456784,122.187065
1780456784,119.971016
1780456784,121.552719
1780456784,117.700978
1780456784,117.803708
1780456784,117.916988
1780456784,117.736017
1780456784,118.948658
1780456784,120.621990
1780456784,118.719354
1780456784,121.804175
1780456784,126.258602
1780456784,116.969269
1780456784,115.462432
1780456784,116.884076
1780456784,117.095036
1780456784,116.895040
1780456784,123.861168
1780456784,124.122270
1780456784,123.982217
1780456784,124.561352
1780456784,124.592927
1780456784,124.775339
1780456784,113.434066
1780456784,115.738889
1780456784,126.132556
1780456784,134.782015
1780456784,135.882500
1780456784,120.342464
1780456784,125.072620
1780456784,122.815469
1780456784,136.645073
1780456784,125.246631
1780456784,125.541221
1780456784,137.194843
1780456784,123.907368
1780456784,119.440783
1780456784,125.496479
1780456784,121.008033
1780456784,136.176238
1780456784,120.937481
1780456784,140.368264
1780456784,138.491486
1780456784,141.062848
1780456784,141.352615
1780456784,138.764695
1780456784,127.996066
1780456784,128.244358
1780456784,121.919538
1780456784,127.368378
1780456784,139.555261
1780456784,137.294291
1780456784,126.527629
1780456784,140.177631
1780456784,137.137098
1780456784,120.303237
1780456784,144.689166
1780456784,121.437829
1780456784,121.495852
1780456784,125.269434
1780456784,125.528544
1780456784,135.089790
1780456784,125.547629
1780456784,125.673832
1780456784,125.728441
1780456784,145.007231
1780456784,136.574109
1780456784,136.496448
1780456784,136.612608
1780456784,136.798069
1780456784,120.625792
1780456784,136.858382
1780456784,136.929112
1780456784,141.894005
1780456784,140.930470
1780456784,127.409375
1780456784,133.668846
1780456784,122.364133
1780456784,117.972266
1780456784,118.156574
1780456784,124.816395
1780456784,119.861431
1780456784,142.116149
1780456784,133.661011
1780456784,131.867243
1780456784,131.018726
1780456784,126.531961
1780456784,132.234419
1780456784,143.485539
1780456784,132.678843
1780456784,143.256399
1780456784,131.730089
1780456784,143.093568
1780456784,132.125658
1780456784,127.233839
1780456784,142.507465
1780456784,137.667604
1780456784,126.935727
1780456784,139.837272
1780456784,139.921698
1780456784,121.500959
1780456784,140.483613
1780456784,124.259462
1780456784,125.969405
1780456784,143.516974
1780456784,131.327556
1780456784,144.888201
1780456784,145.659394
1780456784,133.842609
1780456784,124.259098
1780456784,121.797304
1780456784,124.243617
1780456784,124.890449
1780456784,141.086404
1780456784,144.875359
1780456784,129.507111
1780456784,131.980340
1780456784,133.438240
1780456784,129.739928
1780456784,132.531481
1780456784,128.967030
1780456784,130.673571
1780456784,139.553652
1780456784,128.332920
1780456784,138.692540
1780456784,137.716077
1780456784,128.579653
1780456784,131.336280
1780456784,130.502525
1780456784,130.724189
1780456784,130.823331
1780456784,129.625239
1780456784,129.581277
1780456784,129.572997
1780456784,129.649879
1780456784,131.713622
1780456784,128.707751
1780456784,127.826729
1780456784,130.755227
1780456784,130.770373
1780456784,126.884824
1780456784,178.024530
1780456784,173.130744
1780456784,179.028669
1780456784,126.994591
1780456784,179.039755
1780456784,131.463959
1780456784,177.076567
1780456784,177.762230
1780456784,177.112264
1780456784,166.756736
1780456784,180.541388
1780456784,136.873615
1780456784,178.071634
1780456784,170.720970
1780456784,180.796685
1780456784,164.702177
1780456784,174.670443
1780456784,165.822665
1780456784,174.814243
1780456784,174.861831
1780456784,174.498906
1780456784,174.834614
1780456784,166.838394
1780456784,167.201546
1780456784,162.727178
1780456784,165.155276
1780456784,176.104264
1780456784,167.391185
1780456784,176.184329
1780456784,179.145429
1780456784,168.859171
1780456784,170.261278
1780456784,180.310605
1780456784,177.891852
1780456784,132.771528
1780456784,129.864950
1780456784,158.727561
1780456784,160.025086
1780456784,127.419607
1780456784,163.145698
1780456784,132.435592
1780456784,165.713318
1780456784,132.784906
1780456784,131.502326
1780456784,137.004310
1780456784,169.593381
1780456784,138.294973
1780456784,170.882182
1780456784,139.966747
1780456784,171.045070
1780456784,131.786103
1780456784,131.712029
1780456784,163.696425
1780456784,163.731504
1780456784,163.699735
1780456784,132.068419
1780456784,166.356646
1780456784,175.036602
1780456784,147.325881
1780456784,132.211713
1780456784,156.272078
1780456784,154.134627
1780456784,154.154425
1780456784,156.620069
1780456784,155.373896
1780456784,155.487528
1780456784,158.097530
1780456784,159.348501
1780456784,155.238357
1780456784,156.683461
1780456784,169.324957
1780456784,155.731458
1780456784,164.666185
1780456784,134.301891
1780456784,134.562570
1780456784,148.300809
1780456784,170.648796
1780456784,170.729970
1780456784,158.664386
1780456784,158.307330
1780456784,158.394250
1780456784,158.538699
1780456784,158.680355
1780456784,158.761369
1780456784,157.330920
1780456784,157.413323
1780456784,160.673436
1780456784,134.896056
1780456784,148.538005
1780456784,148.751160
1780456784,155.314133
1780456784,131.033372
1780456784,147.265037
1780456784,147.392389
1780456784,148.683761
1780456784,156.449839
1780456784,149.090004
1780456784,156.563015
1780456784,157.699666
1780456784,157.812634
1780456784,156.796464
1780456784,151.212382
1780456784,151.424166
1780456784,146.136638
1780456784,143.565939
1780456784,147.940092
1780456784,130.296713
1780456784,151.471655
1780456784,151.552955
1780456784,151.782276
1780456784,151.905580
1780456784,133.017944
1780456784,133.104334
1780456784,148.149288
1780456784,148.354965
1780456784,154.752635
1780456784,148.330960
1780456784,155.225437
1780456784,148.533627
1780456784,155.054596
1780456784,149.887391
1780456784,155.122705
1780456784,151.973212
1780456784,150.374812
1780456784,135.881914
1780456784,149.941280
1780456784,125.356218
1780456784,130.359387
1780456784,152.692775
1780456784,152.754070
1780456784,153.983797
1780456784,154.060150
1780456784,132.342317
1780456784,132.568174
1780456784,155.697596
1780456784,132.744980
1780456784,136.583074
1780456784,130.630546
1780456784,131.326320
1780456784,130.924700
1780456784,144.895281
1780456784,132.801284
1780456784,129.444495
1780456784,132.911882
1780456784,158.265643
1780456784,148.859106
1780456784,158.528047
1780456784,158.339320
1780456784,159.736155
1780456784,149.236582
1780456784,134.502685
1780456784,135.774743
1780456784,137.087299
1780456784,151.555183
1780456784,151.656261
1780456784,152.985284
1780456784,153.357713
1780456784,133.529566
1780456784,153.539085
1780456784,153.329280
1780456784,161.497426
1780456784,153.632955
1780456784,153.542714
1780456784,153.369284
1780456784,153.959454
1780456784,144.343692
1780456784,155.398917
1780456784,150.316368
1780456784,149.793103
1780456784,156.819216
1780456784,133.875600
1780456784,150.029852
1780456784,150.079509
1780456784,136.573063
1780456784,150.516375
1780456784,127.050519
1780456784,152.084321
1780456784,127.158655
1780456784,152.747056
1780456784,127.554458
1780456784,123.810048
1780456784,154.743028
1780456784,130.957495
1780456784,157.780629
1780456784,160.177222
1780456784,131.354509
1780456784,154.991378
1780456784,134.761671
1780456784,133.720144
1780456784,134.821706
1780456784,136.321263
1780456784,130.837464
1780456784,150.839254
1780456784,149.601364
1780456784,150.810530
1780456784,129.688987
1780456784,135.693032
1780456784,132.339647
1780456784,130.254855
1780456784,136.069428
1780456784,133.307015
1780456784,130.501696
1780456784,130.824111
1780456784,136.690182
1780456784,157.904266
1780456784,158.191462
1780456784,158.021996
1780456784,156.468243
1780456784,154.588182
1780456784,157.778799
1780456784,158.559149
1780456784,158.726839
1780456784,131.364489
1780456784,156.608900
1780456784,156.562455
1780456784,131.445597
1780456784,132.957866
1780456784,140.022630
1780456784,136.840466
1780456784,133.062172
1780456784,132.052166
1780456784,139.570164
1780456784,131.046717
1780456784,131.038130
1780456784,136.570450
1780456784,130.957475
1780456784,140.150053
1780456784,132.711011
1780456784,133.332774
1780456784,133.401247
1780456784,138.482087
1780456784,133.436205
1780456784,131.742772
1780456784,133.542683
1780456784,133.480834
1780456784,131.791058
1780456784,133.543373
1780456784,137.629744
1780456784,132.012515
1780456784,131.545804
1780456784,134.287498
1780456784,132.740141
1780456784,131.762069
1780456784,134.463271
1780456784,134.530594
1780456784,132.731748
1780456784,133.315942
1780456784,134.465032
1780456784,140.504108
1780456784,133.543451
1780456784,155.380309
1780456784,155.500155
1780456784,131.883689
1780456784,131.648160
1780456784,132.081094
1780456784,131.962091
1780456784,153.682406
1780456784,140.549323
1780456784,139.418879
1780456784,153.875241
1780456784,132.239411
1780456784,154.128363
1780456784,132.320076
1780456784,154.487118
1780456784,141.584391
1780456784,154.718194
1780456784,135.744533
1780456784,135.775614
1780456784,135.775220
1780456784,151.675739
1780456784,152.957184
1780456784,132.506359
1780456784,132.450035
1780456784,141.498591
1780456784,150.773973
1780456784,161.409290
1780456784,132.814685
1780456784,149.366427
1780456784,136.624812
1780456784,137.332041
1780456784,133.201873
1780456784,131.703345
1780456784,137.282233
1780456784,141.814816
1780456784,142.024928
1780456784,159.691855
1780456784,159.837849
1780456784,133.929674
1780456784,149.366194
1780456784,157.768144
1780456784,138.019639
1780456784,138.366497
1780456784,133.294006
1780456784,132.161311
1780456784,147.650776
1780456784,144.128347
1780456784,139.232375
1780456784,131.211052
1780456784,139.363863
1780456784,150.626050
1780456784,133.029377
1780456784,135.802960
1780456784,137.792174
1780456784,137.064069
1780456784,137.646777
1780456784,152.597076
1780456784,140.117367
1780456784,140.405056
1780456784,132.233685
1780456784,140.530859
1780456784,140.664671
1780456784,132.080214
1780456784,145.944666
1780456784,133.400267
1780456784,131.644869
1780456784,132.856157
1780456784,148.670943
1780456784,154.136429
1780456784,154.202652
1780456784,144.604932
1780456784,139.822125
1780456784,157.326412
1780456784,129.458628
1780456784,132.110829
1780456784,137.878526
1780456784,132.037367
1780456784,144.967427
1780456784,154.652496
1780456784,145.045182
1780456784,156.461706
1780456784,129.689975
1780456784,145.256490
1780456784,147.421700
1780456784,134.180091
1780456784,156.632204
1780456784,138.784757
1780456784,137.037814
1780456784,134.600206
1780456784,144.195393
1780456784,139.014932
1780456784,138.964642
1780456784,139.201159
1780456784,144.504134
1780456784,139.192537
1780456784,148.262272
1780456784,134.911780
1780456784,156.356561
1780456784,133.988159
1780456784,145.182634
1780456784,134.253529
1780456784,143.900610
1780456784,145.927966
1780456784,142.608870
1780456784,149.574780
1780456784,135.151657
1780456784,146.651358
1780456784,148.920822
1780456784,145.026322
1780456784,135.749150
1780456784,149.859037
1780456784,135.739657
1780456784,148.920164
1780456784,134.986938
1780456784,150.656381
1780456784,139.991676
1780456784,135.074417
1780456784,141.023487
1780456784,137.022083
1780456784,140.254230
1780456784,139.152638
1780456784,136.182825
1780456784,137.850430
1780456784,136.441474
1780456784,136.634761
1780456784,136.825041
1780456784,141.216207
1780456784,141.419848
1780456784,153.088297
1780456784,137.766429
1780456784,142.006301
1780456784,142.822879
1780456784,155.548582
1780456784,155.656283
1780456784,155.957834
1780456784,141.709452
1780456784,150.935785
1780456784,148.009219
1780456784,143.385791
1780456784,148.127981
1780456784,149.303609
1780456784,143.674802
1780456784,139.588349
1780456784,147.936966
1780456784,147.183089
1780456784,142.445828
1780456784,139.861998
1780456784,142.697663
1780456784,138.957396
1780456784,146.255861
1780456784,142.964492
1780456784,146.283208
1780456784,157.799478
1780456784,146.752973
1780456784,142.844207
1780456784,164.641450
1780456784,164.899881
1780456784,164.122396
1780456784,160.453714
1780456784,140.207064
1780456784,149.411783
1780456784,164.483670
1780456784,140.156881
1780456784,164.647087
1780456784,158.271972
1780456784,160.324757
1780456784,139.664626
1780456784,150.682615
1780456784,139.666497
1780456784,138.310869
1780456784,138.485558
1780456784,138.035229
1780456784,137.015711
1780456784,145.354346
1780456784,163.586478
1780456784,145.600203
1780456784,145.636008
1780456784,147.944293
1780456784,144.098365
1780456784,155.756887
1780456784,149.840946
1780456784,144.571960
1780456784,150.470822
1780456784,143.901566
1780456784,150.729251
1780456784,156.290537
1780456784,155.193164
1780456784,143.018354
1780456784,152.780167
1780456784,152.935886
1780456784,150.038282
1780456784,133.013521
1780456784,162.900571
1780456784,152.177289
1780456784,152.217053
1780456784,162.050699
1780456784,152.515114
1780456784,164.234125
1780456784,162.639731
1780456784,150.508311
1780456784,153.119962
1780456784,162.112729
1780456784,150.585184
1780456784,140.658753
1780456784,164.527354
1780456784,140.877026
1780456784,163.818882
1780456784,157.967349
1780456784,158.269791
1780456784,148.206885
1780456784,153.686468
1780456784,148.440654
1780456784,148.734836
1780456784,150.136538
1780456784,155.691342
1780456784,156.143738
1780456784,156.286994
1780456784,176.682669
1780456784,148.740353
1780456784,140.343187
1780456784,150.218110
1780456784,165.987163
1780456784,168.182287
1780456784,152.964629
1780456784,168.760780
1780456784,151.951039
1780456784,150.467496
1780456784,140.748675
1780456784,169.639403
1780456784,145.569203
1780456784,169.874550
1780456784,146.884770
1780456784,169.879513
1780456784,140.844950
1780456784,141.063697
1780456784,148.479767
1780456784,172.163505
1780456784,172.118592
1780456784,145.782188
1780456784,146.042001
1780456784,148.702322
1780456784,147.308498
1780456784,148.867253
1780456784,162.658285
1780456784,156.719992
1780456784,149.658536
1780456784,149.811370
1780456784,136.577029
1780456784,166.665690
1780456784,134.429961
1780456784,166.717063
1780456784,139.463503
1780456784,151.670861
1780456784,161.439457
1780456784,154.107667
1780456784,150.445465
1780456784,141.852347
1780456784,150.277210
1780456784,154.955081
1780456784,137.738483
1780456784,156.474671
1780456784,154.101650
1780456784,158.022964
1780456784,139.174051
1780456784,136.615340
1780456784,155.101489
1780456784,134.521800
1780456784,158.735339
1780456784,167.741272
1780456784,167.918576
1780456784,154.450576
1780456784,151.602645
1780456784,154.793866
1780456784,133.838994
1780456784,153.577543
1780456784,133.904831
1780456784,139.488610
1780456784,139.631398
1780456784,133.214124
1780456784,133.287636
1780456784,134.418386
1780456784,137.559369
1780456784,135.091503
1780456784,148.575179
1780456784,148.819397
1780456784,151.945848
1780456784,149.345281
1780456784,134.792903
1780456784,134.552762
1780456784,133.775274
1780456784,134.748611
1780456784,134.843810
1780456784,136.801211
1780456784,134.943179
1780456784,152.831165
1780456784,155.161960
1780456784,153.031190
1780456784,159.504752
1780456784,152.059729
1780456784,154.901979
1780456784,159.031905
1780456784,152.016233
1780456784,148.878489
1780456784,159.064336
1780456784,159.081071
1780456784,146.575681
1780456784,158.125319
1780456784,151.005213
1780456784,171.793283
1780456784,146.846205
1780456784,172.383486
1780456784,130.996651
1780456784,171.863121
1780456784,157.272974
1780456784,172.935073
1780456784,158.038786
1780456784,157.819505
1780456784,159.978505
1780456784,172.016849
1780456784,174.063594
1780456784,159.728212
1780456784,175.011122
1780456784,161.141708
1780456784,161.196375
1780456784,175.449412
1780456784,157.517161
1780456784,159.011196
1780456784,157.656272
1780456784,159.113346
1780456784,159.967372
1780456784,161.276911
1780456784,176.561612
1780456784,172.928663
1780456784,158.934148
1780456784,160.437462
1780456784,129.963236
1780456784,177.655689
1780456784,140.908184
1780456784,175.014164
1780456784,160.049062
1780456784,131.751332
1780456784,132.018585
1780456784,132.159125
1780456784,175.845940
1780456784,132.411449
1780456784,132.647276
1780456784,132.962634
1780456784,133.204108
1780456784,175.628499
1780456784,133.410631
1780456784,133.725959
1780456784,132.824881
1780456784,169.054254
1780456784,184.593140
1780456784,162.218547
1780456784,166.968845
1780456784,168.073083
1780456784,163.622485
1780456784,168.665975
1780456784,153.238838
1780456784,196.122509
1780456784,154.772103
1780456784,196.403819
1780456784,165.249022
1780456784,170.904560
1780456784,172.417135
1780456784,188.907422
1780456784,190.631812
1780456784,189.501771
1780456784,191.536899
1780456784,195.438539
1780456784,192.649429
1780456784,187.335103
1780456784,187.288068
1780456784,188.937279
1780456784,190.763349
1780456784,192.123569
1780456784,145.276839
1780456784,184.872550
1780456784,186.230926
1780456784,186.469156
1780456784,187.369529
1780456784,187.495293
1780456784,145.347193
1780456784,169.522737
1780456784,168.523670
1780456784,168.749641
1780456784,190.649654
1780456784,187.282150
1780456784,170.712873
1780456784,187.896886
1780456784,170.910124
1780456784,171.148770
1780456784,188.953100
1780456784,179.421766
1780456784,179.479276
1780456784,178.982159
1780456784,178.959494
1780456784,172.819079
1780456784,179.615232
1780456784,172.796097
1780456784,193.786829
1780456784,180.229151
1780456784,181.810292
1780456784,188.151199
1780456784,189.390487
1780456784,189.713209
1780456784,174.180828
1780456784,175.804793
1780456784,191.582245
1780456784,189.886088
1780456784,191.902170
1780456784,138.943002
1780456784,194.277809
1780456784,178.731363
1780456784,143.908678
1780456784,179.240117
1780456784,180.758955
1780456784,180.734532
1780456784,180.860763
1780456784,180.861039
1780456784,155.289573
1780456784,195.661231
1780456784,194.667933
1780456784,201.036534
1780456784,177.871528
1780456784,198.634826
1780456784,197.875417
1780456784,197.939691
1780456784,157.023469
1780456784,197.993094
1780456784,196.723638
1780456784,198.025544
1780456784,157.177975
1780456784,185.678885
1780456784,204.742979
1780456784,197.036584
1780456784,185.544867
1780456784,178.920219
1780456784,204.095535
1780456784,149.108000
1780456784,149.175095
1780456784,202.542830
1780456784,148.025531
1780456784,182.002879
1780456784,183.419979
1780456784,179.912499
1780456784,145.244666
1780456784,145.489065
1780456784,143.808314
1780456784,180.908385
1780456784,143.962185
1780456784,142.352251
1780456784,186.622720
1780456784,179.166313
1780456784,180.827996
1780456784,178.558805
1780456784,181.400886
1780456784,181.542118
1780456784,177.000300
1780456784,177.171726
1780456784,177.598093
1780456784,144.317235
1780456784,188.716081
1780456784,180.551601
1780456784,180.917091
1780456784,181.533698
1780456784,184.167579
1780456784,182.244952
1780456784,182.553108
1780456784,183.931098
1780456784,183.762337
1780456784,199.629468
1780456784,133.563884
1780456784,141.330638
1780456784,141.217053
1780456784,141.384408
1780456784,206.651813
1780456784,206.882597
1780456784,170.435517
1780456784,206.773601
1780456784,206.949997
1780456784,213.523278
1780456784,184.941822
1780456784,184.899862
1780456784,186.185194
1780456784,213.926431
1780456784,215.379802
1780456784,216.210009
1780456784,161.826787
1780456784,217.895590
1780456784,213.785437
1780456784,162.053050
1780456784,168.355937
1780456784,218.403410
1780456784,215.727079
1780456784,192.447258
1780456784,216.861576
1780456784,218.236935
1780456784,218.530820
1780456784,220.212626
1780456784,222.806001
1780456784,222.949862
1780456784,168.790832
1780456784,224.242745
1780456784,220.095438
1780456784,156.496843
1780456784,156.292013
1780456784,153.520912
1780456784,156.462188
1780456784,195.110140
1780456784,136.656432
1780456784,143.853632
1780456784,142.289247
1780456784,142.233634
1780456784,143.934401
1780456784,137.167187
1780456784,211.399761
1780456784,176.812085
1780456784,188.771978
1780456784,185.061828
1780456784,188.967819
1780456784,204.197456
1780456784,205.497287
1780456784,208.136717
1780456784,211.826560
1780456784,133.662585
1780456784,197.786361
1780456784,199.086250
1780456784,199.237311
1780456784,199.207790
1780456784,200.537125
1780456784,201.156340
1780456784,200.818600
1780456784,200.803350
1780456784,201.043670
1780456784,195.536524
1780456784,196.923181
1780456784,196.915279
1780456784,198.432350
1780456784,198.549182
1780456784,199.399733
1780456784,201.520523
1780456784,199.727620
1780456784,202.941000
1780456784,204.144982
1780456784,199.936412
1780456784,201.285174
1780456784,202.998980
1780456784,201.765343
1780456784,201.639162
1780456784,203.059292
1780456784,203.095617
1780456784,202.026281
1780456784,203.355714
1780456784,205.477487
1780456784,206.958989
1780456784,205.606213
1780456784,208.336909
1780456784,209.504094
1780456784,173.500523
1780456784,174.761256
1780456784,174.865782
1780456784,197.788588
1780456784,197.994577
1780456784,197.972255
1780456784,207.277035
1780456784,208.561247
1780456784,208.649235
1780456784,210.667244
1780456784,210.580455
1780456784,218.270234
1780456784,219.733076
1780456784,220.720741
1780456784,142.908728
1780456784,133.498161
1780456784,119.003500
1780456784,205.518871
1780456784,209.399865
1780456784,213.087168
1780456784,187.419023
1780456784,220.774086
1780456784,206.996150
1780456784,207.094369
1780456784,188.805380
1780456784,188.999020
1780456784,192.789454
1780456784,191.594142
1780456784,193.015227
1780456784,193.007809
1780456784,129.026030
1780456784,218.639926
1780456784,129.600514
1780456784,129.548886
1780456784,134.075701
1780456784,129.865094
1780456784,134.188973
1780456784,187.659208
1780456784,188.152738
1780456784,221.729079
1780456784,221.847446
1780456784,234.530692
1780456784,231.667023
1780456784,140.553526
1780456784,234.642940
1780456784,220.750929
1780456784,236.424445
1780456784,236.587661
1780456784,236.593357
1780456784,236.840084
1780456784,223.584014
1780456784,225.235964
1780456784,225.270124
1780456784,225.323509
1780456784,230.264791
1780456784,221.911535
1780456784,222.036553
1780456784,222.232687
1780456784,222.397875
1780456784,222.469180
1780456784,225.445672
1780456784,225.520211
1780456784,213.778286
1780456784,225.562014
1780456784,218.537663
1780456784,229.445827
1780456784,141.534138
1780456784,141.632251
1780456784,230.654606
1780456784,230.616573
1780456784,221.412786
1780456784,221.578014
1780456784,220.239294
1780456784,229.561499
1780456784,190.602041
1780456784,132.655272
1780456784,132.767617
1780456784,233.091150
1780456784,190.781508
1780456784,223.513491
1780456784,216.339151
1780456784,222.216106
1780456784,219.879840
1780456784,212.607280
1780456784,200.777614
1780456784,223.522801
1780456784,199.251583
1780456784,200.739859
1780456784,216.466806
1780456784,200.844958
1780456784,204.583448
1780456784,212.731820
1780456784,216.516282
1780456784,212.800244
1780456784,216.674437
1780456784,199.531917
1780456784,212.913027
1780456784,216.734096
1780456784,216.780055
1780456784,216.709758
1780456784,216.853657
1780456784,220.322352
1780456784,216.842758
1780456784,199.283825
1780456784,130.339963
1780456784,130.486895
1780456784,130.709493
1780456784,127.845807
1780456784,235.561573
1780456784,234.330835
1780456784,234.307541
1780456784,126.308723
1780456784,125.903109
1780456784,126.046714
1780456784,126.381611
1780456784,126.202890
1780456784,126.270903
1780456784,126.367996
1780456784,126.283139
1780456784,215.292919
1780456784,224.992528
1780456784,226.337121
1780456784,226.818710
1780456784,125.981033
1780456784,126.061877
1780456784,126.140774
1780456784,126.643270
1780456784,126.390484
1780456784,126.038794
1780456784,225.101526
1780456784,225.098002
1780456784,218.836192
1780456784,137.993558
1780456784,218.758329
1780456784,137.966746
1780456784,183.152911
1780456784,131.247009
1780456784,131.514530
1780456784,120.347079
1780456784,131.457490
1780456784,120.346990
1780456784,131.799185
1780456784,131.914724
1780456784,120.509830
1780456784,120.630980
1780456784,183.507960
1780456784,120.748767
1780456784,131.938653
1780456784,132.226244
1780456784,129.170713
1780456784,132.176960
1780456784,131.379837
1780456784,132.495029
1780456784,183.414942
1780456784,132.568835
1780456784,120.980978
1780456784,131.518531
1780456784,132.657256
1780456784,183.554879
1780456784,118.950616
1780456784,183.709101
1780456784,119.212321
1780456784,119.119442
1780456784,119.317050
1780456784,214.973221
1780456784,119.198571
1780456784,205.863135
1780456784,114.882028
1780456784,205.807722
1780456784,114.969474
1780456784,203.791789
1780456784,205.601991
1780456784,253.656574
1780456784,250.138184
1780456784,251.409287
1780456784,250.298652
1780456784,252.657220
1780456784,270.682485
1780456784,255.005465
1780456784,276.975362
1780456784,270.872358
1780456784,245.609010
1780456784,247.451617
1780456784,272.889574
1780456784,247.661959
1780456784,274.273356
1780456784,250.654694
1780456784,250.748932
1780456784,250.856882
1780456784,269.848874
1780456784,217.640202
1780456784,239.122522
1780456784,269.805902
1780456784,275.903719
1780456784,270.070701
1780456784,269.948617
1780456784,218.163033
1780456784,276.166916
1780456784,273.289183
1780456784,119.653643
1780456784,120.100305
1780456784,120.455297
1780456784,119.639711
1780456784,119.714667
1780456784,119.986334
1780456784,119.942448
1780456784,120.406037
1780456784,118.585880
1780456784,120.493002
1780456784,118.754576
1780456784,193.430935
1780456784,121.067303
1780456784,193.552625
1780456784,121.023491
1780456784,193.696850
1780456784,121.229622
1780456784,118.780833
1780456784,121.382906
1780456784,118.859978
1780456784,121.512984
1780456784,118.970683
1780456784,121.680130
1780456784,119.821021
1780456784,121.805606
1780456784,119.701429
1780456784,122.063302
1780456784,119.783106
1780456784,194.194678
1780456784,119.995924
1780456784,120.115878
1780456784,193.921954
1780456784,155.018349
1780456784,157.679525
1780456784,155.223644
1780456784,155.263812
1780456784,157.986863
1780456784,155.140478
1780456784,223.522497
1780456784,171.667848
1780456784,223.835601
1780456784,174.570390
1780456784,220.825120
1780456784,202.286962
1780456784,202.348559
1780456784,202.434114
1780456784,200.139287
1780456784,200.298313
1780456784,202.558351
1780456784,202.705123
1780456784,272.428886
1780456784,273.616529
1780456784,200.651476
1780456784,273.785453
1780456784,200.738387
1780456784,273.831267
1780456784,200.851612
1780456784,273.925050
1780456784,202.558462
1780456784,202.640185
1780456784,274.050402
1780456784,170.952156
1780456784,203.043803
1780456784,220.757428
1780456784,169.121820
1780456784,250.930591
1780456784,263.296927
1780456784,253.910318
1780456784,262.736928
1780456784,251.065566
1780456784,250.979189
1780456784,260.441733
1780456784,220.921021
1780456784,254.186797
1780456784,242.075552
1780456784,255.438183
1780456784,221.949246
1780456784,261.438780
1780456784,261.729746
1780456784,146.938514
1780456784,247.411705
1780456784,261.689081
1780456784,251.207856
1780456784,146.722474
1780456784,261.698719
1780456784,147.184139
1780456784,251.314527
1780456784,147.400782
1780456784,261.908813
1780456784,147.314457
1780456784,263.209188
1780456784,263.734028
1780456784,263.901415
1780456784,263.588116
1780456784,256.999497
1780456784,263.710246
1780456784,258.220923
1780456784,263.946424
1780456784,204.283516
1780456784,268.773784
1780456784,204.356344
1780456784,268.766133
1780456784,204.477006
1780456784,270.194065
1780456784,259.700012
1780456784,270.177442
1780456784,219.724246
1780456784,131.718640
1780456784,219.636356
1780456784,270.424800
1780456784,219.708819
1780456784,270.459901
1780456784,219.782721
1780456784,271.600240
1780456784,219.895257
1780456784,272.431328
1780456784,259.737851
1780456784,273.838669
1780456784,220.037411
1780456784,147.462871
1780456784,220.045332
1780456784,147.878865
1780456784,220.156352
1780456784,185.050007
1780456784,221.149283
1780456784,147.809031
1780456784,222.119423
1780456784,185.326422
1780456784,222.065276
1780456784,185.390215
1780456784,200.662968
1780456784,132.523357
1780456784,132.459399
1780456784,132.260875
1780456784,130.906615
1780456784,131.009949
1780456784,132.512133
1780456784,130.899014
1780456784,130.705345
1780456784,195.399196
1780456784,192.445578
1780456784,192.037828
1780456784,129.186035
1780456784,114.194671
1780456784,132.127136
1780456784,114.572132
1780456784,122.600306
1780456784,114.608550
1780456784,122.637959
1780456784,117.784769
1780456784,117.778745
1780456784,117.516518
1780456784,117.662425
1780456784,148.519283
1780456784,117.833026
1780456784,117.534696
1780456784,148.760467
1780456784,149.484673
1780456784,125.819357
1780456784,125.706491
1780456784,157.082144
1780456784,148.553456
1780456784,131.194077
1780456784,125.930867
1780456784,125.888445
1780456784,149.411822
1780456784,131.285685
1780456784,131.660362
1780456784,129.455583
1780456784,127.240730
1780456784,132.562424
1780456784,132.994504
1780456784,133.615712
1780456784,132.951150
1780456784,134.423482
1780456784,132.752956
1780456784,266.068431
1780456784,267.235581
1780456784,259.997849
1780456784,132.792240
1780456784,261.688370
1780456784,261.701799
1780456784,260.193110
1780456784,260.162117
1780456784,214.351624
1780456784,210.606649
1780456784,157.309292
1780456784,258.934004
1780456784,157.307302
1780456784,133.672279
1780456784,157.531694
1780456784,158.051479
1780456784,195.223783
1780456784,158.113342
1780456784,157.514510
1780456784,195.190609
1780456784,157.690772
1780456784,195.413484
1780456784,195.361766
1780456784,195.488622
1780456784,133.294179
1780456784,133.866577
1780456784,131.101917
1780456784,131.041745
1780456784,122.148797
1780456784,112.852636
1780456784,130.351587
1780456784,111.091036
1780456784,122.347402
1780456784,122.447654
1780456784,111.185470
1780456784,122.324759
1780456784,130.751219
1780456784,134.951187
1780456784,132.704915
1780456784,129.529761
1780456784,114.731658
1780456784,138.901934
1780456784,114.813448
1780456784,122.721877
1780456784,142.223694
1780456784,116.037489
1780456784,160.316703
1780456784,160.368820
1780456784,160.511575
1780456784,159.950778
1780456784,159.847964
1780456784,160.283010
1780456784,142.928406
1780456784,143.035521
1780456784,143.718224
1780456784,143.673615
1780456784,143.693712
1780456784,143.823366
1780456784,143.975975
1780456784,144.156451
1780456784,144.086000
1780456784,143.876054
1780456784,142.896402
1780456784,143.936617
1780456784,141.855960
1780456784,141.892104
1780456784,140.438057
1780456784,142.104731
1780456784,142.181559
1780456784,142.264726
1780456784,142.364095
1780456784,142.480893
1780456784,134.551394
1780456784,142.638119
1780456784,143.222520
1780456784,143.058443
1780456784,135.069152
1780456784,143.000410
1780456784,144.208540
1780456784,135.349803
1780456784,143.251993
1780456784,144.620057
1780456784,144.341232
1780456784,143.454165
1780456784,143.989129
1780456784,143.565472
1780456784,136.245228
1780456784,136.488632
1780456784,143.647080
1780456784,136.431501
1780456784,142.129762
1780456784,144.303518
1780456784,142.217192
1780456784,144.577981
1780456784,136.648028
1780456784,133.868524
1780456784,144.515071
1780456784,142.374088
1780456784,134.277725
1780456784,136.927776
1780456784,142.779118
1780456784,137.034080
1780456784,137.094860
1780456784,142.710304
1780456784,137.056815
1780456784,137.182111
1780456784,137.141371
1780456784,130.374311
1780456784,148.068999
1780456784,148.123329
1780456784,130.810734
1780456784,128.040771
1780456784,130.861769
1780456784,148.297838
1780456784,148.441227
1780456784,148.352903
1780456784,148.413234
1780456784,148.416705
1780456784,125.446790
1780456784,148.515766
1780456784,148.548311
1780456784,148.631226
1780456784,148.660947
1780456784,148.860270
1780456784,148.734448
1780456784,148.666561
1780456784,148.856419
1780456784,127.122230
1780456784,148.793477
1780456784,141.979674
1780456784,127.282687
1780456784,126.435460
1780456784,127.305816
1780456784,149.113229
1780456784,142.133511
1780456784,127.435117
1780456784,142.450537
1780456784,142.368627
1780456784,149.541861
1780456784,142.552354
1780456784,142.107169
1780456784,142.368826
1780456784,127.781979
1780456784,142.526599
1780456784,124.987741
1780456784,121.670746
1780456784,142.651714
1780456784,142.562345
1780456784,142.977246
1780456784,122.003208
1780456784,122.025971
1780456784,139.305816
1780456784,135.327046
1780456784,121.835429
1780456784,128.616468
1780456784,120.987776
1780456784,121.178921
1780456784,128.703449
1780456784,128.733891
1780456784,119.749144
1780456784,121.541633
1780456784,128.839951
1780456784,122.913839
1780456784,121.588224
1780456784,121.605128
1780456784,121.931787
1780456784,119.296889
1780456784,118.145981
1780456784,118.310729
1780456784,119.188650
1780456784,113.184848
1780456784,123.262898
1780456784,123.379351
1780456784,123.766582
1780456784,123.587626
1780456784,123.773541
1780456784,123.711126
1780456784,123.255592
1780456784,123.779790
1780456784,123.472409
1780456784,120.618486
1780456784,120.597635
1780456784,119.881409
1780456784,119.982950
1780456784,120.532376
1780456784,127.915455
1780456784,127.347125
1780456784,127.769964
1780456784,127.706511
1780456784,127.591479
1780456784,142.260300
1780456784,127.563683
1780456784,127.868500
1780456784,117.451559
1780456784,143.160735
1780456784,129.728743
1780456784,143.397942
1780456784,117.695498
1780456784,129.591476
1780456784,125.569791
1780456784,130.850075
1780456784,117.421565
1780456784,117.074213
1780456784,109.805786
1780456784,114.933421
1780456784,115.421593
1780456784,119.859716
1780456784,120.100402
1780456784,115.511089
1780456784,120.149990
1780456784,120.238354
1780456784,118.503383
1780456784,120.442482
1780456784,109.713789
1780456784,109.601383
1780456784,108.622632
1780456784,147.898534
1780456784,134.093804
1780456784,147.572920
1780456784,148.149367
1780456784,109.607034
1780456784,109.975816
1780456784,143.532437
1780456784,122.828364
1780456784,120.536631
1780456784,123.130719
1780456784,120.510723
1780456784,110.024247
1780456784,110.374703
1780456784,110.552040
1780456784,139.802267
1780456784,142.221801
1780456784,143.746165
1780456784,121.672954
1780456784,139.321459
1780456784,137.144840
1780456784,141.512696
1780456784,137.379521
1780456784,138.226350
1780456784,137.551912
1780456784,121.796762
1780456784,127.325190
1780456784,135.656137
1780456784,136.095868
1780456784,136.300855
1780456784,129.068918
1780456784,136.101007
1780456784,127.962691
1780456784,128.474477
1780456784,128.328236
1780456784,120.463652
1780456784,125.401725
1780456784,129.207846
1780456784,128.338855
1780456784,130.438642
1780456784,129.464155
1780456784,128.631122
1780456784,129.558785
1780456784,130.725239
1780456784,119.521394
1780456784,130.679239
1780456784,126.308701
1780456784,119.766385
1780456784,121.462437
1780456784,121.424437
1780456784,129.501172
1780456784,126.000934
1780456784,129.765236
1780456784,129.699634
1780456784,120.894662
1780456784,121.014147
1780456784,121.027400
1780456784,119.593292
1780456784,114.785608
1780456784,132.315596
1780456784,158.622376
1780456784,119.840321
1780456784,158.425472
1780456784,156.605716
1780456784,155.597107
1780456784,153.660791
1780456784,129.203321
1780456784,142.536411
1780456784,142.966625
1780456784,128.458765
1780456784,133.113457
1780456784,136.130947
1780456784,133.288282
1780456784,115.924813
1780456784,136.189856
1780456784,136.407759
1780456784,124.199111
1780456784,132.609167
1780456784,135.421485
1780456784,135.350649
1780456784,131.359038
1780456784,128.905507
1780456784,132.540128
1780456784,132.136843
1780456784,128.722231
1780456784,114.665660
1780456784,126.159438
1780456784,125.907370
1780456784,132.469374
1780456784,115.164084
1780456784,126.154874
1780456784,132.524502
1780456784,132.538091
1780456784,126.418542
1780456784,126.470057
1780456784,132.769511
1780456784,125.740699
1780456784,133.122927
1780456784,124.615699
1780456784,115.087643
1780456784,115.305659
1780456784,151.200358
1780456784,138.444899
1780456784,149.758003
1780456784,134.373161
1780456784,146.871407
1780456784,149.656550
1780456784,146.008985
1780456784,123.779227
1780456784,123.995776
1780456784,145.269804
1780456784,139.315334
1780456784,136.817901
1780456784,146.031866
1780456784,125.001993
1780456784,146.082149
1780456784,144.693132
1780456784,144.604638
1780456784,146.075710
1780456784,157.583152
1780456784,131.809041
1780456784,145.908849
1780456784,143.481885
1780456784,146.484088
1780456784,143.511231
1780456784,143.489662
1780456784,141.649398
1780456784,143.523472
1780456784,126.476302
1780456784,144.586151
1780456784,139.960171
1780456784,143.886434
1780456784,142.677172
1780456784,153.651494
1780456784,143.587425
1780456784,141.928294
1780456784,172.829320
1780456784,144.362265
1780456784,174.244632
1780456784,142.797424
1780456784,145.509011
1780456784,144.066809
1780456784,142.754787
1780456784,147.178488
1780456784,145.741625
1780456784,144.027449
1780456784,144.024051
1780456784,142.780366
1780456784,147.888034
1780456784,138.122839
1780456784,144.218241
1780456784,138.166844
1780456784,143.180432
1780456784,137.848956
1780456784,146.398024
1780456784,138.489208
1780456784,137.938792
1780456784,138.017854
1780456784,137.893268
1780456784,127.199333
1780456784,138.052536
1780456784,148.807237
1780456784,144.609703
1780456784,126.219238
1780456784,144.870594
1780456784,125.893108
1780456784,123.111395
1780456784,123.154044
1780456784,143.648547
1780456784,132.492863
1780456784,132.371513
1780456784,143.906374
1780456784,132.087853
1780456784,132.561154
1780456784,132.347899
1780456784,133.757078
1780456784,110.498239
1780456784,110.484949
1780456784,131.176374
1780456784,110.673650
1780456784,130.574538
1780456784,150.282497
1780456784,111.192275
1780456784,111.300237
1780456784,138.583648
1780456784,134.704979
1780456784,111.229145
1780456784,149.034620
1780456784,134.755011
1780456784,138.554060
1780456784,129.447579
1780456784,134.782027
1780456784,172.384399
1780456784,110.460770
1780456784,125.921700
1780456784,110.699069
1780456784,148.975170
1780456784,124.662776
1780456784,110.574659
1780456784,152.216969
1780456784,123.480497
1780456784,129.572364
1780456784,147.892580
1780456784,134.513241
1780456784,110.659290
1780456784,136.238847
1780456784,136.316211
1780456784,109.557438
1780456784,135.394626
1780456784,108.634153
1780456784,158.749777
1780456784,108.731090
1780456784,123.174029
1780456784,109.922546
1780456784,136.773466
1780456784,136.768775
1780456784,110.003103
1780456784,120.696164
1780456784,107.981318
1780456784,110.185920
1780456784,109.070071
1780456784,132.234107
1780456784,110.286999
1780456784,157.552038
1780456784,110.324848
1780456784,149.627083
1780456784,150.196128
1780456784,110.677395
1780456784,157.679585
1780456784,150.501717
1780456784,148.459413
1780456784,153.762903
1780456784,154.229678
1780456784,155.870285
1780456784,150.475119
1780456784,153.810977
1780456784,154.752132
1780456784,150.552204
1780456784,150.142642
1780456784,150.747355
1780456784,153.651225
1780456784,150.536034
1780456784,146.153020
1780456784,150.847984
1780456784,125.978436
1780456784,152.789397
1780456784,152.713660
1780456784,151.009662
1780456784,152.798103
1780456784,140.045320
1780456784,152.954190
1780456784,112.283415
1780456784,145.867756
1780456784,146.345996
1780456784,137.586321
1780456784,146.904505
1780456784,134.522705
1780456784,140.470617
1780456784,134.801603
1780456784,135.325964
1780456784,117.558257
1780456784,132.084476
1780456784,140.910113
1780456784,200.708693
1780456784,141.127058
1780456784,200.713781
1780456784,135.739961
1780456784,140.922228
1780456784,200.740623
1780456784,140.932528
1780456784,200.256235
1780456784,116.838451
1780456784,131.895271
1780456784,135.801728
1780456784,192.468574
1780456784,116.624986
1780456784,200.562553
1780456784,114.032375
1780456784,200.534683
1780456784,200.487181
1780456784,114.080350
1780456784,200.868049
1780456784,113.447484
1780456784,193.207708
1780456784,142.076775
1780456784,114.276428
1780456784,200.950617
1780456784,114.395128
1780456784,142.153127
1780456784,193.284052
1780456784,114.535574
1780456784,142.150556
1780456784,200.835924
1780456784,114.651764
1780456784,129.832488
1780456784,191.032162
1780456784,201.085395
1780456784,130.008215
1780456784,201.208668
1780456784,129.073009
1780456784,140.923720
1780456784,191.270593
1780456784,138.617213
1780456784,199.848798
1780456784,138.400838
1780456784,199.841726
1780456784,199.862694
1780456784,138.863286
1780456784,199.893985
1780456784,199.925119
1780456784,138.883042
1780456784,187.704717
1780456784,138.818510
1780456784,187.669042
1780456784,187.820536
1780456784,127.057830
1780456784,205.189596
1780456784,137.542620
1780456784,137.400784
1780456784,183.382463
1780456784,135.983540
1780456784,183.630055
1780456784,135.945688
1780456784,136.037113
1780456784,205.351451
1780456784,136.034199
1780456784,182.979096
1780456784,134.944451
1780456784,198.796013
1780456784,127.043176
1780456784,184.048798
1780456784,127.118742
1780456784,128.986447
1780456784,198.976254
1780456784,199.082627
1780456784,198.907689
1780456784,127.419892
1780456784,127.457615
1780456784,198.964584
1780456784,129.451725
1780456784,195.596001
1780456784,126.630301
1780456784,191.725219
1780456784,159.216234
1780456784,191.778604
1780456784,126.936173
1780456784,191.807629
1780456784,159.470067
1780456784,181.118286
1780456784,125.960212
1780456784,185.309053
1780456784,126.213687
1780456784,180.279100
1780456784,177.608633
1780456784,159.901556
1780456784,177.958693
1780456784,160.007800
1780456784,170.085092
1780456784,172.285590
1780456784,152.376561
1780456784,152.417330
1780456784,170.003814
1780456784,169.884557
1780456784,160.499636
1780456784,152.675680
1780456784,169.181280
1780456784,169.235026
1780456784,152.825188
1780456784,160.733133
1780456784,169.410108
1780456784,152.853169
1780456784,152.881045
1780456784,169.584759
1780456784,161.221854
1780456784,161.314762
1780456784,168.452373
1780456784,153.250903
1780456784,167.462186
1780456784,153.351300
1780456784,153.334573
1780456784,166.478339
1780456784,166.766342
1780456784,162.068641
1780456784,180.582407
1780456784,154.199940
1780456784,180.245672
1780456784,163.737673
1780456784,162.535776
1780456784,162.516824
1780456784,175.263872
1780456784,151.122423
1780456784,123.221632
1780456784,175.624845
1780456784,175.720591
1780456784,175.968270
1780456784,169.431490
1780456784,169.401406
1780456784,123.884649
1780456784,176.599296
1780456784,176.779443
1780456784,124.012559
1780456784,124.227226
1780456784,124.356608
1780456784,169.861922
1780456784,125.136217
1780456784,169.959765
1780456784,177.734546
1780456784,170.247181
1780456784,170.075113
1780456784,176.483390
1780456784,169.922355
1780456784,169.608908
1780456784,168.816804
1780456784,161.894111
1780456784,126.178491
1780456784,126.057214
1780456784,168.428959
1780456784,170.471918
1780456784,170.184722
1780456784,171.857637
1780456784,167.332087
1780456784,161.280035
1780456784,169.568158
1780456784,161.593526
1780456784,169.551677
1780456784,171.995826
1780456784,159.301948
1780456784,197.220421
1780456784,159.439591
1780456784,172.340388
1780456784,169.428501
1780456784,169.650535
1780456784,172.848490
1780456784,169.910931
1780456784,170.199510
1780456784,170.391242
1780456784,174.107928
1780456784,134.489768
1780456784,188.255935
1780456784,179.046026
1780456784,180.589739
1780456784,175.278411
1780456784,173.539801
1780456784,175.227683
1780456784,138.514600
1780456784,137.626577
1780456784,156.569892
1780456784,128.952531
1780456784,128.883439
1780456784,135.938856
1780456784,156.686144
1780456784,129.235721
1780456784,135.706350
1780456784,176.206323
1780456784,176.933639
1780456784,135.892265
1780456784,176.580189
1780456784,136.056498
1780456784,138.038975
1780456784,177.200498
1780456784,177.961613
1780456784,180.284190
1780456784,178.383816
1780456784,172.939785
1780456784,124.310662
1780456784,130.280096
1780456784,170.815147
1780456784,126.684810
1780456784,170.725026
1780456784,129.325532
1780456784,129.574733
1780456784,133.363092
1780456784,141.831858
1780456784,141.548875
1780456784,163.877264
1780456784,165.641043
1780456784,107.285992
1780456784,165.497313
1780456784,139.891043
1780456784,139.884499
1780456784,139.941780
1780456784,163.750227
1780456784,159.162633
1780456784,140.242925
1780456784,152.254236
1780456784,136.702434
1780456784,150.100556
1780456784,137.323084
1780456784,137.097119
1780456784,137.074601
1780456784,148.390530
1780456784,138.443767
1780456784,138.248576
1780456784,135.438538
1780456784,135.388534
1780456784,134.887854
1780456784,134.991912
1780456784,168.073463
1780456784,137.132044
1780456784,168.242892
1780456784,139.767601
1780456784,123.637359
1780456784,168.107197
1780456784,126.440926
1780456784,126.481322
1780456784,127.634485
1780456784,128.837120
1780456784,128.932131
1780456784,164.474721
1780456784,164.229616
1780456784,132.381087
1780456784,164.319698
1780456784,131.290723
1780456784,164.543844
1780456784,150.810539
1780456784,164.458799
1780456784,137.551038
1780456784,153.206836
1780456784,164.796240
1780456784,154.729612
1780456784,154.620624
1780456784,164.800077
1780456784,111.833451
1780456784,157.689440
1780456784,164.940562
1780456784,140.308158
1780456784,140.499984
1780456784,166.483474
1780456784,140.264197
1780456784,137.818966
1780456784,161.607414
1780456784,166.867218
1780456784,132.830679
1780456784,117.851286
1780456784,108.718313
1780456784,150.263093
1780456784,148.985337
1780456784,150.431515
1780456784,150.188045
1780456784,118.252220
1780456784,119.001403
1780456784,119.042594
1780456784,119.352331
1780456784,119.536036
1780456784,119.946508
1780456784,120.444641
1780456784,107.923731
1780456784,120.755498
1780456784,142.076646
1780456784,140.360489
1780456784,139.240363
1780456784,140.328660
1780456784,122.401195
1780456784,147.875235
1780456784,145.794115
1780456784,143.991804
1780456784,141.596791
1780456784,161.550729
1780456784,161.057845
1780456784,161.784836
1780456784,120.385043
1780456784,187.391216
1780456784,177.894650
1780456784,187.797800
1780456784,128.363781
1780456784,120.396710
1780456784,120.322521
1780456784,187.367299
1780456784,156.015054
1780456784,154.031515
1780456784,181.137697
1780456784,154.256044
1780456784,120.670786
1780456784,153.694054
1780456784,181.719540
1780456784,154.085923
1780456784,120.785732
1780456784,153.724460
1780456784,120.646754
1780456784,154.336106
1780456784,183.024933
1780456784,155.459229
1780456784,183.546567
1780456784,155.753097
1780456784,184.004461
1780456784,121.017973
1780456784,184.482849
1780456784,156.591294
1780456784,187.612392
1780456784,156.124461
1780456784,121.072677
1780456784,178.357940
1780456784,155.897068
1780456784,179.032338
1780456784,156.029937
1780456784,120.830097
1780456784,156.027828
1780456784,156.152083
1780456784,156.229202
1780456784,178.911164
1780456784,156.419682
1780456784,121.137171
1780456784,155.823196
1780456784,156.327344
1780456784,156.521364
1780456784,156.098450
1780456784,156.707407
1780456784,196.977633
1780456784,197.104359
1780456784,173.950377
1780456784,175.669074
1780456784,179.423389
1780456784,175.829508
1780456784,182.378571
1780456784,150.367934
1780456784,197.495568
1780456784,158.505911
1780456784,192.621492
1780456784,128.427160
1780456784,128.836986
1780456784,192.573917
1780456784,128.551730
1780456784,192.743506
1780456784,129.700222
1780456784,192.856084
1780456784,192.932123
1780456784,137.805437
1780456784,193.022782
1780456784,191.314420
1780456784,145.845611
1780456784,168.137743
1780456784,196.734953
1780456784,145.988633
1780456784,168.178136
1780456784,149.633914
1780456784,197.151469
1780456784,192.200058
1780456784,173.530855
1780456784,157.014104
1780456784,195.574300
1780456784,157.097353
1780456784,174.804044
1780456784,157.206201
1780456784,197.910317
1780456784,130.305114
1780456784,174.952399
1780456784,192.342026
1780456784,195.448897
1780456784,192.790824
1780456784,193.341192
1780456784,163.862093
1780456784,162.057761
1780456784,147.713978
1780456784,158.562630
1780456784,158.481242
1780456784,143.371333
1780456784,144.627299
1780456784,145.760696
1780456784,132.378439
1780456784,156.982367
1780456784,145.912355
1780456784,147.047250
1780456784,157.811220
1780456784,120.124617
1780456784,120.204987
1780456784,120.171763
1780456784,120.937944
1780456784,155.825232
1780456784,158.388268
1780456784,150.924435
1780456784,161.856037
1780456784,156.101427
1780456784,119.822842
1780456784,119.879517
1780456784,156.249526
1780456784,119.150162
1780456784,119.604440
1780456784,120.292162
1780456784,119.294945
1780456784,120.430995
1780456784,120.409870
1780456784,117.731263
1780456784,130.753918
1780456784,139.466840
1780456784,125.449953
1780456784,126.377845
1780456784,122.241748
1780456784,139.342711
1780456784,178.903650
1780456784,123.551030
1780456784,140.054802
1780456784,179.298328
1780456784,137.465224
1780456784,123.645643
1780456784,140.281365
1780456784,136.653293
1780456784,161.835948
1780456784,118.446954
1780456784,173.508260
1780456784,140.399397
1780456784,122.214747
1780456784,163.464490
1780456784,166.488418
1780456784,168.904299
1780456784,163.749619
1780456784,162.431756
1780456784,125.434148
1780456784,156.587837
1780456784,155.431762
1780456784,107.796107
1780456784,160.124299
1780456784,154.436646
1780456784,160.216329
1780456784,154.384518
1780456784,106.781236
1780456784,154.460479
1780456784,104.682158
1780456784,137.159242
1780456784,102.893161
1780456784,170.476250
1780456784,103.008606
1780456784,168.767948
1780456784,165.410012
1780456784,104.686057
1780456784,161.495566
1780456784,105.026019
1780456784,104.941727
1780456784,161.867604
1780456784,104.060851
1780456784,104.117421
1780456784,104.171658
1780456784,158.232378
1780456784,146.837683
1780456784,111.720846
1780456784,111.835930
1780456784,125.146211
1780456784,158.371893
1780456784,108.973858
1780456784,111.866247
1780456784,136.122206
1780456784,113.333643
1780456784,172.534037
1780456784,113.584078
1780456784,113.690673
1780456784,113.543080
1780456784,113.623766
1780456784,174.266924
1780456784,174.382206
1780456784,113.658945
1780456784,144.196260
1780456784,171.514489
1780456784,136.526539
1780456784,168.904873
1780456784,136.612631
1780456784,113.392201
1780456784,136.764469
1780456784,110.735345
1780456784,113.584749
1780456784,136.746728
1780456784,113.370608
1780456784,165.384144
1780456784,113.604216
1780456784,113.931243
1780456784,113.601819
1780456784,140.142175
1780456784,113.750557
1780456784,114.032290
1780456784,111.013918
1780456784,167.734140
1780456784,165.580801
1780456784,113.789229
1780456784,114.012080
1780456784,167.884716
1780456784,113.733489
1780456784,114.140191
1780456784,114.039051
1780456784,113.548000
1780456784,114.129591
1780456784,144.826544
1780456784,114.562903
1780456784,113.818223
1780456784,114.528197
1780456784,114.046081
1780456784,113.634918
1780456784,127.736526
1780456784,127.754152
1780456784,113.807482
1780456784,131.378218
1780456784,127.100641
1780456784,114.012238
1780456784,131.558797
1780456784,113.937196
1780456784,146.408307
1780456784,114.140428
1780456784,114.136107
1780456784,148.421716
1780456784,114.319424
1780456784,170.141161
1780456784,111.820127
1780456784,202.393680
1780456784,111.890684
1780456784,202.463272
1780456784,108.594984
1780456784,195.398375
1780456784,124.849236
1780456784,123.887333
1780456784,202.693764
1780456784,124.864593
1780456784,202.807202
1780456784,144.624736
1780456784,114.119330
1780456784,202.843567
1780456784,126.317549
1780456784,205.415524
1780456784,126.376064
1780456784,203.723133
1780456784,202.668529
1780456784,200.928713
1780456784,202.263216
1780456784,109.033955
1780456784,145.254257
1780456784,107.950479
1780456784,107.714228
1780456784,108.178468
1780456784,108.193176
1780456784,108.287608
1780456784,108.372747
1780456784,108.240676
1780456784,200.594245
1780456784,202.485205
1780456784,108.609318
1780456784,108.698282
1780456784,108.701326
1780456784,200.678725
1780456784,108.892300
1780456784,109.080194
1780456784,109.774024
1780456784,146.173696
1780456784,109.699735
1780456784,109.190199
1780456784,146.356229
1780456784,109.535702
1780456784,146.524008
1780456784,198.488595
1780456784,198.510075
1780456784,110.056912
1780456784,110.462635
1780456784,110.454119
1780456784,197.435100
1780456784,109.737766
1780456784,192.747118
1780456784,192.713593
1780456784,110.455086
1780456784,110.757458
1780456784,192.943750
1780456784,110.175627
1780456784,193.284998
1780456784,106.449810
1780456784,103.072658
1780456784,111.796970
1780456784,111.871138
1780456784,111.779259
1780456784,147.932857
1780456784,147.835412
1780456784,111.671102
1780456784,111.574321
1780456784,112.551159
1780456784,193.813153
1780456784,112.332022
1780456784,108.084412
1780456784,112.192420
1780456784,111.717700
1780456784,148.116538
1780456784,148.173519
1780456784,112.019959
1780456784,111.825178
1780456784,192.729091
1780456784,112.171443
1780456784,111.911371
1780456784,188.766699
1780456784,188.930612
1780456784,189.073055
1780456784,102.496968
1780456784,113.796748
1780456784,113.809419
1780456784,113.051225
1780456784,149.213308
1780456784,189.408014
1780456784,113.620168
1780456784,150.121850
1780456784,149.760951
1780456784,114.457441
1780456784,183.605931
1780456784,149.900635
1780456784,114.689644
1780456784,114.872585
1780456784,179.888570
1780456784,114.518507
1780456784,115.551415
1780456784,179.935242
1780456784,115.599152
1780456784,116.382167
1780456784,180.750119
1780456784,180.890694
1780456784,105.641294
1780456784,180.005209
1780456784,151.019416
1780456784,152.128162
1780456784,169.523363
1780456784,169.509971
1780456784,169.641023
1780456784,169.565599
1780456784,149.817600
1780456784,160.955834
1780456784,161.549404
1780456784,161.523851
1780456784,150.274412
1780456784,162.413614
1780456784,150.007459
1780456784,162.356536
1780456784,150.069608
1780456784,150.484920
1780456784,160.467072
1780456784,160.816871
1780456784,152.951328
1780456784,150.679074
1780456784,150.856049
1780456784,104.029295
1780456784,104.163455
1780456784,104.363898
1780456784,104.804900
1780456784,104.785879
1780456784,104.944254
1780456784,102.717626
1780456784,105.291440
1780456784,105.362435
1780456784,105.613133
1780456784,105.780954
1780456784,106.165498
1780456784,104.262938
1780456784,104.942842
1780456784,104.047235
1780456784,107.319298
1780456784,104.132155
1780456784,107.437550
1780456784,107.809880
1780456784,108.011586
1780456784,105.863078
1780456784,108.218986
1780456784,155.882326
1780456784,153.025796
1780456784,108.528994
1780456784,102.708813
1780456784,109.555320
1780456784,109.670842
1780456784,109.830078
1780456784,109.703089
1780456784,109.750082
1780456784,108.125310
1780456784,108.159829
1780456784,103.848304
1780456784,108.357490
1780456784,108.845527
1780456784,109.072410
1780456784,108.317780
1780456784,104.944064
1780456784,105.292004
1780456784,111.521627
1780456784,115.884621
1780456784,122.280391
1780456784,110.460729
1780456784,132.907482
1780456784,123.537221
1780456784,125.630115
1780456784,141.868326
1780456784,153.536202
1780456784,158.622765
1780456784,162.761395
1780456784,195.527262
1780456784,195.453344
1780456784,211.088094
1780456784,212.625512
1780456784,207.495018
1780456784,215.166294
1780456784,209.807832
1780456784,219.099592
1780456784,210.099336
1780456784,215.941814
1780456784,215.793995
1780456784,216.067261
1780456784,216.051843
1780456784,219.708201
1780456784,219.835098
1780456784,216.342577
1780456784,216.924300
1780456784,211.483886
1780456784,220.750638
1780456784,217.718091
1780456784,218.178278
1780456784,221.564418
1780456784,221.930831
1780456784,218.541829
1780456784,222.708382
1780456784,214.196922
1780456784,219.824127
1780456784,220.209631
1780456784,220.222122
1780456784,220.557863
1780456784,224.995118
1780456784,225.696669
1780456784,226.103080
1780456784,226.929874
1780456784,226.324936
1780456784,226.653017
1780456784,223.561650
1780456784,228.110470
1780456784,227.248635
1780456784,228.571660
1780456784,227.836159
1780456784,228.118722
1780456784,229.415851
1780456784,228.699069
1780456784,214.438089
1780456784,190.403456
1780456784,214.780914
1780456784,215.069259
1780456784,215.189228
1780456784,215.584050
1780456784,215.840239
1780456784,216.014442
1780456784,216.438506
1780456784,216.752072
1780456784,217.015996
1780456784,217.239210
1780456784,217.687349
1780456784,218.098782
1780456784,218.261190
1780456784,196.346927
1780456784,196.943294
1780456784,197.163842
1780456784,198.269952
1780456784,198.607110
1780456784,199.112336
1780456784,205.561041
1780456784,205.958818
1780456784,206.316940
1780456784,206.642848
1780456784,206.853967
1780456784,207.301105
1780456784,209.310234
1780456784,210.349548
1780456784,212.789667
1780456784,202.475301
1780456784,212.610363
1780456784,203.048261
1780456784,203.342139
1780456784,213.455452
1780456784,196.306073
1780456784,213.762974
1780456784,213.546780
1780456784,197.039660
1780456784,216.860840
1780456784,216.795759
1780456784,218.810048
1780456784,218.852630
1780456784,218.948247
1780456784,217.194146
1780456784,216.840551
1780456784,216.994376
1780456784,219.039244
1780456784,217.491493
1780456784,219.202818
1780456784,198.912952
1780456784,205.580232
1780456784,206.554526
1780456784,200.334802
1780456784,205.299982
1780456784,206.933405
1780456784,207.293090
1780456784,206.345201
1780456784,206.413147
1780456784,209.962261
1780456784,209.996203
1780456784,207.758461
1780456784,210.193993
1780456784,210.728747
1780456784,210.440337
1780456784,207.233993
1780456784,210.702320
1780456784,211.247106
1780456784,207.602342
1780456784,211.233496
1780456784,210.278347
1780456784,210.440553
1780456784,205.802787
1780456784,206.428012
1780456784,206.725763
1780456784,207.098455
1780456784,212.340451
1780456784,212.510307
1780456784,212.703991
1780456784,213.960342
1780456784,213.983848
1780456784,207.930430
1780456784,213.284152
1780456784,213.430905
1780456784,208.300247
1780456784,214.652446
1780456784,214.895581
1780456784,208.805460
1780456784,208.842634
1780456784,215.170709
1780456784,215.405570
1780456784,212.716947
1780456784,210.425869
1780456784,220.678728
1780456784,220.950787
1780456784,214.361593
1780456784,221.119371
1780456784,246.473907
1780456784,249.894596
1780456784,221.219313
1780456784,250.086347
1780456784,221.259536
1780456784,209.355330
1780456784,213.443468
1780456784,184.698122
1780456784,184.968164
1780456784,212.081792
1780456784,185.243231
1780456784,212.393261
1780456784,211.285377
1780456784,197.841994
1780456784,210.779151
1780456784,195.698123
1780456784,190.973930
1780456784,215.505394
1780456784,212.437039
1780456784,186.600205
1780456784,212.585145
1780456784,199.100106
1780456784,213.135094
1780456784,188.740317
1780456784,224.177936
1780456784,200.002778
1780456784,207.814691
1780456784,224.992497
1780456784,189.480302
1780456784,208.392843
1780456784,214.068729
1780456784,175.090300
1780456784,190.816107
1780456784,211.699984
1780456784,192.280815
1780456784,213.074627
1780456784,201.208322
1780456784,214.230221
1780456784,215.303128
1780456784,226.567204
1780456784,214.691962
1780456784,226.883169
1780456784,218.943290
1780456784,226.791858
1780456784,215.893255
1780456784,218.966777
1780456784,227.112503
1780456784,171.364167
1780456784,171.536969
1780456784,174.860081
1780456784,194.623454
1780456784,220.289961
1780456784,175.165702
1780456784,217.505495
1780456784,217.812625
1780456784,220.673870
1780456784,218.007367
1780456784,217.157038
1780456784,216.238069
1780456784,205.757615
1780456784,218.674580
1780456784,218.791202
1780456784,219.005152
1780456784,221.778724
1780456784,219.259111
1780456784,219.493866
1780456784,218.829767
1780456784,222.398546
1780456784,220.025118
1780456784,222.628289
1780456784,201.724950
1780456784,219.459072
1780456784,208.933926
1780456784,192.622987
1780456784,223.189784
1780456784,198.605399
1780456784,223.509072
1780456784,192.872960
1780456784,199.063676
1780456784,210.826464
1780456784,211.859772
1780456784,211.992196
1780456784,208.568202
1780456784,211.178134
1780456784,207.405564
1780456784,211.871973
1780456784,221.699334
1780456784,212.538950
1780456784,221.910739
1780456784,213.004817
1780456784,214.437571
1780456784,214.667734
1780456784,216.227762
1780456784,214.972458
1780456784,219.207243
1780456784,206.174598
1780456784,223.485728
1780456784,209.159646
1780456784,226.363107
1780456784,213.024021
1780456784,215.880962
1780456784,213.911611
1780456784,202.222896
1780456784,227.376009
1780456784,194.537236
1780456784,223.882671
1780456784,194.913640
1780456784,224.177784
1780456784,195.389608
1780456784,228.154922
1780456784,196.668768
1780456784,224.565577
1780456784,197.157960
1780456784,224.990001
1780456784,228.219866
1780456784,197.741264
1780456784,198.906883
1780456784,228.835706
1780456784,228.971313
1780456784,199.360613
1780456784,222.624076
1780456784,229.133861
1780456784,219.992160
1780456784,229.630772
1780456784,226.745144
1780456784,220.406470
1780456784,225.360813
1780456784,223.554102
1780456784,206.641070
1780456784,220.848348
1780456784,225.940778
1780456784,226.300724
1780456784,226.552438
1780456784,227.668575
1780456784,226.640189
1780456784,231.319411
1780456784,228.280100
1780456784,228.034732
1780456784,214.170227
1780456784,226.537190
1780456784,222.413538
1780456784,229.324671
1780456784,214.952489
1780456784,229.544364
1780456784,229.732687
1780456784,232.796695
1780456784,228.679470
1780456784,228.315931
1780456784,229.034261
1780456784,229.344574
1780456784,209.657658
1780456784,172.169079
1780456784,233.793250
1780456784,230.616758
1780456784,176.762356
1780456784,231.106697
1780456784,176.970124
1780456784,234.058486
1780456784,178.295638
1780456784,234.993558
1780456784,178.842427
1780456784,235.173864
1780456784,179.815210
1780456784,232.067198
1780456784,181.401297
1780456784,235.231611
1780456784,179.021849
1780456784,235.937786
1780456784,206.079277
1780456784,235.875718
1780456784,208.473790
1780456784,235.897935
1780456784,206.312561
1780456784,236.635642
1780456784,188.012234
1780456784,236.033854
1780456784,210.625611
1780456784,237.340779
1780456784,237.530895
1780456784,236.914779
1780456784,237.877873
1780456784,238.046390
1780456784,237.635504
1780456784,238.561861
1780456784,238.705020
1780456784,216.525837
1780456784,213.015859
1780456784,208.426479
1780456784,227.421839
1780456784,228.690694
1780456784,218.659455
1780456784,218.831502
1780456784,229.095972
1780456784,232.365169
1780456784,236.157907
1780456784,235.707396
1780456784,235.991309
1780456784,236.792399
1780456784,234.426117
1780456784,236.220634
1780456784,235.184868
1780456784,236.936539
1780456784,236.780195
1780456784,236.613456
1780456784,235.472906
1780456784,235.793697
1780456784,237.040594
1780456784,236.928070
1780456784,238.458284
1780456784,237.819872
1780456784,234.797152
1780456784,240.989925
1780456784,241.134963
1780456784,241.458352
1780456784,215.953329
1780456784,249.398748
1780456784,232.593565
1780456784,249.529412
1780456784,239.509304
1780456784,238.540701
1780456784,166.410746
1780456784,209.889720
1780456784,221.228911
1780456784,211.534062
1780456784,170.695704
1780456784,218.178978
1780456784,173.699554
1780456784,185.116539
1780456784,187.083665
1780456784,198.394725
1780456784,199.829822
1780456784,200.823684
1780456784,203.502461
1780456784,208.248148
1780456784,203.713072
1780456784,184.780002
1780456784,208.542780
1780456784,218.611649
1780456784,208.691436
1780456784,209.856432
1780456784,218.934770
1780456784,211.104920
1780456784,211.837095
1780456784,209.275722
1780456784,218.261237
1780456784,223.765542
1780456784,188.803972
1780456784,191.474161
1780456784,186.162211
1780456784,191.541801
1780456784,219.559853
1780456784,190.483995
1780456784,189.956193
1780456784,199.468793
1780456784,195.931613
1780456784,200.337234
1780456784,195.744129
1780456784,216.086102
1780456784,196.127745
1780456784,202.900168
1780456784,197.661708
1780456784,217.831879
1780456784,205.342945
1780456784,205.321373
1780456784,202.966248
1780456784,217.975767
1780456784,224.487928
1780456784,218.097839
1780456784,213.224911
1780456784,195.862879
1780456784,213.334067
1780456784,218.297768
1780456784,213.443270
1780456784,205.536777
1780456784,213.470061
1780456784,218.408926
1780456784,213.542957
1780456784,214.952620
1780456784,211.208609
1780456784,213.686151
1780456784,212.362624
1780456784,226.264256
1780456784,212.455459
1780456784,232.089982
1780456784,213.370363
1780456784,221.219402
1780456784,215.004174
1780456784,215.405301
1780456784,213.949475
1780456784,216.476829
1780456784,215.416069
1780456784,221.367760
1780456784,215.268264
1780456784,215.574676
1780456784,232.277787
1780456784,229.109572
1780456784,215.447916
1780456784,173.084632
1780456784,215.536538
1780456784,229.130491
1780456784,214.160795
1780456784,224.984237
1780456784,222.882411
1780456784,241.446307
1780456784,222.866072
1780456784,171.908089
1780456784,224.020755
1780456784,159.238090
1780456784,188.530805
1780456784,170.594146
1780456784,172.999043
1780456784,159.801764
1780456784,173.048642
1780456784,174.595672
1780456784,161.265578
1780456784,174.728507
1780456784,157.603083
1780456784,169.844352
1780456784,152.572764
1780456784,161.055837
1780456784,175.826789
1780456784,164.148377
1780456784,178.506887
1780456784,208.896977
1780456784,179.447131
1780456784,208.930046
1780456784,180.182921
1780456784,211.001155
1780456784,225.452960
1780456784,166.118161
1780456784,218.495893
1780456784,210.114397
1780456784,218.652418
1780456784,169.297195
1780456784,218.549302
1780456784,218.742685
1780456784,219.707914
1780456784,165.342780
1780456784,220.431700
1780456784,165.551085
1780456784,233.184824
1780456784,214.283071
1780456784,233.253617
1780456784,168.058968
1780456784,174.395655
1780456784,167.076738
1780456784,233.849873
1780456784,168.754540
1780456784,233.842380
1780456784,214.519442
1780456784,175.231246
1780456784,170.869735
1780456784,242.394395
1780456784,217.746080
1780456784,186.814552
1780456784,169.344050
1780456784,198.379622
1780456784,214.761889
1780456784,202.366873
1780456784,169.601690
1780456784,203.714021
1780456784,171.157288
1780456784,244.248132
1780456784,171.410196
1780456784,204.647027
1780456784,219.436274
1780456784,244.386859
1780456784,172.372148
1780456784,243.828188
1780456784,219.634117
1780456784,242.325359
1780456784,218.154438
1780456784,233.465816
1780456784,173.069090
1780456784,243.964460
1780456784,244.048166
1780456784,175.678262
1780456784,234.202555
1780456784,179.863587
1780456784,234.020814
1780456784,182.716901
1780456784,244.727622
1780456784,220.790446
1780456784,172.686380
1780456784,234.131471
1780456784,160.410758
1780456784,244.924342
1780456784,143.931898
1780456784,234.359663
1780456784,234.280635
1780456784,207.643675
1780456784,234.549973
1780456784,162.349853
1780456784,226.658968
1780456784,165.846732
1780456784,226.817720
1780456784,148.911449
1780456784,176.107656
1780456784,150.488527
1780456784,176.725992
1780456784,148.704228
1780456784,188.651440
1780456784,167.026435
1780456784,198.266980
1780456784,149.381938
1780456784,199.089383
1780456784,234.459309
1780456784,199.043618
1780456784,207.996353
1780456784,200.134539
1780456784,150.425178
1780456784,198.922697
1780456784,234.630773
1780456784,183.833662
1780456784,203.760802
1780456784,150.189632
1780456784,213.694519
1780456784,154.932222
1780456784,214.749799
1780456784,150.041653
1780456784,213.875906
1780456784,149.941765
1780456784,215.477367
1780456784,166.476901
1780456784,185.532140
1780456784,234.701968
1780456784,187.836358
1780456784,151.583111
1780456784,159.765416
1780456784,141.375629
1780456784,160.219076
1780456784,187.026838
1780456784,218.993847
1780456784,152.858944
1780456784,218.886635
1780456784,234.884921
1780456784,218.921689
1780456784,234.960630
1780456784,218.058071
1780456784,205.018640
1780456784,161.858500
1780456784,189.373022
1780456784,162.676396
1780456784,234.950334
1780456784,164.720342
1780456784,194.409427
1780456784,162.933293
1780456784,235.288127
1780456784,165.984381
1780456784,153.870923
1780456784,219.363192
1780456784,219.511995
1780456784,153.785936
1780456784,226.594601
1780456784,156.226785
1780456784,214.435823
1780456784,173.248148
1780456784,227.747427
1780456784,147.502828
1780456784,159.193596
1780456784,159.039563
1780456784,235.503049
1780456784,124.225162
1780456784,213.541387
1780456784,145.313221
1780456784,134.832876
1780456784,235.381080
1780456784,124.891271
1780456784,235.743241
1780456784,145.882086
1780456784,174.181405
1780456784,125.521136
1780456784,148.381800
1780456784,164.134729
1780456784,215.611867
1780456784,125.705014
1780456784,216.897373
1780456784,135.156456
1780456784,210.743799
1780456784,146.310910
1780456784,211.498502
1780456784,127.073493
1780456784,212.681509
1780456784,146.845143
1780456784,213.874154
1780456784,126.942270
1780456784,109.793026
1780456784,138.525074
1780456784,110.401094
1780456784,183.287636
1780456784,166.034377
1780456784,213.918970
1780456784,139.916026
1780456784,160.514867
1780456784,184.144831
1780456784,127.364639
1780456784,146.844867
1780456784,140.132364
1780456784,146.100332
1780456784,184.410665
1780456784,147.253595
1780456784,185.179783
1780456784,132.695580
1780456784,133.672376
1780456784,152.481417
1780456784,164.832039
1780456784,140.623262
1780456784,110.321326
1780456784,166.697375
1780456784,163.516880
1780456784,185.690621
1780456784,166.290242
1780456784,217.427260
1780456784,134.699796
1780456784,183.169308
1780456784,171.005719
1780456784,164.529152
1780456784,188.038505
1780456784,135.048051
1780456784,203.341712
1780456784,153.248320
1780456784,171.561082
1780456784,135.105823
1780456784,143.567942
1780456784,149.914063
1780456784,189.551225
1780456784,145.299096
1780456784,150.563450
1780456784,189.623784
1780456784,150.547569
1780456784,123.595470
1780456784,149.626903
1780456784,151.357790
1780456784,167.662830
1780456784,172.007054
1780456784,190.570380
1780456784,136.424033
1780456784,154.501211
1780456784,165.272776
1780456784,218.060043
1780456784,151.016632
1780456784,137.561672
1780456784,156.940945
1780456784,191.142754
1780456784,157.160125
1780456784,215.804581
1780456784,153.922686
1780456784,200.309975
1780456784,158.930331
1780456784,219.667481
1780456784,154.287187
1780456784,173.146648
1780456784,159.577709
1780456784,217.828469
1780456784,173.395537
1780456784,212.078345
1780456784,169.706938
1780456784,156.767271
1780456784,139.663542
1780456784,166.352427
1780456784,156.143247
1780456784,154.866726
1780456784,217.662156
1780456784,166.626878
1780456784,157.056478
1780456784,141.474912
1780456784,237.075827
1780456784,155.533056
1780456784,154.860940
1780456784,168.075276
1780456784,220.348940
1780456784,168.588993
1780456784,173.433776
1780456784,158.398847
1780456784,153.810431
1780456784,220.457706
1780456784,142.848518
1780456784,174.057571
1780456784,173.744697
1780456784,158.701950
1780456784,162.503694
1780456784,219.807922
1780456784,117.271554
1780456784,159.721016
1780456784,219.977351
1780456784,160.139100
1780456784,162.328144
1780456784,153.802260
1780456784,221.532069
1780456784,145.277281
1780456784,153.085786
1780456784,116.971054
1780456784,194.286428
1780456784,163.462572
1780456784,194.480103
1780456784,171.248152
1780456784,166.899952
1780456784,195.847582
1780456784,117.465714
1780456784,195.420385
1780456784,160.823694
1780456784,138.756616
1780456784,118.355518
1780456784,195.973502
1780456784,167.658946
1780456784,139.496343
1780456784,158.413234
1780456784,118.261103
1780456784,155.359675
1780456784,168.110970
1780456784,196.991158
1780456784,180.286859
1780456784,202.686696
1780456784,221.932076
1780456784,193.963096
1780456784,219.434289
1780456784,162.359252
1780456784,140.439337
1780456784,130.997347
1780456784,211.396142
1780456784,120.816050
1780456784,131.238324
1780456784,168.378400
1780456784,135.210526
1780456784,120.415738
1780456784,135.680103
1780456784,149.454781
1780456784,163.307706
1780456784,121.196828
1780456784,195.395474
1780456784,150.117381
1780456784,163.941830
1780456784,151.755342
1780456784,155.568487
1780456784,173.936760
1780456784,165.718314
1780456784,157.200168
1780456784,163.867764
1780456784,157.913224
1780456784,136.740014
1780456784,171.768774
1780456784,164.519986
1780456784,158.410081
1780456784,196.253099
1780456784,160.074042
1780456784,166.937291
1780456784,133.207385
1780456784,160.522820
1780456784,175.112027
1780456784,139.079900
1780456784,180.255008
1780456784,133.481082
1780456784,161.547206
1780456784,133.833044
1780456784,181.159399
1780456784,175.419800
1780456784,189.722413
1780456784,134.125753
1780456784,161.253047
1780456784,140.005395
1780456784,189.483267
1780456784,197.640089
1780456784,190.034522
1780456784,134.538279
1780456784,162.838323
1780456784,192.077292
1780456784,190.513388
1780456784,134.879814
1780456784,197.535989
1780456784,172.886697
1780456784,136.227256
1780456784,163.090406
1780456784,163.302160
1780456784,161.317296
1780456784,123.022888
1780456784,198.115762
1780456784,141.535099
1780456784,163.662699
1780456784,198.365829
1780456784,123.197692
1780456784,162.572459
1780456784,137.254911
1780456784,141.750589
1780456784,191.207594
1780456784,167.070729
1780456784,190.495715
1780456784,198.849236
1780456784,166.322978
1780456784,156.984460
1780456784,191.383385
1780456784,199.327176
1780456784,168.263980
1780456784,139.141453
1780456784,168.384299
1780456784,202.973257
1780456784,191.917586
1780456784,203.008704
1780456784,169.198554
1780456784,139.588919
1780456784,191.906942
1780456784,169.481790
1780456784,144.774139
1780456784,192.536868
1780456784,139.903411
1780456784,203.114175
1780456784,138.580364
1780456784,170.053359
1780456784,140.257460
1780456784,192.462249
1780456784,164.108111
1780456784,178.446349
1780456784,160.371916
1780456784,203.523370
1780456784,192.757527
1780456784,145.670745
1780456784,172.107862
1780456784,141.944701
1780456784,181.517637
1780456784,173.002995
1780456784,145.894353
1780456784,193.768024
1780456784,171.217071
1780456784,207.569976
1780456784,181.527869
1780456784,171.787542
1780456784,181.425773
1780456784,194.079812
1780456784,207.750367
1780456784,172.511155
1780456784,182.701413
1780456784,174.186703
1780456784,182.515084
1780456784,191.844005
1780456784,182.813481
1780456784,194.299730
1780456784,148.440292
1780456784,174.396869
1780456784,194.454968
1780456784,174.684317
1780456784,205.523278
1780456784,194.037105
1780456784,182.994881
1780456784,175.173254
1780456784,183.004346
1780456784,194.732922
1780456784,148.845413
1780456784,177.320559
1780456784,208.085582
1780456784,180.143048
1780456784,147.084594
1780456784,128.325743
1780456784,173.360443
1780456784,179.263308
1780456784,209.016332
1780456784,194.825483
1780456784,211.944330
1780456784,182.256103
1780456784,194.876511
1780456784,165.954226
1780456784,194.987073
1780456784,209.665915
1780456784,181.595685
1780456784,164.323311
1780456784,183.445741
1780456784,180.095862
1780456784,166.246489
1780456784,180.164140
1780456784,166.680549
1780456784,128.915875
1780456784,148.816686
1780456784,196.176096
1780456784,210.743488
1780456784,180.992995
1780456784,150.160828
1780456784,196.316693
1780456784,184.905746
1780456784,181.143051
1780456784,207.552604
1780456784,196.397814
1780456784,184.456626
1780456784,182.429208
1780456784,149.976919
1780456784,196.518079
1780456784,185.275495
1780456784,196.580072
1780456784,182.482028
1780456784,182.606683
1780456784,186.460964
1780456784,207.724126
1780456784,148.871260
1780456784,186.566278
1780456784,221.121550
1780456784,221.704367
1780456784,150.691788
1780456784,199.152524
1780456784,185.435398
1780456784,122.421130
1780456784,152.869724
1780456784,148.109011
1780456784,194.351947
1780456784,122.096582
1780456784,207.971372
1780456784,148.717769
1780456784,163.122364
1780456784,123.394019
1780456784,149.388835
1780456784,161.705861
1780456784,124.609203
1780456784,140.211692
1780456784,137.616552
1780456784,167.916498
1780456784,197.136860
1780456784,174.202075
1780456784,124.938740
1780456784,150.798946
1780456784,130.699910
1780456784,125.339726
1780456784,130.066218
1780456784,130.160941
1780456784,131.302561
1780456784,131.176583
1780456784,132.051861
1780456784,131.928091
1780456784,132.469728
1780456784,131.625743
1780456784,132.336521
1780456784,148.037519
1780456784,148.147148
1780456784,166.391190
1780456784,133.653023
1780456784,148.320169
1780456784,166.778755
1780456784,166.987118
1780456784,132.951315
1780456784,135.626243
1780456784,167.512452
1780456784,168.122079
1780456784,168.545150
1780456784,137.857596
1780456784,137.497415
1780456784,138.529454
1780456784,138.740102
1780456784,139.101875
1780456784,138.360227
1780456784,159.709927
1780456784,143.991890
1780456784,163.939699
1780456784,165.616679
1780456784,145.215124
1780456784,171.842603
1780456784,146.431910
1780456784,119.675322
1780456784,146.678646
1780456784,119.904530
1780456784,120.148812
1780456784,147.764498
1780456784,131.709407
1780456784,120.317692
1780456784,174.638394
1780456784,159.044508
1780456784,149.611844
1780456784,123.173036
1780456784,128.251874
1780456784,128.454839
1780456784,128.602910
1780456784,132.149304
1780456784,133.357574
1780456784,143.593572
1780456784,132.079906
1780456784,133.126884
1780456784,122.651635
1780456784,158.583624
1780456784,158.622837
1780456784,117.496760
1780456784,132.265384
1780456784,159.057910
1780456784,118.027466
1780456784,117.778738
1780456784,123.194688
1780456784,118.894135
1780456784,125.958427
1780456784,129.900453
1780456784,129.654500
1780456784,140.382616
1780456784,140.576498
1780456784,129.042805
1780456784,128.940525
1780456784,121.835629
1780456784,129.663757
1780456784,121.170287
1780456784,129.851803
1780456784,140.955029
1780456784,118.184442
1780456784,130.106117
1780456784,113.422845
1780456784,129.859989
1780456784,111.993079
1780456784,167.985811
1780456784,128.148539
1780456784,125.007967
1780456784,167.974955
1780456784,112.120805
1780456784,126.262563
1780456784,112.008458
1780456784,126.142680
1780456784,126.829883
1780456784,125.821270
1780456784,124.860636
1780456784,125.346204
1780456784,125.337497
1780456784,139.076598
1780456784,125.140835
1780456784,162.999982
1780456784,126.369636
1780456784,124.001521
1780456784,127.505857
1780456784,166.415206
1780456784,147.499587
1780456784,164.605845
1780456784,125.052666
1780456784,181.791385
1780456784,127.713580
1780456784,145.417520
1780456784,145.563300
1780456784,145.542732
1780456784,145.664916
1780456784,145.688250
1780456784,145.396516
1780456784,138.494119
1780456784,145.119865
1780456784,184.074809
1780456784,126.855127
1780456784,138.984020
1780456784,144.426099
1780456784,120.239450
1780456784,143.840510
1780456784,167.847162
1780456784,182.223269
1780456784,125.906318
1780456784,182.599958
1780456784,137.767154
1780456784,149.606811
1780456784,122.421469
1780456784,143.735173
1780456784,149.923870
1780456784,143.335373
1780456784,121.948703
1780456784,178.032287
1780456784,141.116190
1780456784,179.974677
1780456784,122.200911
1780456784,135.873949
1780456784,178.933980
1780456784,180.619602
1780456784,122.133062
1780456784,173.484409
1780456784,143.778793
1780456784,137.393542
1780456784,120.977332
1780456784,142.560895
1780456784,152.546218
1780456784,142.354089
1780456784,112.176824
1780456784,132.796166
1780456784,135.291832
1780456784,153.174064
1780456784,135.087903
1780456784,151.302432
1780456784,136.152987
1780456784,142.793838
1780456784,121.829941
1780456784,124.482105
1780456784,142.988639
1780456784,149.154474
1780456784,124.368570
1780456784,173.678804
1780456784,133.328698
1780456784,153.198651
1780456784,173.072518
1780456784,140.854142
1780456784,134.619105
1780456784,120.396703
1780456784,117.177032
1780456784,181.340677
1780456784,117.107805
1780456784,131.050890
1780456784,120.666637
1780456784,153.791730
1780456784,119.756001
1780456784,129.745305
1780456784,141.418377
1780456784,140.528203
1780456784,183.023873
1780456784,119.650088
1780456784,131.023593
1780456784,154.448711
1780456784,132.821745
1780456784,181.236293
1780456784,117.323688
1780456784,140.842738
1780456784,120.068245
1780456784,154.664907
1780456784,163.074084
1780456784,145.614667
1780456784,131.225906
1780456784,141.375987
1780456784,118.570191
1780456784,130.862525
1780456784,119.148449
1780456784,131.098053
1780456784,118.833368
1780456784,129.615227
1780456784,158.334941
1780456784,129.890975
1780456784,117.640727
1780456784,171.502563
1780456784,176.873973
1780456784,131.082739
1780456784,127.057800
1780456784,142.741572
1780456784,127.666604
1780456784,142.194932
1780456784,125.860841
1780456784,129.798137
1780456784,133.677379
1780456784,155.337268
1780456784,172.471023
1780456784,138.132118
1780456784,132.238127
1780456784,120.690180
1780456784,123.291169
1780456784,179.852131
1780456784,161.920073
1780456784,179.830144
1780456784,137.114416
1780456784,149.731808
1780456784,133.661610
1780456784,133.507187
1780456784,145.020117
1780456784,149.774779
1780456784,132.590022
1780456784,136.525970
1780456784,132.889929
1780456784,150.148039
1780456784,120.129678
1780456784,123.529377
1780456784,130.972905
1780456784,133.745016
1780456784,169.683674
1780456784,139.508772
1780456784,170.299457
1780456784,139.257708
1780456784,180.833950
1780456784,132.291624
1780456784,131.192286
1780456784,144.054908
1780456784,177.393897
1780456784,177.194583
1780456784,165.342015
1780456784,139.574589
1780456784,140.081920
1780456784,131.472537
1780456784,137.153167
1780456784,138.038122
1780456784,140.540293
1780456784,122.858779
1780456784,154.382495
1780456784,130.279979
1780456784,122.157979
1780456784,178.652131
1780456784,131.409511
1780456784,132.469901
1780456784,124.403211
1780456784,123.422471
1780456784,178.626710
1780456784,122.802557
1780456784,121.986658
1780456784,167.869808
1780456784,122.441621
1780456784,169.549035
1780456784,118.025638
1780456784,118.583105
1780456784,118.686204
1780456784,153.069730
1780456784,142.120119
1780456784,141.450186
1780456784,139.327568
1780456784,138.126073
1780456784,138.142754
1780456784,137.813079
1780456784,140.544014
1780456784,138.786142
1780456784,141.556723
1780456784,156.898433
1780456784,137.114979
1780456784,119.238665
1780456784,120.124718
1780456784,119.939520
1780456784,137.682181
1780456784,136.846918
1780456784,152.128685
1780456784,119.527801
1780456784,133.577568
1780456784,120.231785
1780456784,120.525931
1780456784,120.346273
1780456784,120.120323
1780456784,120.267958
1780456784,152.016457
1780456784,141.325115
1780456784,143.331643
1780456784,139.452921
1780456784,136.255835
1780456784,140.174836
1780456784,136.599287
1780456784,135.942153
1780456784,121.904170
1780456784,145.691701
1780456784,173.783853
1780456784,134.445738
1780456784,153.284227
1780456784,153.580203
1780456784,135.522043
1780456784,144.818101
1780456784,153.432854
1780456784,133.944058
1780456784,134.197922
1780456784,142.200182
1780456784,133.848116
1780456784,133.939622
1780456784,128.999182
1780456784,130.900861
1780456784,135.795086
1780456784,156.160700
1780456784,130.134696
1780456784,114.896378
1780456784,134.195694
1780456784,133.184006
1780456784,124.232142
1780456784,129.485548
1780456784,134.278847
1780456784,121.026104
1780456784,153.990956
1780456784,175.270619
1780456784,148.225320
1780456784,129.818501
1780456784,132.641210
1780456784,121.367926
1780456784,130.132906
1780456784,148.987189
1780456784,115.881304
1780456784,139.554627
1780456784,176.104613
1780456784,155.817429
1780456784,146.228222
1780456784,173.177287
1780456784,169.975207
1780456784,129.395327
1780456784,157.617052
1780456784,160.367080
1780456784,132.503883
1780456784,118.550852
1780456784,132.640647
1780456784,132.463529
1780456784,123.809875
1780456784,121.951605
1780456784,166.254726
1780456784,131.625570
1780456784,131.437814
1780456784,131.874913
1780456784,131.625943
1780456784,119.286131
1780456784,119.036267
1780456784,119.069292
1780456784,119.399473
1780456784,123.023434
1780456784,122.832312
1780456784,121.917275
1780456784,121.721069
1780456784,167.651845
1780456784,129.776473
1780456784,121.835390
1780456784,119.677849
1780456784,130.252925
1780456784,162.020873
1780456784,119.535077
1780456784,119.277760
1780456784,161.899938
1780456784,162.971885
1780456784,119.686712
1780456784,121.402772
1780456784,133.947007
1780456784,134.849011
1780456784,164.921057
1780456784,135.005936
1780456784,132.333256
1780456784,134.633594
1780456784,132.448589
1780456784,134.475371
1780456784,116.846899
1780456784,115.130366
1780456784,115.313894
1780456784,113.760998
1780456784,114.088871
1780456784,113.957415
1780456784,115.068642
1780456784,113.738661
1780456784,128.933169
1780456784,172.080439
1780456784,144.887806
1780456784,186.535992
1780456784,137.073091
1780456784,145.258093
1780456784,121.826229
1780456784,172.028967
1780456784,150.491915
1780456784,168.593254
1780456784,152.594895
1780456784,116.424012
1780456784,158.547982
1780456784,154.719709
1780456784,158.709742
1780456784,149.056162
1780456784,129.984176
1780456784,154.417013
1780456784,118.113473
1780456784,136.401095
1780456784,174.380851
1780456784,187.700462
1780456784,143.168604
1780456784,122.380512
1780456784,153.446778
1780456784,144.080164
1780456784,143.646963
1780456784,143.986522
1780456784,144.234383
1780456784,144.212415
1780456784,151.151299
1780456784,196.010778
1780456784,169.073976
1780456784,144.420691
1780456784,133.793364
1780456784,128.631251
1780456784,167.199461
1780456784,177.830070
1780456784,178.473398
1780456784,177.031883
1780456784,177.190492
1780456784,182.336099
1780456784,135.528344
1780456784,134.683209
1780456784,128.223348
1780456784,181.780643
1780456784,162.151256
1780456784,138.620062
1780456784,182.021809
1780456784,180.454555
1780456784,135.521990
1780456784,129.914663
1780456784,138.336017
1780456784,182.579672
1780456784,127.306485
1780456784,127.602735
1780456784,155.286805
1780456784,132.284240
1780456784,171.339328
1780456784,154.588182
1780456784,137.299168
1780456784,183.005398
1780456784,133.747177
1780456784,162.488866
1780456784,132.396842
1780456784,165.013271
1780456784,133.162741
1780456784,165.790085
1780456784,133.724406
1780456784,134.228499
1780456784,135.278921
1780456784,134.047510
1780456784,182.317816
1780456784,148.858666
1780456784,188.892393
1780456784,142.860517
1780456784,145.922144
1780456784,186.709539
1780456784,187.047596
1780456784,142.663285
1780456784,117.063232
1780456784,185.660644
1780456784,186.134610
1780456784,190.452461
1780456784,165.735401
1780456784,178.336487
1780456784,168.089020
1780456784,175.989754
1780456784,171.624795
1780456784,172.034699
1780456784,191.347399
1780456784,190.790236
1780456784,190.882168
1780456784,169.228647
1780456784,213.369137
1780456784,160.391636
1780456784,213.275479
1780456784,170.177990
1780456784,160.161116
1780456784,160.417731
1780456784,168.422370
1780456784,138.804203
1780456784,169.431024
1780456784,165.801096
1780456784,156.527853
1780456784,174.835742
1780456784,170.099019
1780456784,216.562147
1780456784,196.475783
1780456784,172.895509
1780456784,135.286886
1780456784,211.542457
1780456784,128.285820
1780456784,155.989036
1780456784,166.795143
1780456784,167.453879
1780456784,209.511941
1780456784,166.560357
1780456784,184.586982
1780456784,175.340247
1780456784,198.133116
1780456784,157.619037
1780456784,188.079386
1780456784,156.579482
1780456784,209.996778
1780456784,233.001962
1780456784,160.889587
1780456784,214.910306
1780456784,159.293557
1780456784,215.668300
1780456784,165.758639
1780456784,164.898298
1780456784,157.400487
1780456784,208.704606
1780456784,212.220364
1780456784,157.599236
1780456784,193.953016
1780456784,159.199121
1780456784,176.091122
1780456784,159.335171
1780456784,196.827890
1780456784,195.204871
1780456784,193.973570
1780456784,194.204416
1780456784,194.731711
1780456784,159.607443
1780456784,189.402338
1780456784,202.298267
1780456784,197.188587
1780456784,232.774899
1780456784,126.922660
1780456784,130.993395
1780456784,109.457731
1780456784,112.707846
1780456784,108.670102
1780456784,112.098328
1780456784,126.428761
1780456784,108.595931
1780456784,109.636822
1780456784,108.628190
1780456784,109.655275
1780456784,106.821976
1780456784,110.592121
1780456784,107.212438
1780456784,112.189724
1780456784,115.803429
1780456784,108.130188
1780456784,111.729991
1780456784,108.852541
1780456784,108.207168
1780456784,118.187522
1780456784,116.651173
1780456784,110.584298
1780456784,118.274284
1780456784,115.978687
1780456784,111.948570
1780456784,119.199978
1780456784,115.640099
1780456784,114.087749
1780456784,109.434152
1780456784,115.908298
1780456784,114.988504
1780456784,115.030349
1780456784,113.610571
1780456784,114.443442
1780456784,114.179589
1780456784,113.923072
1780456784,116.715377
1780456784,113.363655
1780456784,113.124791
1780456784,105.348519
1780456784,105.532477
1780456784,113.737902
1780456784,113.403553
1780456784,120.492387
1780456784,119.259741
1780456784,126.406466
1780456784,120.658010
1780456784,113.842670
1780456784,120.885705
1780456784,106.594556
1780456784,110.441223
1780456784,114.702503
1780456784,107.266580
1780456784,117.085374
1780456784,110.252317
1780456784,119.910080
1780456784,110.241930
1780456784,121.278455
1780456784,107.502783
1780456784,110.372826
1780456784,113.105863
1780456784,113.987003
1780456784,114.925105
1780456784,114.837859
1780456784,114.817613
1780456784,115.444474
1780456784,115.446119
1780456784,115.533123
1780456784,113.220730
1780456784,113.100825
1780456784,111.575695
1780456784,112.694931
1780456784,116.442742
1780456784,115.570435
1780456784,116.359196
1780456784,117.654842
1780456784,116.489948
1780456784,119.849832
1780456784,115.615223
1780456784,119.857669
1780456784,117.527390
1780456784,117.623816
1780456784,121.018773
1780456784,117.554655
1780456784,121.563968
1780456784,114.513065
1780456784,114.665135
1780456784,114.660666
1780456784,113.893021
1780456784,115.363449
1780456784,112.673623
1780456784,114.800056
1780456784,118.021494
1780456784,118.133422
1780456784,117.893463
1780456784,117.897340
1780456784,115.972363
1780456784,107.276129
1780456784,118.061887
1780456784,113.042500
1780456784,116.004699
1780456784,122.567721
1780456784,114.394432
1780456784,114.535336
1780456784,111.867090
1780456784,113.570044
1780456784,118.790303
1780456784,113.698435
1780456784,118.915305
1780456784,112.280516
1780456784,119.310747
1780456784,118.661791
1780456784,118.747004
1780456784,109.936932
1780456784,111.644088
1780456784,169.605331
1780456784,169.645556
1780456784,149.602011
1780456784,152.291462
1780456784,152.589970
1780456784,150.224369
1780456784,115.582983
1780456784,150.169883
1780456784,114.643095
1780456784,122.963677
1780456784,121.926304
1780456784,119.612139
1780456784,119.999281
1780456784,116.262804
1780456784,114.346441
1780456784,118.241160
1780456784,113.232971
1780456784,115.389472
1780456784,113.203907
1780456784,114.703447
1780456784,114.780184
1780456784,115.413291
1780456784,157.531462
1780456784,157.579367
1780456784,155.007042
1780456784,156.372261
1780456784,152.973719
1780456784,156.820294
1780456784,157.254987
1780456784,150.101089
1780456784,158.202768
1780456784,157.706392
1780456784,153.825967
1780456784,125.725157
1780456784,156.035269
1780456784,130.120181
1780456784,153.180356
1780456784,130.893306
1780456784,130.865792
1780456784,130.822561
1780456784,144.617888
1780456784,131.036921
1780456784,144.896873
1780456784,125.418833
1780456784,131.159048
1780456784,131.261937
1780456784,127.355848
1780456784,144.290844
1780456784,125.826601
1780456784,155.383574
1780456784,153.504551
1780456784,127.369387
1780456784,122.401628
1780456784,127.387762
1780456784,124.485130
1780456784,126.229458
1780456784,127.563324
1780456784,130.537592
1780456784,127.562386
1780456784,130.607461
1780456784,123.399436
1780456784,127.525721
1780456784,122.573949
1780456784,128.530680
1780456784,123.459693
1780456784,107.970127
1780456784,123.370257
1780456784,119.620555
1780456784,124.817150
1780456784,112.000198
1780456784,124.893839
1780456784,123.490371
1780456784,124.845950
1780456784,128.754726
1780456784,123.678709
1780456784,122.901851
1780456784,110.221017
1780456784,114.546608
1780456784,110.335608
1780456784,109.144774
1780456784,110.399020
1780456784,122.720722
1780456784,123.710466
1780456784,110.355647
1780456784,110.731075
1780456784,110.574763
1780456784,110.373023
1780456784,110.439548
1780456784,129.140600
1780456784,126.349231
1780456784,127.763055
1780456784,125.628576
1780456784,133.465666
1780456784,126.722749
1780456784,131.847518
1780456784,133.589248
1780456784,128.010741
1780456784,128.869862
1780456784,130.652617
1780456784,130.620256
1780456784,115.390993
1780456784,129.853457
1780456784,121.592701
1780456784,121.688330
1780456784,117.409624
1780456784,126.920193
1780456784,124.275152
1780456784,114.246888
1780456784,127.070044
1780456784,123.049356
1780456784,118.816971
1780456784,126.980148
1780456784,120.626346
1780456784,128.359223
1780456784,116.379804
1780456784,127.108362
1780456784,120.747830
1780456784,114.431228
1780456784,119.717279
1780456784,113.107972
1780456784,113.313615
1780456784,111.919900
1780456784,124.952601
1780456784,114.517980
1780456784,114.486726
1780456784,114.654559
1780456784,114.554191
1780456784,119.906363
1780456784,114.625075
1780456784,116.652646
1780456784,114.699660
1780456784,116.675194
1780456784,123.567414
1780456784,120.098369
1780456784,113.396512
1780456784,113.463551
1780456784,119.579991
1780456784,113.451879
1780456784,120.011432
1780456784,117.213998
1780456784,117.092334
1780456784,123.468082
1780456784,117.889589
1780456784,112.353020
1780456784,111.939758
1780456784,114.676459
1780456784,118.731832
1780456784,113.023265
1780456784,110.992809
1780456784,113.400041
1780456784,113.974307
1780456784,119.744551
1780456784,126.855550
1780456784,129.616259
1780456784,128.034133
1780456784,125.675630
1780456784,126.842174
1780456784,123.943233
1780456784,122.667556
1780456784,125.797815
1780456784,124.279646
1780456784,128.277423
1780456784,127.094025
1780456784,124.805775
1780456784,116.204310
1780456784,124.279288
1780456784,107.787400
1780456784,112.995925
1780456784,126.309779
1780456784,112.200151
1780456784,115.134403
1780456784,115.378088
1780456784,115.472388
1780456784,126.909400
1780456784,115.645099
1780456784,115.612811
1780456784,116.166189
1780456784,115.235513
1780456784,128.805371
1780456784,125.798295
1780456784,127.802431
1780456784,114.745262
1780456784,124.698969
1780456784,111.055197
1780456784,108.884868
1780456784,126.323301
1780456784,120.108111
1780456784,108.671986
1780456784,136.499409
1780456784,115.831014
1780456784,111.781309
1780456784,122.699575
1780456784,108.889025
1780456784,112.165379
1780456784,112.313446
1780456784,122.678630
1780456784,108.073132
1780456784,122.188170
1780456784,112.228376
1780456784,123.977267
1780456784,112.198083
1780456784,122.880834
1780456784,112.722344
1780456784,112.887158
1780456784,113.632907
1780456784,121.916373
1780456784,124.776383
1780456784,114.747424
1780456784,133.038098
1780456784,131.348527
1780456784,117.466758
1780456784,114.939554
1780456784,123.367463
1780456784,116.374355
1780456784,125.636227
1780456784,111.913970
1780456784,131.481441
1780456784,132.109538
1780456784,116.989712
1780456784,126.859259
1780456784,126.786557
1780456784,122.132211
1780456784,126.897934
1780456784,115.152356
1780456784,122.113766
1780456784,115.440385
1780456784,122.518341
1780456784,122.681335
1780456784,122.900054
1780456784,123.341236
1780456784,129.050350
1780456784,127.730851
1780456784,120.630345
1780456784,129.046699
1780456784,126.442351
1780456784,124.428607
1780456784,125.508150
1780456784,126.626095
1780456784,128.110391
1780456784,128.048970
1780456784,126.487703
1780456784,125.054433
1780456784,128.551670
1780456784,121.262763
1780456784,127.331369
1780456784,123.347131
1780456784,124.432583
1780456784,130.149681
1780456784,124.554255
1780456784,130.345780
1780456784,127.883700
1780456784,127.307398
1780456784,128.177956
1780456784,124.136250
1780456784,122.871226
1780456784,121.470135
1780456784,127.794694
1780456784,128.456150
1780456784,128.747121
1780456784,121.766301
1780456784,122.842625
1780456784,124.004873
1780456784,130.398996
1780456784,123.097171
1780456784,122.691126
1780456784,124.195062
1780456784,123.048179
1780456784,128.349898
1780456784,124.409178
1780456784,128.550598
1780456784,129.642299
1780456784,124.628435
1780456784,122.029626
1780456784,124.416536
1780456784,129.272940
1780456784,129.385286
1780456784,129.895542
1780456784,134.857634
1780456784,128.108315
1780456784,129.464570
1780456784,125.507200
1780456784,129.402937
1780456784,129.629703
1780456784,129.601534
1780456784,129.759001
1780456784,129.777765
1780456784,132.294745
1780456784,124.598698
1780456784,126.508937
1780456784,130.396318
1780456784,130.750349
1780456784,126.746642
1780456784,126.725121
1780456784,126.918421
1780456784,132.645073
1780456784,132.892219
1780456784,128.155975
1780456784,133.372155
1780456784,128.186277
1780456784,127.962454
1780456784,133.633018
1780456784,133.366666
1780456784,133.982969
1780456784,134.026285
1780456784,134.383957
1780456784,133.976860
1780456784,134.715432
1780456784,128.585836
1780456784,128.941881
1780456784,134.302856
1780456784,135.323755
1780456784,130.017597
1780456784,129.289759
1780456784,135.282493
1780456784,136.032803
1780456784,130.631164
1780456784,136.186683
1780456784,139.466477
1780456784,136.162675
1780456784,136.571281
1780456784,130.780827
1780456784,135.252284
1780456784,129.801261
1780456784,137.125106
1780456784,132.805915
1780456784,139.536867
1780456784,136.395384
1780456784,137.519283
1780456784,136.595605
1780456784,140.137229
1780456784,132.971994
1780456784,137.762204
1780456784,137.960168
1780456784,136.721819
1780456784,138.300920
1780456784,132.776227
1780456784,142.065745
1780456784,137.773877
1780456784,137.358646
1780456784,141.586827
1780456784,137.726642
1780456784,137.196833
1780456784,132.539828
1780456784,136.976768
1780456784,137.845543
1780456784,136.838684
1780456784,138.715560
1780456784,136.730819
1780456784,138.275078
1780456784,168.229683
1780456784,167.376960
1780456784,167.663283
1780456784,164.693737
1780456784,165.852697
1780456784,164.748716
1780456784,153.357499
1780456784,136.899350
1780456784,153.262490
1780456784,143.853481
1780456784,154.738326
1780456784,166.486538
1780456784,154.821938
1780456784,166.578847
1780456784,162.348973
1780456784,166.557686
1780456784,162.463131
1780456784,168.088746
1780456784,168.064167
1780456784,168.911285
1780456784,149.683537
1780456784,168.127368
1780456784,170.285131
1780456784,166.391256
1780456784,156.399300
1780456784,163.978777
1780456784,158.509586
1780456784,132.578673
1780456784,170.512845
1780456784,172.375285
1780456784,149.963158
1780456784,165.339375
1780456784,143.365099
1780456784,161.863730
1780456784,141.021994
1780456784,172.287014
1780456784,142.710767
1780456784,150.098926
1780456784,167.160828
1780456784,144.932748
1780456784,162.116019
1780456784,141.379642
1780456784,139.714812
1780456784,144.749383
1780456784,142.118320
1780456784,142.045828
1780456784,142.359215
1780456784,145.805948
1780456784,145.295323
1780456784,144.823630
1780456784,142.715898
1780456784,163.536118
1780456784,164.727839
1780456784,145.359349
1780456784,166.018783
1780456784,145.875490
1780456784,155.947917
1780456784,146.558697
1780456784,166.045933
1780456784,146.243318
1780456784,146.027187
1780456784,146.334176
1780456784,166.246039
1780456784,146.526221
1780456784,149.591699
1780456784,146.020207
1780456784,142.509480
1780456784,146.018186
1780456784,146.931053
1780456784,142.708306
1780456784,165.206381
1780456784,147.031200
1780456784,143.227579
1780456784,147.173570
1780456784,140.851560
1780456784,145.593076
1780456784,169.352936
1780456784,145.757543
1780456784,149.805702
1780456784,146.809620
1780456784,148.470872
1780456784,146.220907
1780456784,149.876312
1780456784,146.404506
1780456784,150.099764
1780456784,146.464186
1780456784,169.710126
1780456784,146.669071
1780456784,150.021287
1780456784,150.162308
1780456784,137.537459
1780456784,145.670419
1780456784,143.518523
1780456784,146.745717
1780456784,146.686280
1780456784,144.641187
1780456784,147.156162
1780456784,147.436166
1780456784,147.169881
1780456784,138.377418
1780456784,145.985125
1780456784,139.273518
1780456784,136.959931
1780456784,139.416289
1780456784,141.302773
1780456784,137.739264
1780456784,147.878106
1780456784,145.741568
1780456784,139.420353
1780456784,139.041910
1780456784,140.553810
1780456784,147.461181
1780456784,147.810519
1780456784,147.632319
1780456784,147.889153
1780456784,144.959325
1780456784,139.126564
1780456784,142.638112
1780456784,139.010274
1780456784,148.088743
1780456784,147.738697
1780456784,142.835862
1780456784,141.597965
1780456784,141.715024
1780456784,147.777583
1780456784,142.762617
1780456784,141.697524
1780456784,142.566038
1780456784,147.800530
1780456784,139.002007
1780456784,147.832729
1780456784,148.282449
1780456784,147.669006
1780456784,145.296765
1780456784,143.308446
1780456784,146.405604
1780456784,148.381622
1780456784,145.592533
1780456784,146.430195
1780456784,145.533740
1780456784,139.142865
1780456784,140.691186
1780456784,139.081627
1780456784,148.450567
1780456784,147.983622
1780456784,140.099187
1780456784,148.676351
1780456784,146.105650
1780456784,144.315892
1780456784,139.647517
1780456784,136.377763
1780456784,142.627218
1780456784,146.251080
1780456784,140.078714
1780456784,135.481423
1780456784,146.485282
1780456784,149.452157
1780456784,139.833261
1780456784,144.140466
1780456784,140.259219
1780456784,149.628190
1780456784,142.850914
1780456784,146.837753
1780456784,138.877927
1780456784,140.000206
1780456784,147.060309
1780456784,143.168075
1780456784,122.320522
1780456784,147.068304
1780456784,147.234613
1780456784,122.519634
1780456784,150.400966
1780456784,119.140793
1780456784,147.306994
1780456784,147.491179
1780456784,143.774335
1780456784,142.504818
1780456784,119.394311
1780456784,150.124716
1780456784,146.191541
1780456784,147.950716
1780456784,150.221964
1780456784,117.118878
1780456784,145.991590
1780456784,140.614480
1780456784,142.019951
1780456784,117.220498
1780456784,142.817815
1780456784,117.343416
1780456784,145.110077
1780456784,146.340808
1780456784,144.384917
1780456784,143.524068
1780456784,145.247228
1780456784,142.817783
1780456784,143.500443
1780456784,150.911588
1780456784,151.810534
1780456784,151.748369
1780456784,115.359426
1780456784,151.020622
1780456784,115.467667
1780456784,146.985814
1780456784,146.950615
1780456784,147.972465
1780456784,143.746977
1780456784,147.600042
1780456784,147.182396
1780456784,144.029140
1780456784,146.796944
1780456784,152.624552
1780456784,152.469192
1780456784,114.972464
1780456784,147.167758
1780456784,147.588182
1780456784,143.507340
1780456784,151.898578
1780456784,148.700704
1780456784,152.642791
1780456784,144.426393
1780456784,152.726539
1780456784,148.104887
1780456784,151.627965
1780456784,148.207443
1780456784,148.099935
1780456784,148.153473
1780456784,150.885158
1780456784,153.182529
1780456784,143.154949
1780456784,149.444436
1780456784,150.682551
1780456784,153.031792
1780456784,151.068227
1780456784,154.042194
1780456784,143.395614
1780456784,145.244363
1780456784,153.322105
1780456784,148.617661
1780456784,153.737656
1780456784,148.219293
1780456784,151.850995
1780456784,148.959435
1780456784,153.644133
1780456784,149.866597
1780456784,113.450969
1780456784,150.194202
1780456784,155.530665
1780456784,150.465726
1780456784,150.026599
1780456784,155.559520
1780456784,155.418045
1780456784,150.835605
1780456784,150.909432
1780456784,150.899282
1780456784,156.209987
1780456784,149.596119
1780456784,151.127089
1780456784,150.801991
1780456784,151.084916
1780456784,150.931336
1780456784,156.532786
1780456784,148.928424
1780456784,156.722307
1780456784,155.908726
1780456784,148.839286
1780456784,146.375621
1780456784,148.487082
1780456784,156.731654
1780456784,143.408078
1780456784,135.589947
1780456784,148.838595
1780456784,148.851401
1780456784,126.408826
1780456784,149.009335
1780456784,152.635383
1780456784,126.584345
1780456784,125.448194
1780456784,151.766064
1780456784,158.442270
1780456784,124.617966
1780456784,124.777581
1780456784,153.165805
1780456784,125.096665
1780456784,156.643639
1780456784,150.580607
1780456784,150.663541
1780456784,158.536152
1780456784,150.062625
1780456784,157.096384
1780456784,150.719334
1780456784,157.940198
1780456784,159.537181
1780456784,156.810617
1780456784,159.299068
1780456784,158.046158
1780456784,150.482891
1780456784,159.020766
1780456784,152.899354
1780456784,157.211533
1780456784,157.189050
1780456784,156.729690
1780456784,125.659496
1780456784,151.334261
1780456784,159.157587
1780456784,158.024758
1780456784,156.500663
1780456784,159.977960
1780456784,157.699650
1780456784,153.417564
1780456784,156.977287
1780456784,153.621998
1780456784,157.750098
1780456784,154.335784
1780456784,153.490450
1780456784,158.536668
1780456784,157.227831
1780456784,158.139476
1780456784,154.489950
1780456784,153.559708
1780456784,153.607200
1780456784,154.371088
1780456784,119.313309
1780456784,153.419924
1780456784,125.504535
1780456784,125.687997
1780456784,157.446750
1780456784,158.747288
1780456784,154.908729
1780456784,119.742369
1780456784,118.413731
1780456784,156.989512
1780456784,152.869713
1780456784,153.776008
1780456784,159.606497
1780456784,159.630095
1780456784,155.482700
1780456784,158.979998
1780456784,157.924564
1780456784,159.794128
1780456784,155.506899
1780456784,160.144454
1780456784,160.211875
1780456784,142.163334
1780456784,131.227001
1780456784,158.561611
1780456784,161.019984
1780456784,158.633408
1780456784,158.887389
1780456784,160.394186
1780456784,137.759413
1780456784,136.951185
1780456784,137.149583
1780456784,159.254393
1780456784,159.273717
1780456784,162.719980
1780456784,154.532123
1780456784,136.521590
1780456784,161.597893
1780456784,137.276826
1780456784,161.918638
1780456784,137.572242
1780456784,160.904799
1780456784,163.100071
1780456784,162.477052
1780456784,158.961524
1780456784,160.936390
1780456784,156.739053
1780456784,162.691957
1780456784,161.476806
1780456784,137.163058
1780456784,162.589866
1780456784,136.109769
1780456784,159.755966
1780456784,161.794998
1780456784,162.952749
1780456784,135.154094
1780456784,135.202318
1780456784,160.012960
1780456784,131.331807
1780456784,161.504078
1780456784,164.568763
1780456784,132.908175
1780456784,160.467652
1780456784,161.708689
1780456784,160.516898
1780456784,134.659430
1780456784,162.082254
1780456784,134.855205
1780456784,158.142350
1780456784,162.181069
1780456784,132.237006
1780456784,165.003052
1780456784,162.390253
1780456784,132.369682
1780456784,162.553647
1780456784,134.071967
1780456784,165.467739
1780456784,162.818487
1780456784,134.157392
1780456784,165.177532
1780456784,163.245742
1780456784,165.366985
1780456784,168.439845
1780456784,129.666327
1780456784,161.972663
1780456784,163.278434
1780456784,162.111154
1780456784,128.891513
1780456784,163.102415
1780456784,161.365349
1780456784,165.523660
1780456784,135.070363
1780456784,163.440013
1780456784,165.654409
1780456784,166.265845
1780456784,170.532245
1780456784,129.587390
1780456784,166.482756
1780456784,158.998930
1780456784,163.034661
1780456784,166.141714
1780456784,134.674368
1780456784,163.695830
1780456784,130.143552
1780456784,166.528319
1780456784,167.719900
1780456784,169.975806
1780456784,135.165404
1780456784,163.045219
1780456784,163.525290
1780456784,166.846687
1780456784,167.096079
1780456784,158.373499
1780456784,158.056656
1780456784,134.391915
1780456784,167.100491
1780456784,163.011822
1780456784,163.699187
1780456784,135.930106
1780456784,163.180178
1780456784,131.466409
1780456784,157.972697
1780456784,167.726008
1780456784,131.727833
1780456784,167.426995
1780456784,162.218980
1780456784,168.268343
1780456784,164.247414
1780456784,163.679983
1780456784,172.991736
1780456784,172.139484
1780456784,132.225795
1780456784,163.202381
1780456784,142.510738
1780456784,132.725483
1780456784,162.276118
1780456784,136.304967
1780456784,163.562946
1780456784,164.101503
1780456784,169.368805
1780456784,170.417063
1780456784,173.898215
1780456784,171.882634
1780456784,135.806967
1780456784,164.810176
1780456784,172.325192
1780456784,172.853902
1780456784,173.034049
1780456784,173.257747
1780456784,174.680606
1780456784,173.876292
1780456784,173.390353
1780456784,170.907585
1780456784,174.010723
1780456784,173.708057
1780456784,128.653071
1780456784,146.113369
1780456784,146.249033
1780456784,143.523067
1780456784,143.587312
1780456784,134.725826
1780456784,140.899431
1780456784,134.863128
1780456784,175.620748
1780456784,142.321812
1780456784,131.442879
1780456784,137.585278
1780456784,173.950808
1780456784,175.570310
1780456784,175.531571
1780456784,136.676752
1780456784,175.686509
1780456784,170.993163
1780456784,129.395726
1780456784,175.752573
1780456784,177.911727
1780456784,135.179871
1780456784,171.372746
1780456784,170.358468
1780456784,175.765104
1780456784,170.805224
1780456784,126.030181
1780456784,171.104033
1780456784,140.310634
1780456784,173.829674
1780456784,129.592012
1780456784,171.328625
1780456784,126.136265
1780456784,137.002162
1780456784,141.902703
1780456784,172.030980
1780456784,173.047744
1780456784,129.983640
1780456784,170.561261
1780456784,138.706994
1780456784,126.709152
1780456784,177.444761
1780456784,177.496391
1780456784,136.549893
1780456784,125.929567
1780456784,137.923249
1780456784,177.802870
1780456784,136.999621
1780456784,132.415081
1780456784,124.976990
1780456784,172.201090
1780456784,178.344185
1780456784,121.414849
1780456784,178.477501
1780456784,136.346743
1780456784,175.192658
1780456784,135.418353
1780456784,123.181801
1780456784,172.420519
1780456784,136.576744
1780456784,120.871711
1780456784,177.424398
1780456784,133.632974
1780456784,172.910287
1780456784,122.711415
1780456784,136.290668
1780456784,172.849960
1780456784,173.309875
1780456784,174.988878
1780456784,127.643904
1780456784,174.295767
1780456784,175.741541
1780456784,136.652159
1780456784,174.124476
1780456784,135.492389
1780456784,170.568650
1780456784,136.701672
1780456784,130.945891
1780456784,136.705162
1780456784,174.336584
1780456784,173.924465
1780456784,133.429653
1780456784,128.205408
1780456784,128.214943
1780456784,176.787114
1780456784,128.681298
1780456784,173.873819
1780456784,173.488605
1780456784,183.586379
1780456784,172.175842
1780456784,131.987995
1780456784,129.041367
1780456784,181.301568
1780456784,177.191887
1780456784,129.522647
1780456784,122.509300
1780456784,129.153675
1780456784,121.879768
1780456784,129.403535
1780456784,121.873463
1780456784,122.029021
1780456784,129.478393
1780456784,128.547416
1780456784,178.300013
1780456784,122.522446
1780456784,122.606254
1780456784,179.116304
1780456784,125.761096
1780456784,134.983603
1780456784,134.989615
1780456784,144.651527
1780456784,118.932152
1780456784,135.261896
1780456784,119.074395
1780456784,114.003959
1780456784,119.131290
1780456784,130.238880
1780456784,139.901626
1780456784,130.189539
1780456784,121.391414
1780456784,132.294062
1780456784,144.669086
1780456784,144.866694
1780456784,134.166645
1780456784,131.659875
1780456784,132.578135
1780456784,185.516371
1780456784,184.441871
1780456784,174.207983
1780456784,114.207942
1780456784,184.005839
1780456784,165.414139
1780456784,114.938052
1780456784,180.014003
1780456784,179.956731
1780456784,114.971833
1780456784,180.258614
1780456784,114.980887
1780456784,114.916481
1780456784,115.146221
1780456784,179.221497
1780456784,159.972545
1780456784,115.054061
1780456785,133.923643
1780456785,188.526616
1780456785,133.787564
1780456785,179.284315
1780456785,156.973031
1780456785,179.480992
1780456785,152.290728
1780456785,152.511120
1780456785,151.688641
1780456785,132.451663
1780456785,149.836503
1780456785,132.748432
1780456785,150.009991
1780456785,133.055601
1780456785,130.766732
1780456785,147.019917
1780456785,149.513819
1780456785,147.031488
1780456785,145.914987
1780456785,144.797949
1780456785,140.178223
1780456785,133.773093
1780456785,137.261539
1780456785,191.639991
1780456785,137.335931
1780456785,129.316402
1780456785,191.965611
1780456785,137.613662
1780456785,185.450415
1780456785,140.846930
1780456785,150.359272
1780456785,115.892521
1780456785,136.055583
1780456785,182.885671
1780456785,130.001068
1780456785,136.308741
1780456785,188.020151
1780456785,192.830789
1780456785,158.693206
1780456785,136.752466
1780456785,135.595406
1780456785,135.711715
1780456785,159.237900
1780456785,134.683268
1780456785,116.300712
1780456785,116.483793
1780456785,187.487314
1780456785,158.568711
1780456785,188.984658
1780456785,121.818724
1780456785,192.053942
1780456785,188.763455
1780456785,192.857699
1780456785,111.207872
1780456785,194.490065
1780456785,192.750823
1780456785,188.683485
1780456785,194.536313
1780456785,123.117368
1780456785,190.450969
1780456785,188.319012
1780456785,188.478281
1780456785,196.964971
1780456785,185.779821
1780456785,140.258527
1780456785,196.833061
1780456785,193.873421
1780456785,169.549997
1780456785,185.055178
1780456785,176.764521
1780456785,197.210278
1780456785,194.163575
1780456785,115.787558
1780456785,132.921560
1780456785,133.055587
1780456785,197.447279
1780456785,194.641230
1780456785,197.821870
1780456785,194.827710
1780456785,188.240846
1780456785,133.922423
1780456785,173.638848
1780456785,140.370888
1780456785,195.595439
1780456785,203.822208
1780456785,190.091013
1780456785,196.790309
1780456785,147.172652
1780456785,142.396278
1780456785,142.407564
1780456785,115.070220
1780456785,123.060810
1780456785,116.395992
1780456785,116.415471
1780456785,148.586964
1780456785,116.559184
1780456785,116.418109
1780456785,115.411291
1780456785,114.149235
1780456785,114.220912
1780456785,115.418654
1780456785,115.437146
1780456785,123.610517
1780456785,179.030638
1780456785,178.146459
1780456785,208.021968
1780456785,178.359658
1780456785,148.700246
1780456785,135.023800
1780456785,177.491280
1780456785,133.773764
1780456785,147.298235
1780456785,146.196071
1780456785,146.103676
1780456785,125.947384
1780456785,154.919793
1780456785,125.904507
1780456785,119.042588
1780456785,126.967031
1780456785,179.015424
1780456785,173.917849
1780456785,155.225763
1780456785,178.844682
1780456785,181.413272
1780456785,178.789851
1780456785,137.653695
1780456785,170.376068
1780456785,203.424047
1780456785,212.599285
1780456785,203.606869
1780456785,203.574738
1780456785,212.762904
1780456785,155.985260
1780456785,155.970382
1780456785,157.717983
1780456785,156.219325
1780456785,155.326884
1780456785,153.059339
1780456785,171.375526
1780456785,170.289570
1780456785,153.310238
1780456785,151.274208
1780456785,169.457033
1780456785,151.404355
1780456785,159.191365
1780456785,203.125146
1780456785,151.791164
1780456785,148.105577
1780456785,207.594817
1780456785,152.146393
1780456785,159.666578
1780456785,160.163186
1780456785,142.164719
1780456785,162.504527
1780456785,137.747775
1780456785,142.245529
1780456785,142.600271
1780456785,208.901184
1780456785,142.771950
1780456785,157.724439
1780456785,139.223722
1780456785,210.706850
1780456785,209.326032
1780456785,208.326944
1780456785,211.021630
1780456785,152.137912
1780456785,158.655807
1780456785,162.137748
1780456785,160.266744
1780456785,211.178102
1780456785,211.805804
1780456785,211.740840
1780456785,158.864962
1780456785,212.694045
1780456785,120.817415
1780456785,208.916693
1780456785,212.625602
1780456785,218.526705
1780456785,213.146593
1780456785,196.964730
1780456785,129.363722
1780456785,216.879996
1780456785,129.558566
1780456785,217.421021
1780456785,158.262433
1780456785,207.185415
1780456785,213.350352
1780456785,130.068555
1780456785,216.944952
1780456785,130.040619
1780456785,216.896130
1780456785,130.497559
1780456785,129.129128
1780456785,123.747061
1780456785,201.186572
1780456785,207.939761
1780456785,220.276872
1780456785,222.473727
1780456785,219.395173
1780456785,201.256995
1780456785,201.311117
1780456785,138.912103
1780456785,222.570332
1780456785,170.723946
1780456785,212.864193
1780456785,139.199632
1780456785,131.048932
1780456785,131.083169
1780456785,149.494678
1780456785,214.368848
1780456785,170.161325
1780456785,150.053529
1780456785,214.989008
1780456785,215.181874
1780456785,216.427057
1780456785,150.715736
1780456785,138.973640
1780456785,164.650384
1780456785,156.205850
1780456785,156.287501
1780456785,139.154985
1780456785,129.731188
1780456785,139.352217
1780456785,139.366923
1780456785,146.526054
1780456785,139.176172
1780456785,139.274224
1780456785,147.366784
1780456785,147.404100
1780456785,139.387133
1780456785,139.453804
1780456785,214.466459
1780456785,139.454646
1780456785,214.443780
1780456785,139.649478
1780456785,222.984686
1780456785,133.889954
1780456785,223.555211
1780456785,223.036500
1780456785,133.845844
1780456785,151.709648
1780456785,206.151867
1780456785,207.497795
1780456785,207.427415
1780456785,206.292462
1780456785,151.272884
1780456785,150.448015
1780456785,207.013953
1780456785,208.277997
1780456785,208.290198
1780456785,216.855666
1780456785,207.141671
1780456785,227.273125
1780456785,228.879974
1780456785,208.588248
1780456785,208.750287
1780456785,208.998501
1780456785,208.111228
1780456785,228.884690
1780456785,118.590502
1780456785,119.310452
1780456785,231.074896
1780456785,119.378919
1780456785,229.599701
1780456785,119.344840
1780456785,139.012792
1780456785,115.330198
1780456785,119.985953
1780456785,120.109226
1780456785,120.181370
1780456785,155.653580
1780456785,157.714221
1780456785,213.482127
1780456785,227.136321
1780456785,137.042224
1780456785,137.051897
1780456785,137.109432
1780456785,137.098681
1780456785,227.603777
1780456785,137.273552
1780456785,214.369608
1780456785,227.856911
1780456785,214.521344
1780456785,213.551096
1780456785,122.592444
1780456785,224.367215
1780456785,123.155357
1780456785,122.975972
1780456785,123.243117
1780456785,152.000942
1780456785,151.925780
1780456785,152.055795
1780456785,123.149370
1780456785,123.656115
1780456785,152.143215
1780456785,124.344705
1780456785,214.180006
1780456785,152.969398
1780456785,153.172178
1780456785,214.585935
1780456785,120.445179
1780456785,117.105268
1780456785,120.806482
1780456785,153.975426
1780456785,212.094094
1780456785,208.577674
1780456785,207.492508
1780456785,125.925021
1780456785,125.828328
1780456785,125.779607
1780456785,215.908425
1780456785,125.907416
1780456785,216.042205
1780456785,126.255639
1780456785,210.643270
1780456785,216.425410
1780456785,209.665082
1780456785,216.749343
1780456785,126.741623
1780456785,126.485457
1780456785,216.885195
1780456785,119.190207
1780456785,217.110265
1780456785,211.680388
1780456785,171.432466
1780456785,171.860982
1780456785,216.994337
1780456785,124.162156
1780456785,172.745648
1780456785,129.301638
1780456785,124.826632
1780456785,129.513098
1780456785,214.906851
1780456785,214.006777
1780456785,214.332235
1780456785,130.554605
1780456785,213.523551
1780456785,213.877721
1780456785,214.656784
1780456785,213.656562
1780456785,214.623587
1780456785,214.889810
1780456785,214.972056
1780456785,216.200384
1780456785,216.192933
1780456785,216.364554
1780456785,131.477168
1780456785,214.000107
1780456785,216.586335
1780456785,216.705461
1780456785,131.879119
1780456785,180.031525
1780456785,131.880285
1780456785,210.478180
1780456785,215.476952
1780456785,131.993910
1780456785,216.874642
1780456785,132.113177
1780456785,216.841480
1780456785,179.167101
1780456785,116.481095
1780456785,116.818399
1780456785,116.883234
1780456785,115.173098
1780456785,189.926333
1780456785,185.036422
1780456785,185.127248
1780456785,225.942602
1780456785,224.350879
1780456785,190.815179
1780456785,227.250054
1780456785,225.901871
1780456785,227.316565
1780456785,228.507038
1780456785,228.584240
1780456785,191.015501
1780456785,229.717537
1780456785,191.083481
1780456785,191.193224
1780456785,228.671288
1780456785,191.271574
1780456785,229.844720
1780456785,236.928644
1780456785,228.782508
1780456785,229.881101
1780456785,237.116710
1780456785,233.419746
1780456785,241.918239
1780456785,230.027541
1780456785,240.740004
1780456785,165.510974
1780456785,191.483950
1780456785,224.816432
1780456785,232.463324
1780456785,191.644074
1780456785,191.668344
1780456785,185.700237
1780456785,215.458341
1780456785,185.794525
1780456785,209.560970
1780456785,165.642947
1780456785,211.922939
1780456785,222.921815
1780456785,186.046039
1780456785,209.701268
1780456785,191.662719
1780456785,225.118028
1780456785,225.194304
1780456785,191.825476
1780456785,226.825351
1780456785,225.316159
1780456785,191.822829
1780456785,191.932232
1780456785,231.730025
1780456785,185.419293
1780456785,226.991730
1780456785,186.226122
1780456785,166.034019
1780456785,209.900722
1780456785,225.513287
1780456785,116.328261
1780456785,125.321507
1780456785,126.067651
1780456785,125.707331
1780456785,117.866935
1780456785,125.539866
1780456785,125.392118
1780456785,116.575153
1780456785,126.103065
1780456785,116.652459
1780456785,118.164714
1780456785,116.719169
1780456785,118.155610
1780456785,118.228292
1780456785,118.173432
1780456785,118.193166
1780456785,169.041175
1780456785,189.205159
1780456785,189.175231
1780456785,113.861818
1780456785,113.848736
1780456785,113.779003
1780456785,113.724034
1780456785,114.400911
1780456785,111.226312
1780456785,112.036524
1780456785,133.554123
1780456785,134.004485
1780456785,134.114086
1780456785,133.939549
1780456785,111.172827
1780456785,133.959226
1780456785,111.489803
1780456785,134.005401
1780456785,114.285074
1780456785,114.223639
1780456785,114.255725
1780456785,113.041691
1780456785,111.406795
1780456785,111.286333
1780456785,111.393086
1780456785,144.274084
1780456785,121.036290
1780456785,144.264038
1780456785,120.785784
1780456785,144.275087
1780456785,136.532216
1780456785,144.129296
1780456785,136.872970
1780456785,118.950858
1780456785,120.710185
1780456785,136.577376
1780456785,118.497567
1780456785,120.603685
1780456785,136.743530
1780456785,144.228541
1780456785,113.225145
1780456785,144.981913
1780456785,119.474889
1780456785,113.571964
1780456785,118.817536
1780456785,117.707796
1780456785,118.224654
1780456785,136.735904
1780456785,106.981170
1780456785,115.625415
1780456785,148.672547
1780456785,121.757559
1780456785,125.157617
1780456785,124.815494
1780456785,141.220318
1780456785,148.516916
1780456785,122.125988
1780456785,122.107897
1780456785,149.014130
1780456785,122.380764
1780456785,148.777928
1780456785,117.849224
1780456785,118.230713
1780456785,110.440002
1780456785,110.660658
1780456785,119.019767
1780456785,111.250160
1780456785,111.104608
1780456785,111.446251
1780456785,123.809229
1780456785,128.821871
1780456785,123.180111
1780456785,114.015496
1780456785,112.244591
1780456785,123.561221
1780456785,123.301453
1780456785,124.477219
1780456785,113.455942
1780456785,125.574885
1780456785,125.621853
1780456785,112.752869
1780456785,125.507648
1780456785,112.568570
1780456785,124.339240
1780456785,125.162073
1780456785,112.838252
1780456785,125.758343
1780456785,125.605598
1780456785,125.652735
1780456785,112.432124
1780456785,124.602601
1780456785,124.462184
1780456785,124.562920
1780456785,141.429359
1780456785,134.146887
1780456785,134.210730
1780456785,134.317953
1780456785,134.144854
1780456785,141.089476
1780456785,141.167913
1780456785,141.446915
1780456785,119.384523
1780456785,134.426474
1780456785,119.551302
1780456785,119.767937
1780456785,119.754552
1780456785,134.638866
1780456785,134.708939
1780456785,134.760269
1780456785,134.709238
1780456785,134.831427
1780456785,134.999964
1780456785,120.166939
1780456785,135.082464
1780456785,135.143755
1780456785,141.983882
1780456785,141.958972
1780456785,142.172303
1780456785,141.999278
1780456785,120.406605
1780456785,142.375034
1780456785,142.329917
1780456785,142.324312
1780456785,135.455455
1780456785,142.829113
1780456785,142.485920
1780456785,135.536551
1780456785,133.936642
1780456785,120.862878
1780456785,120.593112
1780456785,120.428664
1780456785,120.638804
1780456785,120.555346
1780456785,120.739654
1780456785,120.733487
1780456785,120.888743
1780456785,121.456105
1780456785,121.443686
1780456785,121.508430
1780456785,121.612908
1780456785,121.094323
1780456785,121.657168
1780456785,121.919139
1780456785,122.076711
1780456785,122.147591
1780456785,122.066960
1780456785,115.483340
1780456785,115.671948
1780456785,129.996135
1780456785,116.676671
1780456785,125.859520
1780456785,117.952862
1780456785,125.752309
1780456785,118.382406
1780456785,131.975382
1780456785,132.271170
1780456785,119.001895
1780456785,119.301913
1780456785,117.112857
1780456785,113.091916
1780456785,134.532676
1780456785,120.653592
1780456785,134.838252
1780456785,120.664273
1780456785,135.408859
1780456785,121.237072
1780456785,121.076825
1780456785,136.403576
1780456785,119.232361
1780456785,120.411915
1780456785,120.387931
1780456785,120.476492
1780456785,132.638473
1780456785,131.503042
1780456785,121.450140
1780456785,120.960396
1780456785,125.451332
1780456785,125.436068
1780456785,125.664166
1780456785,127.120187
1780456785,127.125790
1780456785,127.009012
1780456785,139.303809
1780456785,138.540424
1780456785,139.452533
1780456785,139.713390
1780456785,139.687650
1780456785,139.368364
1780456785,139.494039
1780456785,127.115749
1780456785,131.853951
1780456785,131.903990
1780456785,131.896408
1780456785,132.039971
1780456785,139.750278
1780456785,132.169794
1780456785,131.800690
1780456785,132.333007
1780456785,127.459237
1780456785,132.210159
1780456785,124.300614
1780456785,127.664976
1780456785,127.804347
1780456785,127.897789
1780456785,127.958382
1780456785,127.829345
1780456785,132.952298
1780456785,132.458796
1780456785,132.727389
1780456785,132.207733
1780456785,128.120345
1780456785,139.723929
1780456785,132.986515
1780456785,133.128116
1780456785,132.807743
1780456785,135.605817
1780456785,132.349723
1780456785,124.367345
1780456785,130.499361
1780456785,127.410837
1780456785,135.757987
1780456785,127.480152
1780456785,124.930396
1780456785,127.010011
1780456785,128.667886
1780456785,136.281826
1780456785,132.773501
1780456785,136.155067
1780456785,132.918274
1780456785,135.826524
1780456785,126.895379
1780456785,136.559032
1780456785,136.676345
1780456785,136.105902
1780456785,135.947645
1780456785,120.884773
1780456785,126.497009
1780456785,120.859748
1780456785,124.688336
1780456785,121.105640
1780456785,124.856606
1780456785,130.445713
1780456785,132.059201
1780456785,125.700425
1780456785,125.809601
1780456785,127.244064
1780456785,127.714323
1780456785,127.416796
1780456785,128.193030
1780456785,131.683443
1780456785,132.103554
1780456785,121.653587
1780456785,132.967669
1780456785,121.780743
1780456785,134.037857
1780456785,121.870454
1780456785,129.961776
1780456785,131.565034
1780456785,127.210966
1780456785,127.868300
1780456785,146.794284
1780456785,146.204974
1780456785,146.592158
1780456785,146.592604
1780456785,146.739692
1780456785,146.873707
1780456785,148.896734
1780456785,133.736437
1780456785,133.668341
1780456785,134.131157
1780456785,140.005293
1780456785,140.040392
1780456785,146.932485
1780456785,147.165381
1780456785,130.108764
1780456785,133.589674
1780456785,124.142543
1780456785,124.101532
1780456785,148.583387
1780456785,148.448634
1780456785,148.594662
1780456785,116.825207
1780456785,116.906151
1780456785,118.949558
1780456785,119.823291
1780456785,141.330524
1780456785,119.007156
1780456785,141.427672
1780456785,120.937989
1780456785,121.080740
1780456785,146.205422
1780456785,122.293637
1780456785,120.853838
1780456785,146.514121
1780456785,146.679317
1780456785,122.713109
1780456785,154.428398
1780456785,154.208616
1780456785,154.690050
1780456785,138.910481
1780456785,138.986556
1780456785,109.614605
1780456785,122.272850
1780456785,123.269851
1780456785,121.151926
1780456785,124.621523
1780456785,123.287613
1780456785,121.641274
1780456785,124.909243
1780456785,124.978474
1780456785,122.132623
1780456785,122.338979
1780456785,122.557706
1780456785,123.578811
1780456785,116.363781
1780456785,123.768061
1780456785,122.700243
1780456785,119.324657
1780456785,123.906028
1780456785,123.900212
1780456785,125.342854
1780456785,149.038857
1780456785,149.172207
1780456785,125.380882
1780456785,123.017925
1780456785,124.045758
1780456785,131.169186
1780456785,131.276127
1780456785,125.620020
1780456785,118.831192
1780456785,120.816970
1780456785,139.074791
1780456785,114.846096
1780456785,114.919103
1780456785,114.559584
1780456785,113.804145
1780456785,115.933866
1780456785,114.728110
1780456785,116.671393
1780456785,113.511395
1780456785,112.296572
1780456785,132.288088
1780456785,139.678960
1780456785,140.519991
1780456785,143.115844
1780456785,143.623658
1780456785,143.225725
1780456785,132.586383
1780456785,122.425628
1780456785,124.402421
1780456785,149.865848
1780456785,134.057046
1780456785,150.040428
1780456785,134.247188
1780456785,111.783709
1780456785,125.800825
1780456785,134.311663
1780456785,150.233936
1780456785,138.139570
1780456785,150.346871
1780456785,124.813339
1780456785,134.552236
1780456785,127.284536
1780456785,139.863428
1780456785,140.199419
1780456785,140.299336
1780456785,134.792851
1780456785,133.193541
1780456785,125.179457
1780456785,114.990523
1780456785,114.877998
1780456785,112.078892
1780456785,115.732273
1780456785,115.735921
1780456785,117.478712
1780456785,117.016294
1780456785,118.663070
1780456785,150.539264
1780456785,122.409887
1780456785,114.436895
1780456785,121.884525
1780456785,151.110809
1780456785,150.875994
1780456785,150.409108
1780456785,122.883384
1780456785,106.253471
1780456785,128.221116
1780456785,115.550786
1780456785,115.106214
1780456785,134.722402
1780456785,115.260447
1780456785,114.410793
1780456785,113.691042
1780456785,108.515288
1780456785,109.815975
1780456785,112.609338
1780456785,112.536515
1780456785,108.780515
1780456785,112.550349
1780456785,108.959992
1780456785,111.243129
1780456785,110.390178
1780456785,115.748109
1780456785,109.600111
1780456785,113.195926
1780456785,113.441309
1780456785,110.801606
1780456785,113.408162
1780456785,113.489195
1780456785,112.821688
1780456785,113.280654
1780456785,112.860213
1780456785,113.414354
1780456785,115.442519
1780456785,110.926178
1780456785,117.225739
1780456785,111.820063
1780456785,115.828804
1780456785,112.537271
1780456785,114.244921
1780456785,112.954285
1780456785,115.681762
1780456785,110.824083
1780456785,110.970068
1780456785,115.145831
1780456785,138.584548
1780456785,139.239310
1780456785,107.760163
1780456785,108.006959
1780456785,138.705358
1780456785,109.302694
1780456785,139.499348
1780456785,116.003180
1780456785,108.220658
1780456785,108.244963
1780456785,130.750605
1780456785,115.363452
1780456785,114.924494
1780456785,115.007400
1780456785,115.115391
1780456785,115.225746
1780456785,134.443600
1780456785,108.446959
1780456785,113.176675
1780456785,134.792778
1780456785,134.852761
1780456785,109.005630
1780456785,113.048115
1780456785,135.068483
1780456785,116.340168
1780456785,116.485335
1780456785,113.153450
1780456785,116.325285
1780456785,116.017385
1780456785,115.964438
1780456785,113.820400
1780456785,134.111292
1780456785,113.956790
1780456785,114.146223
1780456785,134.619980
1780456785,113.437929
1780456785,117.192904
1780456785,112.381424
1780456785,117.270105
1780456785,112.435029
1780456785,112.835274
1780456785,112.878902
1780456785,119.869171
1780456785,113.058868
1780456785,113.125262
1780456785,115.067311
1780456785,134.958870
1780456785,118.231659
1780456785,135.162096
1780456785,105.069461
1780456785,117.591659
1780456785,118.396278
1780456785,117.829124
1780456785,117.073499
1780456785,118.261735
1780456785,118.983050
1780456785,134.527480
1780456785,119.301219
1780456785,118.811187
1780456785,135.713637
1780456785,135.781757
1780456785,118.318289
1780456785,118.626842
1780456785,135.806114
1780456785,114.659673
1780456785,133.870996
1780456785,117.900359
1780456785,133.016018
1780456785,112.762276
1780456785,133.648623
1780456785,119.131749
1780456785,134.588217
1780456785,113.059800
1780456785,119.269209
1780456785,134.678424
1780456785,119.058338
1780456785,134.095084
1780456785,115.567523
1780456785,133.458859
1780456785,111.986301
1780456785,131.272848
1780456785,115.629786
1780456785,131.213726
1780456785,117.463513
1780456785,130.744264
1780456785,130.510336
1780456785,119.549848
1780456785,116.202124
1780456785,131.482075
1780456785,114.277315
1780456785,115.868703
1780456785,130.619034
1780456785,130.286442
1780456785,116.729182
1780456785,119.288357
1780456785,127.542894
1780456785,127.025728
1780456785,115.016480
1780456785,126.111094
1780456785,121.693147
1780456785,127.606023
1780456785,126.085278
1780456785,108.434807
1780456785,115.441350
1780456785,124.174829
1780456785,125.017972
1780456785,120.885131
1780456785,120.193523
1780456785,124.402320
1780456785,120.472659
1780456785,124.200880
1780456785,115.695578
1780456785,123.639368
1780456785,120.602923
1780456785,120.650493
1780456785,125.037156
1780456785,114.508152
1780456785,113.310073
1780456785,113.275818
1780456785,115.020637
1780456785,116.621006
1780456785,121.553424
1780456785,115.172601
1780456785,123.746486
1780456785,123.591989
1780456785,123.720125
1780456785,121.483875
1780456785,123.875213
1780456785,117.129635
1780456785,123.470387
1780456785,123.621567
1780456785,123.440199
1780456785,110.294925
1780456785,125.320423
1780456785,121.481985
1780456785,124.161715
1780456785,123.867095
1780456785,122.046078
1780456785,123.941106
1780456785,123.817274
1780456785,110.907772
1780456785,117.494497
1780456785,116.239721
1780456785,122.392232
1780456785,108.277150
1780456785,116.682683
1780456785,124.156149
1780456785,116.688442
1780456785,120.363856
1780456785,116.849082
1780456785,124.233329
1780456785,117.181504
1780456785,124.961534
1780456785,124.468414
1780456785,119.621753
1780456785,119.707162
1780456785,119.849676
1780456785,119.865668
1780456785,125.980139
1780456785,125.814657
1780456785,126.805484
1780456785,125.971259
1780456785,126.731089
1780456785,127.245298
1780456785,126.011059
1780456785,125.812541
1780456785,126.057459
1780456785,125.999561
1780456785,117.658117
1780456785,124.840214
1780456785,111.059225
1780456785,124.027758
1780456785,122.820879
1780456785,123.024187
1780456785,111.544999
1780456785,123.044750
1780456785,127.314512
1780456785,123.077195
1780456785,111.669951
1780456785,111.787138
1780456785,123.371244
1780456785,123.578332
1780456785,121.521388
1780456785,126.684560
1780456785,127.161854
1780456785,126.852895
1780456785,127.731106
1780456785,127.032433
1780456785,123.474344
1780456785,122.347295
1780456785,126.048902
1780456785,128.243186
1780456785,122.467845
1780456785,117.124857
1780456785,119.545364
1780456785,128.421985
1780456785,119.660713
1780456785,122.676426
1780456785,112.894002
1780456785,123.061021
1780456785,127.784778
1780456785,121.564562
1780456785,128.303238
1780456785,128.303704
1780456785,121.655004
1780456785,117.757015
1780456785,121.816464
1780456785,121.859931
1780456785,128.502714
1780456785,128.171117
1780456785,122.086675
1780456785,120.611558
1780456785,114.300095
1780456785,120.791303
1780456785,115.859084
1780456785,113.675106
1780456785,119.679102
1780456785,119.861984
1780456785,114.649346
1780456785,117.422888
1780456785,118.814021
1780456785,128.881478
1780456785,117.569996
1780456785,129.010605
1780456785,116.460112
1780456785,117.702105
1780456785,115.206043
1780456785,117.830194
1780456785,124.770112
1780456785,115.522596
1780456785,115.412683
1780456785,129.274811
1780456785,115.587038
1780456785,115.598589
1780456785,130.226090
1780456785,115.578419
1780456785,122.426483
1780456785,131.447180
1780456785,117.438357
1780456785,117.436611
1780456785,125.308790
1780456785,122.666783
1780456785,130.661873
1780456785,131.656293
1780456785,117.727824
1780456785,116.092522
1780456785,124.578741
1780456785,130.485272
1780456785,116.815000
1780456785,116.427738
1780456785,132.089939
1780456785,118.240944
1780456785,124.930388
1780456785,116.522198
1780456785,131.368286
1780456785,116.983764
1780456785,132.503546
1780456785,116.765407
1780456785,116.913059
1780456785,125.310628
1780456785,117.660072
1780456785,125.466278
1780456785,123.015919
1780456785,117.268654
1780456785,125.738448
1780456785,116.698653
1780456785,122.820266
1780456785,122.981299
1780456785,118.881809
1780456785,133.948555
1780456785,130.629405
1780456785,117.303702
1780456785,109.039628
1780456785,130.424615
1780456785,119.106893
1780456785,130.574269
1780456785,110.527691
1780456785,134.346215
1780456785,122.260124
1780456785,116.291555
1780456785,107.891542
1780456785,129.255384
1780456785,118.915726
1780456785,130.831201
1780456785,121.586681
1780456785,124.099779
1780456785,136.767363
1780456785,136.895625
1780456785,135.607811
1780456785,136.376794
1780456785,136.475685
1780456785,125.774486
1780456785,125.770602
1780456785,131.260138
1780456785,136.571667
1780456785,114.617716
1780456785,121.174249
1780456785,119.937747
1780456785,131.252135
1780456785,121.345857
1780456785,120.153812
1780456785,115.413470
1780456785,130.301008
1780456785,125.507913
1780456785,130.747937
1780456785,118.133698
1780456785,119.446995
1780456785,120.949638
1780456785,123.086664
1780456785,122.776247
1780456785,123.283581
1780456785,114.685721
1780456785,123.150659
1780456785,122.970447
1780456785,113.199879
1780456785,127.994691
1780456785,121.956602
1780456785,128.472258
1780456785,127.346727
1780456785,128.775658
1780456785,122.766756
1780456785,120.542532
1780456785,139.149386
1780456785,139.242640
1780456785,139.656147
1780456785,139.721940
1780456785,139.976802
1780456785,140.203862
1780456785,140.075561
1780456785,123.449697
1780456785,122.170936
1780456785,140.215004
1780456785,140.288785
1780456785,139.667850
1780456785,121.128864
1780456785,127.187711
1780456785,128.415479
1780456785,118.915475
1780456785,119.210318
1780456785,131.876180
1780456785,132.013198
1780456785,123.377682
1780456785,132.510816
1780456785,127.476382
1780456785,120.245546
1780456785,120.217878
1780456785,120.315990
1780456785,127.776427
1780456785,115.498549
1780456785,133.203137
1780456785,120.525028
1780456785,120.738682
1780456785,128.313396
1780456785,123.569670
1780456785,116.346253
1780456785,126.336846
1780456785,122.733231
1780456785,125.386223
1780456785,125.448014
1780456785,128.211270
1780456785,128.987495
1780456785,123.220309
1780456785,121.987704
1780456785,113.370597
1780456785,133.150284
1780456785,129.777341
1780456785,127.585241
1780456785,130.095735
1780456785,132.730958
1780456785,132.843978
1780456785,122.950582
1780456785,124.450013
1780456785,121.479466
1780456785,121.587900
1780456785,128.338904
1780456785,121.783669
1780456785,128.544221
1780456785,124.589927
1780456785,113.863231
1780456785,130.025523
1780456785,121.523227
1780456785,127.318214
1780456785,121.696607
1780456785,121.880993
1780456785,120.464526
1780456785,128.906236
1780456785,131.111392
1780456785,125.512799
1780456785,122.515787
1780456785,132.835920
1780456785,131.294531
1780456785,122.843152
1780456785,121.135928
1780456785,121.595322
1780456785,121.328759
1780456785,129.823028
1780456785,121.708963
1780456785,128.903728
1780456785,121.861801
1780456785,129.100589
1780456785,112.508756
1780456785,122.284290
1780456785,116.083325
1780456785,124.780208
1780456785,123.047554
1780456785,124.933360
1780456785,148.281727
1780456785,129.219895
1780456785,147.681307
1780456785,123.497418
1780456785,128.082102
1780456785,147.820472
1780456785,148.179933
1780456785,124.997453
1780456785,134.210541
1780456785,133.947681
1780456785,140.560724
1780456785,141.834400
1780456785,148.404093
1780456785,148.057935
1780456785,148.032139
1780456785,148.260960
1780456785,128.398089
1780456785,148.532587
1780456785,117.635130
1780456785,124.006256
1780456785,125.643015
1780456785,141.060836
1780456785,128.683531
1780456785,148.282782
1780456785,125.815597
1780456785,148.805702
1780456785,116.822505
1780456785,118.101978
1780456785,116.420491
1780456785,123.245853
1780456785,116.610742
1780456785,125.964335
1780456785,130.798646
1780456785,118.672511
1780456785,125.286046
1780456785,118.772412
1780456785,128.304748
1780456785,123.685342
1780456785,123.834426
1780456785,116.289452
1780456785,119.223440
1780456785,129.251657
1780456785,126.212527
1780456785,119.527460
1780456785,120.164772
1780456785,128.171384
1780456785,123.606698
1780456785,125.114039
1780456785,125.106551
1780456785,120.105132
1780456785,126.538868
1780456785,120.433082
1780456785,114.506821
1780456785,115.817222
1780456785,123.961513
1780456785,120.716538
1780456785,134.048593
1780456785,117.730356
1780456785,130.125329
1780456785,125.792702
1780456785,120.341596
1780456785,134.371130
1780456785,127.460970
1780456785,126.055171
1780456785,116.549339
1780456785,129.330280
1780456785,126.169535
1780456785,129.223544
1780456785,120.038344
1780456785,103.009992
1780456785,132.499136
1780456785,121.574019
1780456785,120.289712
1780456785,111.464586
1780456785,127.107949
1780456785,133.282511
1780456785,121.774846
1780456785,123.386354
1780456785,130.103641
1780456785,127.172439
1780456785,121.523599
1780456785,111.662800
1780456785,127.423050
1780456785,119.612295
1780456785,121.884890
1780456785,128.146657
1780456785,112.427671
1780456785,127.946228
1780456785,120.246305
1780456785,129.427081
1780456785,106.755553
1780456785,121.581020
1780456785,117.447000
1780456785,126.986686
1780456785,127.125918
1780456785,127.303978
1780456785,135.314473
1780456785,113.758551
1780456785,127.991153
1780456785,128.097956
1780456785,118.599950
1780456785,126.903241
1780456785,121.709980
1780456785,135.513443
1780456785,124.773461
1780456785,135.967216
1780456785,136.126131
1780456785,134.689501
1780456785,125.436132
1780456785,136.640397
1780456785,125.619816
1780456785,136.815126
1780456785,119.950624
1780456785,128.359094
1780456785,118.934226
1780456785,118.937695
1780456785,129.772402
1780456785,127.441957
1780456785,125.993393
1780456785,127.612891
1780456785,128.892875
1780456785,127.741261
1780456785,127.765314
1780456785,130.101642
1780456785,128.982125
1780456785,136.679533
1780456785,126.655850
1780456785,136.862602
1780456785,113.127303
1780456785,126.827052
1780456785,128.433313
1780456785,116.541797
1780456785,136.884132
1780456785,118.953566
1780456785,126.933056
1780456785,119.160033
1780456785,128.695900
1780456785,135.892039
1780456785,135.966878
1780456785,134.714276
1780456785,133.403964
1780456785,120.269101
1780456785,135.977079
1780456785,126.670916
1780456785,128.127619
1780456785,119.334728
1780456785,129.089729
1780456785,129.761860
1780456785,129.892091
1780456785,130.131817
1780456785,121.009558
1780456785,113.487289
1780456785,120.777887
1780456785,136.490292
1780456785,113.561934
1780456785,121.408185
1780456785,135.299673
1780456785,123.548889
1780456785,114.184436
1780456785,122.451144
1780456785,114.530575
1780456785,116.183183
1780456785,113.260562
1780456785,107.567174
1780456785,132.812589
1780456785,109.785195
1780456785,130.376166
1780456785,121.726886
1780456785,118.041068
1780456785,119.321359
1780456785,119.394979
1780456785,110.434602
1780456785,130.458192
1780456785,111.484391
1780456785,117.022896
1780456785,118.286900
1780456785,118.429160
1780456785,118.494472
1780456785,119.689364
1780456785,133.257839
1780456785,110.539832
1780456785,110.139811
1780456785,129.120173
1780456785,134.127068
1780456785,107.627467
1780456785,133.979478
1780456785,134.645171
1780456785,134.990112
1780456785,135.286056
1780456785,109.248282
1780456785,139.055100
1780456785,109.482727
1780456785,134.779847
1780456785,135.530288
1780456785,136.286603
1780456785,106.461941
1780456785,139.780130
1780456785,131.406113
1780456785,131.666473
1780456785,110.102326
1780456785,130.420941
1780456785,107.552091
1780456785,125.856035
1780456785,105.488298
1780456785,129.253241
1780456785,107.756451
1780456785,129.423052
1780456785,129.394367
1780456785,112.585863
1780456785,113.562877
1780456785,113.114234
1780456785,137.032434
1780456785,129.657498
1780456785,107.962873
1780456785,115.226991
1780456785,115.270107
1780456785,128.084194
1780456785,108.162132
1780456785,129.891329
1780456785,136.727401
1780456785,129.820762
1780456785,108.400520
1780456785,110.914985
1780456785,108.424141
1780456785,137.148226
1780456785,128.114980
1780456785,108.634707
1780456785,136.766454
1780456785,126.819274
1780456785,122.176767
1780456785,128.559911
1780456785,130.352678
1780456785,128.686562
1780456785,129.874207
1780456785,129.648307
1780456785,130.117081
1780456785,107.813809
1780456785,128.431103
1780456785,128.554355
1780456785,107.980588
1780456785,128.596764
1780456785,130.042402
1780456785,123.979329
1780456785,108.191876
1780456785,129.958651
1780456785,138.768696
1780456785,138.812236
1780456785,130.329868
1780456785,125.539919
1780456785,124.092963
1780456785,130.463739
1780456785,103.442280
1780456785,104.157550
1780456785,130.526923
1780456785,136.607726
1780456785,131.629374
1780456785,122.614047
1780456785,123.266579
1780456785,124.495310
1780456785,132.176129
1780456785,124.546173
1780456785,130.513002
1780456785,132.004700
1780456785,124.715294
1780456785,132.192515
1780456785,126.147754
1780456785,124.846602
1780456785,129.990743
1780456785,123.097064
1780456785,123.243994
1780456785,118.667029
1780456785,123.431269
1780456785,133.072996
1780456785,129.479299
1780456785,131.596567
1780456785,119.318666
1780456785,133.924574
1780456785,119.948345
1780456785,120.471469
1780456785,120.163969
1780456785,105.405435
1780456785,118.666690
1780456785,125.429134
1780456785,117.770794
1780456785,104.926155
1780456785,105.409603
1780456785,133.924555
1780456785,130.840587
1780456785,130.707043
1780456785,133.921131
1780456785,129.387501
1780456785,129.446697
1780456785,113.806177
1780456785,129.642533
1780456785,130.844476
1780456785,131.578440
1780456785,142.567367
1780456785,144.409223
1780456785,141.170068
1780456785,130.411969
1780456785,128.215970
1780456785,117.452846
1780456785,117.829164
1780456785,103.987344
1780456785,142.241189
1780456785,143.729535
1780456785,128.255034
1780456785,117.985503
1780456785,116.133316
1780456785,103.481536
1780456785,142.994013
1780456785,116.447778
1780456785,143.124077
1780456785,143.176134
1780456785,143.131608
1780456785,144.751473
1780456785,143.217525
1780456785,145.959791
1780456785,138.950110
1780456785,143.507127
1780456785,143.727472
1780456785,143.741792
1780456785,111.355915
1780456785,142.578131
1780456785,102.257034
1780456785,142.585595
1780456785,138.100825
1780456785,142.629273
1780456785,112.650386
1780456785,110.727988
1780456785,142.803886
1780456785,110.221951
1780456785,142.947004
1780456785,113.987982
1780456785,110.943924
1780456785,136.506336
1780456785,143.360082
1780456785,110.281289
1780456785,114.338197
1780456785,110.637822
1780456785,114.559233
1780456785,110.832290
1780456785,103.726640
1780456785,114.679604
1780456785,110.719023
1780456785,103.554089
1780456785,114.980587
1780456785,114.986152
1780456785,111.811219
1780456785,104.286903
1780456785,111.974943
1780456785,108.130285
1780456785,115.239225
1780456785,142.078602
1780456785,137.315777
1780456785,112.330625
1780456785,116.033599
1780456785,104.853872
1780456785,135.219258
1780456785,116.275628
1780456785,139.218418
1780456785,110.803582
1780456785,139.488171
1780456785,113.040527
1780456785,139.601355
1780456785,133.939759
1780456785,112.132897
1780456785,138.654517
1780456785,134.440291
1780456785,138.817850
1780456785,139.047974
1780456785,137.969876
1780456785,112.981502
1780456785,111.358851
1780456785,107.759321
1780456785,111.583125
1780456785,107.972235
1780456785,110.340833
1780456785,125.319830
1780456785,110.385765
1780456785,110.419746
1780456785,110.465951
1780456785,110.432671
1780456785,110.026236
1780456785,109.977483
1780456785,108.597187
1780456785,109.109973
1780456785,103.916039
1780456785,107.134612
1780456785,113.155508
1780456785,115.862533
1780456785,116.086659
1780456785,113.160995
1780456785,129.591296
1780456785,128.553520
1780456785,111.181525
1780456785,129.257621
1780456785,111.097374
1780456785,123.516881
1780456785,127.123938
1780456785,127.437028
1780456785,119.882862
1780456785,123.547642
1780456785,111.409533
1780456785,110.396517
1780456785,127.763337
1780456785,122.635287
1780456785,145.202692
1780456785,122.619189
1780456785,123.009029
1780456785,128.576773
1780456785,124.054279
1780456785,122.751528
1780456785,122.875515
1780456785,113.627885
1780456785,112.428273
1780456785,124.836831
1780456785,124.457011
1780456785,131.273845
1780456785,131.154843
1780456785,122.881108
1780456785,131.348682
1780456785,131.293204
1780456785,132.432855
1780456785,146.610911
1780456785,116.159382
1780456785,116.797792
1780456785,114.139977
1780456785,116.909549
1780456785,117.040683
1780456785,132.229423
1780456785,145.965016
1780456785,132.894328
1780456785,145.009357
1780456785,125.234668
1780456785,146.120648
1780456785,131.924312
1780456785,132.326464
1780456785,132.995245
1780456785,140.672165
1780456785,131.751322
1780456785,124.427566
1780456785,139.952920
1780456785,113.666127
1780456785,123.656750
1780456785,116.402574
1780456785,124.965764
1780456785,123.755270
1780456785,115.513310
1780456785,115.370027
1780456785,111.677649
1780456785,123.838872
1780456785,133.469208
1780456785,107.683948
1780456785,127.497230
1780456785,107.775318
1780456785,115.942102
1780456785,107.797315
1780456785,124.230309
1780456785,114.877465
1780456785,107.838984
1780456785,132.048545
1780456785,108.153120
1780456785,124.079365
1780456785,133.120413
1780456785,111.098808
1780456785,124.742570
1780456785,114.448659
1780456785,108.029703
1780456785,114.453253
1780456785,115.585951
1780456785,127.766492
1780456785,131.670126
1780456785,131.639097
1780456785,116.471762
1780456785,127.609368
1780456785,135.308730
1780456785,151.694686
1780456785,137.154309
1780456785,120.885300
1780456785,147.527886
1780456785,131.675104
1780456785,131.051007
1780456785,148.025174
1780456785,131.848260
1780456785,141.328554
1780456785,147.059246
1780456785,137.540506
1780456785,134.066019
1780456785,125.127855
1780456785,121.223116
1780456785,134.508778
1780456785,125.333606
1780456785,128.394094
1780456785,145.036340
1780456785,114.501045
1780456785,118.994548
1780456785,117.544595
1780456785,116.870055
1780456785,117.188225
1780456785,118.704995
1780456785,134.051933
1780456785,121.896583
1780456785,134.428231
1780456785,133.074514
1780456785,133.286751
1780456785,134.400116
1780456785,134.002206
1780456785,129.098930
1780456785,113.447544
1780456785,122.468304
1780456785,113.504556
1780456785,114.832334
1780456785,125.250856
1780456785,123.095005
1780456785,116.639778
1780456785,123.150613
1780456785,120.683411
1780456785,125.492379
1780456785,125.443448
1780456785,121.603863
1780456785,114.666477
1780456785,135.013845
1780456785,136.285330
1780456785,114.647320
1780456785,114.774310
1780456785,142.582440
1780456785,121.195078
1780456785,151.474631
1780456785,155.181503
1780456785,131.682460
1780456785,140.205773
1780456785,115.435919
1780456785,125.117308
1780456785,126.431358
1780456785,128.486370
1780456785,128.373134
1780456785,126.680251
1780456785,132.603161
1780456785,132.557394
1780456785,127.110226
1780456785,128.981501
1780456785,129.058374
1780456785,129.325935
1780456785,129.533400
1780456785,133.174199
1780456785,127.357972
1780456785,131.250139
1780456785,129.622966
1780456785,129.664879
1780456785,133.029574
1780456785,128.769151
1780456785,126.860561
1780456785,126.406090
1780456785,119.754436
1780456785,120.538289
1780456785,126.955317
1780456785,128.886817
1780456785,127.707831
1780456785,128.070162
1780456785,129.652420
1780456785,129.325859
1780456785,118.462103
1780456785,129.635791
1780456785,128.837376
1780456785,129.213185
1780456785,129.344846
1780456785,121.920570
1780456785,120.530614
1780456785,122.785579
1780456785,122.469035
1780456785,130.234234
1780456785,135.860054
1780456785,138.700134
1780456785,132.564028
1780456785,138.957670
1780456785,129.886590
1780456785,137.886047
1780456785,139.391072
1780456785,150.968951
1780456785,130.138238
1780456785,130.432734
1780456785,124.728951
1780456785,124.947164
1780456785,125.904384
1780456785,131.064706
1780456785,126.278971
1780456785,123.273300
1780456785,123.408042
1780456785,128.872036
1780456785,126.756247
1780456785,125.465894
1780456785,105.615591
1780456785,106.100490
1780456785,105.866425
1780456785,124.915899
1780456785,109.283867
1780456785,103.974110
1780456785,105.490497
1780456785,105.773192
1780456785,107.057576
1780456785,109.287376
1780456785,109.425801
1780456785,109.183249
1780456785,107.548178
1780456785,109.637196
1780456785,109.948970
1780456785,107.738695
1780456785,109.461251
1780456785,105.411924
1780456785,109.870097
1780456785,107.923095
1780456785,110.065943
1780456785,108.006730
1780456785,110.616731
1780456785,110.227997
1780456785,108.651333
1780456785,106.102945
1780456785,106.265168
1780456785,110.125328
1780456785,110.125635
1780456785,106.112517
1780456785,106.604944
1780456785,106.632628
1780456785,111.429719
1780456785,111.207890
1780456785,111.069808
1780456785,110.757286
1780456785,111.694226
1780456785,114.829783
1780456785,115.610931
1780456785,114.851525
1780456785,115.741079
1780456785,110.379236
1780456785,117.495341
1780456785,117.424026
1780456785,119.382157
1780456785,119.237240
1780456785,109.921616
1780456785,110.252761
1780456785,117.541177
1780456785,119.850795
1780456785,116.023797
1780456785,117.809287
1780456785,120.690470
1780456785,120.650315
1780456785,120.757117
1780456785,118.340643
1780456785,120.282087
1780456785,120.126544
1780456785,121.351656
1780456785,119.795648
1780456785,118.569836
1780456785,120.327562
1780456785,114.260485
1780456785,120.309771
1780456785,118.751354
1780456785,114.969000
1780456785,121.785019
1780456785,120.946187
1780456785,121.053625
1780456785,121.707706
1780456785,120.925154
1780456785,121.528647
1780456785,122.218463
1780456785,121.546982
1780456785,121.649559
1780456785,122.085643
1780456785,122.226382
1780456785,121.030814
1780456785,114.702132
1780456785,120.965376
1780456785,114.720539
1780456785,115.391240
1780456785,114.930653
1780456785,115.466017
1780456785,115.562743
1780456785,122.498054
1780456785,108.293838
1780456785,122.824397
1780456785,123.112244
1780456785,124.668251
1780456785,123.335860
1780456785,123.334739
1780456785,119.645585
1780456785,120.442902
1780456785,120.740164
1780456785,110.524372
1780456785,120.812031
1780456785,109.908641
1780456785,109.982556
1780456785,110.110163
1780456785,111.037082
1780456785,110.788185
1780456785,110.982798
1780456785,111.053732
1780456785,105.506304
1780456785,110.355422
1780456785,110.207130
1780456785,111.171881
1780456785,110.120237
1780456785,110.194606
1780456785,105.725448
1780456785,115.572886
1780456785,111.130015
1780456785,110.771810
1780456785,115.735633
1780456785,115.608901
1780456785,110.961615
1780456785,114.589981
1780456785,114.765501
1780456785,114.891356
1780456785,106.590688
1780456785,105.385550
1780456785,104.739746
1780456785,105.651515
1780456785,111.596857
1780456785,105.877625
1780456785,107.818313
1780456785,105.560789
1780456785,109.512465
1780456785,113.198929
1780456785,111.067349
1780456785,108.713188
1780456785,111.041699
1780456785,116.393432
1780456785,109.101179
1780456785,109.232004
1780456785,112.013834
1780456785,115.812242
1780456785,111.777023
1780456785,116.442122
1780456785,108.780848
1780456785,116.826663
1780456785,111.846286
1780456785,111.690428
1780456785,109.256429
1780456785,112.212700
1780456785,111.791052
1780456785,112.310166
1780456785,111.859280
1780456785,109.401605
1780456785,112.399751
1780456785,115.888738
1780456785,111.964069
1780456785,115.998140
1780456785,110.368557
1780456785,112.328706
1780456785,116.974868
1780456785,110.863755
1780456785,110.972572
1780456785,110.025048
1780456785,110.867125
1780456785,110.004262
1780456785,104.882175
1780456785,104.941854
1780456785,110.117217
1780456785,104.348409
1780456785,105.626475
1780456785,105.754235
1780456785,115.952189
1780456785,115.946077
1780456785,107.423299
1780456785,107.398469
1780456785,107.341714
1780456785,108.170481
1780456785,118.492668
1780456785,118.473763
1780456785,108.096306
1780456785,108.751118
1780456785,109.913474
1780456785,110.592856
1780456785,110.715104
1780456785,106.370658
1780456785,110.894341
1780456785,116.521154
1780456785,111.641172
1780456785,109.616665
1780456785,111.052400
1780456785,111.135339
1780456785,106.500728
1780456785,106.103009
1780456785,109.717092
1780456785,109.465809
1780456785,106.807181
1780456785,111.982064
1780456785,111.494551
1780456785,111.114678
1780456785,105.156300
1780456785,113.851909
1780456785,110.796598
1780456785,112.198212
1780456785,111.888095
1780456785,110.952521
1780456785,110.200387
1780456785,110.695114
1780456785,110.076396
1780456785,110.165002
1780456785,108.327600
1780456785,111.382686
1780456785,110.018882
1780456785,110.101508
1780456785,108.238206
1780456785,108.127471
1780456785,108.055713
1780456785,106.417828
1780456785,108.920308
1780456785,108.852222
1780456785,121.973871
1780456785,121.552465
1780456785,121.465821
1780456785,122.028910
1780456785,121.873163
1780456785,121.641150
1780456785,122.044947
1780456785,121.636779
1780456785,119.940106
1780456785,119.625000
1780456785,121.154807
1780456785,121.877559
1780456785,122.128244
1780456785,121.663504
1780456785,119.841893
1780456785,121.755977
1780456785,119.826274
1780456785,122.181212
1780456785,120.445415
1780456785,120.060196
1780456785,121.582192
1780456785,122.486625
1780456785,120.161611
1780456785,121.791506
1780456785,120.392254
1780456785,121.760910
1780456785,120.539835
1780456785,103.234877
1780456785,121.874910
1780456785,121.767419
1780456785,103.175627
1780456785,122.023126
1780456785,121.784845
1780456785,122.150026
1780456785,120.208474
1780456785,120.778362
1780456785,103.508328
1780456785,120.557679
1780456785,120.749355
1780456785,120.250789
1780456785,103.528082
1780456785,120.460777
1780456785,120.722307
1780456785,103.908390
1780456785,103.511561
1780456785,103.919519
1780456785,104.259158
1780456785,103.057470
1780456785,103.755597
1780456785,104.179875
1780456785,109.151867
1780456785,104.187042
1780456785,103.893983
1780456785,103.676850
1780456785,113.537871
1780456785,103.705037
1780456785,104.007502
1780456785,104.305507
1780456785,104.328405
1780456785,109.957253
1780456785,114.175968
1780456785,104.838868
1780456785,104.281296
1780456785,105.203255
1780456785,105.246264
1780456785,101.781828
1780456785,104.625335
1780456785,104.893607
1780456785,105.394796
1780456785,105.128077
1780456785,105.610225
1780456785,105.155930
1780456785,105.569343
1780456785,105.412914
1780456785,105.576770
1780456785,103.195394
1780456785,105.893688
1780456785,105.897306
1780456785,103.115002
1780456785,103.814918
1780456785,104.031601
1780456785,103.495325
1780456785,105.290198
1780456785,106.202808
1780456785,105.907904
1780456785,106.233062
1780456785,106.091658
1780456785,106.616813
1780456785,106.721997
1780456785,104.175153
1780456785,106.658571
1780456785,104.314282
1780456785,107.026870
1780456785,106.867083
1780456785,107.126303
1780456785,106.937500
1780456785,107.285647
1780456785,107.551708
1780456785,104.493301
1780456785,105.743866
1780456785,106.267061
1780456785,105.527636
1780456785,105.593709
1780456785,106.223322
1780456785,106.606025
1780456785,105.993742
1780456785,109.028341
1780456785,108.879256
1780456785,109.202737
1780456785,108.602315
1780456785,109.509536
1780456785,108.835138
1780456785,109.073813
1780456785,109.005311
1780456785,109.342934
1780456785,109.154932
1780456785,108.844458
1780456785,109.379246
1780456785,109.754760
1780456785,110.250655
1780456785,110.069164
1780456785,110.209158
1780456785,108.563565
1780456785,108.784874
1780456785,108.553873
1780456785,110.885487
1780456785,110.611755
1780456785,107.076954
1780456785,107.185223
1780456785,109.814620
1780456785,109.810232
1780456785,112.258194
1780456785,111.779618
1780456785,109.076778
1780456785,111.534307
1780456785,112.118557
1780456785,112.059400
1780456785,110.333181
1780456785,108.534822
1780456785,112.663748
1780456785,103.573558
1780456785,113.043408
1780456785,110.267730
1780456785,104.364372
1780456785,103.218626
1780456785,104.544225
1780456785,104.740898
1780456785,105.788752
1780456785,108.134682
1780456785,108.473618
1780456785,107.569833
1780456785,107.607003
1780456785,103.392288
1780456785,106.126391
1780456785,109.371311
1780456785,107.832124
1780456785,108.254871
1780456785,109.515545
1780456785,106.124953
1780456785,109.921370
1780456785,108.653781
1780456785,108.610364
1780456785,110.688238
1780456785,110.769134
1780456785,109.552915
1780456785,110.929819
1780456785,109.569729
1780456785,108.620005
1780456785,110.587074
1780456785,108.755050
1780456785,110.040386
1780456785,110.869826
1780456785,110.740961
1780456785,110.981965
1780456785,108.470044
1780456785,108.505567
1780456785,111.267560
1780456785,108.889605
1780456785,110.020221
1780456785,108.897204
1780456785,110.886397
1780456785,110.031776
1780456785,111.841601
1780456785,112.401682
1780456785,111.161197
1780456785,112.171842
1780456785,110.409138
1780456785,110.353479
1780456785,109.191351
1780456785,111.554093
1780456785,110.613947
1780456785,112.506881
1780456785,110.716463
1780456785,112.699639
1780456785,112.410501
1780456785,110.942343
1780456785,110.996028
1780456785,112.473337
1780456785,111.185628
1780456785,110.750032
1780456785,113.123984
1780456785,113.608167
1780456785,113.362868
1780456785,110.859838
1780456785,111.441982
1780456785,110.922854
1780456785,110.831552
1780456785,111.661576
1780456785,110.592715
1780456785,114.066342
1780456785,112.088631
1780456785,112.282086
1780456785,111.782012
1780456785,112.202805
1780456785,112.117545
1780456785,114.537707
1780456785,112.066134
1780456785,112.444450
1780456785,112.330209
1780456785,112.393450
1780456785,111.649364
1780456785,108.746838
1780456785,108.715477
1780456785,110.810895
1780456785,110.972607
1780456785,106.517101
1780456785,118.501714
1780456785,111.469321
1780456785,110.066622
1780456785,111.468093
1780456785,110.494703
1780456785,107.349712
1780456785,119.616474
1780456785,105.710764
1780456785,119.994175
1780456785,109.829552
1780456785,120.079428
1780456785,120.098265
1780456785,120.478075
1780456785,117.220977
1780456785,111.097616
1780456785,119.926210
1780456785,119.360383
1780456785,120.375241
1780456785,118.157265
1780456785,119.644208
1780456785,119.744841
1780456785,118.051310
1780456785,118.708169
1780456785,118.570942
1780456785,118.403322
1780456785,122.285096
1780456785,119.570173
1780456785,113.409856
1780456785,111.670845
1780456785,110.758931
1780456785,119.474065
1780456785,107.034208
1780456785,120.057860
1780456785,119.327071
1780456785,107.919625
1780456785,119.699599
1780456785,114.015071
1780456785,119.287358
1780456785,121.701673
1780456785,121.799113
1780456785,113.522177
1780456785,121.688628
1780456785,119.428313
1780456785,114.626398
1780456785,115.284481
1780456785,115.387374
1780456785,124.267432
1780456785,123.770737
1780456785,109.643020
1780456785,119.743421
1780456785,112.584296
1780456785,111.321156
1780456785,113.940504
1780456785,117.933826
1780456785,122.291125
1780456785,109.583841
1780456785,119.615261
1780456785,118.005718
1780456785,115.833343
1780456785,107.523340
1780456785,120.042316
1780456785,119.842640
1780456785,120.033810
1780456785,113.790912
1780456785,112.842490
1780456785,119.758212
1780456785,112.135077
1780456785,119.413804
1780456785,119.314998
1780456785,119.385318
1780456785,116.492967
1780456785,119.327924
1780456785,119.617917
1780456785,115.379275
1780456785,119.635045
1780456785,122.626558
1780456785,122.836931
1780456785,111.736755
1780456785,111.143520
1780456785,112.302987
1780456785,121.385732
1780456785,121.574279
1780456785,118.294375
1780456785,121.164630
1780456785,110.283188
1780456785,118.976152
1780456785,116.276124
1780456785,121.147618
1780456785,115.565068
1780456785,110.608521
1780456785,118.827496
1780456785,120.752024
1780456785,121.861481
1780456785,111.521474
1780456785,121.185753
1780456785,120.901281
1780456785,121.823620
1780456785,111.445638
1780456785,111.009523
1780456785,111.538055
1780456785,121.731517
1780456785,121.828257
1780456785,110.773664
1780456785,116.350797
1780456785,118.930752
1780456785,110.962347
1780456785,118.919258
1780456785,108.651910
1780456785,119.200768
1780456785,119.416543
1780456785,119.088982
1780456785,119.155860
1780456785,118.138969
1780456785,108.261168
1780456785,119.475883
1780456785,108.646264
1780456785,108.352022
1780456785,108.198285
1780456785,108.326050
1780456785,108.287512
1780456785,117.531571
1780456785,117.809107
1780456785,116.874441
1780456785,117.820396
1780456785,116.634358
1780456785,111.021103
1780456785,119.094958
1780456785,121.533262
1780456785,109.427108
1780456785,120.393039
1780456785,118.943763
1780456785,118.933521
1780456785,110.338036
1780456785,124.410081
1780456785,117.248114
1780456785,117.499180
1780456785,118.278578
1780456785,114.256006
1780456785,109.902956
1780456785,108.707200
1780456785,111.177525
1780456785,118.787191
1780456785,117.468107
1780456785,119.603995
1780456785,117.433992
1780456785,116.720573
1780456785,117.054732
1780456785,116.649698
1780456785,117.577124
1780456785,111.377151
1780456785,106.491515
1780456785,117.416950
1780456785,110.465533
1780456785,118.274231
1780456785,117.478787
1780456785,119.765865
1780456785,117.044734
1780456785,110.566780
1780456785,115.419962
1780456785,116.951558
1780456785,107.155765
1780456785,119.009799
1780456785,115.875651
1780456785,118.024105
1780456785,119.924300
1780456785,116.225031
1780456785,117.468054
1780456785,109.981417
1780456785,111.557201
1780456785,125.908331
1780456785,116.788670
1780456785,120.434074
1780456785,112.534649
1780456785,120.507733
1780456785,117.311054
1780456785,117.482889
1780456785,107.038489
1780456785,116.224825
1780456785,109.234024
1780456785,112.062602
1780456785,126.136025
1780456785,107.257707
1780456785,118.253943
1780456785,109.895438
1780456785,113.606907
1780456785,126.344464
1780456785,125.673618
1780456785,117.859231
1780456785,126.352068
1780456785,112.908822
1780456785,122.545415
1780456785,116.017031
1780456785,114.519310
1780456785,122.042000
1780456785,124.371988
1780456785,116.635727
1780456785,114.884625
1780456785,116.554968
1780456785,124.413133
1780456785,119.281210
1780456785,118.950121
1780456785,125.125637
1780456785,110.317137
1780456785,116.800837
1780456785,114.255257
1780456785,126.097766
1780456785,118.206731
1780456785,117.892782
1780456785,126.116097
1780456785,108.974618
1780456785,124.914423
1780456785,125.304405
1780456785,125.098446
1780456785,125.834047
1780456785,112.482821
1780456785,126.409488
1780456785,112.837408
1780456785,124.047134
1780456785,124.002505
1780456785,123.349229
1780456785,109.487234
1780456785,109.480928
1780456785,109.710204
1780456785,126.631512
1780456785,123.878808
1780456785,109.644722
1780456785,123.496850
1780456785,126.388717
1780456785,121.469671
1780456785,123.291502
1780456785,117.028820
1780456785,117.716425
1780456785,121.503514
1780456785,122.783459
1780456785,122.294863
1780456785,131.336844
1780456785,126.128581
1780456785,117.603579
1780456785,116.442266
1780456785,125.051339
1780456785,116.963622
1780456785,115.839732
1780456785,115.333605
1780456785,121.208842
1780456785,115.642887
1780456785,117.497193
1780456785,124.080324
1780456785,111.939062
1780456785,115.547553
1780456785,124.431325
1780456785,116.462102
1780456785,132.518950
1780456785,118.005374
1780456785,117.199567
1780456785,133.072269
1780456785,116.757654
1780456785,124.884801
1780456785,132.342952
1780456785,118.497988
1780456785,121.059182
1780456785,115.379084
1780456785,133.324735
1780456785,115.413246
1780456785,131.102119
1780456785,121.146768
1780456785,111.801135
1780456785,121.235930
1780456785,111.912449
1780456785,132.652806
1780456785,117.823789
1780456785,121.147756
1780456785,118.269636
1780456785,114.416687
1780456785,123.573507
1780456785,116.377764
1780456785,116.414588
1780456785,118.061157
1780456785,121.283435
1780456785,116.206907
1780456785,116.216197
1780456785,121.607557
1780456785,114.944740
1780456785,121.545606
1780456785,117.086946
1780456785,123.741893
1780456785,117.249100
1780456785,121.905722
1780456785,127.518293
1780456785,117.505993
1780456785,126.834068
1780456785,114.152125
1780456785,125.013055
1780456785,120.018680
1780456785,127.243911
1780456785,114.204091
1780456785,114.319570
1780456785,127.684699
1780456785,119.965069
1780456785,117.840334
1780456785,118.020436
1780456785,124.955968
1780456785,114.531197
1780456785,125.245648
1780456785,112.974440
1780456785,123.626405
1780456785,122.588547
1780456785,114.263877
1780456785,118.107488
1780456785,122.625876
1780456785,113.232120
1780456785,122.856815
1780456785,113.302806
1780456785,122.713342
1780456785,117.282600
1780456785,123.424925
1780456785,117.566588
1780456785,115.564803
1780456785,117.543576
1780456785,117.616315
1780456785,118.082993
1780456785,123.349116
1780456785,123.389062
1780456785,121.800626
1780456785,116.163966
1780456785,123.267329
1780456785,118.314989
1780456785,116.283266
1780456785,122.714190
1780456785,113.379405
1780456785,123.135414
1780456785,118.793544
1780456785,115.322722
1780456785,116.933497
1780456785,113.482428
1780456785,122.622860
1780456785,123.619260
1780456785,119.543288
1780456785,119.861256
1780456785,123.248267
1780456785,116.521575
1780456785,136.594759
1780456785,135.834342
1780456785,118.266311
1780456785,121.740419
1780456785,128.166486
1780456785,116.583951
1780456785,134.924546
1780456785,117.275738
1780456785,120.844920
1780456785,128.117609
1780456785,118.674979
1780456785,115.894627
1780456785,135.253539
1780456785,119.343379
1780456785,119.883930
1780456785,119.796515
1780456785,135.889406
1780456785,120.047411
1780456785,129.184224
1780456785,115.463187
1780456785,120.328296
1780456785,136.684307
1780456785,129.844221
1780456785,129.544054
1780456785,128.188811
1780456785,131.778540
1780456785,129.415449
1780456785,118.603735
1780456785,118.686649
1780456785,121.626305
1780456785,118.633680
1780456785,122.462186
1780456785,132.724529
1780456785,122.590303
1780456785,128.302307
1780456785,117.353671
1780456785,122.623781
1780456785,117.053420
1780456785,118.858740
1780456785,132.003452
1780456785,121.335869
1780456785,121.491929
1780456785,132.540589
1780456785,118.544422
1780456785,120.084703
1780456785,120.065801
1780456785,119.766464
1780456785,119.860758
1780456785,122.302488
1780456785,120.949523
1780456785,121.340414
1780456785,121.467171
1780456785,118.028190
1780456785,119.584635
1780456785,120.855351
1780456785,119.005533
1780456785,117.168505
1780456785,121.056665
1780456785,121.760208
1780456785,120.656949
1780456785,117.467810
1780456785,121.715538
1780456785,121.298618
1780456785,117.391339
1780456785,120.822711
1780456785,117.735861
1780456785,121.187960
1780456785,121.082595
1780456785,117.812661
1780456785,120.538543
1780456785,120.570432
1780456785,121.577492
1780456785,118.379714
1780456785,118.006546
1780456785,121.028748
1780456785,120.196129
1780456785,118.126310
1780456785,119.060437
1780456785,118.300372
1780456785,118.812264
1780456785,118.753091
1780456785,117.644898
1780456785,120.637859
1780456785,120.092164
1780456785,120.058883
1780456785,119.879056
1780456785,117.843891
1780456785,119.872321
1780456785,119.685946
1780456785,118.556777
1780456785,125.406604
1780456785,130.488471
1780456785,118.948590
1780456785,127.769273
1780456785,137.968427
1780456785,120.443213
1780456785,129.316905
1780456785,120.539824
1780456785,119.582880
1780456785,127.842953
1780456785,127.424342
1780456785,127.581346
1780456785,127.535287
1780456785,123.400490
1780456785,129.537276
1780456785,128.751469
1780456785,130.865241
1780456785,125.478326
1780456785,133.329365
1780456785,133.451863
1780456785,129.261155
1780456785,122.624319
1780456785,121.823450
1780456785,120.926563
1780456785,119.796529
1780456785,120.776647
1780456785,128.008287
1780456785,121.364394
1780456785,128.047687
1780456785,128.441581
1780456785,132.278167
1780456785,123.881768
1780456785,126.827622
1780456785,122.896167
1780456785,125.044220
1780456785,128.054774
1780456785,122.528642
1780456785,127.798361
1780456785,131.133531
1780456785,127.927128
1780456785,122.587943
1780456785,125.607826
1780456785,127.317180
1780456785,126.810818
1780456785,126.388411
1780456785,126.868153
1780456785,127.090570
1780456785,127.344715
1780456785,127.187528
1780456785,126.830062
1780456785,123.746237
1780456785,126.934598
1780456785,127.092532
1780456785,123.762274
1780456785,127.190124
1780456785,126.855086
1780456785,123.795162
1780456785,121.839345
1780456785,130.007459
1780456785,127.722083
1780456785,127.872463
1780456785,125.511061
1780456785,130.387985
1780456785,124.815888
1780456785,130.261022
1780456785,127.479596
1780456785,121.651452
1780456785,123.980801
1780456785,130.917005
1780456785,123.040560
1780456785,121.826780
1780456785,130.680954
1780456785,127.965573
1780456785,127.674107
1780456785,130.644621
1780456785,131.321463
1780456785,126.800541
1780456785,123.571686
1780456785,130.989670
1780456785,124.737747
1780456785,123.767228
1780456785,123.235169
1780456785,123.567523
1780456785,129.023044
1780456785,124.629761
1780456785,128.294612
1780456785,128.424142
1780456785,124.000852
1780456785,130.330784
1780456785,127.570800
1780456785,130.381806
1780456785,128.926639
1780456785,124.613477
1780456785,128.406705
1780456785,127.700182
1780456785,127.947826
1780456785,128.620985
1780456785,127.465997
1780456785,127.591217
1780456785,129.131980
1780456785,126.922869
1780456785,132.016332
1780456785,129.640664
1780456785,129.594241
1780456785,131.695783
1780456785,127.292398
1780456785,127.211099
1780456785,126.620927
1780456785,130.091967
1780456785,132.647566
1780456785,130.015010
1780456785,131.715326
1780456785,130.511959
1780456785,129.692971
1780456785,124.044663
1780456785,126.808668
1780456785,134.664870
1780456785,133.832766
1780456785,127.139588
1780456785,124.217290
1780456785,130.084098
1780456785,123.066943
1780456785,130.923937
1780456785,126.706880
1780456785,127.636382
1780456785,131.366061
1780456785,126.298015
1780456785,127.641542
1780456785,123.463848
1780456785,130.995584
1780456785,121.721098
1780456785,129.924562
1780456785,127.684119
1780456785,128.373159
1780456785,129.700881
1780456785,131.474001
1780456785,127.235593
1780456785,126.039858
1780456785,131.697542
1780456785,122.993739
1780456785,126.397706
1780456785,127.937982
1780456785,123.654471
1780456785,126.885341
1780456785,131.513427
1780456785,126.711189
1780456785,123.932431
1780456785,128.561086
1780456785,120.585543
1780456785,125.373581
1780456785,131.166327
1780456785,131.222595
1780456785,124.260872
1780456785,130.440155
1780456785,121.362820
1780456785,128.832494
1780456785,121.554713
1780456785,130.716124
1780456785,121.760440
1780456785,129.567211
1780456785,128.278933
1780456785,124.936966
1780456785,121.973934
1780456785,118.558637
1780456785,124.944301
1780456785,122.372101
1780456785,133.685359
1780456785,121.111214
1780456785,136.310164
1780456785,131.895280
1780456785,122.933934
1780456785,121.300060
1780456785,131.858042
1780456785,120.037951
1780456785,131.352741
1780456785,134.814296
1780456785,120.495301
1780456785,134.360465
1780456785,127.668230
1780456785,121.238051
1780456785,133.700277
1780456785,127.424475
1780456785,127.524999
1780456785,129.779264
1780456785,132.144128
1780456785,124.890841
1780456785,132.977331
1780456785,116.934176
1780456785,133.154615
1780456785,122.074540
1780456785,122.129452
1780456785,127.290424
1780456785,133.667241
1780456785,122.920731
1780456785,133.568981
1780456785,133.798111
1780456785,127.372197
1780456785,126.699154
1780456785,128.478669
1780456785,137.415146
1780456785,136.423268
1780456785,126.336423
1780456785,130.402570
1780456785,126.824882
1780456785,127.133947
1780456785,126.563657
1780456785,142.593297
1780456785,133.620801
1780456785,122.718786
1780456785,122.461283
1780456785,132.384476
1780456785,122.660406
1780456785,119.673224
1780456785,131.613708
1780456785,122.528325
1780456785,127.155696
1780456785,119.899539
1780456785,121.168136
1780456785,109.538873
1780456785,119.706494
1780456785,109.119335
1780456785,132.339918
1780456785,132.709213
1780456785,106.457594
1780456785,133.204382
1780456785,106.776103
1780456785,130.690414
1780456785,128.152073
1780456785,131.352206
1780456785,137.599395
1780456785,137.549066
1780456785,126.422480
1780456785,126.570615
1780456785,126.445540
1780456785,128.405579
1780456785,128.421635
1780456785,126.624318
1780456785,126.654787
1780456785,128.626648
1780456785,131.033992
1780456785,108.543277
1780456785,128.636003
1780456785,120.737374
1780456785,131.795097
1780456785,119.977991
1780456785,120.105020
1780456785,131.790661
1780456785,116.172483
1780456785,116.234933
1780456785,120.290234
1780456785,128.988336
1780456785,114.006396
1780456785,115.103199
1780456785,129.079004
1780456785,115.202377
1780456785,131.780989
1780456785,129.211033
1780456785,106.144501
1780456785,105.515863
1780456785,132.890737
1780456785,132.888786
1780456785,104.512990
1780456785,133.912103
1780456785,102.906838
1780456785,133.686805
1780456785,145.374196
1780456785,134.673499
1780456785,134.992299
1780456785,144.990998
1780456785,134.798242
1780456785,134.958717
1780456785,136.067363
1780456785,145.675411
1780456785,128.521146
1780456785,133.564549
1780456785,141.582920
1780456785,141.666530
1780456785,132.022121
1780456785,139.892392
1780456785,143.161876
1780456785,142.844592
1780456785,133.665138
1780456785,146.407964
1780456785,141.819961
1780456785,132.104582
1780456785,132.153792
1780456785,132.086009
1780456785,147.300319
1780456785,129.141699
1780456785,140.306896
1780456785,129.499128
1780456785,129.791022
1780456785,147.130426
1780456785,134.570877
1780456785,134.762571
1780456785,130.355600
1780456785,127.116904
1780456785,149.172243
1780456785,134.125428
1780456785,129.039575
1780456785,145.675649
1780456785,127.617033
1780456785,142.608886
1780456785,139.272314
1780456785,126.200604
1780456785,148.983221
1780456785,136.689498
1780456785,136.877276
1780456785,146.440935
1780456785,126.401400
1780456785,137.007060
1780456785,128.640321
1780456785,135.433743
1780456785,137.605505
1780456785,125.586370
1780456785,133.061325
1780456785,140.822900
1780456785,130.857751
1780456785,147.475485
1780456785,133.303404
1780456785,133.625311
1780456785,131.702363
1780456785,123.579980
1780456785,128.270130
1780456785,131.218600
1780456785,109.450400
1780456785,145.311685
1780456785,131.630274
1780456785,130.615337
1780456785,108.150616
1780456785,109.794130
1780456785,107.294767
1780456785,129.316190
1780456785,128.115568
1780456785,139.992123
1780456785,129.682698
1780456785,129.999517
1780456785,128.356382
1780456785,125.848746
1780456785,144.095313
1780456785,139.762136
1780456785,117.338728
1780456785,146.483257
1780456785,145.177221
1780456785,135.067196
1780456785,144.484527
1780456785,136.095660
1780456785,134.387703
1780456785,130.994133
1780456785,137.541534
1780456785,133.602122
1780456785,134.554163
1780456785,113.094250
1780456785,133.866216
1780456785,147.294112
1780456785,134.782330
1780456785,127.887428
1780456785,128.174251
1780456785,128.087886
1780456785,150.801235
1780456785,128.314523
1780456785,128.521243
1780456785,152.210303
1780456785,152.531006
1780456785,123.881842
1780456785,123.866053
1780456785,124.383876
1780456785,150.473038
1780456785,150.601748
1780456785,123.908211
1780456785,122.179784
1780456785,122.350231
1780456785,109.015842
1780456785,107.252689
1780456785,121.799643
1780456785,151.259558
1780456785,126.154492
1780456785,120.921283
1780456785,141.917631
1780456785,141.856228
1780456785,141.160530
1780456785,141.974677
1780456785,137.505775
1780456785,141.136912
1780456785,112.296318
1780456785,137.719217
1780456785,112.052382
1780456785,137.599924
1780456785,152.647038
1780456785,128.097378
1780456785,140.668939
1780456785,112.410918
1780456785,112.258618
1780456785,141.160220
1780456785,125.864409
1780456785,127.179442
1780456785,123.243573
1780456785,122.674105
1780456785,127.511209
1780456785,112.359231
1780456785,126.271440
1780456785,147.959799
1780456785,122.938438
1780456785,127.386270
1780456785,128.353038
1780456785,122.969524
1780456785,123.045210
1780456785,123.276668
1780456785,153.614073
1780456785,154.136011
1780456785,146.711301
1780456785,146.984995
1780456785,123.066252
1780456785,123.247074
1780456785,154.350983
1780456785,122.414095
1780456785,158.981306
1780456785,151.190168
1780456785,138.120091
1780456785,127.212027
1780456785,152.740960
1780456785,157.232023
1780456785,151.297397
1780456785,142.800359
1780456785,154.840140
1780456785,125.609284
1780456785,117.013151
1780456785,144.074738
1780456785,154.702323
1780456785,139.721935
1780456785,124.196187
1780456785,124.716332
1780456785,127.457400
1780456785,124.794728
1780456785,125.421658
1780456785,154.857917
1780456785,154.914159
1780456785,125.427300
1780456785,127.799629
1780456785,146.698886
1780456785,125.231709
1780456785,124.654754
1780456785,153.513847
1780456785,144.995827
1780456785,128.036108
1780456785,124.505043
1780456785,107.620667
1780456785,125.628108
1780456785,106.586072
1780456785,106.421222
1780456785,106.594823
1780456785,104.733346
1780456785,104.673622
1780456785,156.843837
1780456785,126.062982
1780456785,125.236984
1780456785,152.902963
1780456785,127.229567
1780456785,125.727265
1780456785,148.922251
1780456785,152.244132
1780456785,124.506134
1780456785,151.052400
1780456785,148.510500
1780456785,124.943586
1780456785,147.239885
1780456785,115.727581
1780456785,147.269931
1780456785,130.536222
1780456785,130.586377
1780456785,130.536564
1780456785,130.116095
1780456785,130.272466
1780456785,129.164706
1780456785,130.752855
1780456785,130.798495
1780456785,130.282535
1780456785,128.644630
1780456785,149.574116
1780456785,129.879041
1780456785,125.379300
1780456785,122.115652
1780456785,122.503284
1780456785,122.355909
1780456785,149.611561
1780456785,121.609444
1780456785,152.142297
1780456785,124.615329
1780456785,115.471779
1780456785,116.634318
1780456785,116.582884
1780456785,115.909210
1780456785,115.962979
1780456785,124.024150
1780456785,122.833747
1780456785,124.046425
1780456785,122.674184
1780456785,120.814599
1780456785,122.700458
1780456785,119.954466
1780456785,122.707659
1780456785,116.028135
1780456785,127.327311
1780456785,132.097152
1780456785,163.426564
1780456785,129.208138
1780456785,117.855375
1780456785,118.878068
1780456785,127.498783
1780456785,117.949373
1780456785,118.990224
1780456785,126.094087
1780456785,117.846189
1780456785,118.948443
1780456785,118.724962
1780456785,118.217288
1780456785,118.186197
1780456785,117.732091
1780456785,119.425833
1780456785,118.276775
1780456785,117.764766
1780456785,118.907533
1780456785,118.266236
1780456785,126.410595
1780456785,126.526112
1780456785,119.474966
1780456785,124.863011
1780456785,117.728933
1780456785,117.821019
1780456785,113.444511
1780456785,125.976795
1780456785,113.446935
1780456785,167.824429
1780456785,116.051056
1780456785,114.863830
1780456785,107.889100
1780456785,162.977448
1780456785,158.990699
1780456785,166.465648
1780456785,166.046354
1780456785,115.617494
1780456785,121.335082
1780456785,163.440995
1780456785,121.418571
1780456785,121.463490
1780456785,120.298623
1780456785,120.356552
1780456785,120.439128
1780456785,174.029219
1780456785,154.683468
1780456785,132.989274
1780456785,128.792828
1780456785,130.979737
1780456785,133.410384
1780456785,174.680685
1780456785,133.316668
1780456785,169.298598
1780456785,133.450120
1780456785,170.597119
1780456785,155.302981
1780456785,118.802575
1780456785,154.605854
1780456785,119.065035
1780456785,155.460657
1780456785,128.814078
1780456785,155.542109
1780456785,131.241929
1780456785,157.187499
1780456785,155.396481
1780456785,162.207457
1780456785,115.524328
1780456785,115.704068
1780456785,115.194545
1780456785,171.153446
1780456785,165.018153
1780456785,119.977667
1780456785,179.200673
1780456785,120.252875
1780456785,153.645975
1780456785,168.282964
1780456785,162.193683
1780456785,121.028062
1780456785,121.023687
1780456785,121.590183
1780456785,154.660434
1780456785,154.636958
1780456785,121.363477
1780456785,158.231990
1780456785,121.929379
1780456785,121.089095
1780456785,121.091635
1780456785,154.728774
1780456785,154.754408
1780456785,154.807291
1780456785,122.386889
1780456785,155.289213
1780456785,155.207947
1780456785,154.093613
1780456785,142.944731
1780456785,143.224659
1780456785,165.280682
1780456785,144.477013
1780456785,125.353740
1780456785,142.435719
1780456785,142.765791
1780456785,147.557049
1780456785,128.036274
1780456785,127.968376
1780456785,128.101699
1780456785,154.839850
1780456785,154.683816
1780456785,152.004958
1780456785,154.316982
1780456785,154.505790
1780456785,155.012504
1780456785,143.848736
1780456785,151.315907
1780456785,195.960306
1780456785,143.933294
1780456785,195.997309
1780456785,190.781206
1780456785,196.013371
1780456785,192.853830
1780456785,165.673773
1780456785,196.084266
1780456785,173.104469
1780456785,193.482817
1780456785,167.240770
1780456785,193.598968
1780456785,173.141037
1780456785,190.324124
1780456785,178.301370
1780456785,144.351524
1780456785,172.609150
1780456785,195.312100
1780456785,190.464057
1780456785,195.409878
1780456785,189.922157
1780456785,196.296956
1780456785,122.406748
1780456785,118.642481
1780456785,164.546170
1780456785,117.602788
1780456785,164.781307
1780456785,164.738893
1780456785,164.893258
1780456785,117.700216
1780456785,112.304610
1780456785,118.006601
1780456785,118.129249
1780456785,123.379424
1780456785,124.151399
1780456785,118.115703
1780456785,118.311584
1780456785,118.348975
1780456785,112.955051
1780456785,148.897331
1780456785,148.797421
1780456785,112.970882
1780456785,113.913143
1780456785,113.752355
1780456785,113.812815
1780456785,114.027243
1780456785,113.879868
1780456785,149.463926
1780456785,139.089257
1780456785,138.436711
1780456785,139.293170
1780456785,139.954812
1780456785,140.022688
1780456785,139.294607
1780456785,150.309214
1780456785,136.534812
1780456785,141.063755
1780456785,163.147653
1780456785,165.624688
1780456785,149.740253
1780456785,136.170141
1780456785,137.938271
1780456785,156.415732
1780456785,165.870185
1780456785,128.008022
1780456785,137.350277
1780456785,137.918492
1780456785,164.561542
1780456785,137.447543
1780456785,164.697953
1780456785,164.779966
1780456785,138.020313
1780456785,138.061492
1780456785,138.101989
1780456785,138.186702
1780456785,172.403268
1780456785,137.889914
1780456785,172.578729
1780456785,137.909827
1780456785,139.614860
1780456785,136.558676
1780456785,134.534192
1780456785,134.630497
1780456785,129.846345
1780456785,136.613906
1780456785,115.410685
1780456785,130.021316
1780456785,115.620824
1780456785,130.023577
1780456785,133.802332
1780456785,133.848797
1780456785,134.355473
1780456785,134.414461
1780456785,134.319429
1780456785,143.297992
1780456785,125.428114
1780456785,142.236902
1780456785,166.698311
1780456785,168.713962
1780456785,160.610755
1780456785,166.832681
1780456785,167.777640
1780456785,160.625863
1780456785,168.703882
1780456785,128.430474
1780456785,124.540728
1780456785,114.444605
1780456785,139.294406
1780456785,127.506015
1780456785,167.865399
1780456785,127.550157
1780456785,148.660933
1780456785,143.000901
1780456785,135.757342
1780456785,171.445405
1780456785,162.183822
1780456785,144.970636
1780456785,168.584148
1780456785,144.964504
1780456785,137.495936
1780456785,134.835679
1780456785,141.183338
1780456785,124.538467
1780456785,124.482105
1780456785,124.557774
1780456785,124.605425
1780456785,124.490799
1780456785,124.153560
1780456785,124.289748
1780456785,124.527423
1780456785,131.365634
1780456785,124.223109
1780456785,130.770143
1780456785,131.611291
1780456785,131.291097
1780456785,127.862899
1780456785,132.024129
1780456785,130.090850
1780456785,129.869418
1780456785,130.339142
1780456785,132.311596
1780456785,130.355449
1780456785,130.438495
1780456785,133.491502
1780456785,124.460552
1780456785,130.645565
1780456785,124.222148
1780456785,157.823758
1780456785,156.742933
1780456785,156.769065
1780456785,173.851513
1780456785,156.713992
1780456785,166.856784
1780456785,155.507815
1780456785,154.201027
1780456785,169.688642
1780456785,171.592866
1780456785,154.443593
1780456785,156.989646
1780456785,170.528180
1780456785,174.041158
1780456785,171.584868
1780456785,125.422801
1780456785,171.564254
1780456785,166.584596
1780456785,171.645217
1780456785,119.045006
1780456785,171.722013
1780456785,166.620816
1780456785,170.075201
1780456785,169.302359
1780456785,166.748326
1780456785,170.012495
1780456785,170.075242
1780456785,171.702351
1780456785,123.226742
1780456785,123.189402
1780456785,153.308515
1780456785,148.958359
1780456785,148.126660
1780456785,158.507172
1780456785,158.345913
1780456785,158.600450
1780456785,121.556143
1780456785,158.752715
1780456785,158.573847
1780456785,118.509016
1780456785,146.295041
1780456785,120.111792
1780456785,148.371758
1780456785,147.963798
1780456785,148.529224
1780456785,148.135581
1780456785,141.661926
1780456785,141.839380
1780456785,140.185926
1780456785,140.530759
1780456785,141.675748
1780456785,141.813989
1780456785,142.271987
1780456785,140.580007
1780456785,140.323906
1780456785,140.659206
1780456785,140.720530
1780456785,142.722034
1780456785,142.827784
1780456785,139.084905
1780456785,139.145593
1780456785,142.694382
1780456785,142.951656
1780456785,139.129296
1780456785,139.232371
1780456785,132.908711
1780456785,148.733921
1780456785,149.093100
1780456785,148.786548
1780456785,131.091397
1780456785,163.277184
1780456785,151.753667
1780456785,131.712964
1780456785,151.894204
1780456785,131.545220
1780456785,163.421695
1780456785,129.905659
1780456785,131.859016
1780456785,151.965029
1780456785,132.744365
1780456785,130.004441
1780456785,133.448115
1780456785,130.167892
1780456785,130.127953
1780456785,145.184693
1780456785,145.279670
1780456785,136.506202
1780456785,178.277379
1780456785,178.681758
1780456785,179.489617
1780456785,173.742024
1780456785,173.722904
1780456785,173.736507
1780456785,173.678225
1780456785,146.423736
1780456785,173.657065
1780456785,173.785669
1780456785,172.317127
1780456785,172.533387
1780456785,173.066885
1780456785,173.080443
1780456785,147.390205
1780456785,147.469095
1780456785,144.001276
1780456785,126.506638
1780456785,143.473672
1780456785,125.968820
1780456785,125.433123
1780456785,125.992160
1780456785,131.221574
1780456785,135.638561
1780456785,135.624766
1780456785,137.155888
1780456785,131.065069
1780456785,140.981794
1780456785,137.203788
1780456785,130.511684
1780456785,146.713239
1780456785,134.224573
1780456785,148.923908
1780456785,151.006306
1780456785,152.921308
1780456785,134.921522
1780456785,126.368935
1780456785,149.018720
1780456785,126.492280
1780456785,141.480250
1780456785,140.904993
1780456785,126.498462
1780456785,125.593902
1780456785,125.798807
1780456785,139.165448
1780456785,139.545397
1780456785,153.827926
1780456785,126.180947
1780456785,139.840907
1780456785,125.968843
1780456785,150.906280
1780456785,147.427909
1780456785,146.027073
1780456785,156.373451
1780456785,145.260879
1780456785,155.988418
1780456785,145.970009
1780456785,155.076867
1780456785,145.032122
1780456785,125.385229
1780456785,155.284489
1780456785,155.029593
1780456785,142.620182
1780456785,138.622119
1780456785,185.192128
1780456785,125.222452
1780456785,124.488971
1780456785,181.454371
1780456785,144.035173
1780456785,134.033323
1780456785,143.967630
1780456785,128.023473
1780456785,131.885467
1780456785,156.431432
1780456785,128.092834
1780456785,143.365239
1780456785,122.686816
1780456785,122.343833
1780456785,147.117876
1780456785,181.575368
1780456785,187.705527
1780456785,148.245620
1780456785,141.053678
1780456785,143.687164
1780456785,181.352498
1780456785,143.128895
1780456785,127.876562
1780456785,154.266620
1780456785,183.396472
1780456785,141.948318
1780456785,146.460823
1780456785,177.784469
1780456785,140.690174
1780456785,146.660093
1780456785,156.404010
1780456785,156.445218
1780456785,156.344761
1780456785,156.371340
1780456785,154.874655
1780456785,179.070847
1780456785,156.962378
1780456785,131.861630
1780456785,154.705696
1780456785,154.879494
1780456785,156.417511
1780456785,127.622004
1780456785,156.433121
1780456785,130.746019
1780456785,156.546570
1780456785,154.863305
1780456785,156.790513
1780456785,130.939654
1780456785,156.784757
1780456785,153.809883
1780456785,156.648395
1780456785,146.802095
1780456785,153.778270
1780456785,155.488963
1780456785,154.001671
1780456785,155.475960
1780456785,154.048591
1780456785,178.913936
1780456785,179.012314
1780456785,137.343243
1780456785,154.052559
1780456785,136.735229
1780456785,179.178414
1780456785,150.798697
1780456785,179.190094
1780456785,179.845149
1780456785,137.620096
1780456785,129.865165
1780456785,138.541905
1780456785,137.371566
1780456785,137.376575
1780456785,180.611925
1780456785,180.856622
1780456785,180.777165
1780456785,178.875798
1780456785,167.472805
1780456785,130.353864
1780456785,131.088806
1780456785,181.369334
1780456785,127.017664
1780456785,179.711160
1780456785,177.203018
1780456785,125.879754
1780456785,174.798836
1780456785,126.053642
1780456785,174.253739
1780456785,126.157747
1780456785,126.734493
1780456785,173.630513
1780456785,172.976974
1780456785,126.840560
1780456785,137.554964
1780456785,127.026701
1780456785,173.197157
1780456785,139.801996
1780456785,127.266036
1780456785,173.086965
1780456785,138.094037
1780456785,171.997264
1780456785,120.193905
1780456785,138.426282
1780456785,170.583465
1780456785,126.043018
1780456785,138.001852
1780456785,125.748882
1780456785,170.817626
1780456785,137.155582
1780456785,132.856007
1780456785,170.967752
1780456785,137.361040
1780456785,137.504221
1780456785,130.342250
1780456785,129.027810
1780456785,129.353784
1780456785,126.864508
1780456785,128.158260
1780456785,125.597924
1780456785,128.346348
1780456785,125.911815
1780456785,129.243905
1780456785,143.485781
1780456785,145.280859
1780456785,143.538998
1780456785,141.578071
1780456785,145.263636
1780456785,140.589818
1780456785,141.787655
1780456785,141.872569
1780456785,140.648935
1780456785,144.265264
1780456785,140.613658
1780456785,144.560962
1780456785,127.465085
1780456785,135.389960
1780456785,144.576882
1780456785,142.925083
1780456785,141.647577
1780456785,128.506006
1780456785,146.348525
1780456785,128.544930
1780456785,135.812407
1780456785,146.237534
1780456785,133.583214
1780456785,128.709622
1780456785,134.616112
1780456785,138.877174
1780456785,137.140650
1780456785,138.153710
1780456785,128.082251
1780456785,142.055346
1780456785,128.732213
1780456785,136.036599
1780456785,139.585679
1780456785,127.268617
1780456785,138.995049
1780456785,135.035444
1780456785,143.970328
1780456785,138.575004
1780456785,138.958342
1780456785,140.560221
1780456785,125.701081
1780456785,128.039334
1780456785,138.714798
1780456785,132.564472
1780456785,132.669187
1780456785,132.576328
1780456785,128.902932
1780456785,128.451587
1780456785,136.065902
1780456785,136.199961
1780456785,130.699031
1780456785,128.580800
1780456785,129.051578
1780456785,128.550953
1780456785,125.235116
1780456785,129.147151
1780456785,130.727524
1780456785,129.370493
1780456785,136.491192
1780456785,127.944442
1780456785,126.696719
1780456785,130.877058
1780456785,131.003710
1780456785,122.044245
1780456785,123.338665
1780456785,133.817172
1780456785,129.518420
1780456785,127.437312
1780456785,127.550691
1780456785,127.510235
1780456785,134.500834
1780456785,126.541697
1780456785,134.643552
1780456785,129.935537
1780456785,129.626476
1780456785,134.922876
1780456785,128.493815
1780456785,126.493261
1780456785,135.280205
1780456785,128.643122
1780456785,129.431782
1780456785,136.413653
1780456785,132.835565
1780456785,132.866876
1780456785,132.667795
1780456785,132.274344
1780456785,128.146030
1780456785,132.674335
1780456785,133.023182
1780456785,122.873633
1780456785,126.764056
1780456785,132.935852
1780456785,128.919415
1780456785,133.229063
1780456785,132.903974
1780456785,132.809301
1780456785,132.846558
1780456785,132.906506
1780456785,132.795212
1780456785,132.862707
1780456785,132.965329
1780456785,133.076927
1780456785,134.391553
1780456785,136.287937
1780456785,136.358641
1780456785,132.015173
1780456785,131.969420
1780456785,136.338302
1780456785,131.524790
1780456785,140.983883
1780456785,134.416517
1780456785,133.185520
1780456785,133.180840
1780456785,134.485141
1780456785,131.774531
1780456785,137.685263
1780456785,134.288152
1780456785,136.251364
1780456785,137.892302
1780456785,136.018991
1780456785,133.009697
1780456785,133.198197
1780456785,131.889117
1780456785,132.085146
1780456785,138.992510
1780456785,135.574291
1780456785,132.570697
1780456785,132.556809
1780456785,134.199817
1780456785,141.604512
1780456785,141.352469
1780456785,138.215463
1780456785,142.214032
1780456785,139.525392
1780456785,142.215227
1780456785,141.790945
1780456785,138.120412
1780456785,139.721294
1780456785,141.820382
1780456785,141.664626
1780456785,141.910057
1780456785,137.603148
1780456785,138.312113
1780456785,141.927529
1780456785,141.861303
1780456785,141.976575
1780456785,137.816382
1780456785,139.898845
1780456785,188.644338
1780456785,187.983453
1780456785,188.055068
1780456785,186.746452
1780456785,188.226188
1780456785,186.433069
1780456785,184.818377
1780456785,181.962502
1780456785,181.225345
1780456785,181.140866
1780456785,180.776949
1780456785,180.344778
1780456785,181.263903
1780456785,180.670022
1780456785,177.453309
1780456785,177.500702
1780456785,178.336030
1780456785,175.431590
1780456785,174.424870
1780456785,141.978756
1780456785,187.456416
1780456785,187.458945
1780456785,165.893213
1780456785,186.852310
1780456785,139.293090
1780456785,175.265304
1780456785,138.441578
1780456785,170.271226
1780456785,167.003195
1780456785,170.378684
1780456785,167.391331
1780456785,147.146428
1780456785,166.121740
1780456785,166.105584
1780456785,144.011021
1780456785,166.417635
1780456785,166.396210
1780456785,146.385278
1780456785,166.126894
1780456785,157.927178
1780456785,166.033634
1780456785,134.940272
1780456785,144.827483
1780456785,166.180157
1780456785,135.341623
1780456785,165.679448
1780456785,143.756050
1780456785,142.472475
1780456785,167.920887
1780456785,141.822464
1780456785,139.316201
1780456785,140.630130
1780456785,164.859867
1780456785,142.018402
1780456785,159.946288
1780456785,141.168874
1780456785,163.000317
1780456785,135.694365
1780456785,135.952066
1780456785,160.665360
1780456785,164.984574
1780456785,163.695546
1780456785,136.195445
1780456785,165.231604
1780456785,161.356145
1780456785,128.198188
1780456785,135.506955
1780456785,158.401512
1780456785,135.674831
1780456785,158.912211
1780456785,152.250383
1780456785,135.869283
1780456785,135.962492
1780456785,155.062761
1780456785,133.772262
1780456785,159.175728
1780456785,133.265811
1780456785,154.946583
1780456785,183.838214
1780456785,151.501174
1780456785,150.778400
1780456785,142.761817
1780456785,138.106490
1780456785,171.680278
1780456785,141.522468
1780456785,134.236533
1780456785,128.693749
1780456785,141.712863
1780456785,164.622593
1780456785,142.965166
1780456785,164.731391
1780456785,145.525949
1780456785,164.799056
1780456785,139.835984
1780456785,132.740555
1780456785,138.732608
1780456785,151.999769
1780456785,153.561750
1780456785,128.889327
1780456785,145.493653
1780456785,140.011838
1780456785,128.978625
1780456785,153.766845
1780456785,144.820790
1780456785,140.190884
1780456785,149.020445
1780456785,121.385721
1780456785,145.065821
1780456785,136.318879
1780456785,126.722223
1780456785,156.114594
1780456785,127.553134
1780456785,127.135523
1780456785,149.927318
1780456785,125.316661
1780456785,149.985164
1780456785,149.890794
1780456785,151.967712
1780456785,154.263677
1780456785,154.609957
1780456785,151.105928
1780456785,151.057809
1780456785,150.318245
1780456785,149.662337
1780456785,150.440598
1780456785,150.493836
1780456785,147.777022
1780456785,146.188601
1780456785,143.356461
1780456785,147.924846
1780456785,143.379594
1780456785,148.099610
1780456785,143.263398
1780456785,148.162809
1780456785,144.956298
1780456785,154.780322
1780456785,146.780330
1780456785,150.814189
1780456785,140.688899
1780456785,152.185910
1780456785,152.417976
1780456785,140.285929
1780456785,135.746708
1780456785,145.567461
1780456785,145.453403
1780456785,152.767205
1780456785,149.044713
1780456785,149.648114
1780456785,145.630752
1780456785,154.498898
1780456785,148.564627
1780456785,148.761480
1780456785,138.993681
1780456785,152.197888
1780456785,152.287182
1780456785,152.390851
1780456785,144.747143
1780456785,151.819494
1780456785,152.350955
1780456785,151.847779
1780456785,152.207179
1780456785,150.412849
1780456785,144.914346
1780456785,150.562214
1780456785,153.954755
1780456785,154.129504
1780456785,165.757399
1780456785,162.460292
1780456785,162.076545
1780456785,160.952443
1780456785,149.372458
1780456785,162.935882
1780456785,162.620153
1780456785,148.161700
1780456785,142.351449
1780456785,147.279143
1780456785,148.804694
1780456785,135.332839
1780456785,135.617417
1780456785,145.928111
1780456785,148.149179
1780456785,147.678232
1780456785,152.573265
1780456785,163.831430
1780456785,142.711453
1780456785,165.536007
1780456785,144.451163
1780456785,142.574895
1780456785,144.810829
1780456785,165.975187
1780456785,143.801815
1780456785,143.055752
1780456785,153.634503
1780456785,155.431116
1780456785,155.686337
1780456785,154.426220
1780456785,155.909279
1780456785,155.929390
1780456785,135.989094
1780456785,136.305283
1780456785,159.890077
1780456785,163.127626
1780456785,141.950011
1780456785,133.475771
1780456785,155.830653
1780456785,162.008430
1780456785,142.529505
1780456785,146.775740
1780456785,137.748089
1780456785,140.313689
1780456785,145.200254
1780456785,145.491639
1780456785,166.288003
1780456785,132.038363
1780456785,149.251376
1780456785,133.033090
1780456785,157.454680
1780456785,146.582310
1780456785,166.621012
1780456785,158.532378
1780456785,135.373981
1780456785,149.060295
1780456785,167.429082
1780456785,151.926420
1780456785,168.652667
1780456785,163.425883
1780456785,148.342395
1780456785,151.848501
1780456785,144.122097
1780456785,151.156550
1780456785,147.475631
1780456785,171.696929
1780456785,155.294493
1780456785,150.720883
1780456785,163.780211
1780456785,140.541794
1780456785,162.434611
1780456785,152.689234
1780456785,165.683885
1780456785,172.019008
1780456785,166.227377
1780456785,148.795058
1780456785,173.896872
1780456785,168.169461
1780456785,172.770165
1780456785,157.122847
1780456785,173.054371
1780456785,146.587301
1780456785,173.294206
1780456785,139.017260
1780456785,143.065588
1780456785,146.388284
1780456785,161.715465
1780456785,146.838795
1780456785,148.694827
1780456785,148.978735
1780456785,149.055592
1780456785,150.119122
1780456785,181.757805
1780456785,150.251008
1780456785,182.085507
1780456785,151.409403
1780456785,182.376244
1780456785,178.943629
1780456785,150.655689
1780456785,178.936920
1780456785,183.201480
1780456785,183.573511
1780456785,183.903441
1780456785,151.726006
1780456785,186.709195
1780456785,183.205895
1780456785,158.654200
1780456785,161.322340
1780456785,184.748666
1780456785,156.302376
1780456785,186.770587
1780456785,158.333749
1780456785,147.363032
1780456785,179.366756
1780456785,180.889218
1780456785,149.133947
1780456785,179.916177
1780456785,181.395198
1780456785,148.353217
1780456785,159.821995
1780456785,150.311863
1780456785,185.227045
1780456785,150.545473
1780456785,176.944127
1780456785,173.963005
1780456785,170.291213
1780456785,173.974378
1780456785,153.518190
1780456785,164.795691
1780456785,154.177222
1780456785,163.457348
1780456785,188.100990
1780456785,156.398930
1780456785,158.734768
1780456785,158.716887
1780456785,193.978846
1780456785,165.586477
1780456785,180.977714
1780456785,198.830428
1780456785,198.932687
1780456785,198.970060
1780456785,168.323804
1780456785,153.529622
1780456785,170.934361
1780456785,173.297938
1780456785,179.050816
1780456785,195.063624
1780456785,162.885859
1780456785,210.999695
1780456785,202.373182
1780456785,194.698315
1780456785,188.158139
1780456785,181.442344
1780456785,181.875014
1780456785,214.356935
1780456785,200.212013
1780456785,194.024234
1780456785,210.043425
1780456785,226.121009
1780456785,213.530141
1780456785,196.815660
1780456785,224.221060
1780456785,211.417222
1780456785,262.418076
1780456785,235.014693
1780456785,234.147492
1780456785,271.691945
1780456785,235.841163
1780456785,236.196790
1780456785,236.503862
1780456785,237.851968
1780456785,222.587188
1780456785,222.849885
1780456785,223.189579
1780456785,239.528198
1780456785,241.247313
1780456785,245.158118
1780456785,212.192580
1780456785,262.567733
1780456785,252.129746
1780456785,261.363569
1780456785,261.420517
1780456785,227.370366
1780456785,285.603121
1780456785,285.767366
1780456785,256.116126
1780456785,257.226254
1780456785,286.082683
1780456785,257.357845
1780456785,249.916011
1780456785,271.981129
1780456785,251.407164
1780456785,290.395951
1780456785,279.526156
1780456785,254.116705
1780456785,256.871885
1780456785,259.942969
1780456785,260.246633
1780456785,238.620411
1780456785,226.239501
1780456785,226.211186
1780456785,253.700534
1780456785,230.274715
1780456785,220.800928
1780456785,239.051834
1780456785,230.389375
1780456785,256.386469
1780456785,226.486909
1780456785,253.914936
1780456785,230.242987
1780456785,234.996095
1780456785,230.348314
1780456785,235.084377
1780456785,230.602885
1780456785,228.025555
1780456785,230.686267
1780456785,235.206612
1780456785,230.747647
1780456785,228.168208
1780456785,223.508309
1780456785,224.650449
1780456785,260.208760
1780456785,225.592562
1780456785,262.940301
1780456785,225.728044
1780456785,230.818372
1780456785,267.935146
1780456785,244.052716
1780456785,235.302122
1780456785,270.968544
1780456785,230.978175
1780456785,230.860659
1780456785,235.437385
1780456785,249.419158
1780456785,272.967560
1780456785,232.390792
1780456785,244.312316
1780456785,273.257435
1780456785,273.413639
1780456785,232.511067
1780456785,274.597502
1780456785,231.462464
1780456785,244.868030
1780456785,231.581774
1780456785,250.172547
1780456785,229.545076
1780456785,237.068549
1780456785,213.893883
1780456785,228.698727
1780456785,215.086470
1780456785,277.383999
1780456785,247.352885
1780456785,247.394122
1780456785,236.626273
1780456785,277.794381
1780456785,217.534305
1780456785,255.792435
1780456785,217.629178
1780456785,233.811277
1780456785,282.412822
1780456785,281.069976
1780456785,225.303020
1780456785,227.055134
1780456785,278.158216
1780456785,232.703197
1780456785,226.355945
1780456785,278.583677
1780456785,221.247801
1780456785,286.032828
1780456785,251.750475
1780456785,254.484614
1780456785,221.878805
1780456785,285.345708
1780456785,243.115538
1780456785,234.514436
1780456785,231.437643
1780456785,238.780263
1780456785,244.511662
1780456785,242.528721
1780456785,281.109957
1780456785,242.747263
1780456785,245.681590
1780456785,243.071274
1780456785,232.982801
1780456785,229.642163
1780456785,255.807398
1780456785,289.042957
1780456785,244.027071
1780456785,239.035291
1780456785,243.741762
1780456785,225.532907
1780456785,244.299795
1780456785,289.894095
1780456785,230.985127
1780456785,235.148778
1780456785,242.641892
1780456785,227.130250
1780456785,260.315605
1780456785,231.912570
1780456785,261.847712
1780456785,295.033824
1780456785,262.013647
1780456785,237.403457
1780456785,262.383879
1780456785,246.065182
1780456785,262.648311
1780456785,264.242590
1780456785,232.702255
1780456785,256.635935
1780456785,293.810382
1780456785,264.802205
1780456785,247.021010
1780456785,259.598282
1780456785,233.566752
1780456785,261.146092
1780456785,287.678564
1780456785,262.805319
1780456785,247.890327
1780456785,248.181810
1780456785,245.809962
1780456785,243.743264
1780456785,268.682360
1780456785,258.415518
1780456785,269.059820
1780456785,253.164293
1780456785,272.934540
1780456785,253.448539
1780456785,238.768516
1780456785,239.516629
1780456785,261.105774
1780456785,271.436368
1780456785,270.467333
1780456785,262.520078
1780456785,261.504518
1780456785,250.792373
1780456785,237.170695
1780456785,237.453423
1780456785,273.732040
1780456785,251.018239
1780456785,251.686501
1780456785,241.886572
1780456785,253.887363
1780456785,224.569430
1780456785,264.080061
1780456785,236.185984
1780456785,255.087065
1780456785,225.133799
1780456785,256.515805
1780456785,244.184046
1780456785,256.921905
1780456785,234.307718
1780456785,257.049263
1780456785,269.431403
1780456785,230.995278
1780456785,243.660416
1780456785,243.806729
1780456785,256.022575
1780456785,245.141427
1780456785,270.273871
1780456785,240.423732
1780456785,233.258298
1780456785,271.708621
1780456785,227.212115
1780456785,264.222893
1780456785,246.245694
1780456785,264.605238
1780456785,234.021845
1780456785,249.033005
1780456785,302.021211
1780456785,307.421048
1780456785,271.682536
1780456785,281.220210
1780456785,229.425624
1780456785,281.917370
1780456785,288.222454
1780456785,291.439043
1780456785,302.363036
1780456785,233.964674
1780456785,235.123163
1780456785,231.493832
1780456785,278.923145
1780456785,310.352224
1780456785,235.468140
1780456785,281.548817
1780456785,262.305611
1780456785,237.423356
1780456785,262.431947
1780456785,271.925083
1780456785,237.496507
1780456785,269.332901
1780456785,237.946245
1780456785,238.446507
1780456785,308.275777
1780456785,297.555488
1780456785,239.698934
1780456785,290.784538
1780456785,253.179974
1780456785,238.650485
1780456785,241.268890
1780456785,237.348858
1780456785,239.099064
1780456785,239.122365
1780456785,239.402097
1780456785,239.530310
1780456785,270.851428
1780456785,270.987044
1780456785,284.459154
1780456785,270.755209
1780456785,257.225434
1780456785,282.225074
1780456785,306.599746
1780456785,316.117107
1780456785,254.218196
1780456785,278.434629
1780456785,259.503780
1780456785,307.954368
1780456785,263.026588
1780456785,313.695512
1780456785,255.651234
1780456785,261.833943
1780456785,265.632022
1780456785,248.503018
1780456785,268.442866
1780456785,267.024016
1780456785,269.270085
1780456785,257.746452
1780456785,319.878309
1780456785,264.553872
1780456785,253.729563
1780456785,264.640424
1780456785,261.789975
1780456785,234.267227
1780456785,233.991966
1780456785,234.437874
1780456785,303.720423
1780456785,234.453378
1780456785,234.358486
1780456785,234.565881
1780456785,234.456868
1780456785,234.206945
1780456785,234.448309
1780456785,245.961477
1780456785,216.940697
1780456785,246.059587
1780456785,210.378342
1780456785,243.182918
1780456785,231.084886
1780456785,246.324122
1780456785,231.330993
1780456785,246.658056
1780456785,215.697634
1780456785,246.507593
1780456785,231.391154
1780456785,246.392226
1780456785,216.058102
1780456785,246.392765
1780456785,304.269971
1780456785,201.673835
1780456785,215.709452
1780456785,246.657774
1780456785,231.562424
1780456785,246.665340
1780456785,216.180674
1780456785,304.308348
1780456785,246.655065
1780456785,246.456974
1780456785,234.956873
1780456785,216.188345
1780456785,246.954462
1780456785,216.315618
1780456785,246.996792
1780456785,247.152589
1780456785,312.661410
1780456785,216.503418
1780456785,238.355132
1780456785,238.536218
1780456785,238.698742
1780456785,238.659665
1780456785,231.880342
1780456785,304.774001
1780456785,242.478436
1780456785,217.889972
1780456785,242.395017
1780456785,245.772037
1780456785,242.625074
1780456785,225.453799
1780456785,252.517189
1780456785,242.734188
1780456785,261.380473
1780456785,313.209862
1780456785,254.168173
1780456785,247.098534
1780456785,244.111462
1780456785,247.177289
1780456785,254.704078
1780456785,247.634573
1780456785,244.245236
1780456785,305.291754
1780456785,254.315401
1780456785,296.126326
1780456785,245.987044
1780456785,297.376534
1780456785,263.737195
1780456785,247.307698
1780456785,255.441125
1780456785,247.694633
1780456785,244.446142
1780456785,298.236771
1780456785,311.167177
1780456785,298.680425
1780456785,313.590061
1780456785,241.095753
1780456785,315.980734
1780456785,299.529694
1780456785,317.671453
1780456785,232.720658
1780456785,253.148583
1780456785,208.809666
1780456785,291.649371
1780456785,201.195616
1780456785,242.696086
1780456785,201.113890
1780456785,306.699438
1780456785,196.280643
1780456785,243.772747
1780456785,196.386445
1780456785,243.806269
1780456785,197.543928
1780456785,243.946700
1780456785,197.600514
1780456785,308.637916
1780456785,198.956042
1780456785,248.529232
1780456785,197.625083
1780456785,248.594183
1780456785,217.455049
1780456785,248.662516
1780456785,217.727253
1780456785,321.203802
1780456785,217.730679
1780456785,308.873812
1780456785,217.955194
1780456785,244.209310
1780456785,207.239846
1780456785,253.713448
1780456785,199.049243
1780456785,245.442325
1780456785,199.113185
1780456785,245.503564
1780456785,199.177115
1780456785,230.529725
1780456785,199.244946
1780456785,236.829974
1780456785,208.730413
1780456785,237.070498
1780456785,236.862576
1780456785,209.196682
1780456785,236.901026
1780456785,211.333356
1780456785,237.185893
1780456785,231.068399
1780456785,237.272887
1780456785,206.328070
1780456785,254.419729
1780456785,172.737006
1780456785,254.406300
1780456785,173.517475
1780456785,244.336859
1780456785,172.947834
1780456785,173.537709
1780456785,240.531011
1780456785,173.604970
1780456785,249.258221
1780456785,157.724018
1780456785,244.637644
1780456785,158.047424
1780456785,279.123362
1780456785,162.538660
1780456785,248.989754
1780456785,164.682997
1780456785,244.700532
1780456785,162.765770
1780456785,254.245037
1780456785,158.417975
1780456785,254.305831
1780456785,163.200737
1780456785,254.441553
1780456785,164.827044
1780456785,254.726512
1780456785,164.675191
1780456785,254.415313
1780456785,181.556209
1780456785,254.655710
1780456785,181.952217
1780456785,254.590084
1780456785,182.091857
1780456785,254.479480
1780456785,181.968914
1780456785,261.211027
1780456785,230.538641
1780456785,254.897661
1780456785,182.208871
1780456785,231.726484
1780456785,202.239390
1780456785,231.686416
1780456785,202.314817
1780456785,234.526317
1780456785,206.996732
1780456785,234.394681
1780456785,202.462599
1780456785,237.677692
1780456785,202.876015
1780456785,237.944472
1780456785,213.733020
1780456785,234.645240
1780456785,212.667031
1780456785,241.069013
1780456785,202.998034
1780456785,241.189128
1780456785,203.188978
1780456785,241.430724
1780456785,209.476166
1780456785,245.170782
1780456785,210.644711
1780456785,245.243275
1780456785,152.115213
1780456785,210.747571
1780456785,203.085887
1780456785,245.216374
1780456785,297.273223
1780456785,228.031287
1780456785,148.820047
1780456785,213.026896
1780456785,208.321269
1780456785,246.817515
1780456785,293.686796
1780456785,210.884367
1780456785,154.859483
1780456785,228.235812
1780456785,299.539327
1780456785,248.606003
1780456785,151.308974
1780456785,228.123389
1780456785,299.892469
1780456785,213.120893
1780456785,274.917836
1780456785,248.720102
1780456785,203.526864
1780456785,248.766054
1780456785,154.475539
1780456785,233.080554
1780456785,203.597480
1780456785,212.680042
1780456785,154.887072
1780456785,238.301961
1780456785,297.594910
1780456785,238.304239
1780456785,152.698607
1780456785,228.436863
1780456785,280.306884
1780456785,213.353529
1780456785,203.546661
1780456785,246.000667
1780456785,207.856336
1780456785,228.626860
1780456785,301.050012
1780456785,228.833113
1780456785,205.598583
1780456785,214.494743
1780456785,205.669307
1780456785,213.697447
1780456785,292.648110
1780456785,305.807160
1780456785,292.919054
1780456785,250.701653
1780456785,280.591713
1780456785,219.662669
1780456785,280.666277
1780456785,250.693629
1780456785,220.103814
1780456785,203.842250
1780456785,246.071806
1780456785,203.853831
1780456785,155.476503
1780456785,291.786444
1780456785,205.994016
1780456785,290.307988
1780456785,156.058018
1780456785,175.443162
1780456785,156.776344
1780456785,290.424810
1780456785,211.156209
1780456785,294.451568
1780456785,204.348104
1780456785,175.549954
1780456785,298.352155
1780456785,277.044403
1780456785,156.572065
1780456785,179.004859
1780456785,211.525876
1780456785,183.919250
1780456785,157.369692
1780456785,289.357628
1780456785,157.127378
1780456785,183.581191
1780456785,281.472679
1780456785,296.042425
1780456785,214.232722
1780456785,290.726800
1780456785,305.360972
1780456785,183.635062
1780456785,157.863159
1780456785,143.323085
1780456785,213.749371
1780456785,297.374212
1780456785,290.744228
1780456785,297.407036
1780456785,293.557218
1780456785,183.806472
1780456785,157.647781
1780456785,183.870349
1780456785,158.049054
1780456785,183.995515
1780456785,214.863059
1780456785,297.615729
1780456785,300.038762
1780456785,184.119517
1780456785,302.331792
1780456785,295.070376
1780456785,221.023802
1780456785,204.631745
1780456785,220.887678
1780456785,297.729470
1780456785,302.579472
1780456785,204.828915
1780456785,220.910330
1780456785,296.426801
1780456785,221.010970
1780456785,204.754806
1780456785,302.557186
1780456785,298.975268
1780456785,158.941836
1780456785,297.766232
1780456785,305.117578
1780456785,150.020527
1780456785,215.942840
1780456785,204.650677
1780456785,215.868100
1780456785,150.204813
1780456785,204.698420
1780456785,309.575313
1780456785,167.288811
1780456785,312.301883
1780456785,220.995289
1780456785,154.022695
1780456785,280.152824
1780456785,154.201331
1780456785,221.356031
1780456785,166.063900
1780456785,165.103540
1780456785,302.915284
1780456785,167.159721
1780456785,221.360041
1780456785,221.248319
1780456785,176.657415
1780456785,303.087057
1780456785,179.143751
1780456785,221.673154
1780456785,180.080501
1780456785,180.177341
1780456785,173.717463
1780456785,180.207932
1780456785,173.802923
1780456785,173.998862
1780456785,184.748833
1780456785,314.864935
1780456785,184.745908
1780456785,221.785376
1780456785,184.849671
1780456785,185.062508
1780456785,221.907361
1780456785,184.965277
1780456785,167.581305
1780456785,184.897688
1780456785,159.618326
1780456785,129.289563
1780456785,176.239617
1780456785,185.226163
1780456785,216.637881
1780456785,128.128185
1780456785,185.220581
1780456785,159.833616
1780456785,184.904803
1780456785,159.704617
1780456785,129.520828
1780456785,159.636063
1780456785,185.460517
1780456785,221.831389
1780456785,185.448393
1780456785,248.307527
1780456785,133.735259
1780456785,148.281854
1780456785,185.400801
1780456785,258.289984
1780456785,135.336261
1780456785,154.775657
1780456785,185.572909
1780456785,256.473855
1780456785,136.607600
1780456785,148.577668
1780456785,185.359375
1780456785,258.387835
1780456785,185.526962
1780456785,154.077255
1780456785,200.951905
1780456785,231.113781
1780456785,185.587690
1780456785,148.828406
1780456785,134.316680
1780456785,155.175123
1780456785,201.053482
1780456785,268.921458
1780456785,201.132308
1780456785,157.812335
1780456785,138.600404
1780456785,259.298475
1780456785,202.264153
1780456785,150.976446
1780456785,136.492759
1780456785,260.995548
1780456785,203.480080
1780456785,152.685777
1780456785,136.847761
1780456785,263.216296
1780456785,203.586492
1780456785,248.572560
1780456785,137.355229
1780456785,161.713492
1780456785,203.673746
1780456785,265.265162
1780456785,137.498224
1780456785,270.732498
1780456785,204.213105
1780456785,270.845042
1780456785,143.617741
1780456785,270.769528
1780456785,206.315962
1780456785,138.861915
1780456785,265.354804
1780456785,272.208142
1780456785,206.425059
1780456785,139.643918
1780456785,265.608388
1780456785,140.851377
1780456785,272.295867
1780456785,265.731791
1780456785,206.174275
1780456785,274.673443
1780456785,146.223035
1780456785,279.357415
1780456785,206.226807
1780456785,279.444504
1780456785,141.046439
1780456785,169.343313
1780456785,206.569607
1780456785,141.164544
1780456785,279.937248
1780456785,206.880260
1780456785,286.713155
1780456785,140.399074
1780456785,286.831748
1780456785,155.919658
1780456785,289.405045
1780456785,206.755722
1780456785,277.305351
1780456785,141.473200
1780456785,278.389539
1780456785,206.898595
1780456785,279.484606
1780456785,141.189150
1780456785,274.994869
1780456785,207.362527
1780456785,284.185953
1780456785,141.625384
1780456785,269.836151
1780456785,145.095869
1780456785,284.300860
1780456785,207.500966
1780456785,284.339995
1780456785,147.043809
1780456785,285.479060
1780456785,207.162939
1780456785,275.337112
1780456785,141.861481
1780456785,279.892945
1780456785,149.188335
1780456785,275.494442
1780456785,207.363496
1780456785,288.750915
1780456785,207.535309
1780456785,289.953679
1780456785,145.702237
1780456785,273.008774
1780456785,144.978378
1780456785,273.065511
1780456785,207.715578
1780456785,290.132556
1780456785,146.090047
1780456785,291.267659
1780456785,207.592994
1780456785,291.353698
1780456785,152.409778
1780456785,291.424062
1780456785,167.208563
1780456785,167.625964
1780456785,141.441717
1780456785,274.492878
1780456785,232.674679
1780456785,292.671657
1780456785,156.605098
1780456785,165.585773
1780456785,232.681536
1780456785,242.674465
1780456785,292.784527
1780456785,147.163626
1780456785,165.703591
1780456785,148.687780
1780456785,246.132695
1780456785,146.308687
1780456785,246.284649
1780456785,166.067210
1780456785,246.281192
1780456785,176.344462
1780456785,149.125794
1780456785,294.267365
1780456785,131.766282
1780456785,246.492805
1780456785,285.206161
1780456785,176.661462
1780456785,157.189117
1780456785,285.192824
1780456785,157.302866
1780456785,265.132626
1780456785,246.658768
1780456785,294.434186
1780456785,157.530924
1780456785,294.512546
1780456785,246.788499
1780456785,170.278965
1780456785,142.735674
1780456785,126.483808
1780456785,131.813547
1780456785,248.148000
1780456785,135.728282
1780456785,150.636068
1780456785,138.678928
1780456785,250.791843
1780456785,139.255766
1780456785,151.071259
1780456785,146.236455
1780456785,250.727115
1780456785,141.222595
1780456785,157.518607
1780456785,137.435485
1780456785,250.691831
1780456785,131.521648
1780456785,151.345770
1780456785,138.087238
1780456785,139.893509
1780456785,251.017542
1780456785,138.468038
1780456785,151.530137
1780456785,154.748354
1780456785,254.207213
1780456785,140.672468
1780456785,151.134457
1780456785,156.674176
1780456785,260.866468
1780456785,148.501905
1780456785,251.314327
1780456785,166.774217
1780456785,126.658508
1780456785,148.410270
1780456785,150.709608
1780456785,160.269308
1780456785,255.959415
1780456785,151.379841
1780456785,126.384341
1780456785,124.156292
1780456785,146.680284
1780456785,147.148312
1780456785,157.929088
1780456785,125.512488
1780456785,148.877467
1780456785,154.384910
1780456785,126.226444
1780456785,161.218938
1780456785,137.614464
1780456785,154.621107
1780456785,148.853080
1780456785,127.747091
1780456785,167.206960
1780456785,127.149554
1780456785,158.386143
1780456785,127.868885
1780456785,127.647223
1780456785,129.738884
1780456785,138.367529
1780456785,167.356204
1780456785,130.147720
1780456785,128.258819
1780456785,151.188381
1780456785,128.728955
1780456785,130.056150
1780456785,129.060716
1780456785,129.670776
1780456785,129.417050
1780456785,151.943797
1780456785,130.675676
1780456785,152.021590
1780456785,131.007971
1780456785,131.498283
1780456785,132.133252
1780456785,158.576566
1780456785,141.099120
1780456785,158.830722
1780456785,133.321831
1780456785,132.876108
1780456785,125.459910
1780456785,158.762102
1780456785,158.595290
1780456785,141.372613
1780456785,251.101339
1780456785,131.804354
1780456785,138.466964
1780456785,210.113502
1780456785,152.385128
1780456785,209.709256
1780456785,152.585623
1780456785,156.574437
1780456785,131.720112
1780456785,133.346218
1780456785,133.328177
1780456785,133.572782
1780456785,133.552326
1780456785,143.435475
1780456785,133.919906
1780456785,137.743720
1780456785,133.821483
1780456785,137.887252
1780456785,127.255774
1780456785,140.328195
1780456785,139.565517
1780456785,139.246037
1780456785,108.702386
1780456785,148.305477
1780456785,119.598856
1780456785,142.102815
1780456785,119.557544
1780456785,119.022379
1780456785,118.962587
1780456785,118.421670
1780456785,117.583737
1780456785,117.324008
1780456785,117.457709
1780456785,116.122769
1780456785,115.863148
1780456785,116.048055
1780456785,121.697067
1780456785,120.380038
1780456785,114.065053
1780456785,132.455856
1780456785,120.478412
1780456785,110.900096
1780456785,134.499047
1780456785,133.287879
1780456785,148.058289
1780456785,149.906387
1780456785,127.428654
1780456785,146.610434
1780456785,128.231681
1780456785,127.748162
1780456785,128.263946
1780456785,125.641935
1780456785,127.539340
1780456785,125.297538
1780456785,127.177988
1780456785,124.345285
1780456785,123.870793
1780456785,123.727714
1780456785,123.485973
1780456785,129.760973
1780456785,129.476513
1780456785,123.258103
1780456785,144.330105
1780456785,141.529457
1780456785,122.187660
1780456785,121.325042
1780456785,121.877668
1780456785,120.860059
1780456785,140.316374
1780456785,148.213936
1780456785,121.188454
1780456785,120.868291
1780456785,120.240230
1780456785,123.885258
1780456785,144.744078
1780456785,113.508743
1780456785,112.790073
1780456785,113.788830
1780456785,138.059446
1780456785,145.037910
1780456785,143.635499
1780456785,121.526084
1780456785,142.261941
1780456785,110.611787
1780456785,137.664064
1780456785,114.625787
1780456785,141.598158
1780456785,114.602298
1780456785,110.292146
1780456785,121.219054
1780456785,114.776127
1780456785,110.424049
1780456785,116.253983
1780456785,117.473591
1780456785,116.620468
1780456785,117.804371
1780456785,112.278035
1780456785,112.079390
1780456785,118.259810
1780456785,118.293770
1780456785,117.442144
1780456785,117.608793
1780456785,148.099993
1780456785,117.733122
1780456785,117.813666
1780456785,118.030224
1780456785,147.156008
1780456785,118.091437
1780456785,118.133748
1780456785,119.091417
1780456785,118.183161
1780456785,117.814320
1780456785,117.561425
1780456785,119.313882
1780456785,142.328301
1780456785,119.256242
1780456785,116.860239
1780456785,116.369064
1780456785,115.820890
1780456785,119.164162
1780456785,114.538113
1780456785,111.102581
1780456785,114.094359
1780456785,113.742278
1780456785,119.132838
1780456785,113.203864
1780456785,140.054815
1780456785,150.072505
1780456785,134.137281
1780456785,150.155247
1780456785,149.543694
1780456785,147.735981
1780456785,148.078754
1780456785,135.180256
1780456785,142.104200
1780456785,141.572100
1780456785,141.156925
1780456785,124.480964
1780456785,141.640610
1780456785,155.324101
1780456785,141.081869
1780456785,124.660863
1780456785,141.119337
1780456785,124.572508
1780456785,141.229359
1780456785,141.305613
1780456785,137.176716
1780456785,137.041823
1780456785,143.597078
1780456785,143.431056
1780456785,136.124429
1780456785,142.942974
1780456785,142.885051
1780456785,142.883535
1780456785,163.726025
1780456785,139.771659
1780456785,149.348819
1780456785,151.863544
1780456785,117.976716
1780456785,121.251515
1780456785,151.748983
1780456785,150.763414
1780456785,149.865077
1780456785,150.397835
1780456785,173.835749
1780456785,150.829092
1780456785,165.191784
1780456785,167.278762
1780456785,143.792303
1780456785,142.341539
1780456785,142.690008
1780456785,144.916693
1780456785,142.358792
1780456785,142.238062
1780456785,139.623295
1780456785,146.936740
1780456785,140.967292
1780456785,146.120220
1780456785,146.252111
1780456785,160.168696
1780456785,146.224005
1780456785,146.267048
1780456785,146.403610
1780456785,161.224011
1780456785,159.724381
1780456785,146.664478
1780456785,139.701819
1780456785,159.694367
1780456785,146.732694
1780456785,139.517467
1780456785,166.324035
1780456785,146.951629
1780456785,139.656091
1780456785,146.530352
1780456785,139.636642
1780456785,146.620233
1780456785,145.008437
1780456785,144.681611
1780456785,138.926604
1780456785,138.699363
1780456785,144.243563
1780456785,142.635118
1780456785,142.309187
1780456785,131.495759
1780456785,130.397908
1780456785,129.866366
1780456785,122.490507
1780456785,121.727951
1780456785,122.453158
1780456785,128.305668
1780456785,121.602947
1780456785,109.313930
1780456785,128.133178
1780456785,126.502227
1780456785,151.088534
1780456785,125.628236
1780456785,125.254752
1780456785,151.672317
1780456785,121.323420
1780456785,124.410707
1780456785,141.527545
1780456785,121.074555
1780456785,141.730549
1780456785,142.269613
1780456785,124.436029
1780456785,111.089118
1780456785,121.168637
1780456785,110.845951
1780456785,121.256943
1780456785,130.694444
1780456785,120.690152
1780456785,110.433675
1780456785,110.613784
1780456785,121.259214
1780456785,130.882313
1780456785,150.328926
1780456785,112.406160
1780456785,109.701883
1780456785,123.316412
1780456785,112.607009
1780456785,148.964497
1780456785,120.738967
1780456785,110.663742
1780456785,152.729956
1780456785,112.856274
1780456785,121.270702
1780456785,113.678236
1780456785,112.886933
1780456785,128.494293
1780456785,153.383428
1780456785,113.274413
1780456785,151.530955
1780456785,113.034341
1780456785,154.201435
1780456785,136.778626
1780456785,112.993541
1780456785,150.523368
1780456785,142.891232
1780456785,150.255418
1780456785,129.078004
1780456785,147.941358
1780456785,113.971130
1780456785,113.570089
1780456785,136.710266
1780456785,143.253477
1780456785,114.207103
1780456785,113.736418
1780456785,136.617057
1780456785,114.054829
1780456785,136.676222
1780456785,113.708360
1780456785,114.294457
1780456785,165.571452
1780456785,137.076955
1780456785,115.222792
1780456785,110.626705
1780456785,145.913628
1780456785,137.865115
1780456785,138.613180
1780456785,113.007613
1780456785,114.215168
1780456785,160.906131
1780456785,135.193770
1780456785,115.710614
1780456785,133.440013
1780456785,165.192899
1780456785,114.790858
1780456785,138.382490
1780456785,111.322634
1780456785,114.949106
1780456785,139.225369
1780456785,137.172179
1780456785,114.959884
1780456785,114.522962
1780456785,138.649659
1780456785,137.628579
1780456785,111.620632
1780456785,139.553659
1780456785,133.216523
1780456785,114.893493
1780456785,139.730852
1780456785,139.646291
1780456785,115.329540
1780456785,136.628612
1780456785,168.183117
1780456785,140.123054
1780456785,139.125930
1780456785,115.557902
1780456785,137.198395
1780456785,111.437353
1780456785,133.258463
1780456785,132.487746
1780456785,115.371996
1780456785,114.957060
1780456785,115.975248
1780456785,168.712736
1780456785,137.272863
1780456785,139.054748
1780456785,168.855899
1780456785,137.431717
1780456785,115.154395
1780456785,115.010420
1780456785,165.509066
1780456785,114.420826
1780456785,114.964731
1780456785,114.889746
1780456785,141.375938
1780456785,134.151394
1780456785,141.583433
1780456785,114.491964
1780456785,138.431584
1780456785,134.149223
1780456785,141.951947
1780456785,140.398578
1780456785,114.061609
1780456785,133.540308
1780456785,141.181068
1780456785,139.881282
1780456785,138.861479
1780456785,133.496641
1780456785,132.619270
1780456785,132.914006
1780456785,134.392528
1780456785,110.185202
1780456785,134.981487
1780456785,139.513833
1780456785,134.762344
1780456785,132.719231
1780456785,138.942605
1780456785,108.335791
1780456785,108.722714
1780456785,132.322669
1780456785,120.693695
1780456785,137.876731
1780456785,159.093560
1780456785,119.863553
1780456785,137.995263
1780456785,159.420842
1780456785,137.621025
1780456785,122.013166
1780456785,155.462192
1780456785,107.900254
1780456785,132.950932
1780456785,132.835165
1780456785,114.180183
1780456785,122.038495
1780456785,106.510998
1780456785,132.918554
1780456785,122.670133
1780456785,108.208552
1780456785,122.802365
1780456785,132.918229
1780456785,135.937684
1780456785,107.459700
1780456785,142.942197
1780456785,135.544414
1780456785,113.166612
1780456785,112.047034
1780456785,135.143070
1780456785,135.028243
1780456785,110.630035
1780456785,161.067447
1780456785,132.707769
1780456785,105.347502
1780456785,122.617969
1780456785,105.373831
1780456785,132.696020
1780456785,105.398109
1780456785,122.782326
1780456785,132.190693
1780456785,131.656910
1780456785,144.541666
1780456785,105.389046
1780456785,131.509998
1780456785,112.028477
1780456785,143.948952
1780456785,163.867387
1780456785,141.219493
1780456785,134.822847
1780456785,165.375555
1780456785,139.837568
1780456785,109.848292
1780456785,123.521863
1780456785,122.765082
1780456785,110.007395
1780456785,124.884812
1780456785,124.840780
1780456785,109.496691
1780456785,125.189034
1780456785,110.187463
1780456785,125.012971
1780456785,124.746833
1780456785,124.572153
1780456785,124.865524
1780456785,124.534664
1780456785,154.260383
1780456785,106.324917
1780456785,121.925716
1780456785,154.768694
1780456785,108.555973
1780456785,148.561284
1780456785,124.920724
1780456785,108.677579
1780456785,122.963453
1780456785,119.959031
1780456785,108.141529
1780456785,124.722069
1780456785,125.340889
1780456785,125.360257
1780456785,121.993333
1780456785,125.051068
1780456785,149.116646
1780456785,124.315171
1780456785,125.169872
1780456785,142.664994
1780456785,125.445484
1780456785,121.287826
1780456785,144.295392
1780456785,142.572061
1780456785,121.383750
1780456785,123.749616
1780456785,117.714017
1780456785,121.586551
1780456785,146.881601
1780456785,144.225875
1780456785,123.592956
1780456785,118.870876
1780456785,122.142768
1780456785,120.070462
1780456785,118.164850
1780456785,119.834668
1780456785,124.664417
1780456785,118.934580
1780456785,140.384086
1780456785,120.782003
1780456785,150.637955
1780456785,149.797964
1780456785,142.765987
1780456785,115.944712
1780456785,138.331930
1780456785,118.891732
1780456785,148.314425
1780456785,116.853344
1780456785,144.013418
1780456785,143.944865
1780456785,118.797921
1780456785,118.763231
1780456785,148.098514
1780456785,118.190755
1780456785,119.996499
1780456785,115.724076
1780456785,121.096253
1780456785,128.677644
1780456785,150.114374
1780456785,116.581837
1780456785,120.952352
1780456785,145.046916
1780456785,120.398890
1780456785,139.902179
1780456785,120.304913
1780456785,145.274236
1780456785,120.581991
1780456785,119.478610
1780456785,120.329109
1780456785,120.472689
1780456785,128.233891
1780456785,119.881592
1780456785,119.593060
1780456785,122.285126
1780456785,146.365649
1780456785,121.111485
1780456785,129.230503
1780456785,120.459263
1780456785,147.632040
1780456785,117.114097
1780456785,122.436428
1780456785,123.454969
1780456785,150.283448
1780456785,126.810788
1780456785,119.278979
1780456785,122.103309
1780456785,120.209080
1780456785,122.162406
1780456785,135.489035
1780456785,115.544743
1780456785,144.125293
1780456785,119.834872
1780456785,135.460192
1780456785,115.942847
1780456785,121.271650
1780456785,143.956280
1780456785,125.581829
1780456785,125.187118
1780456785,125.792061
1780456785,119.735009
1780456785,119.754486
1780456785,122.014262
1780456785,118.814293
1780456785,125.001057
1780456785,133.448252
1780456785,137.812065
1780456785,123.588467
1780456785,120.424885
1780456785,109.558863
1780456785,108.867167
1780456785,126.118114
1780456785,111.460884
1780456785,148.909276
1780456785,135.780323
1780456785,135.140494
1780456785,134.352111
1780456785,164.720268
1780456785,151.245093
1780456785,111.974111
1780456785,111.493687
1780456785,140.127458
1780456785,139.696445
1780456785,134.542186
1780456785,129.219804
1780456785,112.575014
1780456785,136.725689
1780456785,156.888034
1780456785,153.431203
1780456785,112.599360
1780456785,112.818449
1780456785,131.387727
1780456785,153.179465
1780456785,108.632687
1780456785,130.136162
1780456785,152.534072
1780456785,143.726064
1780456785,114.836240
1780456785,143.837892
1780456785,143.281669
1780456785,130.333160
1780456785,128.699372
1780456785,142.437746
1780456785,115.181309
1780456785,115.372814
1780456785,115.382650
1780456785,115.553771
1780456785,115.075396
1780456785,110.794052
1780456785,110.518726
1780456785,107.207561
1780456785,107.438417
1780456785,125.135521
1780456785,127.447503
1780456785,127.085604
1780456785,127.434915
1780456785,153.602507
1780456785,123.224383
1780456785,123.360333
1780456785,123.354191
1780456785,145.564925
1780456785,127.825129
1780456785,123.545412
1780456785,156.910193
1780456785,119.164390
1780456785,142.331583
1780456785,156.391132
1780456785,128.386815
1780456785,139.060986
1780456785,128.950857
1780456785,128.700908
1780456785,129.212846
1780456785,127.664486
1780456785,144.405426
1780456785,129.263310
1780456785,129.255188
1780456785,125.019550
1780456785,125.492763
1780456785,124.872572
1780456785,124.034500
1780456785,123.378004
1780456785,120.176137
1780456785,123.391695
1780456785,120.076825
1780456785,115.216014
1780456785,114.243886
1780456785,140.951479
1780456785,109.655049
1780456785,109.578596
1780456785,109.636344
1780456785,109.583798
1780456785,109.494302
1780456785,109.406844
1780456785,109.338027
1780456785,109.232518
1780456785,109.189289
1780456785,109.087906
1780456785,106.641092
1780456785,137.704244
1780456785,114.677699
1780456785,138.139228
1780456785,115.959236
1780456785,130.270052
1780456785,116.066169
1780456785,116.438765
1780456785,116.237805
1780456785,138.301991
1780456785,116.904944
1780456785,116.239310
1780456785,116.508798
1780456785,116.667678
1780456785,107.447574
1780456785,105.553550
1780456785,119.930955
1780456785,105.195436
1780456785,124.891819
1780456785,126.631125
1780456785,105.255915
1780456785,104.728788
1780456785,104.417785
1780456785,105.577306
1780456785,105.064918
1780456785,115.964659
1780456785,106.271068
1780456785,103.913893
1780456785,107.028511
1780456785,104.383836
1780456785,105.203292
1780456785,108.310339
1780456785,106.920887
1780456785,106.867872
1780456786,108.717277
1780456786,109.232328
1780456786,108.732878
1780456786,108.226674
1780456786,109.142041
1780456786,108.720515
1780456786,107.885267
1780456786,108.580243
1780456786,108.557718
1780456786,109.401111
1780456786,109.168140
1780456786,109.112916
1780456786,109.245920
1780456786,107.155629
1780456786,106.265731
1780456786,108.402924
1780456786,106.075476
1780456786,107.688093
1780456786,110.509186
1780456786,113.106003
1780456786,104.420021
1780456786,113.107401
1780456786,125.960432
1780456786,125.377367
1780456786,124.949068
1780456786,115.248784
1780456786,115.480064
1780456786,113.650789
1780456786,106.381327
1780456786,113.164650
1780456786,113.702275
1780456786,113.333662
1780456786,113.652964
1780456786,112.437883
1780456786,113.836086
1780456786,115.552054
1780456786,114.100434
1780456786,106.355017
1780456786,111.587607
1780456786,115.758250
1780456786,115.744211
1780456786,115.492294
1780456786,113.564878
1780456786,105.339464
1780456786,113.808255
1780456786,114.039340
1780456786,114.839974
1780456786,114.739100
1780456786,116.089833
1780456786,114.968787
1780456786,103.492094
1780456786,115.935676
1780456786,116.099510
1780456786,116.829712
1780456786,103.934435
1780456786,119.240726
1780456786,117.870668
1780456786,117.650612
1780456786,117.742307
1780456786,117.661801
1780456786,117.190606
1780456786,117.432502
1780456786,117.141608
1780456786,117.303913
1780456786,109.180552
1780456786,115.620179
1780456786,109.345929
1780456786,110.850794
1780456786,115.306439
1780456786,113.274091
1780456786,117.360313
1780456786,116.602397
1780456786,115.343635
1780456786,116.734740
1780456786,116.406082
1780456786,115.457162
1780456786,114.975564
1780456786,114.513948
1780456786,103.664563
1780456786,113.380165
1780456786,115.691370
1780456786,114.595502
1780456786,120.854936
1780456786,120.881111
1780456786,120.586055
1780456786,121.026763
1780456786,118.654129
1780456786,120.695748
1780456786,120.669569
1780456786,118.010146
1780456786,117.360160
1780456786,103.125270
1780456786,118.690978
1780456786,117.343943
1780456786,120.810723
1780456786,103.316050
1780456786,120.747523
1780456786,117.460274
1780456786,114.196194
1780456786,103.256255
1780456786,114.290136
1780456786,114.283507
1780456786,111.010331
1780456786,109.907364
1780456786,103.540656
1780456786,117.676692
1780456786,108.577632
1780456786,106.125345
1780456786,114.100926
1780456786,112.049886
1780456786,104.968580
1780456786,116.701475
1780456786,113.927853
1780456786,113.278005
1780456786,103.766081
1780456786,113.238936
1780456786,107.592667
1780456786,106.289987
1780456786,103.919844
1780456786,106.467664
1780456786,114.321939
1780456786,123.809174
1780456786,124.403683
1780456786,110.176483
1780456786,124.672211
1780456786,110.869115
1780456786,102.873433
1780456786,109.300377
1780456786,104.205825
1780456786,123.146618
1780456786,110.748618
1780456786,107.960857
1780456786,105.539930
1780456786,105.553779
1780456786,124.113248
1780456786,109.282724
1780456786,105.603252
1780456786,121.927655
1780456786,122.613173
1780456786,123.473484
1780456786,105.844242
1780456786,108.221712
1780456786,120.299875
1780456786,119.272217
1780456786,105.851890
1780456786,109.899162
1780456786,114.085430
1780456786,115.409169
1780456786,111.401727
1780456786,111.525593
1780456786,112.882818
1780456786,112.692864
1780456786,107.314897
1780456786,113.103703
1780456786,113.101393
1780456786,102.571757
1780456786,106.211080
1780456786,103.673730
1780456786,103.657173
1780456786,102.342179
1780456786,106.091816
1780456786,106.175064
1780456786,114.532199
1780456786,114.308801
1780456786,117.305068
1780456786,113.776810
1780456786,106.268209
1780456786,113.994273
1780456786,103.967280
1780456786,118.300824
1780456786,103.206256
1780456786,103.174730
1780456786,104.942130
1780456786,113.488386
1780456786,115.021552
1780456786,107.248213
1780456786,113.871842
1780456786,105.226119
1780456786,113.477382
1780456786,112.193364
1780456786,103.434518
1780456786,115.405650
1780456786,106.261207
1780456786,114.451410
1780456786,112.565986
1780456786,105.176403
1780456786,114.619706
1780456786,103.838640
1780456786,106.342754
1780456786,105.337675
1780456786,120.216753
1780456786,120.396584
1780456786,111.888596
1780456786,111.984633
1780456786,108.851737
1780456786,121.988794
1780456786,106.578172
1780456786,115.557397
1780456786,122.149113
1780456786,121.050726
1780456786,120.446547
1780456786,114.697476
1780456786,123.835749
1780456786,121.687463
1780456786,113.385909
1780456786,121.372669
1780456786,112.287879
1780456786,123.330610
1780456786,115.966898
1780456786,107.357784
1780456786,108.634872
1780456786,108.629766
1780456786,108.513393
1780456786,108.621085
1780456786,113.657861
1780456786,107.427608
1780456786,108.632786
1780456786,121.625090
1780456786,114.171278
1780456786,112.858461
1780456786,109.234974
1780456786,113.085560
1780456786,110.649219
1780456786,110.602268
1780456786,109.148909
1780456786,111.927611
1780456786,108.233366
1780456786,102.085711
1780456786,102.852494
1780456786,103.001164
1780456786,103.149436
1780456786,103.277038
1780456786,103.414443
1780456786,103.686930
1780456786,103.492485
1780456786,103.548117
1780456786,103.806463
1780456786,104.001708
1780456786,104.084649
1780456786,104.386308
1780456786,102.841422
1780456786,104.162643
1780456786,104.525354
1780456786,104.577926
1780456786,103.259583
1780456786,103.521518
1780456786,103.709258
1780456786,103.700355
1780456786,103.540355
1780456786,103.976882
1780456786,103.878586
1780456786,103.834167
1780456786,103.624268
1780456786,103.386825
1780456786,103.781600
1780456786,103.873116
1780456786,104.294760
1780456786,103.377228
1780456786,104.217805
1780456786,104.336879
1780456786,104.567479
1780456786,104.358371
1780456786,104.000423
1780456786,103.766467
1780456786,103.982783
1780456786,104.258299
1780456786,104.181800
1780456786,104.588079
1780456786,104.234343
1780456786,103.140205
1780456786,104.542217
1780456786,104.524116
1780456786,104.158601
1780456786,104.557692
1780456786,104.736117
1780456786,104.757255
1780456786,102.404212
1780456786,105.441174
1780456786,104.435563
1780456786,105.194995
1780456786,104.475545
1780456786,103.012798
1780456786,104.495766
1780456786,104.253020
1780456786,104.419565
1780456786,104.308408
1780456786,105.811035
1780456786,104.221378
1780456786,104.938387
1780456786,103.488024
1780456786,104.622178
1780456786,104.508244
1780456786,103.229090
1780456786,104.760179
1780456786,102.493279
1780456786,102.666619
1780456786,104.639511
1780456786,102.564016
1780456786,103.928046
1780456786,105.124271
1780456786,103.935294
1780456786,105.497629
1780456786,105.202988
1780456786,106.294305
1780456786,106.525674
1780456786,104.802865
1780456786,105.217547
1780456786,102.665248
1780456786,105.058889
1780456786,102.546674
1780456786,103.625025
1780456786,101.466831
1780456786,103.310078
1780456786,103.837533
1780456786,105.098814
1780456786,102.841385
1780456786,102.288155
1780456786,105.793511
1780456786,105.411198
1780456786,103.491029
1780456786,102.582753
1780456786,105.100725
1780456786,103.362725
1780456786,105.644056
1780456786,102.378992
1780456786,105.117225
1780456786,103.731237
1780456786,104.559743
1780456786,102.331452
1780456786,104.561079
1780456786,103.948561
1780456786,102.680671
1780456786,102.612178
1780456786,102.648046
1780456786,104.946565
1780456786,102.876273
1780456786,103.782033
1780456786,103.477898
1780456786,103.266215
1780456786,104.504835
1780456786,104.257340
1780456786,103.462112
1780456786,105.126777
1780456786,103.128939
1780456786,103.213534
1780456786,102.507395
1780456786,103.314189
1780456786,102.839833
1780456786,104.531128
1780456786,102.964730
1780456786,104.841684
1780456786,104.730384
1780456786,103.105994
1780456786,104.870980
1780456786,103.131234
1780456786,105.002516
1780456786,107.357641
1780456786,103.529764
1780456786,104.293196
1780456786,103.792212
1780456786,104.333721
1780456786,104.132660
1780456786,104.607241
1780456786,112.747725
1780456786,108.034974
1780456786,108.095368
1780456786,104.486196
1780456786,104.531638
1780456786,108.337408
1780456786,104.119374
1780456786,104.158020
1780456786,103.587760
1780456786,104.233082
1780456786,113.448186
1780456786,108.835787
1780456786,113.606706
1780456786,105.113794
1780456786,104.744928
1780456786,105.053018
1780456786,104.979173
1780456786,105.461740
1780456786,109.230778
1780456786,104.984580
1780456786,104.475305
1780456786,105.046996
1780456786,109.309107
1780456786,109.369673
1780456786,105.665702
1780456786,109.894398
1780456786,105.364537
1780456786,105.078348
1780456786,109.621419
1780456786,110.462550
1780456786,105.548005
1780456786,110.171170
1780456786,110.005080
1780456786,111.008835
1780456786,111.376626
1780456786,111.132724
1780456786,106.496458
1780456786,112.027799
1780456786,111.567245
1780456786,111.678719
1780456786,112.558583
1780456786,111.998786
1780456786,112.055246
1780456786,112.222814
1780456786,112.917170
1780456786,110.966640
1780456786,113.192691
1780456786,112.469494
1780456786,111.428017
1780456786,107.717704
1780456786,112.772250
1780456786,112.808869
1780456786,111.686689
1780456786,113.743945
1780456786,113.964775
1780456786,113.099053
1780456786,113.223649
1780456786,112.555113
1780456786,111.245527
1780456786,114.047555
1780456786,111.929940
1780456786,109.491388
1780456786,113.213691
1780456786,113.303455
1780456786,113.384636
1780456786,112.525144
1780456786,109.758257
1780456786,111.712010
1780456786,114.980931
1780456786,114.043497
1780456786,115.021577
1780456786,109.498809
1780456786,113.719428
1780456786,113.088329
1780456786,114.340306
1780456786,114.483302
1780456786,110.329354
1780456786,114.693795
1780456786,115.406282
1780456786,109.805928
1780456786,115.445406
1780456786,114.935515
1780456786,114.811154
1780456786,115.709176
1780456786,115.902928
1780456786,113.966142
1780456786,109.635320
1780456786,116.030590
1780456786,115.080538
1780456786,111.092600
1780456786,115.848503
1780456786,114.559773
1780456786,115.635936
1780456786,115.422498
1780456786,114.806829
1780456786,115.268242
1780456786,115.168297
1780456786,115.005846
1780456786,116.109407
1780456786,115.880818
1780456786,110.720508
1780456786,110.795457
1780456786,116.673533
1780456786,110.695023
1780456786,118.023375
1780456786,116.677169
1780456786,118.126576
1780456786,117.719078
1780456786,117.162872
1780456786,116.911871
1780456786,116.150230
1780456786,115.099801
1780456786,113.961234
1780456786,118.131670
1780456786,116.856809
1780456786,117.339347
1780456786,117.654448
1780456786,115.516580
1780456786,113.153678
1780456786,116.508329
1780456786,116.726703
1780456786,118.531836
1780456786,119.450717
1780456786,115.682279
1780456786,112.905716
1780456786,119.477972
1780456786,114.417169
1780456786,119.741511
1780456786,116.257818
1780456786,115.239961
1780456786,118.025845
1780456786,113.111516
1780456786,120.056916
1780456786,115.576995
1780456786,115.773041
1780456786,117.446734
1780456786,120.209184
1780456786,118.706175
1780456786,116.558961
1780456786,120.808100
1780456786,117.065736
1780456786,115.299885
1780456786,119.905183
1780456786,124.934308
1780456786,118.146299
1780456786,114.024431
1780456786,115.465208
1780456786,119.149736
1780456786,118.115987
1780456786,125.685680
1780456786,123.213726
1780456786,117.170011
1780456786,115.609423
1780456786,114.223203
1780456786,116.812241
1780456786,126.175653
1780456786,118.559570
1780456786,124.178664
1780456786,115.331400
1780456786,124.728141
1780456786,118.826948
1780456786,119.967202
1780456786,118.032204
1780456786,120.022482
1780456786,126.012533
1780456786,118.059018
1780456786,125.591663
1780456786,113.829955
1780456786,126.930171
1780456786,125.788753
1780456786,117.775650
1780456786,118.475180
1780456786,120.333829
1780456786,125.261309
1780456786,121.777392
1780456786,120.388677
1780456786,125.872694
1780456786,125.876533
1780456786,119.331549
1780456786,124.988143
1780456786,125.737127
1780456786,115.767362
1780456786,125.832626
1780456786,125.376974
1780456786,122.459878
1780456786,119.351106
1780456786,121.116307
1780456786,125.762800
1780456786,116.304108
1780456786,121.384027
1780456786,119.816326
1780456786,121.533802
1780456786,122.547618
1780456786,127.404631
1780456786,118.997985
1780456786,127.096159
1780456786,121.916939
1780456786,128.060336
1780456786,118.915380
1780456786,128.063136
1780456786,117.602042
1780456786,128.854843
1780456786,123.031139
1780456786,122.494957
1780456786,123.349593
1780456786,123.538154
1780456786,124.628153
1780456786,122.875201
1780456786,123.060603
1780456786,123.165906
1780456786,123.119446
1780456786,123.424584
1780456786,123.846761
1780456786,124.245203
1780456786,124.841769
1780456786,123.747239
1780456786,125.341024
1780456786,123.805241
1780456786,123.950609
1780456786,124.090829
1780456786,123.968431
1780456786,128.372760
1780456786,129.328140
1780456786,122.647286
1780456786,119.357799
1780456786,121.949533
1780456786,122.188087
1780456786,120.091792
1780456786,131.768986
1780456786,126.733562
1780456786,129.947489
1780456786,126.760656
1780456786,123.751285
1780456786,131.570096
1780456786,131.677866
1780456786,131.661560
1780456786,129.412117
1780456786,131.808073
1780456786,120.919641
1780456786,130.231847
1780456786,123.872605
1780456786,130.452881
1780456786,124.618569
1780456786,123.954386
1780456786,119.549958
1780456786,124.674711
1780456786,122.409306
1780456786,124.152467
1780456786,127.359074
1780456786,124.263157
1780456786,122.923919
1780456786,123.718502
1780456786,130.756659
1780456786,127.583172
1780456786,130.838471
1780456786,132.364821
1780456786,124.549671
1780456786,132.828717
1780456786,128.156638
1780456786,133.269938
1780456786,121.858804
1780456786,123.194096
1780456786,124.311227
1780456786,123.907960
1780456786,125.715617
1780456786,123.200939
1780456786,123.729762
1780456786,126.669074
1780456786,123.254955
1780456786,125.859800
1780456786,123.469886
1780456786,132.019601
1780456786,124.308553
1780456786,133.119293
1780456786,128.848163
1780456786,133.674576
1780456786,121.939735
1780456786,133.635552
1780456786,124.667991
1780456786,128.405459
1780456786,133.977741
1780456786,133.768905
1780456786,133.934075
1780456786,125.827440
1780456786,131.443708
1780456786,129.401918
1780456786,134.109600
1780456786,125.066980
1780456786,134.109272
1780456786,128.838488
1780456786,125.328008
1780456786,134.459143
1780456786,129.718327
1780456786,121.740523
1780456786,129.898296
1780456786,132.183619
1780456786,134.152374
1780456786,124.156711
1780456786,134.878932
1780456786,135.248691
1780456786,134.143581
1780456786,126.808471
1780456786,132.549518
1780456786,132.340110
1780456786,124.480840
1780456786,134.984056
1780456786,128.784021
1780456786,135.222898
1780456786,134.565320
1780456786,132.560632
1780456786,135.359695
1780456786,128.705735
1780456786,134.866708
1780456786,135.577692
1780456786,127.370636
1780456786,135.703043
1780456786,136.193485
1780456786,130.462304
1780456786,123.692943
1780456786,135.955906
1780456786,135.632693
1780456786,130.486822
1780456786,133.394810
1780456786,124.783510
1780456786,135.800025
1780456786,135.843272
1780456786,136.006913
1780456786,126.264707
1780456786,135.607779
1780456786,136.093691
1780456786,135.655758
1780456786,131.073076
1780456786,136.161927
1780456786,135.684307
1780456786,130.202971
1780456786,136.423807
1780456786,133.829104
1780456786,133.995970
1780456786,134.971133
1780456786,136.363561
1780456786,132.528822
1780456786,137.007215
1780456786,136.393814
1780456786,131.816245
1780456786,136.636486
1780456786,136.512847
1780456786,134.804444
1780456786,135.882814
1780456786,130.008688
1780456786,136.809797
1780456786,137.345073
1780456786,134.223632
1780456786,132.421073
1780456786,136.380937
1780456786,137.418617
1780456786,133.562980
1780456786,137.623786
1780456786,126.138475
1780456786,138.102865
1780456786,130.222152
1780456786,138.135092
1780456786,136.285838
1780456786,138.090572
1780456786,133.233358
1780456786,136.774948
1780456786,132.055755
1780456786,136.338817
1780456786,137.070226
1780456786,133.592519
1780456786,131.085403
1780456786,138.082169
1780456786,137.130380
1780456786,118.313992
1780456786,137.133344
1780456786,137.755161
1780456786,138.372822
1780456786,134.087326
1780456786,135.857067
1780456786,119.986171
1780456786,137.299429
1780456786,132.944715
1780456786,138.742448
1780456786,139.813327
1780456786,138.740755
1780456786,130.573149
1780456786,139.639614
1780456786,138.248029
1780456786,139.730982
1780456786,137.793957
1780456786,138.077257
1780456786,138.510336
1780456786,136.016831
1780456786,137.222087
1780456786,119.820759
1780456786,138.590965
1780456786,135.290433
1780456786,138.045770
1780456786,138.029172
1780456786,138.228630
1780456786,129.781675
1780456786,137.890978
1780456786,138.888526
1780456786,122.792530
1780456786,138.331513
1780456786,138.312147
1780456786,135.537808
1780456786,133.677255
1780456786,138.461425
1780456786,128.087610
1780456786,139.161210
1780456786,128.728693
1780456786,133.182862
1780456786,140.328151
1780456786,139.714150
1780456786,136.185036
1780456786,142.957364
1780456786,135.625712
1780456786,123.430662
1780456786,131.767472
1780456786,122.357541
1780456786,140.665521
1780456786,139.580437
1780456786,141.697286
1780456786,137.385669
1780456786,134.233779
1780456786,129.457789
1780456786,140.771880
1780456786,141.473707
1780456786,135.828042
1780456786,133.271820
1780456786,123.158556
1780456786,139.723162
1780456786,140.946864
1780456786,140.324208
1780456786,140.222344
1780456786,144.239444
1780456786,123.249504
1780456786,134.795639
1780456786,123.391427
1780456786,136.680917
1780456786,140.563409
1780456786,141.995570
1780456786,140.508083
1780456786,144.596004
1780456786,140.179018
1780456786,116.196893
1780456786,139.330256
1780456786,135.310758
1780456786,141.436321
1780456786,140.545861
1780456786,139.224248
1780456786,140.465172
1780456786,122.669841
1780456786,136.506265
1780456786,141.658641
1780456786,125.653580
1780456786,142.928453
1780456786,136.209008
1780456786,136.625314
1780456786,142.214287
1780456786,136.604045
1780456786,121.950897
1780456786,112.598970
1780456786,139.583893
1780456786,142.346961
1780456786,113.943335
1780456786,137.499297
1780456786,143.590451
1780456786,140.293489
1780456786,114.246202
1780456786,143.802202
1780456786,142.770820
1780456786,113.268089
1780456786,137.467840
1780456786,144.246809
1780456786,125.631404
1780456786,127.130753
1780456786,138.081104
1780456786,113.529289
1780456786,144.547760
1780456786,144.178696
1780456786,137.932992
1780456786,125.976933
1780456786,144.818498
1780456786,137.971913
1780456786,138.678971
1780456786,144.887906
1780456786,124.095212
1780456786,144.744273
1780456786,143.720301
1780456786,138.424485
1780456786,145.092638
1780456786,145.758107
1780456786,145.374534
1780456786,138.952647
1780456786,144.533775
1780456786,144.572959
1780456786,136.908574
1780456786,144.908254
1780456786,146.635086
1780456786,146.045427
1780456786,126.830441
1780456786,120.526617
1780456786,117.227743
1780456786,120.799718
1780456786,144.757188
1780456786,119.459227
1780456786,139.373153
1780456786,117.350447
1780456786,139.806094
1780456786,144.938550
1780456786,146.601393
1780456786,146.653796
1780456786,117.890896
1780456786,145.672920
1780456786,147.037028
1780456786,147.847334
1780456786,145.868289
1780456786,130.809513
1780456786,147.845752
1780456786,146.068774
1780456786,116.332892
1780456786,140.456401
1780456786,128.841364
1780456786,148.316422
1780456786,150.706613
1780456786,147.549581
1780456786,148.589043
1780456786,117.435060
1780456786,117.518033
1780456786,149.187131
1780456786,148.406920
1780456786,142.762808
1780456786,148.546610
1780456786,129.916470
1780456786,148.653395
1780456786,116.865184
1780456786,139.563897
1780456786,129.282747
1780456786,148.520339
1780456786,143.239391
1780456786,127.066287
1780456786,133.383939
1780456786,143.528703
1780456786,148.842341
1780456786,118.775446
1780456786,117.571155
1780456786,149.092698
1780456786,116.653889
1780456786,132.694085
1780456786,144.345365
1780456786,130.185277
1780456786,150.020663
1780456786,134.109032
1780456786,131.499945
1780456786,116.812681
1780456786,133.010163
1780456786,111.699845
1780456786,133.034701
1780456786,109.392332
1780456786,149.636466
1780456786,126.837455
1780456786,150.146209
1780456786,130.602156
1780456786,110.768397
1780456786,126.991159
1780456786,110.720653
1780456786,127.156487
1780456786,147.682194
1780456786,130.709220
1780456786,128.300936
1780456786,150.090273
1780456786,134.700951
1780456786,147.831045
1780456786,144.504488
1780456786,150.181176
1780456786,111.032470
1780456786,109.833440
1780456786,119.940243
1780456786,148.143257
1780456786,111.160011
1780456786,148.409147
1780456786,134.950492
1780456786,125.934968
1780456786,135.111135
1780456786,153.245746
1780456786,126.048002
1780456786,120.177124
1780456786,153.883189
1780456786,110.150704
1780456786,126.353917
1780456786,121.452878
1780456786,126.361761
1780456786,117.801567
1780456786,117.824044
1780456786,154.382863
1780456786,146.806793
1780456786,126.415091
1780456786,142.140856
1780456786,125.153194
1780456786,131.368073
1780456786,142.099203
1780456786,154.687822
1780456786,127.723998
1780456786,131.388565
1780456786,127.735982
1780456786,132.843675
1780456786,145.027525
1780456786,128.000672
1780456786,144.958744
1780456786,128.037070
1780456786,152.750897
1780456786,153.202746
1780456786,116.027019
1780456786,118.438691
1780456786,118.816564
1780456786,117.640713
1780456786,134.894630
1780456786,128.815793
1780456786,133.757469
1780456786,129.037353
1780456786,129.040118
1780456786,116.585922
1780456786,123.005733
1780456786,103.288406
1780456786,115.616969
1780456786,123.121491
1780456786,134.234854
1780456786,117.018332
1780456786,135.561320
1780456786,116.173421
1780456786,119.880132
1780456786,136.012398
1780456786,123.976020
1780456786,116.581332
1780456786,112.567783
1780456786,122.852397
1780456786,115.537678
1780456786,120.787970
1780456786,138.049528
1780456786,111.672440
1780456786,116.993769
1780456786,122.129739
1780456786,134.165318
1780456786,132.030544
1780456786,135.889604
1780456786,129.627119
1780456786,111.946580
1780456786,115.070946
1780456786,131.152382
1780456786,130.039059
1780456786,116.370201
1780456786,121.514304
1780456786,136.346735
1780456786,130.328015
1780456786,127.897287
1780456786,114.269963
1780456786,133.076535
1780456786,114.415859
1780456786,118.227500
1780456786,117.031062
1780456786,130.665881
1780456786,127.202664
1780456786,118.423224
1780456786,156.177049
1780456786,113.302846
1780456786,130.945735
1780456786,118.743155
1780456786,156.314515
1780456786,121.355205
1780456786,105.800638
1780456786,117.819276
1780456786,117.719104
1780456786,104.300994
1780456786,156.517107
1780456786,113.704774
1780456786,119.198468
1780456786,116.933231
1780456786,127.115395
1780456786,112.630087
1780456786,136.922910
1780456786,121.120384
1780456786,114.464054
1780456786,158.044810
1780456786,116.256446
1780456786,157.969464
1780456786,125.217297
1780456786,125.379710
1780456786,135.108617
1780456786,119.027411
1780456786,122.851561
1780456786,156.916106
1780456786,113.512069
1780456786,116.711492
1780456786,113.627874
1780456786,133.089377
1780456786,114.018907
1780456786,118.394996
1780456786,112.435385
1780456786,106.105039
1780456786,118.511023
1780456786,109.714725
1780456786,112.438865
1780456786,117.022715
1780456786,105.977265
1780456786,119.773392
1780456786,128.692119
1780456786,114.486444
1780456786,157.553012
1780456786,126.370701
1780456786,116.172485
1780456786,125.309184
1780456786,127.774407
1780456786,116.155580
1780456786,125.532107
1780456786,116.430954
1780456786,126.958817
1780456786,124.511205
1780456786,109.409688
1780456786,108.946272
1780456786,118.082653
1780456786,117.967911
1780456786,113.725625
1780456786,120.799657
1780456786,120.994387
1780456786,143.467227
1780456786,123.664244
1780456786,115.629825
1780456786,108.675854
1780456786,118.434866
1780456786,123.892347
1780456786,115.797378
1780456786,118.796833
1780456786,118.720291
1780456786,134.995086
1780456786,128.020179
1780456786,124.356930
1780456786,119.030127
1780456786,141.503319
1780456786,106.334041
1780456786,119.041801
1780456786,117.842915
1780456786,114.922411
1780456786,119.467548
1780456786,111.203767
1780456786,106.607250
1780456786,116.479023
1780456786,118.111577
1780456786,115.107628
1780456786,125.059740
1780456786,118.607382
1780456786,132.762474
1780456786,126.688650
1780456786,118.612654
1780456786,125.307270
1780456786,111.899387
1780456786,126.810023
1780456786,107.428339
1780456786,120.700451
1780456786,106.064657
1780456786,138.169541
1780456786,123.418448
1780456786,127.250473
1780456786,106.236644
1780456786,122.327134
1780456786,119.348960
1780456786,119.387577
1780456786,107.990760
1780456786,119.896548
1780456786,127.670686
1780456786,106.766985
1780456786,114.107927
1780456786,132.970208
1780456786,120.111374
1780456786,118.596156
1780456786,118.608241
1780456786,118.880453
1780456786,106.090889
1780456786,131.046048
1780456786,119.074570
1780456786,117.769684
1780456786,119.554555
1780456786,127.585186
1780456786,106.410753
1780456786,111.584498
1780456786,126.644810
1780456786,116.821895
1780456786,115.552965
1780456786,118.506937
1780456786,117.005364
1780456786,115.548968
1780456786,115.683315
1780456786,127.378541
1780456786,112.325414
1780456786,118.979815
1780456786,118.874444
1780456786,107.493719
1780456786,126.457643
1780456786,119.411315
1780456786,107.688748
1780456786,123.967785
1780456786,107.843960
1780456786,116.459966
1780456786,112.973537
1780456786,119.690837
1780456786,119.778674
1780456786,108.188801
1780456786,136.010332
1780456786,119.993088
1780456786,118.343136
1780456786,120.060011
1780456786,124.708472
1780456786,115.619222
1780456786,116.520118
1780456786,119.007220
1780456786,127.645459
1780456786,115.163261
1780456786,116.681341
1780456786,119.112474
1780456786,136.670661
1780456786,115.911285
1780456786,117.019026
1780456786,134.480789
1780456786,126.831388
1780456786,119.495913
1780456786,134.540499
1780456786,114.603520
1780456786,115.759241
1780456786,119.656842
1780456786,132.565901
1780456786,114.995720
1780456786,114.868918
1780456786,113.439218
1780456786,122.193569
1780456786,120.830022
1780456786,113.808494
1780456786,120.788310
1780456786,126.852366
1780456786,120.889741
1780456786,121.085459
1780456786,120.939034
1780456786,121.070557
1780456786,121.202886
1780456786,119.101725
1780456786,127.576818
1780456786,121.665137
1780456786,121.704643
1780456786,134.457282
1780456786,117.075709
1780456786,116.743575
1780456786,113.618059
1780456786,129.627115
1780456786,113.661876
1780456786,119.607698
1780456786,129.499787
1780456786,113.606710
1780456786,112.164176
1780456786,129.854313
1780456786,114.073506
1780456786,130.017391
1780456786,119.699150
1780456786,120.300908
1780456786,120.529863
1780456786,120.481983
1780456786,114.219094
1780456786,112.645761
1780456786,120.012399
1780456786,128.835537
1780456786,117.278824
1780456786,127.767776
1780456786,114.364477
1780456786,114.447607
1780456786,113.031149
1780456786,113.402464
1780456786,127.954419
1780456786,117.939160
1780456786,120.644976
1780456786,128.380252
1780456786,122.355215
1780456786,127.038067
1780456786,112.454974
1780456786,120.857685
1780456786,122.642244
1780456786,128.495992
1780456786,113.963362
1780456786,121.252340
1780456786,117.358105
1780456786,111.839160
1780456786,123.359342
1780456786,108.311596
1780456786,119.815937
1780456786,119.872804
1780456786,108.348937
1780456786,117.721478
1780456786,123.702373
1780456786,118.632721
1780456786,118.478220
1780456786,115.399948
1780456786,120.466321
1780456786,123.353813
1780456786,118.973789
1780456786,114.454491
1780456786,106.914977
1780456786,131.065378
1780456786,104.228432
1780456786,118.350254
1780456786,119.714115
1780456786,105.138695
1780456786,104.246223
1780456786,104.319965
1780456786,130.815281
1780456786,119.239429
1780456786,130.990119
1780456786,131.186612
1780456786,131.070988
1780456786,131.161761
1780456786,121.053918
1780456786,131.674419
1780456786,120.494193
1780456786,131.981293
1780456786,132.075841
1780456786,132.637842
1780456786,121.347019
1780456786,133.286962
1780456786,132.246379
1780456786,113.013171
1780456786,112.075306
1780456786,130.555832
1780456786,131.021193
1780456786,122.880856
1780456786,122.952995
1780456786,122.927033
1780456786,116.546336
1780456786,116.522120
1780456786,116.542739
1780456786,124.501445
1780456786,124.556467
1780456786,116.766489
1780456786,124.556405
1780456786,123.218214
1780456786,116.810605
1780456786,130.950574
1780456786,128.532269
1780456786,132.915667
1780456786,113.065249
1780456786,132.604173
1780456786,126.143015
1780456786,118.079679
1780456786,126.131941
1780456786,112.765039
1780456786,111.152456
1780456786,132.485082
1780456786,130.514451
1780456786,113.667891
1780456786,131.162816
1780456786,114.956758
1780456786,117.448567
1780456786,111.382379
1780456786,114.279850
1780456786,116.209901
1780456786,133.927889
1780456786,113.004336
1780456786,113.259019
1780456786,135.766598
1780456786,137.623136
1780456786,116.478925
1780456786,136.984942
1780456786,117.488071
1780456786,136.895678
1780456786,117.694030
1780456786,138.290037
1780456786,139.667303
1780456786,125.347556
1780456786,138.465510
1780456786,130.750576
1780456786,119.614476
1780456786,140.037550
1780456786,138.700328
1780456786,125.765960
1780456786,117.949632
1780456786,117.133163
1780456786,129.797673
1780456786,139.221322
1780456786,138.943028
1780456786,136.947716
1780456786,135.482223
1780456786,137.552305
1780456786,137.475639
1780456786,137.536450
1780456786,137.851070
1780456786,137.928460
1780456786,137.930896
1780456786,132.196291
1780456786,130.999706
1780456786,132.300392
1780456786,117.198226
1780456786,117.235678
1780456786,131.238077
1780456786,131.268498
1780456786,138.308255
1780456786,132.997832
1780456786,138.745421
1780456786,137.885722
1780456786,137.856562
1780456786,138.359253
1780456786,138.444058
1780456786,120.347508
1780456786,140.330584
1780456786,134.928671
1780456786,132.756808
1780456786,133.911074
1780456786,120.697234
1780456786,140.773227
1780456786,140.726815
1780456786,139.256977
1780456786,138.213910
1780456786,136.940154
1780456786,133.499076
1780456786,121.838316
1780456786,141.293666
1780456786,138.517751
1780456786,130.686241
1780456786,141.548507
1780456786,136.079354
1780456786,133.917629
1780456786,132.034533
1780456786,140.125313
1780456786,131.037411
1780456786,133.994316
1780456786,140.540002
1780456786,123.629626
1780456786,130.027850
1780456786,134.284765
1780456786,131.419799
1780456786,115.892327
1780456786,126.878265
1780456786,123.368652
1780456786,126.946339
1780456786,123.920115
1780456786,125.285135
1780456786,133.598939
1780456786,112.680439
1780456786,131.745703
1780456786,130.601999
1780456786,125.392519
1780456786,110.972970
1780456786,125.415000
1780456786,130.902915
1780456786,129.310444
1780456786,141.432564
1780456786,131.137730
1780456786,126.648447
1780456786,116.786731
1780456786,123.281333
1780456786,127.677872
1780456786,123.315426
1780456786,126.855106
1780456786,110.167259
1780456786,126.275172
1780456786,111.290174
1780456786,126.424284
1780456786,112.617204
1780456786,110.684213
1780456786,126.515289
1780456786,113.014307
1780456786,111.712781
1780456786,115.358846
1780456786,110.794355
1780456786,113.698751
1780456786,113.711327
1780456786,109.979009
1780456786,112.789122
1780456786,114.017710
1780456786,111.973610
1780456786,112.019907
1780456786,111.943719
1780456786,115.188280
1780456786,112.214822
1780456786,112.893210
1780456786,115.090178
1780456786,115.988298
1780456786,115.302308
1780456786,116.050883
1780456786,116.868108
1780456786,116.002150
1780456786,116.624275
1780456786,114.660235
1780456786,114.733220
1780456786,114.351570
1780456786,115.174721
1780456786,116.323490
1780456786,115.470337
1780456786,115.690058
1780456786,115.634657
1780456786,115.024007
1780456786,115.879674
1780456786,118.791544
1780456786,118.857692
1780456786,116.025935
1780456786,115.291520
1780456786,115.782592
1780456786,117.157578
1780456786,116.993013
1780456786,102.273613
1780456786,102.780969
1780456786,103.150090
1780456786,103.396155
1780456786,103.602373
1780456786,104.351213
1780456786,104.355896
1780456786,104.462354
1780456786,104.419511
1780456786,104.968513
1780456786,105.010045
1780456786,105.120118
1780456786,105.935026
1780456786,107.368434
1780456786,106.922650
1780456786,103.985284
1780456786,103.470984
1780456786,104.868343
1780456786,114.865184
1780456786,105.564109
1780456786,105.942152
1780456786,105.568782
1780456786,111.715624
1780456786,106.472743
1780456786,106.632549
1780456786,108.232918
1780456786,107.295527
1780456786,110.898741
1780456786,113.359513
1780456786,113.431128
1780456786,116.694252
1780456786,116.940614
1780456786,106.719512
1780456786,106.701283
1780456786,105.241326
1780456786,105.518414
1780456786,105.418193
1780456786,108.092288
1780456786,108.128028
1780456786,104.035048
1780456786,109.159890
1780456786,106.909310
1780456786,104.129244
1780456786,109.221137
1780456786,103.594450
1780456786,103.654790
1780456786,104.680202
1780456786,105.595583
1780456786,105.191153
1780456786,104.964783
1780456786,109.596178
1780456786,106.565733
1780456786,106.563738
1780456786,106.778061
1780456786,106.735028
1780456786,106.576275
1780456786,102.907316
1780456786,106.995438
1780456786,106.799500
1780456786,106.814267
1780456786,107.756967
1780456786,104.564442
1780456786,108.673169
1780456786,107.736944
1780456786,107.529263
1780456786,113.264228
1780456786,104.840764
1780456786,114.039830
1780456786,108.193007
1780456786,114.512223
1780456786,106.100092
1780456786,107.148407
1780456786,108.421228
1780456786,108.432488
1780456786,104.460254
1780456786,105.005135
1780456786,105.442070
1780456786,107.336045
1780456786,109.306732
1780456786,109.592882
1780456786,106.142556
1780456786,109.774167
1780456786,116.211721
1780456786,116.172514
1780456786,108.743068
1780456786,108.782656
1780456786,107.821310
1780456786,110.215549
1780456786,110.297429
1780456786,110.426204
1780456786,110.628739
1780456786,110.772899
1780456786,106.554926
1780456786,106.572680
1780456786,106.334695
1780456786,106.702896
1780456786,106.741241
1780456786,106.501210
1780456786,106.547878
1780456786,106.904543
1780456786,107.024358
1780456786,107.933901
1780456786,107.947849
1780456786,107.881669
1780456786,108.186036
1780456786,108.331009
1780456786,105.603612
1780456786,106.731923
1780456786,106.982291
1780456786,106.478899
1780456786,106.695431
1780456786,106.292563
1780456786,107.485968
1780456786,106.834325
1780456786,103.185012
1780456786,107.614712
1780456786,106.676341
1780456786,106.690916
1780456786,103.356799
1780456786,107.099110
1780456786,103.907939
1780456786,105.878304
1780456786,104.413588
1780456786,104.559202
1780456786,103.872015
1780456786,107.518253
1780456786,106.308888
1780456786,107.950792
1780456786,103.856576
1780456786,104.792963
1780456786,108.349045
1780456786,109.210913
1780456786,104.139231
1780456786,109.249755
1780456786,108.306057
1780456786,104.927141
1780456786,102.792261
1780456786,108.722418
1780456786,102.948357
1780456786,105.040365
1780456786,103.209958
1780456786,110.241265
1780456786,104.224614
1780456786,110.274030
1780456786,107.424782
1780456786,107.511786
1780456786,108.836281
1780456786,109.009288
1780456786,108.310452
1780456786,108.608183
1780456786,109.111396
1780456786,109.943296
1780456786,109.659385
1780456786,110.019944
1780456786,109.618024
1780456786,116.243174
1780456786,103.646946
1780456786,110.691067
1780456786,109.882449
1780456786,110.817286
1780456786,103.648359
1780456786,111.136531
1780456786,110.003656
1780456786,117.198458
1780456786,114.316953
1780456786,115.411097
1780456786,115.875114
1780456786,111.433178
1780456786,114.777579
1780456786,114.836904
1780456786,111.969593
1780456786,114.259015
1780456786,113.491214
1780456786,117.278099
1780456786,113.833796
1780456786,117.828450
1780456786,114.774546
1780456786,114.365380
1780456786,114.460503
1780456786,112.238731
1780456786,114.287340
1780456786,115.013383
1780456786,115.358561
1780456786,115.288623
1780456786,112.562482
1780456786,114.720551
1780456786,114.898610
1780456786,112.688538
1780456786,112.625518
1780456786,112.907820
1780456786,116.047211
1780456786,115.595769
1780456786,106.221912
1780456786,115.721959
1780456786,115.867120
1780456786,116.789675
1780456786,116.078717
1780456786,116.664614
1780456786,116.826114
1780456786,117.004425
1780456786,117.125438
1780456786,114.188367
1780456786,111.662452
1780456786,116.505919
1780456786,111.717139
1780456786,116.765740
1780456786,114.667898
1780456786,108.036923
1780456786,112.356900
1780456786,112.077252
1780456786,115.066466
1780456786,111.597296
1780456786,114.305723
1780456786,111.287091
1780456786,113.039651
1780456786,111.898740
1780456786,111.272592
1780456786,103.802679
1780456786,118.133064
1780456786,113.955392
1780456786,118.155888
1780456786,112.377586
1780456786,111.848382
1780456786,112.493749
1780456786,113.821016
1780456786,115.643604
1780456786,114.175291
1780456786,114.247120
1780456786,118.477904
1780456786,113.414813
1780456786,113.901962
1780456786,114.257918
1780456786,114.024787
1780456786,113.944102
1780456786,114.331600
1780456786,115.826134
1780456786,114.272805
1780456786,107.565664
1780456786,112.661601
1780456786,112.433087
1780456786,113.063567
1780456786,114.521728
1780456786,107.188271
1780456786,112.598364
1780456786,105.513835
1780456786,104.494559
1780456786,106.782191
1780456786,112.979187
1780456786,112.938124
1780456786,112.914912
1780456786,112.902572
1780456786,115.702187
1780456786,115.988065
1780456786,107.138992
1780456786,107.884611
1780456786,107.039081
1780456786,107.016257
1780456786,107.349082
1780456786,113.583064
1780456786,107.260816
1780456786,116.726472
1780456786,115.389627
1780456786,115.408358
1780456786,114.598535
1780456786,115.173783
1780456786,114.617309
1780456786,114.504824
1780456786,115.321908
1780456786,114.831514
1780456786,115.420502
1780456786,115.491481
1780456786,114.857944
1780456786,107.484587
1780456786,108.097127
1780456786,108.253265
1780456786,115.421549
1780456786,109.142505
1780456786,108.134705
1780456786,108.050891
1780456786,106.042943
1780456786,107.556523
1780456786,104.782184
1780456786,105.187252
1780456786,107.608457
1780456786,105.358430
1780456786,110.266350
1780456786,110.500295
1780456786,110.692189
1780456786,110.192361
1780456786,108.736230
1780456786,110.297422
1780456786,110.379967
1780456786,107.477033
1780456786,105.846719
1780456786,105.703422
1780456786,109.182029
1780456786,106.703963
1780456786,108.620781
1780456786,107.121147
1780456786,109.087764
1780456786,110.114515
1780456786,109.015599
1780456786,110.021239
1780456786,109.214831
1780456786,110.257013
1780456786,105.729360
1780456786,109.231093
1780456786,109.337420
1780456786,110.194892
1780456786,112.041583
1780456786,109.712618
1780456786,111.333226
1780456786,108.232919
1780456786,112.466088
1780456786,109.787317
1780456786,107.706867
1780456786,107.815611
1780456786,107.805869
1780456786,108.033142
1780456786,107.551358
1780456786,106.254985
1780456786,108.584140
1780456786,106.656417
1780456786,106.902825
1780456786,109.030275
1780456786,107.003834
1780456786,108.955772
1780456786,109.937206
1780456786,106.203621
1780456786,109.113393
1780456786,110.761289
1780456786,108.948817
1780456786,109.071545
1780456786,111.144191
1780456786,111.259308
1780456786,112.505755
1780456786,111.146726
1780456786,111.261246
1780456786,112.574759
1780456786,105.274881
1780456786,108.524817
1780456786,106.601296
1780456786,104.704845
1780456786,105.157187
1780456786,106.750838
1780456786,105.140980
1780456786,105.502832
1780456786,105.498345
1780456786,104.594921
1780456786,107.347042
1780456786,104.713114
1780456786,105.032907
1780456786,108.106291
1780456786,107.806357
1780456786,105.274043
1780456786,109.206315
1780456786,105.676160
1780456786,109.995818
1780456786,108.582550
1780456786,110.154791
1780456786,107.948499
1780456786,108.064661
1780456786,107.892217
1780456786,111.122385
1780456786,103.902423
1780456786,103.799169
1780456786,105.836071
1780456786,105.459618
1780456786,103.726678
1780456786,106.190049
1780456786,105.519241
1780456786,103.620353
1780456786,108.338644
1780456786,106.248224
1780456786,103.824179
1780456786,104.217785
1780456786,109.741611
1780456786,109.399505
1780456786,109.715113
1780456786,106.637810
1780456786,104.126883
1780456786,105.934401
1780456786,105.761367
1780456786,104.647018
1780456786,106.448479
1780456786,108.323430
1780456786,104.533945
1780456786,106.578240
1780456786,108.896627
1780456786,104.048668
1780456786,104.165002
1780456786,104.240964
1780456786,104.343185
1780456786,107.358440
1780456786,104.649399
1780456786,108.747890
1780456786,107.001332
1780456786,109.116706
1780456786,109.653374
1780456786,106.700613
1780456786,109.772879
1780456786,102.891457
1780456786,106.929902
1780456786,104.468705
1780456786,107.666249
1780456786,103.262391
1780456786,104.501716
1780456786,103.258682
1780456786,106.994645
1780456786,104.644632
1780456786,105.342462
1780456786,104.606012
1780456786,106.882086
1780456786,107.403615
1780456786,104.764326
1780456786,103.484397
1780456786,108.135863
1780456786,103.423771
1780456786,103.701815
1780456786,103.658342
1780456786,103.614001
1780456786,107.647271
1780456786,102.581628
1780456786,105.986686
1780456786,103.038451
1780456786,102.992864
1780456786,106.017280
1780456786,107.816648
1780456786,106.017786
1780456786,106.519879
1780456786,103.656782
1780456786,103.955314
1780456786,107.219853
1780456786,107.183182
1780456786,103.572239
1780456786,103.738997
1780456786,105.982488
1780456786,104.932739
1780456786,104.295426
1780456786,104.915550
1780456786,104.265144
1780456786,106.206242
1780456786,104.389421
1780456786,104.303696
1780456786,103.677811
1780456786,103.456813
1780456786,104.454543
1780456786,103.366152
1780456786,103.653862
1780456786,104.679936
1780456786,104.112264
1780456786,102.454154
1780456786,104.227272
1780456786,103.052090
1780456786,103.838811
1780456786,104.425245
1780456786,102.794043
1780456786,103.921139
1780456786,104.346805
1780456786,103.003337
1780456786,105.377078
1780456786,104.094701
1780456786,104.397584
1780456786,103.427441
1780456786,105.099645
1780456786,105.085310
1780456786,104.823608
1780456786,104.853853
1780456786,102.495142
1780456786,104.804642
1780456786,102.641420
1780456786,104.975314
1780456786,104.715741
1780456786,102.697831
1780456786,104.830959
1780456786,101.780937
1780456786,104.311246
1780456786,104.486533
1780456786,102.988630
1780456786,102.939778
1780456786,104.458398
1780456786,102.513829
1780456786,104.714765
1780456786,105.447499
1780456786,102.950867
1780456786,103.324189
1780456786,103.655282
1780456786,103.686618
1780456786,103.052872
1780456786,103.372843
1780456786,103.881110
1780456786,103.158293
1780456786,103.021877
1780456786,103.109761
1780456786,103.953178
1780456786,103.642397
1780456786,102.966781
1780456786,102.931430
1780456786,103.859708
1780456786,102.866306
1780456786,103.818919
1780456786,104.037568
1780456786,104.226680
1780456786,102.495913
1780456786,104.503526
1780456786,104.509461
1780456786,102.894847
1780456786,102.815837
1780456786,104.273108
1780456786,103.572481
1780456786,104.435869
1780456786,102.946136
1780456786,102.933891
1780456786,103.215114
1780456786,103.040256
1780456786,104.298986
1780456786,104.808053
1780456786,103.188893
1780456786,104.514252
1780456786,104.427058
1780456786,104.758161
1780456786,104.580202
1780456786,102.471786
1780456786,102.585107
1780456786,102.505142
1780456786,104.232327
1780456786,104.313196
1780456786,102.580081
1780456786,104.322152
1780456786,102.694212
1780456786,102.869610
1780456786,104.612829
1780456786,103.088096
1780456786,102.719090
1780456786,104.516334
1780456786,102.838062
1780456786,103.458830
1780456786,103.373108
1780456786,103.249199
1780456786,103.344081
1780456786,102.323771
1780456786,103.409134
1780456786,103.635538
1780456786,103.432268
1780456786,103.105984
1780456786,103.330668
1780456786,103.536789
1780456786,103.604009
1780456786,103.851190
1780456786,103.279719
1780456786,104.177907
1780456786,103.298785
1780456786,104.364818
1780456786,103.220169
1780456786,104.019915
1780456786,104.167390
1780456786,103.835787
1780456786,104.272573
1780456786,104.029521
1780456786,103.770230
1780456786,104.164494
1780456786,104.027348
1780456786,104.369856
1780456786,103.643039
1780456786,103.924401
1780456786,104.593965
1780456786,104.029898
1780456786,103.930722
1780456786,104.407114
1780456786,103.810457
1780456786,104.438132
1780456786,102.462346
1780456786,104.414501
1780456786,104.385621
1780456786,104.248053
1780456786,105.055871
1780456786,103.079824
1780456786,103.269400
1780456786,104.495801
1780456786,104.467377
1780456786,103.069032
1780456786,103.270759
1780456786,103.387085
1780456786,104.965099
1780456786,103.679633
1780456786,103.601071
1780456786,103.275058
1780456786,103.657937
1780456786,103.504675
1780456786,103.683388
1780456786,104.033954
1780456786,103.636221
1780456786,104.244338
1780456786,103.981093
1780456786,101.819121
1780456786,102.298003
1780456786,102.390372
1780456786,102.293090
1780456786,102.569184
1780456786,102.383825
1780456786,102.447649
1780456786,102.350453
1780456786,103.066590
1780456786,102.576854
1780456786,103.237004
1780456786,102.786091
1780456786,102.497399
1780456786,103.168669
1780456786,103.270341
1780456786,103.594729
1780456786,103.176396
1780456786,103.394852
1780456786,103.340101
1780456786,103.932956
1780456786,103.903207
1780456786,103.806733
1780456786,104.013520
1780456786,102.782141
1780456786,102.352671
1780456786,103.648279
1780456786,103.295475
1780456786,103.372857
1780456786,102.875378
1780456786,103.093523
1780456786,102.854535
1780456786,104.329110
1780456786,102.913051
1780456786,105.101379
1780456786,103.442562
1780456786,103.974482
1780456786,104.675966
1780456786,104.711758
1780456786,105.024469
1780456786,103.351039
1780456786,104.937776
1780456786,105.322219
1780456786,103.791778
1780456786,103.312308
1780456786,104.534237
1780456786,105.250345
1780456786,104.081471
1780456786,105.142686
1780456786,104.573305
1780456786,106.377535
1780456786,105.882024
1780456786,105.583058
1780456786,104.113720
1780456786,105.986743
1780456786,105.562495
1780456786,106.320610
1780456786,106.421974
1780456786,105.680515
1780456786,105.120827
1780456786,102.649953
1780456786,106.660695
1780456786,105.223523
1780456786,105.888011
1780456786,106.060255
1780456786,104.769909
1780456786,104.156746
1780456786,106.153610
1780456786,105.413952
1780456786,104.840269
1780456786,105.687814
1780456786,104.794411
1780456786,105.415143
1780456786,107.093581
1780456786,104.854353
1780456786,105.718335
1780456786,106.857289
1780456786,105.627743
1780456786,106.919519
1780456786,106.090847
1780456786,106.543173
1780456786,108.483681
1780456786,103.527619
1780456786,108.394256
1780456786,103.292050
1780456786,108.098466
1780456786,105.608942
1780456786,103.931778
1780456786,108.878812
1780456786,101.798949
1780456786,105.752865
1780456786,103.926426
1780456786,108.486388
1780456786,108.886678
1780456786,108.991041
1780456786,104.043449
1780456786,106.685595
1780456786,106.031785
1780456786,108.479489
1780456786,107.611409
1780456786,103.703329
1780456786,107.795662
1780456786,106.613340
1780456786,107.478726
1780456786,106.792937
1780456786,104.101844
1780456786,106.769456
1780456786,106.868264
1780456786,107.780791
1780456786,103.297983
1780456786,105.560007
1780456786,107.936512
1780456786,103.280530
1780456786,110.227733
1780456786,105.454762
1780456786,105.652274
1780456786,106.120804
1780456786,108.083294
1780456786,105.566135
1780456786,108.063215
1780456786,106.045075
1780456786,106.035949
1780456786,103.520752
1780456786,105.863800
1780456786,108.280994
1780456786,108.861675
1780456786,105.606200
1780456786,103.095635
1780456786,103.296810
1780456786,105.875044
1780456786,106.148727
1780456786,108.318683
1780456786,106.012278
1780456786,105.955054
1780456786,102.325377
1780456786,107.252533
1780456786,110.956325
1780456786,110.467398
1780456786,104.922139
1780456786,107.295682
1780456786,110.267789
1780456786,105.060779
1780456786,104.192495
1780456786,105.108715
1780456786,109.561480
1780456786,105.521112
1780456786,103.040326
1780456786,110.508746
1780456786,105.602885
1780456786,103.318811
1780456786,108.247758
1780456786,105.363246
1780456786,103.426735
1780456786,107.623323
1780456786,111.432332
1780456786,103.419952
1780456786,105.098412
1780456786,110.789142
1780456786,105.424592
1780456786,108.726290
1780456786,104.906024
1780456786,110.801121
1780456786,108.195551
1780456786,103.237127
1780456786,104.301594
1780456786,108.359415
1780456786,104.286162
1780456786,104.698150
1780456786,103.693339
1780456786,106.920077
1780456786,111.127187
1780456786,103.686909
1780456786,109.354181
1780456786,107.205197
1780456786,104.733778
1780456786,106.116777
1780456786,109.053414
1780456786,105.330243
1780456786,104.766770
1780456786,110.162370
1780456786,104.170979
1780456786,107.095621
1780456786,109.981020
1780456786,105.190106
1780456786,105.904145
1780456786,109.985010
1780456786,104.925136
1780456786,105.973747
1780456786,108.151498
1780456786,104.980852
1780456786,105.344796
1780456786,108.122465
1780456786,105.477047
1780456786,105.946692
1780456786,107.966752
1780456786,107.883680
1780456786,103.398557
1780456786,110.822064
1780456786,107.416552
1780456786,105.742688
1780456786,108.486155
1780456786,105.606229
1780456786,103.521516
1780456786,107.788179
1780456786,105.451254
1780456786,108.147405
1780456786,105.462500
1780456786,107.290361
1780456786,108.081608
1780456786,107.254982
1780456786,106.657838
1780456786,104.516371
1780456786,108.444992
1780456786,104.540311
1780456786,109.559965
1780456786,109.517189
1780456786,106.973949
1780456786,104.353509
1780456786,109.595049
1780456786,104.893423
1780456786,103.531694
1780456786,106.916398
1780456786,105.006503
1780456786,105.563837
1780456786,109.951140
1780456786,103.754135
1780456786,107.518289
1780456786,108.022819
1780456786,104.248389
1780456786,107.294431
1780456786,107.671232
1780456786,103.717877
1780456786,105.261395
1780456786,110.361221
1780456786,104.002820
1780456786,104.177727
1780456786,107.908565
1780456786,104.863042
1780456786,105.219910
1780456786,110.947560
1780456786,104.971521
1780456786,105.570156
1780456786,110.795197
1780456786,105.274898
1780456786,108.128591
1780456786,105.506217
1780456786,106.920983
1780456786,108.535196
1780456786,107.057282
1780456786,104.820473
1780456786,106.377419
1780456786,110.018675
1780456786,106.202664
1780456786,106.944368
1780456786,109.632118
1780456786,106.866261
1780456786,101.841554
1780456786,107.580436
1780456786,107.147549
1780456786,106.637788
1780456786,107.741737
1780456786,107.081154
1780456786,106.798328
1780456786,107.478521
1780456786,106.253770
1780456786,106.961864
1780456786,108.074315
1780456786,104.647660
1780456786,106.174557
1780456786,107.534357
1780456786,107.632942
1780456786,105.263785
1780456786,105.340403
1780456786,105.211139
1780456786,105.166473
1780456786,108.271858
1780456786,107.350642
1780456786,108.039235
1780456786,107.006578
1780456786,107.819807
1780456786,105.067744
1780456786,111.078035
1780456786,105.106034
1780456786,105.558329
1780456786,110.715419
1780456786,105.327857
1780456786,108.833196
1780456786,105.817739
1780456786,105.590265
1780456786,109.850323
1780456786,108.072176
1780456786,105.983871
1780456786,107.936769
1780456786,108.225624
1780456786,109.833570
1780456786,108.066500
1780456786,107.996870
1780456786,106.038231
1780456786,104.876075
1780456786,104.950628
1780456786,110.520953
1780456786,109.734389
1780456786,106.333030
1780456786,104.992149
1780456786,109.601160
1780456786,105.078142
1780456786,105.075518
1780456786,109.581441
1780456786,105.146305
1780456786,107.779478
1780456786,107.720030
1780456786,105.465641
1780456786,105.415067
1780456786,107.532794
1780456786,104.321760
1780456786,104.387650
1780456786,110.286526
1780456786,104.430317
1780456786,104.367065
1780456786,107.801519
1780456786,103.640022
1780456786,104.747106
1780456786,108.476198
1780456786,108.335063
1780456786,104.723670
1780456786,104.730078
1780456786,108.088258
1780456786,104.851249
1780456786,104.872189
1780456786,108.609249
1780456786,104.221199
1780456786,104.946673
1780456786,104.588824
1780456786,104.803178
1780456786,108.606231
1780456786,103.473417
1780456786,109.073862
1780456786,104.974202
1780456786,103.801613
1780456786,102.599774
1780456786,111.470137
1780456786,103.193332
1780456786,108.866630
1780456786,103.011588
1780456786,109.138934
1780456786,104.079734
1780456786,104.050303
1780456786,108.359209
1780456786,104.049683
1780456786,102.701616
1780456786,103.079921
1780456786,108.545144
1780456786,104.515174
1780456786,103.426239
1780456786,108.573258
1780456786,103.594282
1780456786,103.876953
1780456786,107.797746
1780456786,104.537812
1780456786,107.791201
1780456786,103.668549
1780456786,105.645417
1780456786,103.961746
1780456786,105.542025
1780456786,108.130994
1780456786,102.841147
1780456786,105.574741
1780456786,103.093183
1780456786,105.554628
1780456786,108.230432
1780456786,104.306840
1780456786,108.435679
1780456786,102.904796
1780456786,108.568852
1780456786,104.336143
1780456786,108.476576
1780456786,104.992157
1780456786,106.573161
1780456786,104.368573
1780456786,105.112477
1780456786,107.623066
1780456786,107.648845
1780456786,104.485575
1780456786,106.955557
1780456786,104.162400
1780456786,109.094284
1780456786,107.780740
1780456786,107.276060
1780456786,104.496967
1780456786,108.175864
1780456786,107.960781
1780456786,106.877476
1780456786,107.294559
1780456786,108.402966
1780456786,104.837365
1780456786,107.363413
1780456786,108.225981
1780456786,106.097099
1780456786,107.110479
1780456786,108.300127
1780456786,106.184585
1780456786,107.441345
1780456786,105.798375
1780456786,104.421953
1780456786,107.413030
1780456786,108.664971
1780456786,104.508740
1780456786,104.590900
1780456786,107.807942
1780456786,107.242422
1780456786,106.828957
1780456786,105.809226
1780456786,109.754573
1780456786,105.160748
1780456786,108.660712
1780456786,109.793027
1780456786,109.072866
1780456786,107.011384
1780456786,109.737158
1780456786,108.376080
1780456786,105.266357
1780456786,108.949695
1780456786,108.327276
1780456786,106.200672
1780456786,109.131616
1780456786,105.488191
1780456786,109.562276
1780456786,105.460646
1780456786,109.319937
1780456786,107.514100
1780456786,108.685778
1780456786,107.072475
1780456786,109.363745
1780456786,103.851600
1780456786,107.461810
1780456786,108.916586
1780456786,109.630112
1780456786,107.977458
1780456786,105.561304
1780456786,104.976394
1780456786,109.736039
1780456786,110.657105
1780456786,107.476572
1780456786,109.851987
1780456786,108.295819
1780456786,105.185778
1780456786,110.109474
1780456786,109.534769
1780456786,105.386656
1780456786,110.052088
1780456786,105.662256
1780456786,105.419805
1780456786,110.390651
1780456786,109.166643
1780456786,108.928964
1780456786,110.167257
1780456786,105.853477
1780456786,110.298425
1780456786,109.652116
1780456786,110.713799
1780456786,109.454277
1780456786,106.202216
1780456786,107.909521
1780456786,107.918610
1780456786,108.916431
1780456786,104.600165
1780456786,110.834025
1780456786,104.667658
1780456786,104.026804
1780456786,109.337655
1780456786,109.338415
1780456786,109.346319
1780456786,110.199991
1780456786,109.699025
1780456786,105.399786
1780456786,107.246800
1780456786,110.147310
1780456786,107.099675
1780456786,109.934964
1780456786,105.970511
1780456786,108.828425
1780456786,107.748184
1780456786,111.240222
1780456786,104.977258
1780456786,108.529592
1780456786,112.550745
1780456786,107.792100
1780456786,107.925513
1780456786,110.326040
1780456786,112.695734
1780456786,106.588640
1780456786,108.022321
1780456786,114.134254
1780456786,110.526240
1780456786,109.651897
1780456786,108.178411
1780456786,113.521903
1780456786,106.445024
1780456786,109.665943
1780456786,114.934713
1780456786,107.281687
1780456786,106.908686
1780456786,109.855137
1780456786,107.391072
1780456786,107.184428
1780456786,107.062090
1780456786,113.672269
1780456786,107.564399
1780456786,106.813147
1780456786,107.894857
1780456786,110.407345
1780456786,107.009290
1780456786,107.584718
1780456786,113.589513
1780456786,111.107028
1780456786,105.822322
1780456786,113.332977
1780456786,104.534997
1780456786,110.435240
1780456786,108.736917
1780456786,106.727537
1780456786,106.009342
1780456786,111.014814
1780456786,113.955849
1780456786,113.934292
1780456786,108.504578
1780456786,109.376970
1780456786,106.348225
1780456786,112.409650
1780456786,109.958904
1780456786,105.595607
1780456786,112.379986
1780456786,109.675730
1780456786,113.939785
1780456786,107.622696
1780456786,112.509775
1780456786,107.695057
1780456786,104.624768
1780456786,110.266019
1780456786,104.844111
1780456786,112.000326
1780456786,107.824407
1780456786,109.991788
1780456786,113.599452
1780456786,105.004708
1780456786,110.826576
1780456786,105.289771
1780456786,113.404794
1780456786,105.225080
1780456786,113.882208
1780456786,108.847044
1780456786,105.300557
1780456786,111.468272
1780456786,110.368171
1780456786,111.060271
1780456786,111.261509
1780456786,110.800256
1780456786,114.183533
1780456786,105.492115
1780456786,109.875129
1780456786,108.980676
1780456786,109.190300
1780456786,105.916036
1780456786,109.063717
1780456786,107.007349
1780456786,106.341821
1780456786,106.299602
1780456786,106.107365
1780456786,106.028201
1780456786,109.283127
1780456786,109.649878
1780456786,106.805170
1780456786,106.730619
1780456786,109.981568
1780456786,109.810849
1780456786,109.486454
1780456786,106.978608
1780456786,117.620314
1780456786,117.345979
1780456786,117.855723
1780456786,113.518287
1780456786,107.358109
1780456786,115.444689
1780456786,113.914317
1780456786,115.946502
1780456786,115.914318
1780456786,109.687280
1780456786,113.566056
1780456786,117.974695
1780456786,109.718638
1780456786,111.561599
1780456786,111.628296
1780456786,105.335369
1780456786,107.295139
1780456786,111.455869
1780456786,111.532307
1780456786,111.709091
1780456786,111.913324
1780456786,108.192560
1780456786,113.661880
1780456786,113.782586
1780456786,111.037142
1780456786,112.270938
1780456786,110.241120
1780456786,111.583166
1780456786,114.539166
1780456786,113.726194
1780456786,112.470770
1780456786,114.768941
1780456786,116.008155
1780456786,116.389853
1780456786,107.784630
1780456786,111.952793
1780456786,107.249876
1780456786,106.061968
1780456786,107.965649
1780456786,112.133810
1780456786,108.170643
1780456786,105.079383
1780456786,110.670173
1780456786,112.769862
1780456786,108.446831
1780456786,111.036935
1780456786,106.128270
1780456786,106.230970
1780456786,109.787548
1780456786,106.565911
1780456786,112.441858
1780456786,106.327504
1780456786,109.369753
1780456786,106.274480
1780456786,109.401377
1780456786,106.617162
1780456786,106.197310
1780456786,109.864759
1780456786,109.802873
1780456786,106.386085
1780456786,112.312541
1780456786,106.981657
1780456786,112.225880
1780456786,105.741180
1780456786,110.061666
1780456786,106.885520
1780456786,112.149445
1780456786,105.090113
1780456786,107.242381
1780456786,107.179767
1780456786,110.827030
1780456786,107.311576
1780456786,108.388871
1780456786,111.832792
1780456786,107.138563
1780456786,108.595335
1780456786,107.735206
1780456786,112.365690
1780456786,112.279510
1780456786,108.806228
1780456786,107.923698
1780456786,109.506521
1780456786,112.481841
1780456786,109.082227
1780456786,111.193874
1780456786,109.913114
1780456786,109.046282
1780456786,112.325109
1780456786,109.688442
1780456786,109.284116
1780456786,112.523343
1780456786,109.048465
1780456786,110.027303
1780456786,111.187113
1780456786,110.681067
1780456786,108.621887
1780456786,109.992793
1780456786,108.929155
1780456786,108.937125
1780456786,107.530057
1780456786,109.151423
1780456786,111.694194
1780456786,105.253796
1780456786,111.230963
1780456786,110.979849
1780456786,109.634249
1780456786,111.679442
1780456786,111.401957
1780456786,111.781338
1780456786,110.226169
1780456786,107.495850
1780456786,110.312161
1780456786,107.698217
1780456786,111.804797
1780456786,107.828529
1780456786,111.998839
1780456786,110.619725
1780456786,110.554031
1780456786,109.192318
1780456786,112.270201
1780456786,108.480152
1780456786,107.858680
1780456786,111.122114
1780456786,113.014635
1780456786,112.431938
1780456786,113.763357
1780456786,107.520927
1780456786,108.610980
1780456786,107.748676
1780456786,108.942291
1780456786,109.086380
1780456786,110.433150
1780456786,107.237287
1780456786,107.243962
1780456786,106.369490
1780456786,113.090610
1780456786,111.979410
1780456786,110.978514
1780456786,109.962007
1780456786,113.358210
1780456786,108.009508
1780456786,108.108239
1780456786,108.190216
1780456786,105.808222
1780456786,113.608250
1780456786,108.326654
1780456786,113.517629
1780456786,106.025173
1780456786,108.492397
1780456786,115.319718
1780456786,115.392197
1780456786,108.366722
1780456786,108.375529
1780456786,111.569595
1780456786,108.730643
1780456786,106.540104
1780456786,108.863822
1780456786,115.550195
1780456786,117.106022
1780456786,108.428434
1780456786,113.963583
1780456786,109.665751
1780456786,105.791885
1780456786,105.887688
1780456786,108.668701
1780456786,104.801478
1780456786,107.672620
1780456786,111.137566
1780456786,106.024154
1780456786,108.867779
1780456786,113.755589
1780456786,106.060357
1780456786,114.240687
1780456786,109.179639
1780456786,117.693476
1780456786,117.926138
1780456786,107.465777
1780456786,109.008552
1780456786,110.701070
1780456786,116.250801
1780456786,105.099664
1780456786,103.081125
1780456786,107.809876
1780456786,105.157241
1780456786,107.172101
1780456786,105.563183
1780456786,107.031167
1780456786,108.462888
1780456786,104.005173
1780456786,106.951628
1780456786,107.042538
1780456786,108.009779
1780456786,103.625203
1780456786,103.893646
1780456786,104.157355
1780456786,104.306911
1780456786,104.344393
1780456786,104.139136
1780456786,104.300520
1780456786,105.257083
1780456786,105.179044
1780456786,104.949600
1780456786,103.135420
1780456786,104.790741
1780456786,105.415266
1780456786,106.062290
1780456786,106.055370
1780456786,106.287322
1780456786,105.999546
1780456786,106.511077
1780456786,106.900019
1780456786,106.682861
1780456786,106.962380
1780456786,105.341388
1780456786,107.629364
1780456786,105.536596
1780456786,107.756371
1780456786,107.447937
1780456786,107.643084
1780456786,105.657059
1780456786,107.585047
1780456786,106.035184
1780456786,102.983746
1780456786,103.617969
1780456786,106.315656
1780456786,106.782382
1780456786,106.991618
1780456786,103.778093
1780456786,106.642646
1780456786,106.835343
1780456786,106.916592
1780456786,107.194853
1780456786,104.103015
1780456786,107.193867
1780456786,106.491097
1780456786,107.260204
1780456786,108.507952
1780456786,104.002858
1780456786,103.970933
1780456786,103.814432
1780456786,105.521358
1780456786,105.809476
1780456786,104.811219
1780456786,105.097233
1780456786,105.092466
1780456786,108.528779
1780456786,108.514813
1780456786,107.504065
1780456786,106.663120
1780456786,108.231340
1780456786,104.101739
1780456786,103.293235
1780456786,108.420320
1780456786,104.242571
1780456786,105.804847
1780456786,103.864091
1780456786,108.302538
1780456786,108.805592
1780456786,109.249871
1780456786,110.557819
1780456786,111.130303
1780456786,111.329964
1780456786,111.711677
1780456786,111.776290
1780456786,111.614194
1780456786,111.458379
1780456786,111.671744
1780456786,112.065832
1780456786,111.654496
1780456786,112.119383
1780456786,112.305071
1780456786,108.525624
1780456786,111.280241
1780456786,111.765472
1780456786,112.083368
1780456786,112.109807
1780456786,113.189956
1780456786,112.132687
1780456786,112.825193
1780456786,104.315533
1780456786,104.306440
1780456786,113.171231
1780456786,113.729150
1780456786,111.602173
1780456786,112.393239
1780456786,112.545571
1780456786,113.923700
1780456786,114.220554
1780456786,114.611669
1780456786,113.732793
1780456786,108.978751
1780456786,114.097558
1780456786,109.318812
1780456786,109.397315
1780456786,113.803943
1780456786,110.180503
1780456786,106.636124
1780456786,109.156308
1780456786,115.388656
1780456786,110.813642
1780456786,106.888964
1780456786,114.433057
1780456786,109.718258
1780456786,111.431047
1780456786,108.289962
1780456786,108.293773
1780456786,108.757876
1780456786,118.033318
1780456786,110.585787
1780456786,110.670975
1780456786,119.520690
1780456786,110.022893
1780456786,119.666844
1780456786,110.126319
1780456786,117.777085
1780456786,111.020935
1780456786,119.978778
1780456786,118.813959
1780456786,118.671327
1780456786,117.674665
1780456786,119.618368
1780456786,119.309987
1780456786,119.659158
1780456786,105.301756
1780456786,105.644441
1780456786,105.631892
1780456786,105.309539
1780456786,120.014718
1780456786,121.426887
1780456786,105.917757
1780456786,105.985539
1780456786,120.966276
1780456786,105.571196
1780456786,123.802824
1780456786,109.827656
1780456786,109.719680
1780456786,121.438092
1780456786,128.665234
1780456786,121.249409
1780456786,114.549135
1780456786,112.000730
1780456786,114.828110
1780456786,112.051110
1780456786,114.677454
1780456786,114.474622
1780456786,105.003912
1780456786,105.502800
1780456786,107.713179
1780456786,104.430400
1780456786,104.299282
1780456786,104.306643
1780456786,104.307367
1780456786,103.375107
1780456786,103.647144
1780456786,104.445908
1780456786,105.567640
1780456786,103.321029
1780456786,103.867851
1780456786,104.264778
1780456786,106.684625
1780456786,104.648305
1780456786,103.255716
1780456786,103.465030
1780456786,108.383275
1780456786,104.098201
1780456786,113.126900
1780456786,105.214693
1780456786,105.267471
1780456786,110.860849
1780456786,105.229208
1780456786,109.585471
1780456786,105.447729
1780456786,105.541414
1780456786,105.615424
1780456786,105.328454
1780456786,105.816651
1780456786,106.135451
1780456786,103.989853
1780456786,106.954276
1780456786,103.873015
1780456786,104.799295
1780456786,104.218505
1780456786,104.883769
1780456786,104.619270
1780456786,105.839004
1780456786,104.407671
1780456786,105.005617
1780456786,104.001191
1780456786,104.691821
1780456786,105.628185
1780456786,109.466770
1780456786,105.175579
1780456786,109.518238
1780456786,104.583987
1780456786,105.132146
1780456786,108.384694
1780456786,106.610839
1780456786,106.380074
1780456786,108.433936
1780456786,103.833177
1780456786,105.123218
1780456786,104.934807
1780456786,105.174035
1780456786,108.413443
1780456786,108.770088
1780456786,105.637755
1780456786,108.344106
1780456786,104.607100
1780456786,104.531258
1780456786,104.664306
1780456786,104.771342
1780456786,108.632778
1780456786,105.496352
1780456786,108.862152
1780456786,105.034427
1780456786,108.559492
1780456786,104.839547
1780456786,107.772091
1780456786,104.019782
1780456786,108.304425
1780456786,107.407218
1780456786,106.709222
1780456786,107.833496
1780456786,108.988366
1780456786,106.553103
1780456786,122.645900
1780456786,123.509683
1780456786,124.218730
1780456786,124.544256
1780456786,117.687860
1780456786,127.250026
1780456786,121.332056
1780456786,117.455506
1780456786,126.728447
1780456786,126.879073
1780456786,121.220589
1780456786,117.320855
1780456786,117.616462
1780456786,121.456410
1780456786,127.102995
1780456786,126.290297
1780456786,121.068562
1780456786,120.757844
1780456786,120.727713
1780456786,120.385098
1780456786,120.881513
1780456786,119.047923
1780456786,123.005281
1780456786,115.205071
1780456786,122.688299
1780456786,130.125284
1780456786,122.390905
1780456786,113.856842
1780456786,113.806039
1780456786,114.938425
1780456786,108.930849
1780456786,111.765568
1780456786,120.018574
1780456786,127.587324
1780456786,123.508320
1780456786,127.680876
1780456786,123.798760
1780456786,125.427367
1780456786,123.819899
1780456786,125.725530
1780456786,126.229638
1780456786,125.333400
1780456786,105.278630
1780456786,112.275394
1780456786,125.256717
1780456786,124.169059
1780456786,124.237052
1780456786,123.959783
1780456786,112.483691
1780456786,124.197108
1780456786,135.796122
1780456786,128.060221
1780456786,120.588850
1780456786,120.811689
1780456786,116.990945
1780456786,120.864654
1780456786,120.705211
1780456786,121.798502
1780456786,127.664545
1780456786,128.532502
1780456786,124.842881
1780456786,111.702229
1780456786,109.242383
1780456786,126.255616
1780456786,123.426541
1780456786,125.113167
1780456786,109.356981
1780456786,126.295540
1780456786,112.052593
1780456786,120.727347
1780456786,127.657260
1780456786,120.733283
1780456786,111.973638
1780456786,124.367478
1780456786,112.298999
1780456786,120.865170
1780456786,127.985420
1780456786,121.855747
1780456786,128.484886
1780456786,129.132718
1780456786,125.812715
1780456786,129.804297
1780456786,129.186296
1780456786,125.800178
1780456786,127.011709
1780456786,129.874637
1780456786,129.799361
1780456786,129.093187
1780456786,129.929463
1780456786,129.694921
1780456786,128.910228
1780456786,133.851229
1780456786,129.793993
1780456786,125.881329
1780456786,115.735045
1780456786,129.131528
1780456786,119.566158
1780456786,125.268042
1780456786,125.439121
1780456786,119.585865
1780456786,123.365497
1780456786,121.243597
1780456786,126.240761
1780456786,121.752997
1780456786,129.542150
1780456786,121.750614
1780456786,127.355893
1780456786,121.846738
1780456786,115.902471
1780456786,121.912692
1780456786,120.540828
1780456786,120.535033
1780456786,119.409422
1780456786,120.647278
1780456786,119.506776
1780456786,119.500788
1780456786,114.675017
1780456786,108.530277
1780456786,123.394495
1780456786,117.288096
1780456786,121.618831
1780456786,123.482504
1780456786,120.441301
1780456786,121.461942
1780456786,122.493430
1780456786,111.004992
1780456786,117.484072
1780456786,109.752214
1780456786,109.836028
1780456786,109.926072
1780456786,109.463152
1780456786,118.867507
1780456786,118.932054
1780456786,118.781960
1780456786,118.943083
1780456786,118.893111
1780456786,107.895144
1780456786,111.309530
1780456786,118.455205
1780456786,111.479881
1780456786,111.935573
1780456786,118.926277
1780456786,118.566113
1780456786,108.227617
1780456786,126.070509
1780456786,108.160987
1780456786,118.644659
1780456786,128.869268
1780456786,117.567812
1780456786,123.964732
1780456786,123.840099
1780456786,119.802172
1780456786,123.947397
1780456786,119.913913
1780456786,108.617277
1780456786,119.856177
1780456786,111.926004
1780456786,120.085532
1780456786,119.863066
1780456786,117.718922
1780456786,119.730364
1780456786,107.987980
1780456786,117.771250
1780456786,119.320958
1780456786,119.867447
1780456786,119.352939
1780456786,119.342385
1780456786,126.769927
1780456786,127.328293
1780456786,112.426752
1780456786,108.680665
1780456786,118.292507
1780456786,108.416040
1780456786,126.358416
1780456786,117.827648
1780456786,126.603745
1780456786,117.831766
1780456786,125.420986
1780456786,109.240509
1780456786,118.608552
1780456786,124.988694
1780456786,113.597575
1780456786,113.658844
1780456786,121.109654
1780456786,125.253984
1780456786,107.295154
1780456786,125.353653
1780456786,119.018134
1780456786,122.451501
1780456786,119.557680
1780456786,121.962717
1780456786,120.674406
1780456786,114.807008
1780456786,122.931365
1780456786,123.288620
1780456786,116.609301
1780456786,116.948351
1780456786,123.038682
1780456786,117.105466
1780456786,123.525024
1780456786,116.500708
1780456786,108.059856
1780456786,116.932267
1780456786,123.806501
1780456786,109.565927
1780456786,116.653413
1780456786,117.985745
1780456786,116.426855
1780456786,118.222258
1780456786,115.966447
1780456786,116.735520
1780456786,119.506471
1780456786,115.406473
1780456786,109.394996
1780456786,115.590837
1780456786,118.611039
1780456786,118.751443
1780456786,115.843689
1780456786,109.734356
1780456786,118.960860
1780456786,116.713374
1780456786,110.091957
1780456786,118.685545
1780456786,111.283686
1780456786,119.536766
1780456786,114.805999
1780456786,117.792711
1780456786,123.608470
1780456786,119.592580
1780456786,116.626575
1780456786,121.027038
1780456786,117.896024
1780456786,119.808153
1780456786,117.158237
1780456786,109.438310
1780456786,126.349881
1780456786,115.930574
1780456786,120.240590
1780456786,125.207363
1780456786,119.375458
1780456786,116.008809
1780456786,113.986821
1780456786,120.262217
1780456786,124.833267
1780456786,115.974932
1780456786,119.796453
1780456786,125.042496
1780456786,120.976784
1780456786,116.037165
1780456786,119.284095
1780456786,125.029205
1780456786,121.089902
1780456786,120.576524
1780456786,116.670359
1780456786,120.514216
1780456786,121.321051
1780456786,119.869979
1780456786,117.616927
1780456786,119.837495
1780456786,125.887964
1780456786,111.353333
1780456786,117.739713
1780456786,112.889080
1780456786,126.059257
1780456786,119.919357
1780456786,121.039786
1780456786,126.361444
1780456786,113.248306
1780456786,120.736866
1780456786,119.953870
1780456786,110.547039
1780456786,126.460931
1780456786,118.659817
1780456786,121.678746
1780456786,126.955524
1780456786,110.900311
1780456786,118.488884
1780456786,121.458852
1780456786,121.662865
1780456786,112.315306
1780456786,128.105687
1780456786,120.422204
1780456786,126.848909
1780456786,111.412764
1780456786,118.904650
1780456786,115.768313
1780456786,111.458648
1780456786,119.315646
1780456786,118.936651
1780456786,121.887392
1780456786,125.055037
1780456786,120.858162
1780456786,111.999722
1780456786,118.916253
1780456786,123.496391
1780456786,110.780629
1780456786,118.902792
1780456786,122.248887
1780456786,110.960867
1780456786,123.349704
1780456786,113.802955
1780456786,120.340066
1780456786,111.072296
1780456786,124.399687
1780456786,114.286650
1780456786,114.262794
1780456786,109.835267
1780456786,123.698659
1780456786,123.798046
1780456786,120.434910
1780456786,123.363468
1780456786,123.100393
1780456786,110.288549
1780456786,124.297359
1780456786,114.790454
1780456786,123.296140
1780456786,124.253304
1780456786,110.812776
1780456786,121.711072
1780456786,123.542443
1780456786,118.119373
1780456786,115.266496
1780456786,121.722230
1780456786,121.831323
1780456786,114.006215
1780456786,124.186700
1780456786,121.899986
1780456786,120.775190
1780456786,123.637411
1780456786,124.804902
1780456786,123.739655
1780456786,117.313037
1780456786,120.010793
1780456786,114.417177
1780456786,122.497692
1780456786,109.528108
1780456786,114.732334
1780456786,116.611027
1780456786,119.321701
1780456786,124.272972
1780456786,116.358390
1780456786,113.888544
1780456786,110.380506
1780456786,123.103777
1780456786,119.583457
1780456786,116.713512
1780456786,110.561445
1780456786,123.044030
1780456786,110.675968
1780456786,123.472335
1780456786,116.963034
1780456786,123.443074
1780456786,123.471194
1780456786,120.132203
1780456786,120.049463
1780456786,114.588933
1780456786,118.981045
1780456786,123.877493
1780456786,113.453831
1780456786,118.924718
1780456786,111.208727
1780456786,123.568970
1780456786,123.990152
1780456786,116.517982
1780456786,123.221604
1780456786,118.113350
1780456786,119.322466
1780456786,124.142221
1780456786,123.954580
1780456786,115.594147
1780456786,118.326946
1780456786,113.962508
1780456786,124.135437
1780456786,118.437224
1780456786,114.157311
1780456786,110.634932
1780456786,124.006028
1780456786,124.777207
1780456786,118.798347
1780456786,121.807537
1780456786,126.714009
1780456786,124.644912
1780456786,112.376391
1780456786,114.656138
1780456786,111.366847
1780456786,124.457816
1780456786,115.138592
1780456786,118.141524
1780456786,111.523737
1780456786,123.603284
1780456786,127.516251
1780456786,119.406661
1780456786,114.490339
1780456786,125.375243
1780456786,114.578160
1780456786,127.609951
1780456786,111.976206
1780456786,128.951492
1780456786,115.115110
1780456786,117.204875
1780456786,109.799024
1780456786,129.489982
1780456786,126.300093
1780456786,115.282329
1780456786,129.718355
1780456786,114.226217
1780456786,121.928450
1780456786,117.663382
1780456786,115.632723
1780456786,123.528724
1780456786,114.500486
1780456786,122.223163
1780456786,123.713563
1780456786,125.021927
1780456786,122.563081
1780456786,110.611051
1780456786,116.952863
1780456786,127.304354
1780456786,129.152672
1780456786,110.854743
1780456786,118.472649
1780456786,122.968020
1780456786,118.702975
1780456786,115.137938
1780456786,109.937506
1780456786,130.719385
1780456786,127.857090
1780456786,121.916388
1780456786,123.171132
1780456786,111.379091
1780456786,118.993504
1780456786,115.819708
1780456786,110.214714
1780456786,123.391065
1780456786,117.930008
1780456786,117.222347
1780456786,131.470445
1780456786,109.353884
1780456786,109.464940
1780456786,118.405841
1780456786,122.854549
1780456786,124.171531
1780456786,108.509038
1780456786,115.031991
1780456786,108.532356
1780456786,122.757556
1780456786,116.219349
1780456786,120.105384
1780456786,115.087349
1780456786,118.011167
1780456786,131.130433
1780456786,114.108047
1780456786,116.932873
1780456786,123.144555
1780456786,122.107834
1780456786,126.425527
1780456786,109.263004
1780456786,114.611745
1780456786,118.581922
1780456786,125.170716
1780456786,126.613384
1780456786,121.283422
1780456786,124.088277
1780456786,108.292579
1780456786,121.357601
1780456786,117.732742
1780456786,108.480248
1780456786,124.199863
1780456786,121.516131
1780456786,118.045015
1780456786,108.502133
1780456786,132.465180
1780456786,119.458610
1780456786,123.352150
1780456786,116.895730
1780456786,114.347179
1780456786,126.263449
1780456786,117.040528
1780456786,114.503794
1780456786,122.286933
1780456786,109.376178
1780456786,131.668870
1780456786,117.288742
1780456786,118.896492
1780456786,114.896934
1780456786,118.948620
1780456786,118.728138
1780456786,115.125180
1780456786,113.860013
1780456786,117.702408
1780456786,122.791169
1780456786,109.834140
1780456786,117.827279
1780456786,109.890061
1780456786,124.760216
1780456786,119.804494
1780456786,123.347866
1780456786,123.543602
1780456786,109.038226
1780456786,118.321276
1780456786,115.972147
1780456786,119.972962
1780456786,125.123885
1780456786,122.254279
1780456786,109.309346
1780456786,132.797144
1780456786,109.291606
1780456786,125.408575
1780456786,118.852699
1780456786,109.640812
1780456786,117.827533
1780456786,119.333310
1780456786,132.352508
1780456786,109.586964
1780456786,116.753621
1780456786,115.509980
1780456786,118.165623
1780456786,113.267789
1780456786,115.799036
1780456786,117.009999
1780456786,123.339586
1780456786,113.419954
1780456786,115.934775
1780456786,115.955782
1780456786,123.737964
1780456786,109.208371
1780456786,118.690161
1780456786,123.626624
1780456786,115.040871
1780456786,116.486421
1780456786,113.826327
1780456786,117.728490
1780456786,115.258660
1780456786,109.386670
1780456786,124.198199
1780456786,123.355994
1780456786,124.334014
1780456786,115.648792
1780456786,109.597140
1780456786,118.463660
1780456786,114.522435
1780456786,124.464876
1780456786,110.177026
1780456786,114.684698
1780456786,118.602431
1780456786,110.257094
1780456786,124.264051
1780456786,114.915380
1780456786,122.997371
1780456786,115.035985
1780456786,113.545092
1780456786,115.121541
1780456786,117.853288
1780456786,110.979815
1780456786,121.911511
1780456786,115.294249
1780456786,115.378679
1780456786,111.048804
1780456786,123.443322
1780456786,123.744131
1780456786,122.275013
1780456786,114.315047
1780456786,112.818253
1780456786,114.561593
1780456786,121.290627
1780456786,123.844197
1780456786,111.671637
1780456786,114.544761
1780456786,127.667521
1780456786,113.181134
1780456786,121.515499
1780456786,114.987404
1780456786,110.466707
1780456786,121.601412
1780456786,128.012093
1780456786,115.179816
1780456786,110.704826
1780456786,119.425432
1780456786,127.112337
1780456786,115.276333
1780456786,112.261956
1780456786,115.285903
1780456786,104.875862
1780456786,115.789222
1780456786,114.186889
1780456786,112.794972
1780456786,115.654266
1780456786,106.407563
1780456786,112.878243
1780456786,120.025199
1780456786,115.832476
1780456786,105.309695
1780456786,112.941775
1780456786,120.206560
1780456786,108.315999
1780456786,116.169498
1780456786,114.903118
1780456786,111.785553
1780456786,104.321487
1780456786,120.633252
1780456786,115.119564
1780456786,112.169034
1780456786,115.231710
1780456786,112.409872
1780456786,105.770396
1780456786,116.653093
1780456786,115.640922
1780456786,107.747640
1780456786,115.607313
1780456786,112.591143
1780456786,120.161431
1780456786,103.330863
1780456786,111.303275
1780456786,120.272755
1780456786,119.108596
1780456786,111.336169
1780456786,117.615895
1780456786,114.572040
1780456786,119.356620
1780456786,111.670729
1780456786,120.723890
1780456786,116.314085
1780456786,102.895593
1780456786,111.932405
1780456786,116.609943
1780456786,118.563722
1780456786,118.661269
1780456786,112.310400
1780456786,107.514013
1780456786,112.261495
1780456786,116.943106
1780456786,115.523020
1780456786,103.473906
1780456786,111.088644
1780456786,114.421730
1780456786,118.918304
1780456786,103.533850
1780456786,119.208857
1780456786,108.319899
1780456786,116.184713
1780456786,111.498595
1780456786,116.088025
1780456786,103.874449
1780456786,119.639554
1780456786,113.288280
1780456786,116.615337
1780456786,104.064793
1780456786,111.822486
1780456786,116.655109
1780456786,116.818010
1780456786,112.219935
1780456786,104.477782
1780456786,119.808955
1780456786,104.478730
1780456786,120.166947
1780456786,114.161104
1780456786,117.106171
1780456786,114.363408
1780456786,119.061269
1780456786,118.806813
1780456786,106.867627
1780456786,116.229422
1780456786,113.012686
1780456786,116.219875
1780456786,116.326945
1780456786,113.273153
1780456786,119.317902
1780456786,104.006513
1780456786,116.263410
1780456786,111.843070
1780456786,108.798935
1780456786,119.768152
1780456786,114.989489
1780456786,104.287024
1780456786,118.209109
1780456786,118.585424
1780456786,116.902443
1780456786,108.874982
1780456786,118.498305
1780456786,108.070851
1780456786,119.040719
1780456786,112.634978
1780456786,117.242460
1780456786,119.107283
1780456786,116.181520
1780456786,112.826505
1780456786,117.677487
1780456786,113.377185
1780456786,116.427517
1780456786,119.213807
1780456786,116.826400
1780456786,119.733225
1780456786,116.876029
1780456786,115.384196
1780456786,115.710776
1780456786,118.833314
1780456786,118.679591
1780456786,115.689762
1780456786,109.548530
1780456786,115.706768
1780456786,115.712081
1780456786,109.492641
1780456786,119.201484
1780456786,118.991067
1780456786,103.990564
1780456786,113.197327
1780456786,108.696236
1780456786,118.077978
1780456786,118.060686
1780456786,119.575051
1780456786,114.826241
1780456786,104.595800
1780456786,115.006759
1780456786,119.910508
1780456786,113.527852
1780456786,119.931762
1780456786,115.232005
1780456786,117.246654
1780456786,105.007901
1780456786,118.747294
1780456786,104.003265
1780456786,115.817157
1780456786,117.544886
1780456786,120.342519
1780456786,105.340016
1780456786,114.259748
1780456786,115.901907
1780456786,119.082494
1780456786,108.432338
1780456786,119.305605
1780456786,114.842086
1780456786,107.177527
1780456786,117.781500
1780456786,118.213791
1780456786,116.688716
1780456786,118.140628
1780456786,121.383670
1780456786,107.566447
1780456786,118.590832
1780456786,121.545491
1780456786,118.431286
1780456786,114.051302
1780456786,105.403423
1780456786,120.054531
1780456786,118.632999
1780456786,114.358394
1780456786,118.774612
1780456786,108.271179
1780456786,117.411446
1780456786,117.684801
1780456786,120.972672
1780456786,116.203734
1780456786,108.563422
1780456786,114.894368
1780456786,118.200102
1780456786,114.876901
1780456786,121.125600
1780456786,105.248138
1780456786,116.660119
1780456786,114.994927
1780456786,118.623521
1780456786,117.123493
1780456786,105.629445
1780456786,115.604915
1780456786,108.117507
1780456786,118.918538
1780456786,114.248494
1780456786,115.776293
1780456786,107.138899
1780456786,120.739484
1780456786,115.792588
1780456786,119.263013
1780456786,120.921591
1780456786,114.536840
1780456786,105.355680
1780456786,119.367914
1780456786,119.429229
1780456786,119.219970
1780456786,107.691296
1780456786,116.254370
1780456786,121.363571
1780456786,114.901983
1780456786,121.231357
1780456786,116.522627
1780456786,115.034613
1780456786,108.126989
1780456786,115.238731
1780456786,113.787517
1780456786,121.658124
1780456786,106.079896
1780456786,121.723374
1780456786,114.313533
1780456786,115.843776
1780456786,120.372646
1780456786,118.983493
1780456786,114.333189
1780456786,106.467786
1780456786,115.978640
1780456786,119.256274
1780456786,116.273577
1780456786,114.730611
1780456786,108.321012
1780456786,114.943541
1780456786,119.740732
1780456786,115.232412
1780456786,108.517054
1780456786,119.721499
1780456786,115.325545
1780456786,119.936512
1780456786,121.777422
1780456786,109.108039
1780456786,120.111014
1780456786,120.399570
1780456786,109.155678
1780456786,106.444538
1780456786,118.975073
1780456786,116.008479
1780456786,116.011162
1780456786,106.385189
1780456786,116.121897
1780456786,120.542626
1780456786,106.714478
1780456786,119.364893
1780456786,115.008008
1780456786,116.484163
1780456786,107.094541
1780456786,119.684547
1780456786,119.861506
1780456786,121.345911
1780456786,106.970235
1780456786,119.688030
1780456786,118.456657
1780456786,105.496831
1780456786,115.643972
1780456786,120.232362
1780456786,118.615039
1780456786,105.871932
1780456786,115.861199
1780456786,117.481657
1780456786,106.144617
1780456786,115.984070
1780456786,119.032508
1780456786,104.979041
1780456786,120.493396
1780456786,116.079087
1780456786,122.095435
1780456786,105.043366
1780456786,116.528385
1780456786,105.283665
1780456786,120.731113
1780456786,116.625453
1780456786,116.640422
1780456786,114.900425
1780456786,122.582597
1780456786,104.646543
1780456786,119.874816
1780456786,121.726188
1780456786,121.624205
1780456786,107.183176
1780456786,117.294669
1780456786,118.556202
1780456786,117.197020
1780456786,104.966551
1780456786,117.648599
1780456786,106.338252
1780456786,123.656128
1780456786,118.964772
1780456786,106.383764
1780456786,116.165223
1780456786,117.802942
1780456786,113.574824
1780456786,104.520421
1780456786,116.270395
1780456786,118.209740
1780456786,116.343968
1780456786,105.855663
1780456786,121.294455
1780456786,113.128674
1780456786,104.106640
1780456786,118.146163
1780456786,115.542635
1780456786,117.014851
1780456786,118.494178
1780456786,113.694732
1780456786,118.782468
1780456786,106.445548
1780456786,117.320100
1780456786,118.822202
1780456786,110.889062
1780456786,105.086580
1780456786,117.646767
1780456786,116.366139
1780456786,106.045208
1780456786,119.333413
1780456786,106.351428
1780456786,118.033937
1780456786,124.164616
1780456786,113.293202
1780456786,105.754679
1780456786,119.791348
1780456786,116.863972
1780456786,119.841713
1780456786,104.715695
1780456786,113.699244
1780456786,118.555185
1780456786,118.484746
1780456786,112.654043
1780456786,104.983640
1780456786,116.167950
1780456786,123.547137
1780456786,105.195095
1780456786,115.425888
1780456786,117.870213
1780456786,105.316365
1780456786,123.822501
1780456786,116.818663
1780456786,104.559765
1780456786,105.555575
1780456786,113.234506
1780456786,118.318039
1780456786,121.209949
1780456786,103.578249
1780456786,116.299973
1780456786,121.099550
1780456786,105.044415
1780456786,118.707413
1780456786,117.582752
1780456786,102.677545
1780456786,117.529311
1780456786,113.829926
1780456786,118.766371
1780456786,102.867431
1780456786,117.945899
1780456786,114.016826
1780456786,119.061737
1780456786,102.837580
1780456786,119.377046
1780456786,115.994861
1780456786,116.017322
1780456786,119.503418
1780456786,115.978098
1780456786,103.151736
1780456786,117.335337
1780456786,114.856327
1780456786,103.746634
1780456786,113.294675
1780456786,117.687241
1780456786,116.711766
1780456786,115.364105
1780456786,117.049993
1780456786,117.032651
1780456786,102.911276
1780456786,115.018210
1780456786,117.216298
1780456786,113.839665
1780456786,104.113360
1780456786,119.661346
1780456786,113.997145
1780456786,117.272456
1780456786,102.879677
1780456786,119.013788
1780456786,112.978311
1780456786,116.303501
1780456786,106.372723
1780456786,117.663386
1780456786,112.963608
1780456786,117.790788
1780456786,116.719625
1780456786,103.931271
1780456786,111.315797
1780456786,114.817332
1780456786,103.964059
1780456786,112.547402
1780456786,114.892746
1780456786,116.906908
1780456786,104.249354
1780456786,115.250064
1780456786,112.804027
1780456786,115.471672
1780456786,104.250182
1780456786,120.117714
1780456786,112.956617
1780456786,115.611753
1780456786,115.680798
1780456786,117.830822
1780456786,104.467306
1780456786,114.627077
1780456786,113.557819
1780456786,117.968807
1780456786,105.251433
1780456786,113.663226
1780456786,114.880031
1780456786,112.865320
1780456786,114.034469
1780456786,116.687822
1780456786,108.635221
1780456786,121.263208
1780456786,114.247550
1780456786,112.473936
1780456786,115.541118
1780456786,105.785483
1780456786,121.633853
1780456786,113.568492
1780456786,109.043560
1780456786,113.661647
1780456786,118.786457
1780456786,107.961719
1780456786,114.984145
1780456786,112.965868
1780456786,120.771961
1780456786,119.654210
1780456786,112.165773
1780456786,120.357736
1780456786,115.037977
1780456786,114.900756
1780456786,120.352816
1780456786,112.066274
1780456786,120.355141
1780456786,112.826038
1780456786,114.252757
1780456786,120.366341
1780456786,118.884122
1780456786,119.468327
1780456786,119.629740
1780456786,112.937578
1780456786,111.718540
1780456786,115.324817
1780456786,121.657004
1780456786,114.160826
1780456786,117.216787
1780456786,116.351154
1780456786,115.366032
1780456786,120.141006
1780456786,110.771805
1780456786,113.501453
1780456786,122.150122
1780456786,114.846930
1780456786,112.563176
1780456786,111.136481
1780456786,119.176429
1780456786,111.411323
1780456786,120.906323
1780456786,111.353066
1780456786,114.710675
1780456786,110.673968
1780456786,110.356503
1780456786,115.679917
1780456786,115.695550
1780456786,111.702389
1780456786,114.608923
1780456786,112.066742
1780456786,114.912376
1780456786,114.840303
1780456786,113.436934
1780456786,115.036080
1780456786,121.407246
1780456786,110.994603
1780456786,121.601154
1780456786,113.830050
1780456786,111.235033
1780456786,110.773280
1780456786,113.947809
1780456786,120.758466
1780456786,111.659212
1780456786,120.785270
1780456786,111.516822
1780456786,111.570335
1780456786,119.835865
1780456786,113.118488
1780456786,111.251993
1780456786,111.865494
1780456786,113.114350
1780456786,120.288317
1780456786,111.786393
1780456786,111.938976
1780456786,113.231829
1780456786,111.523309
1780456786,121.444820
1780456786,111.753804
1780456786,112.257633
1780456786,112.493258
1780456786,113.755926
1780456786,109.621039
1780456786,112.792804
1780456786,113.251192
1780456786,112.952854
1780456786,115.241027
1780456786,115.324483
1780456786,117.073184
1780456786,121.648894
1780456786,114.003653
1780456786,110.712215
1780456786,114.877597
1780456786,123.290229
1780456786,115.109942
1780456786,123.498745
1780456786,111.308295
1780456786,121.777088
1780456786,115.028152
1780456786,112.417576
1780456786,123.086618
1780456786,113.906886
1780456786,115.696194
1780456786,115.320026
1780456786,112.887616
1780456786,123.428576
1780456786,116.446096
1780456786,115.898674
1780456786,114.261138
1780456786,115.608053
1780456786,114.599071
1780456786,112.476171
1780456786,116.051871
1780456786,123.891224
1780456786,116.051317
1780456786,121.938257
1780456786,113.593183
1780456786,114.932673
1780456786,116.421480
1780456786,115.028559
1780456786,112.042265
1780456786,123.442650
1780456786,115.194421
1780456786,112.273914
1780456786,116.476937
1780456786,122.314803
1780456786,113.497795
1780456786,113.426284
1780456786,115.517120
1780456786,122.519720
1780456786,114.482755
1780456786,121.930878
1780456786,113.789824
1780456786,113.845529
1780456786,112.881367
1780456786,114.019466
1780456786,114.824781
1780456786,111.530263
1780456786,114.160252
1780456786,111.890437
1780456786,115.260488
1780456786,114.530054
1780456786,112.406139
1780456786,112.196422
1780456786,110.404839
1780456786,112.513836
1780456786,111.325153
1780456786,111.534858
1780456786,124.224444
1780456786,114.330443
1780456786,111.678496
1780456786,110.564206
1780456786,123.577806
1780456786,113.143149
1780456786,112.989815
1780456786,123.747636
1780456786,113.204852
1780456786,111.400502
1780456786,113.707647
1780456786,122.841202
1780456786,113.920644
1780456786,123.005623
1780456786,111.814926
1780456786,112.801777
1780456786,123.007449
1780456786,110.670320
1780456786,112.206193
1780456786,124.544405
1780456786,113.060162
1780456786,107.427614
1780456786,112.237604
1780456786,122.180931
1780456786,112.061756
1780456786,107.709337
1780456786,121.210546
1780456786,112.249528
1780456786,111.869344
1780456786,107.707217
1780456786,113.504770
1780456786,122.557445
1780456786,108.069899
1780456786,111.561718
1780456786,122.659529
1780456786,111.729155
1780456786,108.167219
1780456786,111.083487
1780456786,122.872327
1780456786,107.918381
1780456786,111.963149
1780456786,123.171143
1780456786,108.456649
1780456786,110.247355
1780456786,108.367030
1780456786,108.347059
1780456786,123.227764
1780456786,108.917407
1780456786,125.078513
1780456786,108.805077
1780456786,108.018246
1780456786,108.954561
1780456786,108.911515
1780456786,108.125997
1780456786,122.430217
1780456786,122.430953
1780456786,108.288805
1780456786,109.536062
1780456786,125.727377
1780456786,122.739043
1780456786,123.244493
1780456786,122.866310
1780456786,123.569323
1780456786,123.449677
1780456786,121.719426
1780456786,121.754854
1780456786,121.807526
1780456786,118.947025
1780456786,119.066781
1780456786,119.112326
1780456786,116.600419
1780456786,119.335050
1780456786,119.387720
1780456786,118.367903
1780456786,117.041515
1780456786,117.132909
1780456786,118.425401
1780456786,116.533127
1780456786,116.590937
1780456786,116.026205
1780456786,117.675851
1780456786,116.540944
1780456786,112.004555
1780456786,118.467317
1780456786,120.299347
1780456786,114.861851
1780456786,120.829901
1780456786,120.100974
1780456786,120.528734
1780456786,120.231272
1780456786,120.600212
1780456786,112.001898
1780456786,120.539425
1780456786,112.171907
1780456786,111.221555
1780456786,116.083024
1780456786,115.068718
1780456786,111.361900
1780456786,110.447305
1780456786,121.454528
1780456786,111.865451
1780456786,121.935521
1780456786,108.754168
1780456786,107.601510
1780456786,122.249875
1780456786,104.563001
1780456786,122.210951
1780456786,122.874903
1780456786,123.194167
1780456786,123.233748
1780456786,123.163958
1780456786,123.414379
1780456786,123.241338
1780456786,124.155134
1780456786,105.559132
1780456786,124.296871
1780456786,114.501318
1780456786,124.386613
1780456786,115.761502
1780456786,111.172138
1780456786,107.850224
1780456786,107.891602
1780456786,110.172235
1780456786,119.228009
1780456786,126.770186
1780456786,118.161024
1780456786,126.641244
1780456786,122.939865
1780456786,123.018295
1780456786,126.535968
1780456786,126.565472
1780456786,120.723574
1780456786,121.849130
1780456786,128.099762
1780456786,109.283003
1780456786,122.513395
1780456786,120.211128
1780456786,128.440296
1780456786,115.509484
1780456786,123.861869
1780456786,109.553620
1780456786,128.294459
1780456786,118.538522
1780456786,123.710744
1780456786,121.361969
1780456786,128.863873
1780456786,121.438504
1780456786,121.591958
1780456786,121.796345
1780456786,116.620554
1780456786,116.948696
1780456786,120.399743
1780456786,110.390338
1780456786,118.041709
1780456786,113.406861
1780456786,114.779168
1780456786,115.837777
1780456786,109.778141
1780456786,110.030901
1780456786,121.213325
1780456786,119.651010
1780456786,130.642966
1780456786,135.336133
1780456786,120.567910
1780456786,110.331259
1780456786,119.178782
1780456786,119.454143
1780456786,121.303672
1780456786,116.018301
1780456786,115.667097
1780456786,115.677567
1780456786,118.924220
1780456786,117.500687
1780456786,118.062313
1780456786,122.251377
1780456786,116.499799
1780456786,118.487049
1780456786,114.427909
1780456786,113.740317
1780456786,114.352460
1780456786,114.548677
1780456786,114.593908
1780456786,138.264584
1780456786,139.496926
1780456786,110.307341
1780456786,110.385417
1780456786,124.233601
1780456786,139.187980
1780456786,135.338693
1780456786,131.776181
1780456786,129.564018
1780456786,143.831842
1780456786,144.220737
1780456786,144.741466
1780456786,119.775939
1780456786,123.118669
1780456786,123.091491
1780456786,131.325644
1780456786,123.267982
1780456786,114.518486
1780456786,118.677832
1780456786,114.644824
1780456786,117.850429
1780456786,111.003898
1780456786,132.965258
1780456786,132.901489
1780456786,127.618418
1780456786,135.344748
1780456786,135.345238
1780456786,142.432842
1780456786,143.724614
1780456786,131.360477
1780456786,129.130946
1780456786,126.452796
1780456786,144.137637
1780456786,130.512978
1780456786,145.304904
1780456786,130.508241
1780456786,141.815676
1780456786,140.560742
1780456786,140.670217
1780456786,123.478892
1780456786,141.968600
1780456786,144.419328
1780456786,141.940273
1780456786,114.205591
1780456786,114.422532
1780456786,128.130313
1780456786,115.656939
1780456786,125.035488
1780456786,115.806016
1780456786,127.726998
1780456786,125.140068
1780456786,121.254349
1780456786,122.356350
1780456786,134.539189
1780456786,152.997565
1780456786,134.714765
1780456786,155.501392
1780456786,123.842158
1780456786,152.015033
1780456786,123.808113
1780456786,141.353982
1780456786,146.024548
1780456786,148.481213
1780456786,123.954149
1780456786,114.657052
1780456786,134.178477
1780456786,134.903754
1780456786,134.138763
1780456786,120.337442
1780456786,143.166288
1780456786,144.477237
1780456786,130.597275
1780456786,145.676071
1780456786,146.819813
1780456786,143.461743
1780456786,123.076788
1780456786,123.004274
1780456786,123.206064
1780456786,123.250078
1780456786,123.183478
1780456786,132.685204
1780456786,145.246239
1780456786,145.248649
1780456786,145.357476
1780456786,145.449625
1780456786,144.938698
1780456786,133.173095
1780456786,139.790596
1780456786,144.799219
1780456786,139.597276
1780456786,105.222064
1780456786,106.576992
1780456786,108.048398
1780456786,124.063337
1780456786,108.159203
1780456786,108.074938
1780456786,108.234968
1780456786,111.926650
1780456786,115.524417
1780456786,109.348069
1780456786,139.084546
1780456786,161.136060
1780456786,152.001191
1780456786,166.850474
1780456786,162.840201
1780456786,177.336141
1780456786,183.750824
1780456786,183.511804
1780456786,187.407910
1780456786,168.047080
1780456786,173.527559
1780456786,172.398897
1780456786,172.470561
1780456786,175.047198
1780456786,172.255316
1780456786,173.079000
1780456786,175.132303
1780456786,175.153159
1780456786,172.478779
1780456786,172.567380
1780456786,175.409654
1780456786,168.453864
1780456786,168.914967
1780456786,169.365414
1780456786,169.349441
1780456786,169.109371
1780456786,171.415846
1780456786,173.567997
1780456786,173.406916
1780456786,173.705133
1780456786,170.288539
1780456786,175.722768
1780456786,175.910477
1780456786,175.798714
1780456786,175.262269
1780456786,177.401299
1780456786,178.437058
1780456786,167.541958
1780456786,146.130109
1780456786,168.340786
1780456786,168.891773
1780456786,146.794006
1780456786,170.143731
1780456786,171.219033
1780456786,170.828841
1780456786,171.300691
1780456786,171.531187
1780456786,172.988648
1780456786,176.377066
1780456786,172.725676
1780456786,179.110674
1780456786,174.171100
1780456786,173.681018
1780456786,172.485454
1780456786,171.627212
1780456786,172.985050
1780456786,173.984700
1780456786,174.281365
1780456786,175.922007
1780456786,172.899233
1780456786,174.260887
1780456786,175.165961
1780456786,175.550326
1780456786,176.234946
1780456786,176.387116
1780456786,177.108102
1780456786,176.746268
1780456786,134.862003
1780456786,177.359245
1780456786,136.558529
1780456786,177.620205
1780456786,141.516903
1780456786,181.038702
1780456786,135.709232
1780456786,154.606986
1780456786,139.931826
1780456786,154.879974
1780456786,135.461198
1780456786,155.001897
1780456786,138.573656
1780456786,155.456209
1780456786,144.029510
1780456786,155.585883
1780456786,143.135312
1780456786,155.894012
1780456786,139.443856
1780456786,144.126984
1780456786,156.986467
1780456786,138.781721
1780456786,160.316693
1780456786,145.920763
1780456786,160.520103
1780456786,162.443039
1780456786,139.789003
1780456786,147.716278
1780456786,161.605078
1780456786,162.987162
1780456786,144.996918
1780456786,147.008979
1780456786,149.305524
1780456786,149.404937
1780456786,140.465697
1780456786,141.045724
1780456786,151.244979
1780456786,146.651120
1780456786,146.671335
1780456786,146.700972
1780456786,152.313550
1780456786,146.489719
1780456786,142.228982
1780456786,151.132081
1780456786,151.413338
1780456786,140.762846
1780456786,152.923889
1780456786,147.782659
1780456786,148.182223
1780456786,148.097598
1780456786,146.389217
1780456786,152.537127
1780456786,148.606296
1780456786,148.412610
1780456786,148.994451
1780456786,151.758321
1780456786,153.258650
1780456786,153.392276
1780456786,149.020626
1780456786,149.537870
1780456786,153.184959
1780456786,153.329898
1780456786,154.046843
1780456786,152.914028
1780456786,153.739698
1780456786,154.415562
1780456786,154.393657
1780456786,154.345661
1780456786,154.558045
1780456786,160.563859
1780456786,162.763926
1780456786,159.431946
1780456786,160.733328
1780456786,159.468023
1780456786,160.889633
1780456786,163.051686
1780456786,145.517289
1780456786,162.899927
1780456786,163.257300
1780456786,163.350466
1780456786,160.768805
1780456786,161.101435
1780456786,163.285587
1780456786,160.979063
1780456786,165.108504
1780456786,163.378814
1780456786,163.532609
1780456786,166.695007
1780456786,163.584384
1780456786,168.499415
1780456786,163.822576
1780456786,163.760755
1780456786,163.895287
1780456786,166.915916
1780456786,166.884333
1780456786,166.845544
1780456786,166.930784
1780456786,168.675643
1780456786,169.212543
1780456786,167.314877
1780456786,169.034054
1780456786,167.335152
1780456786,169.442958
1780456786,167.278663
1780456786,169.557153
1780456786,164.339774
1780456786,167.653913
1780456786,167.650298
1780456786,167.685285
1780456786,167.614256
1780456786,167.863652
1780456786,169.839170
1780456786,168.128597
1780456786,201.512834
1780456786,191.667751
1780456786,170.419556
1780456786,162.693772
1780456786,162.483463
1780456786,143.634819
1780456786,143.937471
1780456786,153.304023
1780456786,150.482412
1780456786,153.776976
1780456786,151.274574
1780456786,154.236692
1780456786,155.042182
1780456786,162.309324
1780456786,154.540997
1780456786,162.660080
1780456786,154.902580
1780456786,162.448340
1780456786,156.816077
1780456786,163.073118
1780456786,151.094427
1780456786,163.199151
1780456786,156.895587
1780456786,163.594023
1780456786,156.636267
1780456786,163.812196
1780456786,163.804829
1780456786,160.436369
1780456786,164.125593
1780456786,159.738823
1780456786,164.364377
1780456786,160.568866
1780456786,160.654635
1780456786,160.586995
1780456786,160.777788
1780456786,160.997043
1780456786,161.207870
1780456786,156.121718
1780456786,161.643164
1780456786,161.553350
1780456786,159.655872
1780456786,162.149682
1780456786,162.591283
1780456786,160.637885
1780456786,166.545722
1780456786,156.443889
1780456786,162.985879
1780456786,166.178600
1780456786,167.075948
1780456786,162.969573
1780456786,164.064891
1780456786,156.947170
1780456786,164.297941
1780456786,164.278992
1780456786,163.919036
1780456786,163.970786
1780456786,163.994484
1780456786,167.201755
1780456786,167.512988
1780456786,164.830133
1780456786,169.994673
1780456786,149.669650
1780456786,170.365491
1780456786,142.662745
1780456786,168.392555
1780456786,150.151671
1780456786,150.704228
1780456786,170.935532
1780456786,143.588314
1780456786,166.304079
1780456786,151.369463
1780456786,171.459733
1780456786,166.683225
1780456786,168.361579
1780456786,157.946234
1780456786,168.693184
1780456786,144.819390
1780456786,167.562851
1780456786,152.730772
1780456786,169.260952
1780456786,153.751519
1780456786,169.555918
1780456786,154.074578
1780456786,154.482689
1780456786,167.804138
1780456786,159.499157
1780456786,160.625481
1780456786,156.195027
1780456786,170.478967
1780456786,150.146922
1780456786,170.593570
1780456786,148.755218
1780456786,174.578083
1780456786,150.928821
1780456786,174.453837
1780456786,151.220653
1780456786,160.232615
1780456786,175.124313
1780456786,160.079219
1780456786,175.513682
1780456786,153.272906
1780456786,173.317865
1780456786,153.446902
1780456786,175.991147
1780456786,161.390987
1780456786,175.952402
1780456786,154.570900
1780456786,176.096011
1780456786,162.584380
1780456786,176.900129
1780456786,158.015398
1780456786,176.723873
1780456786,160.423372
1780456786,177.026508
1780456786,177.301799
1780456786,155.570870
1780456786,177.867724
1780456786,170.691918
1780456786,167.918586
1780456786,177.931772
1780456786,168.217110
1780456786,178.572989
1780456786,158.529340
1780456786,178.684878
1780456786,158.303435
1780456786,166.547308
1780456786,161.855545
1780456786,167.075923
1780456786,160.436020
1780456786,169.859325
1780456786,161.821923
1780456786,160.587199
1780456786,169.122774
1780456786,170.769635
1780456786,166.137753
1780456786,171.832424
1780456786,165.537192
1780456786,173.283700
1780456786,164.244916
1780456786,173.610333
1780456786,173.909511
1780456786,166.218311
1780456786,175.234460
1780456786,167.032779
1780456786,175.627668
1780456786,167.373236
1780456786,175.819320
1780456786,166.542960
1780456786,176.136974
1780456786,161.908232
1780456786,170.333913
1780456786,170.491425
1780456786,176.720624
1780456786,176.678310
1780456786,172.148649
1780456786,172.010445
1780456786,162.715996
1780456786,163.146952
1780456786,163.152910
1780456786,166.695062
1780456786,166.910315
1780456786,168.863016
1780456786,170.282394
1780456786,176.089746
1780456786,182.910202
1780456786,179.070689
1780456786,176.684601
1780456786,178.403049
1780456786,177.556938
1780456786,179.946977
1780456786,179.816295
1780456786,172.832046
1780456786,177.871088
1780456786,181.374530
1780456786,177.866034
1780456786,178.892905
1780456786,168.028583
1780456786,168.331587
1780456786,185.141057
1780456786,172.143540
1780456786,170.371859
1780456786,178.347344
1780456786,173.276450
1780456786,181.296149
1780456786,173.544031
1780456786,173.586061
1780456786,183.192106
1780456786,183.379330
1780456786,184.746538
1780456786,185.403831
1780456786,173.364579
1780456786,185.560353
1780456786,177.446025
1780456786,185.687312
1780456786,180.964760
1780456786,185.893872
1780456786,175.221028
1780456786,173.699214
1780456786,172.480528
1780456786,171.285586
1780456786,173.751886
1780456786,173.896420
1780456786,174.357424
1780456786,176.285537
1780456786,176.759400
1780456786,165.534590
1780456786,179.064340
1780456786,176.940594
1780456786,177.020199
1780456786,165.908685
1780456786,165.763610
1780456786,178.381419
1780456786,178.318505
1780456786,165.923663
1780456786,188.339162
1780456786,166.215869
1780456786,169.920439
1780456786,177.303877
1780456786,168.571263
1780456786,180.006416
1780456786,181.509986
1780456786,182.233100
1780456786,182.090910
1780456786,168.127550
1780456786,166.438193
1780456786,166.615581
1780456786,171.869961
1780456786,172.311518
1780456786,167.979501
1780456786,174.517282
1780456786,170.798735
1780456786,172.554238
1780456786,172.709862
1780456786,170.825335
1780456786,172.774279
1780456786,171.078797
1780456786,173.018621
1780456786,174.475019
1780456786,174.013114
1780456786,172.919913
1780456786,174.950236
1780456786,175.900457
1780456786,160.786939
1780456786,177.401105
1780456786,177.687510
1780456786,174.968820
1780456786,178.573169
1780456786,176.101044
1780456786,182.110499
1780456786,176.393798
1780456786,160.748113
1780456786,171.388733
1780456786,174.751132
1780456786,169.596283
1780456786,192.224013
1780456786,161.566952
1780456786,161.348034
1780456786,178.623614
1780456786,162.106285
1780456786,172.585581
1780456786,171.256443
1780456786,177.736135
1780456786,171.545817
1780456786,173.322847
1780456786,162.328695
1780456786,164.288178
1780456786,163.031125
1780456786,171.478410
1780456786,173.857726
1780456786,168.491384
1780456786,175.853171
1780456786,168.751437
1780456786,180.892771
1780456786,165.612009
1780456786,172.736802
1780456786,165.989620
1780456786,166.105314
1780456786,164.674329
1780456786,177.027358
1780456786,172.775599
1780456786,179.198115
1780456786,177.569099
1780456786,174.174613
1780456786,175.795168
1780456786,159.463385
1780456786,174.254883
1780456786,179.093624
1780456786,174.701999
1780456786,179.522760
1780456786,174.107031
1780456786,172.405124
1780456786,166.518120
1780456786,169.849167
1780456786,176.805728
1780456786,183.359084
1780456786,156.676551
1780456786,184.134889
1780456786,176.051655
1780456786,155.330186
1780456786,168.954364
1780456786,186.481393
1780456786,158.724619
1780456786,188.009354
1780456786,178.321405
1780456786,178.540645
1780456786,160.825139
1780456786,171.471804
1780456786,169.773842
1780456786,186.080914
1780456786,159.777502
1780456786,171.977257
1780456786,177.584674
1780456786,172.352637
1780456786,179.793585
1780456786,183.306354
1780456786,163.426577
1780456786,174.237154
1780456786,172.647077
1780456786,186.527003
1780456786,163.683687
1780456786,171.486497
1780456786,173.563022
1780456786,185.645575
1780456786,182.377250
1780456786,163.360305
1780456786,187.890190
1780456786,174.127495
1780456786,179.732887
1780456786,181.612888
1780456786,173.050861
1780456786,181.908275
1780456786,173.448909
1780456786,180.610269
1780456786,188.717084
1780456786,183.753535
1780456786,174.992422
1780456786,175.371983
1780456786,184.661095
1780456786,190.025967
1780456786,189.724105
1780456786,175.827374
1780456786,181.572101
1780456786,168.550320
1780456786,190.651429
1780456786,183.141457
1780456786,190.744566
1780456786,177.910253
1780456786,193.025571
1780456786,178.624578
1780456786,168.053366
1780456786,195.795921
1780456786,184.522640
1780456786,193.431420
1780456786,170.159778
1780456786,184.824457
1780456786,188.164276
1780456786,197.178808
1780456786,197.510386
1780456786,181.548206
1780456786,183.684791
1780456786,180.341803
1780456786,198.966324
1780456786,171.255191
1780456786,193.452480
1780456786,180.624943
1780456786,191.324992
1780456786,179.392213
1780456786,195.723432
1780456786,187.024922
1780456786,179.927610
1780456786,184.590507
1780456786,185.559349
1780456786,183.514348
1780456786,197.199074
1780456786,183.823580
1780456786,188.956281
1780456786,183.930178
1780456786,186.440219
1780456786,186.240821
1780456786,198.746455
1780456786,186.323286
1780456786,192.930325
1780456786,186.867677
1780456786,193.337586
1780456786,188.872631
1780456786,190.893475
1780456786,188.889322
1780456786,196.288320
1780456786,199.851328
1780456786,177.060482
1780456786,176.641943
1780456786,200.143193
1780456786,184.217803
1780456786,185.489893
1780456786,177.608520
1780456786,166.382222
1780456786,181.280682
1780456786,186.592790
1780456786,185.040344
1780456786,178.255278
1780456786,178.538866
1780456786,195.502098
1780456786,176.421197
1780456786,182.078884
1780456786,182.424518
1780456786,180.190034
1780456786,193.503149
1780456786,187.920122
1780456786,185.925495
1780456786,190.212442
1780456786,195.686102
1780456786,169.895609
1780456786,192.070063
1780456786,190.000259
1780456786,188.704092
1780456786,173.508191
1780456786,199.871505
1780456786,173.582394
1780456786,185.985031
1780456786,189.139997
1780456786,200.262383
1780456786,191.724740
1780456786,189.544960
1780456786,181.066460
1780456786,179.255113
1780456786,183.489439
1780456786,193.911185
1780456786,181.807997
1780456786,181.894610
1780456786,188.633101
1780456786,190.656198
1780456786,193.160447
1780456786,201.861645
1780456786,202.344289
1780456786,193.389761
1780456786,204.253424
1780456786,201.643456
1780456786,181.015706
1780456786,183.462293
1780456786,182.730976
1780456786,192.390341
1780456786,197.925371
1780456786,205.424423
1780456786,190.636595
1780456786,191.045511
1780456786,207.114648
1780456786,193.210441
1780456786,184.524136
1780456786,193.105154
1780456786,198.717715
1780456786,184.489901
1780456786,199.371300
1780456786,170.271022
1780456786,160.097328
1780456786,173.710679
1780456786,183.060499
1780456786,172.167840
1780456786,172.388532
1780456786,161.787119
1780456786,177.375562
1780456786,174.763832
1780456786,184.131519
1780456786,176.297662
1780456786,186.377503
1780456786,175.297734
1780456786,184.468174
1780456786,191.716449
1780456786,175.550683
1780456786,175.589849
1780456786,193.857447
1780456786,179.080235
1780456786,187.652207
1780456786,189.435309
1780456786,179.199306
1780456786,179.313179
1780456786,187.098993
1780456786,186.927473
1780456786,182.422290
1780456786,167.334384
1780456786,198.753027
1780456786,189.446235
1780456786,194.684250
1780456786,181.067470
1780456786,207.180696
1780456786,187.007757
1780456786,176.646242
1780456786,198.255082
1780456786,179.737098
1780456786,146.103463
1780456786,178.227813
1780456786,125.534261
1780456786,181.019985
1780456786,105.926506
1780456786,194.858470
1780456786,189.827023
1780456786,106.131340
1780456786,126.995832
1780456786,181.432565
1780456786,106.303105
1780456786,170.966434
1780456786,144.038152
1780456786,188.267782
1780456786,127.277881
1780456786,190.057223
1780456786,132.654156
1780456786,181.554352
1780456786,144.805559
1780456786,182.888392
1780456786,131.836455
1780456786,189.580033
1780456786,106.696415
1780456786,170.612796
1780456786,131.061171
1780456786,190.233224
1780456786,146.367950
1780456786,190.328993
1780456786,106.020650
1780456786,198.776244
1780456786,143.722847
1780456786,181.848694
1780456786,106.941337
1780456786,191.913258
1780456786,105.999061
1780456786,190.274153
1780456786,147.117406
1780456786,183.140652
1780456786,147.311316
1780456786,172.156360
1780456786,190.590382
1780456786,184.784661
1780456786,145.796622
1780456786,184.547094
1780456786,107.280319
1780456786,192.285862
1780456786,145.412807
1780456786,199.477004
1780456786,144.982872
1780456786,146.737308
1780456786,173.820852
1780456786,111.210539
1780456786,183.466274
1780456786,190.651806
1780456786,110.999967
1780456786,146.962368
1780456786,191.041327
1780456786,185.169171
1780456786,177.658756
1780456786,185.165366
1780456786,160.024909
1780456786,192.708859
1780456786,192.575886
1780456786,191.066880
1780456786,182.218686
1780456786,145.619722
1780456786,156.737131
1780456786,185.334209
1780456786,171.636469
1780456786,191.310662
1780456786,182.470313
1780456786,157.201072
1780456786,191.282832
1780456786,164.164801
1780456786,192.873273
1780456786,188.426175
1780456786,191.460413
1780456786,169.571013
1780456786,174.482110
1780456786,181.083819
1780456786,193.061000
1780456786,193.007585
1780456786,192.911952
1780456786,174.295378
1780456786,189.215639
1780456786,186.948916
1780456786,185.627605
1780456786,193.262712
1780456786,174.423243
1780456786,185.810477
1780456786,181.148167
1780456786,193.288483
1780456786,185.638884
1780456786,194.463704
1780456786,174.679464
1780456786,187.542598
1780456786,193.438460
1780456786,174.504875
1780456786,189.602832
1780456786,194.777634
1780456786,161.878042
1780456786,194.766328
1780456786,170.638265
1780456786,194.840978
1780456786,185.719775
1780456786,176.387224
1780456786,194.741978
1780456786,183.201933
1780456786,194.966228
1780456786,176.384314
1780456786,177.552581
1780456786,187.434731
1780456786,183.165775
1780456786,187.809639
1780456786,171.011643
1780456786,195.240930
1780456786,164.935508
1780456786,177.947008
1780456786,186.256696
1780456786,187.423542
1780456786,191.420054
1780456786,195.087778
1780456786,178.091466
1780456786,195.159705
1780456786,187.483958
1780456786,191.602205
1780456786,187.889007
1780456786,178.491176
1780456786,177.826063
1780456786,168.067132
1780456786,195.344922
1780456786,176.774506
1780456786,187.708045
1780456786,187.943734
1780456786,183.368693
1780456786,178.705077
1780456786,195.480574
1780456786,180.473061
1780456786,160.628118
1780456786,188.224736
1780456786,188.032222
1780456786,180.468513
1780456786,197.342165
1780456786,184.962691
1780456786,197.087932
1780456786,181.845655
1780456786,180.459753
1780456786,188.427777
1780456786,188.271545
1780456786,178.507003
1780456786,185.204426
1780456786,188.304671
1780456786,197.136877
1780456786,182.003264
1780456786,182.207564
1780456786,192.432605
1780456786,197.398673
1780456786,161.548254
1780456786,197.330819
1780456786,190.839403
1780456786,179.093680
1780456786,196.033890
1780456786,170.388354
1780456786,179.240295
1780456786,171.671795
1780456786,190.186099
1780456786,182.510615
1780456786,201.634821
1780456786,199.376199
1780456786,197.387711
1780456786,172.567330
1780456786,182.393902
1780456786,184.248870
1780456786,197.702933
1780456786,179.510221
1780456786,188.843228
1780456786,182.647058
1780456786,190.793220
1780456786,174.459158
1780456786,199.153219
1780456786,173.681985
1780456786,197.973667
1780456786,176.037035
1780456786,179.129166
1780456786,190.436702
1780456786,181.140922
1780456786,194.952512
1780456786,192.835274
1780456786,174.686120
1780456786,177.577491
1780456786,190.606628
1780456786,179.527609
1780456786,187.143808
1780456786,185.795667
1780456786,184.517145
1780456786,171.274404
1780456786,174.267274
1780456786,157.720914
1780456786,187.341738
1780456786,190.943969
1780456786,171.898538
1780456786,187.329456
1780456786,180.126035
1780456786,176.271584
1780456786,158.539409
1780456786,174.394636
1780456786,168.399820
1780456786,187.427100
1780456786,172.273919
1780456786,187.852127
1780456786,193.390720
1780456786,191.481832
1780456786,179.915031
1780456786,189.443563
1780456786,171.837176
1780456786,173.230838
1780456786,164.125720
1780456786,195.046561
1780456786,191.759218
1780456786,183.418341
1780456786,171.362527
1780456786,161.008638
1780456786,178.118911
1780456786,193.908025
1780456786,178.417042
1780456786,183.342557
1780456786,164.172382
1780456786,173.961675
1780456786,188.192667
1780456786,173.762706
1780456786,200.222360
1780456786,195.407969
1780456786,189.688658
1780456786,165.473796
1780456786,180.556830
1780456786,177.187702
1780456786,159.423271
1780456786,197.094707
1780456786,185.134834
1780456786,192.088697
1780456786,194.150418
1780456786,175.182759
1780456786,158.732900
1780456786,178.649848
1780456786,180.922865
1780456786,188.463009
1780456786,164.720938
1780456786,177.341824
1780456786,149.402899
1780456786,180.900455
1780456786,170.236266
1780456786,180.181164
1780456786,180.777640
1780456786,189.914885
1780456786,165.644872
1780456786,173.817968
1780456786,182.340796
1780456786,159.051210
1780456786,150.076292
1780456786,174.105208
1780456786,182.627907
1780456786,147.251535
1780456786,177.220872
1780456786,147.491035
1780456786,183.851618
1780456786,159.039816
1780456786,177.351639
1780456786,163.109838
1780456786,174.573718
1780456786,171.632352
1780456786,159.508400
1780456786,166.576054
1780456786,175.544078
1780456786,184.521049
1780456786,152.585669
1780456786,159.623910
1780456786,177.927427
1780456786,148.005244
1780456786,184.404151
1780456786,160.238416
1780456786,166.309765
1780456786,171.985502
1780456786,161.408857
1780456786,179.319719
1780456786,184.645806
1780456786,171.227950
1780456786,148.584439
1780456786,169.541171
1780456786,173.389924
1780456786,162.050980
1780456786,168.790668
1780456786,175.709522
1780456786,184.844483
1780456786,162.273324
1780456786,167.836443
1780456786,174.135468
1780456786,167.850935
1780456786,163.253013
1780456786,181.571624
1780456786,163.568143
1780456786,186.268788
1780456786,179.589246
1780456786,165.074144
1780456786,169.880416
1780456786,179.829721
1780456786,186.199231
1780456786,170.015195
1780456786,176.796892
1780456786,179.551929
1780456786,141.317808
1780456786,189.231734
1780456786,181.744765
1780456786,165.624397
1780456786,140.796473
1780456786,187.875842
1780456786,140.413859
1780456786,182.048700
1780456786,141.665592
1780456786,154.859766
1780456786,166.556370
1780456786,178.436105
1780456786,167.778592
1780456786,183.472565
1780456786,167.155561
1780456786,171.778317
1780456786,189.688804
1780456786,141.274000
1780456786,183.779918
1780456786,168.065923
1780456786,154.639187
1780456786,168.315903
1780456786,178.412013
1780456786,141.416238
1780456786,185.257416
1780456786,167.672354
1780456786,178.412633
1780456786,158.057376
1780456786,185.470601
1780456786,167.925259
1780456786,178.858383
1780456786,167.903400
1780456786,185.575349
1780456786,143.250268
1780456786,142.175028
1780456786,187.233857
1780456786,169.379088
1780456786,180.288242
1780456786,144.030599
1780456786,180.291380
1780456786,176.401225
1780456786,142.756562
1780456786,155.682534
1780456786,144.889233
1780456786,180.476753
1780456786,144.608504
1780456786,187.237189
1780456786,167.891313
1780456786,180.719021
1780456786,145.210715
1780456786,156.265005
1780456786,170.402033
1780456786,178.835515
1780456786,143.277510
1780456786,180.526119
1780456786,146.043114
1780456786,182.758075
1780456786,179.404833
1780456786,145.765389
1780456786,156.788275
1780456786,143.439867
1780456786,182.958798
1780456786,146.238142
1780456786,188.960029
1780456786,146.782099
1780456786,182.476911
1780456786,146.657118
1780456786,190.525918
1780456786,147.276677
1780456786,179.477116
1780456786,147.462979
1780456786,184.577480
1780456786,147.042013
1780456786,179.320755
1780456786,144.288981
1780456786,168.880489
1780456786,184.684523
1780456786,181.016346
1780456786,147.487643
1780456786,183.105069
1780456786,147.586059
1780456786,157.898961
1780456786,147.458975
1780456786,186.256382
1780456786,179.768697
1780456786,144.855180
1780456786,182.625591
1780456786,169.249405
1780456786,172.389032
1780456786,185.022462
1780456786,171.049204
1780456786,144.317810
1780456786,183.556426
1780456786,172.902549
1780456786,179.712061
1780456786,147.524756
1780456786,185.075259
1780456786,173.173954
1780456786,179.941133
1780456786,146.214194
1780456786,185.229724
1780456786,152.852112
1780456786,160.138917
1780456786,180.304713
1780456786,148.207237
1780456786,185.362009
1780456786,171.163623
1780456786,188.375608
1780456786,170.192022
1780456786,183.715071
1780456786,152.594628
1780456786,175.096675
1780456786,171.989451
1780456786,195.098308
1780456786,149.733710
1780456786,154.662204
1780456786,186.785608
1780456786,160.327833
1780456786,147.511426
1780456786,172.715868
1780456786,162.997291
1780456786,154.953236
1780456786,188.393249
1780456786,172.949265
1780456786,155.136185
1780456786,183.232635
1780456786,172.283079
1780456786,188.919122
1780456786,147.977284
1780456786,161.684139
1780456786,153.882924
1780456786,138.838049
1780456786,150.737242
1780456786,166.665538
1780456786,172.009127
1780456786,139.083591
1780456786,171.312214
1780456786,139.597255
1780456786,151.492965
1780456786,139.444917
1780456786,155.461106
1780456786,139.539033
1780456786,174.569160
1780456786,139.903440
1780456786,151.928531
1780456786,139.658565
1780456786,131.648210
1780456786,138.808889
1780456786,151.242651
1780456786,139.555445
1780456786,148.565427
1780456786,139.971419
1780456786,155.018924
1780456786,139.928208
1780456786,155.594461
1780456786,168.116581
1780456786,140.180560
1780456786,167.268534
1780456786,172.975276
1780456786,174.505989
1780456786,140.368060
1780456786,155.592519
1780456786,168.641560
1780456786,167.544569
1780456786,140.538843
1780456786,173.597655
1780456786,167.360876
1780456786,157.417690
1780456786,142.397023
1780456786,158.215700
1780456786,166.212272
1780456786,175.134193
1780456786,142.636848
1780456786,174.714070
1780456786,142.948099
1780456786,160.648062
1780456786,167.693813
1780456786,162.632126
1780456786,168.124132
1780456786,167.191606
1780456786,175.722733
1780456786,167.078645
1780456786,161.288565
1780456786,168.019386
1780456786,177.708077
1780456786,143.909486
1780456786,161.472557
1780456786,177.846048
1780456786,179.332743
1780456786,161.752463
1780456786,183.120749
1780456786,161.855261
1780456786,162.582544
1780456786,161.128313
1780456786,164.702135
1780456786,165.533865
1780456786,163.941144
1780456786,175.809046
1780456786,132.237087
1780456786,158.569150
1780456786,160.329985
1780456786,133.334557
1780456786,126.798859
1780456786,132.865402
1780456786,134.270500
1780456786,128.902587
1780456786,164.049295
1780456786,127.868921
1780456786,133.850705
1780456786,159.563395
1780456786,165.142555
1780456786,160.367538
1780456786,134.980640
1780456786,159.930567
1780456786,134.417838
1780456786,129.641655
1780456786,134.211676
1780456786,128.443791
1780456786,165.505156
1780456786,129.970290
1780456786,134.034466
1780456786,128.525908
1780456786,135.185059
1780456786,161.944304
1780456786,160.929165
1780456786,160.286532
1780456786,135.672991
1780456786,130.174400
1780456786,165.512753
1780456786,130.324723
1780456786,136.054318
1780456786,135.836845
1780456786,137.248189
1780456786,130.450479
1780456786,136.747474
1780456786,128.385143
1780456786,137.048419
1780456786,130.621988
1780456786,130.136864
1780456786,160.747139
1780456786,123.603180
1780456786,161.290717
1780456786,137.874002
1780456786,162.451607
1780456786,137.584119
1780456786,161.552158
1780456786,166.399541
1780456786,130.795975
1780456786,166.634535
1780456786,162.822649
1780456786,166.611170
1780456786,162.314247
1780456786,166.750885
1780456786,130.749062
1780456786,167.155656
1780456786,131.081606
1780456786,138.413304
1780456786,130.628068
1780456786,166.945162
1780456786,167.017564
1780456786,147.868622
1780456786,138.754408
1780456786,157.979600
1780456786,139.004428
1780456786,139.330601
1780456786,124.773993
1780456786,124.825129
1780456786,139.479002
1780456786,176.489418
1780456786,139.864533
1780456786,140.127657
1780456786,123.938642
1780456786,140.277922
1780456786,140.733954
1780456786,125.273661
1780456786,159.530081
1780456786,140.489940
1780456786,122.939086
1780456786,157.263072
1780456786,140.743465
1780456786,123.597509
1780456786,141.040955
1780456786,123.458991
1780456786,169.047266
1780456786,123.905891
1780456786,141.391095
1780456786,155.351893
1780456786,127.352184
1780456786,155.831002
1780456786,124.934687
1780456786,126.519966
1780456786,120.423877
1780456786,126.947879
1780456786,160.767896
1780456786,127.758506
1780456786,156.190010
1780456786,128.683987
1780456786,121.648522
1780456786,157.889909
1780456786,129.202308
1780456786,158.568025
1780456786,162.312620
1780456786,122.736068
1780456786,129.027592
1780456786,121.362837
1780456786,162.203050
1780456786,126.409368
1780456786,125.994636
1780456786,121.692321
1780456786,127.444808
1780456786,127.069084
1780456786,157.619627
1780456786,126.255559
1780456786,128.095807
1780456786,126.559401
1780456786,122.423134
1780456786,161.348476
1780456786,122.464519
1780456786,162.005877
1780456786,161.606648
1780456786,129.450751
1780456786,122.273664
1780456786,160.715373
1780456786,157.622969
1780456786,161.867965
1780456786,124.085515
1780456786,128.601121
1780456786,123.335515
1780456786,128.899171
1780456786,158.988607
1780456786,163.124647
1780456786,123.630536
1780456786,163.364496
1780456786,125.072395
1780456786,130.940562
1780456786,123.189516
1780456786,187.282307
1780456786,125.597977
1780456786,162.077998
1780456786,158.772650
1780456786,199.295921
1780456786,122.082306
1780456786,139.061892
1780456786,154.967267
1780456786,125.426869
1780456786,116.463029
1780456786,111.028580
1780456786,155.570124
1780456786,112.810224
1780456786,112.114500
1780456786,136.584583
1780456786,123.663172
1780456786,155.923182
1780456786,112.259692
1780456786,156.346000
1780456786,116.835316
1780456786,114.305751
1780456786,115.394487
1780456786,116.477662
1780456786,155.635428
1780456786,154.141444
1780456786,117.170056
1780456786,126.201508
1780456786,118.049243
1780456786,114.622400
1780456786,136.483703
1780456786,116.216190
1780456786,137.971692
1780456786,117.712782
1780456786,116.976897
1780456786,115.921530
1780456786,158.236277
1780456786,116.605460
1780456786,155.396604
1780456786,117.617902
1780456786,107.185515
1780456786,107.596111
1780456786,107.884677
1780456786,108.440753
1780456786,115.849530
1780456786,111.336774
1780456786,141.182800
1780456786,109.387683
1780456786,142.118121
1780456786,141.745779
1780456786,143.457730
1780456786,113.514099
1780456786,113.731557
1780456786,113.142129
1780456786,128.272636
1780456786,118.603715
1780456786,158.652996
1780456786,118.299598
1780456786,115.096475
1780456786,117.493722
1780456786,117.450402
1780456786,109.794322
1780456786,149.607597
1780456786,117.907100
1780456786,130.888984
1780456786,117.173661
1780456786,109.319057
1780456786,117.774795
1780456786,108.754412
1780456786,139.001765
1780456786,130.365564
1780456786,110.894751
1780456786,118.215750
1780456786,131.781485
1780456786,125.072545
1780456786,112.647054
1780456786,118.430243
1780456786,119.379830
1780456786,117.484092
1780456786,120.147279
1780456786,117.928393
1780456786,124.471828
1780456786,130.348146
1780456786,117.474890
1780456786,161.890386
1780456786,119.229916
1780456786,124.462388
1780456786,148.652230
1780456786,116.882267
1780456786,106.996314
1780456786,130.819944
1780456786,147.236966
1780456786,131.432104
1780456786,120.224220
1780456786,114.171583
1780456786,129.181152
1780456786,118.699199
1780456786,126.799691
1780456786,108.114902
1780456786,127.043174
1780456786,126.990041
1780456786,118.779763
1780456786,131.431850
1780456786,113.393776
1780456786,133.893874
1780456786,122.396126
1780456786,108.362927
1780456786,113.713379
1780456786,122.874379
1780456786,108.526846
1780456786,116.680215
1780456786,124.365110
1780456786,117.494085
1780456786,117.724590
1780456786,112.436214
1780456786,108.596636
1780456786,127.901210
1780456786,113.842532
1780456786,117.540546
1780456786,115.890873
1780456786,149.869900
1780456786,115.154659
1780456786,125.297869
1780456786,105.589124
1780456786,149.323825
1780456786,122.433119
1780456786,135.688510
1780456786,151.032639
1780456786,119.635303
1780456786,127.081305
1780456786,117.344871
1780456786,127.684612
1780456786,128.201411
1780456786,108.654396
1780456786,123.587001
1780456786,108.912829
1780456786,110.360492
1780456786,120.712062
1780456786,119.307916
1780456786,128.607469
1780456786,111.728426
1780456786,127.911923
1780456786,128.321511
1780456786,115.312456
1780456786,116.487152
1780456786,116.475728
1780456786,124.906104
1780456786,110.298385
1780456786,113.763670
1780456786,132.317632
1780456786,109.224641
1780456786,110.386802
1780456786,127.924325
1780456786,124.254916
1780456786,137.273632
1780456786,129.148151
1780456786,146.642452
1780456786,144.141793
1780456786,119.689884
1780456786,108.046242
1780456786,124.724541
1780456786,105.515727
1780456786,136.966127
1780456786,118.884045
1780456786,136.985382
1780456786,131.814490
1780456786,115.681029
1780456786,114.812077
1780456786,114.483737
1780456786,114.094895
1780456786,114.074569
1780456786,113.837797
1780456786,122.270919
1780456786,125.201374
1780456786,140.918441
1780456786,125.126983
1780456786,142.946108
1780456786,133.185373
1780456786,118.804313
1780456786,142.859057
1780456786,126.758273
1780456786,123.137919
1780456786,138.362602
1780456786,127.286203
1780456786,104.172078
1780456786,128.130147
1780456786,105.665440
1780456786,141.257449
1780456786,103.664272
1780456786,104.690752
1780456786,104.049496
1780456786,103.239612
1780456786,103.008995
1780456786,117.335563
1780456786,115.512302
1780456786,106.157164
1780456786,106.352711
1780456786,106.270614
1780456786,106.384460
1780456786,105.509290
1780456786,106.496702
1780456786,107.091537
1780456786,106.800751
1780456786,107.617866
1780456786,113.987404
1780456786,113.724090
1780456786,114.325708
1780456786,114.342913
1780456786,114.619710
1780456786,106.913751
1780456786,114.469789
1780456786,113.454572
1780456786,113.992111
1780456786,113.850883
1780456786,114.984802
1780456786,107.762935
1780456786,120.902840
1780456786,124.258849
1780456786,120.769686
1780456786,116.338360
1780456786,124.446899
1780456786,116.531339
1780456786,120.645827
1780456786,117.868282
1780456786,121.387604
1780456786,121.660973
1780456786,115.229745
1780456786,119.783948
1780456786,115.263976
1780456786,116.552144
1780456786,115.247739
1780456786,116.533714
1780456786,116.436288
1780456786,116.788053
1780456786,116.654270
1780456786,114.321250
1780456786,128.773477
1780456786,128.874773
1780456786,126.240331
1780456786,126.325828
1780456786,111.484490
1780456786,126.472558
1780456786,129.430663
1780456786,128.220954
1780456786,117.370987
1780456786,115.567728
1780456786,117.476676
1780456786,115.689659
1780456786,118.315159
1780456786,115.676613
1780456786,117.312172
1780456786,108.767483
1780456786,116.992389
1780456786,117.490591
1780456786,117.158473
1780456786,111.578319
1780456786,116.871351
1780456786,103.185985
1780456786,122.514162
1780456786,102.908926
1780456786,122.762314
1780456786,123.098156
1780456786,122.933083
1780456786,103.169436
1780456786,123.173125
1780456786,103.282648
1780456786,121.980256
1780456786,122.116932
1780456786,122.242973
1780456786,123.817881
1780456786,123.913176
1780456786,124.691797
1780456786,148.651898
1780456786,149.198495
1780456786,149.252992
1780456786,148.979481
1780456786,148.436746
1780456786,148.552766
1780456786,149.182470
1780456786,149.143608
1780456786,142.342528
1780456786,136.243049
1780456786,142.492518
1780456786,133.895799
1780456786,140.931282
1780456786,139.442853
1780456786,140.777477
1780456786,111.410170
1780456786,148.827868
1780456786,111.528785
1780456786,141.149668
1780456786,123.741020
1780456786,149.293568
1780456786,116.082982
1780456786,125.697607
1780456786,123.885518
1780456786,125.511048
1780456786,121.311747
1780456786,125.807062
1780456786,117.023255
1780456786,106.859338
1780456786,125.938807
1780456786,106.826685
1780456786,106.889951
1780456786,117.102603
1780456786,126.879056
1780456786,110.747735
1780456786,126.122887
1780456786,108.234166
1780456786,135.086221
1780456786,108.305015
1780456786,109.545530
1780456786,135.207006
1780456786,135.275471
1780456786,109.628922
1780456786,121.625998
1780456786,126.272222
1780456786,120.641878
1780456786,122.476950
1780456786,121.104523
1780456786,106.875014
1780456786,124.667618
1780456786,125.839696
1780456786,147.174851
1780456786,148.807763
1780456786,146.052959
1780456786,139.987697
1780456786,144.637872
1780456786,146.133393
1780456786,143.737844
1780456786,138.407079
1780456786,142.787544
1780456786,148.449774
1780456786,137.016032
1780456786,137.103577
1780456786,140.105615
1780456786,140.927344
1780456786,138.256677
1780456786,138.576695
1780456786,133.357861
1780456786,138.656427
1780456786,141.552185
1780456786,139.040209
1780456786,139.158607
1780456786,125.526675
1780456786,139.949236
1780456786,116.168265
1780456786,139.853435
1780456786,119.930897
1780456786,119.888010
1780456786,139.979903
1780456786,119.844180
1780456786,141.255804
1780456786,137.583173
1780456786,140.546636
1780456786,139.438645
1780456786,143.193490
1780456786,139.523023
1780456786,144.230995
1780456786,139.601527
1780456786,129.704908
1780456786,123.336252
1780456786,129.721014
1780456786,140.071749
1780456786,110.418613
1780456786,125.975525
1780456786,110.372860
1780456786,126.457557
1780456786,129.860948
1780456786,140.264766
1780456786,128.736241
1780456786,133.214571
1780456786,130.008579
1780456786,133.140297
1780456786,118.981208
1780456786,130.025981
1780456786,131.193247
1780456786,112.480856
1780456786,112.468253
1780456786,119.527683
1780456786,105.526256
1780456786,105.485424
1780456786,105.462749
1780456786,119.547423
1780456786,118.457775
1780456786,130.503398
1780456786,130.659417
1780456786,129.936004
1780456786,132.501178
1780456786,129.766276
1780456786,132.865057
1780456786,128.806290
1780456786,128.816624
1780456786,133.401808
1780456786,129.232291
1780456786,103.924625
1780456786,129.243897
1780456786,134.266583
1780456786,120.026190
1780456786,120.132581
1780456786,134.536398
1780456786,129.505025
1780456786,117.900769
1780456786,129.245246
1780456786,133.812659
1780456786,129.458219
1780456786,117.119428
1780456786,133.410730
1780456786,128.677724
1780456786,106.489204
1780456786,128.877090
1780456786,133.945752
1780456786,108.297192
1780456786,126.616694
1780456786,105.328094
1780456786,134.384667
1780456786,125.884023
1780456786,105.501126
1780456786,127.053262
1780456786,107.153187
1780456786,134.419513
1780456786,126.185411
1780456786,104.733645
1780456786,106.264674
1780456786,106.341193
1780456786,124.284103
1780456786,124.500301
1780456786,123.791324
1780456786,134.151064
1780456786,105.180554
1780456786,131.695885
1780456786,104.891702
1780456786,105.118692
1780456786,105.583653
1780456786,103.871665
1780456786,124.919336
1780456786,112.206978
1780456786,125.085900
1780456786,112.604370
1780456786,124.160103
1780456786,109.902213
1780456786,135.240465
1780456786,124.338506
1780456786,105.738309
1780456786,124.604198
1780456786,111.875819
1780456786,135.342020
1780456786,136.807821
1780456786,135.975667
1780456786,135.011629
1780456786,111.495417
1780456786,112.976490
1780456786,107.178597
1780456786,135.922102
1780456786,116.436300
1780456786,111.210152
1780456786,110.268761
1780456786,118.308120
1780456786,109.262839
1780456786,116.959877
1780456786,135.859409
1780456786,115.745635
1780456786,136.072126
1780456786,117.679359
1780456786,117.523855
1780456786,135.420041
1780456786,117.885805
1780456786,107.986992
1780456786,116.703425
1780456786,108.171853
1780456786,115.620493
1780456786,115.922722
1780456786,115.111115
1780456786,107.972084
1780456786,108.161260
1780456786,108.343154
1780456786,133.585310
1780456786,113.903908
1780456786,115.297298
1780456786,114.336169
1780456786,109.448683
1780456786,113.467353
1780456786,108.344633
1780456786,107.681027
1780456786,106.962970
1780456786,113.560455
1780456786,107.632206
1780456786,104.204353
1780456786,126.582526
1780456786,125.509119
1780456786,147.954450
1780456786,147.201727
1780456786,125.652512
1780456786,148.738638
1780456786,139.828036
1780456786,107.091763
1780456786,148.943185
1780456786,139.942496
1780456786,148.144221
1780456786,149.071698
1780456786,125.599050
1780456786,141.244871
1780456786,143.481096
1780456786,127.067117
1780456786,125.714387
1780456786,127.159718
1780456786,127.298635
1780456786,127.302971
1780456786,147.573868
1780456786,124.095957
1780456786,125.808941
1780456786,143.980722
1780456786,127.320715
1780456786,127.058691
1780456786,127.145147
1780456786,127.544621
1780456786,127.268017
1780456786,127.546421
1780456786,141.746738
1780456786,123.928671
1780456786,124.305761
1780456786,138.111721
1780456786,140.633703
1780456786,141.905386
1780456786,107.745052
1780456786,124.140416
1780456786,124.239867
1780456786,127.547904
1780456786,115.665024
1780456786,125.982426
1780456786,124.410395
1780456786,138.297748
1780456786,126.537902
1780456786,126.258819
1780456786,144.430950
1780456786,138.489610
1780456786,143.535407
1780456786,124.808156
1780456786,126.694459
1780456786,111.985585
1780456786,143.590489
1780456786,112.141848
1780456786,124.777316
1780456786,112.127066
1780456786,106.991588
1780456786,124.673887
1780456786,114.777128
1780456786,124.784008
1780456786,117.208688
1780456786,138.666564
1780456786,124.872374
1780456786,118.476238
1780456786,109.663393
1780456786,126.877069
1780456786,113.490162
1780456786,126.694152
1780456786,114.821159
1780456786,120.002118
1780456786,113.587871
1780456786,140.097857
1780456786,108.588826
1780456786,141.282318
1780456786,115.025194
1780456786,127.014789
1780456786,125.279241
1780456786,124.718143
1780456786,116.271889
1780456786,125.349124
1780456786,127.125309
1780456786,103.558248
1780456786,117.554025
1780456786,141.493171
1780456786,115.362356
1780456786,103.472771
1780456786,115.348057
1780456786,115.524416
1780456786,115.838766
1780456786,103.093243
1780456786,115.919686
1780456786,114.976129
1780456786,113.994587
1780456786,101.855403
1780456786,102.967905
1780456786,113.699624
1780456786,112.886667
1780456786,113.050278
1780456786,103.071266
1780456786,113.459666
1780456786,112.583531
1780456786,112.890314
1780456786,102.894647
1780456786,104.390405
1780456786,113.511456
1780456786,103.486236
1780456786,111.280474
1780456786,113.819453
1780456786,112.857996
1780456786,111.874170
1780456786,110.852128
1780456786,111.038633
1780456786,111.214626
1780456786,132.930720
1780456786,132.988169
1780456786,131.903078
1780456786,119.501980
1780456786,119.676564
1780456786,109.255318
1780456786,123.399256
1780456786,119.660870
1780456786,130.799269
1780456786,110.748085
1780456786,132.174522
1780456786,118.498208
1780456786,120.958488
1780456786,108.200259
1780456786,119.738048
1780456786,121.070016
1780456786,112.166333
1780456786,121.181930
1780456786,118.516118
1780456786,118.640196
1780456786,119.990868
1780456786,122.480849
1780456786,111.601755
1780456786,114.311939
1780456786,111.713406
1780456786,114.545259
1780456786,112.045097
1780456786,114.737627
1780456786,112.372964
1780456786,113.701967
1780456786,115.161962
1780456786,111.228559
1780456786,110.132430
1780456786,115.578824
1780456786,110.470285
1780456786,110.649544
1780456786,113.230446
1780456786,109.629493
1780456786,114.802884
1780456786,117.409636
1780456786,115.159090
1780456786,108.991574
1780456786,115.241599
1780456786,109.079093
1780456786,107.903404
1780456786,107.682231
1780456786,107.949862
1780456786,151.803805
1780456786,150.904361
1780456786,151.241287
1780456786,107.999696
1780456786,115.826322
1780456786,107.915622
1780456786,114.910318
1780456786,108.014077
1780456786,115.137099
1780456786,107.994856
1780456786,114.135045
1780456786,108.165418
1780456786,107.736895
1780456786,114.486863
1780456786,114.670289
1780456786,105.650019
1780456786,110.929926
1780456786,113.972664
1780456786,114.281066
1780456786,111.274042
1780456786,111.243589
1780456786,113.160386
1780456786,113.467797
1780456786,110.824774
1780456786,112.440460
1780456786,111.627959
1780456786,112.379807
1780456786,111.341528
1780456786,111.422805
1780456786,199.538389
1780456786,199.937233
1780456786,199.912522
1780456786,112.786128
1780456786,111.688329
1780456786,196.883197
1780456786,199.543773
1780456786,196.914805
1780456786,186.931935
1780456786,195.739090
1780456786,198.327574
1780456786,197.114735
1780456786,198.524070
1780456786,111.612728
1780456786,195.819556
1780456786,185.847864
1780456786,195.921664
1780456786,195.853415
1780456786,187.035748
1780456786,197.213150
1780456786,188.566224
1780456786,197.297846
1780456786,188.174817
1780456786,174.969873
1780456786,189.284498
1780456786,175.087871
1780456786,191.045176
1780456786,175.520099
1780456786,190.714538
1780456786,176.961007
1780456786,188.936085
1780456786,177.050871
1780456786,165.633255
1780456786,176.815849
1780456786,169.846478
1780456786,169.758973
1780456786,164.488688
1780456786,144.788318
1780456786,154.731374
1780456786,175.913369
1780456786,165.895189
1780456786,175.621781
1780456786,167.058168
1780456786,175.730486
1780456786,175.780419
1780456786,175.643829
1780456786,175.901905
1780456786,113.360814
1780456786,175.937319
1780456786,145.372378
1780456786,112.336681
1780456786,145.947614
1780456786,176.199894
1780456786,145.796272
1780456786,176.325304
1780456786,176.413657
1780456786,156.648485
1780456786,166.379240
1780456786,176.520472
1780456786,156.651175
1780456786,171.894488
1780456786,174.936598
1780456786,178.096903
1780456786,176.228488
1780456786,186.002017
1780456786,113.552006
1780456786,178.417713
1780456786,175.118736
1780456786,186.767256
1780456786,175.198283
1780456786,114.306496
1780456786,187.379231
1780456786,178.571452
1780456786,178.481678
1780456786,176.809088
1780456786,110.720689
1780456786,136.839200
1780456786,124.225032
1780456786,115.252489
1780456786,136.923863
1780456786,125.607659
1780456786,114.447364
1780456786,137.064311
1780456786,115.496232
1780456786,138.281219
1780456786,112.340402
1780456786,118.042684
1780456786,138.422721
1780456786,123.157862
1780456786,139.794374
1780456786,124.407868
1780456786,139.689152
1780456786,113.741750
1780456786,141.080305
1780456786,124.453690
1780456786,146.563119
1780456786,135.960811
1780456786,124.573732
1780456786,143.400209
1780456786,115.435184
1780456786,137.365848
1780456786,114.304128
1780456786,126.056730
1780456786,138.595706
1780456786,122.188711
1780456786,146.622758
1780456786,126.011065
1780456786,147.011288
1780456786,147.203319
1780456786,126.128333
1780456786,140.103253
1780456786,116.028538
1780456786,142.476885
1780456786,117.484249
1780456786,166.296463
1780456786,122.289603
1780456786,147.257790
1780456786,118.649270
1780456786,146.647762
1780456786,127.519683
1780456786,166.519349
1780456786,167.654887
1780456786,126.295512
1780456786,166.508048
1780456786,112.580006
1780456786,147.098679
1780456786,126.421651
1780456786,146.945773
1780456786,113.897886
1780456786,128.973911
1780456786,167.851881
1780456786,128.923341
1780456786,146.951141
1780456786,117.724306
1780456786,141.773551
1780456786,127.917092
1780456786,147.127649
1780456786,129.291845
1780456786,147.439316
1780456786,131.717549
1780456786,160.866239
1780456786,119.325561
1780456786,147.606817
1780456786,128.009671
1780456786,114.405025
1780456786,129.250036
1780456786,110.253045
1780456786,129.409732
1780456786,113.652584
1780456786,114.357059
1780456786,121.707470
1780456786,111.105214
1780456786,129.456684
1780456786,113.641321
1780456786,137.238162
1780456786,114.287303
1780456786,112.610216
1780456786,115.207440
1780456786,113.108797
1780456786,115.171754
1780456786,112.070160
1780456786,113.574131
1780456786,111.368517
1780456786,111.256999
1780456786,110.588786
1780456786,114.191367
1780456786,111.114515
1780456786,110.981032
1780456786,150.380881
1780456786,114.457887
1780456786,110.983845
1780456786,114.117208
1780456786,111.973306
1780456786,150.873586
1780456786,111.415748
1780456786,151.079141
1780456786,114.127957
1780456786,110.527822
1780456786,119.202080
1780456786,114.583016
1780456786,110.247895
1780456786,152.076853
1780456786,119.636908
1780456786,111.874347
1780456787,110.534231
1780456787,114.907259
1780456787,115.280957
1780456787,114.974993
1780456787,110.634345
1780456787,117.654192
1780456787,117.688374
1780456787,118.700571
1780456787,114.892111
1780456787,147.283017
1780456787,152.161639
1780456787,152.009898
1780456787,152.270953
1780456787,161.497468
1780456787,151.795570
1780456787,151.864293
1780456787,151.751339
1780456787,161.612309
1780456787,147.584512
1780456787,113.974842
1780456787,150.658278
1780456787,152.210442
1780456787,152.488278
1780456787,111.809326
1780456787,147.643590
1780456787,117.283573
1780456787,114.979878
1780456787,117.555388
1780456787,148.900720
1780456787,114.296277
1780456787,117.778035
1780456787,117.870832
1780456787,114.904873
1780456787,117.879391
1780456787,114.862299
1780456787,117.073270
1780456787,123.446011
1780456787,112.526358
1780456787,118.503731
1780456787,114.742733
1780456787,114.879109
1780456787,118.465205
1780456787,117.181276
1780456787,119.763100
1780456787,119.895812
1780456787,118.163021
1780456787,119.940845
1780456787,120.065268
1780456787,116.810103
1780456787,118.424670
1780456787,114.380036
1780456787,118.181948
1780456787,123.281152
1780456787,115.022282
1780456787,122.946374
1780456787,121.123674
1780456787,121.937701
1780456787,121.297097
1780456787,120.950211
1780456787,120.888149
1780456787,120.331813
1780456787,120.711427
1780456787,120.605112
1780456787,121.998657
1780456787,120.612717
1780456787,120.955647
1780456787,120.388046
1780456787,122.280181
1780456787,122.218675
1780456787,123.943085
1780456787,123.881777
1780456787,123.698141
1780456787,125.466622
1780456787,123.811137
1780456787,125.041170
1780456787,123.700914
1780456787,124.259016
1780456787,122.190773
1780456787,160.878236
1780456787,155.829412
1780456787,124.441644
1780456787,123.101540
1780456787,153.725416
1780456787,123.249189
1780456787,125.562361
1780456787,153.928000
1780456787,125.440563
1780456787,131.235505
1780456787,162.376213
1780456787,127.353404
1780456787,125.067505
1780456787,131.680022
1780456787,122.417632
1780456787,122.508961
1780456787,161.137703
1780456787,125.029658
1780456787,131.928835
1780456787,156.108969
1780456787,123.666052
1780456787,125.592910
1780456787,155.210913
1780456787,122.531213
1780456787,123.019504
1780456787,128.151165
1780456787,125.959013
1780456787,153.103065
1780456787,119.634006
1780456787,128.411605
1780456787,153.504489
1780456787,123.204786
1780456787,125.853352
1780456787,122.950753
1780456787,128.496196
1780456787,124.020872
1780456787,126.027805
1780456787,162.858038
1780456787,122.827524
1780456787,123.469197
1780456787,122.880135
1780456787,129.258839
1780456787,153.261459
1780456787,122.683880
1780456787,123.550413
1780456787,129.595569
1780456787,123.377970
1780456787,120.619214
1780456787,129.618742
1780456787,155.179189
1780456787,134.150252
1780456787,129.561437
1780456787,134.450301
1780456787,129.666338
1780456787,155.543313
1780456787,134.305310
1780456787,129.845244
1780456787,135.355211
1780456787,134.308713
1780456787,153.595971
1780456787,130.628608
1780456787,134.396009
1780456787,134.810005
1780456787,129.323189
1780456787,134.899472
1780456787,124.409002
1780456787,151.602029
1780456787,127.691258
1780456787,129.446298
1780456787,133.896528
1780456787,131.070840
1780456787,135.184124
1780456787,130.885149
1780456787,150.894474
1780456787,131.417858
1780456787,126.840623
1780456787,129.860312
1780456787,134.265574
1780456787,135.464613
1780456787,124.431493
1780456787,134.456711
1780456787,131.297290
1780456787,151.326105
1780456787,134.526796
1780456787,131.983116
1780456787,127.290029
1780456787,132.067707
1780456787,151.782684
1780456787,131.380021
1780456787,128.468165
1780456787,136.166324
1780456787,149.677698
1780456787,127.825892
1780456787,131.040994
1780456787,136.438179
1780456787,136.482322
1780456787,154.089283
1780456787,127.723657
1780456787,128.440447
1780456787,149.436711
1780456787,145.938516
1780456787,128.961771
1780456787,129.125542
1780456787,128.988916
1780456787,137.112558
1780456787,136.874758
1780456787,135.064962
1780456787,146.032193
1780456787,133.691194
1780456787,144.977816
1780456787,133.891545
1780456787,144.265420
1780456787,143.169778
1780456787,139.000923
1780456787,143.566277
1780456787,140.735188
1780456787,137.799114
1780456787,141.825526
1780456787,131.029511
1780456787,137.881127
1780456787,131.361731
1780456787,146.043693
1780456787,138.907385
1780456787,141.676246
1780456787,141.350430
1780456787,134.785564
1780456787,140.308635
1780456787,135.290484
1780456787,140.472686
1780456787,132.496457
1780456787,137.807048
1780456787,138.013918
1780456787,133.293739
1780456787,139.993340
1780456787,143.978034
1780456787,136.001318
1780456787,136.798274
1780456787,142.383852
1780456787,138.207327
1780456787,144.138059
1780456787,141.940767
1780456787,144.470991
1780456787,137.016649
1780456787,141.710936
1780456787,139.550663
1780456787,145.111951
1780456787,137.646861
1780456787,145.820275
1780456787,140.733075
1780456787,146.058626
1780456787,139.524612
1780456787,142.507591
1780456787,145.421250
1780456787,141.539321
1780456787,145.786947
1780456787,141.277150
1780456787,138.547567
1780456787,139.965565
1780456787,141.293752
1780456787,140.648095
1780456787,147.203630
1780456787,147.260321
1780456787,144.044016
1780456787,139.043343
1780456787,140.510976
1780456787,144.198076
1780456787,147.629929
1780456787,141.260756
1780456787,138.863168
1780456787,142.371001
1780456787,147.801370
1780456787,140.443503
1780456787,146.760660
1780456787,144.385518
1780456787,147.247938
1780456787,144.571643
1780456787,148.489392
1780456787,142.777975
1780456787,146.039977
1780456787,148.402794
1780456787,139.596920
1780456787,138.867760
1780456787,144.080349
1780456787,138.818210
1780456787,141.694777
1780456787,144.378432
1780456787,140.392331
1780456787,139.441105
1780456787,141.844605
1780456787,144.986007
1780456787,144.871883
1780456787,139.827678
1780456787,143.910969
1780456787,140.543134
1780456787,142.025863
1780456787,145.446894
1780456787,138.109850
1780456787,141.354125
1780456787,139.112583
1780456787,141.389034
1780456787,145.807955
1780456787,142.517457
1780456787,145.856862
1780456787,145.648887
1780456787,145.152272
1780456787,149.464984
1780456787,145.140856
1780456787,141.005911
1780456787,140.438467
1780456787,136.660488
1780456787,140.122223
1780456787,145.495086
1780456787,146.508542
1780456787,147.930240
1780456787,141.366964
1780456787,146.606890
1780456787,143.258607
1780456787,146.586660
1780456787,142.438982
1780456787,148.666226
1780456787,145.165915
1780456787,142.301862
1780456787,146.759550
1780456787,143.383897
1780456787,149.022257
1780456787,146.319687
1780456787,146.290169
1780456787,149.061323
1780456787,140.334885
1780456787,147.621618
1780456787,143.393304
1780456787,147.504907
1780456787,145.597221
1780456787,147.431494
1780456787,143.714567
1780456787,139.649610
1780456787,145.604639
1780456787,145.791783
1780456787,145.888543
1780456787,153.908446
1780456787,138.113366
1780456787,154.476816
1780456787,148.937838
1780456787,153.837340
1780456787,148.334401
1780456787,146.866126
1780456787,143.380068
1780456787,144.210418
1780456787,145.931622
1780456787,147.456778
1780456787,145.770893
1780456787,145.758275
1780456787,155.745400
1780456787,155.728676
1780456787,152.866703
1780456787,152.651841
1780456787,152.526016
1780456787,152.188198
1780456787,155.742740
1780456787,155.150530
1780456787,155.207586
1780456787,154.410480
1780456787,154.267014
1780456787,153.794691
1780456787,154.336261
1780456787,150.029828
1780456787,139.816111
1780456787,139.794371
1780456787,136.528699
1780456787,149.716895
1780456787,149.762514
1780456787,150.087686
1780456787,150.780844
1780456787,155.577734
1780456787,151.658487
1780456787,151.901492
1780456787,156.761891
1780456787,151.299841
1780456787,152.217662
1780456787,156.207256
1780456787,159.643521
1780456787,152.183221
1780456787,156.594181
1780456787,154.335968
1780456787,149.433880
1780456787,149.712232
1780456787,157.390718
1780456787,149.734595
1780456787,149.495444
1780456787,149.623083
1780456787,150.226425
1780456787,155.382838
1780456787,150.502093
1780456787,149.956732
1780456787,155.894823
1780456787,159.287649
1780456787,151.662271
1780456787,133.349286
1780456787,156.418935
1780456787,156.948640
1780456787,158.283397
1780456787,156.759725
1780456787,156.540403
1780456787,159.016751
1780456787,156.682771
1780456787,164.121445
1780456787,164.078252
1780456787,163.887217
1780456787,165.718322
1780456787,156.455877
1780456787,164.132080
1780456787,157.288942
1780456787,157.515251
1780456787,157.584778
1780456787,157.951440
1780456787,161.022317
1780456787,168.502789
1780456787,169.018775
1780456787,162.028298
1780456787,169.316781
1780456787,162.167212
1780456787,160.090529
1780456787,162.514047
1780456787,120.052961
1780456787,120.017513
1780456787,162.957755
1780456787,136.215911
1780456787,161.331988
1780456787,125.495470
1780456787,160.995687
1780456787,170.662687
1780456787,170.979203
1780456787,143.221015
1780456787,171.314980
1780456787,137.606681
1780456787,143.372576
1780456787,138.781793
1780456787,143.396610
1780456787,170.978859
1780456787,147.632230
1780456787,138.903451
1780456787,136.540251
1780456787,138.990753
1780456787,157.617653
1780456787,168.259877
1780456787,168.514278
1780456787,168.396972
1780456787,168.718770
1780456787,168.323472
1780456787,161.070283
1780456787,168.569487
1780456787,161.211509
1780456787,168.913072
1780456787,161.428170
1780456787,157.162988
1780456787,171.235960
1780456787,171.336221
1780456787,171.082081
1780456787,171.621062
1780456787,170.828846
1780456787,109.335637
1780456787,166.728700
1780456787,171.658933
1780456787,166.391637
1780456787,112.366582
1780456787,168.541300
1780456787,171.484117
1780456787,172.394133
1780456787,170.088250
1780456787,174.922876
1780456787,174.166099
1780456787,172.858397
1780456787,175.687327
1780456787,174.652486
1780456787,173.935455
1780456787,174.532349
1780456787,172.791964
1780456787,175.156458
1780456787,180.467532
1780456787,182.114301
1780456787,178.512589
1780456787,179.785119
1780456787,172.062590
1780456787,174.706758
1780456787,171.951569
1780456787,182.101699
1780456787,172.397884
1780456787,172.698432
1780456787,182.427259
1780456787,178.445663
1780456787,162.073198
1780456787,178.700432
1780456787,163.515978
1780456787,157.425846
1780456787,178.382471
1780456787,157.453467
1780456787,161.925949
1780456787,163.560110
1780456787,162.356965
1780456787,180.729221
1780456787,180.300494
1780456787,173.502596
1780456787,175.640583
1780456787,173.608313
1780456787,178.406561
1780456787,175.714254
1780456787,175.859617
1780456787,179.923441
1780456787,178.445542
1780456787,187.572721
1780456787,180.330383
1780456787,181.933292
1780456787,180.003670
1780456787,179.594055
1780456787,186.601712
1780456787,180.635980
1780456787,186.471805
1780456787,171.619696
1780456787,168.990989
1780456787,177.908092
1780456787,180.521277
1780456787,183.921748
1780456787,179.152213
1780456787,180.863128
1780456787,181.140061
1780456787,183.784698
1780456787,180.925206
1780456787,176.819655
1780456787,175.392158
1780456787,182.120700
1780456787,185.151951
1780456787,182.339207
1780456787,186.037370
1780456787,180.348571
1780456787,178.051516
1780456787,185.785373
1780456787,168.024592
1780456787,188.354505
1780456787,178.635598
1780456787,179.074270
1780456787,178.478389
1780456787,186.073389
1780456787,187.729882
1780456787,160.389009
1780456787,168.302921
1780456787,162.253149
1780456787,185.172255
1780456787,179.188542
1780456787,185.650447
1780456787,165.760481
1780456787,179.031926
1780456787,165.804987
1780456787,187.978750
1780456787,169.937727
1780456787,188.635865
1780456787,179.617348
1780456787,184.819788
1780456787,170.053149
1780456787,178.483182
1780456787,182.409093
1780456787,178.445497
1780456787,179.466306
1780456787,175.842939
1780456787,178.651427
1780456787,177.420728
1780456787,178.489989
1780456787,178.620504
1780456787,184.728112
1780456787,178.551072
1780456787,178.823418
1780456787,184.984689
1780456787,184.301968
1780456787,184.412948
1780456787,183.061816
1780456787,190.571937
1780456787,186.077788
1780456787,190.475340
1780456787,193.559705
1780456787,182.638788
1780456787,192.567704
1780456787,193.076614
1780456787,180.409658
1780456787,192.980216
1780456787,161.007101
1780456787,146.811102
1780456787,145.577765
1780456787,149.860085
1780456787,178.370664
1780456787,194.806765
1780456787,192.987448
1780456787,163.118707
1780456787,193.363643
1780456787,164.332246
1780456787,193.231254
1780456787,178.720725
1780456787,193.896082
1780456787,188.502916
1780456787,192.930428
1780456787,190.049552
1780456787,198.551152
1780456787,191.046445
1780456787,190.552534
1780456787,189.915836
1780456787,193.411279
1780456787,117.145455
1780456787,193.303284
1780456787,187.682343
1780456787,202.398956
1780456787,192.011759
1780456787,192.949311
1780456787,192.639671
1780456787,198.187689
1780456787,192.319801
1780456787,198.839798
1780456787,200.283081
1780456787,202.621630
1780456787,199.613951
1780456787,193.170399
1780456787,193.145446
1780456787,200.996468
1780456787,197.898904
1780456787,203.245183
1780456787,195.064359
1780456787,205.318597
1780456787,180.053438
1780456787,205.157580
1780456787,204.760731
1780456787,172.564088
1780456787,162.983337
1780456787,204.924757
1780456787,163.088598
1780456787,204.050271
1780456787,171.595052
1780456787,188.645667
1780456787,159.757539
1780456787,186.752386
1780456787,202.717339
1780456787,179.387167
1780456787,205.557302
1780456787,204.907707
1780456787,187.000251
1780456787,202.200525
1780456787,205.537446
1780456787,187.349282
1780456787,175.385306
1780456787,187.335617
1780456787,179.655585
1780456787,196.794553
1780456787,187.594287
1780456787,202.629436
1780456787,203.660623
1780456787,189.519965
1780456787,200.611139
1780456787,205.320679
1780456787,192.728830
1780456787,202.055560
1780456787,206.800581
1780456787,207.082469
1780456787,207.232510
1780456787,202.248929
1780456787,199.412872
1780456787,207.621564
1780456787,203.841062
1780456787,200.677950
1780456787,204.628953
1780456787,201.181312
1780456787,201.207094
1780456787,205.596365
1780456787,201.698369
1780456787,205.663252
1780456787,200.425456
1780456787,195.446407
1780456787,190.099964
1780456787,191.293045
1780456787,195.623828
1780456787,226.120581
1780456787,207.256245
1780456787,208.411383
1780456787,209.797808
1780456787,210.204014
1780456787,213.455969
1780456787,226.041789
1780456787,228.817914
1780456787,209.877413
1780456787,228.403493
1780456787,229.434940
1780456787,220.872632
1780456787,220.897728
1780456787,229.017757
1780456787,221.290465
1780456787,228.752788
1780456787,231.090323
1780456787,231.382986
1780456787,228.331696
1780456787,223.297346
1780456787,229.910597
1780456787,212.943758
1780456787,223.887415
1780456787,213.005301
1780456787,227.629737
1780456787,227.351782
1780456787,223.551710
1780456787,221.421250
1780456787,228.203225
1780456787,227.543799
1780456787,217.968991
1780456787,223.788219
1780456787,211.512859
1780456787,228.641988
1780456787,231.285391
1780456787,228.304064
1780456787,224.533744
1780456787,215.947678
1780456787,229.841095
1780456787,228.939873
1780456787,223.128279
1780456787,220.349874
1780456787,163.263570
1780456787,220.715939
1780456787,238.517784
1780456787,214.484154
1780456787,218.993509
1780456787,220.669860
1780456787,208.047006
1780456787,219.512141
1780456787,224.393491
1780456787,238.461154
1780456787,238.875258
1780456787,237.056240
1780456787,239.524897
1780456787,209.363994
1780456787,226.080448
1780456787,229.770274
1780456787,228.803261
1780456787,225.594342
1780456787,228.444220
1780456787,213.586308
1780456787,229.230409
1780456787,218.197563
1780456787,238.237655
1780456787,237.596959
1780456787,237.478756
1780456787,240.177917
1780456787,237.525058
1780456787,235.524291
1780456787,234.812721
1780456787,225.386877
1780456787,236.325508
1780456787,238.006851
1780456787,238.590658
1780456787,232.551574
1780456787,148.987907
1780456787,245.841236
1780456787,209.032578
1780456787,127.915020
1780456787,237.921880
1780456787,199.415386
1780456787,212.528812
1780456787,238.248961
1780456787,238.483929
1780456787,239.666318
1780456787,238.067976
1780456787,243.055066
1780456787,235.711685
1780456787,218.573920
1780456787,245.290531
1780456787,120.408116
1780456787,120.485925
1780456787,120.573416
1780456787,120.475255
1780456787,246.083780
1780456787,120.601494
1780456787,245.356491
1780456787,120.846562
1780456787,236.498036
1780456787,243.899031
1780456787,229.173476
1780456787,246.147541
1780456787,205.417841
1780456787,130.549273
1780456787,221.587692
1780456787,214.135645
1780456787,221.864164
1780456787,224.204470
1780456787,229.383330
1780456787,229.510468
1780456787,121.325463
1780456787,229.701917
1780456787,230.094773
1780456787,126.976126
1780456787,127.095047
1780456787,133.934066
1780456787,115.508513
1780456787,115.564616
1780456787,134.262809
1780456787,134.147887
1780456787,134.415040
1780456787,115.684595
1780456787,115.626423
1780456787,115.862402
1780456787,116.071915
1780456787,115.788097
1780456787,118.580462
1780456787,118.232668
1780456787,118.562011
1780456787,119.488454
1780456787,250.195000
1780456787,253.662620
1780456787,250.263192
1780456787,209.161637
1780456787,257.740644
1780456787,247.709055
1780456787,250.521352
1780456787,233.536711
1780456787,260.277104
1780456787,143.230916
1780456787,260.321916
1780456787,143.415959
1780456787,260.970284
1780456787,245.649402
1780456787,253.527782
1780456787,143.608501
1780456787,253.749545
1780456787,253.878287
1780456787,261.598313
1780456787,261.463818
1780456787,143.901532
1780456787,246.536250
1780456787,250.868223
1780456787,254.159138
1780456787,144.098808
1780456787,251.108303
1780456787,254.608799
1780456787,251.142011
1780456787,248.594161
1780456787,217.838336
1780456787,246.449628
1780456787,228.973510
1780456787,234.689423
1780456787,234.696146
1780456787,234.806711
1780456787,237.897622
1780456787,237.934893
1780456787,235.030810
1780456787,242.656817
1780456787,242.783577
1780456787,242.861457
1780456787,243.001717
1780456787,243.127945
1780456787,243.128727
1780456787,243.225766
1780456787,259.721777
1780456787,260.140759
1780456787,246.681847
1780456787,261.600413
1780456787,260.672928
1780456787,262.075564
1780456787,176.505666
1780456787,230.976898
1780456787,233.218779
1780456787,243.612672
1780456787,245.057755
1780456787,245.318777
1780456787,238.788968
1780456787,110.245020
1780456787,110.037392
1780456787,110.101256
1780456787,110.342640
1780456787,110.268579
1780456787,110.289220
1780456787,110.107297
1780456787,111.810591
1780456787,111.832540
1780456787,111.929778
1780456787,112.190291
1780456787,112.252811
1780456787,133.033848
1780456787,109.528123
1780456787,111.200503
1780456787,111.232113
1780456787,111.455176
1780456787,111.460438
1780456787,111.594615
1780456787,111.719902
1780456787,111.578213
1780456787,114.266845
1780456787,114.756411
1780456787,112.735595
1780456787,113.988304
1780456787,272.144026
1780456787,272.489850
1780456787,272.527403
1780456787,259.568938
1780456787,270.849791
1780456787,265.432694
1780456787,113.326191
1780456787,113.234427
1780456787,271.278920
1780456787,275.494835
1780456787,262.031829
1780456787,275.558754
1780456787,275.412121
1780456787,274.368840
1780456787,260.594417
1780456787,263.404906
1780456787,276.485594
1780456787,275.061581
1780456787,276.503842
1780456787,117.562564
1780456787,275.504204
1780456787,117.390274
1780456787,118.056369
1780456787,117.787256
1780456787,139.250049
1780456787,139.359740
1780456787,139.276788
1780456787,115.550707
1780456787,139.427882
1780456787,139.360279
1780456787,139.560706
1780456787,115.747661
1780456787,139.592129
1780456787,118.772629
1780456787,139.438754
1780456787,276.014961
1780456787,277.366263
1780456787,151.965361
1780456787,152.623738
1780456787,152.972099
1780456787,118.588551
1780456787,118.675629
1780456787,118.558626
1780456787,183.278611
1780456787,118.759392
1780456787,118.886005
1780456787,118.222399
1780456787,118.387375
1780456787,118.350582
1780456787,118.485943
1780456787,118.569048
1780456787,118.832685
1780456787,118.280570
1780456787,118.866068
1780456787,118.779489
1780456787,118.569432
1780456787,115.994221
1780456787,115.275821
1780456787,117.269161
1780456787,127.713751
1780456787,127.685911
1780456787,107.956020
1780456787,128.049453
1780456787,112.573716
1780456787,129.049363
1780456787,108.194184
1780456787,112.700099
1780456787,128.783783
1780456787,109.206587
1780456787,129.275607
1780456787,112.790878
1780456787,129.202063
1780456787,124.755870
1780456787,107.839333
1780456787,128.691666
1780456787,107.809248
1780456787,129.876174
1780456787,124.526701
1780456787,113.944994
1780456787,113.982470
1780456787,113.989503
1780456787,113.351553
1780456787,114.014040
1780456787,108.554327
1780456787,124.697266
1780456787,108.425880
1780456787,108.314367
1780456787,108.706637
1780456787,116.262421
1780456787,113.122775
1780456787,116.272710
1780456787,116.621940
1780456787,116.428994
1780456787,117.321450
1780456787,116.238291
1780456787,116.330603
1780456787,117.481520
1780456787,116.395942
1780456787,116.492254
1780456787,116.525763
1780456787,116.600005
1780456787,116.672473
1780456787,108.142148
1780456787,108.266570
1780456787,116.800494
1780456787,116.769809
1780456787,108.485093
1780456787,117.004290
1780456787,117.024870
1780456787,119.768406
1780456787,115.043691
1780456787,117.201024
1780456787,116.919906
1780456787,117.204292
1780456787,116.676836
1780456787,132.210161
1780456787,123.459918
1780456787,123.542889
1780456787,123.494019
1780456787,134.187916
1780456787,134.110957
1780456787,133.836132
1780456787,133.843115
1780456787,134.039142
1780456787,133.995841
1780456787,133.999299
1780456787,134.229993
1780456787,134.316963
1780456787,130.703592
1780456787,138.227339
1780456787,138.168616
1780456787,129.456614
1780456787,139.614089
1780456787,137.701893
1780456787,138.411591
1780456787,130.870382
1780456787,138.399892
1780456787,139.080852
1780456787,138.954625
1780456787,138.966401
1780456787,139.070052
1780456787,128.522290
1780456787,131.514994
1780456787,131.735811
1780456787,131.684759
1780456787,131.929673
1780456787,131.764152
1780456787,132.050614
1780456787,132.025264
1780456787,132.155255
1780456787,131.941920
1780456787,132.026095
1780456787,132.110388
1780456787,133.410641
1780456787,133.469068
1780456787,131.724809
1780456787,139.325976
1780456787,139.612717
1780456787,139.778897
1780456787,115.788173
1780456787,118.642471
1780456787,115.152345
1780456787,132.791978
1780456787,132.396132
1780456787,115.430229
1780456787,129.432677
1780456787,131.663800
1780456787,132.514957
1780456787,132.618272
1780456787,132.706492
1780456787,133.158634
1780456787,115.749891
1780456787,132.577785
1780456787,128.331362
1780456787,114.299288
1780456787,132.823233
1780456787,115.275316
1780456787,131.971737
1780456787,129.177236
1780456787,132.973937
1780456787,129.439649
1780456787,127.596270
1780456787,133.118678
1780456787,129.018557
1780456787,113.863458
1780456787,127.764097
1780456787,133.320713
1780456787,133.347472
1780456787,131.484649
1780456787,131.487203
1780456787,113.923741
1780456787,126.473781
1780456787,128.591135
1780456787,126.674379
1780456787,113.785077
1780456787,106.462846
1780456787,132.378151
1780456787,128.898656
1780456787,128.847213
1780456787,127.417046
1780456787,127.877591
1780456787,128.894282
1780456787,106.396597
1780456787,107.918241
1780456787,128.649981
1780456787,127.628866
1780456787,129.716330
1780456787,125.814294
1780456787,125.249510
1780456787,123.775280
1780456787,112.525135
1780456787,121.483976
1780456787,124.303559
1780456787,121.586794
1780456787,121.149982
1780456787,129.370693
1780456787,132.360432
1780456787,132.299065
1780456787,121.577369
1780456787,133.608054
1780456787,121.504777
1780456787,118.204746
1780456787,122.332071
1780456787,120.923795
1780456787,118.152084
1780456787,121.475943
1780456787,118.862937
1780456787,118.875844
1780456787,119.962619
1780456787,119.977614
1780456787,119.789700
1780456787,120.195847
1780456787,119.592233
1780456787,119.534634
1780456787,134.166237
1780456787,117.245229
1780456787,130.909205
1780456787,132.043836
1780456787,117.461009
1780456787,132.293340
1780456787,132.392337
1780456787,120.204744
1780456787,120.236002
1780456787,131.481950
1780456787,137.903008
1780456787,124.401877
1780456787,135.752765
1780456787,134.960492
1780456787,123.994171
1780456787,118.056532
1780456787,108.470776
1780456787,106.980356
1780456787,107.218249
1780456787,117.350361
1780456787,116.907176
1780456787,107.829668
1780456787,107.535976
1780456787,115.508131
1780456787,115.739138
1780456787,115.375138
1780456787,114.389106
1780456787,113.148879
1780456787,113.064865
1780456787,107.765624
1780456787,112.933192
1780456787,112.351632
1780456787,107.827637
1780456787,112.239177
1780456787,111.421777
1780456787,107.668439
1780456787,110.896873
1780456787,107.785954
1780456787,107.007799
1780456787,107.945462
1780456787,107.964839
1780456787,107.879239
1780456787,107.933898
1780456787,107.661942
1780456787,107.869562
1780456787,122.295661
1780456787,121.978769
1780456787,107.683638
1780456787,107.721754
1780456787,118.637320
1780456787,110.261622
1780456787,110.058562
1780456787,118.271915
1780456787,110.272412
1780456787,108.489550
1780456787,110.622561
1780456787,118.024097
1780456787,110.576213
1780456787,114.160994
1780456787,115.179463
1780456787,115.922278
1780456787,106.534081
1780456787,119.036244
1780456787,117.599473
1780456787,147.937396
1780456787,138.736090
1780456787,139.115867
1780456787,139.337404
1780456787,148.321653
1780456787,122.977144
1780456787,117.847078
1780456787,139.832503
1780456787,139.872351
1780456787,115.332715
1780456787,120.682747
1780456787,140.091298
1780456787,148.905587
1780456787,119.673913
1780456787,141.169332
1780456787,140.310904
1780456787,148.454412
1780456787,111.918483
1780456787,112.109136
1780456787,140.623837
1780456787,116.795177
1780456787,149.079686
1780456787,141.871726
1780456787,140.927696
1780456787,141.951581
1780456787,148.983011
1780456787,115.281201
1780456787,141.204221
1780456787,114.219139
1780456787,148.442584
1780456787,142.283464
1780456787,148.813114
1780456787,113.310900
1780456787,146.768302
1780456787,142.496544
1780456787,141.824645
1780456787,142.589244
1780456787,146.951410
1780456787,122.828935
1780456787,123.150349
1780456787,142.178976
1780456787,142.387170
1780456787,117.871541
1780456787,143.027952
1780456787,118.052306
1780456787,125.862155
1780456787,143.391810
1780456787,154.369583
1780456787,146.620788
1780456787,146.673265
1780456787,123.628608
1780456787,153.871146
1780456787,142.987122
1780456787,114.885994
1780456787,152.570801
1780456787,144.112002
1780456787,114.312230
1780456787,146.576776
1780456787,152.665345
1780456787,145.304995
1780456787,123.552411
1780456787,136.589852
1780456787,147.919410
1780456787,136.295390
1780456787,144.114707
1780456787,145.517243
1780456787,144.523281
1780456787,113.496218
1780456787,137.470813
1780456787,145.471191
1780456787,145.389907
1780456787,145.645030
1780456787,146.766890
1780456787,145.392977
1780456787,137.712994
1780456787,146.734207
1780456787,142.360903
1780456787,110.394114
1780456787,113.557681
1780456787,110.431043
1780456787,110.570722
1780456787,110.588902
1780456787,110.763031
1780456787,137.394207
1780456787,135.583972
1780456787,145.246188
1780456787,114.598797
1780456787,149.231659
1780456787,149.508496
1780456787,156.446295
1780456787,143.850620
1780456787,145.566142
1780456787,130.384902
1780456787,131.722681
1780456787,113.755341
1780456787,131.772263
1780456787,132.016587
1780456787,132.156462
1780456787,115.162446
1780456787,132.342730
1780456787,132.406052
1780456787,124.745263
1780456787,124.587635
1780456787,124.708782
1780456787,124.730827
1780456787,115.360227
1780456787,148.663147
1780456787,146.155344
1780456787,147.457932
1780456787,115.434890
1780456787,132.803719
1780456787,131.005412
1780456787,144.960393
1780456787,129.740710
1780456787,131.748115
1780456787,132.021672
1780456787,151.524584
1780456787,146.561871
1780456787,151.625193
1780456787,150.480677
1780456787,151.794348
1780456787,151.902988
1780456787,151.897200
1780456787,150.676690
1780456787,147.100704
1780456787,142.638616
1780456787,143.216284
1780456787,133.112317
1780456787,135.569334
1780456787,135.486457
1780456787,132.499506
1780456787,135.770454
1780456787,135.763282
1780456787,135.890742
1780456787,135.742455
1780456787,133.793332
1780456787,135.812600
1780456787,143.932199
1780456787,137.258876
1780456787,146.259311
1780456787,146.721535
1780456787,146.965598
1780456787,134.134713
1780456787,136.132247
1780456787,134.304372
1780456787,148.193502
1780456787,134.597955
1780456787,137.384485
1780456787,134.713039
1780456787,135.055095
1780456787,135.713714
1780456787,135.682834
1780456787,135.325597
1780456787,134.262866
1780456787,134.520258
1780456787,134.171384
1780456787,134.819855
1780456787,134.960302
1780456787,134.233554
1780456787,135.813066
1780456787,136.937264
1780456787,134.662777
1780456787,143.671343
1780456787,136.666467
1780456787,169.752550
1780456787,137.227474
1780456787,138.968719
1780456787,137.604783
1780456787,139.054160
1780456787,137.643959
1780456787,136.700549
1780456787,168.690483
1780456787,137.151388
1780456787,138.651156
1780456787,141.636987
1780456787,143.916583
1780456787,173.850032
1780456787,143.272911
1780456787,176.015444
1780456787,144.165367
1780456787,176.107231
1780456787,144.882309
1780456787,176.338330
1780456787,146.008037
1780456787,146.970957
1780456787,137.850468
1780456787,147.680847
1780456787,139.413910
1780456787,175.231836
1780456787,139.423182
1780456787,158.759817
1780456787,159.027140
1780456787,159.177640
1780456787,159.535951
1780456787,159.347064
1780456787,159.425327
1780456787,159.687546
1780456787,160.308272
1780456787,158.921038
1780456787,135.339809
1780456787,140.673436
1780456787,132.336301
1780456787,132.420536
1780456787,148.920705
1780456787,132.525612
1780456787,133.713109
1780456787,135.671219
1780456787,135.083952
1780456787,135.776259
1780456787,139.374413
1780456787,157.694356
1780456787,167.446835
1780456787,139.974764
1780456787,167.518852
1780456787,139.325508
1780456787,138.453721
1780456787,140.846296
1780456787,141.695038
1780456787,140.750668
1780456787,140.906788
1780456787,141.811783
1780456787,143.016246
1780456787,137.470997
1780456787,137.528292
1780456787,158.285232
1780456787,163.020535
1780456787,167.144565
1780456787,167.948429
1780456787,137.795047
1780456787,141.442299
1780456787,141.091255
1780456787,146.477204
1780456787,145.655729
1780456787,146.930486
1780456787,147.557006
1780456787,141.221423
1780456787,121.629479
1780456787,118.897218
1780456787,142.105827
1780456787,118.925338
1780456787,137.053251
1780456787,119.098958
1780456787,137.769987
1780456787,140.855504
1780456787,152.267833
1780456787,142.283608
1780456787,142.981737
1780456787,142.379837
1780456787,142.455886
1780456787,152.439516
1780456787,135.056159
1780456787,142.933908
1780456787,142.694697
1780456787,135.095266
1780456787,142.366208
1780456787,126.600817
1780456787,142.642734
1780456787,152.002149
1780456787,156.980908
1780456787,135.665697
1780456787,125.723100
1780456787,151.992213
1780456787,142.598500
1780456787,155.570888
1780456787,145.198071
1780456787,145.208647
1780456787,145.232452
1780456787,145.327374
1780456787,145.407355
1780456787,143.814344
1780456787,133.023021
1780456787,136.840999
1780456787,135.672099
1780456787,136.960410
1780456787,144.544999
1780456787,151.100287
1780456787,154.279736
1780456787,145.744417
1780456787,138.655024
1780456787,145.434627
1780456787,124.376955
1780456787,145.625555
1780456787,146.707478
1780456787,146.673244
1780456787,147.086478
1780456787,147.161765
1780456787,142.080637
1780456787,136.418251
1780456787,145.349069
1780456787,144.566483
1780456787,147.347951
1780456787,145.977333
1780456787,165.793642
1780456787,136.727447
1780456787,125.021359
1780456787,146.344053
1780456787,125.102816
1780456787,125.293646
1780456787,146.302616
1780456787,125.439171
1780456787,126.578908
1780456787,126.681844
1780456787,126.696338
1780456787,126.897271
1780456787,146.382112
1780456787,146.634705
1780456787,141.062285
1780456787,128.306359
1780456787,128.402691
1780456787,129.847817
1780456787,152.044375
1780456787,168.205332
1780456787,148.004797
1780456787,112.927484
1780456787,114.128218
1780456787,137.536961
1780456787,168.632419
1780456787,148.268064
1780456787,114.407109
1780456787,143.435984
1780456787,148.410084
1780456787,115.488137
1780456787,147.341253
1780456787,121.438143
1780456787,168.391898
1780456787,138.009180
1780456787,115.287057
1780456787,168.462887
1780456787,113.363260
1780456787,168.343008
1780456787,113.466257
1780456787,148.309790
1780456787,148.529151
1780456787,146.489834
1780456787,143.289631
1780456787,160.397379
1780456787,168.285782
1780456787,136.536164
1780456787,163.410852
1780456787,136.204449
1780456787,151.653362
1780456787,172.077435
1780456787,135.834805
1780456787,136.082873
1780456787,151.889721
1780456787,151.704282
1780456787,151.986403
1780456787,134.793762
1780456787,140.896729
1780456787,142.272627
1780456787,109.585053
1780456787,110.293278
1780456787,137.084455
1780456787,136.871798
1780456787,153.462581
1780456787,114.851130
1780456787,152.368397
1780456787,137.952264
1780456787,113.630880
1780456787,146.341394
1780456787,152.543687
1780456787,151.655169
1780456787,153.813070
1780456787,115.503021
1780456787,115.575839
1780456787,142.742030
1780456787,151.286924
1780456787,173.290060
1780456787,164.651503
1780456787,173.222827
1780456787,173.355300
1780456787,112.299552
1780456787,113.649001
1780456787,173.533321
1780456787,145.563835
1780456787,129.252028
1780456787,124.327357
1780456787,130.099801
1780456787,131.662959
1780456787,131.738439
1780456787,131.734546
1780456787,134.530857
1780456787,142.097896
1780456787,135.888810
1780456787,139.094326
1780456787,139.986593
1780456787,134.785808
1780456787,128.271616
1780456787,124.938145
1780456787,174.054802
1780456787,124.890440
1780456787,174.368859
1780456787,125.455366
1780456787,125.329530
1780456787,124.897781
1780456787,126.773300
1780456787,123.837359
1780456787,110.216046
1780456787,128.294314
1780456787,126.455908
1780456787,106.736048
1780456787,126.680144
1780456787,122.470077
1780456787,139.888933
1780456787,126.497531
1780456787,120.774995
1780456787,147.367370
1780456787,126.945610
1780456787,144.887283
1780456787,157.001542
1780456787,157.111253
1780456787,157.416574
1780456787,107.997544
1780456787,127.178711
1780456787,156.014744
1780456787,114.011196
1780456787,133.488435
1780456787,134.999970
1780456787,177.374395
1780456787,125.565347
1780456787,148.022426
1780456787,156.788961
1780456787,108.440239
1780456787,177.746226
1780456787,120.262182
1780456787,148.286247
1780456787,120.129238
1780456787,150.885204
1780456787,178.166210
1780456787,148.318287
1780456787,126.835120
1780456787,170.107439
1780456787,170.442970
1780456787,159.094835
1780456787,159.105400
1780456787,108.734518
1780456787,107.534937
1780456787,160.118735
1780456787,155.075497
1780456787,171.748543
1780456787,171.823930
1780456787,145.147175
1780456787,145.389529
1780456787,145.638921
1780456787,146.419177
1780456787,146.646627
1780456787,140.974211
1780456787,180.552046
1780456787,144.125575
1780456787,181.727223
1780456787,144.130791
1780456787,118.913255
1780456787,143.132086
1780456787,119.405338
1780456787,150.711851
1780456787,144.625773
1780456787,119.134176
1780456787,157.509301
1780456787,150.861113
1780456787,173.787084
1780456787,137.678068
1780456787,145.615756
1780456787,107.387976
1780456787,144.796144
1780456787,137.056659
1780456787,144.726042
1780456787,115.089367
1780456787,119.002683
1780456787,119.077578
1780456787,137.437160
1780456787,145.144827
1780456787,138.623185
1780456787,145.262251
1780456787,145.162024
1780456787,144.091580
1780456787,118.772679
1780456787,114.524149
1780456787,144.068970
1780456787,144.140256
1780456787,133.603306
1780456787,114.210825
1780456787,132.865386
1780456787,132.753561
1780456787,153.194300
1780456787,132.260339
1780456787,177.419714
1780456787,151.894604
1780456787,145.840770
1780456787,109.978056
1780456787,145.978695
1780456787,110.097988
1780456787,146.136743
1780456787,131.605421
1780456787,178.255192
1780456787,178.295067
1780456787,129.406664
1780456787,130.037431
1780456787,129.175685
1780456787,117.562770
1780456787,163.411806
1780456787,163.348756
1780456787,158.473994
1780456787,163.536004
1780456787,115.795213
1780456787,118.582982
1780456787,131.233681
1780456787,124.462977
1780456787,118.709242
1780456787,129.801242
1780456787,130.444828
1780456787,155.566781
1780456787,114.296909
1780456787,114.297917
1780456787,113.586885
1780456787,149.160608
1780456787,113.984979
1780456787,113.799519
1780456787,115.002902
1780456787,151.281761
1780456787,115.240510
1780456787,115.765806
1780456787,178.489624
1780456787,183.744288
1780456787,183.815393
1780456787,153.288188
1780456787,113.931239
1780456787,150.287307
1780456787,150.521532
1780456787,150.633260
1780456787,114.688869
1780456787,115.943246
1780456787,183.901146
1780456787,158.325616
1780456787,153.034298
1780456787,151.692857
1780456787,142.483369
1780456787,108.484164
1780456787,153.144635
1780456787,153.066986
1780456787,108.747575
1780456787,108.664895
1780456787,108.950829
1780456787,152.071456
1780456787,109.057048
1780456787,151.625177
1780456787,150.159020
1780456787,187.187538
1780456787,158.156655
1780456787,111.832925
1780456787,112.692675
1780456787,159.512172
1780456787,146.760180
1780456787,160.466650
1780456787,109.229177
1780456787,152.126594
1780456787,187.499500
1780456787,149.186714
1780456787,154.459074
1780456787,109.332563
1780456787,111.579803
1780456787,155.946763
1780456787,157.191234
1780456787,113.187981
1780456787,109.694074
1780456787,187.795572
1780456787,147.359912
1780456787,109.870539
1780456787,188.027281
1780456787,146.945201
1780456787,109.658584
1780456787,159.454003
1780456787,147.455161
1780456787,102.582933
1780456787,110.373802
1780456787,110.984906
1780456787,187.643621
1780456787,161.419976
1780456787,104.617583
1780456787,147.628576
1780456787,154.264384
1780456787,118.219585
1780456787,118.394243
1780456787,154.532084
1780456787,115.946958
1780456787,162.172167
1780456787,118.561697
1780456787,155.824344
1780456787,119.770276
1780456787,111.000835
1780456787,186.127473
1780456787,110.474997
1780456787,146.890217
1780456787,110.512414
1780456787,110.442318
1780456787,103.532807
1780456787,108.579225
1780456787,102.914300
1780456787,105.421895
1780456787,147.440656
1780456787,110.906041
1780456787,187.633674
1780456787,186.301323
1780456787,111.188004
1780456787,109.076071
1780456787,109.024151
1780456787,109.046435
1780456787,152.539829
1780456787,158.993276
1780456787,111.404298
1780456787,159.043051
1780456787,152.679264
1780456787,155.711822
1780456787,148.296684
1780456787,153.068526
1780456787,156.065355
1780456787,112.010260
1780456787,153.339359
1780456787,109.026963
1780456787,153.315931
1780456787,108.456635
1780456787,147.318371
1780456787,147.615020
1780456787,108.638892
1780456787,153.810706
1780456787,153.668349
1780456787,108.731860
1780456787,108.936378
1780456787,148.525917
1780456787,149.518329
1780456787,148.173603
1780456787,108.986398
1780456787,149.897041
1780456787,148.561210
1780456787,152.770553
1780456787,148.606163
1780456787,148.699156
1780456787,148.384035
1780456787,148.859769
1780456787,147.150160
1780456787,109.877252
1780456787,109.871570
1780456787,149.127279
1780456787,146.986396
1780456787,149.302703
1780456787,149.453195
1780456787,146.279422
1780456787,149.441806
1780456787,145.733632
1780456787,111.193422
1780456787,111.099161
1780456787,110.816179
1780456787,111.042962
1780456787,184.188641
1780456787,148.765613
1780456787,148.245006
1780456787,111.281105
1780456787,111.479492
1780456787,111.450693
1780456787,109.629983
1780456787,109.554291
1780456787,110.438921
1780456787,109.403077
1780456787,154.111113
1780456787,108.866305
1780456787,155.048992
1780456787,155.669453
1780456787,155.662450
1780456787,155.890035
1780456787,151.238528
1780456787,149.582999
1780456787,149.826189
1780456787,155.262936
1780456787,155.573118
1780456787,145.255526
1780456787,112.112221
1780456787,112.003437
1780456787,112.129576
1780456787,111.720408
1780456787,111.979475
1780456787,148.557782
1780456787,111.977132
1780456787,112.045352
1780456787,189.092868
1780456787,112.228704
1780456787,150.354483
1780456787,155.179628
1780456787,148.853685
1780456787,150.571385
1780456787,111.903183
1780456787,186.564219
1780456787,189.154209
1780456787,154.542176
1780456787,149.012023
1780456787,150.583589
1780456787,111.919632
1780456787,149.328744
1780456787,149.407520
1780456787,150.931579
1780456787,153.929807
1780456787,149.294197
1780456787,149.877545
1780456787,153.809119
1780456787,149.590874
1780456787,185.890939
1780456787,149.545117
1780456787,190.226669
1780456787,191.268037
1780456787,187.002149
1780456787,192.006011
1780456787,187.683391
1780456787,109.813609
1780456787,150.576759
1780456787,186.584937
1780456787,184.292017
1780456787,150.094051
1780456787,185.639728
1780456787,187.775725
1780456787,181.986427
1780456787,146.790497
1780456787,147.777584
1780456787,179.650025
1780456787,152.998867
1780456787,153.120447
1780456787,155.315531
1780456787,155.028382
1780456787,149.728602
1780456787,152.813877
1780456787,149.634635
1780456787,153.641543
1780456787,108.174906
1780456787,153.401216
1780456787,148.115072
1780456787,151.941000
1780456787,153.996145
1780456787,153.198689
1780456787,104.393744
1780456787,148.909494
1780456787,190.674123
1780456787,174.749305
1780456787,173.648244
1780456787,190.847801
1780456787,173.679913
1780456787,104.951086
1780456787,191.154366
1780456787,105.101487
1780456787,191.922033
1780456787,154.581574
1780456787,192.836009
1780456787,148.921368
1780456787,148.861501
1780456787,171.669992
1780456787,170.423036
1780456787,191.619093
1780456787,147.498763
1780456787,105.369333
1780456787,190.984426
1780456787,105.702316
1780456787,169.241362
1780456787,120.925736
1780456787,158.269217
1780456787,157.882070
1780456787,152.158960
1780456787,155.657712
1780456787,152.059473
1780456787,150.430045
1780456787,152.050141
1780456787,166.569865
1780456787,121.237325
1780456787,148.284074
1780456787,121.346889
1780456787,121.254826
1780456787,145.559788
1780456787,106.497952
1780456787,121.314951
1780456787,145.716689
1780456787,155.052187
1780456787,154.950521
1780456787,106.016926
1780456787,121.709247
1780456787,147.318094
1780456787,106.012302
1780456787,144.386347
1780456787,106.619680
1780456787,192.898804
1780456787,121.814004
1780456787,161.221079
1780456787,158.608679
1780456787,192.052055
1780456787,156.668200
1780456787,105.584769
1780456787,192.273302
1780456787,190.760953
1780456787,122.669019
1780456787,189.771987
1780456787,147.345076
1780456787,115.596865
1780456787,115.554435
1780456787,156.855182
1780456787,189.998946
1780456787,141.767620
1780456787,115.499625
1780456787,140.511440
1780456787,141.724736
1780456787,115.667266
1780456787,183.559868
1780456787,147.536636
1780456787,115.805245
1780456787,142.036926
1780456787,187.966748
1780456787,115.893826
1780456787,142.242336
1780456787,183.733848
1780456787,102.828753
1780456787,116.087882
1780456787,120.065016
1780456787,183.196063
1780456787,120.322674
1780456787,142.062615
1780456787,142.018093
1780456787,116.218666
1780456787,183.232220
1780456787,114.920129
1780456787,156.466584
1780456787,142.202122
1780456787,138.892606
1780456787,142.492449
1780456787,181.781982
1780456787,115.211677
1780456787,139.291841
1780456787,142.586618
1780456787,114.387916
1780456787,156.619500
1780456787,114.414368
1780456787,139.566463
1780456787,113.579032
1780456787,113.588352
1780456787,113.594102
1780456787,180.449693
1780456787,113.065115
1780456787,143.464161
1780456787,143.419395
1780456787,156.339099
1780456787,158.739114
1780456787,143.950387
1780456787,155.338086
1780456787,114.048944
1780456787,111.138846
1780456787,157.372460
1780456787,176.448852
1780456787,157.370996
1780456787,154.959011
1780456787,113.219444
1780456787,144.241700
1780456787,159.384633
1780456787,112.607864
1780456787,159.083546
1780456787,144.361907
1780456787,144.362065
1780456787,114.718121
1780456787,144.401260
1780456787,113.637228
1780456787,159.164349
1780456787,112.497451
1780456787,154.464814
1780456787,144.160089
1780456787,155.684277
1780456787,112.597772
1780456787,136.939993
1780456787,112.889258
1780456787,154.275221
1780456787,136.438740
1780456787,173.967432
1780456787,113.888307
1780456787,174.008508
1780456787,136.662913
1780456787,113.015224
1780456787,172.703013
1780456787,135.176022
1780456787,113.131559
1780456787,113.212792
1780456787,136.781661
1780456787,153.207095
1780456787,136.014638
1780456787,113.216827
1780456787,136.288933
1780456787,172.050215
1780456787,111.062032
1780456787,172.701093
1780456787,136.568196
1780456787,171.183083
1780456787,134.440855
1780456787,167.015659
1780456787,136.862448
1780456787,165.332937
1780456787,160.467010
1780456787,160.533006
1780456787,149.374834
1780456787,149.148431
1780456787,148.898717
1780456787,149.472801
1780456787,149.429744
1780456787,149.508123
1780456787,149.507294
1780456787,115.550276
1780456787,115.886405
1780456787,115.801710
1780456787,149.869326
1780456787,112.086159
1780456787,102.395287
1780456787,149.928065
1780456787,112.836498
1780456787,141.892196
1780456787,113.261018
1780456787,103.390332
1780456787,103.512330
1780456787,103.680376
1780456787,104.242832
1780456787,137.215640
1780456787,142.891958
1780456787,136.244111
1780456787,136.108320
1780456787,112.628297
1780456787,137.560062
1780456787,136.116337
1780456787,136.267011
1780456787,137.877599
1780456787,113.674809
1780456787,135.285838
1780456787,113.675236
1780456787,136.979205
1780456787,136.488576
1780456787,136.432145
1780456787,113.865082
1780456787,136.967518
1780456787,138.448567
1780456787,137.059031
1780456787,138.675105
1780456787,137.265549
1780456787,137.002050
1780456787,136.913002
1780456787,129.891079
1780456787,129.795142
1780456787,145.214144
1780456787,144.464286
1780456787,139.048196
1780456787,127.894226
1780456787,136.565184
1780456787,134.033640
1780456787,139.147341
1780456787,134.163955
1780456787,140.049017
1780456787,134.143685
1780456787,139.381973
1780456787,139.408354
1780456787,134.383488
1780456787,139.394018
1780456787,128.612784
1780456787,140.456171
1780456787,125.808899
1780456787,139.169669
1780456787,125.748900
1780456787,131.145175
1780456787,123.657616
1780456787,135.158604
1780456787,123.732393
1780456787,125.919176
1780456787,124.406789
1780456787,123.422672
1780456787,123.266802
1780456787,122.516314
1780456787,123.527794
1780456787,121.445044
1780456787,123.587171
1780456787,123.617401
1780456787,121.003121
1780456787,120.989272
1780456787,125.524663
1780456787,125.633053
1780456787,125.498354
1780456787,125.357038
1780456787,123.530174
1780456787,125.233363
1780456787,125.254791
1780456787,125.306981
1780456787,122.611631
1780456787,125.379792
1780456787,122.597781
1780456787,120.570502
1780456787,102.615531
1780456787,102.721854
1780456787,102.633214
1780456787,102.792714
1780456787,103.432273
1780456787,103.663397
1780456787,103.117193
1780456787,103.955917
1780456787,103.880215
1780456787,103.656729
1780456787,104.190841
1780456787,103.845756
1780456787,104.521124
1780456787,103.630359
1780456787,104.306172
1780456787,105.497524
1780456787,104.688863
1780456787,105.160909
1780456787,105.160080
1780456787,104.847386
1780456787,105.763598
1780456787,106.042945
1780456787,105.898417
1780456787,106.027609
1780456787,106.307470
1780456787,107.085285
1780456787,105.982896
1780456787,107.666968
1780456787,107.765306
1780456787,107.924196
1780456787,108.083399
1780456787,109.318880
1780456787,109.485244
1780456787,110.009419
1780456787,109.784859
1780456787,110.112300
1780456787,109.999399
1780456787,109.991619
1780456787,110.157993
1780456787,110.606858
1780456787,110.621779
1780456787,110.610968
1780456787,104.185599
1780456787,104.301021
1780456787,104.932310
1780456787,105.216563
1780456787,105.001680
1780456787,107.159660
1780456787,105.495636
1780456787,105.428965
1780456787,106.207123
1780456787,106.452574
1780456787,106.311749
1780456787,106.689648
1780456787,106.675596
1780456787,106.477976
1780456787,107.845347
1780456787,103.215735
1780456787,108.966540
1780456787,109.142665
1780456787,109.194006
1780456787,109.301260
1780456787,109.343382
1780456787,109.808041
1780456787,105.124791
1780456787,105.491360
1780456787,105.821612
1780456787,106.951399
1780456787,107.107594
1780456787,107.410422
1780456787,109.857212
1780456787,108.864580
1780456787,108.811770
1780456787,108.382725
1780456787,109.107655
1780456787,111.555954
1780456787,111.536024
1780456787,111.551712
1780456787,111.244983
1780456787,104.982346
1780456787,105.400063
1780456787,114.154926
1780456787,113.973878
1780456787,114.123448
1780456787,114.189424
1780456787,106.454048
1780456787,113.826244
1780456787,113.213969
1780456787,114.096449
1780456787,113.206322
1780456787,113.552264
1780456787,113.810669
1780456787,113.429512
1780456787,108.838276
1780456787,117.331478
1780456787,118.226625
1780456787,110.265583
1780456787,110.163685
1780456787,110.151310
1780456787,106.498688
1780456787,120.138303
1780456787,119.556805
1780456787,120.164112
1780456787,119.675321
1780456787,119.347948
1780456787,119.188495
1780456787,119.070723
1780456787,119.008174
1780456787,119.354933
1780456787,120.999215
1780456787,120.567598
1780456787,119.358770
1780456787,119.803236
1780456787,119.362255
1780456787,120.004256
1780456787,103.394908
1780456787,103.502466
1780456787,120.132947
1780456787,113.517500
1780456787,138.664898
1780456787,112.390764
1780456787,138.425554
1780456787,138.654216
1780456787,138.616077
1780456787,112.217361
1780456787,112.486963
1780456787,112.738738
1780456787,112.726489
1780456787,115.499210
1780456787,115.483423
1780456787,114.848475
1780456787,114.926855
1780456787,109.292772
1780456787,110.863187
1780456787,137.965701
1780456787,138.274105
1780456787,132.202302
1780456787,124.508756
1780456787,109.738293
1780456787,121.079429
1780456787,116.421389
1780456787,121.168850
1780456787,121.170522
1780456787,121.303404
1780456787,132.350274
1780456787,109.213339
1780456787,136.004688
1780456787,112.803036
1780456787,112.646557
1780456787,132.409186
1780456787,111.986888
1780456787,136.355955
1780456787,112.127126
1780456787,132.554938
1780456787,136.379157
1780456787,110.581118
1780456787,136.503922
1780456787,136.345864
1780456787,125.748117
1780456787,125.844033
1780456787,111.918976
1780456787,112.026586
1780456787,112.099682
1780456787,127.741880
1780456787,132.121985
1780456787,112.394619
1780456787,129.116911
1780456787,112.704452
1780456787,129.331537
1780456787,129.332242
1780456787,126.952632
1780456787,129.327650
1780456787,112.778940
1780456787,113.617905
1780456787,111.472843
1780456787,112.267817
1780456787,110.820619
1780456787,125.177128
1780456787,121.333298
1780456787,121.338855
1780456787,126.407796
1780456787,126.425348
1780456787,133.210639
1780456787,126.571092
1780456787,138.795762
1780456787,136.934677
1780456787,138.467110
1780456787,138.879011
1780456787,138.888798
1780456787,137.944469
1780456787,110.975314
1780456787,112.618473
1780456787,138.749819
1780456787,138.604378
1780456787,126.730048
1780456787,110.112453
1780456787,138.414189
1780456787,128.279519
1780456787,129.687224
1780456787,120.224036
1780456787,139.078756
1780456787,137.430133
1780456787,116.629386
1780456787,128.516483
1780456787,138.641318
1780456787,129.853955
1780456787,138.833426
1780456787,137.686585
1780456787,137.622570
1780456787,116.352719
1780456787,138.717112
1780456787,117.142157
1780456787,129.552616
1780456787,137.748349
1780456787,139.429613
1780456787,117.311690
1780456787,117.374738
1780456787,139.210046
1780456787,139.599432
1780456787,138.703599
1780456787,117.818550
1780456787,138.223946
1780456787,139.490172
1780456787,139.140518
1780456787,117.696033
1780456787,138.378880
1780456787,139.784954
1780456787,139.159895
1780456787,117.874086
1780456787,139.275533
1780456787,139.899008
1780456787,138.767962
1780456787,140.292771
1780456787,139.542475
1780456787,121.406810
1780456787,117.561010
1780456787,120.253399
1780456787,139.649606
1780456787,140.079122
1780456787,120.508933
1780456787,126.801026
1780456787,120.272686
1780456787,140.510004
1780456787,139.049610
1780456787,126.254298
1780456787,140.732101
1780456787,126.361027
1780456787,127.531818
1780456787,139.582593
1780456787,139.744718
1780456787,111.758080
1780456787,134.341541
1780456787,111.880348
1780456787,111.562952
1780456787,111.484527
1780456787,132.776227
1780456787,130.410903
1780456787,130.149740
1780456787,132.396640
1780456787,132.184299
1780456787,127.385899
1780456787,132.226340
1780456787,132.229839
1780456787,132.252307
1780456787,136.761482
1780456787,127.053980
1780456787,132.521238
1780456787,138.346584
1780456787,127.225148
1780456787,127.581004
1780456787,127.467612
1780456787,138.529202
1780456787,132.887556
1780456787,132.811198
1780456787,136.951174
1780456787,133.413399
1780456787,130.392923
1780456787,108.090868
1780456787,131.240279
1780456787,130.395436
1780456787,131.389472
1780456787,107.702403
1780456787,107.778959
1780456787,133.456157
1780456787,130.377857
1780456787,130.376995
1780456787,107.727631
1780456787,132.514735
1780456787,130.678898
1780456787,109.357865
1780456787,133.346316
1780456787,111.763291
1780456787,109.569487
1780456787,130.115857
1780456787,131.052382
1780456787,126.576428
1780456787,108.312791
1780456787,130.275399
1780456787,127.749884
1780456787,127.896991
1780456787,137.910696
1780456787,145.202760
1780456787,145.433553
1780456787,143.631921
1780456787,138.751839
1780456787,141.987720
1780456787,143.469930
1780456787,153.618835
1780456787,153.701115
1780456787,153.790370
1780456787,142.572246
1780456787,153.898674
1780456787,143.057364
1780456787,144.192107
1780456787,123.221533
1780456787,144.559279
1780456787,139.412354
1780456787,123.944590
1780456787,145.872136
1780456787,139.697856
1780456787,139.447698
1780456787,139.084088
1780456787,146.200337
1780456787,139.233269
1780456787,139.792105
1780456787,139.879465
1780456787,139.257594
1780456787,118.898214
1780456787,139.393751
1780456787,143.400370
1780456787,120.286216
1780456787,117.116584
1780456787,119.101954
1780456787,119.044849
1780456787,116.909864
1780456787,119.160431
1780456787,138.730900
1780456787,138.615513
1780456787,138.761523
1780456787,138.624485
1780456787,123.612771
1780456787,132.742637
1780456787,123.744410
1780456787,123.897428
1780456787,122.210541
1780456787,135.592342
1780456787,138.375795
1780456787,134.101050
1780456787,138.831051
1780456787,126.717422
1780456787,121.924156
1780456787,123.737786
1780456787,121.872087
1780456787,123.815653
1780456787,123.318784
1780456787,123.928825
1780456787,125.225925
1780456787,125.500434
1780456787,125.688752
1780456787,120.968432
1780456787,140.545542
1780456787,140.986926
1780456787,144.722016
1780456787,105.519860
1780456787,125.705665
1780456787,124.622195
1780456787,105.698950
1780456787,130.285971
1780456787,130.170595
1780456787,130.399528
1780456787,128.698310
1780456787,144.110701
1780456787,142.296636
1780456787,120.703293
1780456787,126.290728
1780456787,106.852178
1780456787,126.376938
1780456787,123.735916
1780456787,132.819953
1780456787,124.222058
1780456787,128.903769
1780456787,126.869336
1780456787,126.289908
1780456787,126.378880
1780456787,126.591405
1780456787,126.676075
1780456787,126.866253
1780456787,126.896637
1780456787,133.957391
1780456787,134.048893
1780456787,134.140944
1780456787,133.938396
1780456787,134.453083
1780456787,128.873333
1780456787,134.617618
1780456787,129.320880
1780456787,129.282473
1780456787,126.162287
1780456787,128.149572
1780456787,129.536788
1780456787,129.475553
1780456787,126.998947
1780456787,128.026576
1780456787,128.383316
1780456787,122.074142
1780456787,122.345850
1780456787,129.120817
1780456787,122.809777
1780456787,128.624143
1780456787,129.112675
1780456787,128.827506
1780456787,129.176449
1780456787,128.772734
1780456787,128.983091
1780456787,127.933894
1780456787,122.683094
1780456787,111.549763
1780456787,111.432310
1780456787,128.033497
1780456787,128.400806
1780456787,131.964963
1780456787,124.117352
1780456787,122.374492
1780456787,121.475147
1780456787,123.182635
1780456787,132.070751
1780456787,121.083018
1780456787,121.296081
1780456787,132.323550
1780456787,121.274713
1780456787,123.140048
1780456787,132.583795
1780456787,122.752218
1780456787,102.911107
1780456787,118.203751
1780456787,121.896436
1780456787,122.757623
1780456787,122.045009
1780456787,103.811983
1780456787,104.353697
1780456787,117.963701
1780456787,105.141431
1780456787,118.455330
1780456787,116.230902
1780456787,116.867340
1780456787,134.424339
1780456787,104.230354
1780456787,135.031496
1780456787,134.602812
1780456787,134.773399
1780456787,124.672696
1780456787,124.362893
1780456787,119.312474
1780456787,105.151624
1780456787,135.054944
1780456787,135.221952
1780456787,104.824516
1780456787,134.439168
1780456787,133.538690
1780456787,134.093304
1780456787,104.994232
1780456787,134.337326
1780456787,134.169475
1780456787,106.125437
1780456787,133.708410
1780456787,106.109087
1780456787,133.325225
1780456787,134.183150
1780456787,106.912086
1780456787,131.229262
1780456787,127.123591
1780456787,128.091333
1780456787,127.986167
1780456787,127.298654
1780456787,109.794201
1780456787,119.522156
1780456787,124.167791
1780456787,129.480659
1780456787,119.798504
1780456787,109.356420
1780456787,124.049697
1780456787,127.843736
1780456787,124.128095
1780456787,127.823779
1780456787,123.934886
1780456787,128.007041
1780456787,108.012711
1780456787,127.920095
1780456787,124.528729
1780456787,124.125666
1780456787,120.532457
1780456787,124.721976
1780456787,108.587350
1780456787,124.075566
1780456787,108.658768
1780456787,120.775423
1780456787,124.212714
1780456787,124.534508
1780456787,108.830709
1780456787,124.162076
1780456787,108.349814
1780456787,121.485177
1780456787,122.967997
1780456787,124.134821
1780456787,108.835723
1780456787,123.358751
1780456787,102.218979
1780456787,108.902582
1780456787,122.835022
1780456787,109.219879
1780456787,108.965818
1780456787,121.987527
1780456787,103.220069
1780456787,103.328012
1780456787,121.811401
1780456787,109.403523
1780456787,102.921594
1780456787,122.006853
1780456787,132.990061
1780456787,128.583431
1780456787,111.532419
1780456787,110.949822
1780456787,109.499229
1780456787,112.072516
1780456787,110.935707
1780456787,111.678427
1780456787,112.731952
1780456787,108.548055
1780456787,125.178771
1780456787,126.207132
1780456787,126.291137
1780456787,111.316659
1780456787,127.391710
1780456787,125.276571
1780456787,124.948235
1780456787,105.008725
1780456787,125.177357
1780456787,111.636146
1780456787,125.424502
1780456787,126.415247
1780456787,125.053512
1780456787,126.574038
1780456787,125.490439
1780456787,113.039590
1780456787,105.017960
1780456787,105.225472
1780456787,108.682917
1780456787,113.293632
1780456787,125.035780
1780456787,109.581622
1780456787,105.215654
1780456787,104.398054
1780456787,102.411771
1780456787,106.280643
1780456787,125.399631
1780456787,126.167458
1780456787,106.322628
1780456787,110.285333
1780456787,114.355905
1780456787,105.820902
1780456787,114.489826
1780456787,106.528594
1780456787,114.437830
1780456787,105.868802
1780456787,110.406573
1780456787,113.640528
1780456787,102.745754
1780456787,110.392376
1780456787,105.534102
1780456787,109.721178
1780456787,110.515155
1780456787,104.446264
1780456787,112.348198
1780456787,114.386912
1780456787,112.473343
1780456787,113.997447
1780456787,113.435062
1780456787,112.477456
1780456787,109.870893
1780456787,110.652770
1780456787,114.080364
1780456787,102.798562
1780456787,104.685069
1780456787,113.941424
1780456787,103.214886
1780456787,110.327236
1780456787,108.983158
1780456787,103.790781
1780456787,108.457548
1780456787,103.378064
1780456787,107.913857
1780456787,114.381645
1780456787,103.571817
1780456787,108.579525
1780456787,115.303845
1780456787,108.859711
1780456787,102.719894
1780456787,109.087986
1780456787,115.873161
1780456787,115.952858
1780456787,113.393971
1780456787,102.881081
1780456787,116.187035
1780456787,113.386557
1780456787,116.039054
1780456787,103.266669
1780456787,116.274753
1780456787,103.475731
1780456787,116.060405
1780456787,116.277176
1780456787,102.709616
1780456787,114.407346
1780456787,113.867747
1780456787,116.445435
1780456787,113.847349
1780456787,115.914538
1780456787,114.114399
1780456787,116.787028
1780456787,112.381545
1780456787,102.812292
1780456787,116.884255
1780456787,102.391760
1780456787,112.514772
1780456787,111.970462
1780456787,115.430984
1780456787,111.890428
1780456787,115.810619
1780456787,115.847804
1780456787,115.419427
1780456787,103.515697
1780456787,111.906064
1780456787,111.871152
1780456787,112.766106
1780456787,103.672941
1780456787,112.321555
1780456787,112.483585
1780456787,112.704191
1780456787,110.628167
1780456787,112.825548
1780456787,112.978910
1780456787,112.531367
1780456787,111.104577
1780456787,103.478285
1780456787,113.006740
1780456787,113.635816
1780456787,113.792233
1780456787,110.810869
1780456787,112.062151
1780456787,110.471283
1780456787,103.797307
1780456787,103.934867
1780456787,103.893270
1780456787,113.236169
1780456787,112.074757
1780456787,112.065631
1780456787,110.623035
1780456787,112.213860
1780456787,113.295454
1780456787,112.213691
1780456787,110.677224
1780456787,105.511639
1780456787,110.930933
1780456787,104.418168
1780456787,104.084951
1780456787,103.655357
1780456787,111.188802
1780456787,111.126769
1780456787,111.191674
1780456787,111.459025
1780456787,111.271116
1780456787,111.207310
1780456787,110.433384
1780456787,110.570326
1780456787,109.180911
1780456787,110.800818
1780456787,109.343891
1780456787,111.077963
1780456787,109.828327
1780456787,109.934152
1780456787,109.762125
1780456787,109.804466
1780456787,108.140699
1780456787,109.388484
1780456787,110.771382
1780456787,108.851824
1780456787,106.792358
1780456787,110.884250
1780456787,110.716495
1780456787,109.554356
1780456787,108.556285
1780456787,107.251494
1780456787,107.337784
1780456787,109.277323
1780456787,108.816934
1780456787,109.470430
1780456787,107.181008
1780456787,106.424538
1780456787,106.708140
1780456787,108.252348
1780456787,108.603141
1780456787,108.568241
1780456787,110.695276
1780456787,108.076521
1780456787,110.071154
1780456787,110.271504
1780456787,110.005643
1780456787,105.231818
1780456787,108.810304
1780456787,110.375952
1780456787,110.333302
1780456787,110.319591
1780456787,108.870981
1780456787,108.438781
1780456787,110.423431
1780456787,108.400463
1780456787,107.880464
1780456787,109.735882
1780456787,108.935508
1780456787,108.306519
1780456787,105.900680
1780456787,110.955941
1780456787,109.866052
1780456787,106.132557
1780456787,108.709603
1780456787,109.642867
1780456787,106.038411
1780456787,109.840693
1780456787,106.488280
1780456787,110.394184
1780456787,109.750539
1780456787,110.319136
1780456787,109.799526
1780456787,104.621132
1780456787,104.385558
1780456787,110.761333
1780456787,110.969836
1780456787,110.878745
1780456787,105.402809
1780456787,111.363895
1780456787,105.255087
1780456787,104.868466
1780456787,112.112067
1780456787,104.333429
1780456787,111.938331
1780456787,112.607464
1780456787,112.134051
1780456787,108.228576
1780456787,108.916176
1780456787,108.260333
1780456787,111.910411
1780456787,108.898673
1780456787,111.440220
1780456787,104.917821
1780456787,110.816822
1780456787,109.682937
1780456787,105.045053
1780456787,109.960417
1780456787,112.762037
1780456787,106.202701
1780456787,113.404603
1780456787,105.976386
1780456787,113.106773
1780456787,110.775287
1780456787,105.976358
1780456787,113.830750
1780456787,113.425237
1780456787,113.225712
1780456787,110.903179
1780456787,113.204819
1780456787,107.046072
1780456787,111.128497
1780456787,110.858893
1780456787,112.531174
1780456787,113.748265
1780456787,111.501060
1780456787,111.549843
1780456787,111.486484
1780456787,111.654855
1780456787,107.007264
1780456787,111.900220
1780456787,113.125049
1780456787,112.098189
1780456787,112.136740
1780456787,114.652349
1780456787,111.235705
1780456787,114.691808
1780456787,112.032377
1780456787,112.274313
1780456787,111.607536
1780456787,111.570633
1780456787,112.427370
1780456787,110.154679
1780456787,112.581397
1780456787,112.914388
1780456787,112.728486
1780456787,109.505311
1780456787,109.714498
1780456787,109.832903
1780456787,112.914351
1780456787,110.038335
1780456787,109.994875
1780456787,113.086642
1780456787,110.058001
1780456787,110.245522
1780456787,110.304710
1780456787,110.027105
1780456787,110.670581
1780456787,109.534780
1780456787,110.447099
1780456787,110.287541
1780456787,110.811296
1780456787,110.724636
1780456787,111.110313
1780456787,110.471129
1780456787,111.385642
1780456787,111.175751
1780456787,110.722410
1780456787,112.812369
1780456787,117.579882
1780456787,117.417795
1780456787,114.069953
1780456787,114.513572
1780456787,114.634302
1780456787,118.984243
1780456787,115.668147
1780456787,110.709644
1780456787,119.940995
1780456787,111.540612
1780456787,116.285686
1780456787,122.212290
1780456787,120.007455
1780456787,114.796067
1780456787,116.522804
1780456787,114.617131
1780456787,122.884771
1780456787,113.598492
1780456787,121.459752
1780456787,120.873402
1780456787,115.414892
1780456787,121.561891
1780456787,117.083657
1780456787,121.737153
1780456787,121.237544
1780456787,117.119123
1780456787,122.253026
1780456787,117.071654
1780456787,118.008857
1780456787,117.502371
1780456787,117.780695
1780456787,117.318620
1780456787,109.577228
1780456787,117.978771
1780456787,118.116855
1780456787,108.636868
1780456787,122.888609
1780456787,113.665404
1780456787,108.776102
1780456787,116.734072
1780456787,116.533517
1780456787,117.110503
1780456787,118.367350
1780456787,118.451558
1780456787,114.289962
1780456787,117.074320
1780456787,117.328718
1780456787,119.529594
1780456787,115.938448
1780456787,117.523422
1780456787,112.295944
1780456787,119.026715
1780456787,115.095792
1780456787,114.772987
1780456787,112.383102
1780456787,112.454368
1780456787,119.671954
1780456787,117.642416
1780456787,114.891468
1780456787,108.251565
1780456787,126.457876
1780456787,109.801039
1780456787,115.572885
1780456787,118.330985
1780456787,108.761148
1780456787,115.617086
1780456787,108.584866
1780456787,120.391232
1780456787,116.029328
1780456787,104.371741
1780456787,116.221890
1780456787,114.599795
1780456787,118.854174
1780456787,119.474123
1780456787,119.546818
1780456787,119.324528
1780456787,119.682816
1780456787,106.956412
1780456787,108.694047
1780456787,108.358146
1780456787,120.256267
1780456787,108.525226
1780456787,107.264388
1780456787,120.453401
1780456787,107.495510
1780456787,107.658279
1780456787,120.714059
1780456787,105.400650
1780456787,122.298416
1780456787,120.947778
1780456787,127.878545
1780456787,117.868360
1780456787,127.816889
1780456787,111.415767
1780456787,108.107092
1780456787,127.334296
1780456787,127.318062
1780456787,127.483124
1780456787,112.777464
1780456787,127.706990
1780456787,127.960839
1780456787,116.155745
1780456787,127.403641
1780456787,116.224289
1780456787,118.914772
1780456787,114.066599
1780456787,127.798860
1780456787,120.253220
1780456787,128.263092
1780456787,118.977409
1780456787,107.391803
1780456787,128.715283
1780456787,114.293181
1780456787,105.595207
1780456787,128.505047
1780456787,117.906790
1780456787,119.264196
1780456787,118.098387
1780456787,129.317005
1780456787,103.988281
1780456787,114.776343
1780456787,128.959162
1780456787,125.410296
1780456787,125.349226
1780456787,123.984240
1780456787,125.126103
1780456787,122.385696
1780456787,122.645607
1780456787,125.826199
1780456787,123.197592
1780456787,117.059050
1780456787,118.229303
1780456787,130.829314
1780456787,119.431965
1780456787,124.937659
1780456787,117.011231
1780456787,117.040015
1780456787,131.252182
1780456787,125.155961
1780456787,118.349876
1780456787,130.866877
1780456787,125.259731
1780456787,116.668849
1780456787,125.416954
1780456787,125.132236
1780456787,116.889664
1780456787,117.135434
1780456787,124.331337
1780456787,116.012971
1780456787,124.497842
1780456787,124.562321
1780456787,123.110345
1780456787,116.197357
1780456787,123.258010
1780456787,123.488965
1780456787,126.264560
1780456787,126.421911
1780456787,112.249668
1780456787,123.745890
1780456787,112.537551
1780456787,112.608911
1780456787,117.300024
1780456787,117.461400
1780456787,117.561119
1780456787,116.436434
1780456787,113.302018
1780456787,113.339782
1780456787,116.651207
1780456787,116.651590
1780456787,116.788068
1780456787,124.992280
1780456787,124.022789
1780456787,116.716114
1780456787,115.555640
1780456787,115.584118
1780456787,116.918968
1780456787,113.344015
1780456787,126.150046
1780456787,127.688348
1780456787,126.348921
1780456787,113.888417
1780456787,114.213684
1780456787,126.748285
1780456787,110.912948
1780456787,128.361821
1780456787,122.168041
1780456787,114.424338
1780456787,122.143335
1780456787,122.170982
1780456787,127.099748
1780456787,122.255382
1780456787,121.632437
1780456787,111.078646
1780456787,111.147079
1780456787,111.274922
1780456787,122.789094
1780456787,120.776269
1780456787,120.958541
1780456787,120.819901
1780456787,120.800928
1780456787,119.628664
1780456787,129.004327
1780456787,113.124213
1780456787,113.278583
1780456787,119.082060
1780456787,113.374829
1780456787,108.892439
1780456787,111.610275
1780456787,109.011186
1780456787,111.781628
1780456787,111.866333
1780456787,112.183777
1780456787,111.954956
1780456787,112.123850
1780456787,112.130882
1780456787,112.608385
1780456787,111.409746
1780456787,106.611609
1780456787,112.218934
1780456787,107.957696
1780456787,117.738384
1780456787,122.498030
1780456787,112.532146
1780456787,113.176039
1780456787,113.192434
1780456787,115.403909
1780456787,115.828556
1780456787,115.256667
1780456787,107.660814
1780456787,115.505220
1780456787,108.949261
1780456787,109.020620
1780456787,107.797355
1780456787,115.320851
1780456787,117.589107
1780456787,114.004691
1780456787,121.198511
1780456787,121.250309
1780456787,125.804161
1780456787,121.251755
1780456787,120.068151
1780456787,119.280337
1780456787,121.357700
1780456787,116.703298
1780456787,116.871469
1780456787,113.801953
1780456787,117.036918
1780456787,117.150902
1780456787,117.202832
1780456787,114.139314
1780456787,120.381333
1780456787,117.828254
1780456787,116.977969
1780456787,115.698554
1780456787,118.197546
1780456787,118.411727
1780456787,112.828048
1780456787,117.140042
1780456787,120.622282
1780456787,118.845448
1780456787,111.332712
1780456787,117.594614
1780456787,121.219278
1780456787,117.912742
1780456787,117.812265
1780456787,110.336739
1780456787,118.076402
1780456787,117.824397
1780456787,121.467821
1780456787,113.961799
1780456787,110.772456
1780456787,108.838417
1780456787,122.203815
1780456787,117.048355
1780456787,122.351551
1780456787,104.854698
1780456787,108.577973
1780456787,122.917687
1780456787,116.653963
1780456787,123.753166
1780456787,116.702546
1780456787,123.645711
1780456787,123.779172
1780456787,109.506750
1780456787,114.051390
1780456787,105.740422
1780456787,136.646361
1780456787,123.677881
1780456787,123.654698
1780456787,122.162454
1780456787,116.101316
1780456787,136.069285
1780456787,116.184421
1780456787,136.216179
1780456787,122.439900
1780456787,124.150300
1780456787,134.473821
1780456787,122.799152
1780456787,116.644916
1780456787,134.738194
1780456787,118.222591
1780456787,123.285706
1780456787,124.732453
1780456787,130.614076
1780456787,123.167017
1780456787,125.287056
1780456787,123.289902
1780456787,123.600229
1780456787,130.942882
1780456787,123.923311
1780456787,125.352829
1780456787,122.526511
1780456787,125.491094
1780456787,122.679602
1780456787,131.358627
1780456787,124.240431
1780456787,131.496966
1780456787,124.289366
1780456787,128.487139
1780456787,122.975629
1780456787,124.583247
1780456787,130.541992
1780456787,110.463724
1780456787,107.800942
1780456787,122.377491
1780456787,121.997729
1780456787,122.385827
1780456787,108.006038
1780456787,110.349373
1780456787,131.809920
1780456787,129.721844
1780456787,112.245511
1780456787,131.827497
1780456787,127.440761
1780456787,120.036490
1780456787,119.985924
1780456787,110.025698
1780456787,109.830107
1780456787,109.143091
1780456787,128.149865
1780456787,132.899098
1780456787,125.386166
1780456787,129.668338
1780456787,124.755575
1780456787,126.271049
1780456787,129.933460
1780456787,129.973682
1780456787,111.171826
1780456787,127.272339
1780456787,125.581846
1780456787,123.900822
1780456787,122.499790
1780456787,119.024844
1780456787,129.129228
1780456787,128.018887
1780456787,131.057502
1780456787,130.980404
1780456787,128.087736
1780456787,129.508483
1780456787,127.856912
1780456787,130.643987
1780456787,127.918811
1780456787,127.577333
1780456787,129.850243
1780456787,124.254619
1780456787,124.125744
1780456787,110.304489
1780456787,122.755610
1780456787,107.588467
1780456787,106.278777
1780456787,124.642988
1780456787,123.233222
1780456787,123.298117
1780456787,126.547663
1780456787,132.926220
1780456787,106.592686
1780456787,125.594258
1780456787,122.844799
1780456787,126.817494
1780456787,131.605041
1780456787,123.209880
1780456787,107.501438
1780456787,126.498446
1780456787,109.939408
1780456787,131.478181
1780456787,129.908119
1780456787,127.180272
1780456787,108.614032
1780456787,108.669121
1780456787,129.936661
1780456787,126.908412
1780456787,132.397901
1780456787,128.223655
1780456787,123.529890
1780456787,117.959229
1780456787,125.956506
1780456787,132.574079
1780456787,112.970786
1780456787,130.934884
1780456787,132.372449
1780456787,131.141555
1780456787,131.023466
1780456787,132.318611
1780456787,121.080066
1780456787,119.544999
1780456787,112.719998
1780456787,130.009152
1780456787,112.913208
1780456787,107.690510
1780456787,132.884920
1780456787,117.559004
1780456787,132.865378
1780456787,114.742284
1780456787,114.719702
1780456787,116.194674
1780456787,133.029143
1780456787,117.380765
1780456787,123.908774
1780456787,117.527097
1780456787,110.361611
1780456787,114.048093
1780456787,114.073261
1780456787,124.204605
1780456787,114.725864
1780456787,125.610322
1780456787,122.858482
1780456787,123.301867
1780456787,123.384264
1780456787,128.627909
1780456787,135.572913
1780456787,135.288049
1780456787,132.106736
1780456787,133.825249
1780456787,133.701449
1780456787,128.998280
1780456787,129.158985
1780456787,129.234306
1780456787,129.156360
1780456787,135.857636
1780456787,135.926560
1780456787,134.075954
1780456787,135.795648
1780456787,134.080289
1780456787,135.808490
1780456787,136.030740
1780456787,118.843028
1780456787,125.681238
1780456787,129.446651
1780456787,119.023685
1780456787,136.143128
1780456787,129.546883
1780456787,136.168406
1780456787,129.615500
1780456787,125.264056
1780456787,120.518069
1780456787,125.803699
1780456787,132.764240
1780456787,128.490448
1780456787,134.329309
1780456787,134.431943
1780456787,122.792273
1780456787,125.756514
1780456787,122.616930
1780456787,123.078659
1780456787,124.417352
1780456787,117.718818
1780456787,125.959390
1780456787,130.112003
1780456787,127.880980
1780456787,128.167082
1780456787,127.425286
1780456787,114.689531
1780456787,137.163597
1780456787,119.894175
1780456787,119.769339
1780456787,136.120644
1780456787,120.618667
1780456787,129.929011
1780456787,120.097496
1780456787,115.075330
1780456787,116.297450
1780456787,130.018936
1780456787,131.444829
1780456787,120.512981
1780456787,116.424002
1780456787,134.074385
1780456787,120.325754
1780456787,120.442989
1780456787,114.049704
1780456787,114.204205
1780456787,127.368606
1780456787,136.991361
1780456787,123.176929
1780456787,138.464513
1780456787,135.097727
1780456787,135.226195
1780456787,138.583991
1780456787,128.470385
1780456787,129.711505
1780456787,136.544406
1780456787,129.965224
1780456787,131.361361
1780456787,131.379670
1780456787,132.894603
1780456787,131.479754
1780456787,133.056492
1780456787,131.592735
1780456787,133.067922
1780456787,131.693909
1780456787,136.676627
1780456787,137.813506
1780456787,137.592818
1780456787,132.914537
1780456787,132.922564
1780456787,137.767116
1780456787,128.810809
1780456787,137.987195
1780456787,129.005469
1780456787,127.796389
1780456787,137.574964
1780456787,129.081063
1780456787,129.147353
1780456787,129.001313
1780456787,130.654157
1780456787,129.543622
1780456787,130.747100
1780456787,129.279394
1780456787,118.500656
1780456787,117.459301
1780456787,131.004074
1780456787,128.180590
1780456787,120.665498
1780456787,120.788337
1780456787,120.710504
1780456787,125.388959
1780456787,123.389213
1780456787,128.274424
1780456787,123.948596
1780456787,120.715874
1780456787,125.421837
1780456787,128.969774
1780456787,126.997664
1780456787,123.740290
1780456787,132.182245
1780456787,123.554699
1780456787,128.378028
1780456787,129.657407
1780456787,129.785583
1780456787,128.757011
1780456787,129.097151
1780456787,129.115611
1780456787,129.319066
1780456787,119.553017
1780456787,118.159050
1780456787,124.492854
1780456787,123.251345
1780456787,132.593008
1780456787,118.984395
1780456787,123.290226
1780456787,123.348953
1780456787,117.784601
1780456787,129.573768
1780456787,118.348989
1780456787,127.737789
1780456787,131.401352
1780456787,132.028602
1780456787,131.145170
1780456787,132.845788
1780456787,135.550738
1780456787,130.747941
1780456787,127.367055
1780456787,135.541219
1780456787,125.080212
1780456787,130.869747
1780456787,124.737160
1780456787,123.188562
1780456787,124.971773
1780456787,125.061544
1780456787,125.115978
1780456787,125.277209
1780456787,126.727110
1780456787,126.433236
1780456787,124.115077
1780456787,123.436529
1780456787,124.796042
1780456787,125.218111
1780456787,126.606049
1780456787,124.794222
1780456787,123.422177
1780456787,136.954198
1780456787,123.741888
1780456787,122.859882
1780456787,126.720294
1780456787,122.666427
1780456787,127.022688
1780456787,127.113188
1780456787,124.383394
1780456787,124.073480
1780456787,123.381738
1780456787,120.816108
1780456787,118.090489
1780456787,142.428820
1780456787,142.133370
1780456787,142.562698
1780456787,142.216871
1780456787,142.698945
1780456787,142.188811
1780456787,142.479678
1780456787,135.865771
1780456787,142.612512
1780456787,137.044562
1780456787,142.504838
1780456787,127.945019
1780456787,119.553855
1780456787,120.862395
1780456787,121.224475
1780456787,136.217163
1780456787,128.716061
1780456787,137.121713
1780456787,128.424339
1780456787,128.358603
1780456787,128.497141
1780456787,138.183446
1780456787,136.242648
1780456787,140.824742
1780456787,136.239548
1780456787,134.910660
1780456787,112.142532
1780456787,119.149372
1780456787,129.711886
1780456787,114.506264
1780456787,138.075833
1780456787,115.770513
1780456787,139.726139
1780456787,123.193108
1780456787,142.819536
1780456787,123.284437
1780456787,142.830418
1780456787,129.870372
1780456787,137.552359
1780456787,113.890454
1780456787,114.526890
1780456787,115.160098
1780456787,115.233379
1780456787,115.889201
1780456787,131.831916
1780456787,131.052583
1780456787,145.558045
1780456787,145.655755
1780456787,145.857127
1780456787,145.976190
1780456787,145.950730
1780456787,114.771118
1780456787,114.295572
1780456787,110.781642
1780456787,111.714384
1780456787,141.976382
1780456787,141.940929
1780456787,109.553054
1780456787,111.270289
1780456787,135.323489
1780456787,133.606023
1780456787,134.871567
1780456787,142.572540
1780456787,143.906079
1780456787,146.653711
1780456787,146.731548
1780456787,111.527729
1780456787,111.675611
1780456787,136.828576
1780456787,111.764452
1780456787,136.881166
1780456787,136.638945
1780456787,109.172370
1780456787,137.535433
1780456787,137.157523
1780456787,122.041591
1780456787,138.240415
1780456787,133.734838
1780456787,134.483764
1780456787,133.312246
1780456787,134.135403
1780456787,133.903503
1780456787,146.979064
1780456787,133.046089
1780456787,125.918153
1780456787,130.697524
1780456787,126.643820
1780456787,122.866490
1780456787,127.677462
1780456787,145.671500
1780456787,153.678623
1780456787,129.692087
1780456787,153.875888
1780456787,128.181342
1780456787,130.573485
1780456787,130.792519
1780456787,137.940935
1780456787,145.596497
1780456787,144.590689
1780456787,154.228112
1780456787,157.317338
1780456787,144.267024
1780456787,158.905533
1780456787,145.052043
1780456787,146.103874
1780456787,112.025644
1780456787,146.099821
1780456787,108.265702
1780456787,147.559283
1780456787,145.157403
1780456787,108.332887
1780456787,159.042117
1780456787,145.409712
1780456787,147.658684
1780456787,145.347211
1780456787,123.340607
1780456787,123.444657
1780456787,154.509377
1780456787,113.655762
1780456787,154.625359
1780456787,146.316027
1780456787,146.122293
1780456787,145.700101
1780456787,113.905935
1780456787,113.339847
1780456787,113.357703
1780456787,117.982888
1780456787,116.302536
1780456787,108.043288
1780456787,108.050992
1780456787,119.950034
1780456787,116.377365
1780456787,125.099338
1780456787,146.767974
1780456787,138.954346
1780456787,110.290738
1780456787,110.377537
1780456787,113.661143
1780456787,113.649901
1780456787,136.410399
1780456787,139.177573
1780456787,146.976801
1780456787,138.858792
1780456787,142.129996
1780456787,144.466356
1780456787,138.263754
1780456787,139.978962
1780456787,140.621310
1780456787,139.525091
1780456787,145.068970
1780456787,145.132658
1780456787,142.314789
1780456787,144.629779
1780456787,120.435365
1780456787,116.345483
1780456787,116.307438
1780456787,119.471609
1780456787,115.566051
1780456787,110.886844
1780456787,116.388962
1780456787,110.569919
1780456787,116.549003
1780456787,111.771104
1780456787,111.663464
1780456787,110.895443
1780456787,111.815303
1780456787,111.038138
1780456787,111.790749
1780456787,110.996046
1780456787,111.806635
1780456787,114.118152
1780456787,113.034507
1780456787,112.548038
1780456787,112.445340
1780456787,114.230899
1780456787,112.269962
1780456787,102.739473
1780456787,145.886980
1780456787,144.911082
1780456787,102.592510
1780456787,102.853091
1780456787,102.924128
1780456787,144.759949
1780456787,102.979171
1780456787,144.779069
1780456787,103.297945
1780456787,103.381719
1780456787,144.982920
1780456787,103.454162
1780456787,103.474746
1780456787,103.500458
1780456787,144.132858
1780456787,143.961951
1780456787,102.677207
1780456787,142.781696
1780456787,141.699962
1780456787,103.236878
1780456787,140.750392
1780456787,139.707556
1780456787,103.422266
1780456787,138.619483
1780456787,138.798569
1780456787,138.567863
1780456787,103.679353
1780456787,134.517280
1780456787,135.523008
1780456787,103.316146
1780456787,134.872984
1780456787,131.281676
1780456787,125.285347
1780456787,125.314974
1780456787,123.035082
1780456787,126.306086
1780456787,123.328565
1780456787,102.879939
1780456787,104.015984
1780456787,104.635895
1780456787,104.372592
1780456787,103.085366
1780456787,103.363199
1780456787,104.147376
1780456787,107.446670
1780456787,106.905010
1780456787,107.294510
1780456787,106.876229
1780456787,107.307385
1780456787,107.132521
1780456787,107.148564
1780456787,107.403766
1780456787,107.569849
1780456787,107.598364
1780456787,107.976782
1780456787,107.753083
1780456787,108.667962
1780456787,107.291118
1780456787,107.336433
1780456787,109.367589
1780456787,109.232217
1780456787,109.286153
1780456787,107.822905
1780456787,108.133397
1780456787,110.429939
1780456787,110.354544
1780456787,109.106041
1780456787,107.105795
1780456787,106.722930
1780456787,106.720878
1780456787,106.826151
1780456787,106.845803
1780456787,106.817415
1780456787,106.735660
1780456787,106.685340
1780456787,103.295903
1780456787,107.243875
1780456787,105.606029
1780456787,107.277055
1780456787,105.670575
1780456787,106.135874
1780456787,104.978149
1780456787,106.457104
1780456787,105.390250
1780456787,105.334648
1780456787,104.894873
1780456787,105.061705
1780456787,105.831464
1780456787,102.856863
1780456787,102.846170
1780456787,103.067896
1780456787,103.142891
1780456787,103.264403
1780456787,103.451743
1780456787,103.644670
1780456787,103.449589
1780456787,103.733858
1780456787,106.382657
1780456787,106.243793
1780456787,106.185482
1780456787,105.577383
1780456787,106.025582
1780456787,106.150604
1780456787,107.256735
1780456787,107.148618
1780456787,106.638235
1780456787,107.579184
1780456787,107.719588
1780456787,107.836262
1780456787,107.451998
1780456787,107.783818
1780456787,108.000479
1780456787,107.177621
1780456787,104.436420
1780456787,104.241760
1780456787,108.590286
1780456787,107.453162
1780456787,108.721336
1780456787,108.300637
1780456787,108.452301
1780456787,108.210765
1780456787,108.671964
1780456787,102.743839
1780456787,109.012584
1780456787,109.236290
1780456787,108.981650
1780456787,102.809822
1780456787,108.887176
1780456787,108.597302
1780456787,109.088200
1780456787,109.272880
1780456787,109.810758
1780456787,103.891383
1780456787,109.875103
1780456787,104.032405
1780456787,104.895780
1780456787,111.229572
1780456787,111.642330
1780456787,111.883894
1780456787,112.386240
1780456787,112.592093
1780456787,108.980871
1780456787,113.280750
1780456787,113.311850
1780456787,112.899420
1780456787,109.781101
1780456787,113.573417
1780456787,114.066928
1780456787,114.378917
1780456787,108.356662
1780456787,108.315515
1780456787,108.523019
1780456787,105.460851
1780456787,114.955664
1780456787,114.500062
1780456787,114.928575
1780456787,115.271918
1780456787,109.538414
1780456787,106.261229
1780456787,105.966717
1780456787,111.448281
1780456787,111.888034
1780456787,110.264003
1780456787,116.916830
1780456787,114.782397
1780456787,110.379973
1780456787,110.983931
1780456787,119.111774
1780456787,111.150312
1780456787,111.031073
1780456787,111.019904
1780456787,119.310509
1780456787,109.860251
1780456787,109.964434
1780456787,109.932211
1780456787,110.489034
1780456787,110.480078
1780456787,115.337012
1780456787,115.359176
1780456787,117.201496
1780456787,106.372995
1780456787,105.814350
1780456787,104.040805
1780456787,106.269674
1780456787,105.806601
1780456787,106.597604
1780456787,106.508652
1780456787,106.981172
1780456787,123.343548
1780456787,107.295048
1780456787,107.790552
1780456787,123.048252
1780456787,107.898454
1780456787,123.551021
1780456787,123.665832
1780456787,107.694206
1780456787,105.430447
1780456787,107.148669
1780456787,107.795987
1780456787,107.131614
1780456787,107.589089
1780456787,107.645007
1780456787,108.009382
1780456787,107.888227
1780456787,117.990499
1780456787,108.418397
1780456787,118.127277
1780456787,108.575809
1780456787,108.646287
1780456787,123.857757
1780456787,108.612343
1780456787,124.382495
1780456787,108.916584
1780456787,123.252051
1780456787,108.712983
1780456787,108.827637
1780456787,110.752085
1780456787,108.990231
1780456787,118.626731
1780456787,115.118119
1780456787,118.741114
1780456787,109.073019
1780456787,118.804404
1780456787,107.443806
1780456787,107.559404
1780456787,119.018161
1780456787,117.565877
1780456787,117.838565
1780456787,104.607217
1780456787,118.025840
1780456787,118.783928
1780456787,118.861229
1780456787,119.439712
1780456787,119.304037
1780456787,107.865517
1780456787,107.942391
1780456787,108.057540
1780456787,107.855723
1780456787,119.442077
1780456787,107.797315
1780456787,108.008284
1780456787,107.970820
1780456787,119.871588
1780456787,108.008773
1780456787,119.855774
1780456787,115.223565
1780456787,115.586148
1780456787,112.267262
1780456787,109.625286
1780456787,112.669431
1780456787,108.088326
1780456787,112.725565
1780456787,110.811084
1780456787,110.662059
1780456787,111.039381
1780456787,110.675416
1780456787,111.135746
1780456787,111.034914
1780456787,110.973352
1780456787,109.459022
1780456787,108.004949
1780456787,113.530605
1780456787,113.347939
1780456787,113.464403
1780456787,113.487621
1780456787,113.458785
1780456787,113.585686
1780456787,112.388930
1780456787,113.774540
1780456787,107.635510
1780456787,107.947974
1780456787,113.238722
1780456787,119.601824
1780456787,119.588734
1780456787,119.273359
1780456787,119.779148
1780456787,119.775950
1780456787,116.565427
1780456787,119.476521
1780456787,119.585808
1780456787,117.983777
1780456787,117.874773
1780456787,119.461930
1780456787,119.711492
1780456787,113.980427
1780456787,110.707901
1780456787,119.405072
1780456787,118.073175
1780456787,119.624790
1780456787,119.780995
1780456787,119.721270
1780456787,116.923909
1780456787,116.985771
1780456787,117.166548
1780456787,116.956142
1780456787,109.844461
1780456787,117.439401
1780456787,110.699184
1780456787,119.571614
1780456787,119.670948
1780456787,110.638089
1780456787,119.562653
1780456787,115.051536
1780456787,122.954108
1780456787,122.862907
1780456787,121.852321
1780456787,122.832874
1780456787,122.904989
1780456787,116.016852
1780456787,116.286267
1780456787,116.011555
1780456787,116.296909
1780456787,119.106666
1780456787,118.073261
1780456787,120.290874
1780456787,112.792617
1780456787,113.314784
1780456787,113.398891
1780456787,113.360534
1780456787,119.223997
1780456787,109.424723
1780456787,107.722300
1780456787,116.272850
1780456787,114.224426
1780456787,120.756922
1780456787,120.736312
1780456787,120.900623
1780456787,121.165778
1780456787,117.149975
1780456787,107.775870
1780456787,113.705937
1780456787,121.191333
1780456787,121.249903
1780456787,112.417455
1780456787,116.346539
1780456787,119.748029
1780456787,112.424153
1780456787,112.444088
1780456787,113.691962
1780456787,116.276202
1780456787,119.575852
1780456787,116.269325
1780456787,119.875167
1780456787,109.761000
1780456787,117.253093
1780456787,111.951699
1780456787,121.197422
1780456787,114.821496
1780456787,121.428771
1780456787,110.501472
1780456787,110.476228
1780456787,108.767511
1780456787,109.172648
1780456787,108.504236
1780456787,113.316676
1780456787,113.604156
1780456787,122.731837
1780456787,115.530253
1780456787,112.097300
1780456787,109.746176
1780456787,117.271475
1780456787,114.079018
1780456787,117.923422
1780456787,112.708122
1780456787,121.511427
1780456787,110.370292
1780456787,120.256158
1780456787,110.602718
1780456787,114.339636
1780456787,113.310562
1780456787,115.309915
1780456787,110.656620
1780456787,117.553163
1780456787,120.385231
1780456787,114.013105
1780456787,110.818104
1780456787,111.099342
1780456787,111.197582
1780456787,113.053993
1780456787,114.042385
1780456787,110.375696
1780456787,107.791936
1780456787,115.640500
1780456787,114.755082
1780456787,113.943967
1780456787,108.372339
1780456787,114.253083
1780456787,109.332318
1780456787,109.471114
1780456787,109.993356
1780456787,109.890402
1780456787,110.417573
1780456787,113.607600
1780456787,113.310326
1780456787,112.212359
1780456787,111.626062
1780456787,110.684303
1780456787,114.540181
1780456787,114.562131
1780456787,113.286491
1780456787,117.836763
1780456787,108.893137
1780456787,111.091333
1780456787,116.351164
1780456787,113.714012
1780456787,109.618119
1780456787,112.094648
1780456787,112.188771
1780456787,121.101704
1780456787,113.871458
1780456787,112.601284
1780456787,110.100921
1780456787,120.992985
1780456787,111.971149
1780456787,112.568938
1780456787,112.497115
1780456787,113.111606
1780456787,120.737630
1780456787,115.165963
1780456787,110.444906
1780456787,109.862621
1780456787,115.335397
1780456787,115.171390
1780456787,115.285406
1780456787,115.360239
1780456787,113.492772
1780456787,115.350195
1780456787,109.773095
1780456787,119.266751
1780456787,119.041766
1780456787,113.741893
1780456787,111.550433
1780456787,119.108421
1780456787,115.772499
1780456787,111.246731
1780456787,113.961816
1780456787,118.209696
1780456787,118.992101
1780456787,110.889280
1780456787,118.815724
1780456787,107.896125
1780456787,115.294797
1780456787,117.800531
1780456787,113.540156
1780456787,113.639901
1780456787,115.120721
1780456787,115.922499
1780456787,113.758779
1780456787,114.254743
1780456787,116.544743
1780456787,113.956528
1780456787,109.127675
1780456787,116.569539
1780456787,113.170488
1780456787,113.802176
1780456787,117.413945
1780456787,123.403259
1780456787,117.742246
1780456787,113.098155
1780456787,117.199053
1780456787,117.266192
1780456787,117.887523
1780456787,117.707573
1780456787,117.022818
1780456787,112.692393
1780456787,111.655560
1780456787,111.802117
1780456787,116.271604
1780456787,111.890261
1780456787,112.100575
1780456787,111.321829
1780456787,112.222760
1780456787,111.436958
1780456787,112.341687
1780456787,111.554839
1780456787,111.126970
1780456787,114.665591
1780456787,111.590289
1780456787,110.550105
1780456787,109.609265
1780456787,111.530162
1780456787,112.168836
1780456787,110.945497
1780456787,111.049776
1780456787,109.109027
1780456787,111.181358
1780456787,118.150591
1780456787,113.770513
1780456787,111.476329
1780456787,111.570782
1780456787,109.488023
1780456787,111.574048
1780456787,109.701479
1780456787,130.793619
1780456787,108.577241
1780456787,109.817635
1780456787,116.877091
1780456787,131.525778
1780456787,112.052541
1780456787,108.682326
1780456787,108.697976
1780456787,113.424655
1780456787,114.330704
1780456787,114.149182
1780456787,114.448288
1780456787,115.609098
1780456787,106.917369
1780456787,109.560808
1780456787,119.002562
1780456787,134.394655
1780456787,118.955569
1780456787,117.162315
1780456787,111.273058
1780456787,116.389697
1780456787,110.011719
1780456787,115.823131
1780456787,142.418003
1780456787,114.187889
1780456787,111.388064
1780456787,132.600400
1780456787,132.844621
1780456787,136.561394
1780456787,133.178113
1780456787,132.883257
1780456787,120.068740
1780456787,118.955118
1780456787,118.920919
1780456787,118.912599
1780456787,112.941375
1780456787,113.117223
1780456787,112.852467
1780456787,111.510043
1780456787,114.516082
1780456787,110.358264
1780456787,114.594099
1780456787,137.454677
1780456787,137.528102
1780456787,120.985055
1780456787,117.081286
1780456787,121.242442
1780456787,114.592306
1780456787,128.255469
1780456787,112.156396
1780456787,132.738397
1780456787,118.673276
1780456787,120.254615
1780456787,120.137978
1780456787,128.635797
1780456787,120.150391
1780456787,114.844104
1780456787,120.415694
1780456787,117.497370
1780456787,114.983505
1780456787,131.382630
1780456787,112.531631
1780456787,112.619213
1780456787,115.147153
1780456787,112.694821
1780456787,116.289833
1780456787,113.965465
1780456787,132.782090
1780456787,138.853534
1780456787,116.404805
1780456787,137.960824
1780456787,133.164615
1780456787,136.054247
1780456787,116.567726
1780456787,116.508928
1780456787,114.120254
1780456787,139.146401
1780456787,111.383162
1780456787,114.324862
1780456787,112.584753
1780456787,140.174502
1780456787,109.304974
1780456787,114.302347
1780456787,112.896286
1780456787,115.404528
1780456787,112.895629
1780456787,112.835150
1780456787,111.514836
1780456787,112.785030
1780456787,113.246118
1780456787,113.334568
1780456787,113.647375
1780456787,117.721595
1780456787,117.058332
1780456787,125.907934
1780456787,146.882867
1780456787,146.911680
1780456787,125.777419
1780456787,134.971111
1780456787,122.790089
1780456787,116.204645
1780456787,117.416089
1780456787,143.919353
1780456787,144.795846
1780456787,114.939631
1780456787,147.101727
1780456787,133.731794
1780456787,117.663256
1780456787,137.357335
1780456787,133.837129
1780456787,137.581172
1780456787,133.350137
1780456787,137.523674
1780456787,127.618269
1780456787,137.646478
1780456787,135.278187
1780456787,133.877990
1780456787,121.695642
1780456787,141.735197
1780456787,114.220238
1780456787,139.963491
1780456787,116.973677
1780456787,112.312364
1780456787,112.479363
1780456787,141.448597
1780456787,112.847770
1780456787,114.368378
1780456787,141.883656
1780456787,115.917001
1780456787,117.206763
1780456787,115.810244
1780456787,104.195199
1780456787,137.100981
1780456787,134.227772
1780456787,104.255928
1780456787,135.503432
1780456787,103.848771
1780456787,106.680439
1780456787,134.275519
1780456787,104.917266
1780456787,104.281147
1780456787,137.446303
1780456787,136.552792
1780456787,136.690472
1780456787,105.067715
1780456787,135.021035
1780456787,134.862077
1780456787,109.228819
1780456787,134.655405
1780456787,106.429420
1780456787,119.086991
1780456787,120.051050
1780456787,120.158752
1780456787,111.136661
1780456787,121.360752
1780456787,120.335030
1780456787,118.226195
1780456787,124.375545
1780456787,119.119008
1780456787,129.692104
1780456787,105.285714
1780456787,120.358885
1780456787,106.952474
1780456787,119.548470
1780456787,105.210287
1780456787,108.876862
1780456787,118.605622
1780456787,119.489539
1780456787,133.502374
1780456787,119.932286
1780456787,118.956708
1780456787,137.258990
1780456787,136.543464
1780456787,119.593027
1780456787,109.869403
1780456787,108.813796
1780456787,120.139967
1780456787,104.598280
1780456787,104.751537
1780456787,106.847960
1780456787,106.565113
1780456787,133.650741
1780456787,106.413788
1780456787,105.796795
1780456787,133.727465
1780456787,109.907207
1780456787,107.186438
1780456787,107.364323
1780456787,140.800717
1780456787,140.919461
1780456787,141.032839
1780456787,105.955965
1780456787,104.917560
1780456787,140.650777
1780456787,139.389751
1780456787,105.070870
1780456787,104.279460
1780456787,105.059285
1780456787,105.273134
1780456787,134.674982
1780456787,141.751137
1780456787,139.198178
1780456787,104.466815
1780456787,139.266453
1780456787,104.423094
1780456787,106.023202
1780456787,137.320119
1780456787,105.280968
1780456787,138.909981
1780456787,103.981248
1780456787,132.970808
1780456787,129.075201
1780456787,104.153816
1780456787,104.585798
1780456787,136.730303
1780456787,104.738002
1780456787,104.777005
1780456787,138.550844
1780456787,104.834496
1780456787,105.089806
1780456787,132.930818
1780456787,105.276416
1780456787,105.130825
1780456787,133.131371
1780456787,105.326406
1780456787,133.316778
1780456787,105.548980
1780456787,104.035978
1780456787,105.575621
1780456787,133.704348
1780456787,105.848238
1780456787,105.850983
1780456787,110.678712
1780456787,110.546494
1780456787,134.067743
1780456787,109.941749
1780456787,109.813074
1780456787,138.792291
1780456787,138.936976
1780456787,138.898776
1780456787,105.948465
1780456787,110.151815
1780456787,105.983044
1780456787,106.097948
1780456787,106.400619
1780456787,127.647172
1780456787,106.717034
1780456787,137.692740
1780456787,103.913584
1780456787,110.243842
1780456787,105.015220
1780456787,110.139532
1780456787,109.458921
1780456787,102.675203
1780456787,106.290864
1780456787,106.393616
1780456787,106.300626
1780456787,105.122405
1780456787,106.720166
1780456787,134.428783
1780456787,133.344431
1780456787,104.642273
1780456787,107.202748
1780456787,133.751126
1780456787,105.035182
1780456787,104.889555
1780456787,105.058737
1780456787,133.936897
1780456787,105.076510
1780456787,104.031866
1780456787,133.126813
1780456787,104.333470
1780456787,132.370878
1780456787,106.919132
1780456787,105.937832
1780456787,104.480017
1780456787,133.707933
1780456787,103.887125
1780456787,106.221885
1780456787,132.727261
1780456787,137.454560
1780456787,135.862651
1780456787,107.851249
1780456787,107.014252
1780456787,107.976373
1780456787,104.802148
1780456787,135.951959
1780456787,106.969573
1780456787,105.726030
1780456787,113.670275
1780456787,105.300042
1780456787,112.875191
1780456787,113.018579
1780456787,113.655682
1780456787,111.594281
1780456787,111.983412
1780456787,111.854709
1780456787,111.697372
1780456787,111.985969
1780456787,113.979436
1780456787,111.990544
1780456787,110.486160
1780456787,110.416624
1780456787,111.991386
1780456787,111.973686
1780456787,112.205039
1780456787,111.924363
1780456787,112.208567
1780456787,110.172221
1780456787,107.777907
1780456787,107.815893
1780456787,106.373769
1780456787,108.969894
1780456787,107.917521
1780456787,108.958224
1780456787,107.989984
1780456787,110.608427
1780456787,108.976277
1780456787,136.898498
1780456787,108.097240
1780456787,106.764239
1780456787,106.809453
1780456787,135.914655
1780456787,106.873924
1780456787,107.189993
1780456787,136.455067
1780456787,107.473382
1780456787,105.661903
1780456787,105.565420
1780456787,105.743766
1780456787,139.714175
1780456787,134.343595
1780456787,107.653775
1780456787,105.819742
1780456787,139.876021
1780456787,105.497629
1780456787,138.729136
1780456787,105.957854
1780456787,134.151538
1780456787,108.054417
1780456787,105.298563
1780456787,109.098670
1780456787,109.166599
1780456787,138.206933
1780456787,134.642693
1780456787,105.635327
1780456787,108.687406
1780456787,105.480759
1780456787,105.552961
1780456787,136.217807
1780456787,105.679690
1780456787,135.100472
1780456787,135.333395
1780456787,107.701169
1780456787,134.041997
1780456787,132.826414
1780456787,104.938712
1780456787,108.044645
1780456787,107.037415
1780456787,134.781128
1780456787,104.006681
1780456787,107.120819
1780456787,133.525804
1780456787,110.608866
1780456787,136.456669
1780456787,144.455205
1780456787,144.584991
1780456787,141.788899
1780456787,104.329643
1780456787,107.558046
1780456787,103.113386
1780456787,108.175883
1780456787,136.101718
1780456787,110.199988
1780456787,108.588593
1780456787,108.420299
1780456787,136.330295
1780456787,136.474031
1780456787,110.267349
1780456787,108.987958
1780456787,134.735629
1780456787,109.168482
1780456787,108.839150
1780456787,136.395100
1780456787,108.965637
1780456787,108.787552
1780456787,136.584076
1780456787,106.563558
1780456787,108.931636
1780456787,136.356512
1780456787,107.944176
1780456787,105.988084
1780456787,106.958060
1780456787,104.703317
1780456787,136.290212
1780456787,108.189359
1780456787,104.053211
1780456787,107.218505
1780456787,107.203246
1780456787,107.276150
1780456787,107.439573
1780456787,106.348747
1780456787,108.028452
1780456787,106.556425
1780456787,106.871545
1780456787,102.834211
1780456787,106.614216
1780456787,106.541549
1780456787,103.191914
1780456787,131.639705
1780456787,106.756706
1780456787,129.365106
1780456787,104.451428
1780456787,131.003083
1780456787,130.588834
1780456787,103.031358
1780456787,129.671184
1780456787,130.191393
1780456787,105.569003
1780456787,130.401212
1780456787,105.732362
1780456787,105.748853
1780456787,130.292479
1780456787,130.445337
1780456787,104.958427
1780456787,130.621804
1780456787,106.510952
1780456787,130.909040
1780456787,105.314311
1780456787,105.734761
1780456787,130.968028
1780456787,107.180295
1780456787,131.324061
1780456787,105.586551
1780456787,107.388759
1780456787,107.365386
1780456787,105.256870
1780456787,130.718601
1780456787,130.920333
1780456787,107.762393
1780456787,131.297042
1780456787,131.235469
1780456787,108.182763
1780456787,131.570832
1780456787,108.411354
1780456787,131.366726
1780456787,130.993650
1780456787,102.846893
1780456787,131.430899
1780456787,131.632979
1780456787,131.635187
1780456787,103.831680
1780456787,110.028464
1780456787,102.971211
1780456787,131.380950
1780456787,131.565270
1780456787,131.626721
1780456787,110.066888
1780456787,131.598486
1780456787,109.045299
1780456787,131.859350
1780456787,108.808222
1780456787,131.107343
1780456787,108.431997
1780456787,131.262699
1780456787,109.690323
1780456787,108.701956
1780456787,103.518398
1780456787,108.355520
1780456787,122.220647
1780456787,102.966250
1780456787,128.341782
1780456787,131.145231
1780456787,122.535007
1780456787,103.313871
1780456787,122.160818
1780456787,107.731348
1780456787,103.063525
1780456787,108.951930
1780456787,102.748821
1780456787,122.947137
1780456787,108.225931
1780456787,108.057625
1780456787,102.014271
1780456787,107.822651
1780456787,123.605059
1780456787,103.653856
1780456787,108.376025
1780456787,123.970597
1780456787,103.266585
1780456787,107.907908
1780456787,123.368737
1780456787,108.290183
1780456787,103.075473
1780456787,107.871010
1780456787,103.247003
1780456787,122.741017
1780456787,123.738811
1780456787,102.583861
1780456787,102.894431
1780456787,120.346670
1780456787,103.148344
1780456787,103.061455
1780456787,123.868671
1780456787,123.338618
1780456787,123.242167
1780456787,120.622358
1780456787,115.115895
1780456787,103.996748
1780456787,103.895702
1780456787,104.046316
1780456787,109.863889
1780456787,104.231763
1780456787,104.199686
1780456787,104.392735
1780456787,105.012705
1780456787,110.237698
1780456787,104.169731
1780456787,104.137251
1780456787,113.033841
1780456787,110.669948
1780456787,112.853188
1780456787,110.686915
1780456787,112.570851
1780456787,113.096638
1780456787,110.849441
1780456787,110.858788
1780456787,110.902287
1780456787,112.888317
1780456787,105.192527
1780456787,113.180475
1780456787,110.983201
1780456787,110.950879
1780456787,111.178742
1780456787,113.226994
1780456787,113.616633
1780456787,113.485637
1780456787,111.591753
1780456787,114.701390
1780456787,114.953594
1780456787,115.031328
1780456787,116.043018
1780456787,115.961184
1780456787,116.762350
1780456787,109.979008
1780456787,107.399461
1780456787,113.654001
1780456787,113.829898
1780456787,105.749189
1780456787,113.861345
1780456787,113.796312
1780456787,113.809919
1780456787,114.649239
1780456787,115.009958
1780456787,110.133259
1780456787,117.122153
1780456787,117.533515
1780456787,118.143972
1780456787,115.934884
1780456787,120.097611
1780456787,113.419731
1780456787,105.645862
1780456787,113.477739
1780456787,116.444192
1780456787,121.314521
1780456787,120.653711
1780456787,120.331323
1780456787,123.219383
1780456787,124.409504
1780456787,117.684326
1780456787,120.605425
1780456787,126.300441
1780456787,127.894294
1780456787,121.840104
1780456787,125.268807
1780456787,125.437914
1780456787,126.889273
1780456787,123.701685
1780456787,123.011954
1780456787,124.639583
1780456787,132.501441
1780456787,126.735584
1780456787,135.453831
1780456787,134.911920
1780456787,135.267247
1780456787,135.502226
1780456787,129.901405
1780456787,130.515777
1780456787,136.658186
1780456787,137.793455
1780456787,131.734704
1780456787,132.713243
1780456787,143.907139
1780456787,141.057934
1780456787,143.296410
1780456787,136.330983
1780456787,144.387549
1780456787,137.030230
1780456787,141.287024
1780456787,143.839316
1780456787,143.333498
1780456787,144.166991
1780456787,143.763453
1780456787,138.655458
1780456787,134.943512
1780456787,143.147179
1780456787,148.491182
1780456787,148.903997
1780456787,140.261808
1780456787,155.849118
1780456787,147.468113
1780456787,168.396977
1780456787,148.101928
1780456787,164.680796
1780456787,171.698188
1780456787,163.012415
1780456787,173.852777
1780456787,174.221800
1780456787,176.671338
1780456787,163.626914
1780456787,178.345553
1780456787,172.442794
1780456787,187.510879
1780456787,198.001372
1780456787,218.737236
1780456787,205.759234
1780456787,207.632129
1780456787,212.816321
1780456787,217.007546
1780456787,221.156859
1780456787,222.365643
1780456787,231.165127
1780456787,228.310367
1780456787,235.234522
1780456787,234.957240
1780456787,231.778810
1780456787,232.253881
1780456787,232.484128
1780456787,232.534332
1780456787,236.269813
1780456787,233.613870
1780456787,239.865574
1780456787,240.213443
1780456787,234.488400
1780456787,234.413012
1780456787,240.813063
1780456787,234.918514
1780456787,234.896105
1780456787,234.966708
1780456787,235.120756
1780456787,235.412290
1780456787,235.036526
1780456787,241.898942
1780456787,238.352839
1780456787,236.035815
1780456787,242.186008
1780456787,242.459163
1780456787,239.275355
1780456787,239.400823
1780456787,245.560128
1780456787,239.566216
1780456787,236.967640
1780456787,240.060728
1780456787,239.992717
1780456787,246.299585
1780456787,246.408705
1780456787,246.567084
1780456787,246.763207
1780456787,246.810457
1780456787,247.092547
1780456787,248.288999
1780456787,249.578762
1780456787,250.485326
1780456787,244.721030
1780456787,242.250754
1780456787,230.109915
1780456787,233.646187
1780456787,234.573939
1780456787,234.199057
1780456787,232.481445
1780456787,236.210519
1780456787,227.475887
1780456787,234.722516
1780456787,232.920261
1780456787,234.990203
1780456787,229.508646
1780456787,229.633154
1780456787,233.422416
1780456787,233.608380
1780456787,231.669189
1780456787,235.914669
1780456787,232.055794
1780456787,245.882472
1780456787,242.827994
1780456787,242.703617
1780456787,247.724969
1780456787,225.491834
1780456787,245.510801
1780456787,248.879404
1780456787,246.165939
1780456787,249.098307
1780456787,249.019742
1780456787,249.063458
1780456787,244.537788
1780456787,249.225687
1780456787,246.528172
1780456787,223.315968
1780456787,228.518395
1780456787,226.339102
1780456787,226.021321
1780456787,223.578816
1780456787,226.184127
1780456787,223.664709
1780456787,226.757199
1780456787,226.533221
1780456787,226.548756
1780456787,226.885883
1780456787,226.492555
1780456787,226.719704
1780456787,223.925547
1780456787,229.264907
1780456787,226.756857
1780456787,229.127443
1780456787,229.461447
1780456787,228.144116
1780456787,227.295383
1780456787,228.198315
1780456787,227.236625
1780456787,229.462633
1780456787,229.769005
1780456787,229.672042
1780456787,227.052716
1780456787,233.896211
1780456787,229.721321
1780456787,227.503378
1780456787,227.730245
1780456787,234.057914
1780456787,234.186363
1780456787,227.769636
1780456787,230.130812
1780456787,228.045939
1780456787,230.336916
1780456787,229.145223
1780456787,229.275128
1780456787,228.100244
1780456787,230.469886
1780456787,230.398810
1780456787,230.668517
1780456787,230.541304
1780456787,230.878123
1780456787,235.050087
1780456787,238.755032
1780456787,234.275621
1780456787,237.607861
1780456787,233.323846
1780456787,233.585320
1780456787,228.950622
1780456787,233.730733
1780456787,239.634754
1780456787,234.140301
1780456787,234.142726
1780456787,245.262896
1780456787,236.547586
1780456787,245.615040
1780456787,236.767153
1780456787,236.827145
1780456787,238.755554
1780456787,244.454461
1780456787,246.829390
1780456787,245.968825
1780456787,241.806459
1780456787,240.393678
1780456787,247.146423
1780456787,247.582326
1780456787,242.189379
1780456787,243.565251
1780456787,247.821899
1780456787,242.503065
1780456787,246.190410
1780456787,243.183675
1780456787,233.080685
1780456787,248.431595
1780456787,248.386276
1780456787,248.982582
1780456787,247.105950
1780456787,249.445102
1780456787,249.477879
1780456787,249.191719
1780456787,249.877261
1780456787,222.981660
1780456787,250.058405
1780456787,223.294890
1780456787,244.640154
1780456787,224.229771
1780456787,250.779866
1780456787,224.757892
1780456787,250.943636
1780456787,224.978647
1780456787,251.008238
1780456787,225.189565
1780456787,251.251342
1780456787,224.604272
1780456787,251.516367
1780456787,232.033772
1780456787,232.287819
1780456787,251.351692
1780456787,249.964082
1780456787,235.039140
1780456787,250.241430
1780456787,236.752065
1780456787,235.554219
1780456787,252.842077
1780456787,250.970241
1780456787,231.229049
1780456787,237.399036
1780456787,249.802432
1780456787,257.583530
1780456787,251.464811
1780456787,230.693986
1780456787,230.950740
1780456787,254.143410
1780456787,234.465303
1780456787,255.737591
1780456787,258.674878
1780456787,237.241633
1780456787,254.430420
1780456787,231.767627
1780456787,254.624502
1780456787,234.693898
1780456787,256.798013
1780456787,237.954082
1780456787,238.214053
1780456787,251.294771
1780456787,239.507103
1780456787,260.381927
1780456787,235.628299
1780456787,257.510936
1780456787,240.004484
1780456787,256.137104
1780456787,240.514435
1780456787,258.185227
1780456787,240.761158
1780456787,258.495642
1780456787,238.459148
1780456787,261.594237
1780456787,241.587796
1780456787,261.246308
1780456787,238.889707
1780456787,257.454591
1780456787,242.206969
1780456787,261.945051
1780456787,242.175863
1780456787,256.030326
1780456787,242.691019
1780456787,256.208863
1780456787,242.650356
1780456787,261.159518
1780456787,243.122136
1780456787,260.269025
1780456787,240.562169
1780456787,260.729490
1780456787,264.108659
1780456787,253.682461
1780456787,259.395218
1780456787,263.652726
1780456787,257.606089
1780456787,254.225434
1780456787,259.834653
1780456787,260.007421
1780456787,264.302349
1780456787,233.568176
1780456787,258.449457
1780456787,265.118359
1780456787,238.939706
1780456787,245.103162
1780456787,267.816974
1780456787,262.729970
1780456787,245.378950
1780456787,262.803001
1780456787,263.131017
1780456787,244.484416
1780456787,245.754372
1780456787,261.932650
1780456787,246.308571
1780456787,263.455413
1780456787,246.776858
1780456787,266.866491
1780456787,267.151231
1780456787,244.021766
1780456787,264.187093
1780456787,272.158147
1780456787,247.386473
1780456787,270.476667
1780456787,229.658132
1780456787,260.838192
1780456787,262.576947
1780456787,229.389206
1780456787,261.960131
1780456787,230.111437
1780456787,264.463751
1780456787,229.653364
1780456787,209.309719
1780456787,231.107370
1780456787,210.271760
1780456787,229.831767
1780456787,213.871296
1780456787,229.805467
1780456787,214.590587
1780456787,231.263871
1780456787,216.790219
1780456787,230.038480
1780456787,213.709660
1780456787,218.134374
1780456787,230.374430
1780456787,215.706883
1780456787,231.068195
1780456787,214.084865
1780456787,231.451409
1780456787,218.277534
1780456787,230.252310
1780456787,231.440161
1780456787,219.798299
1780456787,231.326930
1780456787,220.447783
1780456787,230.298888
1780456787,217.078169
1780456787,231.781252
1780456787,217.075293
1780456787,231.553424
1780456787,216.006540
1780456787,232.177818
1780456787,222.136484
1780456787,231.328827
1780456787,230.152527
1780456787,230.657465
1780456787,225.231427
1780456787,230.286443
1780456787,225.304758
1780456787,232.088255
1780456787,225.440940
1780456787,232.289098
1780456787,225.484816
1780456787,231.924307
1780456787,219.959562
1780456787,230.651637
1780456787,194.630832
1780456787,232.078773
1780456787,194.710467
1780456787,231.747295
1780456787,197.661571
1780456787,231.088226
1780456787,220.285209
1780456787,231.650772
1780456787,221.060879
1780456787,231.890954
1780456787,216.487222
1780456787,230.579030
1780456787,197.499934
1780456787,231.997037
1780456787,222.018004
1780456787,231.044803
1780456787,198.027498
1780456787,232.887796
1780456787,222.215070
1780456787,190.399160
1780456787,222.319275
1780456787,232.829205
1780456787,222.494793
1780456787,232.252862
1780456787,198.442127
1780456787,232.126212
1780456787,198.899854
1780456787,232.854616
1780456787,200.765534
1780456787,232.914655
1780456787,219.814058
1780456787,233.121758
1780456787,201.186562
1780456787,232.911138
1780456787,200.172348
1780456787,232.621020
1780456787,198.888913
1780456787,232.275633
1780456787,203.636599
1780456787,233.202986
1780456787,200.540042
1780456787,198.735476
1780456787,233.053730
1780456787,205.014063
1780456787,232.810076
1780456787,205.832007
1780456787,233.326568
1780456787,205.834250
1780456787,236.313132
1780456787,236.295012
1780456787,200.610863
1780456787,237.601461
1780456787,199.754096
1780456787,237.840424
1780456787,202.509126
1780456787,202.475182
1780456787,237.904648
1780456787,219.578445
1780456787,202.519716
1780456787,191.795264
1780456787,204.082022
1780456787,219.911275
1780456787,204.628535
1780456787,204.660276
1780456787,221.357731
1780456787,212.183119
1780456787,232.623636
1780456787,207.461414
1780456787,222.121289
1780456787,206.013306
1780456787,222.111865
1780456787,186.185743
1780456787,231.987576
1780456787,185.988836
1780456787,226.846313
1780456787,187.366538
1780456787,223.142451
1780456787,186.269582
1780456787,223.513916
1780456787,192.340531
1780456787,223.642470
1780456787,193.334445
1780456787,224.401344
1780456787,193.055402
1780456787,223.453498
1780456787,226.814152
1780456787,193.617020
1780456787,226.972319
1780456787,193.751887
1780456787,226.935045
1780456787,193.824410
1780456787,227.069705
1780456787,189.237616
1780456787,226.953499
1780456787,193.890091
1780456787,227.062262
1780456787,194.566227
1780456787,227.262035
1780456787,194.680252
1780456787,227.283744
1780456787,191.780267
1780456787,227.208281
1780456787,201.959933
1780456787,224.777467
1780456787,202.415666
1780456787,224.231822
1780456787,194.869031
1780456787,233.312786
1780456787,202.913707
1780456787,224.462650
1780456787,199.978137
1780456787,232.497614
1780456787,192.903250
1780456787,224.557642
1780456787,195.471015
1780456787,233.329289
1780456787,195.016892
1780456787,233.380943
1780456787,199.285671
1780456787,233.586834
1780456787,192.938485
1780456787,232.492205
1780456787,193.090269
1780456787,233.582702
1780456787,193.080008
1780456787,233.797139
1780456787,191.269962
1780456787,233.796687
1780456787,194.326344
1780456787,224.650497
1780456787,193.766876
1780456787,226.373612
1780456787,203.316018
1780456787,225.239685
1780456787,203.372086
1780456787,203.395055
1780456787,232.821050
1780456787,203.773777
1780456787,226.378996
1780456787,203.881229
1780456787,232.911116
1780456787,203.991500
1780456787,192.446060
1780456787,204.027465
1780456787,232.876995
1780456787,232.693844
1780456787,207.259394
1780456787,233.269766
1780456787,207.244529
1780456787,234.502467
1780456787,208.166711
1780456787,233.308483
1780456787,206.785875
1780456787,226.723893
1780456787,209.457020
1780456787,233.205708
1780456787,208.755693
1780456787,233.313343
1780456787,209.550050
1780456787,232.780447
1780456787,207.733205
1780456787,226.813096
1780456787,194.858687
1780456787,228.353728
1780456787,211.016515
1780456787,228.393530
1780456787,222.978598
1780456787,226.929526
1780456787,220.206062
1780456787,233.336782
1780456787,197.480040
1780456787,233.716107
1780456787,233.090304
1780456787,222.287735
1780456787,233.755702
1780456787,196.759166
1780456787,196.811712
1780456787,233.814321
1780456787,233.974991
1780456787,184.753830
1780456787,233.525648
1780456787,187.398003
1780456787,209.880702
1780456787,183.990699
1780456787,209.386054
1780456787,187.295234
1780456787,209.963652
1780456787,188.541356
1780456787,209.585789
1780456787,189.060730
1780456787,209.697558
1780456787,190.137244
1780456787,190.717867
1780456787,268.589291
1780456787,190.863010
1780456787,106.902124
1780456787,190.987084
1780456787,142.350587
1780456787,141.724322
1780456787,191.165069
1780456787,191.796147
1780456787,142.294598
1780456787,192.144555
1780456787,107.890623
1780456787,192.268636
1780456787,107.482186
1780456787,193.810558
1780456787,108.089659
1780456787,204.936074
1780456787,108.039405
1780456787,198.034789
1780456787,107.920837
1780456787,140.644883
1780456787,195.792380
1780456787,194.652994
1780456787,108.556075
1780456787,183.797799
1780456787,108.075627
1780456787,184.105662
1780456787,142.886327
1780456787,144.041267
1780456787,184.666054
1780456787,142.531055
1780456787,195.911656
1780456787,108.981114
1780456787,184.694738
1780456787,108.858718
1780456787,195.735642
1780456787,108.952776
1780456787,196.039089
1780456787,143.259971
1780456787,196.769764
1780456787,142.510145
1780456787,184.906033
1780456787,109.283676
1780456787,196.872186
1780456787,109.219601
1780456787,185.732562
1780456787,109.423110
1780456787,185.852532
1780456787,144.530276
1780456787,188.937847
1780456787,141.614159
1780456787,197.102816
1780456787,111.480617
1780456787,185.958893
1780456787,111.323609
1780456787,186.675599
1780456787,111.875211
1780456787,189.750825
1780456787,112.764035
1780456787,189.591344
1780456787,111.812546
1780456787,186.037296
1780456787,112.983332
1780456787,188.519088
1780456787,113.818776
1780456787,190.537104
1780456787,112.179664
1780456787,190.602362
1780456787,191.541943
1780456787,150.962550
1780456787,179.280288
1780456787,127.524866
1780456787,168.384348
1780456787,112.839898
1780456787,168.855425
1780456787,133.637578
1780456787,169.240654
1780456787,112.724231
1780456787,168.019786
1780456787,172.891895
1780456787,114.482926
1780456787,172.226317
1780456787,113.432822
1780456787,169.528154
1780456787,113.657794
1780456787,171.057775
1780456787,129.380407
1780456787,113.999609
1780456787,178.730884
1780456787,132.399288
1780456787,180.099173
1780456787,114.526325
1780456787,175.186052
1780456787,116.038943
1780456787,170.906973
1780456787,115.127600
1780456787,174.501759
1780456787,116.310003
1780456787,174.471789
1780456787,115.614322
1780456787,176.925770
1780456787,117.441869
1780456787,174.238078
1780456787,115.053585
1780456787,174.581314
1780456787,118.575347
1780456787,151.791394
1780456787,118.779498
1780456787,181.460020
1780456787,145.708033
1780456787,172.623478
1780456787,118.309509
1780456787,134.384799
1780456787,170.951070
1780456787,132.990584
1780456787,172.584377
1780456787,116.367969
1780456787,176.572758
1780456787,133.195762
1780456787,172.284097
1780456787,119.898030
1780456787,180.467433
1780456787,119.963919
1780456787,171.981720
1780456787,119.718274
1780456787,180.992469
1780456787,119.668294
1780456787,176.671949
1780456787,134.781620
1780456787,177.232805
1780456787,118.224614
1780456787,180.545794
1780456787,121.329924
1780456787,147.400014
1780456787,173.020053
1780456787,174.020520
1780456787,236.369360
1780456787,237.719041
1780456787,174.374962
1780456787,181.031220
1780456787,174.813430
1780456787,229.670303
1780456787,113.696362
1780456787,179.341128
1780456787,182.748645
1780456787,152.907867
1780456787,179.725716
1780456787,163.114746
1780456787,180.283256
1780456787,154.597186
1780456787,182.913296
1780456787,153.809869
1780456787,182.990688
1780456787,153.289719
1780456787,183.059754
1780456787,154.432754
1780456787,182.955801
1780456787,155.683688
1780456787,180.511176
1780456787,154.766186
1780456787,175.633696
1780456787,153.152422
1780456787,183.017678
1780456787,165.269027
1780456787,176.818621
1780456787,156.938481
1780456787,181.990604
1780456787,156.156758
1780456787,181.121140
1780456787,165.528224
1780456787,182.236474
1780456787,156.631308
1780456787,184.489301
1780456787,158.614670
1780456787,183.209959
1780456787,158.829006
1780456787,184.609048
1780456787,159.213288
1780456787,182.648841
1780456787,159.500064
1780456787,184.695978
1780456787,159.712236
1780456787,178.811979
1780456787,162.234453
1780456787,183.448416
1780456787,183.508703
1780456787,133.564189
1780456787,184.894453
1780456787,162.003418
1780456787,185.089155
1780456787,160.965391
1780456787,183.556750
1780456787,186.689348
1780456787,162.067491
1780456787,186.074331
1780456787,186.063735
1780456787,176.862012
1780456787,187.472239
1780456787,138.561276
1780456787,184.984848
1780456787,139.118030
1780456787,182.832829
1780456787,139.374135
1780456787,185.145258
1780456787,140.049014
1780456787,166.186089
1780456787,185.688423
1780456787,140.453441
1780456787,179.481260
1780456787,187.779829
1780456787,140.601656
1780456787,140.785884
1780456787,186.378088
1780456787,140.720831
1780456787,187.070892
1780456787,163.078817
1780456787,140.998479
1780456787,161.159013
1780456787,156.176459
1780456787,164.523448
1780456787,155.999642
1780456787,164.720782
1780456787,143.602475
1780456787,146.515495
1780456787,142.723937
1780456787,165.183257
1780456787,143.443229
1780456787,177.845775
1780456787,143.301818
1780456787,167.654615
1780456787,144.075757
1780456787,166.397418
1780456787,143.132568
1780456787,143.993096
1780456787,170.843882
1780456787,145.420610
1780456787,166.386481
1780456787,145.146292
1780456787,177.821892
1780456787,144.564049
1780456787,167.479381
1780456787,145.587878
1780456787,168.776184
1780456787,159.172838
1780456787,170.107478
1780456787,145.812571
1780456787,176.131600
1780456787,144.831352
1780456787,146.796305
1780456787,147.503037
1780456787,176.510677
1780456787,147.751899
1780456787,184.551885
1780456787,148.207705
1780456787,172.460821
1780456787,172.600799
1780456787,159.730752
1780456787,147.892503
1780456787,159.617089
1780456787,149.717971
1780456787,149.079640
1780456787,152.640624
1780456787,153.915633
1780456787,151.515405
1780456787,159.605501
1780456787,154.170465
1780456787,153.352692
1780456787,152.915088
1780456787,159.836286
1780456787,154.667372
1780456787,148.816502
1780456787,149.330391
1780456787,153.233933
1780456787,160.127628
1780456787,161.390750
1780456787,154.046067
1780456787,154.420023
1780456787,160.258598
1780456787,183.586528
1780456787,165.881058
1780456787,153.921457
1780456787,135.737653
1780456787,160.786991
1780456787,135.642451
1780456787,150.671533
1780456787,136.315443
1780456787,150.014900
1780456787,147.795194
1780456787,153.907151
1780456787,136.587535
1780456787,153.390980
1780456787,136.697639
1780456787,154.205469
1780456787,136.981679
1780456787,154.623831
1780456787,137.049543
1780456787,152.868908
1780456787,137.865964
1780456787,132.234420
1780456787,138.537804
1780456787,131.888479
1780456787,138.898442
1780456787,132.085981
1780456787,137.406061
1780456787,125.816228
1780456787,137.495806
1780456787,139.449825
1780456787,132.753592
1780456787,139.087789
1780456787,164.526331
1780456787,143.962164
1780456787,139.865120
1780456787,145.034259
1780456787,134.312691
1780456787,153.363071
1780456787,135.551191
1780456787,138.381504
1780456787,134.691727
1780456787,140.410973
1780456787,149.837621
1780456787,154.978493
1780456787,143.941382
1780456787,168.118739
1780456787,134.745096
1780456787,155.752518
1780456787,133.844877
1780456787,146.244124
1780456787,140.951731
1780456787,141.157938
1780456787,147.626671
1780456787,147.817006
1780456787,134.205619
1780456787,164.668387
1780456787,135.251837
1780456787,165.254835
1780456787,147.533136
1780456787,140.619026
1780456787,122.270072
1780456787,151.198434
1780456787,133.532571
1780456787,144.385836
1780456787,124.327909
1780456787,145.761521
1780456787,123.193479
1780456787,135.762245
1780456787,126.825244
1780456787,135.834467
1780456787,136.369783
1780456787,125.212335
1780456787,139.909470
1780456787,136.211001
1780456787,125.635093
1780456787,125.552957
1780456787,136.770232
1780456787,163.235504
1780456787,124.802831
1780456787,126.069319
1780456787,133.443078
1780456787,126.615437
1780456787,126.332051
1780456787,125.988334
1780456787,126.193383
1780456787,126.583851
1780456787,125.273927
1780456787,127.815459
1780456787,125.946619
1780456787,157.082589
1780456787,128.389655
1780456787,128.704079
1780456787,127.621245
1780456787,129.745761
1780456787,129.640188
1780456787,123.915677
1780456787,158.809730
1780456787,159.932988
1780456787,128.967434
1780456787,127.848827
1780456787,125.421532
1780456787,125.289762
1780456787,128.193311
1780456787,130.983726
1780456787,129.323933
1780456787,161.119974
1780456787,130.965772
1780456787,128.962609
1780456787,131.157089
1780456787,131.309448
1780456787,130.457412
1780456787,131.272861
1780456787,130.585719
1780456787,133.428090
1780456787,130.825282
1780456787,273.354415
1780456787,278.032942
1780456787,160.541548
1780456787,216.945422
1780456787,130.995146
1780456787,144.275925
1780456787,112.549991
1780456787,161.349462
1780456787,113.240549
1780456787,131.195074
1780456787,114.294995
1780456787,131.389006
1780456787,114.169994
1780456787,130.835390
1780456787,161.527410
1780456787,113.439517
1780456787,113.605754
1780456787,130.790477
1780456787,114.726716
1780456787,131.456849
1780456787,114.818688
1780456787,115.238846
1780456787,113.922826
1780456787,114.140679
1780456787,103.054167
1780456787,103.559644
1780456787,103.966181
1780456787,103.740629
1780456787,103.478909
1780456787,140.595301
1780456787,104.414966
1780456787,104.211330
1780456787,104.627628
1780456787,105.094951
1780456787,105.291231
1780456787,105.689723
1780456787,105.805580
1780456787,105.124581
1780456787,105.533974
1780456787,106.252152
1780456787,106.491485
1780456787,141.193022
1780456787,106.641112
1780456787,107.356251
1780456787,106.849737
1780456787,107.593256
1780456787,107.344171
1780456787,108.568917
1780456787,108.874164
1780456787,141.690906
1780456787,108.604733
1780456787,108.883552
1780456787,109.953959
1780456787,109.711945
1780456787,110.426909
1780456787,108.388477
1780456787,144.635868
1780456787,110.765413
1780456787,144.762923
1780456787,109.947090
1780456787,144.510476
1780456787,111.143197
1780456787,145.041293
1780456787,111.451155
1780456787,145.187201
1780456787,112.411232
1780456787,110.836086
1780456787,112.660357
1780456787,112.910950
1780456787,113.208951
1780456787,146.041809
1780456787,114.017590
1780456787,111.756736
1780456787,146.290615
1780456787,114.289178
1780456787,113.423188
1780456787,146.510105
1780456787,114.505060
1780456787,112.597197
1780456787,112.582548
1780456787,104.329661
1780456787,103.371797
1780456787,103.683663
1780456787,105.281774
1780456787,104.708115
1780456787,104.021608
1780456787,103.039037
1780456787,104.337142
1780456787,142.171336
1780456787,131.599932
1780456787,132.471920
1780456787,106.397035
1780456787,105.785120
1780456787,105.335900
1780456787,106.541148
1780456787,105.328153
1780456787,102.396427
1780456787,105.349141
1780456787,104.413603
1780456787,104.804907
1780456787,105.159538
1780456787,104.947151
1780456787,102.572757
1780456787,105.587487
1780456787,134.189043
1780456787,104.852919
1780456787,104.578174
1780456787,104.852057
1780456787,104.648241
1780456787,104.537448
1780456787,104.400617
1780456787,103.849729
1780456787,104.473491
1780456787,131.653338
1780456787,131.043514
1780456787,102.332206
1780456787,102.388250
1780456787,147.158124
1780456787,146.151738
1780456787,102.592913
1780456787,102.480443
1780456787,146.347340
1780456787,103.163196
1780456787,102.780551
1780456787,102.931735
1780456787,103.069944
1780456787,102.784745
1780456787,103.050781
1780456787,102.985589
1780456787,101.864681
1780456787,102.896884
1780456787,103.116527
1780456787,102.927286
1780456787,141.349765
1780456787,102.844135
1780456787,102.972186
1780456787,103.374981
1780456787,141.562207
1780456787,103.536269
1780456787,102.437820
1780456787,141.994668
1780456787,141.955826
1780456787,103.373988
1780456787,140.454874
1780456787,140.570982
1780456787,142.508383
1780456787,141.895573
1780456787,140.614771
1780456787,102.773787
1780456787,142.832208
1780456787,104.608666
1780456787,104.321114
1780456787,142.883828
1780456787,103.582819
1780456787,142.956707
1780456787,103.290974
1780456787,143.027668
1780456787,102.950008
1780456787,105.208667
1780456787,141.266499
1780456787,141.381155
1780456787,102.833975
1780456787,103.041640
1780456787,140.666340
1780456787,102.798325
1780456787,143.689717
1780456787,104.642526
1780456787,104.011473
1780456787,102.814075
1780456787,103.023834
1780456787,143.111670
1780456787,102.773282
1780456787,102.146241
1780456787,103.277868
1780456787,102.614242
1780456787,103.077001
1780456787,103.163273
1780456787,139.026419
1780456787,102.763052
1780456787,102.744567
1780456787,138.397084
1780456787,104.266984
1780456787,102.467701
1780456787,101.796671
1780456787,102.852883
1780456787,137.462529
1780456787,102.934818
1780456787,103.379930
1780456787,104.028825
1780456787,137.912084
1780456787,102.669797
1780456787,102.530936
1780456787,141.439608
1780456787,102.525153
1780456787,102.640514
1780456787,103.319105
1780456787,141.342433
1780456787,103.094920
1780456787,102.954983
1780456787,102.822897
1780456787,139.752852
1780456787,140.156081
1780456787,102.917231
1780456787,139.196990
1780456787,103.211780
1780456787,102.497052
1780456787,138.351408
1780456787,102.533018
1780456787,141.804781
1780456787,138.213687
1780456787,102.526753
1780456787,102.866175
1780456787,102.917093
1780456787,102.462272
1780456787,102.481757
1780456787,107.860051
1780456787,138.474726
1780456787,143.113458
1780456787,102.763469
1780456787,108.129316
1780456787,103.394750
1780456787,138.748850
1780456787,107.381620
1780456787,107.887401
1780456787,140.007304
1780456787,102.993228
1780456787,143.692082
1780456787,146.778509
1780456787,144.707099
1780456787,107.035549
1780456787,144.789168
1780456787,103.279937
1780456787,107.053353
1780456787,145.067649
1780456787,102.899324
1780456787,140.032892
1780456787,106.720590
1780456787,104.019791
1780456787,106.371926
1780456787,104.053962
1780456787,142.817079
1780456787,103.956682
1780456787,106.616346
1780456787,145.244183
1780456787,142.467294
1780456787,104.047011
1780456787,106.087000
1780456787,103.668265
1780456787,145.474135
1780456787,141.771760
1780456787,105.786507
1780456787,102.928052
1780456787,103.120806
1780456787,105.460766
1780456787,105.187136
1780456787,104.996389
1780456787,105.090115
1780456787,102.711256
1780456787,104.933844
1780456787,105.032225
1780456787,104.275238
1780456787,104.981474
1780456787,104.693930
1780456787,104.696854
1780456787,104.552440
1780456787,103.982927
1780456787,104.508538
1780456787,104.218472
1780456787,102.741161
1780456787,104.125537
1780456787,103.653986
1780456787,104.074347
1780456787,103.806452
1780456787,104.367031
1780456787,104.095448
1780456787,104.485022
1780456787,105.148202
1780456787,104.878652
1780456787,102.327622
1780456787,105.717572
1780456787,103.319427
1780456787,103.157342
1780456787,103.534737
1780456787,103.631221
1780456787,102.684631
1780456787,103.056063
1780456787,104.018287
1780456787,103.463404
1780456787,102.443319
1780456787,103.329088
1780456787,102.633597
1780456787,102.372611
1780456787,103.233844
1780456787,103.419969
1780456787,102.825839
1780456787,103.327152
1780456787,102.654459
1780456787,103.304296
1780456787,102.729245
1780456787,102.429620
1780456787,103.428826
1780456787,102.854520
1780456787,141.584816
1780456787,102.439401
1780456787,104.005816
1780456787,140.773218
1780456787,103.830204
1780456787,142.936734
1780456787,142.528744
1780456787,103.500980
1780456787,142.783154
1780456787,103.156905
1780456787,141.254190
1780456787,103.452877
1780456787,140.249908
1780456787,103.316124
1780456787,142.440045
1780456787,139.578425
1780456787,103.231877
1780456787,139.931174
1780456787,102.482787
1780456787,102.553465
1780456787,102.596609
1780456787,102.595519
1780456787,102.516652
1780456787,102.672068
1780456787,102.853661
1780456787,102.650586
1780456787,102.516607
1780456787,102.817555
1780456787,103.114539
1780456787,102.935346
1780456787,102.838711
1780456787,102.732075
1780456787,102.746007
1780456787,102.752263
1780456787,101.921698
1780456787,103.030409
1780456787,103.001445
1780456787,151.840371
1780456787,104.372729
1780456787,103.486244
1780456787,104.193179
1780456787,150.599221
1780456787,104.549634
1780456787,152.538549
1780456787,103.286224
1780456787,153.003534
1780456787,104.829168
1780456787,103.669559
1780456787,147.480999
1780456787,103.046461
1780456787,149.291499
1780456787,146.293096
1780456787,142.174980
1780456787,146.006530
1780456787,103.226528
1780456787,143.447254
1780456787,151.575438
1780456787,152.212868
1780456787,102.889766
1780456787,141.497115
1780456787,105.481545
1780456787,145.732270
1780456787,152.367904
1780456787,147.336006
1780456787,141.297439
1780456787,105.805754
1780456787,145.555110
1780456787,141.011940
1780456787,103.008866
1780456787,154.445646
1780456787,103.151457
1780456787,104.765852
1780456787,153.041616
1780456787,106.320405
1780456787,147.957338
1780456787,143.972335
1780456787,153.107348
1780456787,142.891395
1780456787,106.775539
1780456787,103.817446
1780456787,104.407561
1780456787,102.684364
1780456787,153.818437
1780456787,102.545687
1780456787,107.018766
1780456787,153.872037
1780456787,112.387597
1780456787,148.285965
1780456787,104.777837
1780456787,106.630885
1780456787,104.145017
1780456787,154.104906
1780456787,102.734139
1780456787,107.415856
1780456787,107.566198
1780456787,104.035250
1780456787,107.584924
1780456787,153.336425
1780456787,103.987160
1780456787,148.842976
1780456787,103.658454
1780456787,148.875995
1780456787,152.909436
1780456787,148.416763
1780456787,107.194687
1780456787,103.238040
1780456787,103.556730
1780456787,103.616018
1780456787,148.604908
1780456787,103.292570
1780456787,107.003102
1780456787,102.987360
1780456787,103.555889
1780456787,105.994375
1780456787,107.891455
1780456787,103.187980
1780456787,102.079162
1780456787,103.971822
1780456787,102.885096
1780456787,106.927759
1780456787,106.496807
1780456787,149.564167
1780456787,103.481521
1780456787,149.546615
1780456787,148.560331
1780456787,106.892922
1780456787,106.471264
1780456787,142.084564
1780456787,106.346719
1780456787,103.202802
1780456787,103.099704
1780456787,149.956451
1780456787,105.816476
1780456787,105.621537
1780456787,144.815926
1780456787,105.089572
1780456787,147.611992
1780456787,102.094762
1780456787,104.059033
1780456787,104.236894
1780456787,146.239553
1780456787,104.799941
1780456787,143.732435
1780456787,145.092856
1780456787,104.294640
1780456787,102.946906
1780456787,145.457339
1780456787,103.622707
1780456787,103.683987
1780456787,102.991373
1780456787,103.605281
1780456787,144.389999
1780456787,102.834623
1780456787,144.471516
1780456787,103.269532
1780456787,102.631695
1780456787,102.685054
1780456787,103.266869
1780456787,103.167203
1780456787,102.682281
1780456787,102.882152
1780456787,103.270270
1780456787,102.622976
1780456787,101.715036
1780456787,102.765218
1780456787,143.159530
1780456787,102.856957
1780456787,143.053343
1780456787,103.427589
1780456787,143.276691
1780456787,143.223410
1780456787,143.021879
1780456787,102.574361
1780456787,103.175140
1780456787,102.588509
1780456787,103.115699
1780456787,102.728791
1780456787,144.180066
1780456787,103.854061
1780456787,103.177275
1780456787,103.465194
1780456787,103.346266
1780456787,103.722340
1780456787,144.788433
1780456787,144.699902
1780456787,103.820562
1780456787,142.834329
1780456787,102.937097
1780456787,139.728911
1780456787,145.139421
1780456787,144.374123
1780456787,142.238870
1780456787,103.812149
1780456787,103.970335
1780456787,140.916457
1780456787,103.812927
1780456787,103.827027
1780456787,103.538548
1780456787,105.066097
1780456787,105.256499
1780456787,140.756404
1780456787,136.539918
1780456787,105.691644
1780456787,104.362426
1780456787,103.776846
1780456787,144.129617
1780456787,104.436970
1780456787,104.016503
1780456787,104.008269
1780456787,142.632995
1780456787,137.271046
1780456787,142.085188
1780456787,148.219635
1780456787,142.388810
1780456787,102.884357
1780456787,104.775486
1780456787,104.521539
1780456787,141.848208
1780456787,132.392898
1780456787,104.249656
1780456787,105.174829
1780456787,104.855728
1780456787,132.664975
1780456787,104.175407
1780456787,132.302165
1780456787,104.909143
1780456787,130.208950
1780456787,105.439722
1780456787,104.378782
1780456787,105.378339
1780456787,145.043687
1780456787,107.154188
1780456787,104.299441
1780456787,132.430204
1780456787,106.578465
1780456787,103.460226
1780456787,104.206897
1780456787,106.298560
1780456787,142.255830
1780456787,139.534178
1780456787,108.723608
1780456787,104.872319
1780456787,105.046862
1780456787,105.344950
1780456787,125.320863
1780456787,105.566765
1780456787,104.378399
1780456787,105.155144
1780456787,122.931388
1780456787,126.990184
1780456787,120.834577
1780456787,126.805336
1780456787,109.424527
1780456787,137.476994
1780456787,133.004154
1780456787,125.210332
1780456787,127.023554
1780456787,107.028209
1780456787,128.003655
1780456787,127.958350
1780456787,105.294977
1780456787,125.316596
1780456787,126.671767
1780456787,126.474115
1780456787,102.520007
1780456787,103.359026
1780456787,124.378655
1780456787,126.751484
1780456787,119.492105
1780456787,105.094671
1780456787,105.906491
1780456787,132.127799
1780456787,131.573111
1780456787,121.368533
1780456787,106.470324
1780456787,126.928385
1780456787,106.490857
1780456787,106.888473
1780456787,126.673563
1780456787,102.811694
1780456787,102.559460
1780456787,102.827253
1780456787,102.804327
1780456787,102.713186
1780456787,102.628513
1780456787,103.019012
1780456787,102.834743
1780456788,117.118162
1780456788,120.348362
1780456788,132.607750
1780456788,116.047535
1780456788,105.936621
1780456788,118.562432
1780456788,116.567386
1780456788,111.331119
1780456788,129.121885
1780456788,107.444742
1780456788,122.132508
1780456788,105.832407
1780456788,115.440584
1780456788,104.564004
1780456788,104.598518
1780456788,105.559207
1780456788,105.048914
1780456788,105.085436
1780456788,105.728255
1780456788,104.411213
1780456788,104.909185
1780456788,106.598913
1780456788,105.800339
1780456788,104.473998
1780456788,104.725505
1780456788,108.894692
1780456788,109.011113
1780456788,106.221842
1780456788,107.468007
1780456788,105.933402
1780456788,104.597214
1780456788,105.288225
1780456788,105.966510
1780456788,105.925385
1780456788,107.104124
1780456788,102.700520
1780456788,105.619423
1780456788,104.893265
1780456788,104.952074
1780456788,104.662058
1780456788,104.793875
1780456788,104.470876
1780456788,104.424341
1780456788,103.033587
1780456788,105.195360
1780456788,106.420031
1780456788,106.421365
1780456788,110.574323
1780456788,104.147578
1780456788,105.723300
1780456788,109.873953
1780456788,109.634254
1780456788,106.993340
1780456788,105.196999
1780456788,111.587360
1780456788,108.688290
1780456788,110.538385
1780456788,107.999681
1780456788,106.569990
1780456788,106.497171
1780456788,111.695138
1780456788,111.840793
1780456788,111.882851
1780456788,113.161471
1780456788,102.555440
1780456788,111.826793
1780456788,102.676081
1780456788,102.955329
1780456788,110.970972
1780456788,103.104029
1780456788,103.359382
1780456788,103.308415
1780456788,112.377494
1780456788,103.461534
1780456788,103.277251
1780456788,103.168331
1780456788,103.636588
1780456788,103.565095
1780456788,103.795319
1780456788,103.749841
1780456788,110.669760
1780456788,109.458386
1780456788,103.993434
1780456788,103.920114
1780456788,104.149555
1780456788,112.120347
1780456788,102.848371
1780456788,112.147260
1780456788,104.467100
1780456788,104.178055
1780456788,111.123317
1780456788,112.179850
1780456788,102.694245
1780456788,109.785063
1780456788,103.138659
1780456788,104.355212
1780456788,103.313178
1780456788,105.172395
1780456788,103.086361
1780456788,103.796982
1780456788,103.099948
1780456788,103.889484
1780456788,105.714654
1780456788,105.634908
1780456788,104.109185
1780456788,103.456785
1780456788,104.713910
1780456788,104.404246
1780456788,104.995952
1780456788,105.216423
1780456788,104.929509
1780456788,104.746052
1780456788,105.000332
1780456788,105.295042
1780456788,105.293299
1780456788,105.019661
1780456788,105.496788
1780456788,104.343765
1780456788,105.347565
1780456788,105.834104
1780456788,103.571811
1780456788,105.954448
1780456788,105.538489
1780456788,106.692150
1780456788,102.689462
1780456788,103.984098
1780456788,104.315163
1780456788,106.659300
1780456788,103.118481
1780456788,103.149967
1780456788,103.822402
1780456788,106.854460
1780456788,103.231365
1780456788,106.913648
1780456788,103.014491
1780456788,107.406469
1780456788,107.306330
1780456788,107.169597
1780456788,107.364269
1780456788,107.649351
1780456788,102.597856
1780456788,102.723941
1780456788,102.916562
1780456788,107.912172
1780456788,107.150237
1780456788,103.030915
1780456788,102.965755
1780456788,103.134035
1780456788,108.755339
1780456788,102.278938
1780456788,102.582220
1780456788,106.591159
1780456788,108.417153
1780456788,102.697780
1780456788,106.559846
1780456788,101.492673
1780456788,102.664835
1780456788,101.649529
1780456788,108.093817
1780456788,101.842156
1780456788,108.146682
1780456788,107.072434
1780456788,107.210181
1780456788,107.295166
1780456788,107.342857
1780456788,102.365583
1780456788,106.364867
1780456788,107.551089
1780456788,102.645097
1780456788,107.745775
1780456788,106.322870
1780456788,102.754370
1780456788,102.725431
1780456788,105.027849
1780456788,105.391245
1780456788,105.392004
1780456788,104.549921
1780456788,104.660028
1780456788,104.723800
1780456788,102.421516
1780456788,103.964953
1780456788,104.147312
1780456788,102.691160
1780456788,102.765882
1780456788,102.741830
1780456788,102.957585
1780456788,102.152394
1780456788,103.081214
1780456788,103.226292
1780456788,103.358006
1780456788,102.671707
1780456788,102.686660
1780456788,103.380631
1780456788,101.561163
1780456788,103.397525
1780456788,103.516151
1780456788,102.968779
1780456788,103.036036
1780456788,103.156442
1780456788,102.574271
1780456788,102.620041
1780456788,102.742538
1780456788,102.786166
1780456788,102.859679
1780456788,102.858253
1780456788,102.536160
1780456788,102.516462
1780456788,102.699302
1780456788,102.615623
1780456788,102.758659
1780456788,102.755491
1780456788,102.882269
1780456788,102.952791
1780456788,103.007029
1780456788,102.943686
1780456788,102.714066
1780456788,103.069925
1780456788,102.980648
1780456788,102.296125
1780456788,102.463138
1780456788,102.556407
1780456788,102.615399
1780456788,102.692760
1780456788,102.802258
1780456788,102.880871
1780456788,102.808172
1780456788,103.018834
1780456788,102.983188
1780456788,103.168783
1780456788,102.313868
1780456788,102.405280
1780456788,102.382161
1780456788,102.645996
1780456788,102.662617
1780456788,102.599026
1780456788,102.901185
1780456788,102.812286
1780456788,102.865444
1780456788,103.010047
1780456788,102.254319
1780456788,102.378496
1780456788,102.430750
1780456788,102.538042
1780456788,102.563290
1780456788,102.609415
1780456788,102.721321
1780456788,102.707496
1780456788,102.789545
1780456788,103.076716
1780456788,102.466478
1780456788,102.757639
1780456788,102.658484
1780456788,102.763784
1780456788,102.828375
1780456788,102.970727
1780456788,102.907870
1780456788,103.065736
1780456788,103.160123
1780456788,103.282129
1780456788,102.547591
1780456788,102.656841
1780456788,102.666755
1780456788,102.689371
1780456788,102.730528
1780456788,102.762722
1780456788,103.013650
1780456788,102.958348
1780456788,101.754609
1780456788,102.438138
1780456788,103.252633
1780456788,102.888711
1780456788,102.846025
1780456788,102.796251
1780456788,102.655251
1780456788,103.057200
1780456788,102.947436
1780456788,103.161772
1780456788,102.872996
1780456788,103.475654
1780456788,103.307993
1780456788,103.501302
1780456788,103.076336
1780456788,103.335948
1780456788,102.745373
1780456788,102.613226
1780456788,103.658961
1780456788,103.516867
1780456788,102.975228
1780456788,103.054383
1780456788,103.501987
1780456788,103.730930
1780456788,104.068406
1780456788,102.516454
1780456788,103.396024
1780456788,102.704989
1780456788,104.541914
1780456788,103.193343
1780456788,103.642815
1780456788,104.571477
1780456788,103.464627
1780456788,102.696896
1780456788,104.921822
1780456788,103.970397
1780456788,104.040139
1780456788,104.982801
1780456788,105.062141
1780456788,103.879753
1780456788,102.946238
1780456788,105.723276
1780456788,105.375412
1780456788,105.624299
1780456788,103.646813
1780456788,105.515620
1780456788,103.227380
1780456788,104.197345
1780456788,104.329967
1780456788,103.336087
1780456788,103.937732
1780456788,103.383973
1780456788,103.675120
1780456788,103.422550
1780456788,102.743986
1780456788,106.689065
1780456788,103.989386
1780456788,107.072727
1780456788,102.611264
1780456788,107.958687
1780456788,103.884399
1780456788,107.948984
1780456788,104.085132
1780456788,104.080633
1780456788,108.155194
1780456788,104.858852
1780456788,107.816217
1780456788,104.912273
1780456788,108.392807
1780456788,106.592765
1780456788,105.214119
1780456788,104.231144
1780456788,104.911988
1780456788,102.820271
1780456788,104.626170
1780456788,104.102351
1780456788,105.393673
1780456788,104.707698
1780456788,105.515153
1780456788,102.556495
1780456788,106.066098
1780456788,108.869069
1780456788,106.123509
1780456788,105.430137
1780456788,106.336654
1780456788,109.818998
1780456788,109.024181
1780456788,106.970758
1780456788,105.045522
1780456788,104.152839
1780456788,105.301198
1780456788,106.302673
1780456788,104.370706
1780456788,105.211241
1780456788,109.510327
1780456788,110.025999
1780456788,105.202943
1780456788,102.933971
1780456788,103.029958
1780456788,105.771281
1780456788,104.045966
1780456788,105.754364
1780456788,105.142591
1780456788,110.315169
1780456788,107.007506
1780456788,106.013729
1780456788,110.839413
1780456788,106.208901
1780456788,104.525670
1780456788,102.955796
1780456788,111.083839
1780456788,104.286522
1780456788,104.814053
1780456788,105.002798
1780456788,110.372461
1780456788,110.916633
1780456788,105.569387
1780456788,106.229449
1780456788,103.299782
1780456788,104.139711
1780456788,111.703181
1780456788,107.714504
1780456788,110.821278
1780456788,110.978732
1780456788,107.743544
1780456788,111.076132
1780456788,110.997713
1780456788,105.529159
1780456788,110.466536
1780456788,110.827288
1780456788,105.825911
1780456788,111.244133
1780456788,104.591171
1780456788,103.654228
1780456788,105.488289
1780456788,105.991933
1780456788,103.718817
1780456788,111.886700
1780456788,111.423961
1780456788,102.695203
1780456788,112.023908
1780456788,105.729689
1780456788,102.786236
1780456788,111.682454
1780456788,106.589470
1780456788,111.573044
1780456788,111.589006
1780456788,108.426073
1780456788,111.937199
1780456788,102.924437
1780456788,102.996797
1780456788,108.731265
1780456788,104.195991
1780456788,108.820302
1780456788,112.430105
1780456788,106.441650
1780456788,103.940505
1780456788,113.891780
1780456788,107.189813
1780456788,106.877099
1780456788,107.389503
1780456788,107.007317
1780456788,112.908531
1780456788,114.503329
1780456788,107.240750
1780456788,110.298184
1780456788,105.906151
1780456788,106.410273
1780456788,106.598076
1780456788,107.868799
1780456788,113.515922
1780456788,107.954442
1780456788,105.877570
1780456788,105.609202
1780456788,107.992178
1780456788,114.339634
1780456788,110.982692
1780456788,107.013821
1780456788,106.162757
1780456788,108.832601
1780456788,106.795624
1780456788,114.601689
1780456788,107.558414
1780456788,106.592390
1780456788,106.695195
1780456788,111.643833
1780456788,106.359172
1780456788,107.442466
1780456788,114.975945
1780456788,106.175443
1780456788,107.227916
1780456788,106.581332
1780456788,105.895920
1780456788,112.137303
1780456788,114.137549
1780456788,115.105418
1780456788,112.249007
1780456788,116.826997
1780456788,106.085995
1780456788,106.704652
1780456788,108.072843
1780456788,106.264135
1780456788,114.675595
1780456788,112.637881
1780456788,114.776590
1780456788,115.703797
1780456788,107.594731
1780456788,107.023420
1780456788,107.574062
1780456788,114.923897
1780456788,115.854365
1780456788,115.964298
1780456788,114.104069
1780456788,115.862700
1780456788,115.491184
1780456788,116.462254
1780456788,107.584861
1780456788,116.103800
1780456788,107.571524
1780456788,108.128109
1780456788,117.006436
1780456788,108.175443
1780456788,116.771815
1780456788,117.403498
1780456788,115.507625
1780456788,113.964679
1780456788,114.367047
1780456788,115.220168
1780456788,114.302225
1780456788,116.597285
1780456788,117.080965
1780456788,116.542771
1780456788,116.654037
1780456788,114.169397
1780456788,116.481158
1780456788,108.183209
1780456788,116.741785
1780456788,115.479179
1780456788,115.375524
1780456788,115.499981
1780456788,115.797434
1780456788,117.756147
1780456788,117.785294
1780456788,117.706653
1780456788,116.901270
1780456788,117.747555
1780456788,110.132950
1780456788,117.912227
1780456788,116.728607
1780456788,117.846601
1780456788,119.191809
1780456788,119.221721
1780456788,119.326506
1780456788,118.179311
1780456788,119.359811
1780456788,117.907883
1780456788,117.243630
1780456788,118.943612
1780456788,119.315063
1780456788,117.414576
1780456788,121.389870
1780456788,119.411071
1780456788,119.126556
1780456788,117.658532
1780456788,118.650829
1780456788,118.146762
1780456788,119.734715
1780456788,114.961945
1780456788,119.513278
1780456788,119.106024
1780456788,117.385506
1780456788,119.459384
1780456788,119.306566
1780456788,119.477634
1780456788,119.232255
1780456788,119.940618
1780456788,111.440400
1780456788,117.328082
1780456788,117.887461
1780456788,117.162117
1780456788,117.021337
1780456788,118.105434
1780456788,119.878809
1780456788,114.456067
1780456788,117.684102
1780456788,117.582655
1780456788,115.186703
1780456788,118.305819
1780456788,118.441549
1780456788,119.003289
1780456788,117.862572
1780456788,115.065715
1780456788,118.149246
1780456788,114.668689
1780456788,116.490022
1780456788,118.123242
1780456788,118.798124
1780456788,114.766393
1780456788,118.404441
1780456788,119.817106
1780456788,117.483558
1780456788,120.603502
1780456788,118.727545
1780456788,120.757047
1780456788,118.271096
1780456788,111.161945
1780456788,117.264199
1780456788,114.720859
1780456788,118.530466
1780456788,123.900308
1780456788,119.120838
1780456788,120.071846
1780456788,118.698853
1780456788,119.113178
1780456788,119.931781
1780456788,116.764663
1780456788,120.144584
1780456788,116.692931
1780456788,118.174158
1780456788,119.894411
1780456788,120.171242
1780456788,119.719694
1780456788,120.281798
1780456788,120.199534
1780456788,117.223915
1780456788,119.718714
1780456788,119.758704
1780456788,118.857857
1780456788,119.817408
1780456788,119.669632
1780456788,120.014418
1780456788,119.859659
1780456788,118.798815
1780456788,117.952999
1780456788,119.182931
1780456788,119.890737
1780456788,118.773617
1780456788,118.718338
1780456788,119.820822
1780456788,120.046499
1780456788,119.672206
1780456788,116.821112
1780456788,119.901671
1780456788,119.722093
1780456788,120.509040
1780456788,117.600978
1780456788,117.346277
1780456788,119.164602
1780456788,119.266263
1780456788,118.626141
1780456788,120.240986
1780456788,120.479602
1780456788,121.250929
1780456788,120.421784
1780456788,117.617424
1780456788,119.980954
1780456788,119.877809
1780456788,120.725109
1780456788,119.136154
1780456788,117.633771
1780456788,119.329001
1780456788,122.180970
1780456788,120.803374
1780456788,121.462782
1780456788,119.579781
1780456788,117.642134
1780456788,127.882561
1780456788,121.605100
1780456788,119.814544
1780456788,119.129186
1780456788,122.551872
1780456788,119.510938
1780456788,119.186854
1780456788,117.336653
1780456788,120.235092
1780456788,123.033946
1780456788,123.082286
1780456788,122.064095
1780456788,127.534357
1780456788,118.014937
1780456788,122.433972
1780456788,120.486125
1780456788,122.145622
1780456788,120.178765
1780456788,128.246632
1780456788,123.739981
1780456788,119.951104
1780456788,122.743109
1780456788,120.039223
1780456788,123.673844
1780456788,119.062871
1780456788,120.325457
1780456788,122.585144
1780456788,123.490361
1780456788,120.089516
1780456788,124.004351
1780456788,122.688075
1780456788,123.556139
1780456788,122.288501
1780456788,120.698438
1780456788,116.079048
1780456788,129.190153
1780456788,122.648108
1780456788,119.681572
1780456788,120.754950
1780456788,122.550845
1780456788,124.911503
1780456788,119.904159
1780456788,117.714974
1780456788,122.939719
1780456788,120.709475
1780456788,125.166027
1780456788,124.000839
1780456788,120.829465
1780456788,124.929904
1780456788,121.724089
1780456788,120.925709
1780456788,121.138531
1780456788,125.165386
1780456788,121.376687
1780456788,122.925575
1780456788,120.898565
1780456788,125.295370
1780456788,120.408178
1780456788,124.899563
1780456788,125.793547
1780456788,130.853960
1780456788,126.636560
1780456788,125.582582
1780456788,126.633229
1780456788,117.845217
1780456788,126.401637
1780456788,124.545329
1780456788,123.941618
1780456788,127.370981
1780456788,123.989221
1780456788,124.580833
1780456788,124.439349
1780456788,124.472830
1780456788,131.369795
1780456788,125.474630
1780456788,123.053963
1780456788,126.172075
1780456788,124.244279
1780456788,125.747698
1780456788,125.898023
1780456788,127.785472
1780456788,127.974069
1780456788,124.847027
1780456788,125.809288
1780456788,122.240965
1780456788,132.285463
1780456788,127.176322
1780456788,123.610130
1780456788,126.462587
1780456788,125.341357
1780456788,127.368161
1780456788,132.278938
1780456788,132.507064
1780456788,125.459833
1780456788,123.183875
1780456788,133.086881
1780456788,124.036607
1780456788,126.265543
1780456788,123.692432
1780456788,133.397366
1780456788,126.548094
1780456788,127.825505
1780456788,133.276465
1780456788,119.676849
1780456788,128.812462
1780456788,133.936099
1780456788,125.174892
1780456788,133.244153
1780456788,123.985194
1780456788,133.250018
1780456788,133.243140
1780456788,127.305652
1780456788,133.405962
1780456788,120.339188
1780456788,128.350179
1780456788,127.362322
1780456788,133.736689
1780456788,133.851228
1780456788,132.426705
1780456788,127.763099
1780456788,121.305144
1780456788,134.588073
1780456788,131.421470
1780456788,128.744627
1780456788,121.469153
1780456788,135.019620
1780456788,125.508446
1780456788,130.077222
1780456788,125.785781
1780456788,130.682992
1780456788,136.317518
1780456788,128.133182
1780456788,134.864936
1780456788,131.732332
1780456788,126.143266
1780456788,134.564405
1780456788,136.398592
1780456788,129.013676
1780456788,126.389200
1780456788,134.808595
1780456788,135.427578
1780456788,129.238933
1780456788,136.660526
1780456788,134.473753
1780456788,132.169103
1780456788,128.664797
1780456788,128.466499
1780456788,127.369970
1780456788,134.000456
1780456788,129.184303
1780456788,135.582771
1780456788,135.237778
1780456788,134.651486
1780456788,135.851504
1780456788,135.787268
1780456788,134.887328
1780456788,135.613198
1780456788,135.235346
1780456788,135.017056
1780456788,128.792737
1780456788,134.631787
1780456788,127.673314
1780456788,134.464169
1780456788,134.952400
1780456788,133.679688
1780456788,139.826546
1780456788,132.059940
1780456788,133.253526
1780456788,132.921413
1780456788,134.091776
1780456788,139.153878
1780456788,135.126672
1780456788,133.479485
1780456788,133.547553
1780456788,133.652059
1780456788,140.166920
1780456788,138.943120
1780456788,134.068423
1780456788,134.143949
1780456788,135.316317
1780456788,134.399009
1780456788,135.695736
1780456788,134.608859
1780456788,138.619268
1780456788,141.000337
1780456788,134.601930
1780456788,126.044533
1780456788,131.987486
1780456788,130.615613
1780456788,140.852835
1780456788,140.970373
1780456788,131.392518
1780456788,139.398164
1780456788,138.575663
1780456788,131.224671
1780456788,135.086499
1780456788,131.663090
1780456788,132.589619
1780456788,132.391214
1780456788,132.880973
1780456788,126.814489
1780456788,132.707010
1780456788,132.265382
1780456788,139.974465
1780456788,133.229066
1780456788,135.847533
1780456788,139.088381
1780456788,140.137744
1780456788,139.704936
1780456788,132.439476
1780456788,139.884322
1780456788,136.071268
1780456788,140.390721
1780456788,133.962997
1780456788,133.138018
1780456788,134.633072
1780456788,136.117392
1780456788,134.443451
1780456788,136.427331
1780456788,141.008939
1780456788,142.347687
1780456788,141.173144
1780456788,128.557828
1780456788,134.371239
1780456788,135.182430
1780456788,141.341439
1780456788,139.745496
1780456788,132.768991
1780456788,134.447771
1780456788,134.733139
1780456788,135.459704
1780456788,128.540148
1780456788,141.342398
1780456788,142.121746
1780456788,132.732020
1780456788,133.133807
1780456788,134.058863
1780456788,135.055398
1780456788,132.960613
1780456788,133.150537
1780456788,142.645175
1780456788,142.718353
1780456788,142.784459
1780456788,137.253450
1780456788,142.888538
1780456788,141.868510
1780456788,143.330812
1780456788,143.033546
1780456788,140.588686
1780456788,142.099204
1780456788,135.326831
1780456788,133.842291
1780456788,141.335325
1780456788,136.241526
1780456788,134.038550
1780456788,134.595565
1780456788,136.127370
1780456788,128.426309
1780456788,132.789743
1780456788,129.547862
1780456788,134.049964
1780456788,133.172703
1780456788,135.283439
1780456788,133.321779
1780456788,143.439488
1780456788,135.509118
1780456788,134.719482
1780456788,141.223764
1780456788,135.730776
1780456788,141.549493
1780456788,136.943779
1780456788,129.154759
1780456788,136.076928
1780456788,141.497079
1780456788,136.754776
1780456788,133.613760
1780456788,141.998341
1780456788,136.339258
1780456788,133.194335
1780456788,135.612629
1780456788,129.529855
1780456788,136.959084
1780456788,142.105291
1780456788,141.739903
1780456788,137.408027
1780456788,129.608939
1780456788,126.171730
1780456788,129.954174
1780456788,144.019461
1780456788,137.647559
1780456788,130.434864
1780456788,130.230201
1780456788,135.106673
1780456788,134.543769
1780456788,130.247212
1780456788,136.182506
1780456788,132.381988
1780456788,131.486280
1780456788,144.288621
1780456788,144.821896
1780456788,144.261900
1780456788,136.824288
1780456788,136.971463
1780456788,144.768121
1780456788,128.374169
1780456788,139.550655
1780456788,144.407335
1780456788,127.104802
1780456788,132.408335
1780456788,131.735616
1780456788,131.542071
1780456788,144.251409
1780456788,126.024853
1780456788,136.547589
1780456788,124.421065
1780456788,144.381969
1780456788,124.601513
1780456788,132.332756
1780456788,137.323654
1780456788,132.395695
1780456788,144.672648
1780456788,124.980859
1780456788,138.395300
1780456788,132.225093
1780456788,137.459747
1780456788,122.947685
1780456788,128.244919
1780456788,138.561277
1780456788,137.535821
1780456788,136.943041
1780456788,120.818579
1780456788,140.353747
1780456788,119.764248
1780456788,137.283635
1780456788,119.935601
1780456788,124.776901
1780456788,138.828483
1780456788,137.706067
1780456788,138.936605
1780456788,133.592068
1780456788,124.048526
1780456788,137.552249
1780456788,137.865225
1780456788,140.649498
1780456788,146.890855
1780456788,138.292628
1780456788,134.531832
1780456788,132.671644
1780456788,131.799563
1780456788,134.649641
1780456788,138.619103
1780456788,140.287430
1780456788,136.014546
1780456788,138.867839
1780456788,129.755748
1780456788,136.272194
1780456788,139.958418
1780456788,118.472524
1780456788,132.648591
1780456788,139.180307
1780456788,120.027077
1780456788,131.375346
1780456788,132.840460
1780456788,134.196846
1780456788,131.749519
1780456788,139.650382
1780456788,133.052750
1780456788,130.382982
1780456788,130.667185
1780456788,133.214800
1780456788,139.912202
1780456788,130.751800
1780456788,119.372112
1780456788,134.860824
1780456788,137.196787
1780456788,132.421374
1780456788,131.213187
1780456788,137.442634
1780456788,132.723766
1780456788,141.441029
1780456788,125.339622
1780456788,131.448720
1780456788,142.773987
1780456788,145.721903
1780456788,118.089503
1780456788,142.877456
1780456788,116.418421
1780456788,142.376533
1780456788,130.760242
1780456788,113.101249
1780456788,138.464425
1780456788,142.224792
1780456788,112.025407
1780456788,128.951341
1780456788,116.097561
1780456788,138.168450
1780456788,143.488767
1780456788,125.586538
1780456788,143.761132
1780456788,124.522358
1780456788,122.019926
1780456788,129.562485
1780456788,123.642304
1780456788,129.727776
1780456788,122.119493
1780456788,125.046158
1780456788,133.756603
1780456788,152.611995
1780456788,130.046642
1780456788,111.263791
1780456788,145.613157
1780456788,141.541143
1780456788,124.236587
1780456788,146.625769
1780456788,144.869315
1780456788,153.140348
1780456788,153.120758
1780456788,134.490494
1780456788,117.939621
1780456788,128.519022
1780456788,141.924365
1780456788,138.899254
1780456788,148.506714
1780456788,127.566761
1780456788,144.770752
1780456788,117.172784
1780456788,148.738526
1780456788,117.402345
1780456788,128.014079
1780456788,117.410826
1780456788,153.884863
1780456788,127.005648
1780456788,147.503582
1780456788,117.681492
1780456788,127.086965
1780456788,135.943381
1780456788,126.223262
1780456788,141.797491
1780456788,141.620474
1780456788,155.713104
1780456788,118.254074
1780456788,139.413518
1780456788,142.117208
1780456788,126.771544
1780456788,136.492860
1780456788,137.001907
1780456788,117.526853
1780456788,142.349505
1780456788,146.877113
1780456788,148.146683
1780456788,135.804842
1780456788,117.948734
1780456788,147.167821
1780456788,134.694527
1780456788,156.291478
1780456788,143.014032
1780456788,130.095358
1780456788,130.235017
1780456788,127.866364
1780456788,144.094370
1780456788,128.020817
1780456788,156.522295
1780456788,127.044985
1780456788,110.195572
1780456788,129.649227
1780456788,110.480854
1780456788,110.205928
1780456788,137.122763
1780456788,139.927542
1780456788,127.308814
1780456788,127.139488
1780456788,109.313236
1780456788,127.391625
1780456788,125.086222
1780456788,127.570939
1780456788,109.721636
1780456788,109.538748
1780456788,139.377505
1780456788,141.105905
1780456788,124.401322
1780456788,141.108657
1780456788,149.949243
1780456788,114.466201
1780456788,145.801492
1780456788,133.664013
1780456788,126.148733
1780456788,128.837082
1780456788,132.675208
1780456788,138.818150
1780456788,138.917129
1780456788,158.852226
1780456788,126.510505
1780456788,111.227653
1780456788,132.081114
1780456788,135.666401
1780456788,115.473069
1780456788,130.846613
1780456788,138.248372
1780456788,142.496237
1780456788,125.850289
1780456788,159.567791
1780456788,151.448866
1780456788,111.443410
1780456788,137.340166
1780456788,135.183235
1780456788,150.898918
1780456788,111.941401
1780456788,147.345732
1780456788,127.911776
1780456788,136.628414
1780456788,126.272297
1780456788,128.131571
1780456788,152.070262
1780456788,126.791050
1780456788,126.925903
1780456788,125.285897
1780456788,132.262901
1780456788,126.814791
1780456788,131.064836
1780456788,133.666363
1780456788,124.265460
1780456788,152.325164
1780456788,110.089190
1780456788,136.200467
1780456788,129.935820
1780456788,128.924507
1780456788,122.337312
1780456788,110.370225
1780456788,145.642507
1780456788,127.757143
1780456788,133.012473
1780456788,145.737500
1780456788,152.641704
1780456788,127.616263
1780456788,128.042808
1780456788,131.858433
1780456788,145.990457
1780456788,126.569557
1780456788,110.862210
1780456788,109.606104
1780456788,133.467487
1780456788,126.770248
1780456788,109.685671
1780456788,149.102393
1780456788,119.665794
1780456788,110.008293
1780456788,119.808754
1780456788,110.160975
1780456788,143.975563
1780456788,123.475097
1780456788,119.931073
1780456788,128.750713
1780456788,132.804454
1780456788,151.563088
1780456788,126.263308
1780456788,123.795231
1780456788,133.129423
1780456788,133.036308
1780456788,125.233209
1780456788,130.722753
1780456788,106.746961
1780456788,144.645028
1780456788,106.853211
1780456788,124.335163
1780456788,144.862428
1780456788,104.566129
1780456788,129.331001
1780456788,145.224816
1780456788,117.070726
1780456788,144.960328
1780456788,128.246124
1780456788,128.449197
1780456788,133.929627
1780456788,121.549828
1780456788,121.518617
1780456788,111.555588
1780456788,117.295130
1780456788,127.736014
1780456788,134.508974
1780456788,130.313165
1780456788,148.879880
1780456788,134.665106
1780456788,112.423802
1780456788,128.147757
1780456788,108.506546
1780456788,145.125811
1780456788,127.418705
1780456788,130.060632
1780456788,142.982487
1780456788,110.466940
1780456788,143.139240
1780456788,121.819561
1780456788,135.619249
1780456788,141.203176
1780456788,122.115124
1780456788,137.566007
1780456788,130.905804
1780456788,135.031446
1780456788,128.565820
1780456788,108.892574
1780456788,135.485893
1780456788,134.625143
1780456788,125.976228
1780456788,122.241001
1780456788,126.161514
1780456788,122.300816
1780456788,124.887580
1780456788,119.589104
1780456788,159.601596
1780456788,135.520793
1780456788,107.842761
1780456788,125.497497
1780456788,139.493581
1780456788,125.917142
1780456788,117.629754
1780456788,126.062498
1780456788,119.378298
1780456788,121.778078
1780456788,121.666707
1780456788,120.305944
1780456788,122.081312
1780456788,126.235215
1780456788,117.835763
1780456788,152.955261
1780456788,120.997168
1780456788,121.009419
1780456788,118.344305
1780456788,117.039116
1780456788,117.297291
1780456788,148.685278
1780456788,108.800392
1780456788,137.707072
1780456788,122.146263
1780456788,119.311743
1780456788,143.274293
1780456788,108.015235
1780456788,122.409182
1780456788,127.060047
1780456788,121.567384
1780456788,116.289899
1780456788,116.534989
1780456788,113.913118
1780456788,154.531862
1780456788,114.163759
1780456788,154.540023
1780456788,126.644799
1780456788,126.876142
1780456788,112.336244
1780456788,139.828565
1780456788,123.173255
1780456788,156.622041
1780456788,128.569344
1780456788,133.946883
1780456788,159.760555
1780456788,159.958060
1780456788,157.341961
1780456788,141.084819
1780456788,151.615680
1780456788,124.006576
1780456788,138.623076
1780456788,124.059868
1780456788,137.597832
1780456788,131.728341
1780456788,114.551756
1780456788,131.742149
1780456788,127.648408
1780456788,144.733184
1780456788,132.095845
1780456788,158.832432
1780456788,122.219268
1780456788,123.587172
1780456788,124.851259
1780456788,124.931831
1780456788,132.313946
1780456788,125.434263
1780456788,125.427894
1780456788,133.695373
1780456788,122.622178
1780456788,115.256784
1780456788,135.427672
1780456788,116.522203
1780456788,131.482280
1780456788,131.730155
1780456788,118.236000
1780456788,113.444890
1780456788,132.640618
1780456788,137.565225
1780456788,136.263677
1780456788,137.633879
1780456788,133.766748
1780456788,148.563058
1780456788,132.890370
1780456788,149.006724
1780456788,133.783192
1780456788,133.884478
1780456788,148.325766
1780456788,139.391679
1780456788,149.638507
1780456788,115.284776
1780456788,134.075861
1780456788,115.492128
1780456788,150.275745
1780456788,150.331605
1780456788,136.758900
1780456788,127.575198
1780456788,132.672987
1780456788,128.989442
1780456788,131.674194
1780456788,134.041578
1780456788,134.497974
1780456788,137.167286
1780456788,130.583754
1780456788,122.655247
1780456788,121.604239
1780456788,123.151341
1780456788,123.290361
1780456788,134.898128
1780456788,133.300604
1780456788,137.536254
1780456788,128.422273
1780456788,138.870648
1780456788,140.357404
1780456788,141.735613
1780456788,140.432775
1780456788,141.984649
1780456788,143.360491
1780456788,142.017254
1780456788,144.747484
1780456788,144.937891
1780456788,149.739574
1780456788,149.849209
1780456788,166.487438
1780456788,168.985435
1780456788,167.756478
1780456788,121.868714
1780456788,127.636697
1780456788,140.824336
1780456788,126.333601
1780456788,128.941471
1780456788,128.934120
1780456788,129.043230
1780456788,123.738126
1780456788,138.932133
1780456788,134.816286
1780456788,153.478849
1780456788,147.326928
1780456788,140.812228
1780456788,131.145785
1780456788,128.509645
1780456788,138.746390
1780456788,138.976403
1780456788,133.476702
1780456788,146.617719
1780456788,146.715275
1780456788,132.112148
1780456788,148.325754
1780456788,149.664268
1780456788,149.750410
1780456788,149.490625
1780456788,117.465030
1780456788,117.465481
1780456788,129.663624
1780456788,128.434605
1780456788,141.549135
1780456788,139.102336
1780456788,136.686876
1780456788,136.606671
1780456788,137.962234
1780456788,145.895010
1780456788,146.081776
1780456788,146.181200
1780456788,147.305009
1780456788,139.345650
1780456788,116.594016
1780456788,135.831796
1780456788,135.874214
1780456788,134.690060
1780456788,133.403346
1780456788,115.448341
1780456788,118.106277
1780456788,118.008773
1780456788,129.625259
1780456788,129.773450
1780456788,132.774998
1780456788,142.952447
1780456788,106.324970
1780456788,132.767952
1780456788,134.090026
1780456788,134.287843
1780456788,132.913483
1780456788,134.312452
1780456788,141.193190
1780456788,142.559405
1780456788,141.466281
1780456788,149.078541
1780456788,150.587565
1780456788,141.513770
1780456788,149.522660
1780456788,147.970353
1780456788,150.906001
1780456788,124.533675
1780456788,124.567980
1780456788,120.438553
1780456788,146.745302
1780456788,146.994710
1780456788,124.619685
1780456788,119.243978
1780456788,151.311773
1780456788,161.080225
1780456788,123.432979
1780456788,151.398659
1780456788,152.649846
1780456788,153.092660
1780456788,153.128500
1780456788,157.332060
1780456788,151.574193
1780456788,125.401563
1780456788,138.917635
1780456788,138.844035
1780456788,141.806388
1780456788,150.691634
1780456788,151.791588
1780456788,150.033401
1780456788,151.162874
1780456788,152.568631
1780456788,163.706641
1780456788,145.339310
1780456788,129.640507
1780456788,120.668526
1780456788,146.526323
1780456788,146.647378
1780456788,142.304395
1780456788,143.881828
1780456788,164.231057
1780456788,144.041518
1780456788,165.455152
1780456788,144.301606
1780456788,146.967358
1780456788,154.390521
1780456788,153.458700
1780456788,145.889484
1780456788,164.408405
1780456788,164.220973
1780456788,164.904308
1780456788,160.471914
1780456788,163.517075
1780456788,147.387608
1780456788,160.635397
1780456788,151.011567
1780456788,151.449021
1780456788,157.604629
1780456788,149.705542
1780456788,152.522063
1780456788,152.603481
1780456788,152.804284
1780456788,155.605104
1780456788,155.758329
1780456788,152.896395
1780456788,159.450852
1780456788,160.697441
1780456788,106.748393
1780456788,162.322169
1780456788,150.592827
1780456788,143.368539
1780456788,139.461968
1780456788,154.928494
1780456788,156.408997
1780456788,156.399889
1780456788,121.633785
1780456788,115.003339
1780456788,127.864801
1780456788,106.951241
1780456788,137.386090
1780456788,126.680685
1780456788,117.639858
1780456788,112.100638
1780456788,118.726751
1780456788,118.934012
1780456788,118.929486
1780456788,112.499198
1780456788,113.311089
1780456788,111.280924
1780456788,112.180952
1780456788,112.785227
1780456788,112.544946
1780456788,111.465814
1780456788,111.808292
1780456788,111.195534
1780456788,112.090593
1780456788,122.324815
1780456788,122.634926
1780456788,122.770836
1780456788,122.898800
1780456788,116.880157
1780456788,117.835619
1780456788,118.011701
1780456788,117.491538
1780456788,115.716788
1780456788,116.884072
1780456788,116.864847
1780456788,117.462637
1780456788,116.113308
1780456788,135.305269
1780456788,132.515550
1780456788,125.705526
1780456788,126.468680
1780456788,131.150031
1780456788,128.256076
1780456788,128.243051
1780456788,128.463885
1780456788,128.424411
1780456788,131.468663
1780456788,131.546025
1780456788,131.398811
1780456788,120.074815
1780456788,126.054622
1780456788,118.554394
1780456788,120.029383
1780456788,119.848777
1780456788,118.763430
1780456788,119.178170
1780456788,118.786836
1780456788,121.638545
1780456788,127.465988
1780456788,116.851799
1780456788,123.520576
1780456788,117.882854
1780456788,120.246391
1780456788,122.576130
1780456788,124.801530
1780456788,121.198379
1780456788,120.425102
1780456788,124.030632
1780456788,121.429823
1780456788,121.801485
1780456788,118.731382
1780456788,124.243998
1780456788,121.517357
1780456788,123.325551
1780456788,123.789296
1780456788,121.893925
1780456788,122.174057
1780456788,121.991194
1780456788,134.584030
1780456788,129.845156
1780456788,127.854645
1780456788,133.275102
1780456788,121.161475
1780456788,135.039837
1780456788,123.886628
1780456788,123.497540
1780456788,124.576355
1780456788,128.587470
1780456788,125.395641
1780456788,125.501655
1780456788,124.784849
1780456788,125.701041
1780456788,126.668290
1780456788,128.534823
1780456788,126.112629
1780456788,127.281573
1780456788,130.279980
1780456788,135.666660
1780456788,128.805970
1780456788,129.283685
1780456788,113.682295
1780456788,118.074877
1780456788,116.388024
1780456788,123.395400
1780456788,123.878593
1780456788,122.174938
1780456788,118.384522
1780456788,124.292227
1780456788,123.635858
1780456788,124.799273
1780456788,118.705243
1780456788,125.269466
1780456788,119.696866
1780456788,124.268693
1780456788,120.258306
1780456788,121.667410
1780456788,121.121599
1780456788,129.736272
1780456788,121.327673
1780456788,121.105994
1780456788,120.949471
1780456788,124.822548
1780456788,119.813111
1780456788,118.611215
1780456788,118.728349
1780456788,122.266669
1780456788,113.818884
1780456788,126.300682
1780456788,126.450199
1780456788,124.749292
1780456788,123.595622
1780456788,125.589503
1780456788,119.880175
1780456788,124.244774
1780456788,122.517398
1780456788,118.752377
1780456788,158.069068
1780456788,158.371044
1780456788,158.105604
1780456788,158.212974
1780456788,158.136605
1780456788,159.048518
1780456788,150.007452
1780456788,150.042136
1780456788,145.355433
1780456788,145.599401
1780456788,145.963960
1780456788,143.129459
1780456788,146.393499
1780456788,150.211352
1780456788,150.213587
1780456788,150.553112
1780456788,138.391630
1780456788,129.253220
1780456788,132.902524
1780456788,136.479833
1780456788,135.722123
1780456788,138.113454
1780456788,136.620811
1780456788,138.427533
1780456788,138.414773
1780456788,129.001861
1780456788,129.345981
1780456788,132.247814
1780456788,128.770032
1780456788,138.544189
1780456788,134.377001
1780456788,138.980853
1780456788,143.857555
1780456788,140.420811
1780456788,143.091891
1780456788,144.121934
1780456788,142.062012
1780456788,139.106089
1780456788,146.521231
1780456788,127.612314
1780456788,129.223441
1780456788,132.941885
1780456788,133.094452
1780456788,135.574168
1780456788,125.915803
1780456788,127.452341
1780456788,126.083581
1780456788,122.543915
1780456788,134.342722
1780456788,129.093671
1780456788,132.965822
1780456788,128.764718
1780456788,131.784032
1780456788,134.480068
1780456788,129.370219
1780456788,131.060932
1780456788,139.589582
1780456788,131.058612
1780456788,132.672039
1780456788,132.825232
1780456788,131.484455
1780456788,133.525499
1780456788,123.215476
1780456788,126.677777
1780456788,133.563864
1780456788,134.491330
1780456788,123.675110
1780456788,133.155863
1780456788,127.022267
1780456788,134.085956
1780456788,128.227593
1780456788,134.583207
1780456788,135.016290
1780456788,128.399274
1780456788,127.346476
1780456788,129.855955
1780456788,131.571217
1780456788,135.218508
1780456788,131.372035
1780456788,121.681718
1780456788,122.217962
1780456788,125.403303
1780456788,118.625607
1780456788,125.441298
1780456788,116.760943
1780456788,126.303244
1780456788,147.859920
1780456788,146.773838
1780456788,146.752421
1780456788,132.571604
1780456788,143.716447
1780456788,139.535397
1780456788,137.161653
1780456788,133.056965
1780456788,134.309951
1780456788,134.432749
1780456788,130.337679
1780456788,139.727802
1780456788,130.393725
1780456788,147.210633
1780456788,133.428614
1780456788,117.868219
1780456788,125.409918
1780456788,124.534606
1780456788,121.324923
1780456788,127.744914
1780456788,128.443739
1780456788,127.781433
1780456788,128.727312
1780456788,127.990549
1780456788,128.488900
1780456788,136.931944
1780456788,137.012634
1780456788,134.697271
1780456788,136.983530
1780456788,138.690496
1780456788,139.049396
1780456788,140.055914
1780456788,126.266809
1780456788,126.199839
1780456788,119.419165
1780456788,119.316083
1780456788,127.358372
1780456788,118.912612
1780456788,119.064704
1780456788,127.959540
1780456788,117.714937
1780456788,127.187088
1780456788,117.750622
1780456788,120.680008
1780456788,130.960793
1780456788,117.347682
1780456788,116.126905
1780456788,138.826055
1780456788,138.929456
1780456788,136.866356
1780456788,119.605592
1780456788,133.182307
1780456788,121.922196
1780456788,137.865016
1780456788,124.310806
1780456788,132.130307
1780456788,124.423179
1780456788,121.931857
1780456788,133.398959
1780456788,123.278824
1780456788,137.061831
1780456788,129.458255
1780456788,132.733717
1780456788,138.083978
1780456788,143.161506
1780456788,133.495793
1780456788,139.889978
1780456788,140.231211
1780456788,144.206092
1780456788,144.413113
1780456788,140.026571
1780456788,133.095958
1780456788,143.272598
1780456788,140.723769
1780456788,141.227455
1780456788,141.520236
1780456788,139.889204
1780456788,140.166410
1780456788,140.323557
1780456788,139.694539
1780456788,140.115781
1780456788,136.291771
1780456788,136.995426
1780456788,140.675453
1780456788,140.889054
1780456788,137.310701
1780456788,133.855340
1780456788,135.288488
1780456788,141.249460
1780456788,135.285649
1780456788,134.968385
1780456788,140.868222
1780456788,140.922396
1780456788,135.961987
1780456788,136.207569
1780456788,141.135505
1780456788,136.236570
1780456788,142.329089
1780456788,142.395521
1780456788,150.315536
1780456788,144.590724
1780456788,148.491313
1780456788,144.059159
1780456788,144.038174
1780456788,143.808011
1780456788,134.726173
1780456788,150.494054
1780456788,137.037291
1780456788,140.620430
1780456788,137.038690
1780456788,137.021145
1780456788,142.451321
1780456788,151.974087
1780456788,150.817220
1780456788,144.753891
1780456788,148.278011
1780456788,152.183434
1780456788,146.459345
1780456788,149.529128
1780456788,148.044368
1780456788,149.302228
1780456788,149.476212
1780456788,152.255873
1780456788,149.472162
1780456788,137.725933
1780456788,149.710997
1780456788,144.263061
1780456788,140.130962
1780456788,144.964270
1780456788,143.007826
1780456788,140.787268
1780456788,136.418911
1780456788,141.301814
1780456788,145.284284
1780456788,137.423829
1780456788,141.032587
1780456788,143.077990
1780456788,137.584980
1780456788,133.218410
1780456788,135.518673
1780456788,142.542850
1780456788,138.177001
1780456788,133.016299
1780456788,134.272649
1780456788,136.588172
1780456788,137.243573
1780456788,124.091653
1780456788,143.810448
1780456788,136.698283
1780456788,126.149352
1780456788,142.892263
1780456788,140.620287
1780456788,125.549466
1780456788,140.475768
1780456788,140.225052
1780456788,124.218016
1780456788,124.758356
1780456788,123.949765
1780456788,140.694277
1780456788,125.505506
1780456788,145.470324
1780456788,144.991034
1780456788,130.961435
1780456788,144.327645
1780456788,139.487258
1780456788,131.757288
1780456788,139.393667
1780456788,137.786779
1780456788,125.521286
1780456788,139.283408
1780456788,125.367992
1780456788,132.694595
1780456788,142.377342
1780456788,125.401048
1780456788,138.119924
1780456788,123.427994
1780456788,140.523806
1780456788,125.167146
1780456788,140.323355
1780456788,147.134138
1780456788,123.726588
1780456788,140.221864
1780456788,139.983818
1780456788,137.419509
1780456788,140.653845
1780456788,138.319667
1780456788,132.730072
1780456788,138.479712
1780456788,147.288630
1780456788,138.445782
1780456788,138.506040
1780456788,148.416944
1780456788,123.451039
1780456788,137.174400
1780456788,141.691386
1780456788,123.427527
1780456788,135.585762
1780456788,137.483473
1780456788,134.168134
1780456788,128.760920
1780456788,135.768118
1780456788,149.054117
1780456788,136.571561
1780456788,129.029147
1780456788,140.328710
1780456788,134.437992
1780456788,140.857767
1780456788,133.934357
1780456788,128.886591
1780456788,136.952782
1780456788,129.096281
1780456788,139.251895
1780456788,137.623401
1780456788,129.090136
1780456788,129.306089
1780456788,139.816016
1780456788,150.498051
1780456788,129.358035
1780456788,137.814361
1780456788,151.543790
1780456788,133.571458
1780456788,140.416633
1780456788,138.905287
1780456788,126.474401
1780456788,137.596959
1780456788,152.021014
1780456788,129.110425
1780456788,138.984897
1780456788,126.507041
1780456788,136.746577
1780456788,132.022936
1780456788,131.030676
1780456788,137.634116
1780456788,151.347497
1780456788,137.238250
1780456788,126.473412
1780456788,129.803434
1780456788,137.840772
1780456788,137.183913
1780456788,128.571034
1780456788,152.091644
1780456788,138.197963
1780456788,127.403226
1780456788,137.325510
1780456788,126.964009
1780456788,137.345357
1780456788,128.847667
1780456788,128.451016
1780456788,137.709742
1780456788,138.675044
1780456788,128.618718
1780456788,128.690809
1780456788,138.148336
1780456788,128.888814
1780456788,137.973864
1780456788,134.464178
1780456788,126.296823
1780456788,149.226845
1780456788,128.917311
1780456788,135.778580
1780456788,159.900548
1780456788,135.742449
1780456788,121.442627
1780456788,126.574380
1780456788,135.224417
1780456788,155.523250
1780456788,141.899249
1780456788,127.939599
1780456788,154.712625
1780456788,127.644688
1780456788,134.483157
1780456788,135.846372
1780456788,128.286208
1780456788,153.848451
1780456788,133.880289
1780456788,121.547320
1780456788,160.931418
1780456788,129.028098
1780456788,134.231727
1780456788,161.308774
1780456788,128.984822
1780456788,142.690959
1780456788,161.486884
1780456788,128.824857
1780456788,136.736239
1780456788,153.835845
1780456788,121.988442
1780456788,135.079902
1780456788,154.417299
1780456788,133.669570
1780456788,129.210846
1780456788,154.586085
1780456788,138.597537
1780456788,156.003760
1780456788,129.643966
1780456788,129.963716
1780456788,129.431489
1780456788,129.606927
1780456788,130.082992
1780456788,151.495326
1780456788,123.809727
1780456788,123.939655
1780456788,164.090010
1780456788,159.259360
1780456788,162.579547
1780456788,156.727800
1780456788,126.393978
1780456788,157.570199
1780456788,163.633373
1780456788,152.585158
1780456788,122.044433
1780456788,135.647212
1780456788,156.232858
1780456788,122.314084
1780456788,156.054013
1780456788,152.858919
1780456788,163.731384
1780456788,128.032658
1780456788,152.984812
1780456788,163.614400
1780456788,128.392822
1780456788,158.055997
1780456788,153.340010
1780456788,152.978961
1780456788,162.828816
1780456788,127.654728
1780456788,162.983116
1780456788,154.043686
1780456788,162.584454
1780456788,154.352850
1780456788,154.239972
1780456788,163.267150
1780456788,128.066479
1780456788,157.486239
1780456788,153.785388
1780456788,127.936296
1780456788,162.527242
1780456788,154.390051
1780456788,152.442876
1780456788,162.339890
1780456788,128.062292
1780456788,157.179238
1780456788,154.588996
1780456788,128.288262
1780456788,162.283005
1780456788,150.693739
1780456788,162.714262
1780456788,128.539049
1780456788,154.677811
1780456788,152.721928
1780456788,161.580709
1780456788,128.011833
1780456788,157.699574
1780456788,151.121746
1780456788,153.306476
1780456788,160.954602
1780456788,124.388207
1780456788,160.722645
1780456788,151.143932
1780456788,127.405103
1780456788,160.876667
1780456788,127.246552
1780456788,160.964606
1780456788,152.082152
1780456788,161.802483
1780456788,131.587372
1780456788,155.734364
1780456788,160.643592
1780456788,154.173010
1780456788,126.704057
1780456788,148.166640
1780456788,160.006026
1780456788,154.329896
1780456788,132.333706
1780456788,143.051890
1780456788,160.035257
1780456788,151.562348
1780456788,160.214082
1780456788,151.483873
1780456788,130.555708
1780456788,153.647796
1780456788,160.280891
1780456788,126.254157
1780456788,146.393124
1780456788,151.204356
1780456788,160.995979
1780456788,151.726151
1780456788,128.372298
1780456788,158.656607
1780456788,152.656326
1780456788,160.320004
1780456788,151.939425
1780456788,146.698986
1780456788,126.326565
1780456788,152.928512
1780456788,161.654056
1780456788,152.150846
1780456788,151.471238
1780456788,161.831286
1780456788,146.704408
1780456788,152.513727
1780456788,162.044136
1780456788,146.757085
1780456788,156.642994
1780456788,151.850367
1780456788,159.874923
1780456788,152.758176
1780456788,151.797509
1780456788,162.125164
1780456788,151.841954
1780456788,160.209899
1780456788,152.044902
1780456788,162.477655
1780456788,151.695881
1780456788,160.856447
1780456788,147.539471
1780456788,162.620276
1780456788,152.116198
1780456788,160.715281
1780456788,150.883228
1780456788,152.360772
1780456788,162.725041
1780456788,149.786718
1780456788,160.263746
1780456788,152.591444
1780456788,160.326340
1780456788,152.636181
1780456788,148.779148
1780456788,152.809287
1780456788,148.792637
1780456788,152.760562
1780456788,161.271578
1780456788,146.125685
1780456788,161.235688
1780456788,153.499030
1780456788,160.382051
1780456788,144.685644
1780456788,146.615726
1780456788,161.425739
1780456788,152.795838
1780456788,161.371900
1780456788,145.370060
1780456788,146.038080
1780456788,160.930249
1780456788,150.907324
1780456788,145.551914
1780456788,161.030816
1780456788,161.197072
1780456788,145.656402
1780456788,161.329618
1780456788,146.431781
1780456788,158.012140
1780456788,161.203572
1780456788,144.197689
1780456788,159.880514
1780456788,138.492932
1780456788,131.994790
1780456788,159.976388
1780456788,138.734311
1780456788,160.235897
1780456788,158.781288
1780456788,138.798396
1780456788,160.181600
1780456788,145.657278
1780456788,164.352946
1780456788,136.915162
1780456788,140.655440
1780456788,164.039479
1780456788,137.442862
1780456788,160.225366
1780456788,145.381582
1780456788,162.983488
1780456788,144.884040
1780456788,163.298412
1780456788,133.303122
1780456788,138.655866
1780456788,136.985674
1780456788,146.368968
1780456788,160.265303
1780456788,138.314481
1780456788,162.765716
1780456788,141.145830
1780456788,146.810822
1780456788,138.849625
1780456788,160.484997
1780456788,160.433279
1780456788,138.288003
1780456788,137.775755
1780456788,161.344914
1780456788,162.384446
1780456788,134.648291
1780456788,142.941048
1780456788,162.823565
1780456788,143.014395
1780456788,133.365720
1780456788,144.514664
1780456788,134.111307
1780456788,143.946538
1780456788,162.144498
1780456788,144.215469
1780456788,162.912845
1780456788,162.166196
1780456788,133.478580
1780456788,133.825990
1780456788,163.538448
1780456788,157.467271
1780456788,163.462149
1780456788,155.666718
1780456788,164.177443
1780456788,156.512247
1780456788,164.597234
1780456788,164.361864
1780456788,143.365360
1780456788,165.950338
1780456788,165.638849
1780456788,161.077510
1780456788,165.284266
1780456788,166.132967
1780456788,163.715864
1780456788,166.414784
1780456788,164.842813
1780456788,157.032528
1780456788,164.900060
1780456788,143.837153
1780456788,141.984649
1780456788,168.011061
1780456788,169.239350
1780456788,140.974051
1780456788,141.277093
1780456788,167.610945
1780456788,165.189730
1780456788,167.397003
1780456788,149.755597
1780456788,158.411879
1780456788,165.906442
1780456788,147.886537
1780456788,167.702864
1780456788,169.275873
1780456788,147.253460
1780456788,150.246304
1780456788,167.762400
1780456788,159.393110
1780456788,146.384464
1780456788,150.660784
1780456788,167.541167
1780456788,142.736302
1780456788,167.266789
1780456788,166.735719
1780456788,162.488084
1780456788,166.936391
1780456788,162.804096
1780456788,167.349902
1780456788,167.400508
1780456788,161.617057
1780456788,165.389555
1780456788,167.074005
1780456788,167.332308
1780456788,161.029283
1780456788,167.254040
1780456788,162.692714
1780456788,148.573549
1780456788,158.985597
1780456788,152.209543
1780456788,151.480766
1780456788,149.070740
1780456788,163.204891
1780456788,144.129672
1780456788,147.362086
1780456788,163.708310
1780456788,142.350954
1780456788,152.267967
1780456788,152.301828
1780456788,168.743075
1780456788,145.120851
1780456788,170.454108
1780456788,147.960527
1780456788,151.978485
1780456788,168.221688
1780456788,148.320853
1780456788,164.574613
1780456788,151.934004
1780456788,154.450418
1780456788,152.030060
1780456788,168.826803
1780456788,149.864397
1780456788,152.323097
1780456788,149.997171
1780456788,170.773648
1780456788,161.558550
1780456788,143.035754
1780456788,152.539946
1780456788,143.576951
1780456788,149.314414
1780456788,156.377629
1780456788,171.566171
1780456788,166.228045
1780456788,177.362592
1780456788,148.011568
1780456788,166.381317
1780456788,151.460129
1780456788,171.988746
1780456788,166.590953
1780456788,169.651813
1780456788,148.202266
1780456788,165.640990
1780456788,177.929524
1780456788,151.853013
1780456788,166.457124
1780456788,172.007062
1780456788,158.557894
1780456788,172.532758
1780456788,167.111778
1780456788,151.839195
1780456788,151.929156
1780456788,159.690474
1780456788,170.126680
1780456788,173.842612
1780456788,158.779415
1780456788,167.065987
1780456788,169.242925
1780456788,147.824227
1780456788,167.357031
1780456788,150.539035
1780456788,170.036015
1780456788,167.057872
1780456788,166.866630
1780456788,180.373321
1780456788,166.029502
1780456788,175.742150
1780456788,175.719285
1780456788,149.189539
1780456788,147.575402
1780456788,167.674035
1780456788,160.445204
1780456788,175.526973
1780456788,155.495048
1780456788,143.610870
1780456788,180.609697
1780456788,155.689414
1780456788,155.681531
1780456788,180.920515
1780456788,180.335725
1780456788,143.771255
1780456788,180.572692
1780456788,158.616010
1780456788,158.285816
1780456788,166.452635
1780456788,145.532964
1780456788,145.892371
1780456788,179.200300
1780456788,179.607733
1780456788,144.889185
1780456788,150.092885
1780456788,143.450143
1780456788,175.670240
1780456788,182.358310
1780456788,176.561588
1780456788,143.687829
1780456788,133.799489
1780456788,175.454423
1780456788,148.530881
1780456788,172.881024
1780456788,145.026222
1780456788,173.484420
1780456788,176.759425
1780456788,148.949365
1780456788,175.883902
1780456788,153.874874
1780456788,151.202700
1780456788,145.227435
1780456788,149.205702
1780456788,152.889649
1780456788,173.704281
1780456788,181.140957
1780456788,173.401520
1780456788,175.557731
1780456788,173.522760
1780456788,165.655897
1780456788,146.617889
1780456788,147.023240
1780456788,179.053425
1780456788,176.684505
1780456788,173.631838
1780456788,177.388023
1780456788,180.176095
1780456788,181.085188
1780456788,166.266466
1780456788,165.747279
1780456788,166.553671
1780456788,154.081490
1780456788,150.738535
1780456788,156.269326
1780456788,156.036828
1780456788,156.446627
1780456788,153.710726
1780456788,153.976832
1780456788,156.167808
1780456788,160.875412
1780456788,174.575063
1780456788,148.165800
1780456788,148.880943
1780456788,176.044218
1780456788,149.076836
1780456788,151.583930
1780456788,149.650789
1780456788,153.715490
1780456788,154.349677
1780456788,154.623457
1780456788,161.128375
1780456788,153.936441
1780456788,169.796021
1780456788,178.147938
1780456788,156.923196
1780456788,149.768313
1780456788,154.537931
1780456788,170.266651
1780456788,170.344994
1780456788,170.042712
1780456788,177.267484
1780456788,177.018779
1780456788,173.562700
1780456788,180.051016
1780456788,152.773663
1780456788,140.473595
1780456788,152.422158
1780456788,178.819182
1780456788,179.657178
1780456788,174.931919
1780456788,179.816028
1780456788,167.275859
1780456788,172.166334
1780456788,139.365979
1780456788,169.301376
1780456788,134.551486
1780456788,167.483795
1780456788,175.308423
1780456788,175.154578
1780456788,172.345708
1780456788,140.779733
1780456788,175.029862
1780456788,147.124237
1780456788,180.212834
1780456788,168.079442
1780456788,171.679402
1780456788,166.143480
1780456788,172.438638
1780456788,171.527592
1780456788,168.332562
1780456788,161.703603
1780456788,168.526850
1780456788,181.193732
1780456788,172.655256
1780456788,168.586289
1780456788,173.556233
1780456788,177.207233
1780456788,172.060641
1780456788,167.181164
1780456788,172.887722
1780456788,184.691774
1780456788,159.461188
1780456788,159.561804
1780456788,156.380283
1780456788,160.285277
1780456788,183.828176
1780456788,166.804738
1780456788,184.472979
1780456788,156.306755
1780456788,164.653588
1780456788,156.631532
1780456788,161.390053
1780456788,157.830460
1780456788,158.268383
1780456788,144.234486
1780456788,171.419435
1780456788,166.544841
1780456788,145.611118
1780456788,166.941727
1780456788,161.435643
1780456788,146.551766
1780456788,169.342612
1780456788,169.730281
1780456788,152.443769
1780456788,161.355527
1780456788,154.388393
1780456788,160.316655
1780456788,160.501335
1780456788,145.471144
1780456788,145.229118
1780456788,160.206934
1780456788,160.176866
1780456788,143.934057
1780456788,164.167640
1780456788,161.301669
1780456788,138.312064
1780456788,158.226976
1780456788,155.562689
1780456788,159.766128
1780456788,155.807953
1780456788,155.760566
1780456788,161.344250
1780456788,158.243186
1780456788,195.713627
1780456788,172.711746
1780456788,172.323707
1780456788,195.485819
1780456788,200.251858
1780456788,172.782715
1780456788,174.212309
1780456788,169.463220
1780456788,177.351614
1780456788,179.737142
1780456788,182.483579
1780456788,137.360755
1780456788,182.487713
1780456788,137.445698
1780456788,161.538558
1780456788,137.620319
1780456788,167.567537
1780456788,137.738645
1780456788,166.331840
1780456788,167.917681
1780456788,137.994625
1780456788,185.188511
1780456788,166.227011
1780456788,172.144199
1780456788,138.122004
1780456788,172.121297
1780456788,185.481859
1780456788,159.458398
1780456788,138.417056
1780456788,160.694715
1780456788,169.683599
1780456788,160.771414
1780456788,171.744080
1780456788,154.784109
1780456788,172.892595
1780456788,171.623359
1780456788,154.740586
1780456788,172.491772
1780456788,157.350408
1780456788,166.614881
1780456788,138.287175
1780456788,159.898576
1780456788,159.922857
1780456788,198.101263
1780456788,198.568217
1780456788,139.515373
1780456788,139.727658
1780456788,139.383931
1780456788,160.783760
1780456788,157.349517
1780456788,160.309579
1780456788,198.089744
1780456788,197.986769
1780456788,197.756391
1780456788,197.895861
1780456788,141.777535
1780456788,209.188098
1780456788,196.789312
1780456788,195.790068
1780456788,187.475701
1780456788,187.150514
1780456788,189.419482
1780456788,187.477554
1780456788,189.559836
1780456788,184.538025
1780456788,190.473250
1780456788,176.667511
1780456788,179.323339
1780456788,176.807894
1780456788,185.238974
1780456788,176.901451
1780456788,185.104058
1780456788,177.187241
1780456788,179.255416
1780456788,179.390837
1780456788,187.693243
1780456788,179.036127
1780456788,187.917429
1780456788,187.964626
1780456788,187.562868
1780456788,187.748884
1780456788,188.512044
1780456788,182.994585
1780456788,183.327860
1780456788,183.299610
1780456788,191.063419
1780456788,193.044952
1780456788,168.456974
1780456788,193.213882
1780456788,184.162453
1780456788,188.237724
1780456788,185.569008
1780456788,193.358292
1780456788,185.402187
1780456788,194.784562
1780456788,185.863813
1780456788,193.621412
1780456788,195.268560
1780456788,185.983378
1780456788,189.043290
1780456788,185.886853
1780456788,191.156601
1780456788,184.113126
1780456788,181.327094
1780456788,193.480046
1780456788,183.263436
1780456788,193.306209
1780456788,195.942211
1780456788,181.488824
1780456788,195.732561
1780456788,183.512504
1780456788,195.891425
1780456788,181.344961
1780456788,197.588075
1780456788,191.403077
1780456788,197.710102
1780456788,191.892897
1780456788,174.831227
1780456788,158.331644
1780456788,158.422312
1780456788,158.499696
1780456788,158.654365
1780456788,158.823486
1780456788,206.426968
1780456788,158.795473
1780456788,206.738810
1780456788,158.796600
1780456788,209.527579
1780456788,162.779940
1780456788,163.912595
1780456788,164.055041
1780456788,150.474165
1780456788,153.148422
1780456788,153.223594
1780456788,154.792680
1780456788,154.698663
1780456788,155.165214
1780456788,155.001504
1780456788,155.108750
1780456788,156.174885
1780456788,191.464938
1780456788,200.301692
1780456788,198.461533
1780456788,183.755622
1780456788,186.416734
1780456788,189.870367
1780456788,190.250929
1780456788,192.145875
1780456788,200.187432
1780456788,200.650398
1780456788,191.781549
1780456788,157.554031
1780456788,192.171129
1780456788,183.996067
1780456788,192.446249
1780456788,182.494731
1780456788,192.663008
1780456788,192.861745
1780456788,189.923506
1780456788,187.068665
1780456788,183.971125
1780456788,196.708579
1780456788,193.375811
1780456788,191.812883
1780456788,195.608146
1780456788,193.174166
1780456788,193.566820
1780456788,216.469769
1780456788,214.905142
1780456788,215.627681
1780456788,215.498026
1780456788,215.747351
1780456788,179.464064
1780456788,176.561623
1780456788,167.411975
1780456788,162.992523
1780456788,167.500802
1780456788,178.097762
1780456788,221.227415
1780456788,168.179515
1780456788,221.464153
1780456788,221.457044
1780456788,163.332698
1780456788,167.780582
1780456788,223.648231
1780456788,223.390688
1780456788,163.947970
1780456788,164.257005
1780456788,185.815402
1780456788,165.943537
1780456788,156.800473
1780456788,156.543378
1780456788,156.848047
1780456788,156.906613
1780456788,157.520724
1780456788,190.500822
1780456788,150.247411
1780456788,218.490808
1780456788,190.970874
1780456788,205.950301
1780456788,212.087949
1780456788,228.272604
1780456788,212.242569
1780456788,206.034032
1780456788,214.725644
1780456788,216.636332
1780456788,228.493254
1780456788,207.242487
1780456788,205.942708
1780456788,191.265337
1780456788,205.513673
1780456788,227.995111
1780456788,191.271762
1780456788,196.253315
1780456788,228.283492
1780456788,151.754300
1780456788,180.790769
1780456788,180.555058
1780456788,227.421868
1780456788,192.856822
1780456788,193.271991
1780456788,183.433407
1780456788,188.972284
1780456788,193.396717
1780456788,193.509664
1780456788,190.295250
1780456788,197.746684
1780456788,183.298447
1780456788,143.801816
1780456788,191.576930
1780456788,189.104373
1780456788,192.759794
1780456788,189.102804
1780456788,191.505298
1780456788,185.026707
1780456788,187.381988
1780456788,187.370525
1780456788,187.477887
1780456788,167.608890
1780456788,181.636416
1780456788,170.907941
1780456788,235.081388
1780456788,165.567165
1780456788,170.255210
1780456788,173.931505
1780456788,174.017037
1780456788,170.193150
1780456788,167.836347
1780456788,174.178085
1780456788,170.509064
1780456788,165.825671
1780456788,174.178842
1780456788,220.853885
1780456788,182.079200
1780456788,226.175207
1780456788,156.567326
1780456788,223.338716
1780456788,235.024427
1780456788,232.633162
1780456788,234.047715
1780456788,230.328827
1780456788,160.374435
1780456788,224.732460
1780456788,192.355230
1780456788,174.232173
1780456788,180.500856
1780456788,222.745709
1780456788,178.135194
1780456788,222.541681
1780456788,180.777656
1780456788,232.554937
1780456788,250.091420
1780456788,233.237688
1780456788,193.775488
1780456788,234.911994
1780456788,232.559026
1780456788,193.971414
1780456788,235.230134
1780456788,211.401851
1780456788,230.585423
1780456788,233.420763
1780456788,233.493615
1780456788,235.654269
1780456788,233.610155
1780456788,220.372506
1780456788,213.021825
1780456788,249.543526
1780456788,241.136776
1780456788,250.546536
1780456788,240.124726
1780456788,250.166303
1780456788,209.921675
1780456788,132.632280
1780456788,223.055909
1780456788,221.454392
1780456788,241.384268
1780456788,146.816353
1780456788,223.211033
1780456788,213.121887
1780456788,228.578386
1780456788,229.369513
1780456788,223.175772
1780456788,246.159959
1780456788,230.952050
1780456788,221.761275
1780456788,231.306337
1780456788,224.163921
1780456788,250.451362
1780456788,227.102294
1780456788,227.061721
1780456788,250.582858
1780456788,224.797341
1780456788,225.231667
1780456788,184.427364
1780456788,184.899650
1780456788,184.534948
1780456788,184.832889
1780456788,239.905250
1780456788,185.379349
1780456788,244.955746
1780456788,244.181977
1780456788,245.693963
1780456788,223.081283
1780456788,248.886865
1780456788,231.419824
1780456788,247.996918
1780456788,171.770111
1780456788,171.745250
1780456788,172.695644
1780456788,171.872602
1780456788,172.710435
1780456788,233.552876
1780456788,155.513804
1780456788,233.664652
1780456788,155.513028
1780456788,172.787023
1780456788,185.138114
1780456788,181.731190
1780456788,233.989031
1780456788,244.535958
1780456788,236.457419
1780456788,149.751212
1780456788,181.867647
1780456788,155.764250
1780456788,236.782020
1780456788,155.674724
1780456788,184.771245
1780456788,185.872820
1780456788,238.917643
1780456788,185.424697
1780456788,238.232498
1780456788,238.653504
1780456788,186.085754
1780456788,185.952502
1780456788,240.802735
1780456788,150.876443
1780456788,228.468757
1780456788,110.597040
1780456788,214.693939
1780456788,212.791914
1780456788,239.798474
1780456788,239.443360
1780456788,239.841863
1780456788,212.770232
1780456788,238.861388
1780456788,212.778074
1780456788,238.642739
1780456788,204.333717
1780456788,236.543971
1780456788,200.650397
1780456788,238.683926
1780456788,239.177752
1780456788,239.614958
1780456788,238.903677
1780456788,224.347636
1780456788,212.507032
1780456788,233.562465
1780456788,212.790500
1780456788,200.692879
1780456788,224.566761
1780456788,224.790094
1780456788,212.933472
1780456788,233.832224
1780456788,213.077352
1780456788,224.812477
1780456788,230.979485
1780456788,224.676322
1780456788,232.443360
1780456788,213.123272
1780456788,213.214426
1780456788,213.370623
1780456788,235.284867
1780456788,225.484196
1780456788,234.088638
1780456788,224.932401
1780456788,192.835757
1780456788,200.469222
1780456788,200.698359
1780456788,200.762725
1780456788,200.641419
1780456788,201.122106
1780456788,200.592526
1780456788,201.075546
1780456788,200.886752
1780456788,201.357927
1780456788,224.875830
1780456788,213.076423
1780456788,213.755379
1780456788,201.334239
1780456788,201.065257
1780456788,201.158654
1780456788,213.109264
1780456788,199.294282
1780456788,198.520308
1780456788,198.928396
1780456788,199.108346
1780456788,199.263637
1780456788,244.975954
1780456788,243.534031
1780456788,245.342960
1780456788,245.702560
1780456788,245.894108
1780456788,246.104683
1780456788,246.239376
1780456788,246.410941
1780456788,246.686549
1780456788,182.089743
1780456788,259.271361
1780456788,191.785495
1780456788,105.524517
1780456788,126.156849
1780456788,120.459564
1780456788,130.282677
1780456788,125.103120
1780456788,124.891989
1780456788,130.729637
1780456788,126.149018
1780456788,112.954359
1780456788,126.857410
1780456788,115.909378
1780456788,127.061817
1780456788,123.756020
1780456788,130.806934
1780456788,123.984542
1780456788,124.684705
1780456788,113.533004
1780456788,132.188380
1780456788,112.092076
1780456788,130.968485
1780456788,131.976702
1780456788,131.137086
1780456788,114.091313
1780456788,256.187150
1780456788,252.689110
1780456788,249.814342
1780456788,254.416409
1780456788,281.374080
1780456788,280.536814
1780456788,279.729204
1780456788,114.450971
1780456788,123.202253
1780456788,123.176728
1780456788,123.074642
1780456788,123.142048
1780456788,123.568098
1780456788,123.328592
1780456788,122.590696
1780456788,122.916964
1780456788,123.437665
1780456788,123.057294
1780456788,123.131933
1780456788,141.187836
1780456788,141.428504
1780456788,123.071778
1780456788,122.823458
1780456788,123.315613
1780456788,122.886921
1780456788,123.172343
1780456788,123.017783
1780456788,229.561545
1780456788,230.117945
1780456788,123.056683
1780456788,123.166295
1780456788,117.184725
1780456788,117.431368
1780456788,117.012543
1780456788,117.131701
1780456788,117.129310
1780456788,117.200979
1780456788,227.986103
1780456788,237.515669
1780456788,282.500171
1780456788,118.553295
1780456788,119.755398
1780456788,237.645700
1780456788,120.212378
1780456788,117.563208
1780456788,120.714298
1780456788,238.373127
1780456788,127.425224
1780456788,117.752021
1780456788,120.170418
1780456788,238.045472
1780456788,134.592640
1780456788,279.706493
1780456788,135.109547
1780456788,279.559370
1780456788,115.444589
1780456788,227.333369
1780456788,117.102017
1780456788,227.293074
1780456788,282.756498
1780456788,135.610996
1780456788,281.030627
1780456788,228.038083
1780456788,115.531001
1780456788,117.867282
1780456788,118.337412
1780456788,118.756295
1780456788,118.385895
1780456788,118.373419
1780456788,117.736913
1780456788,118.812308
1780456788,118.530708
1780456788,117.652088
1780456788,117.944075
1780456788,281.605214
1780456788,112.252784
1780456788,278.758152
1780456788,112.437057
1780456788,118.596716
1780456788,267.724412
1780456788,268.185434
1780456788,115.833881
1780456788,212.906038
1780456788,117.062999
1780456788,115.008444
1780456788,117.184008
1780456788,113.164519
1780456788,213.006874
1780456788,267.608658
1780456788,114.534657
1780456788,213.216762
1780456788,114.303701
1780456788,268.027809
1780456788,265.073382
1780456788,262.897595
1780456788,261.553546
1780456788,259.203648
1780456788,113.491282
1780456788,113.393089
1780456788,116.027211
1780456788,116.199548
1780456788,116.147881
1780456788,116.648042
1780456788,223.341424
1780456788,224.330451
1780456788,117.232320
1780456788,214.797467
1780456788,214.867195
1780456788,118.890044
1780456788,117.934757
1780456788,118.024697
1780456788,118.194984
1780456788,118.266048
1780456788,118.449527
1780456788,119.655738
1780456788,118.528910
1780456788,121.084631
1780456788,121.401082
1780456788,121.566995
1780456788,121.731174
1780456788,121.291794
1780456788,121.353671
1780456788,127.289392
1780456788,127.269520
1780456788,127.221386
1780456788,127.048007
1780456788,127.228598
1780456788,127.166188
1780456788,127.336803
1780456788,127.136526
1780456788,127.811562
1780456788,121.409304
1780456788,121.375096
1780456788,121.459971
1780456788,121.097299
1780456788,121.225927
1780456788,121.441217
1780456788,121.364105
1780456788,118.615843
1780456788,121.060787
1780456788,120.890643
1780456788,121.002581
1780456788,121.239559
1780456788,125.927251
1780456788,125.877705
1780456788,125.885293
1780456788,214.232928
1780456788,278.587173
1780456788,273.168911
1780456788,277.256698
1780456788,272.837541
1780456788,277.126687
1780456788,272.836533
1780456788,248.773078
1780456788,272.819793
1780456788,260.451229
1780456788,261.468281
1780456788,261.064220
1780456788,248.683102
1780456788,260.790731
1780456788,261.400608
1780456788,130.149534
1780456788,123.632535
1780456788,128.271113
1780456788,163.285571
1780456788,163.186899
1780456788,125.079427
1780456788,122.459015
1780456788,123.697549
1780456788,123.611286
1780456788,163.346695
1780456788,250.241308
1780456788,250.246801
1780456788,233.955452
1780456788,107.197450
1780456788,107.528654
1780456788,107.358999
1780456788,107.520454
1780456788,162.914962
1780456788,105.861331
1780456788,154.496421
1780456788,111.262537
1780456788,153.352701
1780456788,108.040501
1780456788,153.689627
1780456788,153.555199
1780456788,153.644719
1780456788,110.204033
1780456788,153.525066
1780456788,153.413204
1780456788,153.720868
1780456788,151.697066
1780456788,154.416748
1780456788,137.224092
1780456788,151.134194
1780456788,137.236994
1780456788,137.545560
1780456788,151.349881
1780456788,151.651800
1780456788,137.843479
1780456788,151.440192
1780456788,138.243749
1780456788,138.434456
1780456788,146.140725
1780456788,138.609445
1780456788,138.795144
1780456788,146.511295
1780456788,138.773377
1780456788,135.152930
1780456788,149.155440
1780456788,138.902652
1780456788,135.197024
1780456788,148.451757
1780456788,142.199675
1780456788,136.587073
1780456788,139.604304
1780456788,149.193104
1780456788,149.034028
1780456788,150.419364
1780456788,149.306788
1780456788,139.086556
1780456788,139.192160
1780456788,139.661219
1780456788,113.078889
1780456788,144.157843
1780456788,152.411152
1780456788,112.876012
1780456788,144.833595
1780456788,143.940272
1780456788,142.656258
1780456788,108.859187
1780456788,108.035512
1780456788,144.419400
1780456788,145.031586
1780456788,143.307382
1780456788,143.571320
1780456788,153.597138
1780456788,154.676891
1780456788,154.497578
1780456788,142.075884
1780456788,154.350457
1780456788,141.013473
1780456788,154.915046
1780456788,141.070898
1780456788,141.188849
1780456788,112.554862
1780456788,140.819045
1780456788,154.829303
1780456788,127.731378
1780456788,128.079334
1780456788,155.125453
1780456788,154.526766
1780456788,127.379621
1780456788,119.271751
1780456788,154.003424
1780456788,107.587036
1780456788,153.999043
1780456788,106.188526
1780456788,105.477330
1780456788,128.039002
1780456788,153.905194
1780456788,106.177654
1780456788,109.120680
1780456788,105.357830
1780456788,151.408241
1780456788,152.361004
1780456788,136.012678
1780456788,127.217655
1780456788,148.477436
1780456788,110.181527
1780456788,156.521559
1780456788,143.043940
1780456788,139.825438
1780456788,139.883068
1780456788,139.795558
1780456788,139.875211
1780456788,139.801460
1780456788,139.616736
1780456788,138.497588
1780456788,140.023094
1780456788,139.955751
1780456788,139.658759
1780456788,140.046798
1780456788,139.846357
1780456788,115.810501
1780456788,139.920695
1780456788,117.309966
1780456788,139.694386
1780456788,140.047905
1780456788,144.110880
1780456788,140.037152
1780456788,133.379570
1780456788,140.117753
1780456788,106.755779
1780456788,133.621247
1780456788,131.749033
1780456788,140.200935
1780456788,131.725412
1780456788,140.214318
1780456788,140.136169
1780456788,114.101155
1780456788,140.128002
1780456788,132.140586
1780456788,131.498798
1780456788,140.220850
1780456788,146.617292
1780456788,111.608079
1780456788,145.757675
1780456788,145.535566
1780456788,129.672535
1780456788,114.078602
1780456788,133.018022
1780456788,112.801569
1780456788,138.970174
1780456788,139.391672
1780456788,128.374836
1780456788,111.110687
1780456788,146.089498
1780456788,111.454029
1780456788,110.802141
1780456788,128.980713
1780456788,128.983102
1780456788,111.049988
1780456788,144.983322
1780456788,110.355516
1780456788,146.811741
1780456788,146.852554
1780456788,147.284112
1780456788,109.336875
1780456788,145.608813
1780456788,142.661126
1780456788,127.214255
1780456788,147.706769
1780456788,146.026036
1780456788,108.727891
1780456788,111.459208
1780456788,145.301291
1780456788,104.695197
1780456788,143.587144
1780456788,104.676159
1780456788,130.105416
1780456788,130.788422
1780456788,105.897340
1780456788,149.766760
1780456788,125.616402
1780456788,142.837212
1780456788,149.801268
1780456788,105.399727
1780456788,108.989902
1780456788,149.870105
1780456788,140.051893
1780456788,145.023977
1780456788,106.346414
1780456788,149.981242
1780456788,149.929464
1780456788,131.376350
1780456788,149.938437
1780456788,130.407898
1780456788,130.577282
1780456788,130.117839
1780456788,127.857987
1780456788,132.729704
1780456788,128.571702
1780456788,131.804827
1780456788,128.342119
1780456788,128.436647
1780456788,130.673846
1780456788,128.620191
1780456788,128.662570
1780456788,140.739726
1780456788,128.645333
1780456788,129.022922
1780456788,132.371243
1780456788,128.663421
1780456788,132.688495
1780456788,128.987709
1780456788,129.086565
1780456788,131.851855
1780456788,129.572676
1780456788,129.542259
1780456788,129.289359
1780456788,131.808122
1780456788,129.384655
1780456788,131.553841
1780456788,129.442600
1780456788,129.868544
1780456788,130.206274
1780456788,130.433776
1780456788,126.707979
1780456788,129.914765
1780456788,126.707211
1780456788,126.799744
1780456788,128.472715
1780456788,130.831094
1780456788,128.279120
1780456788,130.325601
1780456788,130.895550
1780456788,131.155739
1780456788,131.075964
1780456788,131.341298
1780456788,131.290265
1780456788,131.359248
1780456788,130.772790
1780456788,126.556993
1780456788,131.512818
1780456788,130.929293
1780456788,131.646886
1780456788,129.737880
1780456788,126.830377
1780456788,128.316646
1780456788,128.194059
1780456788,128.330664
1780456788,142.659947
1780456788,126.331154
1780456788,126.255745
1780456788,126.250216
1780456788,125.744416
1780456788,125.794601
1780456788,139.763149
1780456788,143.144479
1780456788,138.589036
1780456788,124.565173
1780456788,143.380851
1780456788,142.338364
1780456788,138.783070
1780456788,122.740942
1780456788,135.757768
1780456788,129.552248
1780456788,128.357198
1780456788,121.155113
1780456788,125.408669
1780456788,125.397260
1780456788,125.526884
1780456788,125.592260
1780456788,127.464805
1780456788,125.996081
1780456788,137.805166
1780456788,122.669052
1780456788,122.744307
1780456788,136.488195
1780456788,121.286800
1780456788,125.073783
1780456788,121.547711
1780456788,120.258121
1780456788,125.301392
1780456788,127.515393
1780456788,121.773523
1780456788,125.154907
1780456788,124.882233
1780456788,125.926700
1780456788,124.033634
1780456788,126.035016
1780456788,125.878887
1780456788,123.233198
1780456788,123.662976
1780456788,123.008129
1780456788,122.187269
1780456788,121.899045
1780456788,122.466476
1780456788,121.946232
1780456788,122.098988
1780456788,122.098445
1780456788,120.541977
1780456788,119.403556
1780456788,121.454440
1780456788,123.325550
1780456788,119.818091
1780456788,125.429827
1780456788,125.643211
1780456788,135.912720
1780456788,135.486835
1780456788,136.397447
1780456788,120.022123
1780456788,125.262905
1780456788,122.509934
1780456788,120.511186
1780456788,120.824075
1780456788,119.406086
1780456788,119.949230
1780456788,118.365396
1780456788,116.320837
1780456788,129.300382
1780456788,116.587438
1780456788,120.266640
1780456788,135.804443
1780456788,120.441066
1780456788,128.585869
1780456788,128.855425
1780456788,120.438527
1780456788,133.301551
1780456788,121.203721
1780456788,129.357938
1780456788,120.763743
1780456788,116.665516
1780456788,130.914140
1780456788,130.460977
1780456788,125.874423
1780456788,126.973508
1780456788,121.344601
1780456788,122.606695
1780456788,123.465569
1780456788,114.985326
1780456788,123.378801
1780456788,115.695597
1780456788,132.675413
1780456788,119.881529
1780456788,124.842282
1780456788,131.375583
1780456788,110.009581
1780456788,124.140219
1780456788,125.493588
1780456788,125.633679
1780456788,125.705035
1780456788,125.843752
1780456788,125.988796
1780456788,126.160139
1780456788,125.064573
1780456788,124.868688
1780456788,125.102226
1780456788,123.535382
1780456788,124.091021
1780456788,123.974603
1780456788,128.797912
1780456788,128.719809
1780456788,125.432168
1780456788,121.127502
1780456788,117.938370
1780456788,124.854250
1780456788,124.308022
1780456788,125.670841
1780456788,128.169147
1780456788,130.056045
1780456788,136.799708
1780456788,125.546695
1780456788,136.144992
1780456788,121.456375
1780456788,136.515518
1780456788,136.772453
1780456788,132.609711
1780456788,121.496529
1780456788,132.701287
1780456788,130.376493
1780456788,120.922007
1780456788,127.131970
1780456788,135.484594
1780456788,129.284659
1780456788,133.100358
1780456788,123.272539
1780456788,129.702477
1780456788,133.105776
1780456788,123.425675
1780456788,123.439334
1780456788,120.062797
1780456788,118.855551
1780456788,129.840834
1780456788,118.874473
1780456788,122.278882
1780456788,118.300011
1780456788,108.356045
1780456788,121.670140
1780456788,136.219514
1780456788,122.431837
1780456788,131.245213
1780456788,128.187774
1780456788,131.186441
1780456788,127.957686
1780456788,130.520750
1780456788,133.166278
1780456788,128.191900
1780456788,127.043401
1780456788,133.278500
1780456788,126.972463
1780456788,130.865758
1780456788,129.384359
1780456788,129.333375
1780456788,127.291109
1780456788,127.501034
1780456788,127.429149
1780456788,126.315028
1780456788,126.308600
1780456788,127.735978
1780456788,126.533938
1780456788,123.910206
1780456788,127.855253
1780456788,108.281726
1780456788,121.045571
1780456788,121.013369
1780456788,115.959836
1780456788,125.628332
1780456788,116.098324
1780456788,127.231848
1780456788,124.861331
1780456788,126.325622
1780456788,115.338461
1780456788,125.158279
1780456788,114.049954
1780456788,114.515173
1780456788,113.006240
1780456788,126.677277
1780456788,126.997403
1780456788,114.805076
1780456788,113.311298
1780456788,131.869304
1780456788,112.067412
1780456788,115.052099
1780456788,115.133228
1780456788,123.615323
1780456788,124.908953
1780456788,125.107120
1780456788,129.792562
1780456788,126.682227
1780456788,127.329935
1780456788,126.683312
1780456788,122.243045
1780456788,123.491421
1780456788,122.740815
1780456788,116.945714
1780456788,116.897635
1780456788,116.994888
1780456788,115.830140
1780456788,116.985997
1780456788,116.969546
1780456788,126.462738
1780456788,139.163866
1780456788,116.513168
1780456788,116.381579
1780456788,139.066490
1780456788,116.444760
1780456788,122.618669
1780456788,125.869823
1780456788,115.531002
1780456788,136.884080
1780456788,122.237701
1780456788,120.939419
1780456788,119.748590
1780456788,127.423482
1780456788,120.281112
1780456788,118.833379
1780456788,120.310248
1780456788,112.796364
1780456788,115.266301
1780456788,110.079095
1780456788,116.646994
1780456788,107.345638
1780456788,116.582541
1780456788,111.646012
1780456788,120.815768
1780456788,138.096468
1780456788,138.598733
1780456788,130.111620
1780456788,137.766796
1780456788,112.314459
1780456788,112.313148
1780456788,135.914182
1780456788,112.315069
1780456788,137.447832
1780456788,137.871748
1780456788,133.281833
1780456788,133.566834
1780456788,134.505441
1780456788,134.563719
1780456788,132.380635
1780456788,132.555927
1780456788,135.584363
1780456788,113.207332
1780456788,133.028607
1780456788,133.242657
1780456788,120.298863
1780456788,116.899990
1780456788,119.752177
1780456788,132.133708
1780456788,125.735401
1780456788,124.935320
1780456788,118.683052
1780456788,131.455533
1780456788,112.269182
1780456788,112.766822
1780456788,128.961042
1780456788,134.041511
1780456788,111.769956
1780456788,129.207972
1780456788,126.509563
1780456788,125.398276
1780456788,128.063173
1780456788,118.086222
1780456788,126.885500
1780456788,118.163209
1780456788,115.564956
1780456788,125.561417
1780456788,124.601613
1780456788,118.473609
1780456788,117.431998
1780456788,124.707316
1780456788,122.602036
1780456788,120.195862
1780456788,121.667638
1780456788,120.542064
1780456788,119.398123
1780456788,123.836499
1780456788,135.950493
1780456788,124.580754
1780456788,134.512412
1780456788,133.034464
1780456788,134.352072
1780456788,136.368706
1780456788,120.032281
1780456788,120.087219
1780456788,117.590911
1780456788,127.934698
1780456788,127.891498
1780456788,106.510289
1780456788,106.566908
1780456788,128.235786
1780456788,120.917438
1780456788,119.548108
1780456788,118.418493
1780456788,121.165262
1780456788,106.926341
1780456788,122.699294
1780456788,107.455162
1780456788,115.666281
1780456788,107.784394
1780456788,112.221976
1780456788,107.339004
1780456788,119.038638
1780456788,106.125766
1780456788,111.269965
1780456788,112.646186
1780456788,110.269280
1780456788,108.363460
1780456788,106.946358
1780456788,108.861852
1780456788,109.053777
1780456788,109.532855
1780456788,109.825393
1780456788,109.892346
1780456788,119.711867
1780456788,119.885215
1780456788,112.226519
1780456788,111.162213
1780456788,109.542921
1780456788,116.753732
1780456788,107.240563
1780456788,123.100479
1780456788,117.671208
1780456788,117.779057
1780456788,117.856415
1780456788,114.945742
1780456788,111.499688
1780456788,118.424376
1780456788,128.425883
1780456788,124.098133
1780456788,116.629637
1780456788,116.848746
1780456788,116.793967
1780456788,116.992977
1780456788,118.266485
1780456788,117.200273
1780456788,130.787552
1780456788,130.671354
1780456788,128.487088
1780456788,123.259593
1780456788,119.738927
1780456788,119.868119
1780456788,113.548291
1780456788,119.898665
1780456788,119.770569
1780456788,119.889568
1780456788,116.205403
1780456788,133.781990
1780456788,116.908819
1780456788,129.653871
1780456788,202.703405
1780456788,198.682503
1780456788,126.382461
1780456788,186.847870
1780456788,116.623452
1780456788,126.864064
1780456788,126.946235
1780456788,116.872098
1780456788,127.108417
1780456788,118.087472
1780456788,185.486543
1780456788,127.254736
1780456788,135.234343
1780456788,188.057521
1780456788,118.070817
1780456788,185.105508
1780456788,120.994706
1780456788,182.883025
1780456788,133.452350
1780456788,133.586119
1780456788,132.364940
1780456788,127.771817
1780456788,121.086401
1780456788,183.906597
1780456788,133.617192
1780456788,183.984119
1780456788,128.575188
1780456788,121.200366
1780456788,181.696749
1780456788,121.450967
1780456788,111.015560
1780456788,182.813215
1780456788,132.821786
1780456788,197.252550
1780456788,129.774408
1780456788,129.354003
1780456788,122.229410
1780456788,181.817501
1780456788,197.123930
1780456788,129.644271
1780456788,122.300721
1780456788,180.778933
1780456788,122.440893
1780456788,186.818447
1780456788,110.817269
1780456788,110.828652
1780456788,188.650883
1780456788,187.178525
1780456788,130.250815
1780456788,180.328157
1780456788,130.132688
1780456788,130.329921
1780456788,187.999524
1780456788,186.819290
1780456788,187.054034
1780456788,182.367783
1780456788,180.485988
1780456788,187.324266
1780456788,124.699575
1780456788,180.725164
1780456788,187.589772
1780456788,124.803207
1780456788,187.030682
1780456788,103.537287
1780456788,181.409153
1780456788,187.364402
1780456788,103.130788
1780456788,180.949093
1780456788,180.399310
1780456788,113.731485
1780456788,125.482691
1780456788,188.614119
1780456788,125.764339
1780456788,189.046150
1780456788,114.459305
1780456788,188.093531
1780456788,186.816827
1780456788,104.612230
1780456788,184.760415
1780456788,114.761740
1780456788,104.890428
1780456788,184.547736
1780456788,104.279631
1780456788,114.919068
1780456788,185.179723
1780456788,114.952254
1780456788,184.233690
1780456788,104.722719
1780456788,182.746931
1780456788,104.820338
1780456788,115.300811
1780456788,180.838768
1780456788,105.151083
1780456788,182.986103
1780456788,180.954634
1780456788,105.107166
1780456788,179.762981
1780456788,179.850939
1780456788,128.245813
1780456788,190.101671
1780456788,115.994235
1780456788,105.572962
1780456788,128.600342
1780456788,128.240647
1780456788,179.884532
1780456788,180.067948
1780456788,105.745695
1780456788,189.952303
1780456788,125.987444
1780456788,105.936520
1780456788,188.530014
1780456788,182.333464
1780456788,106.194446
1780456788,181.319304
1780456788,187.909291
1780456788,106.521661
1780456788,107.518581
1780456788,127.081723
1780456788,180.233742
1780456788,119.298742
1780456788,118.355519
1780456788,118.439068
1780456788,118.483537
1780456788,108.252660
1780456788,107.026495
1780456788,181.903570
1780456788,108.062588
1780456788,181.004141
1780456788,119.073059
1780456788,119.068176
1780456788,181.202934
1780456788,119.218657
1780456788,116.407367
1780456788,119.254590
1780456788,108.298050
1780456788,184.312178
1780456788,119.271820
1780456788,180.919327
1780456788,105.810000
1780456788,183.526917
1780456788,109.293715
1780456788,109.381694
1780456788,180.756681
1780456788,119.972359
1780456788,179.825330
1780456788,180.137526
1780456788,103.000839
1780456788,175.217964
1780456788,109.869440
1780456788,109.975746
1780456788,110.222269
1780456788,180.538918
1780456788,110.452953
1780456788,110.664909
1780456788,179.099842
1780456788,181.160290
1780456788,104.017279
1780456788,104.462428
1780456788,176.239407
1780456788,176.032899
1780456788,179.540469
1780456788,179.568410
1780456788,175.092558
1780456788,106.880143
1780456788,180.184166
1780456788,115.361386
1780456788,180.167137
1780456788,175.253005
1780456788,174.163407
1780456788,179.483341
1780456788,179.274251
1780456788,105.894676
1780456788,178.484375
1780456788,106.187524
1780456788,106.356759
1780456788,106.888109
1780456788,107.105421
1780456788,179.844765
1780456788,108.065738
1780456788,114.267870
1780456788,179.509583
1780456788,112.446122
1780456788,178.459313
1780456788,108.204717
1780456788,178.535413
1780456788,123.468924
1780456788,123.653727
1780456788,112.713525
1780456788,178.619570
1780456788,172.965603
1780456788,115.976794
1780456788,116.132883
1780456788,179.189787
1780456788,107.604193
1780456788,105.596307
1780456788,124.607398
1780456788,178.363038
1780456788,167.534038
1780456788,115.184601
1780456788,114.223045
1780456788,178.473946
1780456788,179.291563
1780456788,110.996128
1780456788,178.140138
1780456788,179.424069
1780456788,110.756408
1780456788,179.499217
1780456788,110.871793
1780456788,110.924337
1780456788,111.048373
1780456788,107.295890
1780456788,177.267095
1780456788,111.762001
1780456788,111.907729
1780456788,111.843402
1780456788,158.658724
1780456788,174.977631
1780456788,174.981125
1780456788,175.281121
1780456788,164.668206
1780456788,108.122206
1780456788,111.267148
1780456788,123.485548
1780456788,165.357865
1780456788,183.289773
1780456788,163.531260
1780456788,111.573153
1780456788,111.968236
1780456788,124.098314
1780456788,124.327665
1780456788,178.303357
1780456788,179.494185
1780456788,114.730925
1780456788,116.050882
1780456788,180.167913
1780456788,104.178312
1780456788,163.455317
1780456788,112.823376
1780456788,163.710188
1780456788,114.477560
1780456788,161.428230
1780456788,125.216583
1780456788,179.182121
1780456788,160.310284
1780456788,160.510999
1780456788,161.155340
1780456788,165.077150
1780456788,160.432048
1780456788,115.390162
1780456788,116.631661
1780456788,160.726440
1780456788,160.758778
1780456788,115.328236
1780456788,124.478129
1780456788,124.554645
1780456788,124.193719
1780456788,124.628200
1780456788,116.127511
1780456788,115.697337
1780456788,159.860491
1780456788,116.242705
1780456788,104.924638
1780456788,114.172018
1780456788,114.381753
1780456788,116.312652
1780456788,116.843825
1780456788,116.470581
1780456788,114.790601
1780456788,105.704262
1780456788,179.866268
1780456788,179.077436
1780456788,179.903930
1780456788,171.286110
1780456788,178.627733
1780456788,117.347102
1780456788,116.897222
1780456788,183.194997
1780456788,183.299008
1780456788,117.491579
1780456788,106.512249
1780456788,115.435847
1780456788,182.381637
1780456788,117.918462
1780456788,105.482591
1780456788,107.189384
1780456788,105.402009
1780456788,107.685570
1780456788,107.643010
1780456788,170.417568
1780456788,171.785165
1780456788,170.499233
1780456788,170.625371
1780456788,169.447085
1780456788,170.681994
1780456788,109.196344
1780456788,106.784150
1780456788,109.657319
1780456788,185.130974
1780456788,184.923556
1780456788,177.854247
1780456788,175.429653
1780456788,177.934281
1780456788,175.437843
1780456788,173.039061
1780456788,175.294948
1780456788,167.880695
1780456788,173.136798
1780456788,178.174071
1780456788,178.384577
1780456788,110.391418
1780456788,110.250239
1780456788,110.140470
1780456788,110.862521
1780456788,159.463169
1780456788,106.777540
1780456788,171.420950
1780456788,106.872683
1780456788,107.056777
1780456788,107.096602
1780456788,107.127735
1780456788,160.747001
1780456788,160.773248
1780456788,158.964811
1780456788,156.878343
1780456788,115.090542
1780456788,107.326206
1780456788,115.340261
1780456788,115.134358
1780456788,176.222668
1780456788,164.414396
1780456788,157.987802
1780456788,156.711465
1780456788,170.723444
1780456788,156.799631
1780456788,115.178840
1780456788,156.738140
1780456788,157.699556
1780456788,116.652402
1780456788,117.753746
1780456788,167.565974
1780456788,173.213736
1780456788,174.848540
1780456788,177.606322
1780456788,167.835076
1780456788,118.130201
1780456788,104.900280
1780456788,159.387358
1780456788,160.827835
1780456788,160.682275
1780456788,157.662655
1780456788,109.962070
1780456788,107.075696
1780456788,107.028705
1780456788,106.460122
1780456788,107.132762
1780456788,110.189921
1780456788,106.132724
1780456788,114.859233
1780456788,114.865160
1780456788,114.496285
1780456788,171.742189
1780456788,115.086529
1780456788,171.606992
1780456788,176.828319
1780456788,114.369662
1780456788,115.225726
1780456788,171.830474
1780456788,178.544001
1780456788,171.950062
1780456788,115.365332
1780456788,176.679113
1780456788,115.315941
1780456788,171.813905
1780456788,172.091835
1780456788,171.955541
1780456788,171.774014
1780456788,178.726030
1780456788,115.452116
1780456788,180.154123
1780456788,175.936860
1780456788,181.387719
1780456788,173.122478
1780456788,173.365964
1780456788,173.310943
1780456788,108.657169
1780456788,173.323078
1780456788,114.418016
1780456788,109.416694
1780456788,114.374874
1780456788,146.260390
1780456788,145.633490
1780456788,114.019611
1780456788,114.635621
1780456788,147.754744
1780456788,116.179115
1780456788,113.149014
1780456788,114.155250
1780456788,113.448377
1780456788,112.508760
1780456788,115.752940
1780456788,112.491873
1780456788,112.597599
1780456788,112.776805
1780456788,113.146475
1780456788,113.141679
1780456788,109.171394
1780456788,115.011302
1780456788,115.119639
1780456788,115.282577
1780456788,115.222097
1780456788,115.189054
1780456788,115.298282
1780456788,114.746632
1780456788,113.250790
1780456788,115.459779
1780456788,109.309939
1780456788,180.173259
1780456788,180.250680
1780456788,180.170092
1780456788,180.372240
1780456788,180.149119
1780456788,124.016505
1780456788,124.018332
1780456788,114.988529
1780456788,161.687595
1780456788,173.468481
1780456788,161.598475
1780456788,180.257678
1780456788,115.161416
1780456788,143.773919
1780456788,173.604866
1780456788,154.304518
1780456788,111.202121
1780456788,160.050238
1780456788,159.084282
1780456788,161.445784
1780456788,115.349050
1780456788,161.636332
1780456788,111.354289
1780456788,115.307646
1780456788,109.462481
1780456788,115.468739
1780456788,161.003258
1780456788,161.890885
1780456788,111.362571
1780456788,161.864544
1780456788,154.584142
1780456788,115.357928
1780456788,144.040541
1780456788,152.488543
1780456788,107.408506
1780456788,107.458173
1780456788,108.057136
1780456788,107.831702
1780456788,108.003869
1780456788,147.499863
1780456788,149.699824
1780456788,147.465866
1780456788,108.054839
1780456788,152.444664
1780456788,118.447440
1780456788,152.885090
1780456788,118.505620
1780456788,152.784783
1780456788,117.732022
1780456788,118.583647
1780456788,108.159944
1780456788,107.690440
1780456788,156.250278
1780456788,108.656533
1780456788,108.555348
1780456788,108.682847
1780456788,109.838597
1780456788,109.942915
1780456788,109.979272
1780456788,106.494390
1780456788,107.222908
1780456788,110.072661
1780456788,110.004894
1780456788,109.971256
1780456788,107.593997
1780456788,107.737781
1780456788,110.223392
1780456788,107.708741
1780456788,114.394446
1780456788,114.334749
1780456788,111.427767
1780456788,109.791409
1780456788,109.929722
1780456788,114.424905
1780456788,112.174937
1780456788,114.810331
1780456788,114.724602
1780456788,112.152610
1780456788,112.495296
1780456788,112.188706
1780456788,111.592146
1780456788,112.518672
1780456788,112.294217
1780456788,113.295721
1780456788,112.824178
1780456788,113.185802
1780456788,112.455528
1780456788,112.932859
1780456788,112.883531
1780456788,112.766901
1780456788,113.069576
1780456788,112.764028
1780456788,113.556961
1780456788,112.985885
1780456788,112.814276
1780456788,113.185016
1780456788,113.202175
1780456788,113.428538
1780456788,113.047837
1780456788,113.054092
1780456788,113.731661
1780456788,113.065962
1780456788,106.401587
1780456788,164.512882
1780456788,106.343362
1780456788,106.576976
1780456788,164.683713
1780456788,161.761529
1780456788,105.972719
1780456788,106.526197
1780456788,106.865991
1780456788,162.736073
1780456788,106.914961
1780456788,163.323466
1780456788,160.668499
1780456788,155.646536
1780456788,155.682856
1780456788,155.744656
1780456788,109.126825
1780456788,109.396887
1780456788,162.951166
1780456788,160.832273
1780456788,158.088296
1780456788,158.206190
1780456788,155.031005
1780456788,110.756415
1780456788,110.692942
1780456788,112.481773
1780456788,110.820973
1780456788,110.861540
1780456788,153.361173
1780456788,155.188285
1780456788,111.350567
1780456788,153.997404
1780456788,113.709313
1780456788,113.740507
1780456788,151.868479
1780456788,157.755474
1780456788,160.318537
1780456788,160.343853
1780456788,160.301824
1780456788,160.373958
1780456788,160.368359
1780456788,159.173873
1780456788,155.456155
1780456788,159.417510
1780456788,154.346643
1780456788,154.646675
1780456788,154.291731
1780456788,154.265828
1780456788,125.519469
1780456788,125.320445
1780456788,118.861592
1780456788,107.112790
1780456788,118.616098
1780456788,117.686614
1780456788,125.152320
1780456788,117.659393
1780456788,125.592089
1780456788,117.158025
1780456788,125.603332
1780456788,117.264406
1780456788,125.533454
1780456788,125.756539
1780456788,164.745028
1780456788,125.898366
1780456788,125.996924
1780456788,126.054397
1780456788,164.868080
1780456788,125.857486
1780456788,164.857398
1780456788,126.209367
1780456788,164.924659
1780456788,117.714773
1780456788,125.787097
1780456788,153.673467
1780456788,126.037110
1780456788,165.106003
1780456788,126.360523
1780456788,117.800217
1780456788,126.475517
1780456788,165.130749
1780456788,126.455407
1780456788,165.245394
1780456788,118.001468
1780456788,118.065980
1780456788,118.016837
1780456788,165.498554
1780456788,165.378766
1780456788,165.615281
1780456788,165.509136
1780456788,154.529728
1780456788,165.201025
1780456788,107.992838
1780456788,154.728378
1780456788,108.092125
1780456788,108.283191
1780456788,108.281895
1780456788,155.259480
1780456788,108.255479
1780456788,108.606203
1780456788,155.322415
1780456788,108.425330
1780456788,155.679838
1780456788,109.022936
1780456788,108.420792
1780456788,155.702821
1780456788,155.918914
1780456788,109.383420
1780456788,109.756650
1780456788,109.958194
1780456788,109.277661
1780456788,110.053230
1780456788,110.071105
1780456788,110.387032
1780456788,110.441074
1780456788,110.387419
1780456788,111.106473
1780456788,110.963310
1780456788,112.275921
1780456788,106.335612
1780456788,112.083976
1780456788,112.317244
1780456788,112.362723
1780456788,107.087569
1780456788,113.421272
1780456788,113.571892
1780456788,113.815014
1780456788,108.045844
1780456788,108.129296
1780456788,113.778974
1780456788,114.464079
1780456788,115.055733
1780456788,109.232257
1780456788,109.589629
1780456788,165.816436
1780456788,117.462804
1780456788,116.976137
1780456788,162.377680
1780456788,162.375327
1780456788,119.899672
1780456788,110.491388
1780456788,117.624526
1780456788,110.360289
1780456788,118.240266
1780456788,128.930218
1780456788,128.892758
1780456788,128.943456
1780456788,128.975854
1780456788,128.880287
1780456788,129.005287
1780456788,128.563105
1780456788,128.979113
1780456788,118.471958
1780456788,128.966728
1780456788,128.653256
1780456788,128.946379
1780456788,128.641934
1780456788,128.735291
1780456788,128.805605
1780456788,118.741384
1780456788,118.328347
1780456788,119.487921
1780456788,120.008786
1780456788,103.200232
1780456788,120.138109
1780456788,103.289650
1780456788,119.474977
1780456788,112.740890
1780456788,120.118851
1780456788,119.745909
1780456788,103.827482
1780456788,119.468812
1780456788,119.981732
1780456788,120.192807
1780456788,104.344882
1780456788,120.318705
1780456788,104.556334
1780456788,104.897035
1780456788,120.841929
1780456788,120.401619
1780456788,120.672136
1780456788,104.936553
1780456788,104.937952
1780456788,105.278872
1780456788,105.021530
1780456788,121.128538
1780456788,105.473763
1780456788,103.906208
1780456788,105.331359
1780456788,121.310927
1780456788,115.837973
1780456788,104.565032
1780456788,104.556499
1780456788,103.028530
1780456788,122.370211
1780456788,102.640794
1780456788,116.738718
1780456788,104.073190
1780456788,117.198922
1780456788,102.769017
1780456788,123.117686
1780456788,105.839170
1780456788,104.391505
1780456788,117.301485
1780456788,103.865103
1780456788,117.683600
1780456788,117.621135
1780456788,104.188174
1780456788,103.350382
1780456788,123.865798
1780456788,104.344891
1780456788,118.038295
1780456788,118.082660
1780456788,104.000456
1780456788,102.483061
1780456788,104.976183
1780456788,104.957957
1780456788,105.033451
1780456788,103.487739
1780456788,105.860442
1780456788,104.082315
1780456788,105.920159
1780456788,116.301948
1780456788,111.516288
1780456788,111.507711
1780456788,104.731678
1780456788,111.824525
1780456788,111.688355
1780456788,107.312862
1780456788,110.426576
1780456788,105.114103
1780456788,109.051498
1780456788,109.159524
1780456788,107.787380
1780456788,107.760270
1780456788,107.951661
1780456788,105.972389
1780456788,107.967008
1780456788,108.582165
1780456788,106.742910
1780456788,108.498361
1780456788,106.563742
1780456788,106.566772
1780456788,106.702427
1780456788,107.371637
1780456788,109.309388
1780456788,109.229190
1780456788,107.977596
1780456788,108.145596
1780456788,110.156004
1780456788,110.216329
1780456788,104.582044
1780456788,105.019587
1780456788,104.017784
1780456788,108.717449
1780456788,108.716893
1780456788,109.664726
1780456788,110.383193
1780456788,110.171951
1780456788,110.273934
1780456788,110.654337
1780456788,116.809343
1780456788,129.951281
1780456788,136.897578
1780456788,143.070108
1780456788,147.556852
1780456788,149.872179
1780456788,152.952497
1780456788,152.960142
1780456788,148.835065
1780456788,148.818086
1780456788,151.126349
1780456788,151.371443
1780456788,149.120472
1780456788,150.984635
1780456788,131.594334
1780456788,134.161053
1780456788,131.616719
1780456788,136.705046
1780456788,144.809651
1780456788,145.954816
1780456788,143.540853
1780456788,148.755158
1780456788,149.046929
1780456788,153.902170
1780456788,146.950389
1780456788,154.424688
1780456788,148.609600
1780456788,150.682001
1780456788,151.031266
1780456788,160.592912
1780456788,160.197198
1780456788,154.765653
1780456788,160.677764
1780456788,160.726561
1780456788,161.131182
1780456788,160.915848
1780456788,160.928601
1780456788,163.235782
1780456788,161.184296
1780456788,163.424003
1780456788,163.391757
1780456788,161.396656
1780456788,162.505857
1780456788,162.938420
1780456788,163.054993
1780456788,163.407629
1780456788,164.614513
1780456788,140.869879
1780456788,164.971729
1780456788,166.088682
1780456788,164.491185
1780456788,166.843280
1780456788,167.116910
1780456788,166.924369
1780456788,139.357910
1780456788,140.173229
1780456788,141.209208
1780456788,141.563756
1780456788,147.005521
1780456788,147.233352
1780456788,144.234627
1780456788,148.578298
1780456788,150.172064
1780456788,152.082560
1780456788,146.973749
1780456788,152.461002
1780456788,174.299106
1780456788,178.166481
1780456788,178.635267
1780456788,161.463065
1780456788,172.215281
1780456788,178.411413
1780456788,176.069072
1780456788,170.017436
1780456788,178.198042
1780456788,162.561515
1780456788,188.168262
1780456788,188.485463
1780456788,189.732442
1780456788,176.097559
1780456788,177.000557
1780456788,177.145930
1780456788,177.272317
1780456788,179.569031
1780456788,185.115434
1780456788,206.057001
1780456788,208.207395
1780456788,206.826527
1780456788,202.595061
1780456788,169.464076
1780456788,202.599100
1780456788,213.794834
1780456788,213.965074
1780456788,202.843964
1780456788,202.917465
1780456788,202.823839
1780456788,214.129908
1780456788,214.288493
1780456788,214.266647
1780456788,203.185968
1780456788,214.385615
1780456788,203.151831
1780456788,204.998899
1780456788,170.236533
1780456788,205.183521
1780456788,187.934368
1780456788,187.908412
1780456788,187.861098
1780456788,188.026802
1780456788,187.695621
1780456788,188.232829
1780456788,188.568049
1780456788,188.700216
1780456788,188.858933
1780456788,189.736948
1780456788,195.199501
1780456788,190.271605
1780456788,195.130719
1780456788,196.784201
1780456788,196.148193
1780456788,195.065188
1780456788,191.047582
1780456788,195.614653
1780456788,197.432200
1780456788,198.389148
1780456788,197.940987
1780456788,198.134485
1780456788,198.531685
1780456788,198.781331
1780456788,200.499074
1780456788,200.686221
1780456788,202.070235
1780456788,197.462986
1780456788,203.436196
1780456788,201.828848
1780456788,204.045589
1780456788,200.806430
1780456788,201.877982
1780456788,205.318176
1780456788,205.631002
1780456788,206.354002
1780456788,206.857109
1780456788,205.833098
1780456788,178.204773
1780456788,207.150871
1780456788,209.528147
1780456788,207.862788
1780456788,205.983893
1780456788,210.109637
1780456788,210.469550
1780456788,210.638120
1780456788,182.999403
1780456788,216.399262
1780456788,206.491037
1780456788,188.184043
1780456788,190.259032
1780456788,190.582643
1780456788,194.739905
1780456788,191.073263
1780456788,183.064655
1780456788,195.377030
1780456788,186.104149
1780456788,191.449235
1780456788,185.049277
1780456788,195.926011
1780456788,185.172375
1780456788,190.593707
1780456788,183.999350
1780456788,195.609280
1780456788,191.171348
1780456788,195.627079
1780456788,186.081116
1780456788,187.733761
1780456788,192.988337
1780456788,191.875976
1780456788,194.534255
1780456788,188.426825
1780456788,194.952411
1780456788,196.979472
1780456788,195.194861
1780456788,190.327296
1780456788,196.759508
1780456788,187.619416
1780456788,198.372929
1780456788,190.119354
1780456788,197.881416
1780456788,190.424742
1780456788,200.139951
1780456788,191.339560
1780456788,200.471782
1780456788,191.551837
1780456788,199.249634
1780456788,199.435592
1780456788,199.629019
1780456788,193.926964
1780456788,202.439266
1780456788,199.913083
1780456788,202.499486
1780456788,192.278636
1780456788,202.738961
1780456788,192.774002
1780456788,195.185402
1780456788,203.068067
1780456788,193.235835
1780456788,201.140500
1780456788,195.800570
1780456788,202.741426
1780456788,196.115586
1780456788,203.938576
1780456788,207.138421
1780456788,193.082502
1780456788,204.327048
1780456788,197.887690
1780456788,204.861202
1780456788,196.048510
1780456788,196.304538
1780456788,200.118168
1780456788,172.299624
1780456788,195.636945
1780456788,195.531497
1780456788,199.353422
1780456788,199.509166
1780456788,176.918930
1780456788,179.147789
1780456788,179.169347
1780456788,179.434410
1780456788,213.787952
1780456788,213.798570
1780456788,182.662241
1780456788,180.080189
1780456788,214.327425
1780456788,181.381124
1780456788,182.668574
1780456788,216.157916
1780456788,183.412302
1780456788,215.528948
1780456788,213.974833
1780456788,214.101731
1780456788,215.068631
1780456788,216.892637
1780456788,216.798878
1780456788,215.856932
1780456788,216.997520
1780456788,215.577992
1780456788,215.464788
1780456788,221.619678
1780456788,221.982476
1780456788,222.087443
1780456788,201.024274
1780456788,200.634643
1780456788,200.006353
1780456788,202.593700
1780456788,202.618154
1780456788,204.536156
1780456788,205.129139
1780456788,201.416898
1780456788,201.475482
1780456788,198.605654
1780456788,206.069296
1780456788,198.972216
1780456788,199.428925
1780456788,206.154341
1780456788,207.582663
1780456788,206.094921
1780456788,232.664042
1780456788,229.207899
1780456788,214.010265
1780456788,215.517539
1780456788,224.310444
1780456788,193.353522
1780456788,226.948659
1780456788,193.645166
1780456788,203.448121
1780456788,227.204553
1780456788,193.780344
1780456788,212.910823
1780456788,193.869936
1780456788,185.963000
1780456788,227.617564
1780456788,212.973490
1780456788,193.959161
1780456788,185.000315
1780456788,226.848760
1780456788,214.472282
1780456788,195.250764
1780456788,214.596908
1780456788,193.631728
1780456788,184.427404
1780456788,226.901547
1780456788,215.254245
1780456788,194.050108
1780456788,214.699692
1780456788,216.039073
1780456788,194.162549
1780456788,217.317270
1780456788,198.528195
1780456788,217.647937
1780456788,228.002270
1780456788,215.547773
1780456788,227.634393
1780456788,217.490994
1780456788,198.670672
1780456788,216.359791
1780456788,196.507033
1780456788,217.651710
1780456788,197.992836
1780456788,217.664053
1780456788,197.803276
1780456788,217.782267
1780456788,230.131152
1780456788,229.031851
1780456788,217.990713
1780456788,227.668278
1780456788,216.769595
1780456788,195.064078
1780456788,218.518251
1780456788,196.556375
1780456788,186.786563
1780456788,197.768972
1780456788,219.703048
1780456788,197.337896
1780456788,187.894988
1780456788,228.959063
1780456788,220.245445
1780456788,230.795711
1780456788,210.765486
1780456788,231.807981
1780456788,221.061494
1780456788,198.522501
1780456788,221.183289
1780456788,230.060467
1780456788,192.456280
1780456788,199.540126
1780456788,221.458334
1780456788,198.812476
1780456788,193.568621
1780456788,200.091462
1780456788,222.117864
1780456788,234.920392
1780456788,195.383314
1780456788,234.588585
1780456788,234.824468
1780456788,214.881580
1780456788,230.480206
1780456788,234.935407
1780456788,235.993682
1780456788,236.560323
1780456788,236.555203
1780456788,237.208885
1780456788,224.453315
1780456788,237.653528
1780456788,225.501796
1780456788,238.392020
1780456788,198.078886
1780456788,238.829937
1780456788,226.098587
1780456788,239.043303
1780456788,241.477179
1780456788,239.805413
1780456788,207.791326
1780456788,242.170139
1780456788,242.404172
1780456788,242.526630
1780456788,242.910714
1780456788,209.084256
1780456788,203.373537
1780456788,209.375445
1780456788,209.709593
1780456788,214.058612
1780456788,210.496944
1780456788,244.521568
1780456788,222.969559
1780456788,235.972741
1780456788,226.517870
1780456788,232.787559
1780456788,223.436200
1780456788,233.129305
1780456788,196.076876
1780456788,201.984611
1780456788,196.560442
1780456788,228.168953
1780456788,233.948157
1780456788,197.734387
1780456788,200.587231
1780456788,228.578039
1780456788,204.344661
1780456788,198.193358
1780456788,229.074449
1780456788,234.703694
1780456788,228.791921
1780456788,226.771215
1780456788,225.605903
1780456788,225.783010
1780456788,205.356369
1780456788,245.166250
1780456788,235.905700
1780456788,246.103839
1780456788,236.024576
1780456788,199.111507
1780456788,203.824958
1780456788,225.033532
1780456788,236.145116
1780456788,222.971847
1780456788,206.476458
1780456788,225.918220
1780456788,206.805482
1780456788,225.989393
1780456788,200.129485
1780456788,204.831888
1780456788,201.934698
1780456788,199.493612
1780456788,194.544830
1780456788,201.630113
1780456788,224.787789
1780456788,205.571382
1780456788,196.794446
1780456788,202.247236
1780456788,224.987753
1780456788,176.652108
1780456788,195.588941
1780456788,177.565316
1780456788,227.965923
1780456788,177.842284
1780456788,227.181142
1780456788,178.049460
1780456788,201.473435
1780456788,207.373951
1780456788,198.360958
1780456788,203.647612
1780456788,226.441952
1780456788,204.714336
1780456788,200.547829
1780456788,208.703295
1780456788,225.372522
1780456788,198.562624
1780456788,183.927129
1780456788,209.228054
1780456788,225.924013
1780456788,209.543235
1780456788,201.556997
1780456788,184.433400
1780456788,215.878715
1780456788,199.722987
1780456788,211.536631
1780456788,203.825063
1780456788,216.697271
1780456788,219.126938
1780456788,221.777497
1780456788,188.793802
1780456788,223.014628
1780456788,187.954257
1780456788,199.872857
1780456788,191.072349
1780456788,190.358294
1780456788,200.458703
1780456788,189.760214
1780456788,200.940851
1780456788,189.893379
1780456788,202.678938
1780456788,191.228265
1780456788,231.283556
1780456788,228.186052
1780456788,204.913134
1780456788,241.625734
1780456788,242.515289
1780456788,214.954577
1780456788,240.838391
1780456788,238.093837
1780456788,204.519273
1780456788,191.569518
1780456788,210.124882
1780456788,191.758086
1780456788,192.579606
1780456788,195.027325
1780456788,192.937920
1780456788,229.437096
1780456788,197.858886
1780456788,189.191677
1780456788,210.309186
1780456788,194.860230
1780456788,210.456922
1780456788,191.875041
1780456788,206.196425
1780456788,188.172600
1780456788,220.738830
1780456788,191.955876
1780456788,193.567285
1780456788,210.676829
1780456788,227.170626
1780456788,210.563393
1780456788,228.158351
1780456788,212.382351
1780456788,192.126040
1780456788,222.945948
1780456788,213.845287
1780456788,195.352758
1780456788,206.132918
1780456788,193.856464
1780456788,206.607101
1780456788,203.053484
1780456788,179.556627
1780456788,229.999687
1780456788,183.961017
1780456788,210.853546
1780456788,193.723526
1780456788,230.080782
1780456788,186.023155
1780456788,196.376816
1780456788,174.307566
1780456788,199.432302
1780456788,175.430840
1780456788,200.144692
1780456788,168.547266
1780456788,211.049196
1780456788,193.863256
1780456788,198.426663
1780456788,193.947757
1780456788,214.927394
1780456788,176.087482
1780456788,214.212963
1780456788,194.053568
1780456788,214.042084
1780456788,195.758165
1780456788,201.049084
1780456788,163.812172
1780456788,194.180913
1780456788,228.400683
1780456788,169.240288
1780456788,193.853278
1780456788,168.641759
1780456788,195.423890
1780456788,176.883299
1780456788,228.780688
1780456788,196.189100
1780456788,195.665582
1780456788,170.287798
1780456788,196.165373
1780456788,176.428364
1780456788,228.929185
1780456788,170.147740
1780456788,194.423355
1780456788,178.109850
1780456788,229.068032
1780456788,168.157576
1780456788,229.212783
1780456788,200.411906
1780456788,230.303081
1780456788,163.741924
1780456788,230.466737
1780456788,192.253970
1780456788,230.733423
1780456788,164.236046
1780456788,232.253909
1780456788,164.583430
1780456788,232.394003
1780456788,192.904420
1780456788,200.790880
1780456788,166.065330
1780456788,232.619083
1780456788,172.681978
1780456788,232.585813
1780456788,164.744309
1780456788,194.777851
1780456788,165.242140
1780456788,232.871267
1780456788,201.746196
1780456788,196.991572
1780456788,167.747127
1780456788,201.694647
1780456788,168.765088
1780456788,198.695738
1780456788,173.225135
1780456788,198.115018
1780456788,201.735781
1780456788,233.405438
1780456788,204.170043
1780456788,233.290091
1780456788,201.935293
1780456788,198.757828
1780456788,173.428184
1780456788,198.815236
1780456788,178.113796
1780456788,198.880225
1780456788,179.413416
1780456788,196.981745
1780456788,177.430520
1780456788,231.134943
1780456788,169.107660
1780456788,197.596440
1780456788,180.814376
1780456788,197.027121
1780456788,180.990959
1780456788,199.279689
1780456788,180.982913
1780456788,202.169418
1780456788,166.606140
1780456788,202.112117
1780456788,174.660565
1780456788,231.398478
1780456788,202.210938
1780456788,201.328364
1780456788,202.359756
1780456788,173.200230
1780456788,202.398854
1780456788,201.385706
1780456788,209.079197
1780456788,174.587741
1780456788,210.606973
1780456788,201.520624
1780456788,202.387127
1780456788,201.555924
1780456788,210.874091
1780456788,175.937993
1780456788,201.786376
1780456788,201.693535
1780456788,204.854146
1780456788,201.709965
1780456788,201.215511
1780456788,176.444465
1780456788,201.914958
1780456788,176.367104
1780456788,201.752433
1780456788,201.961550
1780456788,205.065833
1780456788,174.093948
1780456788,201.897671
1780456788,211.973661
1780456788,176.633499
1780456788,234.926278
1780456788,204.937227
1780456788,170.803771
1780456788,200.328845
1780456788,171.726647
1780456788,211.970570
1780456788,205.136452
1780456788,212.127877
1780456788,178.304220
1780456788,212.196324
1780456788,206.214992
1780456788,201.889656
1780456788,205.192778
1780456788,206.309555
1780456788,206.362069
1780456788,173.781176
1780456788,202.047473
1780456788,176.886232
1780456788,174.660748
1780456788,202.085569
1780456788,201.502070
1780456788,175.406045
1780456788,179.732348
1780456788,172.211270
1780456788,179.250248
1780456788,176.945378
1780456788,217.038047
1780456788,176.906374
1780456788,208.982119
1780456788,178.900767
1780456788,171.646113
1780456788,106.608588
1780456788,205.390690
1780456788,134.985355
1780456788,187.096051
1780456788,107.814923
1780456788,173.751340
1780456788,111.474993
1780456788,189.452103
1780456788,142.132407
1780456788,188.495278
1780456788,142.320599
1780456788,188.591273
1780456788,113.512637
1780456788,189.585716
1780456788,113.716254
1780456788,175.793455
1780456788,162.110842
1780456788,207.566610
1780456788,114.309939
1780456788,176.985884
1780456788,114.396509
1780456788,207.701248
1780456788,113.515625
1780456788,209.419209
1780456788,114.730893
1780456788,207.693770
1780456788,114.857892
1780456788,209.576077
1780456788,199.186886
1780456788,178.289810
1780456788,210.411430
1780456788,199.296139
1780456788,151.092108
1780456788,211.206185
1780456788,237.202643
1780456788,114.354965
1780456788,211.161888
1780456788,187.016019
1780456788,213.024940
1780456788,238.245225
1780456788,185.764061
1780456788,210.566433
1780456788,176.132728
1780456788,211.267078
1780456788,185.865771
1780456788,239.597523
1780456788,180.611507
1780456788,211.382171
1780456788,186.017374
1780456788,235.130412
1780456788,187.191420
1780456788,212.534108
1780456788,188.250022
1780456788,236.090209
1780456788,165.914394
1780456788,239.979394
1780456788,159.379711
1780456788,216.831616
1780456788,166.241823
1780456788,213.459658
1780456788,159.864997
1780456788,238.612712
1780456788,171.924920
1780456788,239.922249
1780456788,213.987837
1780456788,159.912913
1780456788,217.184049
1780456788,167.707769
1780456788,219.644384
1780456788,169.202534
1780456788,236.640418
1780456788,157.363887
1780456788,172.682866
1780456788,214.348021
1780456788,173.795582
1780456788,214.409015
1780456788,176.018304
1780456788,240.382527
1780456788,157.776391
1780456788,214.518988
1780456788,174.678639
1780456788,240.501628
1780456788,176.949222
1780456788,214.657369
1780456788,178.131483
1780456788,210.398452
1780456788,176.915025
1780456788,209.987319
1780456788,236.973534
1780456788,161.637313
1780456788,161.123175
1780456788,218.661133
1780456788,159.984607
1780456788,170.003112
1780456788,162.328577
1780456788,179.445717
1780456788,247.108433
1780456788,178.786458
1780456788,179.169621
1780456788,220.029677
1780456788,176.303438
1780456788,212.402570
1780456788,163.362251
1780456788,247.950960
1780456788,164.024104
1780456788,250.265269
1780456788,253.169867
1780456788,177.488998
1780456788,250.294908
1780456788,164.023084
1780456788,222.825965
1780456788,249.018551
1780456788,178.170827
1780456788,250.170461
1780456788,164.394754
1780456788,162.558094
1780456788,179.530067
1780456788,250.753402
1780456788,166.217960
1780456788,250.297057
1780456788,167.319869
1780456788,250.791018
1780456788,170.778678
1780456788,180.802059
1780456788,208.882609
1780456788,199.895531
1780456788,198.604436
1780456788,175.660962
1780456788,211.322827
1780456788,182.095604
1780456788,212.995025
1780456788,182.898740
1780456788,213.921474
1780456788,169.455804
1780456788,195.443879
1780456788,175.073001
1780456788,210.229091
1780456788,179.340932
1780456788,210.231275
1780456788,179.576547
1780456788,184.387202
1780456788,179.392909
1780456788,184.459155
1780456788,170.972152
1780456788,195.914717
1780456788,162.720715
1780456788,197.189755
1780456788,178.195552
1780456788,193.331001
1780456788,165.313406
1780456788,198.056673
1780456788,179.668079
1780456788,198.124749
1780456788,170.969898
1780456788,184.703357
1780456788,179.770402
1780456788,198.957355
1780456788,185.418596
1780456788,174.524809
1780456788,185.480915
1780456788,166.702326
1780456788,215.236221
1780456788,172.590770
1780456788,203.569416
1780456788,172.903574
1780456788,199.224866
1780456788,172.488410
1780456788,215.158795
1780456788,178.342355
1780456788,211.573552
1780456788,176.117099
1780456788,212.811273
1780456788,178.498678
1780456788,200.705417
1780456788,166.407417
1780456788,213.518579
1780456788,180.117838
1780456788,187.748424
1780456788,165.664384
1780456788,213.576159
1780456788,166.142882
1780456788,188.309039
1780456788,167.736089
1780456788,188.610455
1780456788,149.049964
1780456788,212.201931
1780456788,215.651450
1780456788,170.405179
1780456788,197.357273
1780456788,149.455819
1780456788,214.949454
1780456788,148.870579
1780456788,157.828747
1780456788,182.153234
1780456788,197.697830
1780456788,150.101639
1780456788,197.478637
1780456788,150.223308
1780456788,197.968107
1780456788,161.998002
1780456788,198.175263
1780456788,161.303505
1780456788,163.272050
1780456788,171.697406
1780456788,150.143423
1780456788,152.487206
1780456788,151.365104
1780456788,153.995729
1780456788,152.338844
1780456788,171.352452
1780456788,163.991188
1780456788,150.866560
1780456788,153.683416
1780456788,171.604688
1780456788,172.550823
1780456788,150.652320
1780456788,159.075343
1780456788,161.133314
1780456788,156.296698
1780456788,164.176281
1780456788,152.376971
1780456788,158.397385
1780456788,151.682211
1780456788,147.276950
1780456788,174.503180
1780456788,154.679217
1780456788,160.238803
1780456788,159.078434
1780456788,173.269174
1780456788,160.217489
1780456788,166.222508
1780456788,151.564613
1780456788,159.973643
1780456788,166.763614
1780456788,154.350162
1780456788,160.218793
1780456788,153.782317
1780456788,153.039805
1780456788,152.475366
1780456788,160.315326
1780456788,152.291189
1780456788,154.768162
1780456788,155.047566
1780456788,214.695854
1780456788,163.718813
1780456788,164.888211
1780456788,145.555084
1780456788,164.527048
1780456788,147.440592
1780456788,169.832106
1780456788,173.414974
1780456788,145.879317
1780456788,174.745953
1780456788,147.346690
1780456788,167.980287
1780456788,153.622605
1780456788,155.402592
1780456788,146.254396
1780456788,173.718699
1780456788,148.071507
1780456788,166.464935
1780456788,168.453210
1780456788,153.212582
1780456788,155.072868
1780456788,147.043384
1780456788,174.098045
1780456788,157.795553
1780456788,146.400024
1780456788,175.013256
1780456788,154.618109
1780456788,167.764027
1780456788,134.698998
1780456788,157.016081
1780456788,148.390194
1780456788,159.646623
1780456788,153.833523
1780456788,148.257378
1780456788,159.758198
1780456788,147.602663
1780456788,157.634331
1780456788,177.550977
1780456788,155.533109
1780456788,155.817146
1780456788,157.827861
1780456788,154.285209
1780456788,169.824470
1780456788,148.735569
1780456788,160.657894
1780456788,172.298065
1780456788,158.287947
1780456788,169.056101
1780456788,148.802894
1780456788,166.862374
1780456788,155.938738
1780456788,161.099511
1780456788,159.423694
1780456788,162.766306
1780456788,164.356873
1780456788,161.717063
1780456788,149.159223
1780456788,159.022979
1780456788,178.570238
1780456788,158.672849
1780456788,131.496262
1780456788,179.630078
1780456788,157.467798
1780456788,159.484483
1780456788,131.233493
1780456788,161.488544
1780456788,132.666058
1780456788,177.234886
1780456788,131.444932
1780456788,163.629053
1780456788,132.013756
1780456788,173.318615
1780456788,159.044323
1780456788,170.302665
1780456788,140.101097
1780456788,132.843531
1780456788,140.475532
1780456788,133.661050
1780456788,164.631588
1780456788,159.329965
1780456788,133.431162
1780456788,164.857101
1780456788,159.946027
1780456788,165.987192
1780456788,135.262349
1780456788,165.486368
1780456788,159.618322
1780456788,167.151628
1780456788,135.577038
1780456788,144.041623
1780456788,159.904504
1780456788,145.657436
1780456788,134.767927
1780456788,144.540838
1780456788,161.495483
1780456788,136.041583
1780456788,143.141462
1780456788,135.431653
1780456788,169.536903
1780456788,134.431053
1780456788,166.322343
1780456788,136.884237
1780456788,145.393464
1780456788,161.235381
1780456788,143.458298
1780456788,160.564906
1780456788,143.669821
1780456788,154.047174
1780456788,145.778181
1780456788,137.315541
1780456788,163.679343
1780456788,144.238682
1780456788,144.675464
1780456788,161.602337
1780456788,145.103990
1780456788,138.085065
1780456788,146.236905
1780456788,137.728652
1780456788,146.509164
1780456788,164.885770
1780456788,145.653322
1780456788,164.232773
1780456788,146.096890
1780456788,139.641938
1780456788,147.917794
1780456788,164.150987
1780456788,171.877612
1780456788,138.326136
1780456788,149.165314
1780456788,139.126088
1780456788,149.696056
1780456788,149.835291
1780456788,139.868860
1780456788,149.732329
1780456788,122.210590
1780456788,122.179442
1780456788,123.028998
1780456788,147.918539
1780456788,153.433177
1780456788,147.784709
1780456788,124.026746
1780456788,148.354094
1780456788,123.738880
1780456788,155.939362
1780456788,147.495336
1780456788,156.327783
1780456788,148.994541
1780456788,148.860285
1780456788,147.773009
1780456788,127.222234
1780456788,150.308508
1780456788,166.324311
1780456788,145.873108
1780456788,152.844805
1780456788,126.434964
1780456788,127.447197
1780456788,126.093100
1780456788,156.358918
1780456788,129.673322
1780456788,153.995216
1780456788,129.354749
1780456788,125.182738
1780456788,129.986520
1780456788,213.846283
1780456788,125.524742
1780456788,216.933446
1780456788,156.865565
1780456788,157.445088
1780456788,207.937027
1780456788,125.860995
1780456788,219.657112
1780456788,128.474921
1780456788,113.454088
1780456788,128.798091
1780456788,113.544007
1780456788,129.179528
1780456788,119.392980
1780456788,119.560939
1780456788,120.074488
1780456788,120.350963
1780456788,114.623439
1780456788,130.739202
1780456788,104.748932
1780456788,120.868352
1780456788,121.258202
1780456788,134.405950
1780456788,122.052452
1780456788,153.529828
1780456788,123.122897
1780456788,106.917939
1780456788,107.477192
1780456788,107.950889
1780456788,110.348072
1780456788,108.982475
1780456788,108.707925
1780456788,109.304814
1780456788,110.876699
1780456788,138.465167
1780456788,112.832454
1780456788,142.097266
1780456788,114.744803
1780456788,111.843126
1780456788,111.695194
1780456788,111.652491
1780456788,140.543303
1780456788,114.949914
1780456788,112.950041
1780456788,110.851566
1780456788,112.371698
1780456788,114.517259
1780456788,112.754826
1780456788,114.824577
1780456788,142.275382
1780456788,145.580202
1780456788,114.110212
1780456788,115.846343
1780456788,115.723241
1780456788,108.193035
1780456788,116.457955
1780456788,108.514218
1780456788,116.715751
1780456788,109.459500
1780456788,132.083792
1780456788,144.153924
1780456788,107.202867
1780456788,116.753294
1780456788,116.861952
1780456788,117.120701
1780456788,117.105027
1780456788,117.271538
1780456788,149.282650
1780456788,120.637917
1780456788,149.472443
1780456788,121.283478
1780456788,106.498905
1780456788,132.543208
1780456788,115.766592
1780456788,132.789686
1780456788,106.951159
1780456788,116.066966
1780456788,148.394330
1780456788,108.148946
1780456788,104.484448
1780456788,132.933273
1780456788,132.944073
1780456788,116.976652
1780456788,106.501111
1780456788,116.019429
1780456788,143.955431
1780456788,106.932827
1780456788,130.973200
1780456788,117.417035
1780456788,117.393457
1780456788,106.406824
1780456788,137.680578
1780456788,115.873767
1780456788,144.099929
1780456788,116.682657
1780456788,117.557102
1780456788,115.494092
1780456788,117.824253
1780456788,116.156104
1780456788,115.562764
1780456788,116.171666
1780456788,106.780577
1780456788,117.862110
1780456788,117.581365
1780456788,145.336955
1780456788,115.863895
1780456788,116.794182
1780456788,115.088460
1780456788,145.601894
1780456788,115.158980
1780456788,140.554288
1780456788,115.147009
1780456788,113.288929
1780456788,113.646069
1780456788,139.590424
1780456788,112.127860
1780456788,140.647962
1780456788,140.139541
1780456788,111.726525
1780456788,111.359925
1780456788,111.202276
1780456788,111.845998
1780456788,137.407927
1780456788,108.095678
1780456788,109.632866
1780456788,110.844121
1780456788,110.768284
1780456788,135.930298
1780456788,103.485524
1780456788,103.512406
1780456788,103.145643
1780456788,103.689539
1780456788,113.684326
1780456788,104.245125
1780456788,130.372302
1780456788,132.047753
1780456788,130.104775
1780456788,104.615547
1780456788,105.417958
1780456788,103.912765
1780456788,105.227962
1780456788,103.844722
1780456788,103.348834
1780456788,133.255318
1780456788,106.601946
1780456788,135.402515
1780456788,121.373452
1780456788,103.822212
1780456788,106.640076
1780456788,106.435733
1780456788,113.954175
1780456788,107.372707
1780456788,140.956207
1780456788,127.275602
1780456788,122.685543
1780456788,141.008215
1780456788,106.507140
1780456788,106.466713
1780456788,106.339527
1780456788,136.831758
1780456788,113.876289
1780456788,102.878377
1780456788,107.496922
1780456788,126.950475
1780456788,124.924336
1780456788,109.591204
1780456788,130.200220
1780456788,109.814644
1780456788,103.576566
1780456788,106.009690
1780456788,110.769660
1780456788,108.466491
1780456788,113.729239
1780456788,110.854379
1780456788,134.138366
1780456788,142.442911
1780456788,104.851618
1780456788,127.951814
1780456788,110.614228
1780456788,121.541200
1780456788,106.236473
1780456788,112.786595
1780456788,109.484887
1780456788,123.238499
1780456788,129.330720
1780456788,112.622811
1780456788,121.228190
1780456788,113.616529
1780456788,122.951604
1780456788,107.164935
1780456788,109.183829
1780456788,123.192326
1780456788,108.879277
1780456788,122.119752
1780456788,102.661563
1780456788,144.608093
1780456788,121.759326
1780456788,109.301987
1780456788,141.858619
1780456788,149.377319
1780456788,123.158445
1780456788,123.507466
1780456788,144.019302
1780456788,155.095471
1780456788,106.753722
1780456788,115.802557
1780456788,106.679969
1780456788,117.986979
1780456788,103.042578
1780456788,107.815561
1780456788,117.933033
1780456788,117.870684
1780456788,129.789286
1780456788,103.057932
1780456788,106.500900
1780456788,150.766830
1780456788,146.502768
1780456788,106.513956
1780456788,146.494305
1780456788,131.919103
1780456788,117.765502
1780456788,145.227082
1780456788,129.536712
1780456788,118.132013
1780456788,117.657132
1780456788,143.291189
1780456788,137.957021
1780456788,105.498824
1780456788,117.547006
1780456788,103.190523
1780456788,118.628136
1780456788,133.549465
1780456788,135.265485
1780456788,118.131229
1780456788,102.984366
1780456788,118.254934
1780456788,118.064574
1780456788,118.175319
1780456788,113.248656
1780456788,118.275638
1780456788,108.883449
1780456788,117.972023
1780456788,103.805403
1780456788,107.576989
1780456788,116.105993
1780456788,128.123495
1780456788,106.884402
1780456788,153.680817
1780456788,105.453201
1780456788,116.254632
1780456788,105.001880
1780456788,126.387576
1780456788,116.389495
1780456788,127.247400
1780456788,115.931179
1780456788,114.562017
1780456788,116.113176
1780456788,120.446040
1780456788,120.507748
1780456788,115.933617
1780456788,120.702848
1780456788,104.095086
1780456788,141.135303
1780456788,120.203861
1780456788,114.524165
1780456788,105.280926
1780456788,114.243933
1780456788,113.866373
1780456788,105.322514
1780456788,119.676199
1780456788,104.543904
1780456788,136.362796
1780456788,104.674744
1780456788,151.198716
1780456788,113.653760
1780456788,136.813299
1780456788,113.478170
1780456788,119.418286
1780456788,112.380091
1780456788,137.439982
1780456788,111.680541
1780456788,111.511789
1780456788,112.059344
1780456788,111.508229
1780456788,148.504887
1780456788,131.844469
1780456788,108.941761
1780456788,110.090108
1780456788,142.044240
1780456788,110.680539
1780456788,148.320062
1780456788,138.033612
1780456788,109.968346
1780456788,111.776485
1780456788,111.688507
1780456788,111.588808
1780456788,111.475856
1780456788,109.787014
1780456788,152.143819
1780456788,112.159717
1780456788,137.015829
1780456788,151.209218
1780456788,145.677426
1780456788,103.436386
1780456788,103.541767
1780456788,113.048986
1780456788,142.431711
1780456788,142.828837
1780456788,111.235594
1780456788,111.828638
1780456788,111.136845
1780456788,123.250280
1780456788,122.342733
1780456788,113.252972
1780456788,127.746527
1780456788,111.262285
1780456788,104.500942
1780456788,129.316482
1780456788,144.803524
1780456788,130.612415
1780456788,120.560601
1780456788,117.797688
1780456788,115.991424
1780456788,117.691817
1780456788,131.076705
1780456788,141.858672
1780456788,106.746659
1780456788,126.631813
1780456788,106.045664
1780456788,117.015243
1780456788,131.917734
1780456788,106.833214
1780456788,114.378764
1780456788,131.635800
1780456788,103.691078
1780456788,139.254528
1780456788,108.212612
1780456788,141.777968
1780456788,114.628554
1780456788,115.784174
1780456788,138.845468
1780456788,115.330558
1780456788,104.643098
1780456788,133.571476
1780456788,121.749327
1780456788,115.535697
1780456788,108.697717
1780456788,131.193574
1780456788,104.472906
1780456788,109.434941
1780456788,103.896062
1780456788,109.454343
1780456788,134.999663
1780456788,104.793952
1780456788,102.751081
1780456788,105.231442
1780456788,110.131674
1780456788,132.077250
1780456788,101.823291
1780456788,111.184945
1780456788,102.334404
1780456788,146.854024
1780456788,129.273637
1780456788,125.613175
1780456788,107.662811
1780456788,149.799836
1780456788,149.380774
1780456788,145.722544
1780456788,145.616203
1780456788,106.734759
1780456788,130.061755
1780456788,105.364288
1780456788,149.086006
1780456788,110.860707
1780456788,135.355439
1780456788,104.939172
1780456788,135.622068
1780456788,105.342625
1780456788,134.439572
1780456788,114.477519
1780456788,137.470568
1780456788,133.137083
1780456788,114.325818
1780456788,133.664642
1780456788,152.566183
1780456788,115.003687
1780456788,113.640521
1780456788,102.848535
1780456788,113.432665
1780456788,132.593946
1780456788,113.194302
1780456788,139.486993
1780456788,110.161909
1780456788,110.817220
1780456788,106.824624
1780456788,134.125210
1780456788,155.500591
1780456788,148.842538
1780456788,155.273181
1780456788,138.728378
1780456788,132.443492
1780456788,155.577388
1780456788,136.477180
1780456788,115.523604
1780456788,152.925593
1780456788,155.112628
1780456788,112.666744
1780456788,153.011664
1780456788,106.686826
1780456788,112.132586
1780456788,115.260973
1780456788,112.066876
1780456788,106.627219
1780456788,106.417991
1780456788,108.396717
1780456788,136.538858
1780456788,104.253930
1780456788,134.735529
1780456788,117.989327
1780456788,114.865814
1780456788,141.014747
1780456788,140.669168
1780456788,139.877136
1780456788,113.785751
1780456788,139.038739
1780456788,114.767219
1780456788,138.452940
1780456788,121.963639
1780456788,129.085806
1780456788,113.867295
1780456788,161.112267
1780456788,101.465884
1780456788,147.507996
1780456788,157.282669
1780456788,146.789319
1780456788,142.100126
1780456788,139.411963
1780456788,111.042758
1780456788,138.749032
1780456788,104.124515
1780456788,103.883312
1780456788,104.263366
1780456788,103.788355
1780456788,103.741734
1780456788,105.570103
1780456788,104.939449
1780456788,104.940452
1780456788,105.130610
1780456788,105.859281
1780456788,105.826055
1780456788,105.864192
1780456788,106.670943
1780456788,106.920355
1780456788,106.318112
1780456788,106.684265
1780456788,106.816722
1780456788,106.540321
1780456788,106.335770
1780456788,106.684058
1780456788,107.778464
1780456788,108.263182
1780456788,108.670928
1780456788,102.962493
1780456788,108.184311
1780456788,108.094144
1780456788,102.702602
1780456788,103.121424
1780456788,103.416431
1780456788,102.580200
1780456788,103.030553
1780456788,102.917349
1780456788,102.502746
1780456788,102.876174
1780456788,102.546194
1780456788,102.857917
1780456788,102.907014
1780456788,102.916123
1780456788,102.777176
1780456788,102.688917
1780456788,102.621226
1780456788,102.632430
1780456788,102.948397
1780456788,103.364780
1780456788,102.658706
1780456788,102.588682
1780456788,103.114295
1780456788,102.961212
1780456788,102.636736
1780456788,102.962870
1780456788,103.258354
1780456788,102.918016
1780456788,102.636457
1780456789,115.450062
1780456789,106.754639
1780456789,118.017934
1780456789,115.405802
1780456789,107.076583
1780456789,106.943479
1780456789,134.552601
1780456789,125.828316
1780456789,134.896464
1780456789,134.338957
1780456789,115.667682
1780456789,134.733061
1780456789,134.495262
1780456789,134.779999
1780456789,116.038659
1780456789,119.773892
1780456789,116.224208
1780456789,116.193314
1780456789,135.076717
1780456789,126.306491
1780456789,115.659504
1780456789,118.028555
1780456789,109.535782
1780456789,109.611936
1780456789,110.875360
1780456789,121.939882
1780456789,124.775996
1780456789,125.553213
1780456789,106.342416
1780456789,105.903515
1780456789,106.402507
1780456789,106.208266
1780456789,106.450102
1780456789,110.632544
1780456789,110.416179
1780456789,110.541872
1780456789,110.543668
1780456789,110.905023
1780456789,107.296598
1780456789,107.677094
1780456789,108.203760
1780456789,105.592660
1780456789,108.201870
1780456789,106.556460
1780456789,112.435703
1780456789,113.404980
1780456789,109.440944
1780456789,111.412265
1780456789,106.423501
1780456789,110.263746
1780456789,110.621508
1780456789,107.113663
1780456789,111.862288
1780456789,107.221944
1780456789,112.756030
1780456789,111.959421
1780456789,112.001653
1780456789,107.145124
1780456789,105.995749
1780456789,102.986753
1780456789,111.681084
1780456789,108.368584
1780456789,108.096083
1780456789,108.640490
1780456789,106.082402
1780456789,105.762392
1780456789,107.225139
1780456789,105.456192
1780456789,106.446073
1780456789,111.274933
1780456789,118.480148
1780456789,118.145469
1780456789,111.766096
1780456789,118.362606
1780456789,111.176878
1780456789,118.469238
1780456789,118.449755
1780456789,118.191198
1780456789,118.655005
1780456789,105.234921
1780456789,103.193726
1780456789,107.532005
1780456789,119.882779
1780456789,119.047638
1780456789,117.146481
1780456789,116.648027
1780456789,116.917718
1780456789,119.091819
1780456789,119.217847
1780456789,108.934270
1780456789,112.674281
1780456789,114.043142
1780456789,105.511993
1780456789,111.336915
1780456789,108.394222
1780456789,111.924298
1780456789,113.810590
1780456789,111.013386
1780456789,109.497430
1780456789,114.874554
1780456789,108.844936
1780456789,107.333672
1780456789,105.123135
1780456789,116.808631
1780456789,115.070571
1780456789,108.621023
1780456789,109.056338
1780456789,105.565155
1780456789,114.056076
1780456789,108.041861
1780456789,106.515913
1780456789,110.082207
1780456789,107.417406
1780456789,106.873842
1780456789,106.842039
1780456789,107.518479
1780456789,112.675932
1780456789,112.714945
1780456789,111.407714
1780456789,111.214653
1780456789,111.803015
1780456789,109.452785
1780456789,105.978405
1780456789,110.554046
1780456789,109.616220
1780456789,112.324970
1780456789,112.009621
1780456789,104.427924
1780456789,112.229936
1780456789,112.044519
1780456789,110.227720
1780456789,115.649124
1780456789,113.749449
1780456789,109.944653
1780456789,115.711722
1780456789,115.108828
1780456789,108.461369
1780456789,111.953443
1780456789,109.014389
1780456789,110.506844
1780456789,107.459338
1780456789,108.550155
1780456789,107.054181
1780456789,107.493630
1780456789,107.314746
1780456789,107.152988
1780456789,107.028853
1780456789,109.948321
1780456789,106.756353
1780456789,106.724739
1780456789,113.954265
1780456789,111.000375
1780456789,115.606032
1780456789,113.587174
1780456789,112.762161
1780456789,114.318672
1780456789,110.236843
1780456789,112.489640
1780456789,114.774806
1780456789,107.656316
1780456789,109.073512
1780456789,111.357736
1780456789,110.428313
1780456789,108.868656
1780456789,108.910378
1780456789,111.373473
1780456789,107.825408
1780456789,107.517933
1780456789,107.233940
1780456789,111.132028
1780456789,109.468881
1780456789,102.559317
1780456789,103.205306
1780456789,103.777342
1780456789,103.866244
1780456789,103.792319
1780456789,104.381325
1780456789,104.598805
1780456789,104.816368
1780456789,104.442401
1780456789,103.136109
1780456789,105.029883
1780456789,104.810525
1780456789,105.687228
1780456789,105.923522
1780456789,106.181881
1780456789,104.144360
1780456789,106.047567
1780456789,105.718977
1780456789,105.778873
1780456789,106.877192
1780456789,107.160332
1780456789,105.691088
1780456789,107.697458
1780456789,105.597384
1780456789,121.496477
1780456789,105.804055
1780456789,107.992309
1780456789,108.127561
1780456789,107.602345
1780456789,105.951917
1780456789,108.245508
1780456789,105.514546
1780456789,119.716897
1780456789,107.939463
1780456789,118.102727
1780456789,105.471121
1780456789,119.585342
1780456789,108.083367
1780456789,121.021054
1780456789,105.546580
1780456789,120.013244
1780456789,108.132443
1780456789,121.135512
1780456789,105.932855
1780456789,108.295719
1780456789,105.754015
1780456789,104.385379
1780456789,108.178587
1780456789,108.299513
1780456789,105.762322
1780456789,105.777370
1780456789,106.306722
1780456789,106.713101
1780456789,108.763247
1780456789,109.052766
1780456789,107.376295
1780456789,105.557365
1780456789,109.321528
1780456789,105.696951
1780456789,108.079076
1780456789,104.791175
1780456789,106.612171
1780456789,108.455689
1780456789,108.996274
1780456789,109.216721
1780456789,108.834676
1780456789,108.711951
1780456789,108.617333
1780456789,104.432451
1780456789,105.711252
1780456789,108.588904
1780456789,109.981585
1780456789,104.853017
1780456789,107.611678
1780456789,109.629827
1780456789,109.531113
1780456789,108.082548
1780456789,109.615109
1780456789,108.062371
1780456789,102.669940
1780456789,106.535224
1780456789,110.299297
1780456789,108.150411
1780456789,109.927409
1780456789,106.754502
1780456789,110.550558
1780456789,102.734174
1780456789,108.966782
1780456789,107.754336
1780456789,107.408019
1780456789,104.718285
1780456789,107.762562
1780456789,106.533881
1780456789,111.111767
1780456789,102.571396
1780456789,104.553275
1780456789,111.730650
1780456789,108.583531
1780456789,112.285702
1780456789,102.438940
1780456789,112.132033
1780456789,112.659666
1780456789,109.059650
1780456789,112.921302
1780456789,108.125618
1780456789,112.653920
1780456789,110.700249
1780456789,108.500775
1780456789,113.385440
1780456789,108.622565
1780456789,103.018205
1780456789,108.164236
1780456789,103.155297
1780456789,102.878162
1780456789,114.022658
1780456789,106.799591
1780456789,112.472613
1780456789,103.003848
1780456789,114.265948
1780456789,112.754262
1780456789,115.138149
1780456789,108.282791
1780456789,114.612075
1780456789,107.527559
1780456789,114.695291
1780456789,107.557665
1780456789,103.328908
1780456789,113.005796
1780456789,107.576381
1780456789,111.619204
1780456789,106.646641
1780456789,111.343850
1780456789,106.306513
1780456789,109.890773
1780456789,110.063860
1780456789,103.110968
1780456789,103.163164
1780456789,103.283404
1780456789,112.373508
1780456789,102.674846
1780456789,109.756836
1780456789,106.261878
1780456789,110.015695
1780456789,106.489221
1780456789,102.430391
1780456789,109.171067
1780456789,105.495363
1780456789,108.521000
1780456789,105.399808
1780456789,104.306662
1780456789,104.689928
1780456789,104.425878
1780456789,107.434305
1780456789,104.475263
1780456789,107.436202
1780456789,103.506775
1780456789,104.419183
1780456789,102.573336
1780456789,107.087101
1780456789,106.295694
1780456789,103.906863
1780456789,104.190518
1780456789,101.944456
1780456789,104.987555
1780456789,105.582906
1780456789,105.647654
1780456789,103.364863
1780456789,104.411296
1780456789,103.532667
1780456789,104.606719
1780456789,103.678136
1780456789,103.724937
1780456789,103.788010
1780456789,102.570466
1780456789,103.952078
1780456789,102.868675
1780456789,102.774732
1780456789,104.214954
1780456789,103.008007
1780456789,103.104478
1780456789,104.328388
1780456789,101.880944
1780456789,103.340470
1780456789,103.268139
1780456789,103.345669
1780456789,103.470821
1780456789,103.487930
1780456789,102.560505
1780456789,102.677860
1780456789,102.803434
1780456789,102.944615
1780456789,102.884187
1780456789,101.776746
1780456789,103.148887
1780456789,101.940432
1780456789,103.239518
1780456789,103.346953
1780456789,102.353920
1780456789,103.521308
1780456789,102.596641
1780456789,102.640459
1780456789,102.672915
1780456789,102.672011
1780456789,102.785866
1780456789,102.926664
1780456789,103.017058
1780456789,102.047776
1780456789,102.391662
1780456789,102.342610
1780456789,102.517674
1780456789,102.595377
1780456789,102.677931
1780456789,102.681871
1780456789,102.757666
1780456789,102.773354
1780456789,102.229699
1780456789,102.370241
1780456789,102.441889
1780456789,102.561729
1780456789,102.807147
1780456789,102.840628
1780456789,101.953587
1780456789,102.664550
1780456789,102.679443
1780456789,102.659107
1780456789,102.818082
1780456789,102.833923
1780456789,102.939499
1780456789,102.474265
1780456789,103.161200
1780456789,102.883031
1780456789,102.831736
1780456789,102.488789
1780456789,103.056895
1780456789,103.244591
1780456789,103.205310
1780456789,102.885970
1780456789,102.825839
1780456789,103.161768
1780456789,103.100747
1780456789,103.361256
1780456789,101.279304
1780456789,102.453699
1780456789,102.473134
1780456789,102.477463
1780456789,102.478271
1780456789,102.358420
1780456789,102.743275
1780456789,102.500672
1780456789,102.916282
1780456789,102.872218
1780456789,102.286518
1780456789,101.863696
1780456789,102.931289
1780456789,103.080885
1780456789,102.528287
1780456789,102.710594
1780456789,102.980651
1780456789,102.614562
1780456789,103.759960
1780456789,102.491257
1780456789,103.265321
1780456789,102.426457
1780456789,103.395696
1780456789,102.350036
1780456789,102.811331
1780456789,102.766717
1780456789,102.933309
1780456789,103.058364
1780456789,102.527308
1780456789,103.770306
1780456789,103.281699
1780456789,102.731560
1780456789,102.099655
1780456789,102.886140
1780456789,102.151580
1780456789,102.679000
1780456789,102.905242
1780456789,103.130362
1780456789,102.702173
1780456789,102.858510
1780456789,103.016414
1780456789,103.162969
1780456789,102.950857
1780456789,102.986291
1780456789,103.146349
1780456789,102.097390
1780456789,103.137458
1780456789,102.611690
1780456789,103.104585
1780456789,103.542868
1780456789,102.168561
1780456789,102.749075
1780456789,103.218205
1780456789,103.645696
1780456789,103.615861
1780456789,103.386497
1780456789,102.506680
1780456789,103.965588
1780456789,102.844275
1780456789,103.858026
1780456789,103.554560
1780456789,102.541893
1780456789,104.303363
1780456789,104.501531
1780456789,104.508091
1780456789,103.144478
1780456789,102.896225
1780456789,101.902782
1780456789,103.366410
1780456789,103.793912
1780456789,104.454453
1780456789,104.140571
1780456789,102.493206
1780456789,104.892284
1780456789,104.083588
1780456789,103.521007
1780456789,104.701823
1780456789,104.663343
1780456789,104.299235
1780456789,103.478133
1780456789,104.799910
1780456789,104.904440
1780456789,103.803351
1780456789,103.724888
1780456789,104.113946
1780456789,104.032189
1780456789,103.673092
1780456789,103.375677
1780456789,103.323374
1780456789,103.336867
1780456789,102.041023
1780456789,103.751285
1780456789,104.873349
1780456789,103.882083
1780456789,104.581460
1780456789,104.171573
1780456789,103.426115
1780456789,104.206613
1780456789,103.974852
1780456789,104.127091
1780456789,103.993666
1780456789,103.537686
1780456789,104.471147
1780456789,103.938900
1780456789,104.082293
1780456789,104.403920
1780456789,103.945668
1780456789,104.416048
1780456789,103.538554
1780456789,103.469376
1780456789,104.822804
1780456789,104.226008
1780456789,103.427396
1780456789,104.337318
1780456789,104.179062
1780456789,104.163877
1780456789,107.986705
1780456789,112.490230
1780456789,103.827871
1780456789,104.390800
1780456789,103.947396
1780456789,108.607181
1780456789,109.556314
1780456789,108.908081
1780456789,107.857460
1780456789,105.350186
1780456789,107.424725
1780456789,109.346930
1780456789,107.523892
1780456789,109.995609
1780456789,110.203422
1780456789,109.996474
1780456789,105.681538
1780456789,110.079294
1780456789,112.068090
1780456789,112.917426
1780456789,113.177926
1780456789,111.122388
1780456789,111.451748
1780456789,107.176033
1780456789,110.947205
1780456789,112.846031
1780456789,110.786028
1780456789,107.320029
1780456789,112.529250
1780456789,113.467763
1780456789,109.956816
1780456789,112.758245
1780456789,107.676693
1780456789,111.693381
1780456789,110.725077
1780456789,110.872823
1780456789,110.501798
1780456789,109.929052
1780456789,110.675762
1780456789,111.217148
1780456789,111.353523
1780456789,115.029673
1780456789,110.824268
1780456789,111.313563
1780456789,111.355261
1780456789,110.669620
1780456789,110.768045
1780456789,110.371747
1780456789,108.859359
1780456789,111.211536
1780456789,110.906589
1780456789,120.569411
1780456789,120.530526
1780456789,109.271163
1780456789,119.636531
1780456789,114.976039
1780456789,118.251067
1780456789,120.082341
1780456789,118.438610
1780456789,120.169579
1780456789,119.311418
1780456789,116.303926
1780456789,115.515425
1780456789,116.968532
1780456789,120.377955
1780456789,120.335395
1780456789,116.715259
1780456789,116.976887
1780456789,122.717372
1780456789,116.729765
1780456789,116.786667
1780456789,110.171707
1780456789,116.497976
1780456789,121.420477
1780456789,120.206225
1780456789,125.397232
1780456789,114.156555
1780456789,125.715991
1780456789,114.375828
1780456789,124.080903
1780456789,114.647484
1780456789,124.238941
1780456789,116.553020
1780456789,116.956205
1780456789,116.325758
1780456789,119.060583
1780456789,125.979318
1780456789,117.208839
1780456789,118.071845
1780456789,126.162953
1780456789,122.644748
1780456789,125.841727
1780456789,124.121368
1780456789,125.998545
1780456789,117.476152
1780456789,116.454395
1780456789,125.489553
1780456789,121.674977
1780456789,124.604972
1780456789,120.104680
1780456789,121.422102
1780456789,125.828422
1780456789,119.577317
1780456789,125.643664
1780456789,118.112270
1780456789,125.208102
1780456789,118.892930
1780456789,121.648442
1780456789,124.890455
1780456789,118.445879
1780456789,120.513998
1780456789,117.891469
1780456789,127.941103
1780456789,123.896161
1780456789,118.835788
1780456789,128.089471
1780456789,124.301715
1780456789,121.150610
1780456789,116.268843
1780456789,123.056017
1780456789,124.327933
1780456789,126.454073
1780456789,121.522092
1780456789,119.642534
1780456789,125.315639
1780456789,125.223488
1780456789,125.303504
1780456789,129.644032
1780456789,127.610850
1780456789,124.830683
1780456789,123.374638
1780456789,130.498955
1780456789,120.926832
1780456789,130.047840
1780456789,120.818244
1780456789,130.190039
1780456789,126.258844
1780456789,126.608506
1780456789,128.279945
1780456789,126.501784
1780456789,131.128738
1780456789,130.572052
1780456789,127.014334
1780456789,126.026899
1780456789,130.573325
1780456789,126.979223
1780456789,131.493063
1780456789,130.837833
1780456789,127.280993
1780456789,130.944697
1780456789,131.044342
1780456789,124.888441
1780456789,129.373868
1780456789,126.200324
1780456789,118.662314
1780456789,122.683965
1780456789,125.468089
1780456789,122.714675
1780456789,130.946968
1780456789,127.617011
1780456789,131.206564
1780456789,124.331417
1780456789,129.877516
1780456789,132.590834
1780456789,132.298040
1780456789,119.106641
1780456789,126.237526
1780456789,126.535702
1780456789,127.076449
1780456789,130.222410
1780456789,131.199203
1780456789,127.458210
1780456789,131.237880
1780456789,127.495276
1780456789,131.431226
1780456789,128.565224
1780456789,127.321079
1780456789,128.728157
1780456789,128.080646
1780456789,131.641451
1780456789,127.711539
1780456789,125.835154
1780456789,128.428307
1780456789,128.588143
1780456789,131.880303
1780456789,128.459971
1780456789,122.974979
1780456789,131.732731
1780456789,124.168421
1780456789,128.122197
1780456789,126.661652
1780456789,127.113295
1780456789,132.619516
1780456789,131.848425
1780456789,123.662424
1780456789,128.288979
1780456789,131.237430
1780456789,127.136078
1780456789,131.124666
1780456789,127.319476
1780456789,129.187379
1780456789,132.162885
1780456789,130.454318
1780456789,126.920869
1780456789,125.474449
1780456789,126.915596
1780456789,125.606910
1780456789,131.182721
1780456789,131.328774
1780456789,129.511869
1780456789,123.967528
1780456789,123.832540
1780456789,125.862776
1780456789,131.461079
1780456789,121.891614
1780456789,127.047020
1780456789,126.648199
1780456789,124.210249
1780456789,131.490002
1780456789,133.098944
1780456789,126.281971
1780456789,127.598311
1780456789,127.407954
1780456789,133.341198
1780456789,127.713706
1780456789,131.513581
1780456789,129.868491
1780456789,135.515494
1780456789,126.571604
1780456789,127.061324
1780456789,127.893837
1780456789,127.202516
1780456789,127.676465
1780456789,127.601861
1780456789,132.284142
1780456789,123.804049
1780456789,131.391698
1780456789,132.290661
1780456789,128.119315
1780456789,135.812824
1780456789,130.252450
1780456789,135.768920
1780456789,127.381221
1780456789,127.115051
1780456789,127.244929
1780456789,128.226272
1780456789,127.349261
1780456789,130.464230
1780456789,128.426787
1780456789,136.715743
1780456789,129.019126
1780456789,133.655603
1780456789,125.532970
1780456789,125.591247
1780456789,136.066970
1780456789,130.463268
1780456789,136.684275
1780456789,136.338164
1780456789,130.772289
1780456789,136.274533
1780456789,136.337561
1780456789,122.480048
1780456789,128.940030
1780456789,131.284264
1780456789,125.925090
1780456789,128.141901
1780456789,123.210966
1780456789,130.969719
1780456789,135.276652
1780456789,126.147101
1780456789,131.480434
1780456789,129.354554
1780456789,134.152510
1780456789,123.279819
1780456789,135.583361
1780456789,131.495726
1780456789,136.859122
1780456789,123.512770
1780456789,132.436105
1780456789,128.460855
1780456789,127.807552
1780456789,136.880680
1780456789,129.172168
1780456789,129.964019
1780456789,134.544418
1780456789,127.177658
1780456789,131.775278
1780456789,122.935763
1780456789,135.302650
1780456789,127.269042
1780456789,132.238563
1780456789,129.100114
1780456789,137.782587
1780456789,128.111103
1780456789,132.542745
1780456789,129.219638
1780456789,132.540059
1780456789,139.098074
1780456789,127.462494
1780456789,134.249404
1780456789,139.298077
1780456789,136.801877
1780456789,129.700642
1780456789,134.450236
1780456789,138.580508
1780456789,136.962499
1780456789,134.523983
1780456789,130.850436
1780456789,134.464304
1780456789,134.827210
1780456789,139.867401
1780456789,138.264865
1780456789,130.056392
1780456789,136.466846
1780456789,128.694034
1780456789,134.009468
1780456789,127.711527
1780456789,131.312936
1780456789,140.087572
1780456789,138.778155
1780456789,133.587239
1780456789,139.950227
1780456789,135.728470
1780456789,134.161869
1780456789,134.478493
1780456789,134.845561
1780456789,140.158881
1780456789,133.432530
1780456789,135.611589
1780456789,141.045558
1780456789,135.587809
1780456789,138.165197
1780456789,141.016644
1780456789,135.374006
1780456789,129.990742
1780456789,124.892706
1780456789,139.421332
1780456789,125.050703
1780456789,140.740546
1780456789,139.591539
1780456789,141.759645
1780456789,140.535334
1780456789,130.403565
1780456789,127.155944
1780456789,142.016577
1780456789,138.680941
1780456789,140.918492
1780456789,131.518990
1780456789,131.406442
1780456789,140.488270
1780456789,130.782827
1780456789,133.669095
1780456789,136.911943
1780456789,140.454261
1780456789,125.092956
1780456789,137.128612
1780456789,141.583404
1780456789,133.845605
1780456789,138.231922
1780456789,139.821332
1780456789,134.572547
1780456789,140.317430
1780456789,136.981444
1780456789,140.273558
1780456789,131.053052
1780456789,133.117067
1780456789,136.411122
1780456789,132.188710
1780456789,128.339499
1780456789,141.373152
1780456789,134.248502
1780456789,139.429460
1780456789,131.563465
1780456789,130.309877
1780456789,131.231687
1780456789,135.630899
1780456789,142.014171
1780456789,134.875125
1780456789,136.070344
1780456789,120.528186
1780456789,138.952082
1780456789,130.218068
1780456789,143.083359
1780456789,118.527605
1780456789,129.955485
1780456789,142.404122
1780456789,136.204577
1780456789,138.068840
1780456789,143.123309
1780456789,141.312077
1780456789,135.199899
1780456789,137.663503
1780456789,139.656665
1780456789,128.548908
1780456789,140.447020
1780456789,135.718873
1780456789,138.566621
1780456789,133.334862
1780456789,138.849631
1780456789,135.331666
1780456789,144.200540
1780456789,138.818117
1780456789,123.179313
1780456789,136.537527
1780456789,143.570215
1780456789,142.889914
1780456789,144.416110
1780456789,131.052818
1780456789,141.058375
1780456789,144.643546
1780456789,135.867058
1780456789,135.436832
1780456789,143.367582
1780456789,129.684900
1780456789,143.275297
1780456789,144.859152
1780456789,126.338846
1780456789,136.528413
1780456789,142.161013
1780456789,120.586104
1780456789,143.563945
1780456789,145.193689
1780456789,136.196925
1780456789,129.272729
1780456789,143.963853
1780456789,145.404342
1780456789,125.766508
1780456789,134.006472
1780456789,139.696156
1780456789,118.012192
1780456789,129.530002
1780456789,140.554972
1780456789,145.844096
1780456789,127.502412
1780456789,142.665925
1780456789,146.068437
1780456789,140.067094
1780456789,144.868883
1780456789,125.491184
1780456789,137.289750
1780456789,144.817401
1780456789,148.220414
1780456789,146.499451
1780456789,146.530806
1780456789,148.411808
1780456789,135.029333
1780456789,118.323705
1780456789,140.473348
1780456789,141.710281
1780456789,139.786559
1780456789,126.433172
1780456789,143.948555
1780456789,136.585585
1780456789,148.986672
1780456789,142.152588
1780456789,144.210489
1780456789,140.343541
1780456789,118.854245
1780456789,146.075015
1780456789,138.640795
1780456789,119.159294
1780456789,147.337095
1780456789,119.156313
1780456789,149.560153
1780456789,149.246966
1780456789,146.585048
1780456789,144.876852
1780456789,141.337564
1780456789,142.900472
1780456789,149.133440
1780456789,136.012598
1780456789,119.703516
1780456789,118.465104
1780456789,143.099852
1780456789,149.392294
1780456789,145.285742
1780456789,146.073903
1780456789,149.581867
1780456789,119.969961
1780456789,118.528303
1780456789,136.978586
1780456789,147.003298
1780456789,144.984949
1780456789,142.154462
1780456789,120.309299
1780456789,148.743035
1780456789,113.633106
1780456789,120.671397
1780456789,150.181432
1780456789,151.140025
1780456789,119.231680
1780456789,148.807332
1780456789,144.048231
1780456789,150.920945
1780456789,140.708710
1780456789,150.576680
1780456789,147.855785
1780456789,151.624093
1780456789,151.615094
1780456789,120.234661
1780456789,143.062616
1780456789,147.724624
1780456789,152.275661
1780456789,120.532084
1780456789,151.353599
1780456789,152.208726
1780456789,148.182387
1780456789,141.149684
1780456789,152.932328
1780456789,139.225696
1780456789,140.381238
1780456789,121.549710
1780456789,152.751896
1780456789,146.731776
1780456789,152.971313
1780456789,142.365073
1780456789,152.931376
1780456789,110.313713
1780456789,146.151544
1780456789,152.307460
1780456789,148.686053
1780456789,152.075891
1780456789,152.086384
1780456789,139.489863
1780456789,148.368455
1780456789,146.429509
1780456789,140.299689
1780456789,144.033386
1780456789,147.868070
1780456789,111.281834
1780456789,141.237905
1780456789,151.655333
1780456789,151.518048
1780456789,152.024856
1780456789,143.545962
1780456789,145.580635
1780456789,109.759750
1780456789,144.723786
1780456789,147.761826
1780456789,148.066451
1780456789,146.898554
1780456789,152.306549
1780456789,108.918322
1780456789,124.028114
1780456789,146.944843
1780456789,148.512327
1780456789,153.985986
1780456789,155.745019
1780456789,144.809659
1780456789,152.577286
1780456789,143.310770
1780456789,148.644049
1780456789,155.720289
1780456789,119.039470
1780456789,150.378106
1780456789,145.224599
1780456789,145.918288
1780456789,108.222832
1780456789,147.062910
1780456789,155.019432
1780456789,145.268784
1780456789,155.076285
1780456789,149.038251
1780456789,147.115647
1780456789,155.492899
1780456789,151.076129
1780456789,143.120269
1780456789,111.797009
1780456789,145.715961
1780456789,111.774969
1780456789,151.343488
1780456789,146.362646
1780456789,123.372968
1780456789,155.565950
1780456789,140.558886
1780456789,112.280720
1780456789,148.442181
1780456789,142.956989
1780456789,122.082782
1780456789,105.693598
1780456789,156.150092
1780456789,155.309973
1780456789,147.076061
1780456789,135.071284
1780456789,128.384938
1780456789,150.196372
1780456789,127.196251
1780456789,106.350388
1780456789,104.001693
1780456789,123.494803
1780456789,140.795819
1780456789,122.166509
1780456789,139.761549
1780456789,133.868342
1780456789,123.870965
1780456789,123.764120
1780456789,143.229466
1780456789,105.329086
1780456789,123.684467
1780456789,153.530825
1780456789,146.520522
1780456789,153.427393
1780456789,105.785408
1780456789,150.641194
1780456789,153.885650
1780456789,142.397381
1780456789,118.776732
1780456789,124.798561
1780456789,142.431972
1780456789,114.006609
1780456789,115.377871
1780456789,142.655978
1780456789,116.708854
1780456789,114.460880
1780456789,158.133782
1780456789,150.992141
1780456789,151.054549
1780456789,114.635910
1780456789,140.863697
1780456789,140.900706
1780456789,115.009516
1780456789,133.293309
1780456789,151.985052
1780456789,153.164131
1780456789,141.642049
1780456789,156.291374
1780456789,141.838676
1780456789,164.270968
1780456789,155.967492
1780456789,162.507638
1780456789,153.999280
1780456789,142.022559
1780456789,113.076442
1780456789,134.588313
1780456789,141.423601
1780456789,134.639950
1780456789,126.399796
1780456789,134.890594
1780456789,122.943041
1780456789,151.045652
1780456789,157.167034
1780456789,134.959496
1780456789,134.208804
1780456789,161.177038
1780456789,165.550970
1780456789,164.318639
1780456789,164.319948
1780456789,164.554755
1780456789,165.649125
1780456789,161.466450
1780456789,134.700191
1780456789,165.652828
1780456789,109.914742
1780456789,161.065961
1780456789,147.504804
1780456789,143.813118
1780456789,116.516630
1780456789,166.390614
1780456789,108.518136
1780456789,161.840494
1780456789,110.728524
1780456789,150.201288
1780456789,162.122927
1780456789,148.182713
1780456789,135.018797
1780456789,146.098284
1780456789,162.781626
1780456789,135.541222
1780456789,135.977565
1780456789,137.462071
1780456789,136.152478
1780456789,161.494292
1780456789,154.604955
1780456789,147.466272
1780456789,156.719389
1780456789,136.661943
1780456789,168.000905
1780456789,167.627886
1780456789,135.866028
1780456789,118.977108
1780456789,135.926449
1780456789,167.908161
1780456789,137.454365
1780456789,159.105273
1780456789,136.197756
1780456789,109.173096
1780456789,148.717906
1780456789,160.550433
1780456789,136.258101
1780456789,159.607840
1780456789,114.548086
1780456789,145.667034
1780456789,114.872924
1780456789,136.736828
1780456789,116.065740
1780456789,136.877241
1780456789,170.597321
1780456789,165.290803
1780456789,135.778519
1780456789,138.141463
1780456789,116.184825
1780456789,138.115161
1780456789,138.374960
1780456789,135.697243
1780456789,139.877358
1780456789,138.805201
1780456789,113.969009
1780456789,135.938192
1780456789,115.650711
1780456789,134.941415
1780456789,115.701886
1780456789,136.091112
1780456789,127.947080
1780456789,126.817333
1780456789,140.341121
1780456789,126.953769
1780456789,155.502784
1780456789,153.203167
1780456789,172.921766
1780456789,172.484869
1780456789,127.126320
1780456789,138.294452
1780456789,167.248330
1780456789,139.770284
1780456789,173.217280
1780456789,111.580011
1780456789,127.525328
1780456789,173.534974
1780456789,165.163533
1780456789,137.397463
1780456789,167.570000
1780456789,145.963055
1780456789,162.813148
1780456789,147.556107
1780456789,139.250458
1780456789,144.876313
1780456789,112.418564
1780456789,140.736608
1780456789,139.599261
1780456789,126.194627
1780456789,162.503211
1780456789,139.615499
1780456789,128.596046
1780456789,153.754023
1780456789,157.533652
1780456789,174.837215
1780456789,147.203681
1780456789,170.360545
1780456789,155.518805
1780456789,147.713464
1780456789,128.244342
1780456789,141.980193
1780456789,137.075681
1780456789,134.905455
1780456789,122.701711
1780456789,135.130767
1780456789,168.692318
1780456789,136.420961
1780456789,135.375104
1780456789,156.398141
1780456789,146.828505
1780456789,135.625934
1780456789,171.780214
1780456789,167.357533
1780456789,133.569440
1780456789,145.945008
1780456789,142.114932
1780456789,167.571196
1780456789,140.970392
1780456789,163.511994
1780456789,126.933250
1780456789,142.388877
1780456789,119.367738
1780456789,133.188050
1780456789,142.352967
1780456789,123.220018
1780456789,138.240224
1780456789,149.981032
1780456789,124.365999
1780456789,136.534250
1780456789,140.064233
1780456789,170.231306
1780456789,161.327710
1780456789,122.264045
1780456789,128.456546
1780456789,163.822619
1780456789,133.067927
1780456789,146.730221
1780456789,119.979128
1780456789,118.399449
1780456789,119.364423
1780456789,120.627072
1780456789,119.370726
1780456789,150.892453
1780456789,119.689217
1780456789,122.184882
1780456789,122.261258
1780456789,154.025323
1780456789,151.274807
1780456789,151.439052
1780456789,122.197509
1780456789,121.037091
1780456789,121.117931
1780456789,153.238339
1780456789,155.099812
1780456789,153.781914
1780456789,153.924746
1780456789,153.992454
1780456789,152.622503
1780456789,153.906776
1780456789,153.052486
1780456789,151.580596
1780456789,152.974421
1780456789,153.574432
1780456789,143.959001
1780456789,135.521620
1780456789,151.416364
1780456789,141.785886
1780456789,144.139897
1780456789,133.240187
1780456789,133.313506
1780456789,145.526008
1780456789,150.037502
1780456789,134.591945
1780456789,150.062407
1780456789,125.921327
1780456789,124.756999
1780456789,124.707765
1780456789,130.072681
1780456789,142.205661
1780456789,130.190428
1780456789,139.455913
1780456789,154.897682
1780456789,156.401932
1780456789,156.511604
1780456789,151.137851
1780456789,152.581205
1780456789,153.480020
1780456789,151.102188
1780456789,150.084516
1780456789,145.873029
1780456789,137.610041
1780456789,132.541459
1780456789,137.758917
1780456789,132.206041
1780456789,136.858004
1780456789,111.107719
1780456789,140.259780
1780456789,111.328671
1780456789,117.648001
1780456789,110.708534
1780456789,114.204623
1780456789,160.958331
1780456789,173.325952
1780456789,174.814768
1780456789,159.765942
1780456789,162.860990
1780456789,176.604775
1780456789,165.243566
1780456789,163.971020
1780456789,163.000778
1780456789,164.143681
1780456789,171.249598
1780456789,172.724296
1780456789,170.185255
1780456789,172.664203
1780456789,165.658665
1780456789,178.339098
1780456789,179.934143
1780456789,177.078810
1780456789,163.397624
1780456789,126.859291
1780456789,127.017580
1780456789,119.330166
1780456789,122.919116
1780456789,122.727432
1780456789,161.128145
1780456789,161.133369
1780456789,133.913568
1780456789,131.211709
1780456789,162.596089
1780456789,162.745933
1780456789,129.935013
1780456789,193.565920
1780456789,135.684602
1780456789,162.979449
1780456789,160.337144
1780456789,160.401614
1780456789,165.640932
1780456789,160.466037
1780456789,162.963632
1780456789,170.409071
1780456789,125.016267
1780456789,131.752624
1780456789,156.144028
1780456789,168.260403
1780456789,151.813199
1780456789,151.962857
1780456789,156.533341
1780456789,156.700817
1780456789,127.055863
1780456789,156.879819
1780456789,188.211768
1780456789,164.707645
1780456789,133.539382
1780456789,135.434834
1780456789,133.674757
1780456789,133.814496
1780456789,135.521201
1780456789,135.641486
1780456789,135.541096
1780456789,135.807105
1780456789,135.652065
1780456789,140.632608
1780456789,151.829334
1780456789,124.912214
1780456789,117.750644
1780456789,127.470443
1780456789,159.578923
1780456789,158.628463
1780456789,159.550496
1780456789,162.051562
1780456789,163.567999
1780456789,159.575677
1780456789,164.803007
1780456789,164.749816
1780456789,131.839444
1780456789,165.045796
1780456789,166.893242
1780456789,182.089908
1780456789,187.811674
1780456789,185.212312
1780456789,178.264262
1780456789,162.868097
1780456789,181.078576
1780456789,182.446178
1780456789,181.181359
1780456789,178.607387
1780456789,184.073507
1780456789,131.433626
1780456789,202.443205
1780456789,206.914833
1780456789,206.129565
1780456789,130.223032
1780456789,134.716588
1780456789,134.795246
1780456789,130.414499
1780456789,139.286849
1780456789,139.309680
1780456789,196.836923
1780456789,106.783196
1780456789,122.641636
1780456789,106.876302
1780456789,106.630889
1780456789,134.852601
1780456789,107.374787
1780456789,123.667717
1780456789,107.522856
1780456789,108.700775
1780456789,108.260292
1780456789,108.628776
1780456789,110.902284
1780456789,110.512596
1780456789,110.765218
1780456789,110.607421
1780456789,110.783509
1780456789,110.781023
1780456789,111.144064
1780456789,111.889716
1780456789,111.866342
1780456789,112.150976
1780456789,112.151211
1780456789,112.542085
1780456789,182.045094
1780456789,187.765239
1780456789,179.927396
1780456789,173.367548
1780456789,171.508356
1780456789,152.907857
1780456789,170.777213
1780456789,103.630514
1780456789,150.485341
1780456789,171.558339
1780456789,152.647980
1780456789,149.962680
1780456789,147.726335
1780456789,149.232674
1780456789,151.156767
1780456789,148.753905
1780456789,151.241450
1780456789,145.412830
1780456789,141.638938
1780456789,146.082175
1780456789,125.635369
1780456789,129.329121
1780456789,117.037892
1780456789,110.567106
1780456789,108.271103
1780456789,110.668208
1780456789,108.544939
1780456789,114.126333
1780456789,109.172243
1780456789,108.213397
1780456789,114.096126
1780456789,104.477551
1780456789,113.508876
1780456789,107.835661
1780456789,113.391302
1780456789,107.943442
1780456789,113.519267
1780456789,113.645364
1780456789,107.594634
1780456789,108.083259
1780456789,118.761268
1780456789,114.206270
1780456789,110.864254
1780456789,113.335904
1780456789,113.490059
1780456789,113.453445
1780456789,113.609354
1780456789,114.154348
1780456789,114.667998
1780456789,109.087205
1780456789,109.181889
1780456789,105.757817
1780456789,111.993120
1780456789,111.585876
1780456789,111.726197
1780456789,112.566472
1780456789,112.783969
1780456789,112.688157
1780456789,111.236445
1780456789,119.827522
1780456789,113.566774
1780456789,113.644969
1780456789,120.381641
1780456789,124.810999
1780456789,113.796405
1780456789,120.537052
1780456789,125.047034
1780456789,113.935961
1780456789,114.366223
1780456789,112.617044
1780456789,112.755538
1780456789,113.293190
1780456789,106.984486
1780456789,107.164193
1780456789,110.889478
1780456789,111.003313
1780456789,110.854807
1780456789,110.925560
1780456789,111.013294
1780456789,111.256296
1780456789,111.161778
1780456789,110.218307
1780456789,121.760786
1780456789,108.654073
1780456789,120.831056
1780456789,121.097682
1780456789,106.954156
1780456789,107.202238
1780456789,121.277040
1780456789,117.797456
1780456789,107.401083
1780456789,107.526687
1780456789,122.101271
1780456789,108.614573
1780456789,108.587544
1780456789,112.212126
1780456789,104.178711
1780456789,121.122149
1780456789,121.390235
1780456789,112.587300
1780456789,104.969617
1780456789,122.101390
1780456789,105.207617
1780456789,105.166795
1780456789,112.881700
1780456789,105.526090
1780456789,104.832386
1780456789,110.979039
1780456789,104.420058
1780456789,107.086025
1780456789,106.505930
1780456789,106.852797
1780456789,107.062528
1780456789,108.044833
1780456789,107.521154
1780456789,108.027565
1780456789,107.852767
1780456789,109.622126
1780456789,109.629750
1780456789,109.764792
1780456789,118.752145
1780456789,115.057985
1780456789,115.982525
1780456789,116.121331
1780456789,118.964452
1780456789,116.793760
1780456789,115.895216
1780456789,115.370689
1780456789,115.098581
1780456789,116.335391
1780456789,116.858692
1780456789,116.934936
1780456789,116.509635
1780456789,115.843228
1780456789,117.197538
1780456789,111.975600
1780456789,117.104395
1780456789,116.873836
1780456789,117.407173
1780456789,116.975724
1780456789,107.666800
1780456789,117.145473
1780456789,117.772813
1780456789,116.930546
1780456789,117.050960
1780456789,116.949659
1780456789,104.009852
1780456789,109.644270
1780456789,115.250561
1780456789,113.821532
1780456789,114.515585
1780456789,111.272237
1780456789,110.719850
1780456789,109.730287
1780456789,109.840784
1780456789,111.000231
1780456789,110.889443
1780456789,110.952761
1780456789,110.852172
1780456789,115.576534
1780456789,108.496584
1780456789,108.955830
1780456789,109.037149
1780456789,112.143234
1780456789,113.737182
1780456789,117.924785
1780456789,112.664543
1780456789,111.055847
1780456789,111.050763
1780456789,114.144378
1780456789,113.363408
1780456789,116.514308
1780456789,111.214804
1780456789,111.296293
1780456789,105.833598
1780456789,113.760807
1780456789,114.774534
1780456789,112.791972
1780456789,110.401633
1780456789,114.324042
1780456789,113.179709
1780456789,113.288238
1780456789,118.096246
1780456789,113.585314
1780456789,113.792728
1780456789,113.536040
1780456789,107.463364
1780456789,113.999853
1780456789,114.130916
1780456789,112.808169
1780456789,110.503783
1780456789,112.056420
1780456789,113.662680
1780456789,114.301034
1780456789,109.856759
1780456789,114.216069
1780456789,117.430231
1780456789,117.506931
1780456789,117.743536
1780456789,115.708803
1780456789,111.323995
1780456789,114.279760
1780456789,115.651658
1780456789,110.983898
1780456789,110.426674
1780456789,108.504013
1780456789,110.657212
1780456789,111.476249
1780456789,114.136644
1780456789,114.744598
1780456789,116.393852
1780456789,108.826832
1780456789,111.429119
1780456789,108.934658
1780456789,111.320156
1780456789,111.996668
1780456789,109.218792
1780456789,111.646530
1780456789,111.825209
1780456789,111.224875
1780456789,109.321062
1780456789,111.376258
1780456789,117.044116
1780456789,113.620597
1780456789,115.872534
1780456789,117.267439
1780456789,117.333478
1780456789,107.625968
1780456789,109.602288
1780456789,109.178365
1780456789,109.624680
1780456789,109.424590
1780456789,109.541048
1780456789,108.540966
1780456789,108.297460
1780456789,139.392732
1780456789,136.334672
1780456789,107.206085
1780456789,108.871182
1780456789,136.259979
1780456789,132.796760
1780456789,108.377078
1780456789,136.164851
1780456789,108.574760
1780456789,107.516570
1780456789,137.179204
1780456789,107.831806
1780456789,136.444507
1780456789,108.949420
1780456789,137.534014
1780456789,108.207511
1780456789,136.863319
1780456789,108.188268
1780456789,134.367871
1780456789,105.792665
1780456789,136.971742
1780456789,137.927508
1780456789,132.767334
1780456789,137.213171
1780456789,134.623521
1780456789,134.823361
1780456789,133.556880
1780456789,134.746539
1780456789,133.650148
1780456789,134.860345
1780456789,133.740780
1780456789,133.782119
1780456789,133.794234
1780456789,129.038443
1780456789,128.474703
1780456789,128.464126
1780456789,125.698786
1780456789,125.109962
1780456789,124.789514
1780456789,124.419800
1780456789,130.828446
1780456789,130.955691
1780456789,117.788767
1780456789,130.284921
1780456789,117.904207
1780456789,130.215863
1780456789,128.987727
1780456789,111.749257
1780456789,128.824435
1780456789,117.753739
1780456789,126.372892
1780456789,126.373484
1780456789,116.883413
1780456789,125.854063
1780456789,111.344550
1780456789,126.373244
1780456789,116.907368
1780456789,125.052950
1780456789,123.004747
1780456789,125.301091
1780456789,112.726930
1780456789,125.976323
1780456789,125.633760
1780456789,123.581477
1780456789,119.108319
1780456789,123.607888
1780456789,122.789604
1780456789,122.556630
1780456789,116.476621
1780456789,126.413237
1780456789,116.944346
1780456789,125.604013
1780456789,122.958340
1780456789,124.023168
1780456789,125.638165
1780456789,122.772069
1780456789,123.114845
1780456789,122.538633
1780456789,121.164946
1780456789,106.065429
1780456789,120.024255
1780456789,123.441625
1780456789,123.680674
1780456789,122.950009
1780456789,114.365375
1780456789,124.034031
1780456789,111.799675
1780456789,124.186846
1780456789,116.392670
1780456789,123.041630
1780456789,121.664878
1780456789,121.675168
1780456789,117.352840
1780456789,122.053987
1780456789,103.427744
1780456789,122.067028
1780456789,121.805609
1780456789,123.617289
1780456789,121.680833
1780456789,110.809163
1780456789,122.441437
1780456789,109.512623
1780456789,109.510340
1780456789,122.748507
1780456789,125.823101
1780456789,112.177333
1780456789,106.571089
1780456789,120.070500
1780456789,122.852703
1780456789,106.529128
1780456789,128.783180
1780456789,106.213425
1780456789,126.114467
1780456789,127.495566
1780456789,124.361631
1780456789,123.365526
1780456789,124.862919
1780456789,125.358805
1780456789,105.229104
1780456789,120.276258
1780456789,120.245391
1780456789,120.510036
1780456789,119.181412
1780456789,129.408647
1780456789,119.110134
1780456789,116.038801
1780456789,125.907649
1780456789,116.332195
1780456789,124.672884
1780456789,115.513523
1780456789,118.617625
1780456789,115.857095
1780456789,115.615536
1780456789,115.817889
1780456789,129.816904
1780456789,130.467452
1780456789,130.473718
1780456789,132.718985
1780456789,133.184421
1780456789,133.968815
1780456789,134.384892
1780456789,133.833048
1780456789,127.315978
1780456789,128.986561
1780456789,118.042434
1780456789,133.319238
1780456789,131.787791
1780456789,130.804517
1780456789,113.045501
1780456789,128.470644
1780456789,128.026759
1780456789,122.412085
1780456789,128.796396
1780456789,134.693486
1780456789,119.144523
1780456789,132.964440
1780456789,118.922101
1780456789,117.519147
1780456789,133.423929
1780456789,117.120595
1780456789,117.696808
1780456789,127.379551
1780456789,115.929560
1780456789,133.578415
1780456789,132.389466
1780456789,127.536334
1780456789,132.346309
1780456789,131.100431
1780456789,112.288279
1780456789,117.810198
1780456789,132.615563
1780456789,121.916137
1780456789,115.375034
1780456789,122.710417
1780456789,123.561043
1780456789,124.947739
1780456789,123.228822
1780456789,126.486479
1780456789,131.633642
1780456789,123.785826
1780456789,121.716619
1780456789,129.541721
1780456789,121.861139
1780456789,122.886364
1780456789,114.185523
1780456789,113.970792
1780456789,125.903410
1780456789,113.627130
1780456789,112.387645
1780456789,124.558640
1780456789,128.767129
1780456789,124.261147
1780456789,123.772391
1780456789,123.164611
1780456789,110.076856
1780456789,111.015279
1780456789,123.173797
1780456789,115.912957
1780456789,110.219243
1780456789,118.442149
1780456789,117.499407
1780456789,133.051599
1780456789,116.967735
1780456789,111.260284
1780456789,132.264693
1780456789,118.494797
1780456789,116.832940
1780456789,117.827775
1780456789,117.529798
1780456789,114.302299
1780456789,131.224105
1780456789,112.010168
1780456789,121.526460
1780456789,128.776152
1780456789,120.755553
1780456789,128.758108
1780456789,120.570739
1780456789,133.221939
1780456789,120.692425
1780456789,112.818282
1780456789,127.806971
1780456789,113.105458
1780456789,127.967122
1780456789,112.085413
1780456789,116.315775
1780456789,111.137336
1780456789,127.969274
1780456789,111.091569
1780456789,114.059795
1780456789,111.411006
1780456789,127.427681
1780456789,110.047177
1780456789,110.122743
1780456789,121.258436
1780456789,121.460681
1780456789,120.565918
1780456789,133.029148
1780456789,116.556719
1780456789,115.971589
1780456789,133.049615
1780456789,113.479911
1780456789,118.871107
1780456789,108.209389
1780456789,109.727307
1780456789,107.506615
1780456789,107.082291
1780456789,125.032550
1780456789,107.913021
1780456789,122.978694
1780456789,122.905139
1780456789,134.438847
1780456789,111.036995
1780456789,134.570525
1780456789,118.211623
1780456789,129.392806
1780456789,129.131004
1780456789,110.375299
1780456789,129.718466
1780456789,105.846110
1780456789,131.055026
1780456789,105.986112
1780456789,140.845545
1780456789,106.005929
1780456789,141.198956
1780456789,125.120240
1780456789,115.449035
1780456789,134.759523
1780456789,136.391604
1780456789,133.631994
1780456789,127.716475
1780456789,112.778382
1780456789,114.212462
1780456789,132.086253
1780456789,124.971056
1780456789,129.796778
1780456789,110.912230
1780456789,130.616923
1780456789,111.314832
1780456789,132.336123
1780456789,130.616276
1780456789,111.575500
1780456789,109.359246
1780456789,109.097997
1780456789,129.907912
1780456789,132.155079
1780456789,124.398825
1780456789,107.080827
1780456789,107.061454
1780456789,128.841443
1780456789,106.932287
1780456789,107.202689
1780456789,106.774204
1780456789,106.741568
1780456789,129.460796
1780456789,106.814978
1780456789,134.654017
1780456789,107.292260
1780456789,142.342252
1780456789,112.980036
1780456789,112.375228
1780456789,143.000013
1780456789,142.306201
1780456789,111.935591
1780456789,112.512601
1780456789,136.456117
1780456789,121.363750
1780456789,134.385825
1780456789,113.058888
1780456789,134.888583
1780456789,112.981639
1780456789,128.111486
1780456789,113.099695
1780456789,107.341837
1780456789,110.774584
1780456789,135.123653
1780456789,115.723758
1780456789,105.599807
1780456789,131.753899
1780456789,133.491857
1780456789,107.333483
1780456789,117.419090
1780456789,121.389651
1780456789,105.269675
1780456789,105.510142
1780456789,105.542805
1780456789,104.349874
1780456789,121.001981
1780456789,129.803782
1780456789,105.076183
1780456789,104.314000
1780456789,121.105033
1780456789,146.342391
1780456789,105.471987
1780456789,146.390594
1780456789,105.648027
1780456789,129.335105
1780456789,105.763963
1780456789,103.711174
1780456789,146.607970
1780456789,105.941757
1780456789,103.828579
1780456789,133.162848
1780456789,146.464139
1780456789,104.813848
1780456789,131.909045
1780456789,131.734416
1780456789,131.645847
1780456789,107.888539
1780456789,114.240316
1780456789,133.871851
1780456789,132.147558
1780456789,119.989867
1780456789,105.902403
1780456789,131.996873
1780456789,122.783395
1780456789,128.876636
1780456789,119.810502
1780456789,121.331283
1780456789,105.107448
1780456789,105.431463
1780456789,106.007510
1780456789,131.383305
1780456789,123.743367
1780456789,106.089986
1780456789,134.433014
1780456789,145.540316
1780456789,121.540206
1780456789,136.105825
1780456789,132.459516
1780456789,108.015162
1780456789,128.749222
1780456789,104.949302
1780456789,121.435570
1780456789,104.740870
1780456789,145.965223
1780456789,106.369192
1780456789,129.662898
1780456789,129.624415
1780456789,126.315293
1780456789,122.222953
1780456789,129.703553
1780456789,116.697294
1780456789,129.816252
1780456789,116.805035
1780456789,104.821025
1780456789,116.213485
1780456789,129.798961
1780456789,117.003086
1780456789,110.273642
1780456789,117.257027
1780456789,130.487768
1780456789,106.761478
1780456789,117.263148
1780456789,107.817791
1780456789,105.846958
1780456789,117.645979
1780456789,130.668026
1780456789,117.641649
1780456789,110.887923
1780456789,130.754054
1780456789,111.059598
1780456789,110.886320
1780456789,118.034724
1780456789,117.351595
1780456789,106.583106
1780456789,147.910228
1780456789,111.073724
1780456789,116.538764
1780456789,130.840321
1780456789,111.037957
1780456789,111.217715
1780456789,115.294546
1780456789,106.610543
1780456789,107.058096
1780456789,141.206400
1780456789,111.196363
1780456789,114.169674
1780456789,129.468897
1780456789,106.102742
1780456789,115.582385
1780456789,109.020257
1780456789,106.872048
1780456789,144.867369
1780456789,114.354673
1780456789,109.185047
1780456789,145.044045
1780456789,111.742442
1780456789,109.285748
1780456789,115.035034
1780456789,143.661523
1780456789,109.529194
1780456789,114.308940
1780456789,138.781622
1780456789,109.186874
1780456789,132.245807
1780456789,114.532961
1780456789,109.920204
1780456789,112.256964
1780456789,133.320614
1780456789,109.478059
1780456789,113.048213
1780456789,112.346701
1780456789,129.579513
1780456789,107.881963
1780456789,112.569568
1780456789,109.097149
1780456789,134.822481
1780456789,112.646408
1780456789,106.305136
1780456789,109.638799
1780456789,132.691502
1780456789,127.375431
1780456789,112.829440
1780456789,113.294901
1780456789,112.611610
1780456789,113.880682
1780456789,110.986975
1780456789,113.239855
1780456789,137.517615
1780456789,137.200778
1780456789,112.005608
1780456789,112.144540
1780456789,112.873910
1780456789,130.142990
1780456789,108.868414
1780456789,113.149517
1780456789,109.339702
1780456789,108.710585
1780456789,131.083667
1780456789,113.713397
1780456789,113.513741
1780456789,112.180648
1780456789,110.099917
1780456789,135.244601
1780456789,112.548333
1780456789,136.597209
1780456789,112.814165
1780456789,112.554187
1780456789,114.698355
1780456789,116.006069
1780456789,129.511470
1780456789,129.148953
1780456789,111.892052
1780456789,112.170327
1780456789,113.371059
1780456789,112.468112
1780456789,136.834086
1780456789,112.210923
1780456789,111.624228
1780456789,116.648965
1780456789,115.902023
1780456789,137.118592
1780456789,112.569729
1780456789,116.700636
1780456789,111.627611
1780456789,130.286736
1780456789,112.026380
1780456789,115.359289
1780456789,110.863918
1780456789,129.047978
1780456789,111.388026
1780456789,107.260326
1780456789,113.252848
1780456789,128.281455
1780456789,113.951364
1780456789,115.117169
1780456789,115.920628
1780456789,126.577299
1780456789,108.881445
1780456789,117.224803
1780456789,108.365748
1780456789,131.237695
1780456789,108.944662
1780456789,130.086114
1780456789,109.237158
1780456789,115.056461
1780456789,108.704878
1780456789,128.609715
1780456789,114.592243
1780456789,112.031979
1780456789,114.187589
1780456789,130.569808
1780456789,114.707474
1780456789,108.360639
1780456789,114.557408
1780456789,126.346471
1780456789,108.698172
1780456789,117.891896
1780456789,112.430723
1780456789,108.910626
1780456789,130.842959
1780456789,113.210967
1780456789,130.066390
1780456789,108.812628
1780456789,114.000273
1780456789,111.746422
1780456789,113.718427
1780456789,130.215502
1780456789,113.144088
1780456789,113.013553
1780456789,127.662098
1780456789,119.487463
1780456789,112.762176
1780456789,107.111693
1780456789,130.345982
1780456789,116.841793
1780456789,110.887848
1780456789,111.026520
1780456789,111.045115
1780456789,113.617686
1780456789,128.160394
1780456789,111.023673
1780456789,111.181053
1780456789,116.073386
1780456789,106.546469
1780456789,130.860464
1780456789,119.272832
1780456789,111.097216
1780456789,129.846218
1780456789,107.191284
1780456789,114.442735
1780456789,111.393128
1780456789,126.337894
1780456789,111.238767
1780456789,112.247223
1780456789,107.594397
1780456789,126.582100
1780456789,111.054556
1780456789,108.487518
1780456789,111.160760
1780456789,126.766505
1780456789,111.456860
1780456789,112.632442
1780456789,111.226083
1780456789,111.626391
1780456789,107.641448
1780456789,112.497295
1780456789,107.468374
1780456789,111.730160
1780456789,112.508926
1780456789,115.345444
1780456789,112.381784
1780456789,113.111590
1780456789,127.582154
1780456789,115.688499
1780456789,113.599246
1780456789,127.899047
1780456789,112.188883
1780456789,115.661132
1780456789,112.014531
1780456789,128.552044
1780456789,112.745739
1780456789,114.154546
1780456789,112.382929
1780456789,128.583688
1780456789,110.723847
1780456789,109.619204
1780456789,128.105295
1780456789,111.026455
1780456789,112.699885
1780456789,113.851675
1780456789,109.772828
1780456789,127.801174
1780456789,114.131646
1780456789,108.877637
1780456789,113.283103
1780456789,129.450107
1780456789,111.546973
1780456789,110.977092
1780456789,111.086535
1780456789,129.154460
1780456789,113.594433
1780456789,111.320831
1780456789,129.208624
1780456789,111.928304
1780456789,114.684933
1780456789,129.337656
1780456789,111.983714
1780456789,111.342240
1780456789,110.188828
1780456789,129.012942
1780456789,111.990388
1780456789,112.277572
1780456789,115.373609
1780456789,109.868468
1780456789,129.741190
1780456789,111.912238
1780456789,114.229298
1780456789,111.668091
1780456789,128.328022
1780456789,108.698852
1780456789,109.025308
1780456789,108.947306
1780456789,129.559593
1780456789,112.512576
1780456789,111.945399
1780456789,105.631578
1780456789,128.641122
1780456789,112.388892
1780456789,108.589709
1780456789,126.410697
1780456789,109.321564
1780456789,112.759291
1780456789,129.217635
1780456789,106.278570
1780456789,113.917517
1780456789,109.517832
1780456789,126.749297
1780456789,108.920633
1780456789,114.239049
1780456789,110.017230
1780456789,126.358996
1780456789,114.391554
1780456789,113.966724
1780456789,126.143136
1780456789,113.208443
1780456789,113.873796
1780456789,109.923676
1780456789,126.346035
1780456789,110.645132
1780456789,112.765210
1780456789,109.513194
1780456789,109.676779
1780456789,126.028618
1780456789,105.296096
1780456789,110.520202
1780456789,109.804398
1780456789,126.145643
1780456789,115.348547
1780456789,110.001511
1780456789,103.330924
1780456789,126.168930
1780456789,111.333402
1780456789,110.855954
1780456789,126.474205
1780456789,110.662777
1780456789,108.055242
1780456789,115.807479
1780456789,110.809531
1780456789,103.828022
1780456789,110.741285
1780456789,104.873175
1780456789,116.246672
1780456789,111.677585
1780456789,104.859725
1780456789,114.881258
1780456789,127.068623
1780456789,109.364120
1780456789,111.348259
1780456789,127.565136
1780456789,112.411178
1780456789,111.479205
1780456789,109.169367
1780456789,127.773498
1780456789,112.412303
1780456789,105.390567
1780456789,111.847240
1780456789,117.214180
1780456789,103.179816
1780456789,126.764629
1780456789,112.741354
1780456789,113.324243
1780456789,108.433027
1780456789,112.729123
1780456789,127.381378
1780456789,105.712855
1780456789,117.497699
1780456789,130.423783
1780456789,108.691106
1780456789,113.941028
1780456789,110.648678
1780456789,127.263323
1780456789,117.608331
1780456789,110.854907
1780456789,108.894350
1780456789,114.034670
1780456789,129.001403
1780456789,112.925641
1780456789,103.288901
1780456789,114.465549
1780456789,129.079480
1780456789,103.382808
1780456789,118.022288
1780456789,127.749646
1780456789,111.258427
1780456789,117.726826
1780456789,127.724935
1780456789,114.841262
1780456789,113.425982
1780456789,114.840666
1780456789,128.878147
1780456789,112.218817
1780456789,115.072645
1780456789,111.961412
1780456789,132.850618
1780456789,118.442319
1780456789,108.636738
1780456789,108.860998
1780456789,115.218004
1780456789,132.955902
1780456789,106.356199
1780456789,118.175544
1780456789,115.831924
1780456789,118.589282
1780456789,116.564581
1780456789,115.440498
1780456789,109.599973
1780456789,131.633644
1780456789,115.719126
1780456789,114.583634
1780456789,107.610237
1780456789,115.970024
1780456789,131.461983
1780456789,114.541939
1780456789,114.608684
1780456789,131.539711
1780456789,112.336261
1780456789,119.746878
1780456789,135.034831
1780456789,134.864958
1780456789,121.486354
1780456789,131.643344
1780456789,120.750891
1780456789,110.810485
1780456789,115.022477
1780456789,128.653387
1780456789,114.977560
1780456789,108.998103
1780456789,108.813628
1780456789,118.292243
1780456789,119.235100
1780456789,131.056519
1780456789,119.136315
1780456789,118.222460
1780456789,130.461548
1780456789,135.293741
1780456789,118.546825
1780456789,118.655910
1780456789,119.046738
1780456789,135.650601
1780456789,123.975299
1780456789,111.912499
1780456789,136.694596
1780456789,123.357311
1780456789,116.761557
1780456789,106.288615
1780456789,130.061694
1780456789,122.066230
1780456789,137.015613
1780456789,105.282257
1780456789,117.221022
1780456789,131.471148
1780456789,106.356519
1780456789,113.024017
1780456789,105.576894
1780456789,134.238287
1780456789,111.457396
1780456789,113.701521
1780456789,116.194721
1780456789,111.646407
1780456789,134.380762
1780456789,116.092301
1780456789,113.733172
1780456789,132.614978
1780456789,116.180338
1780456789,116.263208
1780456789,114.460998
1780456789,136.946800
1780456789,138.663144
1780456789,138.006935
1780456789,129.636149
1780456789,117.116593
1780456789,134.860774
1780456789,117.551120
1780456789,115.306957
1780456789,115.923330
1780456789,119.063248
1780456789,119.224898
1780456789,118.791019
1780456789,114.718177
1780456789,135.253579
1780456789,117.510147
1780456789,118.932210
1780456789,131.470244
1780456789,119.541620
1780456789,135.440565
1780456789,117.296163
1780456789,137.536675
1780456789,131.333100
1780456789,113.088369
1780456789,113.027171
1780456789,118.043608
1780456789,113.598717
1780456789,133.353112
1780456789,118.277396
1780456789,136.731746
1780456789,112.661089
1780456789,138.981585
1780456789,119.222265
1780456789,116.102337
1780456789,111.271331
1780456789,113.045712
1780456789,138.260033
1780456789,110.831452
1780456789,138.176826
1780456789,117.840330
1780456789,110.949626
1780456789,118.069131
1780456789,113.699283
1780456789,138.177804
1780456789,117.422036
1780456789,116.001627
1780456789,116.139160
1780456789,138.524779
1780456789,114.719051
1780456789,136.967595
1780456789,118.912626
1780456789,110.232159
1780456789,132.883279
1780456789,111.776989
1780456789,116.785364
1780456789,116.567967
1780456789,113.846832
1780456789,110.758867
1780456789,116.901943
1780456789,119.868303
1780456789,112.319146
1780456789,115.495382
1780456789,137.369476
1780456789,112.311205
1780456789,137.549635
1780456789,116.045642
1780456789,117.458462
1780456789,115.003587
1780456789,134.168098
1780456789,134.094560
1780456789,117.618066
1780456789,111.676364
1780456789,137.572501
1780456789,116.776612
1780456789,133.421215
1780456789,114.332122
1780456789,137.388329
1780456789,116.514046
1780456789,110.697182
1780456789,116.787796
1780456789,137.778464
1780456789,110.457404
1780456789,116.858218
1780456789,135.274058
1780456789,114.805978
1780456789,138.492679
1780456789,111.144669
1780456789,114.963884
1780456789,138.015537
1780456789,117.428786
1780456789,111.253571
1780456789,115.147871
1780456789,112.051350
1780456789,113.791178
1780456789,112.629917
1780456789,114.187772
1780456789,112.485974
1780456789,113.231882
1780456789,112.977950
1780456789,118.862574
1780456789,113.052982
1780456789,112.149663
1780456789,113.369127
1780456789,118.516627
1780456789,113.421172
1780456789,121.394613
1780456789,112.672163
1780456789,112.790609
1780456789,118.942632
1780456789,113.610806
1780456789,137.668281
1780456789,113.268752
1780456789,119.133542
1780456789,113.160144
1780456789,139.483961
1780456789,114.243928
1780456789,122.162847
1780456789,113.275622
1780456789,113.520321
1780456789,119.582307
1780456789,130.379310
1780456789,113.737379
1780456789,118.730940
1780456789,113.982622
1780456789,111.878586
1780456789,132.327420
1780456789,132.804558
1780456789,114.078159
1780456789,111.949281
1780456789,118.243154
1780456789,112.403350
1780456789,132.572601
1780456789,121.619638
1780456789,112.351094
1780456789,130.399022
1780456789,112.237698
1780456789,119.398881
1780456789,112.681657
1780456789,111.723792
1780456789,121.859865
1780456789,112.810024
1780456789,131.431143
1780456789,119.922868
1780456789,130.005191
1780456789,120.076617
1780456789,112.401343
1780456789,122.533828
1780456789,130.146384
1780456789,111.862854
1780456789,122.698025
1780456789,139.760011
1780456789,121.059801
1780456789,139.972141
1780456789,122.596897
1780456789,120.659174
1780456789,113.528243
1780456789,111.843247
1780456789,131.216087
1780456789,140.536576
1780456789,113.218784
1780456789,111.267085
1780456789,121.716132
1780456789,113.464450
1780456789,131.785886
1780456789,131.501612
1780456789,113.761214
1780456789,121.653325
1780456789,135.973792
1780456789,112.890524
1780456789,114.795946
1780456789,112.752309
1780456789,133.906491
1780456789,112.924436
1780456789,121.103031
1780456789,113.314090
1780456789,134.154175
1780456789,115.370268
1780456789,133.308844
1780456789,113.677922
1780456789,115.847245
1780456789,113.634879
1780456789,112.193552
1780456789,113.795319
1780456789,133.058835
1780456789,140.336588
1780456789,115.231389
1780456789,136.929443
1780456789,116.290973
1780456789,115.203655
1780456789,114.712465
1780456789,113.897919
1780456789,116.227820
1780456789,113.128541
1780456789,114.770805
1780456789,116.986351
1780456789,114.962835
1780456789,113.385954
1780456789,115.033308
1780456789,115.706146
1780456789,117.318115
1780456789,131.494821
1780456789,114.642973
1780456789,116.938527
1780456789,134.933065
1780456789,116.669606
1780456789,115.263766
1780456789,115.332015
1780456789,114.304534
1780456789,135.798418
1780456789,117.732410
1780456789,114.550471
1780456789,138.117519
1780456789,117.017020
1780456789,114.552633
1780456789,114.280641
1780456789,136.644922
1780456789,114.712077
1780456789,117.293027
1780456789,114.514834
1780456789,135.949110
1780456789,134.348048
1780456789,114.653980
1780456789,114.953053
1780456789,116.877169
1780456789,114.741388
1780456789,114.894692
1780456789,116.409605
1780456789,136.366859
1780456789,114.542515
1780456789,114.461361
1780456789,111.392809
1780456789,137.141963
1780456789,115.273589
1780456789,115.386468
1780456789,137.161739
1780456789,137.227298
1780456789,114.095909
1780456789,116.227528
1780456789,114.912835
1780456789,116.513432
1780456789,138.290253
1780456789,115.230059
1780456789,116.593282
1780456789,116.097600
1780456789,116.298688
1780456789,114.751511
1780456789,116.548247
1780456789,116.953995
1780456789,117.537563
1780456789,139.281840
1780456789,113.893403
1780456789,114.106649
1780456789,140.709482
1780456789,140.547314
1780456789,118.656094
1780456789,130.999711
1780456789,132.576502
1780456789,115.660853
1780456789,115.628957
1780456789,118.768873
1780456789,116.180450
1780456789,131.689260
1780456789,118.936525
1780456789,116.414401
1780456789,121.118146
1780456789,138.176411
1780456789,121.079131
1780456789,138.157089
1780456789,119.139752
1780456789,116.550408
1780456789,132.365722
1780456789,116.109965
1780456789,116.127410
1780456789,118.361778
1780456789,116.518198
1780456789,132.887292
1780456789,114.482505
1780456789,113.157861
1780456789,132.249583
1780456789,114.484533
1780456789,114.356950
1780456789,114.462027
1780456789,133.315036
1780456789,113.570708
1780456789,114.774345
1780456789,114.934128
1780456789,114.029423
1780456789,133.066209
1780456789,115.591431
1780456789,114.087135
1780456789,129.543723
1780456789,122.987824
1780456789,144.239044
1780456789,121.044519
1780456789,121.239750
1780456789,115.266830
1780456789,120.013591
1780456789,115.692188
1780456789,129.611768
1780456789,115.868546
1780456789,120.191625
1780456789,113.365570
1780456789,115.930304
1780456789,129.267841
1780456789,113.532038
1780456789,115.965672
1780456789,129.417305
1780456789,111.391215
1780456789,116.433047
1780456789,128.868819
1780456789,111.558185
1780456789,112.791990
1780456789,126.991728
1780456789,111.806767
1780456789,126.980359
1780456789,109.868283
1780456789,126.224578
1780456789,126.465130
1780456789,120.491338
1780456789,125.465637
1780456789,125.567325
1780456789,118.457755
1780456789,118.525270
1780456789,118.572177
1780456789,119.168314
1780456789,119.276119
1780456789,118.230808
1780456789,112.520690
1780456789,117.228670
1780456789,115.278769
1780456789,115.700433
1780456789,113.967359
1780456789,127.159252
1780456789,127.463328
1780456789,114.672277
1780456789,127.876049
1780456789,113.944732
1780456789,114.754520
1780456789,102.982728
1780456789,103.854636
1780456789,105.230758
1780456789,105.350274
1780456789,105.198283
1780456789,105.846883
1780456789,105.387838
1780456789,106.185856
1780456789,105.821010
1780456789,106.411939
1780456789,102.742963
1780456789,106.721896
1780456789,105.958199
1780456789,106.696906
1780456789,107.684686
1780456789,103.803025
1780456789,106.297649
1780456789,107.515819
1780456789,107.897476
1780456789,107.187622
1780456789,108.099840
1780456789,104.545699
1780456789,104.595351
1780456789,106.448836
1780456789,107.621406
1780456789,107.235038
1780456789,107.376848
1780456789,107.562022
1780456789,107.470214
1780456789,108.887807
1780456789,105.347412
1780456789,108.758338
1780456789,108.882419
1780456789,108.824967
1780456789,109.144787
1780456789,108.357475
1780456789,109.379064
1780456789,108.942190
1780456789,104.021348
1780456789,109.375334
1780456789,108.820762
1780456789,109.321955
1780456789,104.153603
1780456789,109.151620
1780456789,108.988158
1780456789,104.233550
1780456789,109.252531
1780456789,109.098554
1780456789,104.301784
1780456789,109.206335
1780456789,104.042634
1780456789,105.086229
1780456789,105.055843
1780456789,108.163042
1780456789,105.984929
1780456789,105.679511
1780456789,106.162259
1780456789,106.138369
1780456789,110.992200
1780456789,110.904568
1780456789,106.343823
1780456789,106.758828
1780456789,106.880480
1780456789,106.363035
1780456789,107.112630
1780456789,107.068200
1780456789,106.645922
1780456789,106.914971
1780456789,107.215644
1780456789,106.878154
1780456789,107.299235
1780456789,108.373776
1780456789,108.352761
1780456789,108.761667
1780456789,113.209807
1780456789,108.905193
1780456789,111.626742
1780456789,108.792243
1780456789,109.469646
1780456789,108.600531
1780456789,110.745025
1780456789,104.399921
1780456789,109.225956
1780456789,111.289618
1780456789,109.713206
1780456789,111.454164
1780456789,111.496910
1780456789,112.030678
1780456789,111.332948
1780456789,110.980846
1780456789,111.306279
1780456789,111.112411
1780456789,111.963956
1780456789,112.361977
1780456789,108.789854
1780456789,108.658405
1780456789,108.672643
1780456789,108.701619
1780456789,105.439432
1780456789,106.243290
1780456789,112.106820
1780456789,110.821985
1780456789,107.790699
1780456789,107.862248
1780456789,108.942103
1780456789,108.971275
1780456789,107.499504
1780456789,106.574021
1780456789,107.991896
1780456789,109.213470
1780456789,117.276749
1780456789,117.640170
1780456789,110.293367
1780456789,104.036234
1780456789,109.403173
1780456789,117.810710
1780456789,117.779978
1780456789,114.494459
1780456789,114.492466
1780456789,104.153867
1780456789,117.857744
1780456789,113.272182
1780456789,104.560122
1780456789,107.800565
1780456789,115.408653
1780456789,111.335703
1780456789,111.441742
1780456789,107.294200
1780456789,111.606388
1780456789,107.678214
1780456789,107.598632
1780456789,108.696695
1780456789,107.076599
1780456789,111.819214
1780456789,108.803483
1780456789,107.159885
1780456789,107.757876
1780456789,108.044782
1780456789,108.036645
1780456789,110.446362
1780456789,111.736816
1780456789,105.247846
1780456789,109.735105
1780456789,105.985702
1780456789,106.372361
1780456789,117.673726
1780456789,110.106971
1780456789,110.374943
1780456789,105.195654
1780456789,105.512333
1780456789,105.595100
1780456789,109.874395
1780456789,111.541747
1780456789,107.225913
1780456789,107.459071
1780456789,106.954139
1780456789,107.250190
1780456789,107.176975
1780456789,107.197876
1780456789,107.267040
1780456789,106.768812
1780456789,106.977612
1780456789,105.144371
1780456789,106.939612
1780456789,103.913279
1780456789,104.692382
1780456789,107.506292
1780456789,107.144035
1780456789,104.936989
1780456789,107.926408
1780456789,108.920276
1780456789,107.175323
1780456789,107.052013
1780456789,106.975164
1780456789,109.842109
1780456789,111.049257
1780456789,108.027475
1780456789,107.207370
1780456789,106.796664
1780456789,108.524721
1780456789,111.582209
1780456789,108.587914
1780456789,117.222102
1780456789,109.395817
1780456789,113.023192
1780456789,112.358274
1780456789,118.854360
1780456789,118.404033
1780456789,118.886240
1780456789,113.566233
1780456789,112.001858
1780456789,114.808674
1780456789,118.130384
1780456789,121.525817
1780456789,121.487161
1780456789,121.496866
1780456789,115.324665
1780456789,115.497690
1780456789,114.975645
1780456789,115.384590
1780456789,112.001614
1780456789,114.090250
1780456789,117.198944
1780456789,113.114017
1780456789,117.070180
1780456789,117.567258
1780456789,114.421314
1780456789,117.573380
1780456789,118.367800
1780456789,117.671801
1780456789,115.523455
1780456789,118.517815
1780456789,117.904312
1780456789,113.053615
1780456789,111.499408
1780456789,118.109094
1780456789,118.071045
1780456789,114.730908
1780456789,118.296409
1780456789,118.205049
1780456789,118.107516
1780456789,110.292667
1780456789,118.027552
1780456789,116.012920
1780456789,113.707532
1780456789,115.302324
1780456789,112.717002
1780456789,114.464680
1780456789,116.637667
1780456789,112.806588
1780456789,115.188806
1780456789,112.823268
1780456789,108.644018
1780456789,120.380409
1780456789,121.242071
1780456789,121.539869
1780456789,120.376976
1780456789,120.448814
1780456789,121.538905
1780456789,112.169155
1780456789,112.225240
1780456789,108.864728
1780456789,125.778595
1780456789,108.011710
1780456789,124.124786
1780456789,124.068840
1780456789,112.643886
1780456789,112.355197
1780456789,112.107486
1780456789,111.935843
1780456789,112.045931
1780456789,111.288015
1780456789,111.513321
1780456789,110.445229
1780456789,110.428527
1780456789,109.376887
1780456789,109.975459
1780456789,109.386735
1780456789,107.034521
1780456789,106.362851
1780456789,112.368909
1780456789,106.839188
1780456789,106.551317
1780456789,111.244404
1780456789,107.090541
1780456789,110.955316
1780456789,107.058847
1780456789,111.710714
1780456789,111.555190
1780456789,111.714026
1780456789,109.821286
1780456789,107.673887
1780456789,109.213163
1780456789,109.164185
1780456789,109.166667
1780456789,107.579006
1780456789,107.609429
1780456789,107.730196
1780456789,110.114321
1780456789,108.308545
1780456789,107.033686
1780456789,115.891541
1780456789,111.701330
1780456789,113.289497
1780456789,119.963066
1780456789,119.012959
1780456789,111.978055
1780456789,112.270429
1780456789,115.169796
1780456789,110.206576
1780456789,114.048745
1780456789,109.885616
1780456789,114.220459
1780456789,113.749721
1780456789,120.191392
1780456789,114.627751
1780456789,115.281663
1780456789,120.811827
1780456789,110.023324
1780456789,114.674441
1780456789,115.402453
1780456789,115.048017
1780456789,114.315492
1780456789,109.804890
1780456789,109.499066
1780456789,115.559374
1780456789,111.361751
1780456789,115.666491
1780456789,121.866509
1780456789,115.758178
1780456789,110.462237
1780456789,115.198093
1780456789,112.438697
1780456789,122.437109
1780456789,115.240262
1780456789,115.337580
1780456789,116.037972
1780456789,109.895603
1780456789,115.403066
1780456789,115.682924
1780456789,114.588021
1780456789,117.416644
1780456789,115.254933
1780456789,115.271288
1780456789,111.532540
1780456789,114.896280
1780456789,117.409495
1780456789,117.646412
1780456789,114.752179
1780456789,114.827055
1780456789,114.816715
1780456789,116.285025
1780456789,115.202511
1780456789,111.793374
1780456789,115.358142
1780456789,115.677570
1780456789,116.810932
1780456789,115.726093
1780456789,115.689871
1780456789,115.816207
1780456789,112.267178
1780456789,117.055041
1780456789,126.603638
1780456789,114.030360
1780456789,125.239553
1780456789,115.043403
1780456789,117.323643
1780456789,125.385703
1780456789,113.955624
1780456789,116.115069
1780456789,124.118015
1780456789,124.281074
1780456789,114.424088
1780456789,124.387194
1780456789,114.366541
1780456789,114.712459
1780456789,114.358730
1780456789,122.324172
1780456789,124.236467
1780456789,113.898928
1780456789,113.006293
1780456789,120.300178
1780456789,122.873844
1780456789,120.315486
1780456789,106.161802
1780456789,105.433157
1780456789,106.172887
1780456789,102.050870
1780456789,120.433388
1780456789,106.240043
1780456789,105.977633
1780456789,106.021072
1780456789,120.340682
1780456789,117.258854
1780456789,120.022570
1780456789,106.683028
1780456789,106.334341
1780456789,103.352310
1780456789,106.797599
1780456789,103.204212
1780456789,103.330956
1780456789,103.531037
1780456789,103.994132
1780456789,103.614378
1780456789,106.505765
1780456789,103.710525
1780456789,121.463555
1780456789,107.423104
1780456789,106.913499
1780456789,107.557501
1780456789,103.284294
1780456789,104.312529
1780456789,104.447906
1780456789,104.201215
1780456789,104.520367
1780456789,104.455404
1780456789,104.763888
1780456789,104.874004
1780456789,121.612939
1780456789,104.805070
1780456789,103.714593
1780456789,102.845991
1780456789,104.542048
1780456789,102.916772
1780456789,121.702059
1780456789,120.878782
1780456789,120.961083
1780456789,123.142416
1780456789,103.339232
1780456789,121.471773
1780456789,121.275073
1780456789,121.596146
1780456789,121.103886
1780456789,122.594881
1780456789,122.579673
1780456789,123.504949
1780456789,123.480120
1780456789,103.266112
1780456789,103.071842
1780456789,123.383608
1780456789,103.625852
1780456789,122.553387
1780456789,104.370629
1780456789,123.131222
1780456789,103.480180
1780456789,103.538693
1780456789,123.601989
1780456789,122.583502
1780456789,123.213863
1780456789,122.835905
1780456789,122.893238
1780456789,104.164226
1780456789,122.095007
1780456789,104.565338
1780456789,122.954481
1780456789,123.903269
1780456789,105.410224
1780456789,123.859933
1780456789,103.820317
1780456789,123.125727
1780456789,122.563451
1780456789,105.699702
1780456789,104.842365
1780456789,104.906563
1780456789,104.496259
1780456789,104.007730
1780456789,104.733241
1780456789,104.762730
1780456789,103.177142
1780456789,104.146329
1780456789,104.112882
1780456789,103.443939
1780456789,103.181957
1780456789,116.640686
1780456789,116.574297
1780456789,102.088770
1780456789,115.908930
1780456789,116.940187
1780456789,116.434940
1780456789,106.210508
1780456789,115.864900
1780456789,102.933569
1780456789,115.438286
1780456789,104.826129
1780456789,115.589008
1780456789,103.422184
1780456789,103.373427
1780456789,114.853884
1780456789,103.690042
1780456789,103.898451
1780456789,115.128271
1780456789,107.384296
1780456789,115.372462
1780456789,115.322224
1780456789,116.607413
1780456789,106.768762
1780456789,103.850687
1780456789,103.638950
1780456789,114.453776
1780456789,103.931755
1780456789,114.460399
1780456789,104.306784
1780456789,104.506498
1780456789,115.546013
1780456789,113.913646
1780456789,102.971896
1780456789,113.818610
1780456789,115.634606
1780456789,113.956558
1780456789,104.770646
1780456789,113.471093
1780456789,103.264842
1780456789,110.950308
1780456789,116.073297
1780456789,109.855565
1780456789,106.403001
1780456789,110.482373
1780456789,110.565723
1780456789,109.109723
1780456789,109.035701
1780456789,109.202695
1780456789,110.831420
1780456789,110.148541
1780456789,108.733712
1780456789,106.475360
1780456789,105.085449
1780456789,105.773376
1780456789,103.402376
1780456789,104.553895
1780456789,104.613139
1780456789,104.753497
1780456789,105.130201
1780456789,103.250191
1780456789,105.220471
1780456789,105.350380
1780456789,104.851030
1780456789,104.730066
1780456789,104.772661
1780456789,104.963910
1780456789,103.402477
1780456789,104.899279
1780456789,104.995405
1780456789,106.164032
1780456789,106.465334
1780456789,104.717832
1780456789,106.122334
1780456789,105.006851
1780456789,105.809609
1780456789,106.078773
1780456789,104.833053
1780456789,104.921925
1780456789,103.161594
1780456789,107.248067
1780456789,105.679004
1780456789,105.649135
1780456789,107.307889
1780456789,107.330474
1780456789,106.511056
1780456789,105.015632
1780456789,103.050350
1780456789,103.980924
1780456789,107.052314
1780456789,107.288235
1780456789,107.815233
1780456789,105.906804
1780456789,104.177936
1780456789,104.415521
1780456789,108.003944
1780456789,108.897694
1780456789,108.784880
1780456789,105.930025
1780456789,106.565703
1780456789,108.151117
1780456789,104.817841
1780456789,103.821916
1780456789,106.173848
1780456789,107.519244
1780456789,104.113360
1780456789,104.179236
1780456789,105.126246
1780456789,104.131979
1780456789,109.388233
1780456789,108.686623
1780456789,103.600486
1780456789,103.808897
1780456789,109.727412
1780456789,103.921108
1780456789,108.290000
1780456789,110.048984
1780456789,104.109621
1780456789,103.354598
1780456789,110.156701
1780456789,110.236217
1780456789,108.815548
1780456789,103.441686
1780456789,107.730141
1780456789,107.891449
1780456789,103.647239
1780456789,103.786583
1780456789,108.971990
1780456789,103.898291
1780456789,107.327524
1780456789,102.419997
1780456789,104.251881
1780456789,107.509358
1780456789,107.728717
1780456789,107.971315
1780456789,107.406792
1780456789,105.763860
1780456789,106.762430
1780456789,107.699933
1780456789,106.261167
1780456789,106.430270
1780456789,106.644915
1780456789,106.597457
1780456789,103.733214
1780456789,105.767723
1780456789,105.698011
1780456789,106.823104
1780456789,104.051592
1780456789,104.532019
1780456789,104.936202
1780456789,104.946796
1780456789,105.137048
1780456789,105.316775
1780456789,105.496008
1780456789,103.757296
1780456789,105.921805
1780456789,104.348137
1780456789,104.654472
1780456789,106.744911
1780456789,105.172459
1780456789,105.128441
1780456789,107.364892
1780456789,105.291739
1780456789,105.494292
1780456789,105.579076
1780456789,105.587527
1780456789,105.960819
1780456789,105.731407
1780456789,105.782887
1780456789,102.666714
1780456789,106.496461
1780456789,106.138770
1780456789,107.886693
1780456789,107.693054
1780456789,111.754278
1780456789,107.828991
1780456789,107.881070
1780456789,103.523251
1780456789,106.422743
1780456789,107.877773
1780456789,108.024671
1780456789,111.537283
1780456789,108.254440
1780456789,107.940015
1780456789,108.005051
1780456789,108.652937
1780456789,109.234220
1780456789,108.838357
1780456789,108.174665
1780456789,109.362554
1780456789,108.268654
1780456789,106.927708
1780456789,108.370724
1780456789,109.728890
1780456789,108.452114
1780456789,109.427259
1780456789,106.978099
1780456789,108.233179
1780456789,108.296279
1780456789,105.510828
1780456789,108.662136
1780456789,106.884948
1780456789,108.213353
1780456789,107.369338
1780456789,109.077950
1780456789,108.287558
1780456789,108.390725
1780456789,104.128016
1780456789,108.886877
1780456789,108.260675
1780456789,108.406631
1780456789,108.463487
1780456789,108.987972
1780456789,104.168061
1780456789,108.172049
1780456789,105.975137
1780456789,107.447649
1780456789,108.652639
1780456789,107.746835
1780456789,104.866011
1780456789,106.363469
1780456789,107.985541
1780456789,109.091177
1780456789,106.585616
1780456789,108.744720
1780456789,105.311837
1780456789,108.354063
1780456789,105.448568
1780456789,105.311212
1780456789,107.395755
1780456789,107.144526
1780456789,105.500665
1780456789,108.844030
1780456789,105.726835
1780456789,108.846137
1780456789,105.635191
1780456789,107.919635
1780456789,107.691037
1780456789,106.167819
1780456789,106.721335
1780456789,106.766224
1780456789,106.656984
1780456789,106.814475
1780456789,108.444697
1780456789,106.616013
1780456789,108.585778
1780456789,107.089313
1780456789,106.580678
1780456789,106.782700
1780456789,108.915608
1780456789,107.024027
1780456789,105.049164
1780456789,109.033487
1780456789,107.797192
1780456789,108.341860
1780456789,112.463024
1780456789,107.772635
1780456789,112.487516
1780456789,111.726286
1780456789,108.222543
1780456789,107.892382
1780456789,106.037411
1780456789,105.993898
1780456789,108.536639
1780456789,112.093578
1780456789,104.816792
1780456789,107.568361
1780456789,112.270911
1780456789,108.647347
1780456789,104.964676
1780456789,110.370714
1780456789,109.173724
1780456789,110.521064
1780456789,109.030004
1780456789,105.377044
1780456789,109.039114
1780456789,108.998042
1780456789,110.996358
1780456789,109.396202
1780456789,107.027685
1780456789,112.463952
1780456789,107.290533
1780456789,111.096660
1780456789,107.332525
1780456789,109.982711
1780456789,109.929686
1780456789,108.829494
1780456789,105.855020
1780456789,109.645746
1780456789,110.417689
1780456789,109.000926
1780456789,105.651120
1780456789,110.430560
1780456789,106.223625
1780456789,106.598631
1780456789,109.863680
1780456789,110.035601
1780456789,108.290776
1780456789,109.562494
1780456789,107.888285
1780456789,110.290460
1780456789,108.472799
1780456789,107.153003
1780456789,110.681275
1780456789,109.999319
1780456789,112.742777
1780456789,108.435955
1780456789,108.811115
1780456789,105.351599
1780456789,108.919715
1780456789,110.883255
1780456789,109.203101
1780456789,107.557753
1780456789,107.698467
1780456789,107.546330
1780456789,111.957837
1780456789,109.237980
1780456789,107.339965
1780456789,111.802317
1780456789,109.417377
1780456789,109.434023
1780456789,109.522393
1780456789,109.598890
1780456789,107.699245
1780456789,106.429958
1780456789,109.615876
1780456789,110.116610
1780456789,109.756991
1780456789,106.821114
1780456789,109.969948
1780456789,108.607142
1780456789,108.838630
1780456789,108.870725
1780456789,106.895985
1780456789,108.962491
1780456789,108.876371
1780456789,105.449320
1780456789,106.879889
1780456789,109.030447
1780456789,107.102177
1780456789,110.762068
1780456789,109.229520
1780456789,105.835305
1780456789,109.413470
1780456789,107.738699
1780456789,107.505856
1780456789,107.555615
1780456789,109.412832
1780456789,110.055078
1780456789,106.592182
1780456789,109.602949
1780456789,108.456830
1780456789,106.681458
1780456789,109.992065
1780456789,108.522700
1780456789,105.644852
1780456789,105.883447
1780456789,108.759479
1780456789,108.857288
1780456789,112.214976
1780456789,106.194915
1780456789,107.715057
1780456789,109.011659
1780456789,112.566334
1780456789,108.897319
1780456789,108.155404
1780456789,111.519983
1780456789,107.027028
1780456789,111.762249
1780456789,105.678374
1780456789,110.124893
1780456789,111.635592
1780456789,110.075322
1780456789,105.741935
1780456789,110.425671
1780456789,110.540325
1780456789,110.480191
1780456789,107.567762
1780456789,111.855388
1780456789,107.748995
1780456789,109.191594
1780456789,110.972447
1780456789,107.753673
1780456789,109.277320
1780456789,111.097722
1780456789,109.504809
1780456789,109.802471
1780456789,111.139007
1780456789,111.457700
1780456789,110.047890
1780456789,111.890860
1780456789,108.894379
1780456789,107.351126
1780456789,109.021823
1780456789,109.304838
1780456789,107.483605
1780456789,108.985987
1780456789,112.093656
1780456789,107.646014
1780456789,108.069763
1780456789,111.208310
1780456789,109.752972
1780456789,109.758893
1780456789,109.709791
1780456789,112.410355
1780456789,107.047079
1780456789,112.527366
1780456789,108.569683
1780456789,111.555971
1780456789,107.193386
1780456789,107.046094
1780456789,111.656330
1780456789,106.662043
1780456789,106.705401
1780456789,110.499577
1780456789,108.920659
1780456789,109.114194
1780456789,110.419808
1780456789,110.646015
1780456789,109.518491
1780456789,109.410237
1780456789,109.479668
1780456789,110.914248
1780456789,109.460362
1780456789,108.153579
1780456789,108.521216
1780456789,109.645437
1780456789,109.987220
1780456789,110.036899
1780456789,110.434356
1780456789,105.975249
1780456789,110.268897
1780456789,112.150441
1780456789,106.602223
1780456789,106.683353
1780456789,105.043325
1780456789,115.277517
1780456789,112.336593
1780456789,109.287749
1780456789,110.780281
1780456789,111.345184
1780456789,108.940923
1780456789,109.793963
1780456789,107.140903
1780456789,109.630952
1780456789,111.554176
1780456789,110.019465
1780456789,109.866740
1780456789,111.693813
1780456789,109.967108
1780456789,110.233072
1780456789,108.908146
1780456789,113.284970
1780456789,112.069358
1780456789,109.052373
1780456789,110.586825
1780456789,111.811892
1780456789,109.908230
1780456789,108.149788
1780456789,112.249511
1780456789,109.446151
1780456789,107.883598
1780456789,108.083238
1780456789,109.610904
1780456789,114.102023
1780456789,107.020991
1780456789,110.492370
1780456789,112.482513
1780456789,114.192941
1780456789,107.237731
1780456789,108.745025
1780456789,105.493193
1780456789,108.948733
1780456789,111.025612
1780456789,107.466366
1780456789,109.318454
1780456789,107.654851
1780456789,112.016168
1780456789,106.037930
1780456789,110.906880
1780456789,111.840697
1780456789,107.578974
1780456789,111.250466
1780456789,108.448347
1780456789,104.966759
1780456789,105.162214
1780456789,108.611359
1780456789,111.765973
1780456789,109.208213
1780456789,106.737770
1780456789,114.764184
1780456789,105.798111
1780456789,108.588212
1780456789,115.524718
1780456789,109.698044
1780456789,113.947762
1780456789,112.672517
1780456789,111.438364
1780456789,110.017976
1780456789,114.261269
1780456789,111.736533
1780456789,114.430893
1780456789,110.154175
1780456789,114.904575
1780456789,112.135376
1780456789,110.716311
1780456789,115.314509
1780456789,112.585548
1780456789,115.227801
1780456789,112.602552
1780456789,112.587261
1780456789,112.738800
1780456789,112.838877
1780456789,110.950461
1780456789,113.089072
1780456789,111.945728
1780456789,112.207313
1780456789,111.475203
1780456789,112.264122
1780456789,112.341435
1780456789,112.235659
1780456789,112.490695
1780456789,107.533028
1780456789,110.311600
1780456789,116.990158
1780456789,116.826906
1780456789,112.812598
1780456789,112.797105
1780456789,110.606830
1780456789,116.300827
1780456789,114.389026
1780456789,115.628726
1780456789,114.062487
1780456789,114.412521
1780456789,114.281092
1780456789,112.119050
1780456789,112.277552
1780456789,110.624781
1780456789,113.004629
1780456789,108.044429
1780456789,110.987794
1780456789,113.016551
1780456789,112.609614
1780456789,113.094384
1780456789,111.205567
1780456789,109.618615
1780456789,111.232729
1780456789,111.525239
1780456789,108.127340
1780456789,109.986049
1780456789,113.534392
1780456789,111.854806
1780456789,108.606500
1780456789,109.997715
1780456789,111.891980
1780456789,110.371942
1780456789,110.251551
1780456789,107.494826
1780456789,110.514066
1780456789,112.121232
1780456789,111.985473
1780456789,112.148631
1780456789,112.312904
1780456789,110.689827
1780456789,112.569066
1780456789,113.857023
1780456789,109.276789
1780456789,106.518816
1780456789,112.371352
1780456789,112.371577
1780456789,109.735702
1780456789,109.712289
1780456789,109.931995
1780456789,113.113641
1780456789,113.113093
1780456789,113.064504
1780456789,111.581448
1780456789,111.544995
1780456789,113.229026
1780456789,110.292530
1780456789,107.034334
1780456789,111.961598
1780456789,113.558897
1780456789,111.683807
1780456789,113.484366
1780456789,112.086471
1780456789,107.596455
1780456789,113.829844
1780456789,112.117031
1780456789,110.905664
1780456789,110.859477
1780456789,112.550921
1780456789,114.090990
1780456789,112.856800
1780456789,112.695285
1780456789,111.277955
1780456789,111.170706
1780456789,111.411067
1780456789,112.738418
1780456789,114.843217
1780456789,108.417897
1780456789,113.017284
1780456789,113.259460
1780456789,111.614776
1780456789,108.607530
1780456789,112.018725
1780456789,111.996211
1780456789,110.477692
1780456789,112.272332
1780456789,110.765595
1780456789,110.888338
1780456789,109.471668
1780456789,112.460590
1780456789,112.236933
1780456789,109.473317
1780456789,110.978168
1780456789,111.268831
1780456789,112.608076
1780456789,107.645598
1780456789,111.024260
1780456789,111.420972
1780456789,109.095788
1780456789,111.722615
1780456789,107.983816
1780456789,111.956077
1780456789,111.810556
1780456789,111.967340
1780456789,110.674804
1780456789,110.883161
1780456789,108.775591
1780456789,112.340535
1780456789,112.600117
1780456789,110.214180
1780456789,108.940064
1780456789,112.991640
1780456789,112.626534
1780456789,109.298555
1780456789,112.755149
1780456789,111.102295
1780456789,111.667020
1780456789,111.759126
1780456789,110.959983
1780456789,108.333309
1780456789,112.159276
1780456789,109.881948
1780456789,109.917013
1780456789,109.906311
1780456789,108.911307
1780456789,110.326846
1780456789,109.158876
1780456789,107.818251
1780456789,114.607516
1780456789,109.396886
1780456789,110.948543
1780456789,110.870484
1780456789,110.764986
1780456789,108.254522
1780456789,109.435346
1780456789,111.022014
1780456789,114.676444
1780456789,108.143134
1780456789,109.665873
1780456789,114.861718
1780456789,108.315413
1780456789,108.520913
1780456789,109.727974
1780456789,108.349207
1780456789,114.841368
1780456789,109.842614
1780456789,108.582800
1780456789,110.141995
1780456789,108.525678
1780456789,108.749444
1780456789,115.435915
1780456789,108.799787
1780456789,108.952900
1780456789,109.066693
1780456789,109.076607
1780456789,108.914731
1780456789,115.538489
1780456789,107.886452
1780456789,108.010598
1780456789,109.415485
1780456789,114.480892
1780456789,108.064633
1780456789,108.091544
1780456789,108.042484
1780456789,109.489746
1780456789,114.735284
1780456789,108.425108
1780456789,116.308814
1780456789,110.089048
1780456789,108.388308
1780456789,106.838817
1780456789,108.643492
1780456789,115.064342
1780456789,108.664821
1780456789,105.799942
1780456789,108.416356
1780456789,108.755927
1780456789,116.726785
1780456789,106.045681
1780456789,109.060589
1780456789,109.158509
1780456789,106.155261
1780456789,115.554862
1780456789,109.318656
1780456789,105.374213
1780456789,107.706859
1780456789,106.529028
1780456789,115.807177
1780456789,105.460503
1780456789,106.686034
1780456789,105.091372
1780456789,113.997791
1780456789,107.985225
1780456789,105.877699
1780456789,106.916277
1780456789,104.181925
1780456789,114.375401
1780456789,105.520058
1780456789,104.311497
1780456789,107.139386
1780456789,114.523516
1780456789,105.638971
1780456789,103.316788
1780456789,106.371591
1780456789,104.728151
1780456789,103.441311
1780456789,105.968476
1780456789,114.783541
1780456789,104.919840
1780456789,104.898060
1780456789,105.094077
1780456789,113.907083
1780456789,113.914716
1780456789,105.278922
1780456789,104.135503
1780456789,103.934254
1780456789,115.472533
1780456789,104.241291
1780456789,113.272849
1780456789,103.659068
1780456789,104.672285
1780456789,103.832652
1780456789,103.821679
1780456789,106.301099
1780456789,103.337442
1780456789,104.984560
1780456789,105.432230
1780456789,114.116745
1780456789,104.470323
1780456789,104.643983
1780456789,106.927867
1780456789,115.677356
1780456789,104.880166
1780456789,114.796847
1780456789,104.261806
1780456789,104.461533
1780456789,114.840884
1780456789,104.598501
1780456789,103.698694
1780456789,104.843081
1780456789,113.593856
1780456789,103.766917
1780456789,106.576460
1780456789,106.755650
1780456789,113.884007
1780456789,104.172503
1780456789,106.833386
1780456789,114.353433
1780456789,106.178697
1780456789,107.053959
1780456789,105.774642
1780456789,113.832944
1780456789,105.804315
1780456789,104.840621
1780456789,107.627589
1780456789,113.017290
1780456789,105.698692
1780456789,107.007149
1780456789,113.346824
1780456789,105.216309
1780456789,107.072700
1780456789,105.222969
1780456789,112.429193
1780456789,106.649215
1780456789,105.496181
1780456789,108.382383
1780456789,111.766810
1780456789,104.628260
1780456789,106.767066
1780456789,104.767319
1780456789,108.879977
1780456789,112.015711
1780456789,104.622934
1780456789,111.699337
1780456789,107.316342
1780456789,105.200245
1780456789,105.274965
1780456789,110.823506
1780456789,110.788649
1780456789,109.836316
1780456789,109.918922
1780456789,109.842084
1780456789,110.085366
1780456789,107.411064
1780456789,107.732843
1780456789,106.531712
1780456789,106.617621
1780456789,106.430904
1780456789,106.183977
1780456789,105.652785
1780456789,106.329531
1780456789,108.739061
1780456789,108.953361
1780456789,107.459267
1780456789,106.980674
1780456789,107.880021
1780456789,109.279475
1780456789,104.257947
1780456789,107.960606
1780456789,110.127402
1780456789,108.319432
1780456789,108.569875
1780456789,108.686987
1780456789,106.003975
1780456789,110.275718
1780456789,106.172979
1780456789,109.236536
1780456789,109.384653
1780456789,108.972250
1780456789,109.406041
1780456789,109.709995
1780456789,107.939678
1780456789,109.415817
1780456789,109.481068
1780456789,107.242504
1780456789,108.779130
1780456789,108.742953
1780456789,108.660467
1780456789,110.164550
1780456789,110.162680
1780456789,110.449779
1780456789,106.796426
1780456789,110.132225
1780456789,106.796942
1780456789,109.501142
1780456789,110.955570
1780456789,108.123355
1780456789,108.125163
1780456789,109.600243
1780456789,107.152656
1780456789,104.744272
1780456789,107.700326
1780456789,109.623419
1780456789,111.350891
1780456789,107.481818
1780456789,110.580706
1780456789,105.599264
1780456789,111.689105
1780456789,105.766818
1780456789,111.881164
1780456789,110.576850
1780456789,112.481730
1780456789,105.993867
1780456789,102.560480
1780456789,112.523082
1780456789,111.082026
1780456789,112.645936
1780456789,105.809481
1780456789,109.094678
1780456789,113.163549
1780456789,109.201925
1780456789,103.171962
1780456789,113.227533
1780456789,112.167476
1780456789,105.024861
1780456789,113.783903
1780456789,104.896516
1780456789,109.981770
1780456789,109.148107
1780456789,113.462757
1780456789,112.783499
1780456789,107.094016
1780456789,108.989915
1780456789,104.355064
1780456789,110.629541
1780456789,108.201231
1780456789,108.131697
1780456789,108.261587
1780456789,113.079918
1780456789,106.195579
1780456789,112.152452
1780456789,104.845300
1780456789,103.853024
1780456789,112.275520
1780456789,102.884106
1780456789,111.519080
1780456789,110.214460
1780456789,106.916300
1780456789,105.368172
1780456789,107.063685
1780456789,111.718914
1780456789,107.027754
1780456789,112.072410
1780456789,108.852859
1780456789,107.526704
1780456789,109.603218
1780456789,109.818881
1780456789,107.542690
1780456789,107.376355
1780456789,109.322212
1780456789,105.192066
1780456789,110.045155
1780456789,108.114206
1780456789,110.296871
1780456789,108.126096
1780456789,109.808813
1780456789,107.940391
1780456789,105.762102
1780456789,108.343171
1780456789,110.062569
1780456789,113.263857
1780456789,103.815467
1780456789,113.704296
1780456789,110.356456
1780456789,107.503636
1780456789,110.454769
1780456789,102.509274
1780456789,113.990553
1780456789,106.581966
1780456789,110.868446
1780456789,113.887507
1780456789,109.759846
1780456789,111.749149
1780456789,107.100707
1780456789,114.162220
1780456789,106.054214
1780456789,111.537861
1780456789,107.330653
1780456789,113.695491
1780456789,106.377854
1780456789,106.542749
1780456789,110.466770
1780456789,106.196015
1780456789,103.557972
1780456789,112.266316
1780456789,103.409556
1780456789,105.840215
1780456789,113.543576
1780456789,105.857999
1780456789,105.876967
1780456789,105.665051
1780456789,111.688701
1780456789,105.128925
1780456789,111.890705
1780456789,104.989234
1780456789,104.952484
1780456789,113.642737
1780456789,105.069153
1780456789,103.001568
1780456789,104.366994
1780456789,113.037740
1780456789,104.919748
1780456789,113.331308
1780456789,104.771044
1780456789,113.251320
1780456789,105.330772
1780456789,113.783099
1780456789,103.969225
1780456789,105.596050
1780456789,113.673559
1780456789,103.720533
1780456789,114.145006
1780456789,105.311351
1780456789,106.439581
1780456789,114.275200
1780456789,103.157810
1780456789,106.368892
1780456789,106.173267
1780456789,107.031047
1780456789,105.916597
1780456789,114.684954
1780456789,114.742940
1780456789,106.863465
1780456789,105.727438
1780456789,107.336171
1780456789,107.222637
1780456789,105.685394
1780456789,106.903269
1780456789,107.260448
1780456789,107.010130
1780456789,105.934144
1780456789,105.831221
1780456789,107.312893
1780456789,106.350454
1780456789,106.327784
1780456789,106.972374
1780456789,105.029560
1780456789,107.698539
1780456789,105.563013
1780456789,107.321844
1780456789,107.566103
1780456789,105.278242
1780456789,105.991114
1780456789,107.300322
1780456789,106.197865
1780456789,104.167232
1780456789,107.660122
1780456789,108.110304
1780456789,107.225809
1780456789,108.187140
1780456789,104.929781
1780456789,106.717294
1780456789,108.038511
1780456789,105.095264
1780456789,107.806788
1780456789,107.115108
1780456789,103.987706
1780456789,108.581518
1780456789,107.282281
1780456789,108.907828
1780456789,107.076298
1780456789,108.912976
1780456789,109.186319
1780456789,106.455098
1780456789,109.120476
1780456789,108.316744
1780456789,108.482007
1780456789,108.223605
1780456789,107.721947
1780456789,108.001774
1780456789,107.803481
1780456789,108.103826
1780456789,106.427957
1780456789,105.243778
1780456789,106.884325
1780456789,107.167096
1780456789,106.623284
1780456789,105.767382
1780456789,106.812694
1780456789,102.939570
1780456789,106.523686
1780456789,105.861465
1780456789,105.603729
1780456789,102.764900
1780456789,103.057980
1780456789,103.353847
1780456789,103.391882
1780456789,103.342106
1780456789,103.277639
1780456789,103.470684
1780456789,102.993084
1780456789,103.533401
1780456789,102.565777
1780456789,102.987585
1780456789,102.839212
1780456789,103.475838
1780456789,102.644979
1780456789,104.073722
1780456789,103.034378
1780456789,104.048797
1780456789,103.759992
1780456789,103.487634
1780456789,103.549275
1780456789,104.432267
1780456789,102.976161
1780456789,104.986059
1780456789,105.207102
1780456789,103.923900
1780456789,107.251623
1780456789,105.276973
1780456789,117.236274
1780456789,103.246096
1780456789,115.131369
1780456789,103.452210
1780456789,103.187876
1780456789,114.745665
1780456789,109.595488
1780456789,103.352958
1780456789,104.238613
1780456789,113.031655
1780456789,112.466902
1780456789,103.396934
1780456789,110.353225
1780456789,103.582139
1780456789,110.023522
1780456789,109.510411
1780456789,110.234873
1780456789,110.263730
1780456789,109.937856
1780456789,110.040202
1780456789,110.064459
1780456789,110.146210
1780456789,109.938286
1780456789,110.082190
1780456789,109.736262
1780456789,109.301689
1780456789,109.072883
1780456789,109.014942
1780456789,109.702149
1780456789,109.756669
1780456789,108.477582
1780456789,109.766172
1780456789,109.718487
1780456789,107.628563
1780456789,109.316468
1780456789,109.439269
1780456789,109.577835
1780456789,108.151449
